       1.2543500   2.1076024e+12
       1.2599900   2.0921223e+12
       1.2656700   2.0767499e+12
       1.2713700   2.0614852e+12
       1.2770900   2.0463326e+12
       1.2828400   2.0312833e+12
       1.2886200   2.0163375e+12
       1.2944200   2.0014993e+12
       1.3002500   1.9867646e+12
       1.3061100   1.9721332e+12
       1.3119900   1.9576096e+12
       1.3178900   1.9431851e+12
       1.3238300   1.9288596e+12
       1.3297900   1.9146419e+12
       1.3357800   1.9005189e+12
       1.3417900   1.8864994e+12
       1.3478300   1.8725746e+12
       1.3539000   1.8587533e+12
       1.3600000   1.8450267e+12
       1.3661200   1.8313992e+12
       1.3722800   1.8178665e+12
       1.3784600   1.8044329e+12
       1.3846600   1.7910941e+12
       1.3909000   1.7778457e+12
       1.3971600   1.7646965e+12
       1.4034500   1.7516377e+12
       1.4097700   1.7386737e+12
       1.4161200   1.7258002e+12
       1.4225000   1.7130215e+12
       1.4289000   1.7003332e+12
       1.4353400   1.6877312e+12
       1.4418000   1.6752239e+12
       1.4482900   1.6628027e+12
       1.4548100   1.6504721e+12
       1.4613600   1.6382276e+12
       1.4679500   1.6260693e+12
       1.4745600   1.6140014e+12
       1.4812000   1.6020198e+12
       1.4878600   1.5901200e+12
       1.4945600   1.5783106e+12
       1.5012900   1.5665831e+12
       1.5080500   1.5549375e+12
       1.5148500   1.5433781e+12
       1.5216700   1.5319005e+12
       1.5285200   1.5205048e+12
       1.5354000   1.5091909e+12
       1.5423200   1.4979589e+12
       1.5492600   1.4868087e+12
       1.5562400   1.4757404e+12
       1.5632400   1.4647454e+12
       1.5702800   1.4538365e+12
       1.5773500   1.4430009e+12
       1.5844600   1.4322471e+12
       1.5915900   1.4215666e+12
       1.5987600   1.4109636e+12
       1.6059600   1.4004382e+12
       1.6131900   1.3899903e+12
       1.6204500   1.3796156e+12
       1.6277500   1.3693186e+12
       1.6350800   1.3590947e+12
       1.6424400   1.3489441e+12
       1.6498400   1.3388668e+12
       1.6572700   1.3288626e+12
       1.6647300   1.3189275e+12
       1.6722300   1.3090655e+12
       1.6797600   1.2992768e+12
       1.6873200   1.2895614e+12
       1.6949200   1.2799149e+12
       1.7025500   1.2703330e+12
       1.7102200   1.2608286e+12
       1.7179200   1.2513889e+12
       1.7256500   1.2420181e+12
       1.7334300   1.2327120e+12
       1.7412300   1.2234791e+12
       1.7490700   1.2143108e+12
       1.7569500   1.2052071e+12
       1.7648600   1.1961724e+12
       1.7728100   1.1872023e+12
       1.7807900   1.1782968e+12
       1.7888100   1.1694603e+12
       1.7968600   1.1606841e+12
       1.8049500   1.1519725e+12
       1.8130800   1.1433255e+12
       1.8212500   1.1347389e+12
       1.8294500   1.1262169e+12
       1.8376800   1.1177551e+12
       1.8459600   1.1093581e+12
       1.8542700   1.1010213e+12
       1.8626200   1.0927449e+12
       1.8710100   1.0845287e+12
       1.8794300   1.0763729e+12
       1.8879000   1.0682774e+12
       1.8964000   1.0602379e+12
       1.9049400   1.0522631e+12
       1.9135200   1.0443399e+12
       1.9221300   1.0364814e+12
       1.9307900   1.0286746e+12
       1.9394800   1.0209281e+12
       1.9482100   1.0132376e+12
       1.9569900   1.0056031e+12
       1.9658000   9.9802459e+11
       1.9746500   9.9050212e+11
       1.9835400   9.8303565e+11
       1.9924800   9.7562520e+11
       2.0014500   9.6826645e+11
       2.0104600   9.6096370e+11
       2.0195100   9.5371266e+11
       2.0286100   9.4651331e+11
       2.0377400   9.3936998e+11
       2.0469200   9.3227835e+11
       2.0561300   9.2523841e+11
       2.0653900   9.1825018e+11
       2.0746900   9.1131365e+11
       2.0840400   9.0442882e+11
       2.0934200   8.9759569e+11
       2.1028500   8.9081426e+11
       2.1123200   8.8407592e+11
       2.1218300   8.7739358e+11
       2.1313800   8.7075864e+11
       2.1409800   8.6417109e+11
       2.1506200   8.5763524e+11
       2.1603000   8.5114679e+11
       2.1700300   8.4470572e+11
       2.1798000   8.3831205e+11
       2.1896200   8.3196577e+11
       2.1994800   8.2566688e+11
       2.2093800   8.1941108e+11
       2.2193300   8.1320267e+11
       2.2293200   8.0704596e+11
       2.2393600   8.0092803e+11
       2.2494500   7.9485749e+11
       2.2595800   7.8883434e+11
       2.2697500   7.8285427e+11
       2.2799700   7.7691729e+11
       2.2902400   7.7102339e+11
       2.3005500   7.6517689e+11
       2.3109100   7.5936916e+11
       2.3213200   7.5360882e+11
       2.3317700   7.4789157e+11
       2.3422700   7.4221310e+11
       2.3528200   7.3657770e+11
       2.3634100   7.3098539e+11
       2.3740500   7.2543186e+11
       2.3847400   7.1992572e+11
       2.3954800   7.1445405e+11
       2.4062700   7.0902546e+11
       2.4171000   7.0363995e+11
       2.4279900   6.9828891e+11
       2.4389200   6.9298096e+11
       2.4499000   6.8771178e+11
       2.4609400   6.8248138e+11
       2.4720200   6.7729406e+11
       2.4831500   6.7214121e+11
       2.4943300   6.6702713e+11
       2.5055600   6.6195183e+11
       2.5168400   6.5691531e+11
       2.5281800   6.5191325e+11
       2.5395600   6.4694997e+11
       2.5510000   6.4202546e+11
       2.5624800   6.3713543e+11
       2.5740200   6.3228416e+11
       2.5856100   6.2746737e+11
       2.5972600   6.2268504e+11
       2.6089500   6.1794149e+11
       2.6207000   6.1323240e+11
       2.6325000   6.0855778e+11
       2.6443500   6.0391763e+11
       2.6562600   5.9931625e+11
       2.6682200   5.9474504e+11
       2.6802400   5.9020829e+11
       2.6923100   5.8570601e+11
       2.7044300   5.8123819e+11
       2.7166100   5.7680484e+11
       2.7288400   5.7240165e+11
       2.7411300   5.6803293e+11
       2.7534700   5.6369868e+11
       2.7658700   5.5939458e+11
       2.7783200   5.5512495e+11
       2.7908400   5.5088548e+11
       2.8034000   5.4667617e+11
       2.8160300   5.4250133e+11
       2.8287100   5.3835664e+11
       2.8414400   5.3424212e+11
       2.8542400   5.3016206e+11
       2.8670900   5.2610785e+11
       2.8800000   5.2208811e+11
       2.8929700   5.1809422e+11
       2.9060000   5.1413480e+11
       2.9190800   5.1020122e+11
       2.9322300   5.0630212e+11
       2.9454300   5.0242886e+11
       2.9587000   4.9858576e+11
       2.9720200   4.9476852e+11
       2.9854000   4.9098143e+11
       2.9988400   4.8722450e+11
       3.0123500   4.8349773e+11
       3.0259100   4.7979681e+11
       3.0395400   4.7612175e+11
       3.0532200   4.7247684e+11
       3.0669700   4.6885778e+11
       3.0807800   4.6526888e+11
       3.0946600   4.6170152e+11
       3.1085900   4.5816432e+11
       3.1225900   4.5465728e+11
       3.1366500   4.5117178e+11
       3.1507700   4.4771213e+11
       3.1649600   4.4428264e+11
       3.1792100   4.4087469e+11
       3.1935300   4.3749690e+11
       3.2079100   4.3414065e+11
       3.2223600   4.3081284e+11
       3.2368700   4.2750873e+11
       3.2514400   4.2422960e+11
       3.2660800   4.2097503e+11
       3.2807900   4.1774545e+11
       3.2955600   4.1454000e+11
       3.3104000   4.1135868e+11
       3.3253100   4.0820148e+11
       3.3402800   4.0506841e+11
       3.3553200   4.0195860e+11
       3.3704300   3.9887249e+11
       3.3856100   3.9580964e+11
       3.4008500   3.9277007e+11
       3.4161700   3.8975332e+11
       3.4315500   3.8675984e+11
       3.4470000   3.8378877e+11
       3.4625200   3.8084009e+11
       3.4781200   3.7791383e+11
       3.4937800   3.7500953e+11
       3.5095100   3.7212721e+11
       3.5253100   3.6926686e+11
       3.5411900   3.6642848e+11
       3.5571300   3.6361122e+11
       3.5731500   3.6081549e+11
       3.5892400   3.5804088e+11
       3.6054000   3.5528738e+11
       3.6216400   3.5255456e+11
       3.6379500   3.4984285e+11
       3.6543300   3.4715139e+11
       3.6707800   3.4448018e+11
       3.6873100   3.4182965e+11
       3.7039200   3.3919894e+11
       3.7206000   3.3658848e+11
       3.7373500   3.3399783e+11
       3.7541800   3.3142658e+11
       3.7710800   3.2887514e+11
       3.7880600   3.2634266e+11
       3.8051200   3.2383000e+11
       3.8222600   3.2133586e+11
       3.8394700   3.1886112e+11
       3.8567600   3.1640489e+11
       3.8741200   3.1396763e+11
       3.8915700   3.1154846e+11
       3.9090900   3.0914825e+11
       3.9266900   3.0676613e+11
       3.9443800   3.0440168e+11
       3.9621400   3.0205575e+11
       3.9799800   2.9972749e+11
       3.9979000   2.9741690e+11
       4.0159000   2.9512396e+11
       4.0339900   2.9284826e+11
       4.0521500   2.9059023e+11
       4.0704000   2.8834943e+11
       4.0887300   2.8612543e+11
       4.1071400   2.8391823e+11
       4.1256300   2.8172827e+11
       4.1442100   2.7955468e+11
       4.1628700   2.7739790e+11
       4.1816100   2.7525748e+11
       4.2004400   2.7313344e+11
       4.2193600   2.7102533e+11
       4.2383600   2.6893360e+11
       4.2574400   2.6685738e+11
       4.2766100   2.6479754e+11
       4.2958700   2.6275320e+11
       4.3152200   2.6072437e+11
       4.3346500   2.5871105e+11
       4.3541700   2.5671325e+11
       4.3737700   2.5473052e+11
       4.3934700   2.5276287e+11
       4.4132500   2.5081030e+11
       4.4331200   2.4887281e+11
       4.4530900   2.4694997e+11
       4.4731400   2.4504221e+11
       4.4932800   2.4314867e+11
       4.5135100   2.4126934e+11
       4.5338400   2.3940466e+11
       4.5542500   2.3755420e+11
       4.5747600   2.3571796e+11
       4.5953600   2.3389594e+11
       4.6160500   2.3208770e+11
       4.6368400   2.3029282e+11
       4.6577200   2.2851216e+11
       4.6786900   2.2674528e+11
       4.6997600   2.2499176e+11
       4.7209200   2.2325116e+11
       4.7421800   2.2152436e+11
       4.7635400   2.1981090e+11
       4.7849900   2.1811038e+11
       4.8065300   2.1642277e+11
       4.8281800   2.1474810e+11
       4.8499200   2.1308635e+11
       4.8717600   2.1143752e+11
       4.8936900   2.0980076e+11
       4.9157300   2.0817692e+11
       4.9378600   2.0656558e+11
       4.9601000   2.0496630e+11
       4.9824300   2.0337951e+11
       5.0048700   2.0180479e+11
       5.0274100   2.0024256e+11
       5.0500500   1.9869197e+11
       5.0727800   1.9715301e+11
       5.0956300   1.9562611e+11
       5.1185700   1.9411084e+11
       5.1416200   1.9260721e+11
       5.1647700   1.9111521e+11
       5.1880300   1.8963441e+11
       5.2113900   1.8816524e+11
       5.2348600   1.8670728e+11
       5.2584300   1.8526052e+11
       5.2821100   1.8382453e+11
       5.3059000   1.8240017e+11
       5.3297900   1.8098658e+11
       5.3537900   1.7958333e+11
       5.3779000   1.7819129e+11
       5.4021100   1.7681001e+11
       5.4264400   1.7543908e+11
       5.4508700   1.7407892e+11
       5.4754200   1.7272909e+11
       5.5000700   1.7138961e+11
       5.5248400   1.7006047e+11
       5.5497200   1.6874167e+11
       5.5747100   1.6743277e+11
       5.5998100   1.6613422e+11
       5.6250300   1.6484514e+11
       5.6503600   1.6356641e+11
       5.6758000   1.6229759e+11
       5.7013600   1.6103824e+11
       5.7270300   1.5978880e+11
       5.7528200   1.5854884e+11
       5.7787200   1.5731836e+11
       5.8047500   1.5609736e+11
       5.8308800   1.5488584e+11
       5.8571400   1.5368379e+11
       5.8835100   1.5249080e+11
       5.9100100   1.5130685e+11
       5.9366200   1.5013238e+11
       5.9633500   1.4896652e+11
       5.9902000   1.4781015e+11
       6.0171800   1.4666239e+11
       6.0442700   1.4552324e+11
       6.0714900   1.4439315e+11
       6.0988300   1.4327167e+11
       6.1262900   1.4215881e+11
       6.1538800   1.4105457e+11
       6.1815900   1.3995894e+11
       6.2094300   1.3887193e+11
       6.2373900   1.3855311e+11
       6.2654700   1.3774959e+11
       6.2936900   1.3695383e+11
       6.3220300   1.3616496e+11
       6.3504900   1.3538385e+11
       6.3790900   1.3460919e+11
       6.4078200   1.3384230e+11
       6.4366700   1.3308187e+11
       6.4656500   1.3232876e+11
       6.4947700   1.3158211e+11
       6.5240100   1.3084236e+11
       6.5533900   1.3010907e+11
       6.5829000   1.2938267e+11
       6.6125400   1.2866274e+11
       6.6423200   1.2794926e+11
       6.6722300   1.2724182e+11
       6.7022700   1.2654085e+11
       6.7324500   1.2584633e+11
       6.7627700   1.2515785e+11
       6.7932200   1.2447540e+11
       6.8238100   1.2379855e+11
       6.8545400   1.2312816e+11
       6.8854000   1.2246337e+11
       6.9164100   1.2180462e+11
       6.9475500   1.2115146e+11
       6.9788400   1.2050434e+11
       7.0102600   1.1986239e+11
       7.0418300   1.1922604e+11
       7.0735400   1.1859529e+11
       7.1053900   1.1797014e+11
       7.1373900   1.1734973e+11
       7.1695300   1.1673535e+11
       7.2018100   1.1612571e+11
       7.2342400   1.1552167e+11
       7.2668100   1.1492237e+11
       7.2995400   1.1432867e+11
       7.3324100   1.1373972e+11
       7.3654200   1.1315550e+11
       7.3985900   1.1257645e+11
       7.4319100   1.1200214e+11
       7.4653700   1.1143257e+11
       7.4989900   1.1086816e+11
       7.5327500   1.1030807e+11
       7.5666700   1.0975272e+11
       7.6007500   1.0920210e+11
       7.6349700   1.0865623e+11
       7.6693500   1.0811423e+11
       7.7038900   1.0757741e+11
       7.7385800   1.0704446e+11
       7.7734200   1.0651625e+11
       7.8084300   1.0599191e+11
       7.8435900   1.0547232e+11
       7.8789100   1.0495660e+11
       7.9143900   1.0444520e+11
       7.9500200   1.0393810e+11
       7.9858200   1.0343487e+11
       8.0217800   1.0293596e+11
       8.0579000   1.0244050e+11
       8.0941900   1.0194977e+11
       8.1306400   1.0146249e+11
       8.1672500   1.0097908e+11
       8.2040200   1.0049956e+11
       8.2409700   1.0002391e+11
       8.2780800   9.9552141e+10
       8.3153500   9.9083817e+10
       8.3527900   9.8619372e+10
       8.3904100   9.8158803e+10
       8.4281900   9.7701251e+10
       8.4661400   9.7247576e+10
       8.5042600   9.6797778e+10
       8.5425600   9.6350997e+10
       8.5810200   9.5908093e+10
       8.6196600   9.5468205e+10
       8.6584800   9.5032194e+10
       8.6974700   9.4599200e+10
       8.7366300   9.4169652e+10
       8.7759700   9.3743120e+10
       8.8154900   9.3320034e+10
       8.8551800   9.2900396e+10
       8.8950600   9.2483773e+10
       8.9351100   9.2070597e+10
       8.9753500   9.1660006e+10
       9.0157600   9.1252862e+10
       9.0563600   9.0848734e+10
       9.0971400   9.0447621e+10
       9.1381100   9.0049525e+10
       9.1792500   8.9654444e+10
       9.2205900   8.9262379e+10
       9.2621100   8.8873330e+10
       9.3038100   8.8486867e+10
       9.3457100   8.8103419e+10
       9.3878000   8.7722987e+10
       9.4300700   8.7345139e+10
       9.4725300   8.6970308e+10
       9.5151900   8.6598062e+10
       9.5580300   8.6228401e+10
       9.6010700   8.5861325e+10
       9.6443100   8.5497265e+10
       9.6877300   8.5135790e+10
       9.7313600   8.4776900e+10
       9.7751800   8.4421026e+10
       9.8191900   8.4067306e+10
       9.8634100   8.3716171e+10
       9.9078200   8.3367621e+10
       9.9524400   8.3021225e+10
       9.9972500   8.2677845e+10
       10.042300   8.2336620e+10
       10.087500   8.1997979e+10
       10.132900   8.1661493e+10
       10.178500   8.1327591e+10
       10.224400   8.0995844e+10
       10.270400   8.0666682e+10
       10.316700   8.0339674e+10
       10.363100   8.0015251e+10
       10.409800   7.9692983e+10
       10.456700   7.9372868e+10
       10.503700   7.9054908e+10
       10.551000   7.8739533e+10
       10.598600   7.8425881e+10
       10.646300   7.8114814e+10
       10.694200   7.7805471e+10
       10.742400   7.7498713e+10
       10.790700   7.7193678e+10
       10.839300   7.6890797e+10
       10.888100   7.6590070e+10
       10.937200   7.6291498e+10
       10.986400   7.5995080e+10
       11.035900   7.5700385e+10
       11.085600   7.5407844e+10
       11.135500   7.5117027e+10
       11.185600   7.4828364e+10
       11.236000   7.4541855e+10
       11.286600   7.4257069e+10
       11.337400   7.3974007e+10
       11.388500   7.3693099e+10
       11.439800   7.3413915e+10
       11.491300   7.3136884e+10
       11.543000   7.2861577e+10
       11.595000   7.2587994e+10
       11.647200   7.2316133e+10
       11.699700   7.2045996e+10
       11.752300   7.1778014e+10
       11.805300   7.1511754e+10
       11.858400   7.1246787e+10
       11.911800   7.0983975e+10
       11.965500   7.0722885e+10
       12.019300   7.0463089e+10
       12.073500   7.0205446e+10
       12.127800   6.9949096e+10
       12.182400   6.9694469e+10
       12.237300   6.9441566e+10
       12.292400   6.9190386e+10
       12.347800   6.8940929e+10
       12.403400   6.8692765e+10
       12.459200   6.8446325e+10
       12.515300   6.8201607e+10
       12.571700   6.7958182e+10
       12.628300   6.7716481e+10
       12.685100   6.7476072e+10
       12.742300   6.7237386e+10
       12.799600   6.6999993e+10
       12.857300   6.6764324e+10
       12.915200   6.6529946e+10
       12.973300   6.6297293e+10
       13.031700   6.6065931e+10
       13.090400   6.5835862e+10
       13.149400   6.5607517e+10
       13.208600   6.5380464e+10
       13.268100   6.5154704e+10
       13.327800   6.4930667e+10
       13.387800   6.4707922e+10
       13.448100   6.4486039e+10
       13.508700   6.4266311e+10
       13.569500   6.4047444e+10
       13.630600   6.3829870e+10
       13.692000   6.3613588e+10
       13.753600   6.3399029e+10
       13.815600   6.3185332e+10
       13.877800   6.2972928e+10
       13.940300   6.2762247e+10
       14.003000   6.2552428e+10
       14.066100   6.2343901e+10
       14.129400   6.2136667e+10
       14.193100   6.1930725e+10
       14.257000   6.1726076e+10
       14.321200   6.1522719e+10
       14.385600   6.1320224e+10
       14.450400   6.1119452e+10
       14.515500   6.0919542e+10
       14.580900   6.0720494e+10
       14.646500   6.0523169e+10
       14.712500   6.0326706e+10
       14.778700   6.0131535e+10
       14.845300   5.9937226e+10
       14.912100   5.9744210e+10
       14.979300   5.9552486e+10
       15.046700   5.9361624e+10
       15.114500   5.9172054e+10
       15.182500   5.8983776e+10
       15.250900   5.8796361e+10
       15.319600   5.8609807e+10
       15.388500   5.8424546e+10
       15.457800   5.8240146e+10
       15.527400   5.8057039e+10
       15.597400   5.7874793e+10
       15.667600   5.7693840e+10
       15.738200   5.7513749e+10
       15.809000   5.7334519e+10
       15.880200   5.7156582e+10
       15.951700   5.6979507e+10
       16.023500   5.6803293e+10
       16.095700   5.6628372e+10
       16.168200   5.6454312e+10
       16.241000   5.6281115e+10
       16.314100   5.6109209e+10
       16.387600   5.5937735e+10
       16.461400   5.5767553e+10
       16.535500   5.5598232e+10
       16.610000   5.5429774e+10
       16.684800   5.5262608e+10
       16.759900   5.5095873e+10
       16.835400   5.4930430e+10
       16.911200   5.4765849e+10
       16.987300   5.4601699e+10
       17.063800   5.4438841e+10
       17.140600   5.4276845e+10
       17.217800   5.4115711e+10
       17.295400   5.3955438e+10
       17.373200   5.3796027e+10
       17.451500   5.3637478e+10
       17.530100   5.3479790e+10
       17.609000   5.3322964e+10
       17.688300   5.3167000e+10
       17.767900   5.3011897e+10
       17.847900   5.2857226e+10
       17.928300   5.2703847e+10
       18.009000   5.2551329e+10
       18.090100   5.2399242e+10
       18.171600   5.2248017e+10
       18.253400   5.2097654e+10
       18.335600   5.1948152e+10
       18.418200   5.1799513e+10
       18.501100   5.1651734e+10
       18.584400   5.1504387e+10
       18.668100   5.1357901e+10
       18.752200   5.1212277e+10
       18.836600   5.1067515e+10
       18.921400   5.0923183e+10
       19.006600   5.0779713e+10
       19.092200   5.0637105e+10
       19.178200   5.0494928e+10
       19.264500   5.0354043e+10
       19.351300   5.0213589e+10
       19.438400   5.0073566e+10
       19.526000   4.9934404e+10
       19.613900   4.9796105e+10
       19.702200   4.9658666e+10
       19.790900   4.9521659e+10
       19.880000   4.9385083e+10
       19.969600   4.9249799e+10
       20.059500   4.9114515e+10
       20.149800   4.8980524e+10
       20.240500   4.8846963e+10
       20.331700   4.8713833e+10
       20.423200   4.8581996e+10
       20.515200   4.8450159e+10
       20.607600   4.8319184e+10
       20.700400   4.8189070e+10
       20.793600   4.8059387e+10
       20.887200   4.7930135e+10
       20.981300   4.7802175e+10
       21.075800   4.7674216e+10
       21.170700   4.7547118e+10
       21.266000   4.7420451e+10
       21.361700   4.7294645e+10
       21.457900   4.7169271e+10
       21.554600   4.7044758e+10
       21.651600   4.6920676e+10
       21.749100   4.6797455e+10
       21.847100   4.6674235e+10
       21.945400   4.6552307e+10
       22.044200   4.6430379e+10
       22.143500   4.6309313e+10
       22.243200   4.6188678e+10
       22.343400   4.6068904e+10
       22.444000   4.5949561e+10
       22.545100   4.5830649e+10
       22.646600   4.5712168e+10
       22.748600   4.5594549e+10
       22.851000   4.5477360e+10
       22.953900   4.5361033e+10
       23.057200   4.5244706e+10
       23.161100   4.5129241e+10
       23.265400   4.5014207e+10
       23.370100   4.4900034e+10
       23.475400   4.4785861e+10
       23.581100   4.4672550e+10
       23.687300   4.4559670e+10
       23.793900   4.4447652e+10
       23.901100   4.4335633e+10
       24.008700   4.4224476e+10
       24.116800   4.4113750e+10
       24.225400   4.4003455e+10
       24.334500   4.3893591e+10
       24.444100   4.3784157e+10
       24.554100   4.3675586e+10
       24.664700   4.3567014e+10
       24.775800   4.3459304e+10
       24.887300   4.3352024e+10
       24.999400   4.3245176e+10
       25.112000   4.3138758e+10
       25.225000   4.3032944e+10
       25.338600   4.2927517e+10
       25.452700   4.2822608e+10
       25.567300   4.2718129e+10
       25.682500   4.2614124e+10
       25.798100   4.2510550e+10
       25.914300   4.2407493e+10
       26.031000   4.2304867e+10
       26.148200   4.2202671e+10
       26.265900   4.2100950e+10
       26.384200   4.1999659e+10
       26.503000   4.1898800e+10
       26.622400   4.1798414e+10
       26.742200   4.1698459e+10
       26.862700   4.1598935e+10
       26.983600   4.1499798e+10
       27.105100   4.1401136e+10
       27.227200   4.1302904e+10
       27.349800   4.1205104e+10
       27.472900   4.1107691e+10
       27.596600   4.1010708e+10
       27.720900   4.0914114e+10
       27.845700   4.0817993e+10
       27.971100   4.0722218e+10
       28.097100   4.0626873e+10
       28.223600   4.0531959e+10
       28.350700   4.0437432e+10
       28.478300   4.0343294e+10
       28.606600   4.0249543e+10
       28.735400   4.0156180e+10
       28.864800   4.0063247e+10
       28.994800   3.9970660e+10
       29.125300   3.9878503e+10
       29.256500   3.9786691e+10
       29.388200   3.9695266e+10
       29.520600   3.9604230e+10
       29.653500   3.9513581e+10
       29.787000   3.9423320e+10
       29.921200   3.9333404e+10
       30.055900   3.9243832e+10
       30.191200   3.9154691e+10
       30.327200   3.9065852e+10
       30.463700   3.8977400e+10
       30.600900   3.8889336e+10
       30.738700   3.8801617e+10
       30.877100   3.8714243e+10
       31.016200   3.8627213e+10
       31.155800   3.8540528e+10
       31.296100   3.8454231e+10
       31.437000   3.8368235e+10
       31.578600   3.8282627e+10
       31.720800   3.8197364e+10
       31.863600   3.8112402e+10
       32.007100   3.8027785e+10
       32.151200   3.7943512e+10
       32.296000   3.7859585e+10
       32.441500   3.7776002e+10
       32.587500   3.7692720e+10
       32.734300   3.7609783e+10
       32.881700   3.7527191e+10
       33.029700   3.7444901e+10
       33.178500   3.7362912e+10
       33.327900   3.7281268e+10
       33.477900   3.7199968e+10
       33.628700   3.7118927e+10
       33.780100   3.7038230e+10
       33.932200   3.6957836e+10
       34.085000   3.6877786e+10
       34.238500   3.6797994e+10
       34.392700   3.6718547e+10
       34.547600   3.6639402e+10
       34.703100   3.6560515e+10
       34.859400   3.6482016e+10
       35.016400   3.6403732e+10
       35.174000   3.6325793e+10
       35.332400   3.6248155e+10
       35.491500   3.6170776e+10
       35.651300   3.6093699e+10
       35.811900   3.6016923e+10
       35.973100   3.5940449e+10
       36.135100   3.5864277e+10
       36.297800   3.5788362e+10
       36.461300   3.5712707e+10
       36.625500   3.5637353e+10
       36.790400   3.5562300e+10
       36.956100   3.5487507e+10
       37.122500   3.5413014e+10
       37.289600   3.5338780e+10
       37.457500   3.5264805e+10
       37.626200   3.5191131e+10
       37.795600   3.5117716e+10
       37.965800   3.5044560e+10
       38.136800   3.4971661e+10
       38.308500   3.4899065e+10
       38.481000   3.4826727e+10
       38.654300   3.4754647e+10
       38.828400   3.4682826e+10
       39.003200   3.4611263e+10
       39.178800   3.4539959e+10
       39.355200   3.4468914e+10
       39.532500   3.4398127e+10
       39.710500   3.4327598e+10
       39.889300   3.4257285e+10
       40.068900   3.4187273e+10
       40.249300   3.4117477e+10
       40.430600   3.4047939e+10
       40.612600   3.3978660e+10
       40.795500   3.3909640e+10
       40.979200   3.3840835e+10
       41.163700   3.3772288e+10
       41.349100   3.3703957e+10
       41.535300   3.3635884e+10
       41.722300   3.3568069e+10
       41.910200   3.3500471e+10
       42.098900   3.3433130e+10
       42.288500   3.3366005e+10
       42.478900   3.3299096e+10
       42.670200   3.3232445e+10
       42.862300   3.3166009e+10
       43.055300   3.3099832e+10
       43.249200   3.3033827e+10
       43.444000   3.2968124e+10
       43.639600   3.2902593e+10
       43.836100   3.2837321e+10
       44.033500   3.2772221e+10
       44.231800   3.2707380e+10
       44.430900   3.2642753e+10
       44.631000   3.2578343e+10
       44.832000   3.2514191e+10
       45.033900   3.2450211e+10
       45.236600   3.2386447e+10
       45.440300   3.2322898e+10
       45.645000   3.2259564e+10
       45.850500   3.2196489e+10
       46.057000   3.2133586e+10
       46.264300   3.2070899e+10
       46.472700   3.2008427e+10
       46.681900   3.1946128e+10
       46.892100   3.1884087e+10
       47.103300   3.1822218e+10
       47.315400   3.1760522e+10
       47.528500   3.1699084e+10
       47.742500   3.1637861e+10
       47.957500   3.1576811e+10
       48.173400   3.1515977e+10
       48.390300   3.1455314e+10
       48.608200   3.1394867e+10
       48.827100   3.1334593e+10
       49.047000   3.1274534e+10
       49.267800   3.1214690e+10
       49.489700   3.1155018e+10
       49.712500   3.1095519e+10
       49.936400   3.1036236e+10
       50.161300   3.0977168e+10
       50.387100   3.0918229e+10
       50.614000   3.0859548e+10
       50.841900   3.0800997e+10
       51.070900   3.0742661e+10
       51.300800   3.0684541e+10
       51.531800   3.0626550e+10
       51.763900   3.0568774e+10
       51.997000   3.0511171e+10
       52.231100   3.0453739e+10
       52.466300   3.0396481e+10
       52.702600   3.0339438e+10
       52.939900   3.0282567e+10
       53.178300   3.0225868e+10
       53.417800   3.0169342e+10
       53.658300   3.0112988e+10
       53.899900   3.0056806e+10
       54.142600   3.0000797e+10
       54.386400   2.9944960e+10
       54.631300   2.9889339e+10
       54.877300   2.9833846e+10
       55.124400   2.9778526e+10
       55.372700   2.9723422e+10
       55.622000   2.9668447e+10
       55.872500   2.9613644e+10
       56.124100   2.9559013e+10
       56.376800   2.9504555e+10
       56.630600   2.9450226e+10
       56.885600   2.9396112e+10
       57.141800   2.9342128e+10
       57.399100   2.9288316e+10
       57.657600   2.9234677e+10
       57.917200   2.9181209e+10
       58.178000   2.9127871e+10
       58.440000   2.9074705e+10
       58.703100   2.9021712e+10
       58.967500   2.8968891e+10
       59.233000   2.8916199e+10
       59.499700   2.8863637e+10
       59.767600   2.8811290e+10
       60.036800   2.8759072e+10
       60.307100   2.8707026e+10
       60.578700   2.8655110e+10
       60.851500   2.8603323e+10
       61.125500   2.8551751e+10
       61.400700   2.8500266e+10
       61.677200   2.8448996e+10
       61.954900   2.8397812e+10
       62.233900   2.8346844e+10
       62.514100   2.8295961e+10
       62.795600   2.8245295e+10
       63.078400   2.8194714e+10
       63.362400   2.8144306e+10
       63.647800   2.8094027e+10
       63.934400   2.8043920e+10
       64.222300   2.7993942e+10
       64.511400   2.7944094e+10
       64.801900   2.7894418e+10
       65.093700   2.7844871e+10
       65.386800   2.7795454e+10
       65.681300   2.7746209e+10
       65.977000   2.7697093e+10
       66.274100   2.7648107e+10
       66.572600   2.7599249e+10
       66.872300   2.7550521e+10
       67.173500   2.7501966e+10
       67.475900   2.7453539e+10
       67.779800   2.7405242e+10
       68.085000   2.7357074e+10
       68.391600   2.7309035e+10
       68.699500   2.7261126e+10
       69.008900   2.7213389e+10
       69.319600   2.7165781e+10
       69.631800   2.7118259e+10
       69.945300   2.7070910e+10
       70.260300   2.7023690e+10
       70.576700   2.6976599e+10
       70.894500   2.6929594e+10
       71.213700   2.6882762e+10
       71.534400   2.6836059e+10
       71.856500   2.6789485e+10
       72.180100   2.6743040e+10
       72.505100   2.6696682e+10
       72.831600   2.6650496e+10
       73.159500   2.6604396e+10
       73.489000   2.6558468e+10
       73.819900   2.6512627e+10
       74.152300   2.6466915e+10
       74.486200   2.6421332e+10
       74.821600   2.6375878e+10
       75.158500   2.6330554e+10
       75.497000   2.6285358e+10
       75.836900   2.6240249e+10
       76.178400   2.6195270e+10
       76.521400   2.6150419e+10
       76.866000   2.6105698e+10
       77.212100   2.6061106e+10
       77.559800   2.6016600e+10
       77.909000   2.5972224e+10
       78.259900   2.5927976e+10
       78.612300   2.5883815e+10
       78.966300   2.5839826e+10
       79.321800   2.5795881e+10
       79.679000   2.5752107e+10
       80.037800   2.5708420e+10
       80.398200   2.5664862e+10
       80.760300   2.5621390e+10
       81.123900   2.5578091e+10
       81.489200   2.5534834e+10
       81.856200   2.5491750e+10
       82.224800   2.5448753e+10
       82.595000   2.5405841e+10
       82.966900   2.5363058e+10
       83.340500   2.5320405e+10
       83.715800   2.5277838e+10
       84.092800   2.5235400e+10
       84.471400   2.5193049e+10
       84.851800   2.5150826e+10
       85.233900   2.5108690e+10
       85.617700   2.5066683e+10
       86.003200   2.5024762e+10
       86.390500   2.4982971e+10
       86.779500   2.4941266e+10
       87.170300   2.4899689e+10
       87.562800   2.4858200e+10
       87.957100   2.4816839e+10
       88.353200   2.4775564e+10
       88.751000   2.4734376e+10
       89.150600   2.4693317e+10
       89.552100   2.4652344e+10
       89.955300   2.4611457e+10
       90.360400   2.4570700e+10
       90.767300   2.4530071e+10
       91.176000   2.4489486e+10
       91.586600   2.4449030e+10
       91.999000   2.4408661e+10
       92.413200   2.4368420e+10
       92.829400   2.4328266e+10
       93.247400   2.4288198e+10
       93.667300   2.4248216e+10
       94.089100   2.4208363e+10
       94.512800   2.4168596e+10
       94.938400   2.4128916e+10
       95.365900   2.4089365e+10
       95.795300   2.4049900e+10
       96.226700   2.4010521e+10
       96.660000   2.3971228e+10
       97.095200   2.3932022e+10
       97.532400   2.3892945e+10
       97.971600   2.3853954e+10
       98.412800   2.3815049e+10
       98.855900   2.3776230e+10
       99.301100   2.3737497e+10
       99.748200   2.3698894e+10
       100.19700   2.3660377e+10
       100.64900   2.3621903e+10
       101.10200   2.3583558e+10
       101.55700   2.3545343e+10
       102.01400   2.3507170e+10
       102.47400   2.3469084e+10
       102.93500   2.3431084e+10
       103.39900   2.3393213e+10
       103.86400   2.3355385e+10
       104.33200   2.3317687e+10
       104.80200   2.3280074e+10
       105.27400   2.3242548e+10
       105.74800   2.3205065e+10
       106.22400   2.3167711e+10
       106.70200   2.3130443e+10
       107.18300   2.3093262e+10
       107.66500   2.3056166e+10
       108.15000   2.3019157e+10
       108.63700   2.2982234e+10
       109.12600   2.2945354e+10
       109.61800   2.2908604e+10
       110.11100   2.2871939e+10
       110.60700   2.2835361e+10
       111.10500   2.2798869e+10
       111.60500   2.2762419e+10
       112.10800   2.2726100e+10
       112.61300   2.2689866e+10
       113.12000   2.2653675e+10
       113.62900   2.2617614e+10
       114.14100   2.2581596e+10
       114.65500   2.2545664e+10
       115.17100   2.2509818e+10
       115.69000   2.2474101e+10
       116.21100   2.2438427e+10
       116.73400   2.2402797e+10
       117.26000   2.2367296e+10
       117.78800   2.2331881e+10
       118.31800   2.2296509e+10
       118.85100   2.2261223e+10
       119.38600   2.2226023e+10
       119.92400   2.2190910e+10
       120.46400   2.2155882e+10
       121.00600   2.2120898e+10
       121.55100   2.2086043e+10
       122.09800   2.2051231e+10
       122.64800   2.2016505e+10
       123.20000   2.1981866e+10
       123.75500   2.1947269e+10
       124.31200   2.1912802e+10
       124.87200   2.1878378e+10
       125.43500   2.1844040e+10
       125.99900   2.1809745e+10
       126.56700   2.1775579e+10
       127.13700   2.1741457e+10
       127.70900   2.1707421e+10
       128.28400   2.1673427e+10
       128.86200   2.1639520e+10
       129.44200   2.1605699e+10
       130.02500   2.1571964e+10
       130.61100   2.1538316e+10
       131.19900   2.1504710e+10
       131.78900   2.1471191e+10
       132.38300   2.1437714e+10
       132.97900   2.1404367e+10
       133.57800   2.1371020e+10
       134.17900   2.1337803e+10
       134.78300   2.1304628e+10
       135.39000   2.1271539e+10
       136.00000   2.1238494e+10
       136.61200   2.1205578e+10
       137.22800   2.1172661e+10
       137.84600   2.1139874e+10
       138.46600   2.1107131e+10
       139.09000   2.1074473e+10
       139.71600   2.1041858e+10
       140.34500   2.1009330e+10
       140.97700   2.0976844e+10
       141.61200   2.0944488e+10
       142.25000   2.0912132e+10
       142.89000   2.0879905e+10
       143.53400   2.0847678e+10
       144.18000   2.0815581e+10
       144.82900   2.0783526e+10
       145.48100   2.0751515e+10
       146.13700   2.0719590e+10
       146.79500   2.0687750e+10
       147.45600   2.0655954e+10
       148.12000   2.0624245e+10
       148.78700   2.0592621e+10
       149.45700   2.0560997e+10
       150.13000   2.0529460e+10
       150.80600   2.0498008e+10
       151.48500   2.0466643e+10
       152.16700   2.0435321e+10
       152.85200   2.0404042e+10
       153.54000   2.0372849e+10
       154.23200   2.0341699e+10
       154.92600   2.0310636e+10
       155.62400   2.0279658e+10
       156.32400   2.0248724e+10
       157.02800   2.0217833e+10
       157.73600   2.0187028e+10
       158.44600   2.0156266e+10
       159.15900   2.0125590e+10
       159.87600   2.0094957e+10
       160.59600   2.0064367e+10
       161.31900   2.0033864e+10
       162.04500   2.0003447e+10
       162.77500   1.9973072e+10
       163.50800   1.9942741e+10
       164.24400   1.9912496e+10
       164.98400   1.9882294e+10
       165.72700   1.9852179e+10
       166.47300   1.9822106e+10
       167.22300   1.9792076e+10
       167.97600   1.9762133e+10
       168.73200   1.9732233e+10
       169.49200   1.9702418e+10
       170.25500   1.9672647e+10
       171.02200   1.9642919e+10
       171.79200   1.9613278e+10
       172.56500   1.9583679e+10
       173.34200   1.9554123e+10
       174.12300   1.9524654e+10
       174.90700   1.9495227e+10
       175.69500   1.9465887e+10
       176.48600   1.9436590e+10
       177.28100   1.9407336e+10
       178.07900   1.9378125e+10
       178.88100   1.9349000e+10
       179.68600   1.9319961e+10
       180.49500   1.9290923e+10
       181.30800   1.9261970e+10
       182.12500   1.9233061e+10
       182.94500   1.9204238e+10
       183.76800   1.9175458e+10
       184.59600   1.9146720e+10
       185.42700   1.9118027e+10
       186.26200   1.9089419e+10
       187.10100   1.9060854e+10
       187.94300   1.9032332e+10
       188.79000   1.9003897e+10
       189.64000   1.8975504e+10
       190.49400   1.8947155e+10
       191.35100   1.8918849e+10
       192.21300   1.8890629e+10
       193.07900   1.8862452e+10
       193.94800   1.8834318e+10
       194.82100   1.8806227e+10
       195.69900   1.8778223e+10
       196.58000   1.8750261e+10
       197.46500   1.8722343e+10
       198.35400   1.8694510e+10
       199.24800   1.8666678e+10
       200.14500   1.8638932e+10
       201.04600   1.8611272e+10
       201.95100   1.8583612e+10
       202.86100   1.8555995e+10
       203.77400   1.8528464e+10
       204.69200   1.8500977e+10
       205.61300   1.8473575e+10
       206.53900   1.8446174e+10
       207.46900   1.8418859e+10
       208.40400   1.8391543e+10
       209.34200   1.8364357e+10
       210.28500   1.8337171e+10
       211.23200   1.8310028e+10
       212.18300   1.8282972e+10
       213.13800   1.8255915e+10
       214.09800   1.8228944e+10
       215.06200   1.8202060e+10
       216.03000   1.8175175e+10
       217.00300   1.8148334e+10
       217.98000   1.8121579e+10
       218.96200   1.8094867e+10
       219.94800   1.8068198e+10
       220.93800   1.8041572e+10
       221.93300   1.8014989e+10
       222.93200   1.7988449e+10
       223.93600   1.7961996e+10
       224.94500   1.7935542e+10
       225.95800   1.7909174e+10
       226.97500   1.7882850e+10
       227.99700   1.7856569e+10
       229.02400   1.7830331e+10
       230.05500   1.7804179e+10
       231.09100   1.7778027e+10
       232.13200   1.7751961e+10
       233.17700   1.7725895e+10
       234.22700   1.7699915e+10
       235.28200   1.7673979e+10
       236.34100   1.7648085e+10
       237.40500   1.7622235e+10
       238.47400   1.7596427e+10
       239.54800   1.7570663e+10
       240.62700   1.7544942e+10
       241.71000   1.7519307e+10
       242.79900   1.7493672e+10
       243.89200   1.7468123e+10
       244.99000   1.7442617e+10
       246.09400   1.7417112e+10
       247.20200   1.7391692e+10
       248.31500   1.7366316e+10
       249.43300   1.7340982e+10
       250.55600   1.7315692e+10
       251.68400   1.7290445e+10
       252.81800   1.7265240e+10
       253.95600   1.7240079e+10
       255.10000   1.7214961e+10
       256.24800   1.7189886e+10
       257.40200   1.7164898e+10
       258.56100   1.7139909e+10
       259.72600   1.7114963e+10
       260.89500   1.7090104e+10
       262.07000   1.7065244e+10
       263.25000   1.7040428e+10
       264.43500   1.7015698e+10
       265.62600   1.6990967e+10
       266.82200   1.6966323e+10
       268.02400   1.6941679e+10
       269.23100   1.6917121e+10
       270.44300   1.6892563e+10
       271.66100   1.6868092e+10
       272.88400   1.6843620e+10
       274.11300   1.6819234e+10
       275.34700   1.6794892e+10
       276.58700   1.6770549e+10
       277.83300   1.6746293e+10
       279.08400   1.6722037e+10
       280.34000   1.6697867e+10
       281.60300   1.6673696e+10
       282.87100   1.6649613e+10
       284.14400   1.6625529e+10
       285.42400   1.6601531e+10
       286.70900   1.6577533e+10
       288.00000   1.6553621e+10
       289.29700   1.6529710e+10
       290.60000   1.6505841e+10
       291.90800   1.6482016e+10
       293.22300   1.6458276e+10
       294.54300   1.6434537e+10
       295.86900   1.6410841e+10
       297.20200   1.6387188e+10
       298.54000   1.6363578e+10
       299.88400   1.6340011e+10
       301.23500   1.6316487e+10
       302.59100   1.6293006e+10
       303.95400   1.6269568e+10
       305.32200   1.6246174e+10
       306.69700   1.6222822e+10
       308.07800   1.6199470e+10
       309.46600   1.6176205e+10
       310.85900   1.6152940e+10
       312.25900   1.6129760e+10
       313.66500   1.6106581e+10
       315.07700   1.6083445e+10
       316.49600   1.6060395e+10
       317.92100   1.6037345e+10
       319.35300   1.6014338e+10
       320.79100   1.5991375e+10
       322.23500   1.5968454e+10
       323.68600   1.5945576e+10
       325.14400   1.5922699e+10
       326.60800   1.5899907e+10
       328.07900   1.5877116e+10
       329.55600   1.5854410e+10
       331.04000   1.5831705e+10
       332.53100   1.5809043e+10
       334.02800   1.5786424e+10
       335.53200   1.5763848e+10
       337.04300   1.5741315e+10
       338.56100   1.5718825e+10
       340.08500   1.5696335e+10
       341.61700   1.5673931e+10
       343.15500   1.5651528e+10
       344.70000   1.5629167e+10
       346.25300   1.5606849e+10
       347.81200   1.5584575e+10
       349.37800   1.5562344e+10
       350.95100   1.5540155e+10
       352.53100   1.5517967e+10
       354.11900   1.5495865e+10
       355.71300   1.5473763e+10
       357.31500   1.5451704e+10
       358.92400   1.5429688e+10
       360.54000   1.5407715e+10
       362.16400   1.5385785e+10
       363.79500   1.5363855e+10
       365.43300   1.5342012e+10
       367.07800   1.5320168e+10
       368.73100   1.5298368e+10
       370.39200   1.5276610e+10
       372.06000   1.5254896e+10
       373.73500   1.5233182e+10
       375.41800   1.5211553e+10
       377.10800   1.5189925e+10
       378.80600   1.5168340e+10
       380.51200   1.5146798e+10
       382.22600   1.5125299e+10
       383.94700   1.5103800e+10
       385.67600   1.5082387e+10
       387.41200   1.5060975e+10
       389.15700   1.5039605e+10
       390.90900   1.5018278e+10
       392.66900   1.4996995e+10
       394.43800   1.4975711e+10
       396.21400   1.4954471e+10
       397.99800   1.4933317e+10
       399.79000   1.4912119e+10
       401.59000   1.4891008e+10
       403.39900   1.4869940e+10
       405.21500   1.4848872e+10
       407.04000   1.4827847e+10
       408.87300   1.4806865e+10
       410.71400   1.4785926e+10
       412.56300   1.4764987e+10
       414.42100   1.4744092e+10
       416.28700   1.4723282e+10
       418.16200   1.4702429e+10
       420.04400   1.4681663e+10
       421.93600   1.4660896e+10
       423.83600   1.4640216e+10
       425.74400   1.4619536e+10
       427.66100   1.4598855e+10
       429.58700   1.4578261e+10
       431.52200   1.4557667e+10
       433.46500   1.4537116e+10
       435.41700   1.4516608e+10
       437.37700   1.4496143e+10
       439.34700   1.4475678e+10
       441.32500   1.4455256e+10
       443.31200   1.4434877e+10
       445.30900   1.4414542e+10
       447.31400   1.4394206e+10
       449.32800   1.4373957e+10
       451.35100   1.4353707e+10
       453.38400   1.4333458e+10
       455.42500   1.4313294e+10
       457.47600   1.4293131e+10
       459.53600   1.4273011e+10
       461.60500   1.4252933e+10
       463.68400   1.4232856e+10
       465.77200   1.4212822e+10
       467.86900   1.4192831e+10
       469.97600   1.4172883e+10
       472.09200   1.4152978e+10
       474.21800   1.4133074e+10
       476.35400   1.4113212e+10
       478.49900   1.4093350e+10
       480.65300   1.4073575e+10
       482.81800   1.4053799e+10
       484.99200   1.4034067e+10
       487.17600   1.4014334e+10
       489.36900   1.3994645e+10
       491.57300   1.3974998e+10
       493.78600   1.3955395e+10
       496.01000   1.3935835e+10
       498.24400   1.3916275e+10
       500.48700   1.3896758e+10
       502.74100   1.3877241e+10
       505.00500   1.3857810e+10
       507.27900   1.3838379e+10
       509.56300   1.3818948e+10
       511.85700   1.3799603e+10
       514.16200   1.3780258e+10
       516.47700   1.3760957e+10
       518.80300   1.3741655e+10
       521.13900   1.3722440e+10
       523.48600   1.3703224e+10
       525.84300   1.3684009e+10
       528.21100   1.3664879e+10
       530.59000   1.3645750e+10
       532.97900   1.3626664e+10
       535.37900   1.3607578e+10
       537.78900   1.3588534e+10
       540.21100   1.3569534e+10
       542.64400   1.3550577e+10
       545.08700   1.3531620e+10
       547.54200   1.3512707e+10
       550.00700   1.3493836e+10
       552.48400   1.3474965e+10
       554.97200   1.3456137e+10
       557.47100   1.3437309e+10
       559.98100   1.3418568e+10
       562.50300   1.3399826e+10
       565.03600   1.3381128e+10
       567.58000   1.3362429e+10
       570.13600   1.3343774e+10
       572.70300   1.3325162e+10
       575.28200   1.3306549e+10
       577.87200   1.3287980e+10
       580.47400   1.3269454e+10
       583.08800   1.3250928e+10
       585.71400   1.3232445e+10
       588.35100   1.3214005e+10
       591.00100   1.3195565e+10
       593.66200   1.3177168e+10
       596.33500   1.3158814e+10
       599.02000   1.3140503e+10
       601.71800   1.3122193e+10
       604.42700   1.3103882e+10
       607.14900   1.3085657e+10
       609.88300   1.3067390e+10
       612.62900   1.3049208e+10
       615.38800   1.3031027e+10
       618.15900   1.3012889e+10
       620.94300   1.2994793e+10
       623.73900   1.2976698e+10
       626.54700   1.2958646e+10
       629.36900   1.2940594e+10
       632.20300   1.2922627e+10
       635.04900   1.2904618e+10
       637.90900   1.2886695e+10
       640.78100   1.2868772e+10
       643.66700   1.2850893e+10
       646.56500   1.2833013e+10
       649.47700   1.2815176e+10
       652.40100   1.2797382e+10
       655.33900   1.2779588e+10
       658.29000   1.2761838e+10
       661.25400   1.2744087e+10
       664.23200   1.2726380e+10
       667.22300   1.2708715e+10
       670.22700   1.2691094e+10
       673.24500   1.2673472e+10
       676.27700   1.2655851e+10
       679.32200   1.2638273e+10
       682.38100   1.2620738e+10
       685.45400   1.2603245e+10
       688.54000   1.2585753e+10
       691.64100   1.2568304e+10
       694.75500   1.2550855e+10
       697.88400   1.2533449e+10
       701.02600   1.2516043e+10
       704.18300   1.2498724e+10
       707.35400   1.2481361e+10
       710.53900   1.2464084e+10
       713.73900   1.2446807e+10
       716.95300   1.2429531e+10
       720.18100   1.2412340e+10
       723.42400   1.2395106e+10
       726.68100   1.2377959e+10
       729.95400   1.2360812e+10
       733.24100   1.2343707e+10
       736.54200   1.2326603e+10
       739.85900   1.2309542e+10
       743.19000   1.2292480e+10
       746.53700   1.2275462e+10
       749.89900   1.2258487e+10
       753.27500   1.2241512e+10
       756.66700   1.2224580e+10
       760.07500   1.2207648e+10
       763.49700   1.2190759e+10
       766.93500   1.2173913e+10
       770.38900   1.2157067e+10
       773.85800   1.2140221e+10
       777.34200   1.2123462e+10
       780.84300   1.2106702e+10
       784.35900   1.2089942e+10
       787.89100   1.2073226e+10
       791.43900   1.2056552e+10
       795.00200   1.2039879e+10
       798.58200   1.2023248e+10
       802.17800   1.2006618e+10
       805.79000   1.1990030e+10
       809.41900   1.1973486e+10
       813.06400   1.1956942e+10
       816.72500   1.1940441e+10
       820.40300   1.1923939e+10
       824.09700   1.1907481e+10
       827.80800   1.1891023e+10
       831.53500   1.1874608e+10
       835.28000   1.1858236e+10
       839.04100   1.1841864e+10
       842.81900   1.1825492e+10
       846.61400   1.1809207e+10
       850.42700   1.1792878e+10
       854.25600   1.1776635e+10
       858.10300   1.1760392e+10
       861.96700   1.1744150e+10
       865.84800   1.1727950e+10
       869.74700   1.1711794e+10
       873.66300   1.1695637e+10
       877.59700   1.1679524e+10
       881.54900   1.1663410e+10
       885.51900   1.1647340e+10
       889.50600   1.1631269e+10
       893.51200   1.1615242e+10
       897.53500   1.1599258e+10
       901.57700   1.1583274e+10
       905.63600   1.1567290e+10
       909.71400   1.1551349e+10
       913.81100   1.1535451e+10
       917.92600   1.1519553e+10
       922.05900   1.1503698e+10
       926.21100   1.1487843e+10
       930.38200   1.1472031e+10
       934.57100   1.1456219e+10
       938.77900   1.1440450e+10
       943.00700   1.1424725e+10
       947.25300   1.1408999e+10
       951.51900   1.1393273e+10
       955.80300   1.1377634e+10
       960.10700   1.1361951e+10
       964.43000   1.1346312e+10
       968.77300   1.1330715e+10
       973.13500   1.1315119e+10
       977.51800   1.1299565e+10
       981.91900   1.1284012e+10
       986.34100   1.1268502e+10
       990.78200   1.1252992e+10
       995.24400   1.1237524e+10
       999.72500   1.1222100e+10
       1004.2300   1.1206676e+10
       1008.7500   1.1191252e+10
       1013.2900   1.1175871e+10
       1017.8500   1.1160490e+10
       1022.4400   1.1145152e+10
       1027.0400   1.1129857e+10
       1031.6700   1.1114563e+10
       1036.3100   1.1099268e+10
       1040.9800   1.1084059e+10
       1045.6700   1.1068807e+10
       1050.3700   1.1053599e+10
       1055.1000   1.1038433e+10
       1059.8600   1.1023267e+10
       1064.6300   1.1008145e+10
       1069.4200   1.0993022e+10
       1074.2400   1.0977943e+10
       1079.0700   1.0962864e+10
       1083.9300   1.0947827e+10
       1088.8100   1.0932791e+10
       1093.7200   1.0917755e+10
       1098.6400   1.0902805e+10
       1103.5900   1.0887811e+10
       1108.5600   1.0872904e+10
       1113.5500   1.0857954e+10
       1118.5600   1.0843090e+10
       1123.6000   1.0828183e+10
       1128.6600   1.0813362e+10
       1133.7400   1.0798498e+10
       1138.8500   1.0783720e+10
       1143.9800   1.0768899e+10
       1149.1300   1.0754165e+10
       1154.3000   1.0739387e+10
       1159.5000   1.0724695e+10
       1164.7200   1.0709960e+10
       1169.9700   1.0695269e+10
       1175.2300   1.0680620e+10
       1180.5300   1.0665972e+10
       1185.8400   1.0651366e+10
       1191.1800   1.0636761e+10
       1196.5500   1.0622198e+10
       1201.9300   1.0607636e+10
       1207.3500   1.0593116e+10
       1212.7800   1.0578597e+10
       1218.2400   1.0564121e+10
       1223.7300   1.0549645e+10
       1229.2400   1.0535168e+10
       1234.7800   1.0520778e+10
       1240.3400   1.0506345e+10
       1245.9200   1.0447535e+10
       1251.5300   1.0382048e+10
       1257.1700   1.0316948e+10
       1262.8300   1.0252235e+10
       1268.5100   1.0187954e+10
       1274.2300   1.0124060e+10
       1279.9600   1.0060598e+10
       1285.7300   9.9975226e+09
       1291.5200   9.9348354e+09
       1297.3300   9.8725358e+09
       1303.1700   9.8106241e+09
       1309.0400   9.7491000e+09
       1314.9400   9.6880069e+09
       1320.8600   9.6272584e+09
       1326.8100   9.5668976e+09
       1332.7800   9.5068816e+09
       1338.7800   9.4472963e+09
       1344.8100   9.3880558e+09
       1350.8700   9.3291599e+09
       1356.9500   9.2706948e+09
       1363.0600   9.2125745e+09
       1369.2000   9.1547988e+09
       1375.3600   9.0973677e+09
       1381.5600   9.0403245e+09
       1387.7800   8.9836690e+09
       1394.0300   8.9273150e+09
       1400.3000   8.8713489e+09
       1406.6100   8.8157274e+09
       1412.9400   8.7604505e+09
       1419.3100   8.7055184e+09
       1425.7000   8.6509309e+09
       1432.1200   8.5966881e+09
       1438.5600   8.5427900e+09
       1445.0400   8.4892365e+09
       1451.5500   8.4359846e+09
       1458.0900   8.3830774e+09
       1464.6500   8.3305149e+09
       1471.2500   8.2782970e+09
       1477.8700   8.2263808e+09
       1484.5300   8.1748092e+09
       1491.2100   8.1235392e+09
       1497.9300   8.0726138e+09
       1504.6700   8.0219901e+09
       1511.4500   7.9717110e+09
       1518.2500   7.9216904e+09
       1525.0900   7.8720576e+09
       1531.9600   7.8226833e+09
       1538.8600   7.7736106e+09
       1545.7800   7.7248825e+09
       1552.7500   7.6764561e+09
       1559.7400   7.6283312e+09
       1566.7600   7.5805079e+09
       1573.8200   7.5329431e+09
       1580.9000   7.4857230e+09
       1588.0200   7.4388045e+09
       1595.1700   7.3921445e+09
       1602.3500   7.3457860e+09
       1609.5700   7.2997292e+09
       1616.8200   7.2539739e+09
       1624.1000   7.2084772e+09
       1631.4100   7.1632820e+09
       1638.7600   7.1183454e+09
       1646.1400   7.0737103e+09
       1653.5500   7.0293768e+09
       1661.0000   6.9853019e+09
       1668.4700   6.9414854e+09
       1675.9900   6.8979705e+09
       1683.5300   6.8547141e+09
       1691.1200   6.8117593e+09
       1698.7300   6.7690200e+09
       1706.3800   6.7265822e+09
       1714.0600   6.6844029e+09
       1721.7800   6.6424821e+09
       1729.5400   6.6008629e+09
       1737.3200   6.5594592e+09
       1745.1500   6.5183139e+09
       1753.0000   6.4774703e+09
       1760.9000   6.4368420e+09
       1768.8300   6.3964723e+09
       1776.7900   6.3563610e+09
       1784.7900   6.3165083e+09
       1792.8300   6.2769140e+09
       1800.9000   6.2375352e+09
       1809.0100   6.1984580e+09
       1817.1600   6.1595531e+09
       1825.3400   6.1209498e+09
       1833.5600   6.0825619e+09
       1841.8200   6.0444326e+09
       1850.1100   6.0065186e+09
       1858.4400   5.9688631e+09
       1866.8100   5.9314662e+09
       1875.2200   5.8942416e+09
       1883.6600   5.8572755e+09
       1892.1400   5.8205679e+09
       1900.6600   5.7840757e+09
       1909.2200   5.7477989e+09
       1917.8200   5.7117807e+09
       1926.4500   5.6759347e+09
       1935.1300   5.6403473e+09
       1943.8400   5.6049753e+09
       1952.6000   5.5698618e+09
       1961.3900   5.5349207e+09
       1970.2200   5.5002380e+09
       1979.0900   5.4657277e+09
       1988.0000   5.4314759e+09
       1996.9600   5.3973964e+09
       2005.9500   5.3635754e+09
       2014.9800   5.3299268e+09
       2024.0500   5.2964936e+09
       2033.1700   5.2633189e+09
       2042.3200   5.2303165e+09
       2051.5200   5.1974865e+09
       2060.7600   5.1649149e+09
       2070.0400   5.1325157e+09
       2079.3600   5.1003319e+09
       2088.7200   5.0683636e+09
       2098.1300   5.0365676e+09
       2107.5800   5.0049870e+09
       2117.0700   4.9736218e+09
       2126.6000   4.9424289e+09
       2136.1700   4.9114515e+09
       2145.7900   4.8806464e+09
       2155.4600   4.8500567e+09
       2165.1600   4.8196394e+09
       2174.9100   4.7893944e+09
       2184.7100   4.7593648e+09
       2194.5400   4.7295507e+09
       2204.4200   4.6998658e+09
       2214.3500   4.6703963e+09
       2224.3200   4.6411422e+09
       2234.3400   4.6120174e+09
       2244.4000   4.5831080e+09
       2254.5100   4.5543710e+09
       2264.6600   4.5258062e+09
       2274.8600   4.4974569e+09
       2285.1000   4.4692369e+09
       2295.3900   4.4412323e+09
       2305.7200   4.4133569e+09
       2316.1100   4.3856969e+09
       2326.5400   4.3582093e+09
       2337.0100   4.3308510e+09
       2347.5400   4.3037123e+09
       2358.1100   4.2767288e+09
       2368.7300   4.2499133e+09
       2379.3900   4.2232658e+09
       2390.1100   4.1967820e+09
       2400.8700   4.1704706e+09
       2411.6800   4.1443186e+09
       2422.5400   4.1183346e+09
       2433.4500   4.0925100e+09
       2444.4100   4.0668492e+09
       2455.4100   4.0413477e+09
       2466.4700   4.0160100e+09
       2477.5800   3.9908274e+09
       2488.7300   3.9658042e+09
       2499.9400   3.9409361e+09
       2511.2000   3.9162274e+09
       2522.5000   3.8916738e+09
       2533.8600   3.8672710e+09
       2545.2700   3.8430190e+09
       2556.7300   3.8189264e+09
       2568.2500   3.7949803e+09
       2579.8100   3.7711806e+09
       2591.4300   3.7475361e+09
       2603.1000   3.7240381e+09
       2614.8200   3.7006865e+09
       2626.5900   3.6774858e+09
       2638.4200   3.6544272e+09
       2650.3000   3.6315108e+09
       2662.2400   3.6087409e+09
       2674.2200   3.5861131e+09
       2686.2700   3.5636276e+09
       2698.3600   3.5412842e+09
       2710.5100   3.5190787e+09
       2722.7200   3.4970110e+09
       2734.9800   3.4750856e+09
       2747.2900   3.4532937e+09
       2759.6600   3.4316396e+09
       2772.0900   3.4101234e+09
       2784.5700   3.3887408e+09
       2797.1100   3.3674918e+09
       2809.7100   3.3463806e+09
       2822.3600   3.3253944e+09
       2835.0700   3.3045460e+09
       2847.8400   3.2838226e+09
       2860.6600   3.2632327e+09
       2873.5400   3.2427721e+09
       2886.4800   3.2224407e+09
       2899.4800   3.2022343e+09
       2912.5300   3.1821572e+09
       2925.6500   3.1622049e+09
       2938.8200   3.1423734e+09
       2952.0600   3.1226710e+09
       2965.3500   3.1030936e+09
       2978.7000   3.0836369e+09
       2992.1100   3.0643008e+09
       3005.5900   3.0450853e+09
       3019.1200   3.0259947e+09
       3032.7200   3.0070162e+09
       3046.3700   2.9881626e+09
       3060.0900   2.9694297e+09
       3073.8700   2.9508088e+09
       3087.7100   2.9323085e+09
       3101.6200   2.9139202e+09
       3115.5800   2.8956483e+09
       3129.6100   2.8774927e+09
       3143.7000   2.8594491e+09
       3157.8600   2.8415218e+09
       3172.0800   2.8237022e+09
       3186.3600   2.8059990e+09
       3200.7100   2.7884035e+09
       3215.1200   2.7709200e+09
       3229.6000   2.7535442e+09
       3244.1400   2.7362804e+09
       3258.7500   2.7191200e+09
       3273.4300   2.7020717e+09
       3288.1700   2.6851310e+09
       3302.9700   2.6682938e+09
       3317.8500   2.6515643e+09
       3332.7900   2.6349381e+09
       3347.7900   2.6184154e+09
       3362.8700   2.6019961e+09
       3378.0100   2.5856801e+09
       3393.2200   2.5694676e+09
       3408.5000   2.5533585e+09
       3423.8500   2.5373485e+09
       3439.2700   2.5214375e+09
       3454.7500   2.5056300e+09
       3470.3100   2.4899172e+09
       3485.9400   2.4743036e+09
       3501.6400   2.4587890e+09
       3517.4000   2.4433736e+09
       3533.2400   2.4280529e+09
       3549.1500   2.4128270e+09
       3565.1300   2.3977002e+09
       3581.1900   2.3826638e+09
       3597.3100   2.3677266e+09
       3613.5100   2.3528798e+09
       3629.7800   2.3381236e+09
       3646.1300   2.3234664e+09
       3662.5500   2.3088953e+09
       3679.0400   2.2944191e+09
       3695.6000   2.2800333e+09
       3712.2500   2.2657337e+09
       3728.9600   2.2515289e+09
       3745.7500   2.2374103e+09
       3762.6200   2.2233821e+09
       3779.5600   2.2094401e+09
       3796.5800   2.1955886e+09
       3813.6800   2.1818190e+09
       3830.8500   2.1681398e+09
       3848.1000   2.1545468e+09
       3865.4300   2.1410356e+09
       3882.8400   2.1276106e+09
       3900.3200   2.1142718e+09
       3917.8800   2.1010148e+09
       3935.5200   2.0878397e+09
       3953.2500   2.0747465e+09
       3971.0500   2.0617394e+09
       3988.9300   2.0488099e+09
       4006.8900   2.0359666e+09
       4024.9300   2.0231964e+09
       4043.0600   2.0105125e+09
       4061.2600   1.9979061e+09
       4079.5500   1.9853773e+09
       4097.9200   1.9729303e+09
       4116.3700   1.9605609e+09
       4134.9100   1.9482647e+09
       4153.5300   1.9360503e+09
       4172.2300   1.9239093e+09
       4191.0200   1.9118457e+09
       4209.8900   1.8998598e+09
       4228.8500   1.8879470e+09
       4247.8900   1.8761075e+09
       4267.0200   1.8643456e+09
       4286.2300   1.8526569e+09
       4305.5300   1.8410414e+09
       4324.9200   1.8294949e+09
       4344.4000   1.8180259e+09
       4363.9600   1.8066259e+09
       4383.6100   1.7952948e+09
       4403.3500   1.7840412e+09
       4423.1800   1.7728523e+09
       4443.0900   1.7617366e+09
       4463.1000   1.7506899e+09
       4483.2000   1.7397121e+09
       4503.3900   1.7288032e+09
       4523.6700   1.7179632e+09
       4544.0300   1.7071922e+09
       4564.5000   1.6964858e+09
       4585.0500   1.6858484e+09
       4605.7000   1.6752799e+09
       4626.4400   1.6647760e+09
       4647.2700   1.6543367e+09
       4668.1900   1.6439621e+09
       4689.2200   1.6336564e+09
       4710.3300   1.6234110e+09
       4731.5400   1.6132346e+09
       4752.8500   1.6031184e+09
       4774.2500   1.5930669e+09
       4795.7500   1.5830757e+09
       4817.3400   1.5731492e+09
       4839.0300   1.5632872e+09
       4860.8200   1.5534856e+09
       4882.7100   1.5437443e+09
       4904.7000   1.5340633e+09
       4926.7800   1.5244470e+09
       4948.9700   1.5148866e+09
       4971.2500   1.5053866e+09
       4993.6400   1.4959469e+09
       5016.1300   1.4865675e+09
       5038.7100   1.4772484e+09
       5061.4000   1.4679853e+09
       5084.1900   1.4587783e+09
       5107.0900   1.4496315e+09
       5130.0900   1.4405451e+09
       5153.1900   1.4315104e+09
       5176.3900   1.4225360e+09
       5199.7000   1.4136133e+09
       5223.1100   1.4047509e+09
       5246.6300   1.3959445e+09
       5270.2600   1.3871898e+09
       5293.9900   1.3784911e+09
       5317.8300   1.3698485e+09
       5341.7700   1.3612618e+09
       5365.8300   1.3527226e+09
       5389.9900   1.3442436e+09
       5414.2600   1.3358121e+09
       5438.6400   1.3274366e+09
       5463.1300   1.3191127e+09
       5487.7300   1.3108449e+09
       5512.4400   1.3026245e+09
       5537.2600   1.2944557e+09
       5562.2000   1.2863387e+09
       5587.2500   1.2782734e+09
       5612.4000   1.2702597e+09
       5637.6800   1.2622935e+09
       5663.0600   1.2543789e+09
       5688.5600   1.2465118e+09
       5714.1800   1.2386964e+09
       5739.9100   1.2309326e+09
       5765.7600   1.2232120e+09
       5791.7200   1.2155430e+09
       5817.8000   1.2079214e+09
       5844.0000   1.2003473e+09
       5870.3100   1.1928205e+09
       5896.7500   1.1853411e+09
       5923.3000   1.1779091e+09
       5949.9700   1.1705245e+09
       5976.7600   1.1631830e+09
       6003.6800   1.1558888e+09
       6030.7100   1.1486421e+09
       6057.8700   1.1414384e+09
       6085.1500   1.1342822e+09
       6112.5500   1.1271690e+09
       6140.0700   1.1201032e+09
       6167.7200   1.1130805e+09
       6195.4900   1.1061009e+09
       6223.3900   1.0991644e+09
       6251.4100   1.0922752e+09
       6279.5600   1.0854249e+09
       6307.8400   1.0786176e+09
       6336.2400   1.0718534e+09
       6364.7800   1.0651323e+09
       6393.4400   1.0584543e+09
       6422.2300   1.0518193e+09
       6451.1400   1.0452232e+09
       6480.1900   1.0386701e+09
       6509.3700   1.0321558e+09
       6538.6900   1.0256845e+09
       6568.1300   1.0192521e+09
       6597.7000   1.0128627e+09
       6627.4100   1.0065121e+09
       6657.2600   1.0002003e+09
       6687.2300   9.9393161e+08
       6717.3500   9.8769735e+08
       6747.5900   9.8150617e+08
       6777.9800   9.7534946e+08
       6808.5000   9.6923584e+08
       6839.1600   9.6315668e+08
       6869.9500   9.5711630e+08
       6900.8900   9.5111469e+08
       6931.9600   9.4515186e+08
       6963.1800   9.3922780e+08
       6994.5300   9.3333821e+08
       7026.0300   9.2748309e+08
       7057.6700   9.2167105e+08
       7089.4500   9.1588918e+08
       7121.3700   9.1014607e+08
       7153.4400   9.0444175e+08
       7185.6500   8.9876758e+08
       7218.0100   8.9313219e+08
       7250.5100   8.8753557e+08
       7283.1600   8.8196911e+08
       7315.9500   8.7643712e+08
       7348.9000   8.7094390e+08
       7381.9900   8.6548085e+08
       7415.2300   8.6005657e+08
       7448.6200   8.5466244e+08
       7482.1600   8.4930279e+08
       7515.8500   8.4397760e+08
       7549.7000   8.3868688e+08
       7583.6900   8.3342632e+08
       7617.8400   8.2820023e+08
       7652.1400   8.2300860e+08
       7686.6000   8.1784713e+08
       7721.2100   8.1272013e+08
       7755.9800   8.0762329e+08
       7790.9100   8.0256091e+08
       7825.9900   7.9752870e+08
       7861.2300   7.9252664e+08
       7896.6300   7.8755905e+08
       7932.1900   7.8262162e+08
       7967.9000   7.7771435e+08
       8003.7800   7.7283723e+08
       8039.8200   7.6799028e+08
       8076.0300   7.6317348e+08
       8112.3900   7.5839115e+08
       8148.9200   7.5363467e+08
       8185.6200   7.4890836e+08
       8222.4800   7.4421219e+08
       8259.5000   7.3954619e+08
       8296.6900   7.3491035e+08
       8334.0500   7.3030036e+08
       8371.5800   7.2572052e+08
       8409.2800   7.2117085e+08
       8447.1400   7.1665133e+08
       8485.1800   7.1215767e+08
       8523.3900   7.0768985e+08
       8561.7700   7.0325220e+08
       8600.3200   6.9884470e+08
       8639.0500   6.9446305e+08
       8677.9500   6.9010726e+08
       8717.0300   6.8578162e+08
       8756.2800   6.8148183e+08
       8795.7100   6.7720789e+08
       8835.3200   6.7295981e+08
       8875.1000   6.6874188e+08
       8915.0700   6.6454980e+08
       8955.2100   6.6037927e+08
       8995.5400   6.5623889e+08
       9036.0400   6.5212436e+08
       9076.7300   6.4803569e+08
       9117.6000   6.4397286e+08
       9158.6600   6.3993589e+08
       9199.9000   6.3592476e+08
       9241.3300   6.3193518e+08
       9282.9400   6.2797145e+08
       9324.7400   6.2403357e+08
       9366.7300   6.2012154e+08
       9408.9100   6.1623536e+08
       9451.2800   6.1237072e+08
       9493.8300   6.0853193e+08
       9536.5800   6.0471468e+08
       9579.5300   6.0092329e+08
       9622.6600   5.9715344e+08
       9665.9900   5.9340943e+08
       9709.5200   5.8969128e+08
       9753.2400   5.8599467e+08
       9797.1600   5.8231960e+08
       9841.2800   5.7866607e+08
       9885.5900   5.7503840e+08
       9930.1100   5.7143226e+08
       9974.8200   5.6785198e+08
       10019.700   5.6428893e+08
       10064.900   5.6075173e+08
       10110.200   5.5723607e+08
       10155.700   5.5374195e+08
       10201.400   5.5026938e+08
       10247.400   5.4681835e+08
       10293.500   5.4338886e+08
       10339.900   5.3998091e+08
       10386.400   5.3659881e+08
       10433.200   5.3323395e+08
       10480.200   5.2989063e+08
       10527.400   5.2656454e+08
       10574.800   5.2326430e+08
       10622.400   5.1998561e+08
       10670.200   5.1672415e+08
       10718.300   5.1348423e+08
       10766.500   5.1026154e+08
       10815.000   5.0706470e+08
       10863.700   5.0388510e+08
       10912.600   5.0072704e+08
       10961.800   4.9758621e+08
       11011.100   4.9446693e+08
       11060.700   4.9136488e+08
       11110.500   4.8828437e+08
       11160.500   4.8522109e+08
       11210.800   4.8217936e+08
       11261.300   4.7915486e+08
       11312.000   4.7615190e+08
       11362.900   4.7316618e+08
       11414.100   4.7019769e+08
       11465.500   4.6725074e+08
       11517.100   4.6432103e+08
       11569.000   4.6140854e+08
       11621.100   4.5851761e+08
       11673.400   4.5564390e+08
       11726.000   4.5278312e+08
       11778.800   4.4994819e+08
       11831.800   4.4712619e+08
       11885.100   4.4432141e+08
       11938.600   4.4153388e+08
       11992.400   4.3876788e+08
       12046.400   4.3601481e+08
       12100.600   4.3328328e+08
       12155.100   4.3056468e+08
       12209.800   4.2786503e+08
       12264.800   4.2518219e+08
       12320.000   4.2251615e+08
       12375.500   4.1986691e+08
       12431.200   4.1723448e+08
