       1.2543500   4.7759849e+13
       1.2599900   4.7409060e+13
       1.2656700   4.7060709e+13
       1.2713700   4.6714801e+13
       1.2770900   4.6371429e+13
       1.2828400   4.6030402e+13
       1.2886200   4.5691717e+13
       1.2944200   4.5355474e+13
       1.3002500   4.5021574e+13
       1.3061100   4.4690017e+13
       1.3119900   4.4360901e+13
       1.3178900   4.4034030e+13
       1.3238300   4.3709405e+13
       1.3297900   4.3387220e+13
       1.3357800   4.3067183e+13
       1.3417900   4.2749490e+13
       1.3478300   4.2433944e+13
       1.3539000   4.2120742e+13
       1.3600000   4.1809687e+13
       1.3661200   4.1500878e+13
       1.3722800   4.1194217e+13
       1.3784600   4.0889803e+13
       1.3846600   4.0587534e+13
       1.3909000   4.0287317e+13
       1.3971600   3.9989345e+13
       1.4034500   3.9693424e+13
       1.4097700   3.9399650e+13
       1.4161200   3.9107927e+13
       1.4225000   3.8818351e+13
       1.4289000   3.8530826e+13
       1.4353400   3.8245254e+13
       1.4418000   3.7961828e+13
       1.4482900   3.7680356e+13
       1.4548100   3.7400934e+13
       1.4613600   3.7123466e+13
       1.4679500   3.6847949e+13
       1.4745600   3.6574482e+13
       1.4812000   3.6302968e+13
       1.4878600   3.6033309e+13
       1.4945600   3.5765702e+13
       1.5012900   3.5499948e+13
       1.5080500   3.5236050e+13
       1.5148500   3.4974104e+13
       1.5216700   3.4714013e+13
       1.5285200   3.4455777e+13
       1.5354000   3.4199396e+13
       1.5423200   3.3944871e+13
       1.5492600   3.3692201e+13
       1.5562400   3.3441384e+13
       1.5632400   3.3192228e+13
       1.5702800   3.2945025e+13
       1.5773500   3.2699481e+13
       1.5844600   3.2455793e+13
       1.5915900   3.2213764e+13
       1.5987600   3.1973492e+13
       1.6059600   3.1734979e+13
       1.6131900   3.1498221e+13
       1.6204500   3.1263124e+13
       1.6277500   3.1029785e+13
       1.6350800   3.0798104e+13
       1.6424400   3.0568085e+13
       1.6498400   3.0339724e+13
       1.6572700   3.0113023e+13
       1.6647300   2.9887884e+13
       1.6722300   2.9664405e+13
       1.6797600   2.9442586e+13
       1.6873200   2.9222427e+13
       1.6949200   2.9003830e+13
       1.7025500   2.8786698e+13
       1.7102200   2.8571322e+13
       1.7179200   2.8357411e+13
       1.7256500   2.8145062e+13
       1.7334300   2.7934178e+13
       1.7412300   2.7724952e+13
       1.7490700   2.7517193e+13
       1.7569500   2.7310897e+13
       1.7648600   2.7106164e+13
       1.7728100   2.6902894e+13
       1.7807900   2.6701089e+13
       1.7888100   2.6500847e+13
       1.7968600   2.6301971e+13
       1.8049500   2.6104560e+13
       1.8130800   2.5908613e+13
       1.8212500   2.5714033e+13
       1.8294500   2.5520918e+13
       1.8376800   2.5329169e+13
       1.8459600   2.5138885e+13
       1.8542700   2.4949968e+13
       1.8626200   2.4762418e+13
       1.8710100   2.4576234e+13
       1.8794300   2.4391417e+13
       1.8879000   2.4207967e+13
       1.8964000   2.4025786e+13
       1.9049400   2.3845070e+13
       1.9135200   2.3665526e+13
       1.9221300   2.3487446e+13
       1.9307900   2.3310537e+13
       1.9394800   2.3134995e+13
       1.9482100   2.2960723e+13
       1.9569900   2.2787719e+13
       1.9658000   2.2615985e+13
       1.9746500   2.2445520e+13
       1.9835400   2.2276324e+13
       1.9924800   2.2108398e+13
       2.0014500   2.1941643e+13
       2.0104600   2.1776157e+13
       2.0195100   2.1611843e+13
       2.0286100   2.1448701e+13
       2.0377400   2.1286828e+13
       2.0469200   2.1126127e+13
       2.0561300   2.0966596e+13
       2.0653900   2.0808237e+13
       2.0746900   2.0651050e+13
       2.0840400   2.0495035e+13
       2.0934200   2.0340191e+13
       2.1028500   2.0186519e+13
       2.1123200   2.0033823e+13
       2.1218300   1.9882396e+13
       2.1313800   1.9732043e+13
       2.1409800   1.9582764e+13
       2.1506200   1.9434658e+13
       2.1603000   1.9287625e+13
       2.1700300   1.9141665e+13
       2.1798000   1.8996780e+13
       2.1896200   1.8852967e+13
       2.1994800   1.8710230e+13
       2.2093800   1.8568469e+13
       2.2193300   1.8427782e+13
       2.2293200   1.8288266e+13
       2.2393600   1.8149629e+13
       2.2494500   1.8012067e+13
       2.2595800   1.7875577e+13
       2.2697500   1.7740064e+13
       2.2799700   1.7605529e+13
       2.2902400   1.7471968e+13
       2.3005500   1.7339481e+13
       2.3109100   1.7207875e+13
       2.3213200   1.7077340e+13
       2.3317700   1.6947783e+13
       2.3422700   1.6819106e+13
       2.3528200   1.6691402e+13
       2.3634100   1.6564676e+13
       2.3740500   1.6438830e+13
       2.3847400   1.6314057e+13
       2.3954800   1.6190064e+13
       2.4062700   1.6067048e+13
       2.4171000   1.5945008e+13
       2.4279900   1.5823751e+13
       2.4389200   1.5703467e+13
       2.4499000   1.5584065e+13
       2.4609400   1.5465539e+13
       2.4720200   1.5347991e+13
       2.4831500   1.5231223e+13
       2.4943300   1.5115335e+13
       2.5055600   1.5000324e+13
       2.5168400   1.4886193e+13
       2.5281800   1.4772843e+13
       2.5395600   1.4660372e+13
       2.5510000   1.4548778e+13
       2.5624800   1.4437967e+13
       2.5740200   1.4328034e+13
       2.5856100   1.4218881e+13
       2.5972600   1.4110510e+13
       2.6089500   1.4003017e+13
       2.6207000   1.3896306e+13
       2.6325000   1.3790375e+13
       2.6443500   1.3685226e+13
       2.6562600   1.3580956e+13
       2.6682200   1.3477368e+13
       2.6802400   1.3374562e+13
       2.6923100   1.3272537e+13
       2.7044300   1.3171293e+13
       2.7166100   1.3070830e+13
       2.7288400   1.2971051e+13
       2.7411300   1.2872052e+13
       2.7534700   1.2773834e+13
       2.7658700   1.2676300e+13
       2.7783200   1.2579547e+13
       2.7908400   1.2483478e+13
       2.8034000   1.2388092e+13
       2.8160300   1.2293487e+13
       2.8287100   1.2199565e+13
       2.8414400   1.2106327e+13
       2.8542400   1.2013870e+13
       2.8670900   1.1921998e+13
       2.8800000   1.1830908e+13
       2.8929700   1.1740403e+13
       2.9060000   1.1650680e+13
       2.9190800   1.1561542e+13
       2.9322300   1.1473185e+13
       2.9454300   1.1385415e+13
       2.9587000   1.1298327e+13
       2.9720200   1.1211825e+13
       2.9854000   1.1126007e+13
       2.9988400   1.1040872e+13
       3.0123500   1.0956421e+13
       3.0259100   1.0872555e+13
       3.0395400   1.0789276e+13
       3.0532200   1.0706679e+13
       3.0669700   1.0624669e+13
       3.0807800   1.0543341e+13
       3.0946600   1.0462502e+13
       3.1085900   1.0382347e+13
       3.1225900   1.0302875e+13
       3.1366500   1.0223891e+13
       3.1507700   1.0145492e+13
       3.1649600   1.0067778e+13
       3.1792100   9.9905510e+12
       3.1935300   9.9140076e+12
       3.2079100   9.8379526e+12
       3.2223600   9.7625419e+12
       3.2368700   9.6876682e+12
       3.2514400   9.6133607e+12
       3.2660800   9.5396097e+12
       3.2807900   9.4664251e+12
       3.2955600   9.3937871e+12
       3.3104000   9.3216959e+12
       3.3253100   9.2501513e+12
       3.3402800   9.1791537e+12
       3.3553200   9.1086831e+12
       3.3704300   9.0387495e+12
       3.3856100   8.9693432e+12
       3.4008500   8.9004640e+12
       3.4161700   8.8321023e+12
       3.4315500   8.7642679e+12
       3.4470000   8.6969411e+12
       3.4625200   8.6301219e+12
       3.4781200   8.5638105e+12
       3.4937800   8.4979970e+12
       3.5095100   8.4326814e+12
       3.5253100   8.3678637e+12
       3.5411900   8.3035440e+12
       3.5571300   8.2397027e+12
       3.5731500   8.1763495e+12
       3.5892400   8.1134747e+12
       3.6054000   8.0510783e+12
       3.6216400   7.9891505e+12
       3.6379500   7.9277012e+12
       3.6543300   7.8667106e+12
       3.6707800   7.8061791e+12
       3.6873100   7.7461160e+12
       3.7039200   7.6865021e+12
       3.7206000   7.6273471e+12
       3.7373500   7.5686412e+12
       3.7541800   7.5103746e+12
       3.7710800   7.4525571e+12
       3.7880600   7.3951692e+12
       3.8051200   7.3382305e+12
       3.8222600   7.2817115e+12
       3.8394700   7.2256318e+12
       3.8567600   7.1699720e+12
       3.8741200   7.1147418e+12
       3.8915700   7.0599216e+12
       3.9090900   7.0055310e+12
       3.9266900   6.9515504e+12
       3.9443800   6.8979702e+12
       3.9621400   6.8448098e+12
       3.9799800   6.7920496e+12
       3.9979000   6.7396897e+12
       4.0159000   6.6877302e+12
       4.0339900   6.6361611e+12
       4.0521500   6.5849924e+12
       4.0704000   6.5342141e+12
       4.0887300   6.4838167e+12
       4.1071400   6.4337999e+12
       4.1256300   6.3841738e+12
       4.1442100   6.3349186e+12
       4.1628700   6.2860442e+12
       4.1816100   6.2375408e+12
       4.2004400   6.1894084e+12
       4.2193600   6.1416373e+12
       4.2383600   6.0942371e+12
       4.2574400   6.0471884e+12
       4.2766100   6.0005106e+12
       4.2958700   5.9541844e+12
       4.3152200   5.9082096e+12
       4.3346500   5.8625864e+12
       4.3541700   5.8173145e+12
       4.3737700   5.7723845e+12
       4.3934700   5.7277960e+12
       4.4132500   5.6835494e+12
       4.4331200   5.6396444e+12
       4.4530900   5.5960715e+12
       4.4731400   5.5528402e+12
       4.4932800   5.5099311e+12
       4.5135100   5.4673441e+12
       4.5338400   5.4250891e+12
       4.5542500   5.3831563e+12
       4.5747600   5.3415457e+12
       4.5953600   5.3002572e+12
       4.6160500   5.2592812e+12
       4.6368400   5.2186079e+12
       4.6577200   5.1782567e+12
       4.6786900   5.1382180e+12
       4.6997600   5.0984818e+12
       4.7209200   5.0590387e+12
       4.7421800   5.0199079e+12
       4.7635400   4.9810799e+12
       4.7849900   4.9425446e+12
       4.8065300   4.9043023e+12
       4.8281800   4.8663529e+12
       4.8499200   4.8286962e+12
       4.8717600   4.7913326e+12
       4.8936900   4.7542424e+12
       4.9157300   4.7174450e+12
       4.9378600   4.6809307e+12
       4.9601000   4.6446898e+12
       4.9824300   4.6087322e+12
       5.0048700   4.5730477e+12
       5.0274100   4.5376465e+12
       5.0500500   4.5025089e+12
       5.0727800   4.4676349e+12
       5.0956300   4.4330342e+12
       5.1185700   4.3986972e+12
       5.1416200   4.3646236e+12
       5.1647700   4.3308138e+12
       5.1880300   4.2972579e+12
       5.2113900   4.2639654e+12
       5.2348600   4.2309269e+12
       5.2584300   4.1981422e+12
       5.2821100   4.1656015e+12
       5.3059000   4.1333245e+12
       5.3297900   4.1012916e+12
       5.3537900   4.0694929e+12
       5.3779000   4.0379481e+12
       5.4021100   4.0066474e+12
       5.4264400   3.9755811e+12
       5.4508700   3.9447588e+12
       5.4754200   3.9141707e+12
       5.5000700   3.8838171e+12
       5.5248400   3.8536977e+12
       5.5497200   3.8238125e+12
       5.5747100   3.7941522e+12
       5.5998100   3.7647259e+12
       5.6250300   3.7355145e+12
       5.6503600   3.7065375e+12
       5.6758000   3.6777850e+12
       5.7013600   3.6492471e+12
       5.7270300   3.6209340e+12
       5.7528200   3.5928356e+12
       5.7787200   3.5649520e+12
       5.8047500   3.5372832e+12
       5.8308800   3.5098292e+12
       5.8571400   3.4825899e+12
       5.8835100   3.4555557e+12
       5.9100100   3.4287265e+12
       5.9366200   3.4021121e+12
       5.9633500   3.3756930e+12
       5.9902000   3.3494886e+12
       6.0171800   3.3234796e+12
       6.0442700   3.2976658e+12
       6.0714900   3.2720570e+12
       6.0988300   3.2466435e+12
       6.1262900   3.2214252e+12
       6.1538800   3.1964022e+12
       6.1815900   3.1715744e+12
       6.2094300   3.1469420e+12
       6.2373900   3.1397172e+12
       6.2654700   3.1215090e+12
       6.2936900   3.1034765e+12
       6.3220300   3.0856001e+12
       6.3504900   3.0678994e+12
       6.3790900   3.0503452e+12
       6.4078200   3.0329668e+12
       6.4366700   3.0157349e+12
       6.4656500   2.9986688e+12
       6.4947700   2.9817493e+12
       6.5240100   2.9649859e+12
       6.5533900   2.9483690e+12
       6.5829000   2.9319082e+12
       6.6125400   2.9155941e+12
       6.6423200   2.8994262e+12
       6.6722300   2.8833951e+12
       6.7022700   2.8675104e+12
       6.7324500   2.8517722e+12
       6.7627700   2.8361707e+12
       6.7932200   2.8207059e+12
       6.8238100   2.8053679e+12
       6.8545400   2.7901764e+12
       6.8854000   2.7751119e+12
       6.9164100   2.7601839e+12
       6.9475500   2.7453829e+12
       6.9788400   2.7307187e+12
       7.0102600   2.7161715e+12
       7.0418300   2.7017514e+12
       7.0735400   2.6874581e+12
       7.1053900   2.6732917e+12
       7.1373900   2.6592327e+12
       7.1695300   2.6453105e+12
       7.2018100   2.6314957e+12
       7.2342400   2.6178077e+12
       7.2668100   2.6042271e+12
       7.2995400   2.5907735e+12
       7.3324100   2.5774273e+12
       7.3654200   2.5641883e+12
       7.3985900   2.5510666e+12
       7.4319100   2.5380524e+12
       7.4653700   2.5251454e+12
       7.4989900   2.5123557e+12
       7.5327500   2.4996636e+12
       7.5666700   2.4870789e+12
       7.6007500   2.4746016e+12
       7.6349700   2.4622316e+12
       7.6693500   2.4499495e+12
       7.7038900   2.4377846e+12
       7.7385800   2.4257076e+12
       7.7734200   2.4137379e+12
       7.8084300   2.4018562e+12
       7.8435900   2.3900818e+12
       7.8789100   2.3783954e+12
       7.9143900   2.3668064e+12
       7.9500200   2.3553151e+12
       7.9858200   2.3439118e+12
       8.0217800   2.3326061e+12
       8.0579000   2.3213784e+12
       8.0941900   2.3102582e+12
       8.1306400   2.2992160e+12
       8.1672500   2.2882618e+12
       8.2040200   2.2773953e+12
       8.2409700   2.2666168e+12
       8.2780800   2.2559262e+12
       8.3153500   2.2453136e+12
       8.3527900   2.2347888e+12
       8.3904100   2.2243520e+12
       8.4281900   2.2139835e+12
       8.4661400   2.2037029e+12
       8.5042600   2.1935103e+12
       8.5425600   2.1833857e+12
       8.5810200   2.1733493e+12
       8.6196600   2.1633811e+12
       8.6584800   2.1535007e+12
       8.6974700   2.1436888e+12
       8.7366300   2.1339548e+12
       8.7759700   2.1242893e+12
       8.8154900   2.1147020e+12
       8.8551800   2.1051925e+12
       8.8950600   2.0957517e+12
       8.9351100   2.0863888e+12
       8.9753500   2.0770844e+12
       9.0157600   2.0678583e+12
       9.0563600   2.0587003e+12
       9.0971400   2.0496108e+12
       9.1381100   2.0405897e+12
       9.1792500   2.0316369e+12
       9.2205900   2.0227525e+12
       9.2621100   2.0139363e+12
       9.3038100   2.0051788e+12
       9.3457100   1.9964895e+12
       9.3878000   1.9878686e+12
       9.4300700   1.9793063e+12
       9.4725300   1.9708123e+12
       9.5151900   1.9623770e+12
       9.5580300   1.9540002e+12
       9.6010700   1.9456820e+12
       9.6443100   1.9374320e+12
       9.6877300   1.9292407e+12
       9.7313600   1.9211081e+12
       9.7751800   1.9130437e+12
       9.8191900   1.9050282e+12
       9.8634100   1.8970711e+12
       9.9078200   1.8891727e+12
       9.9524400   1.8813232e+12
       9.9972500   1.8735419e+12
       10.042300   1.8658095e+12
       10.087500   1.8581357e+12
       10.132900   1.8505106e+12
       10.178500   1.8429442e+12
       10.224400   1.8354265e+12
       10.270400   1.8279675e+12
       10.316700   1.8205572e+12
       10.363100   1.8132055e+12
       10.409800   1.8059027e+12
       10.456700   1.7986487e+12
       10.503700   1.7914434e+12
       10.551000   1.7842968e+12
       10.598600   1.7771892e+12
       10.646300   1.7701402e+12
       10.694200   1.7631302e+12
       10.742400   1.7561789e+12
       10.790700   1.7492665e+12
       10.839300   1.7424030e+12
       10.888100   1.7355884e+12
       10.937200   1.7288226e+12
       10.986400   1.7221055e+12
       11.035900   1.7154275e+12
       11.085600   1.7087983e+12
       11.135500   1.7022081e+12
       11.185600   1.6956668e+12
       11.236000   1.6891743e+12
       11.286600   1.6827208e+12
       11.337400   1.6763064e+12
       11.388500   1.6699409e+12
       11.439800   1.6636143e+12
       11.491300   1.6573365e+12
       11.543000   1.6510979e+12
       11.595000   1.6448983e+12
       11.647200   1.6387377e+12
       11.699700   1.6326162e+12
       11.752300   1.6265436e+12
       11.805300   1.6205100e+12
       11.858400   1.6145056e+12
       11.911800   1.6085501e+12
       11.965500   1.6026336e+12
       12.019300   1.5967464e+12
       12.073500   1.5909080e+12
       12.127800   1.5850989e+12
       12.182400   1.5793289e+12
       12.237300   1.5735980e+12
       12.292400   1.5679060e+12
       12.347800   1.5622532e+12
       12.403400   1.5566295e+12
       12.459200   1.5510450e+12
       12.515300   1.5454995e+12
       12.571700   1.5399833e+12
       12.628300   1.5345062e+12
       12.685100   1.5290584e+12
       12.742300   1.5236496e+12
       12.799600   1.5182701e+12
       12.857300   1.5129296e+12
       12.915200   1.5076184e+12
       12.973300   1.5023464e+12
       13.031700   1.4971035e+12
       13.090400   1.4918900e+12
       13.149400   1.4867155e+12
       13.208600   1.4815703e+12
       13.268100   1.4764545e+12
       13.327800   1.4713776e+12
       13.387800   1.4663301e+12
       13.448100   1.4613019e+12
       13.508700   1.4563228e+12
       13.569500   1.4513631e+12
       13.630600   1.4464327e+12
       13.692000   1.4415316e+12
       13.753600   1.4366696e+12
       13.815600   1.4318270e+12
       13.877800   1.4270137e+12
       13.940300   1.4222396e+12
       14.003000   1.4174848e+12
       14.066100   1.4127595e+12
       14.129400   1.4080634e+12
       14.193100   1.4033966e+12
       14.257000   1.3987591e+12
       14.321200   1.3941509e+12
       14.385600   1.3895622e+12
       14.450400   1.3850126e+12
       14.515500   1.3804825e+12
       14.580900   1.3759719e+12
       14.646500   1.3715004e+12
       14.712500   1.3670484e+12
       14.778700   1.3626257e+12
       14.845300   1.3582225e+12
       14.912100   1.3538486e+12
       14.979300   1.3495040e+12
       15.046700   1.3451789e+12
       15.114500   1.3408831e+12
       15.182500   1.3366166e+12
       15.250900   1.3323696e+12
       15.319600   1.3281421e+12
       15.388500   1.3239440e+12
       15.457800   1.3197653e+12
       15.527400   1.3156160e+12
       15.597400   1.3114862e+12
       15.667600   1.3073857e+12
       15.738200   1.3033046e+12
       15.809000   1.2992432e+12
       15.880200   1.2952110e+12
       15.951700   1.2911983e+12
       16.023500   1.2872052e+12
       16.095700   1.2832413e+12
       16.168200   1.2792970e+12
       16.241000   1.2753722e+12
       16.314100   1.2714767e+12
       16.387600   1.2675910e+12
       16.461400   1.2637345e+12
       16.535500   1.2598976e+12
       16.610000   1.2560802e+12
       16.684800   1.2522921e+12
       16.759900   1.2485138e+12
       16.835400   1.2447647e+12
       16.911200   1.2410352e+12
       16.987300   1.2373154e+12
       17.063800   1.2336249e+12
       17.140600   1.2299540e+12
       17.217800   1.2263026e+12
       17.295400   1.2226707e+12
       17.373200   1.2190583e+12
       17.451500   1.2154654e+12
       17.530100   1.2118921e+12
       17.609000   1.2083383e+12
       17.688300   1.2048041e+12
       17.767900   1.2012893e+12
       17.847900   1.1977843e+12
       17.928300   1.1943087e+12
       18.009000   1.1908525e+12
       18.090100   1.1874061e+12
       18.171600   1.1839792e+12
       18.253400   1.1805719e+12
       18.335600   1.1771841e+12
       18.418200   1.1738158e+12
       18.501100   1.1704670e+12
       18.584400   1.1671280e+12
       18.668100   1.1638085e+12
       18.752200   1.1605086e+12
       18.836600   1.1572281e+12
       18.921400   1.1539575e+12
       19.006600   1.1507064e+12
       19.092200   1.1474747e+12
       19.178200   1.1442529e+12
       19.264500   1.1410604e+12
       19.351300   1.1378776e+12
       19.438400   1.1347045e+12
       19.526000   1.1315510e+12
       19.613900   1.1284170e+12
       19.702200   1.1253026e+12
       19.790900   1.1221979e+12
       19.880000   1.1191030e+12
       19.969600   1.1160373e+12
       20.059500   1.1129717e+12
       20.149800   1.1099354e+12
       20.240500   1.1069088e+12
       20.331700   1.1038920e+12
       20.423200   1.1009044e+12
       20.515200   1.0979169e+12
       20.607600   1.0949489e+12
       20.700400   1.0920004e+12
       20.793600   1.0890617e+12
       20.887200   1.0861328e+12
       20.981300   1.0832331e+12
       21.075800   1.0803335e+12
       21.170700   1.0774533e+12
       21.266000   1.0745829e+12
       21.361700   1.0717321e+12
       21.457900   1.0688910e+12
       21.554600   1.0660695e+12
       21.651600   1.0632577e+12
       21.749100   1.0604654e+12
       21.847100   1.0576731e+12
       21.945400   1.0549102e+12
       22.044200   1.0521472e+12
       22.143500   1.0494037e+12
       22.243200   1.0466700e+12
       22.343400   1.0439559e+12
       22.444000   1.0412515e+12
       22.545100   1.0385569e+12
       22.646600   1.0358720e+12
       22.748600   1.0332066e+12
       22.851000   1.0305511e+12
       22.953900   1.0279150e+12
       23.057200   1.0252790e+12
       23.161100   1.0226624e+12
       23.265400   1.0200557e+12
       23.370100   1.0174684e+12
       23.475400   1.0148812e+12
       23.581100   1.0123135e+12
       23.687300   1.0097555e+12
       23.793900   1.0072171e+12
       23.901100   1.0046787e+12
       24.008700   1.0021598e+12
       24.116800   9.9965065e+11
       24.225400   9.9715127e+11
       24.334500   9.9466166e+11
       24.444100   9.9218182e+11
       24.554100   9.8972150e+11
       24.664700   9.8726118e+11
       24.775800   9.8482039e+11
       24.887300   9.8238936e+11
       24.999400   9.7996810e+11
       25.112000   9.7755660e+11
       25.225000   9.7515876e+11
       25.338600   9.7276972e+11
       25.452700   9.7039238e+11
       25.567300   9.6802481e+11
       25.682500   9.6566799e+11
       25.798100   9.6332092e+11
       25.914300   9.6098558e+11
       26.031000   9.5865999e+11
       26.148200   9.5634416e+11
       26.265900   9.5403908e+11
       26.384200   9.5174376e+11
       26.503000   9.4945821e+11
       26.622400   9.4718338e+11
       26.742200   9.4491833e+11
       26.862700   9.4266304e+11
       26.983600   9.4041653e+11
       27.105100   9.3818077e+11
       27.227200   9.3595477e+11
       27.349800   9.3373853e+11
       27.472900   9.3153108e+11
       27.596600   9.2933338e+11
       27.720900   9.2714448e+11
       27.845700   9.2496633e+11
       27.971100   9.2279597e+11
       28.097100   9.2063538e+11
       28.223600   9.1848456e+11
       28.350700   9.1634251e+11
       28.478300   9.1420927e+11
       28.606600   9.1208480e+11
       28.735400   9.0996912e+11
       28.864800   9.0786321e+11
       28.994800   9.0576510e+11
       29.125300   9.0367677e+11
       29.256500   9.0159623e+11
       29.388200   8.9952448e+11
       29.520600   8.9746153e+11
       29.653500   8.9540736e+11
       29.787000   8.9336198e+11
       29.921200   8.9132441e+11
       30.055900   8.8929464e+11
       30.191200   8.8727465e+11
       30.327200   8.8526148e+11
       30.463700   8.8325710e+11
       30.600900   8.8126150e+11
       30.738700   8.7927373e+11
       30.877100   8.7729375e+11
       31.016200   8.7532160e+11
       31.155800   8.7335725e+11
       31.296100   8.7140168e+11
       31.437000   8.6945296e+11
       31.578600   8.6751302e+11
       31.720800   8.6558089e+11
       31.863600   8.6365559e+11
       32.007100   8.6173811e+11
       32.151200   8.5982843e+11
       32.296000   8.5792656e+11
       32.441500   8.5603251e+11
       32.587500   8.5414528e+11
       32.734300   8.5226587e+11
       32.881700   8.5039428e+11
       33.029700   8.4852951e+11
       33.178500   8.4667158e+11
       33.327900   8.4482146e+11
       33.477900   8.4297916e+11
       33.628700   8.4114270e+11
       33.780100   8.3931406e+11
       33.932200   8.3749225e+11
       34.085000   8.3567826e+11
       34.238500   8.3387012e+11
       34.392700   8.3206979e+11
       34.547600   8.3027629e+11
       34.703100   8.2848866e+11
       34.859400   8.2670981e+11
       35.016400   8.2493585e+11
       35.174000   8.2316968e+11
       35.332400   8.2141037e+11
       35.491500   8.1965690e+11
       35.651300   8.1791026e+11
       35.811900   8.1617047e+11
       35.973100   8.1443752e+11
       36.135100   8.1271138e+11
       36.297800   8.1099112e+11
       36.461300   8.0927670e+11
       36.625500   8.0756913e+11
       36.790400   8.0586838e+11
       36.956100   8.0417350e+11
       37.122500   8.0248545e+11
       37.289600   8.0080325e+11
       37.457500   7.9912691e+11
       37.626200   7.9745741e+11
       37.795600   7.9579377e+11
       37.965800   7.9413598e+11
       38.136800   7.9248405e+11
       38.308500   7.9083897e+11
       38.481000   7.8919973e+11
       38.654300   7.8756634e+11
       38.828400   7.8593882e+11
       39.003200   7.8431716e+11
       39.178800   7.8270136e+11
       39.355200   7.8109142e+11
       39.532500   7.7948733e+11
       39.710500   7.7788910e+11
       39.889300   7.7629575e+11
       40.068900   7.7470923e+11
       40.249300   7.7312759e+11
       40.430600   7.7155182e+11
       40.612600   7.6998191e+11
       40.795500   7.6841786e+11
       40.979200   7.6685867e+11
       41.163700   7.6530534e+11
       41.349100   7.6375691e+11
       41.535300   7.6221433e+11
       41.722300   7.6067761e+11
       41.910200   7.5914577e+11
       42.098900   7.5761978e+11
       42.288500   7.5609868e+11
       42.478900   7.5458246e+11
       42.670200   7.5307211e+11
       42.862300   7.5156663e+11
       43.055300   7.5006700e+11
       43.249200   7.4857129e+11
       43.444000   7.4708241e+11
       43.639600   7.4559742e+11
       43.836100   7.4411831e+11
       44.033500   7.4264309e+11
       44.231800   7.4117373e+11
       44.430900   7.3970926e+11
       44.631000   7.3824967e+11
       44.832000   7.3679593e+11
       45.033900   7.3534609e+11
       45.236600   7.3390114e+11
       45.440300   7.3246108e+11
       45.645000   7.3102589e+11
       45.850500   7.2959656e+11
       46.057000   7.2817115e+11
       46.264300   7.2675060e+11
       46.472700   7.2533494e+11
       46.681900   7.2392319e+11
       46.892100   7.2251730e+11
       47.103300   7.2111531e+11
       47.315400   7.1971721e+11
       47.528500   7.1832499e+11
       47.742500   7.1693765e+11
       47.957500   7.1555421e+11
       48.173400   7.1417564e+11
       48.390300   7.1280100e+11
       48.608200   7.1143123e+11
       48.827100   7.1006535e+11
       49.047000   7.0870437e+11
       49.267800   7.0734827e+11
       49.489700   7.0599606e+11
       49.712500   7.0464777e+11
       49.936400   7.0330436e+11
       50.161300   7.0196583e+11
       50.387100   7.0063023e+11
       50.614000   6.9930049e+11
       50.841900   6.9797367e+11
       51.070900   6.9665174e+11
       51.300800   6.9533469e+11
       51.531800   6.9402056e+11
       51.763900   6.9271132e+11
       51.997000   6.9140599e+11
       52.231100   6.9010456e+11
       52.466300   6.8880703e+11
       52.702600   6.8751439e+11
       52.939900   6.8622566e+11
       53.178300   6.8494082e+11
       53.417800   6.8365990e+11
       53.658300   6.8238286e+11
       53.899900   6.8110976e+11
       54.142600   6.7984054e+11
       54.386400   6.7857524e+11
       54.631300   6.7731482e+11
       54.877300   6.7605731e+11
       55.124400   6.7480372e+11
       55.372700   6.7355502e+11
       55.622000   6.7230924e+11
       55.872500   6.7106736e+11
       56.124100   6.6982939e+11
       56.376800   6.6859533e+11
       56.630600   6.6736420e+11
       56.885600   6.6613794e+11
       57.141800   6.6491461e+11
       57.399100   6.6369520e+11
       57.657600   6.6247967e+11
       57.917200   6.6126807e+11
       58.178000   6.6005939e+11
       58.440000   6.5885462e+11
       58.703100   6.5765374e+11
       58.967500   6.5645679e+11
       59.233000   6.5526275e+11
       59.499700   6.5407164e+11
       59.767600   6.5288541e+11
       60.036800   6.5170212e+11
       60.307100   6.5052273e+11
       60.578700   6.4934627e+11
       60.851500   6.4817274e+11
       61.125500   6.4700408e+11
       61.400700   6.4583739e+11
       61.677200   6.4467556e+11
       61.954900   6.4351570e+11
       62.233900   6.4236072e+11
       62.514100   6.4120769e+11
       62.795600   6.4005954e+11
       63.078400   6.3891334e+11
       63.362400   6.3777106e+11
       63.647800   6.3663169e+11
       63.934400   6.3549624e+11
       64.222300   6.3436372e+11
       64.511400   6.3323411e+11
       64.801900   6.3210842e+11
       65.093700   6.3098565e+11
       65.386800   6.2986583e+11
       65.681300   6.2874988e+11
       65.977000   6.2763689e+11
       66.274100   6.2652682e+11
       66.572600   6.2541967e+11
       66.872300   6.2431546e+11
       67.173500   6.2321515e+11
       67.475900   6.2211778e+11
       67.779800   6.2102332e+11
       68.085000   6.1993179e+11
       68.391600   6.1884320e+11
       68.699500   6.1775754e+11
       69.008900   6.1667578e+11
       69.319600   6.1559695e+11
       69.631800   6.1452008e+11
       69.945300   6.1344711e+11
       70.260300   6.1237705e+11
       70.576700   6.1130994e+11
       70.894500   6.1024479e+11
       71.213700   6.0918353e+11
       71.534400   6.0812520e+11
       71.856500   6.0706981e+11
       72.180100   6.0601733e+11
       72.505100   6.0496682e+11
       72.831600   6.0392020e+11
       73.159500   6.0287554e+11
       73.489000   6.0183479e+11
       73.819900   6.0079599e+11
       74.152300   5.9976011e+11
       74.486200   5.9872718e+11
       74.821600   5.9769717e+11
       75.158500   5.9667008e+11
       75.497000   5.9564593e+11
       75.836900   5.9462372e+11
       76.178400   5.9360445e+11
       76.521400   5.9258810e+11
       76.866000   5.9157468e+11
       77.212100   5.9056420e+11
       77.559800   5.8955565e+11
       77.909000   5.8855005e+11
       78.259900   5.8754737e+11
       78.612300   5.8654665e+11
       78.966300   5.8554983e+11
       79.321800   5.8455399e+11
       79.679000   5.8356206e+11
       80.037800   5.8257206e+11
       80.398200   5.8158500e+11
       80.760300   5.8059990e+11
       81.123900   5.7961870e+11
       81.489200   5.7863848e+11
       81.856200   5.7766217e+11
       82.224800   5.7668780e+11
       82.595000   5.7571539e+11
       82.966900   5.7474591e+11
       83.340500   5.7377935e+11
       83.715800   5.7281476e+11
       84.092800   5.7185309e+11
       84.471400   5.7089337e+11
       84.851800   5.6993657e+11
       85.233900   5.6898173e+11
       85.617700   5.6802983e+11
       86.003200   5.6707987e+11
       86.390500   5.6613285e+11
       86.779500   5.6518777e+11
       87.170300   5.6424562e+11
       87.562800   5.6330543e+11
       87.957100   5.6236816e+11
       88.353200   5.6143286e+11
       88.751000   5.6049950e+11
       89.150600   5.5956907e+11
       89.552100   5.5864058e+11
       89.955300   5.5771407e+11
       90.360400   5.5679048e+11
       90.767300   5.5586980e+11
       91.176000   5.5495011e+11
       91.586600   5.5403336e+11
       91.999000   5.5311854e+11
       92.413200   5.5220666e+11
       92.829400   5.5129673e+11
       93.247400   5.5038876e+11
       93.667300   5.4948274e+11
       94.089100   5.4857965e+11
       94.512800   5.4767850e+11
       94.938400   5.4677933e+11
       95.365900   5.4588306e+11
       95.795300   5.4498876e+11
       96.226700   5.4409641e+11
       96.660000   5.4320599e+11
       97.095200   5.4231755e+11
       97.532400   5.4143203e+11
       97.971600   5.4054847e+11
       98.412800   5.3966685e+11
       98.855900   5.3878719e+11
       99.301100   5.3790948e+11
       99.748200   5.3703471e+11
       100.19700   5.3616187e+11
       100.64900   5.3529003e+11
       101.10200   5.3442110e+11
       101.55700   5.3355511e+11
       102.01400   5.3269009e+11
       102.47400   5.3182703e+11
       102.93500   5.3096592e+11
       103.39900   5.3010774e+11
       103.86400   5.2925053e+11
       104.33200   5.2839625e+11
       104.80200   5.2754393e+11
       105.27400   5.2669356e+11
       105.74800   5.2584416e+11
       106.22400   5.2499770e+11
       106.70200   5.2415318e+11
       107.18300   5.2331062e+11
       107.66500   5.2247001e+11
       108.15000   5.2163136e+11
       108.63700   5.2079465e+11
       109.12600   5.1995893e+11
       109.61800   5.1912613e+11
       110.11100   5.1829529e+11
       110.60700   5.1746639e+11
       111.10500   5.1663945e+11
       111.60500   5.1581348e+11
       112.10800   5.1499044e+11
       112.61300   5.1416936e+11
       113.12000   5.1334925e+11
       113.62900   5.1253208e+11
       114.14100   5.1171588e+11
       114.65500   5.1090164e+11
       115.17100   5.1008933e+11
       115.69000   5.0927998e+11
       116.21100   5.0847158e+11
       116.73400   5.0766417e+11
       117.26000   5.0685968e+11
       117.78800   5.0605715e+11
       118.31800   5.0525560e+11
       118.85100   5.0445599e+11
       119.38600   5.0365834e+11
       119.92400   5.0286264e+11
       120.46400   5.0206890e+11
       121.00600   5.0127613e+11
       121.55100   5.0048629e+11
       122.09800   4.9969743e+11
       122.64800   4.9891052e+11
       123.20000   4.9812555e+11
       123.75500   4.9734157e+11
       124.31200   4.9656051e+11
       124.87200   4.9578044e+11
       125.43500   4.9500232e+11
       125.99900   4.9422517e+11
       126.56700   4.9345095e+11
       127.13700   4.9267771e+11
       127.70900   4.9190642e+11
       128.28400   4.9113611e+11
       128.86200   4.9036774e+11
       129.44200   4.8960134e+11
       130.02500   4.8883688e+11
       130.61100   4.8807437e+11
       131.19900   4.8731284e+11
       131.78900   4.8655327e+11
       132.38300   4.8579467e+11
       132.97900   4.8503901e+11
       133.57800   4.8428333e+11
       134.17900   4.8353060e+11
       134.78300   4.8277883e+11
       135.39000   4.8202902e+11
       136.00000   4.8128019e+11
       136.61200   4.8053428e+11
       137.22800   4.7978837e+11
       137.84600   4.7904540e+11
       138.46600   4.7830340e+11
       139.09000   4.7756335e+11
       139.71600   4.7682427e+11
       140.34500   4.7608716e+11
       140.97700   4.7535101e+11
       141.61200   4.7461780e+11
       142.25000   4.7388458e+11
       142.89000   4.7315430e+11
       143.53400   4.7242402e+11
       144.18000   4.7169666e+11
       144.82900   4.7097028e+11
       145.48100   4.7024488e+11
       146.13700   4.6952142e+11
       146.79500   4.6879993e+11
       147.45600   4.6807941e+11
       148.12000   4.6736083e+11
       148.78700   4.6664422e+11
       149.45700   4.6592761e+11
       150.13000   4.6521295e+11
       150.80600   4.6450023e+11
       151.48500   4.6378947e+11
       152.16700   4.6307969e+11
       152.85200   4.6237088e+11
       153.54000   4.6166403e+11
       154.23200   4.6095815e+11
       154.92600   4.6025422e+11
       155.62400   4.5955227e+11
       156.32400   4.5885127e+11
       157.02800   4.5815125e+11
       157.73600   4.5745317e+11
       158.44600   4.5675608e+11
       159.15900   4.5606095e+11
       159.87600   4.5536678e+11
       160.59600   4.5467360e+11
       161.31900   4.5398237e+11
       162.04500   4.5329310e+11
       162.77500   4.5260479e+11
       163.50800   4.5191746e+11
       164.24400   4.5123209e+11
       164.98400   4.5054769e+11
       165.72700   4.4986525e+11
       166.47300   4.4918377e+11
       167.22300   4.4850328e+11
       167.97600   4.4782475e+11
       168.73200   4.4714718e+11
       169.49200   4.4647157e+11
       170.25500   4.4579694e+11
       171.02200   4.4512327e+11
       171.79200   4.4445157e+11
       172.56500   4.4378084e+11
       173.34200   4.4311108e+11
       174.12300   4.4244329e+11
       174.90700   4.4177647e+11
       175.69500   4.4111159e+11
       176.48600   4.4044770e+11
       177.28100   4.3978477e+11
       178.07900   4.3912284e+11
       178.88100   4.3846284e+11
       179.68600   4.3780480e+11
       180.49500   4.3714676e+11
       181.30800   4.3649068e+11
       182.12500   4.3583557e+11
       182.94500   4.3518241e+11
       183.76800   4.3453024e+11
       184.59600   4.3387904e+11
       185.42700   4.3322880e+11
       186.26200   4.3258054e+11
       187.10100   4.3193323e+11
       187.94300   4.3128692e+11
       188.79000   4.3064255e+11
       189.64000   4.2999915e+11
       190.49400   4.2935673e+11
       191.35100   4.2871529e+11
       192.21300   4.2807580e+11
       193.07900   4.2743730e+11
       193.94800   4.2679976e+11
       194.82100   4.2616321e+11
       195.69900   4.2552859e+11
       196.58000   4.2489497e+11
       197.46500   4.2426231e+11
       198.35400   4.2363162e+11
       199.24800   4.2300092e+11
       200.14500   4.2237216e+11
       201.04600   4.2174537e+11
       201.95100   4.2111857e+11
       202.86100   4.2049275e+11
       203.77400   4.1986889e+11
       204.69200   4.1924600e+11
       205.61300   4.1862507e+11
       206.53900   4.1800412e+11
       207.46900   4.1738514e+11
       208.40400   4.1676615e+11
       209.34200   4.1615010e+11
       210.28500   4.1553404e+11
       211.23200   4.1491896e+11
       212.18300   4.1430584e+11
       213.13800   4.1369272e+11
       214.09800   4.1308154e+11
       215.06200   4.1247232e+11
       216.03000   4.1186310e+11
       217.00300   4.1125484e+11
       217.98000   4.1064856e+11
       218.96200   4.1004324e+11
       219.94800   4.0943890e+11
       220.93800   4.0883554e+11
       221.93300   4.0823315e+11
       222.93200   4.0763174e+11
       223.93600   4.0703228e+11
       224.94500   4.0643282e+11
       225.95800   4.0583531e+11
       226.97500   4.0523878e+11
       227.99700   4.0464323e+11
       229.02400   4.0404865e+11
       230.05500   4.0345603e+11
       231.09100   4.0286341e+11
       232.13200   4.0227273e+11
       233.17700   4.0168207e+11
       234.22700   4.0109334e+11
       235.28200   4.0050560e+11
       236.34100   3.9991883e+11
       237.40500   3.9933305e+11
       238.47400   3.9874823e+11
       239.54800   3.9816439e+11
       240.62700   3.9758153e+11
       241.71000   3.9700062e+11
       242.79900   3.9641972e+11
       243.89200   3.9584076e+11
       244.99000   3.9526278e+11
       246.09400   3.9468481e+11
       247.20200   3.9410877e+11
       248.31500   3.9353373e+11
       249.43300   3.9295965e+11
       250.55600   3.9238655e+11
       251.68400   3.9181443e+11
       252.81800   3.9124329e+11
       253.95600   3.9067312e+11
       255.10000   3.9010392e+11
       256.24800   3.8953571e+11
       257.40200   3.8896944e+11
       258.56100   3.8840318e+11
       259.72600   3.8783789e+11
       260.89500   3.8727456e+11
       262.07000   3.8671123e+11
       263.25000   3.8614887e+11
       264.43500   3.8558846e+11
       265.62600   3.8502806e+11
       266.82200   3.8446960e+11
       268.02400   3.8391115e+11
       269.23100   3.8335465e+11
       270.44300   3.8279814e+11
       271.66100   3.8224360e+11
       272.88400   3.8168905e+11
       274.11300   3.8113646e+11
       275.34700   3.8058484e+11
       276.58700   3.8003322e+11
       277.83300   3.7948355e+11
       279.08400   3.7893389e+11
       280.34000   3.7838618e+11
       281.60300   3.7783845e+11
       282.87100   3.7729270e+11
       284.14400   3.7674694e+11
       285.42400   3.7620313e+11
       286.70900   3.7565932e+11
       288.00000   3.7511746e+11
       289.29700   3.7457560e+11
       290.60000   3.7403473e+11
       291.90800   3.7349483e+11
       293.22300   3.7295687e+11
       294.54300   3.7241892e+11
       295.86900   3.7188195e+11
       297.20200   3.7134595e+11
       298.54000   3.7081093e+11
       299.88400   3.7027689e+11
       301.23500   3.6974382e+11
       302.59100   3.6921172e+11
       303.95400   3.6868061e+11
       305.32200   3.6815047e+11
       306.69700   3.6762130e+11
       308.07800   3.6709214e+11
       309.46600   3.6656493e+11
       310.85900   3.6603771e+11
       312.25900   3.6551246e+11
       313.66500   3.6498720e+11
       315.07700   3.6446292e+11
       316.49600   3.6394059e+11
       317.92100   3.6341826e+11
       319.35300   3.6289690e+11
       320.79100   3.6237653e+11
       322.23500   3.6185713e+11
       323.68600   3.6133871e+11
       325.14400   3.6082029e+11
       326.60800   3.6030381e+11
       328.07900   3.5978734e+11
       329.55600   3.5927283e+11
       331.04000   3.5875830e+11
       332.53100   3.5824477e+11
       334.02800   3.5773219e+11
       335.53200   3.5722060e+11
       337.04300   3.5670999e+11
       338.56100   3.5620035e+11
       340.08500   3.5569071e+11
       341.61700   3.5518303e+11
       343.15500   3.5467534e+11
       344.70000   3.5416863e+11
       346.25300   3.5366290e+11
       347.81200   3.5315815e+11
       349.37800   3.5265437e+11
       350.95100   3.5215157e+11
       352.53100   3.5164876e+11
       354.11900   3.5114791e+11
       355.71300   3.5064707e+11
       357.31500   3.5014719e+11
       358.92400   3.4964830e+11
       360.54000   3.4915037e+11
       362.16400   3.4865342e+11
       363.79500   3.4815648e+11
       365.43300   3.4766149e+11
       367.07800   3.4716649e+11
       368.73100   3.4667247e+11
       370.39200   3.4617943e+11
       372.06000   3.4568737e+11
       373.73500   3.4519530e+11
       375.41800   3.4470519e+11
       377.10800   3.4421508e+11
       378.80600   3.4372595e+11
       380.51200   3.4323780e+11
       382.22600   3.4275062e+11
       383.94700   3.4226343e+11
       385.67600   3.4177820e+11
       387.41200   3.4129297e+11
       389.15700   3.4080872e+11
       390.90900   3.4032544e+11
       392.66900   3.3984315e+11
       394.43800   3.3936084e+11
       396.21400   3.3887951e+11
       397.99800   3.3840015e+11
       399.79000   3.3791980e+11
       401.59000   3.3744140e+11
       403.39900   3.3696398e+11
       405.21500   3.3648656e+11
       407.04000   3.3601012e+11
       408.87300   3.3553466e+11
       410.71400   3.3506017e+11
       412.56300   3.3458568e+11
       414.42100   3.3411216e+11
       416.28700   3.3364060e+11
       418.16200   3.3316807e+11
       420.04400   3.3269748e+11
       421.93600   3.3222690e+11
       423.83600   3.3175826e+11
       425.74400   3.3128963e+11
       427.66100   3.3082100e+11
       429.58700   3.3035433e+11
       431.52200   3.2988764e+11
       433.46500   3.2942193e+11
       435.41700   3.2895721e+11
       437.37700   3.2849347e+11
       439.34700   3.2802971e+11
       441.32500   3.2756694e+11
       443.31200   3.2710514e+11
       445.30900   3.2664432e+11
       447.31400   3.2618350e+11
       449.32800   3.2572462e+11
       451.35100   3.2526575e+11
       453.38400   3.2480689e+11
       455.42500   3.2434998e+11
       457.47600   3.2389305e+11
       459.53600   3.2343712e+11
       461.60500   3.2298215e+11
       463.68400   3.2252719e+11
       465.77200   3.2207321e+11
       467.86900   3.2162019e+11
       469.97600   3.2116815e+11
       472.09200   3.2071711e+11
       474.21800   3.2026604e+11
       476.35400   3.1981596e+11
       478.49900   3.1936587e+11
       480.65300   3.1891774e+11
       482.81800   3.1846961e+11
       484.99200   3.1802246e+11
       487.17600   3.1757531e+11
       489.36900   3.1712913e+11
       491.57300   3.1668393e+11
       493.78600   3.1623971e+11
       496.01000   3.1579647e+11
       498.24400   3.1535322e+11
       500.48700   3.1491094e+11
       502.74100   3.1446867e+11
       505.00500   3.1402835e+11
       507.27900   3.1358803e+11
       509.56300   3.1314772e+11
       511.85700   3.1270935e+11
       514.16200   3.1227098e+11
       516.47700   3.1183360e+11
       518.80300   3.1139620e+11
       521.13900   3.1096076e+11
       523.48600   3.1052533e+11
       525.84300   3.1008989e+11
       528.21100   3.0965641e+11
       530.59000   3.0922292e+11
       532.97900   3.0879041e+11
       535.37900   3.0835790e+11
       537.78900   3.0792637e+11
       540.21100   3.0749582e+11
       542.64400   3.0706624e+11
       545.08700   3.0663666e+11
       547.54200   3.0620805e+11
       550.00700   3.0578043e+11
       552.48400   3.0535281e+11
       554.97200   3.0492615e+11
       557.47100   3.0449950e+11
       559.98100   3.0407481e+11
       562.50300   3.0365011e+11
       565.03600   3.0322639e+11
       567.58000   3.0280266e+11
       570.13600   3.0237991e+11
       572.70300   3.0195815e+11
       575.28200   3.0153638e+11
       577.87200   3.0111559e+11
       580.47400   3.0069577e+11
       583.08800   3.0027596e+11
       585.71400   2.9985712e+11
       588.35100   2.9943926e+11
       591.00100   2.9902139e+11
       593.66200   2.9860451e+11
       596.33500   2.9818860e+11
       599.02000   2.9777366e+11
       601.71800   2.9735872e+11
       604.42700   2.9694378e+11
       607.14900   2.9653081e+11
       609.88300   2.9611685e+11
       612.62900   2.9570484e+11
       615.38800   2.9529283e+11
       618.15900   2.9488181e+11
       620.94300   2.9447175e+11
       623.73900   2.9406170e+11
       626.54700   2.9365262e+11
       629.36900   2.9324355e+11
       632.20300   2.9283642e+11
       635.04900   2.9242832e+11
       637.90900   2.9202218e+11
       640.78100   2.9161603e+11
       643.66700   2.9121085e+11
       646.56500   2.9080568e+11
       649.47700   2.9040148e+11
       652.40100   2.8999826e+11
       655.33900   2.8959506e+11
       658.29000   2.8919282e+11
       661.25400   2.8879057e+11
       664.23200   2.8838929e+11
       667.22300   2.8798901e+11
       670.22700   2.8758970e+11
       673.24500   2.8719038e+11
       676.27700   2.8679107e+11
       679.32200   2.8639273e+11
       682.38100   2.8599537e+11
       685.45400   2.8559899e+11
       688.54000   2.8520260e+11
       691.64100   2.8480720e+11
       694.75500   2.8441178e+11
       697.88400   2.8401736e+11
       701.02600   2.8362292e+11
       704.18300   2.8323045e+11
       707.35400   2.8283699e+11
       710.53900   2.8244548e+11
       713.73900   2.8205399e+11
       716.95300   2.8166248e+11
       720.18100   2.8127293e+11
       723.42400   2.8088240e+11
       726.68100   2.8049382e+11
       729.95400   2.8010526e+11
       733.24100   2.7971766e+11
       736.54200   2.7933006e+11
       739.85900   2.7894344e+11
       743.19000   2.7855681e+11
       746.53700   2.7817117e+11
       749.89900   2.7778650e+11
       753.27500   2.7740183e+11
       756.66700   2.7701814e+11
       760.07500   2.7663444e+11
       763.49700   2.7625173e+11
       766.93500   2.7586999e+11
       770.38900   2.7548825e+11
       773.85800   2.7510651e+11
       777.34200   2.7472673e+11
       780.84300   2.7434694e+11
       784.35900   2.7396716e+11
       787.89100   2.7358834e+11
       791.43900   2.7321050e+11
       795.00200   2.7283268e+11
       798.58200   2.7245581e+11
       802.17800   2.7207895e+11
       805.79000   2.7170307e+11
       809.41900   2.7132817e+11
       813.06400   2.7095326e+11
       816.72500   2.7057933e+11
       820.40300   2.7020540e+11
       824.09700   2.6983245e+11
       827.80800   2.6945950e+11
       831.53500   2.6908752e+11
       835.28000   2.6871652e+11
       839.04100   2.6834552e+11
       842.81900   2.6797452e+11
       846.61400   2.6760548e+11
       850.42700   2.6723544e+11
       854.25600   2.6686737e+11
       858.10300   2.6649931e+11
       861.96700   2.6613123e+11
       865.84800   2.6576414e+11
       869.74700   2.6539802e+11
       873.66300   2.6503190e+11
       877.59700   2.6466676e+11
       881.54900   2.6430161e+11
       885.51900   2.6393745e+11
       889.50600   2.6357328e+11
       893.51200   2.6321010e+11
       897.53500   2.6284788e+11
       901.57700   2.6248566e+11
       905.63600   2.6212346e+11
       909.71400   2.6176222e+11
       913.81100   2.6140196e+11
       917.92600   2.6104169e+11
       922.05900   2.6068241e+11
       926.21100   2.6032312e+11
       930.38200   2.5996481e+11
       934.57100   2.5960650e+11
       938.77900   2.5924917e+11
       943.00700   2.5889282e+11
       947.25300   2.5853646e+11
       951.51900   2.5818011e+11
       955.80300   2.5782571e+11
       960.10700   2.5747033e+11
       964.43000   2.5711593e+11
       968.77300   2.5676249e+11
       973.13500   2.5640907e+11
       977.51800   2.5605663e+11
       981.91900   2.5570417e+11
       986.34100   2.5535270e+11
       990.78200   2.5500123e+11
       995.24400   2.5465072e+11
       999.72500   2.5430121e+11
       1004.2300   2.5395168e+11
       1008.7500   2.5360215e+11
       1013.2900   2.5325362e+11
       1017.8500   2.5290507e+11
       1022.4400   2.5255751e+11
       1027.0400   2.5221091e+11
       1031.6700   2.5186432e+11
       1036.3100   2.5151772e+11
       1040.9800   2.5117309e+11
       1045.6700   2.5082747e+11
       1050.3700   2.5048283e+11
       1055.1000   2.5013917e+11
       1059.8600   2.4979550e+11
       1064.6300   2.4945282e+11
       1069.4200   2.4911013e+11
       1074.2400   2.4876842e+11
       1079.0700   2.4842671e+11
       1083.9300   2.4808598e+11
       1088.8100   2.4774524e+11
       1093.7200   2.4740450e+11
       1098.6400   2.4706572e+11
       1103.5900   2.4672596e+11
       1108.5600   2.4638816e+11
       1113.5500   2.4604937e+11
       1118.5600   2.4571255e+11
       1123.6000   2.4537474e+11
       1128.6600   2.4503888e+11
       1133.7400   2.4470206e+11
       1138.8500   2.4436718e+11
       1143.9800   2.4403133e+11
       1149.1300   2.4369742e+11
       1154.3000   2.4336256e+11
       1159.5000   2.4302963e+11
       1164.7200   2.4269573e+11
       1169.9700   2.4236281e+11
       1175.2300   2.4203085e+11
       1180.5300   2.4169890e+11
       1185.8400   2.4136794e+11
       1191.1800   2.4103697e+11
       1196.5500   2.4070697e+11
       1201.9300   2.4037697e+11
       1207.3500   2.4004795e+11
       1212.7800   2.3971893e+11
       1218.2400   2.3939089e+11
       1223.7300   2.3906285e+11
       1229.2400   2.3873481e+11
       1234.7800   2.3840872e+11
       1240.3400   2.3808165e+11
       1245.9200   2.3674899e+11
       1251.5300   2.3526498e+11
       1257.1700   2.3378976e+11
       1262.8300   2.3232334e+11
       1268.5100   2.3086668e+11
       1274.2300   2.2941880e+11
       1279.9600   2.2798068e+11
       1285.7300   2.2655135e+11
       1291.5200   2.2513082e+11
       1297.3300   2.2371906e+11
       1303.1700   2.2231609e+11
       1309.0400   2.2092191e+11
       1314.9400   2.1953750e+11
       1320.8600   2.1816088e+11
       1326.8100   2.1679307e+11
       1332.7800   2.1543307e+11
       1338.7800   2.1408281e+11
       1344.8100   2.1274038e+11
       1350.8700   2.1140576e+11
       1356.9500   2.1008090e+11
       1363.0600   2.0876384e+11
       1369.2000   2.0745460e+11
       1375.3600   2.0615317e+11
       1381.5600   2.0486053e+11
       1387.7800   2.0357667e+11
       1394.0300   2.0229965e+11
       1400.3000   2.0103141e+11
       1406.6100   1.9977099e+11
       1412.9400   1.9851838e+11
       1419.3100   1.9727356e+11
       1425.7000   1.9603657e+11
       1432.1200   1.9480740e+11
       1438.5600   1.9358602e+11
       1445.0400   1.9237246e+11
       1451.5500   1.9116573e+11
       1458.0900   1.8996682e+11
       1464.6500   1.8877571e+11
       1471.2500   1.8759241e+11
       1477.8700   1.8641595e+11
       1484.5300   1.8524731e+11
       1491.2100   1.8408549e+11
       1497.9300   1.8293148e+11
       1504.6700   1.8178431e+11
       1511.4500   1.8064495e+11
       1518.2500   1.7951145e+11
       1525.0900   1.7838672e+11
       1531.9600   1.7726786e+11
       1538.8600   1.7615584e+11
       1545.7800   1.7505163e+11
       1552.7500   1.7395425e+11
       1559.7400   1.7286370e+11
       1566.7600   1.7178000e+11
       1573.8200   1.7070214e+11
       1580.9000   1.6963210e+11
       1588.0200   1.6856888e+11
       1595.1700   1.6751153e+11
       1602.3500   1.6646102e+11
       1609.5700   1.6541734e+11
       1616.8200   1.6438048e+11
       1624.1000   1.6334950e+11
       1631.4100   1.6232534e+11
       1638.7600   1.6130705e+11
       1646.1400   1.6029557e+11
       1653.5500   1.5929095e+11
       1661.0000   1.5829218e+11
       1668.4700   1.5729927e+11
       1675.9900   1.5631318e+11
       1683.5300   1.5533296e+11
       1691.1200   1.5435957e+11
       1698.7300   1.5339107e+11
       1706.3800   1.5242939e+11
       1714.0600   1.5147358e+11
       1721.7800   1.5052362e+11
       1729.5400   1.4958051e+11
       1737.3200   1.4864227e+11
       1745.1500   1.4770987e+11
       1753.0000   1.4678432e+11
       1760.9000   1.4586366e+11
       1768.8300   1.4494886e+11
       1776.7900   1.4403991e+11
       1784.7900   1.4313681e+11
       1792.8300   1.4223957e+11
       1800.9000   1.4134722e+11
       1809.0100   1.4046170e+11
       1817.1600   1.3958009e+11
       1825.3400   1.3870531e+11
       1833.5600   1.3783541e+11
       1841.8200   1.3697137e+11
       1850.1100   1.3611221e+11
       1858.4400   1.3525891e+11
       1866.8100   1.3441147e+11
       1875.2200   1.3356793e+11
       1883.6600   1.3273025e+11
       1892.1400   1.3189843e+11
       1900.6600   1.3107149e+11
       1909.2200   1.3024943e+11
       1917.8200   1.2943323e+11
       1926.4500   1.2862094e+11
       1935.1300   1.2781450e+11
       1943.8400   1.2701294e+11
       1952.6000   1.2621724e+11
       1961.3900   1.2542545e+11
       1970.2200   1.2463952e+11
       1979.0900   1.2385749e+11
       1988.0000   1.2308131e+11
       1996.9600   1.2230905e+11
       2005.9500   1.2154264e+11
       2014.9800   1.2078014e+11
       2024.0500   1.2002251e+11
       2033.1700   1.1927075e+11
       2042.3200   1.1852289e+11
       2051.5200   1.1777894e+11
       2060.7600   1.1704084e+11
       2070.0400   1.1630665e+11
       2079.3600   1.1557734e+11
       2088.7200   1.1485292e+11
       2098.1300   1.1413240e+11
       2107.5800   1.1341675e+11
       2117.0700   1.1270600e+11
       2126.6000   1.1199914e+11
       2136.1700   1.1129717e+11
       2145.7900   1.1059911e+11
       2155.4600   1.0990592e+11
       2165.1600   1.0921664e+11
       2174.9100   1.0853127e+11
       2184.7100   1.0785077e+11
       2194.5400   1.0717516e+11
       2204.4200   1.0650248e+11
       2214.3500   1.0583468e+11
       2224.3200   1.0517176e+11
       2234.3400   1.0451177e+11
       2244.4000   1.0385666e+11
       2254.5100   1.0320546e+11
       2264.6600   1.0255816e+11
       2274.8600   1.0191574e+11
       2285.1000   1.0127626e+11
       2295.3900   1.0064165e+11
       2305.7200   1.0000997e+11
       2316.1100   9.9383179e+10
       2326.5400   9.8760289e+10
       2337.0100   9.8140328e+10
       2347.5400   9.7525346e+10
       2358.1100   9.6913880e+10
       2368.7300   9.6306219e+10
       2379.3900   9.5702368e+10
       2390.1100   9.5102227e+10
       2400.8700   9.4505990e+10
       2411.6800   9.3913366e+10
       2422.5400   9.3324549e+10
       2433.4500   9.2739345e+10
       2444.4100   9.2157850e+10
       2455.4100   9.1579969e+10
       2466.4700   9.1005796e+10
       2477.5800   9.0435139e+10
       2488.7300   8.9868095e+10
       2499.9400   8.9304565e+10
       2511.2000   8.8744647e+10
       2522.5000   8.8188244e+10
       2533.8600   8.7635259e+10
       2545.2700   8.7085691e+10
       2556.7300   8.6539734e+10
       2568.2500   8.5997097e+10
       2579.8100   8.5457779e+10
       2591.4300   8.4921977e+10
       2603.1000   8.4389493e+10
       2614.8200   8.3860330e+10
       2626.5900   8.3334583e+10
       2638.4200   8.2812059e+10
       2650.3000   8.2292757e+10
       2662.2400   8.1776773e+10
       2674.2200   8.1264011e+10
       2686.2700   8.0754471e+10
       2698.3600   8.0248154e+10
       2710.5100   7.9744960e+10
       2722.7200   7.9244891e+10
       2734.9800   7.8748043e+10
       2747.2900   7.8254222e+10
       2759.6600   7.7763526e+10
       2772.0900   7.7275953e+10
       2784.5700   7.6791406e+10
       2797.1100   7.6309888e+10
       2809.7100   7.5831493e+10
       2822.3600   7.5355929e+10
       2835.0700   7.4883489e+10
       2847.8400   7.4413880e+10
       2860.6600   7.3947298e+10
       2873.5400   7.3483647e+10
       2886.4800   7.3022922e+10
       2899.4800   7.2565029e+10
       2912.5300   7.2110067e+10
       2925.6500   7.1657934e+10
       2938.8200   7.1208536e+10
       2952.0600   7.0762065e+10
       2965.3500   7.0318427e+10
       2978.7000   6.9877523e+10
       2992.1100   6.9439351e+10
       3005.5900   6.9003915e+10
       3019.1200   6.8571309e+10
       3032.7200   6.8141242e+10
       3046.3700   6.7714005e+10
       3060.0900   6.7289502e+10
       3073.8700   6.6867539e+10
       3087.7100   6.6448308e+10
       3101.6200   6.6031617e+10
       3115.5800   6.5617561e+10
       3129.6100   6.5206141e+10
       3143.7000   6.4797259e+10
       3157.8600   6.4391014e+10
       3172.0800   6.3987209e+10
       3186.3600   6.3586040e+10
       3200.7100   6.3187313e+10
       3215.1200   6.2791124e+10
       3229.6000   6.2397375e+10
       3244.1400   6.2006165e+10
       3258.7500   6.1617298e+10
       3273.4300   6.1230969e+10
       3288.1700   6.0847082e+10
       3302.9700   6.0465538e+10
       3317.8500   6.0086433e+10
       3332.7900   5.9709673e+10
       3347.7900   5.9335255e+10
       3362.8700   5.8963181e+10
       3378.0100   5.8593449e+10
       3393.2200   5.8226062e+10
       3408.5000   5.7861017e+10
       3423.8500   5.7498219e+10
       3439.2700   5.7137665e+10
       3454.7500   5.6779454e+10
       3470.3100   5.6423391e+10
       3485.9400   5.6069573e+10
       3501.6400   5.5718001e+10
       3517.4000   5.5368676e+10
       3533.2400   5.5021498e+10
       3549.1500   5.4676468e+10
       3565.1300   5.4333683e+10
       3581.1900   5.3992948e+10
       3597.3100   5.3654460e+10
       3613.5100   5.3318020e+10
       3629.7800   5.2983632e+10
       3646.1300   5.2651489e+10
       3662.5500   5.2321298e+10
       3679.0400   5.1993257e+10
       3695.6000   5.1667264e+10
       3712.2500   5.1343225e+10
       3728.9600   5.1021333e+10
       3745.7500   5.0701394e+10
       3762.6200   5.0383505e+10
       3779.5600   5.0067569e+10
       3796.5800   4.9753684e+10
       3813.6800   4.9441652e+10
       3830.8500   4.9131672e+10
       3848.1000   4.8823644e+10
       3865.4300   4.8517472e+10
       3882.8400   4.8213251e+10
       3900.3200   4.7910984e+10
       3917.8800   4.7610570e+10
       3935.5200   4.7312013e+10
       3953.2500   4.7015311e+10
       3971.0500   4.6720561e+10
       3988.9300   4.6427567e+10
       4006.8900   4.6136528e+10
       4024.9300   4.5847148e+10
       4043.0600   4.5559720e+10
       4061.2600   4.5274050e+10
       4079.5500   4.4990136e+10
       4097.9200   4.4708079e+10
       4116.3700   4.4427779e+10
       4134.9100   4.4149138e+10
       4153.5300   4.3872352e+10
       4172.2300   4.3597225e+10
       4191.0200   4.3323857e+10
       4209.8900   4.3052246e+10
       4228.8500   4.2782294e+10
       4247.8900   4.2514002e+10
       4267.0200   4.2247468e+10
       4286.2300   4.1982593e+10
       4305.5300   4.1719379e+10
       4324.9200   4.1457725e+10
       4344.4000   4.1197830e+10
       4363.9600   4.0939496e+10
       4383.6100   4.0682726e+10
       4403.3500   4.0427712e+10
       4423.1800   4.0174162e+10
       4443.0900   3.9922272e+10
       4463.1000   3.9671945e+10
       4483.2000   3.9423179e+10
       4503.3900   3.9175976e+10
       4523.6700   3.8930335e+10
       4544.0300   3.8686256e+10
       4564.5000   3.8443641e+10
       4585.0500   3.8202588e+10
       4605.7000   3.7963097e+10
       4626.4400   3.7725072e+10
       4647.2700   3.7488511e+10
       4668.1900   3.7253412e+10
       4689.2200   3.7019878e+10
       4710.3300   3.6787710e+10
       4731.5400   3.6557104e+10
       4752.8500   3.6327865e+10
       4774.2500   3.6100091e+10
       4795.7500   3.5873683e+10
       4817.3400   3.5648740e+10
       4839.0300   3.5425261e+10
       4860.8200   3.5203148e+10
       4882.7100   3.4982403e+10
       4904.7000   3.4763024e+10
       4926.7800   3.4545110e+10
       4948.9700   3.4328466e+10
       4971.2500   3.4113188e+10
       4993.6400   3.3899277e+10
       5016.1300   3.3686732e+10
       5038.7100   3.3475555e+10
       5061.4000   3.3265647e+10
       5084.1900   3.3057008e+10
       5107.0900   3.2849736e+10
       5130.0900   3.2643832e+10
       5153.1900   3.2439098e+10
       5176.3900   3.2235730e+10
       5199.7000   3.2033536e+10
       5223.1100   3.1832708e+10
       5246.6300   3.1633149e+10
       5270.2600   3.1434761e+10
       5293.9900   3.1237642e+10
       5317.8300   3.1041794e+10
       5341.7700   3.0847213e+10
       5365.8300   3.0653707e+10
       5389.9900   3.0461568e+10
       5414.2600   3.0270504e+10
       5438.6400   3.0080707e+10
       5463.1300   2.9892084e+10
       5487.7300   2.9704727e+10
       5512.4400   2.9518446e+10
       5537.2600   2.9333337e+10
       5562.2000   2.9149399e+10
       5587.2500   2.8966633e+10
       5612.4000   2.8785038e+10
       5637.6800   2.8604517e+10
       5663.0600   2.8425167e+10
       5688.5600   2.8246892e+10
       5714.1800   2.8069788e+10
       5739.9100   2.7893856e+10
       5765.7600   2.7718899e+10
       5791.7200   2.7545115e+10
       5817.8000   2.7372405e+10
       5844.0000   2.7200768e+10
       5870.3100   2.7030206e+10
       5896.7500   2.6860717e+10
       5923.3000   2.6692302e+10
       5949.9700   2.6524962e+10
       5976.7600   2.6358597e+10
       6003.6800   2.6193307e+10
       6030.7100   2.6029091e+10
       6057.8700   2.5865850e+10
       6085.1500   2.5703684e+10
       6112.5500   2.5542494e+10
       6140.0700   2.5382379e+10
       6167.7200   2.5223238e+10
       6195.4900   2.5065076e+10
       6223.3900   2.4907888e+10
       6251.4100   2.4751776e+10
       6279.5600   2.4596541e+10
       6307.8400   2.4442284e+10
       6336.2400   2.4289002e+10
       6364.7800   2.4136696e+10
       6393.4400   2.3985367e+10
       6422.2300   2.3835014e+10
       6451.1400   2.3685541e+10
       6480.1900   2.3537042e+10
       6509.3700   2.3389423e+10
       6538.6900   2.3242781e+10
       6568.1300   2.3097017e+10
       6597.7000   2.2952229e+10
       6627.4100   2.2808319e+10
       6657.2600   2.2665289e+10
       6687.2300   2.2523236e+10
       6717.3500   2.2381963e+10
       6747.5900   2.2241666e+10
       6777.9800   2.2102149e+10
       6808.5000   2.1963610e+10
       6839.1600   2.1825852e+10
       6869.9500   2.1688973e+10
       6900.8900   2.1552972e+10
       6931.9600   2.1417850e+10
       6963.1800   2.1283606e+10
       6994.5300   2.1150143e+10
       7026.0300   2.1017461e+10
       7057.6700   2.0885757e+10
       7089.4500   2.0754735e+10
       7121.3700   2.0624592e+10
       7153.4400   2.0495328e+10
       7185.6500   2.0366747e+10
       7218.0100   2.0239045e+10
       7250.5100   2.0112221e+10
       7283.1600   1.9986081e+10
       7315.9500   1.9860722e+10
       7348.9000   1.9736241e+10
       7381.9900   1.9612445e+10
       7415.2300   1.9489526e+10
       7448.6200   1.9367291e+10
       7482.1600   1.9245838e+10
       7515.8500   1.9125165e+10
       7549.7000   1.9005273e+10
       7583.6900   1.8886065e+10
       7617.8400   1.8767638e+10
       7652.1400   1.8649992e+10
       7686.6000   1.8533029e+10
       7721.2100   1.8416847e+10
       7755.9800   1.8301350e+10
       7790.9100   1.8186632e+10
       7825.9900   1.8072598e+10
       7861.2300   1.7959247e+10
       7896.6300   1.7846679e+10
       7932.1900   1.7734793e+10
       7967.9000   1.7623591e+10
       8003.7800   1.7513071e+10
       8039.8200   1.7403235e+10
       8076.0300   1.7294083e+10
       8112.3900   1.7185711e+10
       8148.9200   1.7077927e+10
       8185.6200   1.6970825e+10
       8222.4800   1.6864406e+10
       8259.5000   1.6758671e+10
       8296.6900   1.6653620e+10
       8334.0500   1.6549154e+10
       8371.5800   1.6445370e+10
       8409.2800   1.6342272e+10
       8447.1400   1.6239856e+10
       8485.1800   1.6138027e+10
       8523.3900   1.6036783e+10
       8561.7700   1.5936222e+10
       8600.3200   1.5836344e+10
       8639.0500   1.5737053e+10
       8677.9500   1.5638347e+10
       8717.0300   1.5540326e+10
       8756.2800   1.5442889e+10
       8795.7100   1.5346038e+10
       8835.3200   1.5249774e+10
       8875.1000   1.5154192e+10
       8915.0700   1.5059197e+10
       8955.2100   1.4964689e+10
       8995.5400   1.4870865e+10
       9036.0400   1.4777627e+10
       9076.7300   1.4684974e+10
       9117.6000   1.4592908e+10
       9158.6600   1.4501427e+10
       9199.9000   1.4410531e+10
       9241.3300   1.4320125e+10
       9282.9400   1.4230303e+10
       9324.7400   1.4141068e+10
       9366.7300   1.4052419e+10
       9408.9100   1.3964355e+10
       9451.2800   1.3876779e+10
       9493.8300   1.3789790e+10
       9536.5800   1.3703288e+10
       9579.5300   1.3617372e+10
       9622.6600   1.3531944e+10
       9665.9900   1.3447102e+10
       9709.5200   1.3362846e+10
       9753.2400   1.3279078e+10
       9797.1600   1.3195799e+10
       9841.2800   1.3113007e+10
       9885.5900   1.3030801e+10
       9930.1100   1.2949083e+10
       9974.8200   1.2867951e+10
       10019.700   1.2787210e+10
       10064.900   1.2707054e+10
       10110.200   1.2627387e+10
       10155.700   1.2548208e+10
       10201.400   1.2469517e+10
       10247.400   1.2391314e+10
       10293.500   1.2313599e+10
       10339.900   1.2236372e+10
       10386.400   1.2159731e+10
       10433.200   1.2083481e+10
       10480.200   1.2007719e+10
       10527.400   1.1932347e+10
       10574.800   1.1857561e+10
       10622.400   1.1783264e+10
       10670.200   1.1709356e+10
       10718.300   1.1635937e+10
       10766.500   1.1562909e+10
       10815.000   1.1490466e+10
       10863.700   1.1418414e+10
       10912.600   1.1346850e+10
       10961.800   1.1275676e+10
       11011.100   1.1204991e+10
       11060.700   1.1134696e+10
       11110.500   1.1064890e+10
       11160.500   1.0995474e+10
       11210.800   1.0926546e+10
       11261.300   1.0858008e+10
       11312.000   1.0789959e+10
       11362.900   1.0722300e+10
       11414.100   1.0655032e+10
       11465.500   1.0588252e+10
       11517.100   1.0521862e+10
       11569.000   1.0455863e+10
       11621.100   1.0390353e+10
       11673.400   1.0325232e+10
       11726.000   1.0260405e+10
       11778.800   1.0196163e+10
       11831.800   1.0132215e+10
       11885.100   1.0068656e+10
       11938.600   1.0005489e+10
       11992.400   9.9428090e+09
       12046.400   9.8804224e+09
       12100.600   9.8185239e+09
       12155.100   9.7569184e+09
       12209.800   9.6957423e+09
       12264.800   9.6349470e+09
       12320.000   9.5745326e+09
       12375.500   9.5144989e+09
       12431.200   9.4548459e+09
