       1.2543500   3.6851732e+10
       1.2599900   3.6581060e+10
       1.2656700   3.6312272e+10
       1.2713700   3.6045367e+10
       1.2770900   3.5780421e+10
       1.2828400   3.5517282e+10
       1.2886200   3.5255952e+10
       1.2944200   3.4996505e+10
       1.3002500   3.4738866e+10
       1.3061100   3.4483034e+10
       1.3119900   3.4229087e+10
       1.3178900   3.3976872e+10
       1.3238300   3.3726389e+10
       1.3297900   3.3477790e+10
       1.3357800   3.3230848e+10
       1.3417900   3.2985714e+10
       1.3478300   3.2742238e+10
       1.3539000   3.2500569e+10
       1.3600000   3.2260558e+10
       1.3661200   3.2022280e+10
       1.3722800   3.1785659e+10
       1.3784600   3.1550770e+10
       1.3846600   3.1317539e+10
       1.3909000   3.1085890e+10
       1.3971600   3.0855973e+10
       1.4034500   3.0627639e+10
       1.4097700   3.0400961e+10
       1.4161200   3.0175866e+10
       1.4225000   2.9952428e+10
       1.4289000   2.9730572e+10
       1.4353400   2.9510223e+10
       1.4418000   2.9291531e+10
       1.4482900   2.9074346e+10
       1.4548100   2.8858743e+10
       1.4613600   2.8644646e+10
       1.4679500   2.8432056e+10
       1.4745600   2.8221048e+10
       1.4812000   2.8011547e+10
       1.4878600   2.7803477e+10
       1.4945600   2.7596989e+10
       1.5012900   2.7391933e+10
       1.5080500   2.7188307e+10
       1.5148500   2.6986189e+10
       1.5216700   2.6785501e+10
       1.5285200   2.6586246e+10
       1.5354000   2.6388421e+10
       1.5423200   2.6192028e+10
       1.5492600   2.5997066e+10
       1.5562400   2.5803535e+10
       1.5632400   2.5611285e+10
       1.5702800   2.5420542e+10
       1.5773500   2.5231079e+10
       1.5844600   2.5043048e+10
       1.5915900   2.4856297e+10
       1.5987600   2.4670902e+10
       1.6059600   2.4486864e+10
       1.6131900   2.4304181e+10
       1.6204500   2.4122779e+10
       1.6277500   2.3942733e+10
       1.6350800   2.3763967e+10
       1.6424400   2.3586483e+10
       1.6498400   2.3410279e+10
       1.6572700   2.3235355e+10
       1.6647300   2.3061637e+10
       1.6722300   2.2889200e+10
       1.6797600   2.2718043e+10
       1.6873200   2.2548167e+10
       1.6949200   2.2379496e+10
       1.7025500   2.2211955e+10
       1.7102200   2.2045771e+10
       1.7179200   2.1880716e+10
       1.7256500   2.1716867e+10
       1.7334300   2.1554147e+10
       1.7412300   2.1392708e+10
       1.7490700   2.1232400e+10
       1.7569500   2.1073221e+10
       1.7648600   2.0915247e+10
       1.7728100   2.0758404e+10
       1.7807900   2.0602690e+10
       1.7888100   2.0448182e+10
       1.7968600   2.0294729e+10
       1.8049500   2.0142405e+10
       1.8130800   1.9991212e+10
       1.8212500   1.9841073e+10
       1.8294500   1.9692064e+10
       1.8376800   1.9544110e+10
       1.8459600   1.9397286e+10
       1.8542700   1.9251517e+10
       1.8626200   1.9106802e+10
       1.8710100   1.8963142e+10
       1.8794300   1.8820536e+10
       1.8879000   1.8678985e+10
       1.8964000   1.8538414e+10
       1.9049400   1.8398972e+10
       1.9135200   1.8260435e+10
       1.9221300   1.8123027e+10
       1.9307900   1.7986524e+10
       1.9394800   1.7851075e+10
       1.9482100   1.7716605e+10
       1.9569900   1.7583115e+10
       1.9658000   1.7450604e+10
       1.9746500   1.7319073e+10
       1.9835400   1.7188520e+10
       1.9924800   1.7058948e+10
       2.0014500   1.6930279e+10
       2.0104600   1.6802589e+10
       2.0195100   1.6675804e+10
       2.0286100   1.6549922e+10
       2.0377400   1.6425020e+10
       2.0469200   1.6301022e+10
       2.0561300   1.6177927e+10
       2.0653900   1.6055737e+10
       2.0746900   1.5934451e+10
       2.0840400   1.5814069e+10
       2.0934200   1.5694590e+10
       2.1028500   1.5576016e+10
       2.1123200   1.5458195e+10
       2.1218300   1.5341354e+10
       2.1313800   1.5225341e+10
       2.1409800   1.5110156e+10
       2.1506200   1.4995876e+10
       2.1603000   1.4882425e+10
       2.1700300   1.4769802e+10
       2.1798000   1.4658007e+10
       2.1896200   1.4547042e+10
       2.1994800   1.4436905e+10
       2.2093800   1.4327521e+10
       2.2193300   1.4218966e+10
       2.2293200   1.4111315e+10
       2.2393600   1.4004342e+10
       2.2494500   1.3898198e+10
       2.2595800   1.3792882e+10
       2.2697500   1.3688320e+10
       2.2799700   1.3584511e+10
       2.2902400   1.3481455e+10
       2.3005500   1.3379228e+10
       2.3109100   1.3277679e+10
       2.3213200   1.3176959e+10
       2.3317700   1.3076992e+10
       2.3422700   1.2977703e+10
       2.3528200   1.2879168e+10
       2.3634100   1.2781385e+10
       2.3740500   1.2684281e+10
       2.3847400   1.2588005e+10
       2.3954800   1.2492332e+10
       2.4062700   1.2397413e+10
       2.4171000   1.2303246e+10
       2.4279900   1.2209683e+10
       2.4389200   1.2116872e+10
       2.4499000   1.2024740e+10
       2.4609400   1.1933286e+10
       2.4720200   1.1842585e+10
       2.4831500   1.1752486e+10
       2.4943300   1.1663066e+10
       2.5055600   1.1574323e+10
       2.5168400   1.1486259e+10
       2.5281800   1.1398797e+10
       2.5395600   1.1312014e+10
       2.5510000   1.1225908e+10
       2.5624800   1.1140405e+10
       2.5740200   1.1055580e+10
       2.5856100   1.0971358e+10
       2.5972600   1.0887738e+10
       2.6089500   1.0804796e+10
       2.6207000   1.0722457e+10
       2.6325000   1.0640721e+10
       2.6443500   1.0559587e+10
       2.6562600   1.0479131e+10
       2.6682200   1.0399203e+10
       2.6802400   1.0319877e+10
       2.6923100   1.0241154e+10
       2.7044300   1.0163034e+10
       2.7166100   1.0085516e+10
       2.7288400   1.0008526e+10
       2.7411300   9.9321379e+09
       2.7534700   9.8563528e+09
       2.7658700   9.7810951e+09
       2.7783200   9.7064400e+09
       2.7908400   9.6323122e+09
       2.8034000   9.5587118e+09
       2.8160300   9.4857141e+09
       2.8287100   9.4132437e+09
       2.8414400   9.3413006e+09
       2.8542400   9.2699602e+09
       2.8670900   9.1990718e+09
       2.8800000   9.1287860e+09
       2.8929700   9.0589523e+09
       2.9060000   8.9897212e+09
       2.9190800   8.9209421e+09
       2.9322300   8.8527656e+09
       2.9454300   8.7850412e+09
       2.9587000   8.7178441e+09
       2.9720200   8.6510990e+09
       2.9854000   8.5848812e+09
       2.9988400   8.5191908e+09
       3.0123500   8.4540277e+09
       3.0259100   8.3893166e+09
       3.0395400   8.3250575e+09
       3.0532200   8.2613257e+09
       3.0669700   8.1980459e+09
       3.0807800   8.1352935e+09
       3.0946600   8.0729177e+09
       3.1085900   8.0110693e+09
       3.1225900   7.9497481e+09
       3.1366500   7.8888037e+09
       3.1507700   7.8283112e+09
       3.1649600   7.7683461e+09
       3.1792100   7.7087577e+09
       3.1935300   7.6496965e+09
       3.2079100   7.5910121e+09
       3.2223600   7.5328248e+09
       3.2368700   7.4750519e+09
       3.2514400   7.4177159e+09
       3.2660800   7.3608093e+09
       3.2807900   7.3043396e+09
       3.2955600   7.2482918e+09
       3.3104000   7.1926659e+09
       3.3253100   7.1374618e+09
       3.3402800   7.0826796e+09
       3.3553200   7.0283042e+09
       3.3704300   6.9743431e+09
       3.3856100   6.9207888e+09
       3.4008500   6.8676413e+09
       3.4161700   6.8148931e+09
       3.4315500   6.7625517e+09
       3.4470000   6.7106020e+09
       3.4625200   6.6590441e+09
       3.4781200   6.6078778e+09
       3.4937800   6.5570958e+09
       3.5095100   6.5066980e+09
       3.5253100   6.4566844e+09
       3.5411900   6.4070549e+09
       3.5571300   6.3577947e+09
       3.5731500   6.3089110e+09
       3.5892400   6.2603965e+09
       3.6054000   6.2122512e+09
       3.6216400   6.1644674e+09
       3.6379500   6.1170528e+09
       3.6543300   6.0699922e+09
       3.6707800   6.0232857e+09
       3.6873100   5.9769408e+09
       3.7039200   5.9309424e+09
       3.7206000   5.8852981e+09
       3.7373500   5.8400003e+09
       3.7541800   5.7950416e+09
       3.7710800   5.7504293e+09
       3.7880600   5.7061485e+09
       3.8051200   5.6622143e+09
       3.8222600   5.6186040e+09
       3.8394700   5.5753327e+09
       3.8567600   5.5323853e+09
       3.8741200   5.4897694e+09
       3.8915700   5.4474698e+09
       3.9090900   5.4055018e+09
       3.9266900   5.3638501e+09
       3.9443800   5.3225073e+09
       3.9621400   5.2814885e+09
       3.9799800   5.2407785e+09
       3.9979000   5.2003774e+09
       4.0159000   5.1602851e+09
       4.0339900   5.1204942e+09
       4.0521500   5.0810121e+09
       4.0704000   5.0418314e+09
       4.0887300   5.0029445e+09
       4.1071400   4.9643513e+09
       4.1256300   4.9260595e+09
       4.1442100   4.8880540e+09
       4.1628700   4.8503423e+09
       4.1816100   4.8129168e+09
       4.2004400   4.7757776e+09
       4.2193600   4.7389171e+09
       4.2383600   4.7023429e+09
       4.2574400   4.6660399e+09
       4.2766100   4.6300232e+09
       4.2958700   4.5942776e+09
       4.3152200   4.5588033e+09
       4.3346500   4.5236001e+09
       4.3541700   4.4886682e+09
       4.3737700   4.4539999e+09
       4.3934700   4.4195953e+09
       4.4132500   4.3854544e+09
       4.4331200   4.3515771e+09
       4.4530900   4.3179559e+09
       4.4731400   4.2845985e+09
       4.4932800   4.2514896e+09
       4.5135100   4.2186293e+09
       4.5338400   4.1860251e+09
       4.5542500   4.1536696e+09
       4.5747600   4.1215626e+09
       4.5953600   4.0897043e+09
       4.6160500   4.0580870e+09
       4.6368400   4.0267032e+09
       4.6577200   3.9955681e+09
       4.6786900   3.9646740e+09
       4.6997600   3.9340134e+09
       4.7209200   3.9035789e+09
       4.7421800   3.8733854e+09
       4.7635400   3.8434254e+09
       4.7849900   3.8136914e+09
       4.8065300   3.7841835e+09
       4.8281800   3.7549015e+09
       4.8499200   3.7258455e+09
       4.8717600   3.6970156e+09
       4.8936900   3.6683965e+09
       4.9157300   3.6400035e+09
       4.9378600   3.6118289e+09
       4.9601000   3.5838653e+09
       4.9824300   3.5561201e+09
       5.0048700   3.5285859e+09
       5.0274100   3.5012701e+09
       5.0500500   3.4741578e+09
       5.0727800   3.4472488e+09
       5.0956300   3.4205507e+09
       5.1185700   3.3940561e+09
       5.1416200   3.3677649e+09
       5.1647700   3.3416770e+09
       5.1880300   3.3157850e+09
       5.2113900   3.2900965e+09
       5.2348600   3.2646038e+09
       5.2584300   3.2393069e+09
       5.2821100   3.2141984e+09
       5.3059000   3.1892933e+09
       5.3297900   3.1645765e+09
       5.3537900   3.1400405e+09
       5.3779000   3.1157004e+09
       5.4021100   3.0915486e+09
       5.4264400   3.0675777e+09
       5.4508700   3.0437950e+09
       5.4754200   3.0201931e+09
       5.5000700   2.9967721e+09
       5.5248400   2.9735318e+09
       5.5497200   2.9504724e+09
       5.5747100   2.9275862e+09
       5.5998100   2.9048808e+09
       5.6250300   2.8823412e+09
       5.6503600   2.8599823e+09
       5.6758000   2.8377967e+09
       5.7013600   2.8157769e+09
       5.7270300   2.7939303e+09
       5.7528200   2.7722494e+09
       5.7787200   2.7507343e+09
       5.8047500   2.7293849e+09
       5.8308800   2.7082012e+09
       5.8571400   2.6871833e+09
       5.8835100   2.6663236e+09
       5.9100100   2.6456221e+09
       5.9366200   2.6250863e+09
       5.9633500   2.6047011e+09
       5.9902000   2.5844817e+09
       6.0171800   2.5644130e+09
       6.0442700   2.5444950e+09
       6.0714900   2.5247351e+09
       6.0988300   2.5051259e+09
       6.1262900   2.4856674e+09
       6.1538800   2.4663595e+09
       6.1815900   2.4472023e+09
       6.2094300   2.4281958e+09
       6.2373900   2.4226211e+09
       6.2654700   2.4085715e+09
       6.2936900   2.3946575e+09
       6.3220300   2.3808640e+09
       6.3504900   2.3672061e+09
       6.3790900   2.3536612e+09
       6.4078200   2.3402519e+09
       6.4366700   2.3269556e+09
       6.4656500   2.3137874e+09
       6.4947700   2.3007322e+09
       6.5240100   2.2877975e+09
       6.5533900   2.2749758e+09
       6.5829000   2.2622747e+09
       6.6125400   2.2496865e+09
       6.6423200   2.2372114e+09
       6.6722300   2.2248417e+09
       6.7022700   2.2125850e+09
       6.7324500   2.2004413e+09
       6.7627700   2.1884031e+09
       6.7932200   2.1764703e+09
       6.8238100   2.1646355e+09
       6.8545400   2.1529137e+09
       6.8854000   2.1412898e+09
       6.9164100   2.1297713e+09
       6.9475500   2.1183508e+09
       6.9788400   2.1070358e+09
       7.0102600   2.0958112e+09
       7.0418300   2.0846845e+09
       7.0735400   2.0736557e+09
       7.1053900   2.0627249e+09
       7.1373900   2.0518769e+09
       7.1695300   2.0411344e+09
       7.2018100   2.0304748e+09
       7.2342400   2.0199131e+09
       7.2668100   2.0094343e+09
       7.2995400   1.9990534e+09
       7.3324100   1.9887554e+09
       7.3654200   1.9785402e+09
       7.3985900   1.9684154e+09
       7.4319100   1.9583735e+09
       7.4653700   1.9484145e+09
       7.4989900   1.9385459e+09
       7.5327500   1.9287526e+09
       7.5666700   1.9190421e+09
       7.6007500   1.9094146e+09
       7.6349700   1.8998699e+09
       7.6693500   1.8903930e+09
       7.7038900   1.8810065e+09
       7.7385800   1.8716878e+09
       7.7734200   1.8624519e+09
       7.8084300   1.8532839e+09
       7.8435900   1.8441987e+09
       7.8789100   1.8351814e+09
       7.9143900   1.8262393e+09
       7.9500200   1.8173726e+09
       7.9858200   1.8085737e+09
       8.0217800   1.7998502e+09
       8.0579000   1.7911869e+09
       8.0941900   1.7826064e+09
       8.1306400   1.7740862e+09
       8.1672500   1.7656339e+09
       8.2040200   1.7572493e+09
       8.2409700   1.7489325e+09
       8.2780800   1.7406836e+09
       8.3153500   1.7324949e+09
       8.3527900   1.7243740e+09
       8.3904100   1.7163209e+09
       8.4281900   1.7083205e+09
       8.4661400   1.7003879e+09
       8.5042600   1.6925231e+09
       8.5425600   1.6847111e+09
       8.5810200   1.6769669e+09
       8.6196600   1.6692754e+09
       8.6584800   1.6616516e+09
       8.6974700   1.6540807e+09
       8.7366300   1.6465700e+09
       8.7759700   1.6391120e+09
       8.8154900   1.6317143e+09
       8.8551800   1.6243768e+09
       8.8950600   1.6170921e+09
       8.9351100   1.6098677e+09
       8.9753500   1.6026885e+09
       9.0157600   1.5955695e+09
       9.0563600   1.5885032e+09
       9.0971400   1.5814897e+09
       9.1381100   1.5745289e+09
       9.1792500   1.5676209e+09
       9.2205900   1.5607656e+09
       9.2621100   1.5539630e+09
       9.3038100   1.5472056e+09
       9.3457100   1.5405010e+09
       9.3878000   1.5338491e+09
       9.4300700   1.5272424e+09
       9.4725300   1.5206884e+09
       9.5151900   1.5141796e+09
       9.5580300   1.5077160e+09
       9.6010700   1.5012977e+09
       9.6443100   1.4949320e+09
       9.6877300   1.4886116e+09
       9.7313600   1.4823363e+09
       9.7751800   1.4761138e+09
       9.8191900   1.4699290e+09
       9.8634100   1.4637893e+09
       9.9078200   1.4576949e+09
       9.9524400   1.4516381e+09
       9.9972500   1.4456341e+09
       10.042300   1.4396677e+09
       10.087500   1.4337465e+09
       10.132900   1.4278630e+09
       10.178500   1.4220247e+09
       10.224400   1.4162240e+09
       10.270400   1.4104686e+09
       10.316700   1.4047508e+09
       10.363100   1.3990782e+09
       10.409800   1.3934433e+09
       10.456700   1.3878461e+09
       10.503700   1.3822865e+09
       10.551000   1.3767721e+09
       10.598600   1.3712879e+09
       10.646300   1.3658488e+09
       10.694200   1.3604399e+09
       10.742400   1.3550762e+09
       10.790700   1.3497426e+09
       10.839300   1.3444467e+09
       10.888100   1.3391884e+09
       10.937200   1.3339679e+09
       10.986400   1.3287849e+09
       11.035900   1.3236322e+09
       11.085600   1.3185170e+09
       11.135500   1.3134321e+09
       11.185600   1.3083847e+09
       11.236000   1.3033751e+09
       11.286600   1.2983956e+09
       11.337400   1.2934462e+09
       11.388500   1.2885345e+09
       11.439800   1.2836529e+09
       11.491300   1.2788090e+09
       11.543000   1.2739952e+09
       11.595000   1.2692116e+09
       11.647200   1.2644580e+09
       11.699700   1.2597347e+09
       11.752300   1.2550489e+09
       11.805300   1.2503934e+09
       11.858400   1.2457604e+09
       11.911800   1.2411651e+09
       11.965500   1.2365999e+09
       12.019300   1.2320573e+09
       12.073500   1.2275524e+09
       12.127800   1.2230700e+09
       12.182400   1.2186179e+09
       12.237300   1.2141958e+09
       12.292400   1.2098039e+09
       12.347800   1.2054421e+09
       12.403400   1.2011029e+09
       12.459200   1.1967939e+09
       12.515300   1.1925150e+09
       12.571700   1.1882586e+09
       12.628300   1.1840325e+09
       12.685100   1.1798289e+09
       12.742300   1.1756554e+09
       12.799600   1.1715046e+09
       12.857300   1.1673838e+09
       12.915200   1.1632857e+09
       12.973300   1.1592177e+09
       13.031700   1.1551724e+09
       13.090400   1.1511496e+09
       13.149400   1.1471569e+09
       13.208600   1.1431869e+09
       13.268100   1.1392394e+09
       13.327800   1.1353221e+09
       13.387800   1.1314274e+09
       13.448100   1.1275477e+09
       13.508700   1.1237057e+09
       13.569500   1.1198788e+09
       13.630600   1.1160745e+09
       13.692000   1.1122928e+09
       13.753600   1.1085412e+09
       13.815600   1.1048047e+09
       13.877800   1.1010907e+09
       13.940300   1.0974070e+09
       14.003000   1.0937382e+09
       14.066100   1.0900921e+09
       14.129400   1.0864686e+09
       14.193100   1.0828677e+09
       14.257000   1.0792894e+09
       14.321200   1.0757336e+09
       14.385600   1.0721930e+09
       14.450400   1.0686825e+09
       14.515500   1.0651870e+09
       14.580900   1.0617066e+09
       14.646500   1.0582564e+09
       14.712500   1.0548212e+09
       14.778700   1.0514086e+09
       14.845300   1.0480111e+09
       14.912100   1.0446361e+09
       14.979300   1.0412838e+09
       15.046700   1.0379466e+09
       15.114500   1.0346319e+09
       15.182500   1.0313399e+09
       15.250900   1.0280629e+09
       15.319600   1.0248009e+09
       15.388500   1.0215616e+09
       15.457800   1.0183374e+09
       15.527400   1.0151357e+09
       15.597400   1.0119491e+09
       15.667600   1.0087851e+09
       15.738200   1.0056362e+09
       15.809000   1.0025024e+09
       15.880200   9.9939110e+08
       15.951700   9.9629491e+08
       16.023500   9.9321379e+08
       16.095700   9.9015526e+08
       16.168200   9.8711181e+08
       16.241000   9.8408342e+08
       16.314100   9.8107763e+08
       16.387600   9.7807937e+08
       16.461400   9.7510372e+08
       16.535500   9.7214313e+08
       16.610000   9.6919760e+08
       16.684800   9.6627468e+08
       16.759900   9.6335929e+08
       16.835400   9.6046650e+08
       16.911200   9.5758878e+08
       16.987300   9.5471859e+08
       17.063800   9.5187100e+08
       17.140600   9.4903847e+08
       17.217800   9.4622102e+08
       17.295400   9.4341863e+08
       17.373200   9.4063130e+08
       17.451500   9.3785905e+08
       17.530100   9.3510186e+08
       17.609000   9.3235973e+08
       17.688300   9.2963268e+08
       17.767900   9.2692069e+08
       17.847900   9.2421623e+08
       17.928300   9.2153437e+08
       18.009000   9.1886758e+08
       18.090100   9.1620832e+08
       18.171600   9.1356413e+08
       18.253400   9.1093501e+08
       18.335600   9.0832095e+08
       18.418200   9.0572196e+08
       18.501100   9.0313804e+08
       18.584400   9.0056164e+08
       18.668100   8.9800032e+08
       18.752200   8.9545406e+08
       18.836600   8.9292287e+08
       18.921400   8.9039921e+08
       19.006600   8.8789062e+08
       19.092200   8.8539710e+08
       19.178200   8.8291111e+08
       19.264500   8.8044771e+08
       19.351300   8.7799186e+08
       19.438400   8.7554353e+08
       19.526000   8.7311027e+08
       19.613900   8.7069208e+08
       19.702200   8.6828896e+08
       19.790900   8.6589337e+08
       19.880000   8.6350531e+08
       19.969600   8.6113985e+08
       20.059500   8.5877439e+08
       20.149800   8.5643153e+08
       20.240500   8.5409621e+08
       20.331700   8.5176842e+08
       20.423200   8.4946322e+08
       20.515200   8.4715803e+08
       20.607600   8.4486791e+08
       20.700400   8.4259285e+08
       20.793600   8.4032532e+08
       20.887200   8.3806533e+08
       20.981300   8.3582794e+08
       21.075800   8.3359055e+08
       21.170700   8.3136822e+08
       21.266000   8.2915343e+08
       21.361700   8.2695370e+08
       21.457900   8.2476151e+08
       21.554600   8.2258438e+08
       21.651600   8.2041479e+08
       21.749100   8.1826027e+08
       21.847100   8.1610574e+08
       21.945400   8.1397381e+08
       22.044200   8.1184189e+08
       22.143500   8.0972503e+08
       22.243200   8.0761570e+08
       22.343400   8.0552144e+08
       22.444000   8.0343472e+08
       22.545100   8.0135553e+08
       22.646600   7.9928387e+08
       22.748600   7.9722727e+08
       22.851000   7.9517821e+08
       22.953900   7.9314422e+08
       23.057200   7.9111023e+08
       23.161100   7.8909130e+08
       23.265400   7.8707991e+08
       23.370100   7.8508358e+08
       23.475400   7.8308726e+08
       23.581100   7.8110600e+08
       23.687300   7.7913227e+08
       23.793900   7.7717361e+08
       23.901100   7.7521495e+08
       24.008700   7.7327136e+08
       24.116800   7.7133530e+08
       24.225400   7.6940677e+08
       24.334500   7.6748578e+08
       24.444100   7.6557232e+08
       24.554100   7.6367392e+08
       24.664700   7.6177553e+08
       24.775800   7.5989220e+08
       24.887300   7.5801641e+08
       24.999400   7.5614815e+08
       25.112000   7.5428742e+08
       25.225000   7.5243724e+08
       25.338600   7.5059384e+08
       25.452700   7.4875948e+08
       25.567300   7.4693266e+08
       25.682500   7.4511412e+08
       25.798100   7.4330311e+08
       25.914300   7.4150114e+08
       26.031000   7.3970671e+08
       26.148200   7.3791981e+08
       26.265900   7.3614119e+08
       26.384200   7.3437011e+08
       26.503000   7.3260657e+08
       26.622400   7.3085131e+08
       26.742200   7.2910358e+08
       26.862700   7.2736338e+08
       26.983600   7.2562997e+08
       27.105100   7.2390484e+08
       27.227200   7.2218725e+08
       27.349800   7.2047719e+08
       27.472900   7.1877391e+08
       27.596600   7.1707816e+08
       27.720900   7.1538919e+08
       27.845700   7.1370851e+08
       27.971100   7.1203386e+08
       28.097100   7.1036674e+08
       28.223600   7.0870715e+08
       28.350700   7.0705434e+08
       28.478300   7.0540831e+08
       28.606600   7.0376907e+08
       28.735400   7.0213660e+08
       28.864800   7.0051167e+08
       28.994800   6.9889276e+08
       29.125300   6.9728138e+08
       29.256500   6.9567604e+08
       29.388200   6.9407747e+08
       29.520600   6.9248568e+08
       29.653500   6.9090067e+08
       29.787000   6.8932244e+08
       29.921200   6.8775024e+08
       30.055900   6.8618407e+08
       30.191200   6.8462543e+08
       30.327200   6.8307206e+08
       30.463700   6.8152547e+08
       30.600900   6.7998566e+08
       30.738700   6.7845188e+08
       30.877100   6.7692413e+08
       31.016200   6.7540240e+08
       31.155800   6.7388670e+08
       31.296100   6.7237778e+08
       31.437000   6.7087413e+08
       31.578600   6.6937726e+08
       31.720800   6.6788642e+08
       31.863600   6.6640085e+08
       32.007100   6.6492131e+08
       32.151200   6.6344780e+08
       32.296000   6.6198031e+08
       32.441500   6.6051885e+08
       32.587500   6.5906266e+08
       32.734300   6.5761250e+08
       32.881700   6.5616836e+08
       33.029700   6.5472950e+08
       33.178500   6.5329591e+08
       33.327900   6.5186835e+08
       33.477900   6.5044681e+08
       33.628700   6.4902980e+08
       33.780100   6.4761881e+08
       33.932200   6.4621310e+08
       34.085000   6.4481341e+08
       34.238500   6.4341824e+08
       34.392700   6.4202910e+08
       34.547600   6.4064523e+08
       34.703100   6.3926588e+08
       34.859400   6.3789331e+08
       35.016400   6.3652451e+08
       35.174000   6.3516173e+08
       35.332400   6.3380423e+08
       35.491500   6.3245125e+08
       35.651300   6.3110354e+08
       35.811900   6.2976111e+08
       35.973100   6.2842394e+08
       36.135100   6.2709206e+08
       36.297800   6.2576469e+08
       36.461300   6.2444184e+08
       36.625500   6.2312426e+08
       36.790400   6.2181196e+08
       36.956100   6.2050418e+08
       37.122500   6.1920167e+08
       37.289600   6.1790368e+08
       37.457500   6.1661021e+08
       37.626200   6.1532202e+08
       37.795600   6.1403834e+08
       37.965800   6.1275919e+08
       38.136800   6.1148455e+08
       38.308500   6.1021519e+08
       38.481000   6.0895035e+08
       38.654300   6.0769002e+08
       38.828400   6.0643422e+08
       39.003200   6.0518294e+08
       39.178800   6.0393618e+08
       39.355200   6.0269393e+08
       39.532500   6.0145621e+08
       39.710500   6.0022301e+08
       39.889300   5.9899357e+08
       40.068900   5.9776941e+08
       40.249300   5.9654902e+08
       40.430600   5.9533314e+08
       40.612600   5.9412178e+08
       40.795500   5.9291495e+08
       40.979200   5.9171188e+08
       41.163700   5.9051333e+08
       41.349100   5.8931855e+08
       41.535300   5.8812829e+08
       41.722300   5.8694254e+08
       41.910200   5.8576057e+08
       42.098900   5.8458311e+08
       42.288500   5.8340942e+08
       42.478900   5.8223950e+08
       42.670200   5.8107410e+08
       42.862300   5.7991246e+08
       43.055300   5.7875535e+08
       43.249200   5.7760124e+08
       43.444000   5.7645241e+08
       43.639600   5.7530660e+08
       43.836100   5.7416530e+08
       44.033500   5.7302702e+08
       44.231800   5.7189326e+08
       44.430900   5.7076326e+08
       44.631000   5.6963703e+08
       44.832000   5.6851532e+08
       45.033900   5.6739663e+08
       45.236600   5.6628170e+08
       45.440300   5.6517053e+08
       45.645000   5.6406314e+08
       45.850500   5.6296026e+08
       46.057000   5.6186040e+08
       46.264300   5.6076430e+08
       46.472700   5.5967197e+08
       46.681900   5.5858266e+08
       46.892100   5.5749786e+08
       47.103300   5.5641608e+08
       47.315400   5.5533731e+08
       47.528500   5.5426306e+08
       47.742500   5.5319257e+08
       47.957500   5.5212511e+08
       48.173400   5.5106140e+08
       48.390300   5.5000071e+08
       48.608200   5.4894379e+08
       48.827100   5.4788988e+08
       49.047000   5.4683974e+08
       49.267800   5.4579336e+08
       49.489700   5.4475000e+08
       49.712500   5.4370965e+08
       49.936400   5.4267307e+08
       50.161300   5.4164025e+08
       50.387100   5.4060969e+08
       50.614000   5.3958366e+08
       50.841900   5.3855988e+08
       51.070900   5.3753987e+08
       51.300800   5.3652363e+08
       51.531800   5.3550964e+08
       51.763900   5.3449943e+08
       51.997000   5.3349222e+08
       52.231100   5.3248803e+08
       52.466300   5.3148686e+08
       52.702600   5.3048945e+08
       52.939900   5.2949505e+08
       53.178300   5.2850367e+08
       53.417800   5.2751530e+08
       53.658300   5.2652994e+08
       53.899900   5.2554760e+08
       54.142600   5.2456827e+08
       54.386400   5.2359195e+08
       54.631300   5.2261940e+08
       54.877300   5.2164911e+08
       55.124400   5.2068184e+08
       55.372700   5.1971833e+08
       55.622000   5.1875708e+08
       55.872500   5.1779884e+08
       56.124100   5.1684362e+08
       56.376800   5.1589141e+08
       56.630600   5.1494146e+08
       56.885600   5.1399527e+08
       57.141800   5.1305135e+08
       57.399100   5.1211044e+08
       57.657600   5.1117254e+08
       57.917200   5.1023766e+08
       58.178000   5.0930504e+08
       58.440000   5.0837543e+08
       58.703100   5.0744883e+08
       58.967500   5.0652525e+08
       59.233000   5.0560392e+08
       59.499700   5.0468486e+08
       59.767600   5.0376956e+08
       60.036800   5.0285652e+08
       60.307100   5.0194650e+08
       60.578700   5.0103874e+08
       60.851500   5.0013323e+08
       61.125500   4.9923150e+08
       61.400700   4.9833127e+08
       61.677200   4.9743480e+08
       61.954900   4.9653985e+08
       62.233900   4.9564866e+08
       62.514100   4.9475897e+08
       62.795600   4.9387306e+08
       63.078400   4.9298865e+08
       63.362400   4.9210725e+08
       63.647800   4.9122811e+08
       63.934400   4.9035199e+08
       64.222300   4.8947812e+08
       64.511400   4.8860652e+08
       64.801900   4.8773793e+08
       65.093700   4.8687160e+08
       65.386800   4.8600753e+08
       65.681300   4.8514647e+08
       65.977000   4.8428768e+08
       66.274100   4.8343114e+08
       66.572600   4.8257686e+08
       66.872300   4.8172485e+08
       67.173500   4.8087584e+08
       67.475900   4.8002910e+08
       67.779800   4.7918461e+08
       68.085000   4.7834239e+08
       68.391600   4.7750243e+08
       68.699500   4.7666472e+08
       69.008900   4.7583003e+08
       69.319600   4.7499760e+08
       69.631800   4.7416668e+08
       69.945300   4.7333877e+08
       70.260300   4.7251312e+08
       70.576700   4.7168973e+08
       70.894500   4.7086784e+08
       71.213700   4.7004897e+08
       71.534400   4.6923236e+08
       71.856500   4.6841801e+08
       72.180100   4.6760592e+08
       72.505100   4.6679534e+08
       72.831600   4.6598777e+08
       73.159500   4.6518170e+08
       73.489000   4.6437865e+08
       73.819900   4.6357711e+08
       74.152300   4.6277782e+08
       74.486200   4.6198080e+08
       74.821600   4.6118604e+08
       75.158500   4.6039353e+08
       75.497000   4.5960329e+08
       75.836900   4.5881455e+08
       76.178400   4.5802807e+08
       76.521400   4.5724386e+08
       76.866000   4.5646190e+08
       77.212100   4.5568220e+08
       77.559800   4.5490401e+08
       77.909000   4.5412808e+08
       78.259900   4.5335441e+08
       78.612300   4.5258225e+08
       78.966300   4.5181310e+08
       79.321800   4.5104470e+08
       79.679000   4.5027932e+08
       80.037800   4.4951544e+08
       80.398200   4.4875382e+08
       80.760300   4.4799371e+08
       81.123900   4.4723661e+08
       81.489200   4.4648027e+08
       81.856200   4.4572694e+08
       82.224800   4.4497511e+08
       82.595000   4.4422480e+08
       82.966900   4.4347674e+08
       83.340500   4.4273094e+08
       83.715800   4.4198665e+08
       84.092800   4.4124462e+08
       84.471400   4.4050410e+08
       84.851800   4.3976583e+08
       85.233900   4.3902907e+08
       85.617700   4.3829458e+08
       86.003200   4.3756159e+08
       86.390500   4.3683086e+08
       86.779500   4.3610163e+08
       87.170300   4.3537467e+08
       87.562800   4.3464921e+08
       87.957100   4.3392601e+08
       88.353200   4.3320432e+08
       88.751000   4.3248414e+08
       89.150600   4.3176621e+08
       89.552100   4.3104980e+08
       89.955300   4.3033489e+08
       90.360400   4.2962223e+08
       90.767300   4.2891184e+08
       91.176000   4.2820221e+08
       91.586600   4.2749483e+08
       91.999000   4.2678896e+08
       92.413200   4.2608535e+08
       92.829400   4.2538324e+08
       93.247400   4.2468265e+08
       93.667300   4.2398355e+08
       94.089100   4.2328672e+08
       94.512800   4.2259140e+08
       94.938400   4.2189758e+08
       95.365900   4.2120602e+08
       95.795300   4.2051597e+08
       96.226700   4.1982743e+08
       96.660000   4.1914039e+08
       97.095200   4.1845486e+08
       97.532400   4.1777159e+08
       97.971600   4.1708983e+08
       98.412800   4.1640957e+08
       98.855900   4.1573082e+08
       99.301100   4.1505357e+08
       99.748200   4.1437859e+08
       100.19700   4.1370511e+08
       100.64900   4.1303239e+08
       101.10200   4.1236192e+08
       101.55700   4.1169372e+08
       102.01400   4.1102627e+08
       102.47400   4.1036032e+08
       102.93500   4.0969588e+08
       103.39900   4.0903371e+08
       103.86400   4.0837228e+08
       104.33200   4.0771312e+08
       104.80200   4.0705546e+08
       105.27400   4.0639931e+08
       105.74800   4.0574391e+08
       106.22400   4.0509077e+08
       106.70200   4.0443914e+08
       107.18300   4.0378902e+08
       107.66500   4.0314040e+08
       108.15000   4.0249329e+08
       108.63700   4.0184769e+08
       109.12600   4.0120283e+08
       109.61800   4.0056024e+08
       110.11100   3.9991916e+08
       110.60700   3.9927958e+08
       111.10500   3.9864151e+08
       111.60500   3.9800419e+08
       112.10800   3.9736913e+08
       112.61300   3.9673558e+08
       113.12000   3.9610279e+08
       113.62900   3.9547225e+08
       114.14100   3.9484246e+08
       114.65500   3.9421419e+08
       115.17100   3.9358741e+08
       115.69000   3.9296290e+08
       116.21100   3.9233915e+08
       116.73400   3.9171614e+08
       117.26000   3.9109540e+08
       117.78800   3.9047616e+08
       118.31800   3.8985767e+08
       118.85100   3.8924070e+08
       119.38600   3.8862522e+08
       119.92400   3.8801126e+08
       120.46400   3.8739880e+08
       121.00600   3.8678710e+08
       121.55100   3.8617765e+08
       122.09800   3.8556896e+08
       122.64800   3.8496178e+08
       123.20000   3.8435610e+08
       123.75500   3.8375118e+08
       124.31200   3.8314851e+08
       124.87200   3.8254660e+08
       125.43500   3.8194619e+08
       125.99900   3.8134654e+08
       126.56700   3.8074915e+08
       127.13700   3.8015251e+08
       127.70900   3.7955738e+08
       128.28400   3.7896301e+08
       128.86200   3.7837013e+08
       129.44200   3.7777877e+08
       130.02500   3.7718891e+08
       130.61100   3.7660056e+08
       131.19900   3.7601296e+08
       131.78900   3.7542687e+08
       132.38300   3.7484153e+08
       132.97900   3.7425846e+08
       133.57800   3.7367538e+08
       134.17900   3.7309456e+08
       134.78300   3.7251449e+08
       135.39000   3.7193594e+08
       136.00000   3.7135813e+08
       136.61200   3.7078259e+08
       137.22800   3.7020704e+08
       137.84600   3.6963376e+08
       138.46600   3.6906123e+08
       139.09000   3.6849020e+08
       139.71600   3.6791993e+08
       140.34500   3.6735117e+08
       140.97700   3.6678315e+08
       141.61200   3.6621740e+08
       142.25000   3.6565165e+08
       142.89000   3.6508816e+08
       143.53400   3.6452467e+08
       144.18000   3.6396344e+08
       144.82900   3.6340296e+08
       145.48100   3.6284324e+08
       146.13700   3.6228502e+08
       146.79500   3.6172831e+08
       147.45600   3.6117235e+08
       148.12000   3.6061790e+08
       148.78700   3.6006495e+08
       149.45700   3.5951201e+08
       150.13000   3.5896057e+08
       150.80600   3.5841064e+08
       151.48500   3.5786221e+08
       152.16700   3.5731454e+08
       152.85200   3.5676762e+08
       153.54000   3.5622221e+08
       154.23200   3.5567755e+08
       154.92600   3.5513440e+08
       155.62400   3.5459276e+08
       156.32400   3.5405187e+08
       157.02800   3.5351173e+08
       157.73600   3.5297310e+08
       158.44600   3.5243522e+08
       159.15900   3.5189885e+08
       159.87600   3.5136323e+08
       160.59600   3.5082836e+08
       161.31900   3.5029501e+08
       162.04500   3.4976315e+08
       162.77500   3.4923206e+08
       163.50800   3.4870171e+08
       164.24400   3.4817287e+08
       164.98400   3.4764479e+08
       165.72700   3.4711821e+08
       166.47300   3.4659239e+08
       167.22300   3.4606731e+08
       167.97600   3.4554375e+08
       168.73200   3.4502094e+08
       169.49200   3.4449963e+08
       170.25500   3.4397908e+08
       171.02200   3.4345928e+08
       171.79200   3.4294099e+08
       172.56500   3.4242345e+08
       173.34200   3.4190667e+08
       174.12300   3.4139139e+08
       174.90700   3.4087687e+08
       175.69500   3.4036385e+08
       176.48600   3.3985158e+08
       177.28100   3.3934007e+08
       178.07900   3.3882931e+08
       178.88100   3.3832006e+08
       179.68600   3.3781232e+08
       180.49500   3.3730457e+08
       181.30800   3.3679833e+08
       182.12500   3.3629285e+08
       182.94500   3.3578887e+08
       183.76800   3.3528565e+08
       184.59600   3.3478317e+08
       185.42700   3.3428146e+08
       186.26200   3.3378124e+08
       187.10100   3.3328179e+08
       187.94300   3.3278308e+08
       188.79000   3.3228588e+08
       189.64000   3.3178944e+08
       190.49400   3.3129375e+08
       191.35100   3.3079881e+08
       192.21300   3.3030538e+08
       193.07900   3.2981270e+08
       193.94800   3.2932077e+08
       194.82100   3.2882960e+08
       195.69900   3.2833994e+08
       196.58000   3.2785102e+08
       197.46500   3.2736287e+08
       198.35400   3.2687621e+08
       199.24800   3.2638956e+08
       200.14500   3.2590442e+08
       201.04600   3.2542078e+08
       201.95100   3.2493714e+08
       202.86100   3.2445426e+08
       203.77400   3.2397288e+08
       204.69200   3.2349225e+08
       205.61300   3.2301313e+08
       206.53900   3.2253402e+08
       207.46900   3.2205640e+08
       208.40400   3.2157879e+08
       209.34200   3.2110344e+08
       210.28500   3.2062809e+08
       211.23200   3.2015349e+08
       212.18300   3.1968040e+08
       213.13800   3.1920731e+08
       214.09800   3.1873572e+08
       215.06200   3.1826564e+08
       216.03000   3.1779557e+08
       217.00300   3.1732624e+08
       217.98000   3.1685842e+08
       218.96200   3.1639136e+08
       219.94800   3.1592505e+08
       220.93800   3.1545949e+08
       221.93300   3.1499468e+08
       222.93200   3.1453063e+08
       223.93600   3.1406809e+08
       224.94500   3.1360554e+08
       225.95800   3.1314450e+08
       226.97500   3.1268422e+08
       227.99700   3.1222469e+08
       229.02400   3.1176591e+08
       230.05500   3.1130864e+08
       231.09100   3.1085136e+08
       232.13200   3.1039560e+08
       233.17700   3.0993983e+08
       234.22700   3.0948558e+08
       235.28200   3.0903207e+08
       236.34100   3.0857932e+08
       237.40500   3.0812732e+08
       238.47400   3.0767608e+08
       239.54800   3.0722558e+08
       240.62700   3.0677584e+08
       241.71000   3.0632761e+08
       242.79900   3.0587938e+08
       243.89200   3.0543266e+08
       244.99000   3.0498668e+08
       246.09400   3.0454071e+08
       247.20200   3.0409625e+08
       248.31500   3.0365254e+08
       249.43300   3.0320958e+08
       250.55600   3.0276737e+08
       251.68400   3.0232592e+08
       252.81800   3.0188522e+08
       253.95600   3.0144528e+08
       255.10000   3.0100609e+08
       256.24800   3.0056765e+08
       257.40200   3.0013071e+08
       258.56100   2.9969378e+08
       259.72600   2.9925760e+08
       260.89500   2.9882293e+08
       262.07000   2.9838826e+08
       263.25000   2.9795434e+08
       264.43500   2.9752193e+08
       265.62600   2.9708952e+08
       266.82200   2.9665861e+08
       268.02400   2.9622771e+08
       269.23100   2.9579831e+08
       270.44300   2.9536891e+08
       271.66100   2.9494102e+08
       272.88400   2.9451313e+08
       274.11300   2.9408674e+08
       275.34700   2.9366111e+08
       276.58700   2.9323548e+08
       277.83300   2.9281135e+08
       279.08400   2.9238723e+08
       280.34000   2.9196461e+08
       281.60300   2.9154199e+08
       282.87100   2.9112088e+08
       284.14400   2.9069977e+08
       285.42400   2.9028016e+08
       286.70900   2.8986056e+08
       288.00000   2.8944246e+08
       289.29700   2.8902436e+08
       290.60000   2.8860702e+08
       291.90800   2.8819042e+08
       293.22300   2.8777534e+08
       294.54300   2.8736025e+08
       295.86900   2.8694592e+08
       297.20200   2.8653234e+08
       298.54000   2.8611952e+08
       299.88400   2.8570745e+08
       301.23500   2.8529613e+08
       302.59100   2.8488556e+08
       303.95400   2.8447575e+08
       305.32200   2.8406669e+08
       306.69700   2.8365839e+08
       308.07800   2.8325008e+08
       309.46600   2.8284328e+08
       310.85900   2.8243648e+08
       312.25900   2.8203119e+08
       313.66500   2.8162590e+08
       315.07700   2.8122136e+08
       316.49600   2.8081833e+08
       317.92100   2.8041530e+08
       319.35300   2.8001302e+08
       320.79100   2.7961149e+08
       322.23500   2.7921072e+08
       323.68600   2.7881070e+08
       325.14400   2.7841068e+08
       326.60800   2.7801217e+08
       328.07900   2.7761366e+08
       329.55600   2.7721666e+08
       331.04000   2.7681965e+08
       332.53100   2.7642340e+08
       334.02800   2.7602790e+08
       335.53200   2.7563315e+08
       337.04300   2.7523916e+08
       338.56100   2.7484592e+08
       340.08500   2.7445268e+08
       341.61700   2.7406095e+08
       343.15500   2.7366922e+08
       344.70000   2.7327824e+08
       346.25300   2.7288802e+08
       347.81200   2.7249855e+08
       349.37800   2.7210983e+08
       350.95100   2.7172186e+08
       352.53100   2.7133390e+08
       354.11900   2.7094744e+08
       355.71300   2.7056098e+08
       357.31500   2.7017527e+08
       358.92400   2.6979032e+08
       360.54000   2.6940612e+08
       362.16400   2.6902268e+08
       363.79500   2.6863923e+08
       365.43300   2.6825729e+08
       367.07800   2.6787535e+08
       368.73100   2.6749417e+08
       370.39200   2.6711374e+08
       372.06000   2.6673406e+08
       373.73500   2.6635438e+08
       375.41800   2.6597621e+08
       377.10800   2.6559804e+08
       378.80600   2.6522062e+08
       380.51200   2.6484395e+08
       382.22600   2.6446804e+08
       383.94700   2.6409213e+08
       385.67600   2.6371772e+08
       387.41200   2.6334332e+08
       389.15700   2.6296967e+08
       390.90900   2.6259677e+08
       392.66900   2.6222462e+08
       394.43800   2.6185248e+08
       396.21400   2.6148108e+08
       397.99800   2.6111120e+08
       399.79000   2.6074056e+08
       401.59000   2.6037143e+08
       403.39900   2.6000305e+08
       405.21500   2.5963467e+08
       407.04000   2.5926704e+08
       408.87300   2.5890017e+08
       410.71400   2.5853405e+08
       412.56300   2.5816794e+08
       414.42100   2.5780257e+08
       416.28700   2.5743871e+08
       418.16200   2.5707410e+08
       420.04400   2.5671099e+08
       421.93600   2.5634789e+08
       423.83600   2.5598629e+08
       425.74400   2.5562469e+08
       427.66100   2.5526309e+08
       429.58700   2.5490300e+08
       431.52200   2.5454291e+08
       433.46500   2.5418357e+08
       435.41700   2.5382498e+08
       437.37700   2.5346715e+08
       439.34700   2.5310932e+08
       441.32500   2.5275224e+08
       443.31200   2.5239592e+08
       445.30900   2.5204034e+08
       447.31400   2.5168477e+08
       449.32800   2.5133071e+08
       451.35100   2.5097664e+08
       453.38400   2.5062258e+08
       455.42500   2.5027002e+08
       457.47600   2.4991746e+08
       459.53600   2.4956565e+08
       461.60500   2.4921460e+08
       463.68400   2.4886355e+08
       465.77200   2.4851325e+08
       467.86900   2.4816370e+08
       469.97600   2.4781491e+08
       472.09200   2.4746687e+08
       474.21800   2.4711883e+08
       476.35400   2.4677155e+08
       478.49900   2.4642426e+08
       480.65300   2.4607848e+08
       482.81800   2.4573271e+08
       484.99200   2.4538768e+08
       487.17600   2.4504265e+08
       489.36900   2.4469838e+08
       491.57300   2.4435486e+08
       493.78600   2.4401210e+08
       496.01000   2.4367009e+08
       498.24400   2.4332807e+08
       500.48700   2.4298682e+08
       502.74100   2.4264556e+08
       505.00500   2.4230580e+08
       507.27900   2.4196605e+08
       509.56300   2.4162630e+08
       511.85700   2.4128805e+08
       514.16200   2.4094981e+08
       516.47700   2.4061232e+08
       518.80300   2.4027482e+08
       521.13900   2.3993884e+08
       523.48600   2.3960285e+08
       525.84300   2.3926687e+08
       528.21100   2.3893239e+08
       530.59000   2.3859791e+08
       532.97900   2.3826419e+08
       535.37900   2.3793046e+08
       537.78900   2.3759749e+08
       540.21100   2.3726527e+08
       542.64400   2.3693380e+08
       545.08700   2.3660234e+08
       547.54200   2.3627163e+08
       550.00700   2.3594167e+08
       552.48400   2.3561171e+08
       554.97200   2.3528250e+08
       557.47100   2.3495330e+08
       559.98100   2.3462560e+08
       562.50300   2.3429790e+08
       565.03600   2.3397095e+08
       567.58000   2.3364401e+08
       570.13600   2.3331782e+08
       572.70300   2.3299238e+08
       575.28200   2.3266694e+08
       577.87200   2.3234225e+08
       580.47400   2.3201832e+08
       583.08800   2.3169439e+08
       585.71400   2.3137121e+08
       588.35100   2.3104878e+08
       591.00100   2.3072636e+08
       593.66200   2.3040469e+08
       596.33500   2.3008377e+08
       599.02000   2.2976360e+08
       601.71800   2.2944344e+08
       604.42700   2.2912327e+08
       607.14900   2.2880461e+08
       609.88300   2.2848520e+08
       612.62900   2.2816729e+08
       615.38800   2.2784939e+08
       618.15900   2.2753224e+08
       620.94300   2.2721584e+08
       623.73900   2.2689944e+08
       626.54700   2.2658379e+08
       629.36900   2.2626815e+08
       632.20300   2.2595401e+08
       635.04900   2.2563912e+08
       637.90900   2.2532573e+08
       640.78100   2.2501234e+08
       643.66700   2.2469971e+08
       646.56500   2.2438708e+08
       649.47700   2.2407520e+08
       652.40100   2.2376408e+08
       655.33900   2.2345295e+08
       658.29000   2.2314258e+08
       661.25400   2.2283221e+08
       664.23200   2.2252259e+08
       667.22300   2.2221372e+08
       670.22700   2.2190561e+08
       673.24500   2.2159750e+08
       676.27700   2.2128938e+08
       679.32200   2.2098203e+08
       682.38100   2.2067542e+08
       685.45400   2.2036957e+08
       688.54000   2.2006372e+08
       691.64100   2.1975862e+08
       694.75500   2.1945352e+08
       697.88400   2.1914917e+08
       701.02600   2.1884483e+08
       704.18300   2.1854199e+08
       707.35400   2.1823840e+08
       710.53900   2.1793631e+08
       713.73900   2.1763422e+08
       716.95300   2.1733214e+08
       720.18100   2.1703156e+08
       723.42400   2.1673023e+08
       726.68100   2.1643040e+08
       729.95400   2.1613058e+08
       733.24100   2.1583150e+08
       736.54200   2.1553243e+08
       739.85900   2.1523411e+08
       743.19000   2.1493579e+08
       746.53700   2.1463823e+08
       749.89900   2.1434142e+08
       753.27500   2.1404460e+08
       756.66700   2.1374854e+08
       760.07500   2.1345249e+08
       763.49700   2.1315718e+08
       766.93500   2.1286263e+08
       770.38900   2.1256808e+08
       773.85800   2.1227352e+08
       777.34200   2.1198048e+08
       780.84300   2.1168743e+08
       784.35900   2.1139439e+08
       787.89100   2.1110209e+08
       791.43900   2.1081055e+08
       795.00200   2.1051902e+08
       798.58200   2.1022823e+08
       802.17800   2.0993744e+08
       805.79000   2.0964741e+08
       809.41900   2.0935813e+08
       813.06400   2.0906885e+08
       816.72500   2.0878033e+08
       820.40300   2.0849180e+08
       824.09700   2.0820403e+08
       827.80800   2.0791626e+08
       831.53500   2.0762924e+08
       835.28000   2.0734297e+08
       839.04100   2.0705671e+08
       842.81900   2.0677044e+08
       846.61400   2.0648568e+08
       850.42700   2.0620017e+08
       854.25600   2.0591617e+08
       858.10300   2.0563216e+08
       861.96700   2.0534815e+08
       865.84800   2.0506490e+08
       869.74700   2.0478240e+08
       873.66300   2.0449990e+08
       877.59700   2.0421816e+08
       881.54900   2.0393641e+08
       885.51900   2.0365542e+08
       889.50600   2.0337443e+08
       893.51200   2.0309419e+08
       897.53500   2.0281470e+08
       901.57700   2.0253522e+08
       905.63600   2.0225573e+08
       909.71400   2.0197700e+08
       913.81100   2.0169902e+08
       917.92600   2.0142104e+08
       922.05900   2.0114382e+08
       926.21100   2.0086659e+08
       930.38200   2.0059012e+08
       934.57100   2.0031364e+08
       938.77900   2.0003793e+08
       943.00700   1.9976296e+08
       947.25300   1.9948799e+08
       951.51900   1.9921303e+08
       955.80300   1.9893957e+08
       960.10700   1.9866536e+08
       964.43000   1.9839190e+08
       968.77300   1.9811919e+08
       973.13500   1.9784649e+08
       977.51800   1.9757453e+08
       981.91900   1.9730258e+08
       986.34100   1.9703138e+08
       990.78200   1.9676018e+08
       995.24400   1.9648974e+08
       999.72500   1.9622005e+08
       1004.2300   1.9595035e+08
       1008.7500   1.9568066e+08
       1013.2900   1.9541172e+08
       1017.8500   1.9514278e+08
       1022.4400   1.9487460e+08
       1027.0400   1.9460716e+08
       1031.6700   1.9433973e+08
       1036.3100   1.9407230e+08
       1040.9800   1.9380637e+08
       1045.6700   1.9353970e+08
       1050.3700   1.9327377e+08
       1055.1000   1.9300860e+08
       1059.8600   1.9274342e+08
       1064.6300   1.9247901e+08
       1069.4200   1.9221459e+08
       1074.2400   1.9195092e+08
       1079.0700   1.9168725e+08
       1083.9300   1.9142434e+08
       1088.8100   1.9116143e+08
       1093.7200   1.9089852e+08
       1098.6400   1.9063711e+08
       1103.5900   1.9037495e+08
       1108.5600   1.9011430e+08
       1113.5500   1.8985289e+08
       1118.5600   1.8959300e+08
       1123.6000   1.8933234e+08
       1128.6600   1.8907320e+08
       1133.7400   1.8881330e+08
       1138.8500   1.8855491e+08
       1143.9800   1.8829576e+08
       1149.1300   1.8803812e+08
       1154.3000   1.8777973e+08
       1159.5000   1.8752284e+08
       1164.7200   1.8726520e+08
       1169.9700   1.8700832e+08
       1175.2300   1.8675219e+08
       1180.5300   1.8649605e+08
       1185.8400   1.8624067e+08
       1191.1800   1.8598529e+08
       1196.5500   1.8573067e+08
       1201.9300   1.8547604e+08
       1207.3500   1.8522217e+08
       1212.7800   1.8496830e+08
       1218.2400   1.8471518e+08
       1223.7300   1.8446206e+08
       1229.2400   1.8420894e+08
       1234.7800   1.8395733e+08
       1240.3400   1.8370496e+08
       1245.9200   1.8267667e+08
       1251.5300   1.8153160e+08
       1257.1700   1.8039332e+08
       1262.8300   1.7926182e+08
       1268.5100   1.7813785e+08
       1274.2300   1.7702066e+08
       1279.9600   1.7591100e+08
       1285.7300   1.7480813e+08
       1291.5200   1.7371203e+08
       1297.3300   1.7262272e+08
       1303.1700   1.7154018e+08
       1309.0400   1.7046442e+08
       1314.9400   1.6939620e+08
       1320.8600   1.6833400e+08
       1326.8100   1.6727859e+08
       1332.7800   1.6622920e+08
       1338.7800   1.6518734e+08
       1344.8100   1.6415151e+08
       1350.8700   1.6312171e+08
       1356.9500   1.6209944e+08
       1363.0600   1.6108320e+08
       1369.2000   1.6007298e+08
       1375.3600   1.5906879e+08
       1381.5600   1.5807138e+08
       1387.7800   1.5708075e+08
       1394.0300   1.5609539e+08
       1400.3000   1.5511682e+08
       1406.6100   1.5414427e+08
       1412.9400   1.5317774e+08
       1419.3100   1.5221725e+08
       1425.7000   1.5126278e+08
       1432.1200   1.5031433e+08
       1438.5600   1.4937192e+08
       1445.0400   1.4843553e+08
       1451.5500   1.4750441e+08
       1458.0900   1.4657932e+08
       1464.6500   1.4566026e+08
       1471.2500   1.4474722e+08
       1477.8700   1.4383946e+08
       1484.5300   1.4293772e+08
       1491.2100   1.4204126e+08
       1497.9300   1.4115082e+08
       1504.6700   1.4026566e+08
       1511.4500   1.3938652e+08
       1518.2500   1.3851190e+08
       1525.0900   1.3764406e+08
       1531.9600   1.3678075e+08
       1538.8600   1.3592270e+08
       1545.7800   1.3507069e+08
       1552.7500   1.3422394e+08
       1559.7400   1.3338247e+08
       1566.7600   1.3254628e+08
       1573.8200   1.3171460e+08
       1580.9000   1.3088895e+08
       1588.0200   1.3006857e+08
       1595.1700   1.2925271e+08
       1602.3500   1.2844213e+08
       1609.5700   1.2763682e+08
       1616.8200   1.2683678e+08
       1624.1000   1.2604126e+08
       1631.4100   1.2525102e+08
       1638.7600   1.2446530e+08
       1646.1400   1.2368485e+08
       1653.5500   1.2290967e+08
       1661.0000   1.2213901e+08
       1668.4700   1.2137287e+08
       1675.9900   1.2061201e+08
       1683.5300   1.1985567e+08
       1691.1200   1.1910460e+08
       1698.7300   1.1835729e+08
       1706.3800   1.1761526e+08
       1714.0600   1.1687775e+08
       1721.7800   1.1614476e+08
       1729.5400   1.1541704e+08
       1737.3200   1.1469309e+08
       1745.1500   1.1397366e+08
       1753.0000   1.1325950e+08
       1760.9000   1.1254911e+08
       1768.8300   1.1184324e+08
       1776.7900   1.1114189e+08
       1784.7900   1.1044506e+08
       1792.8300   1.0975275e+08
       1800.9000   1.0906420e+08
       1809.0100   1.0838093e+08
       1817.1600   1.0770068e+08
       1825.3400   1.0702569e+08
       1833.5600   1.0635447e+08
       1841.8200   1.0568778e+08
       1850.1100   1.0502485e+08
       1858.4400   1.0436643e+08
       1866.8100   1.0371254e+08
       1875.2200   1.0306167e+08
       1883.6600   1.0241531e+08
       1892.1400   1.0177347e+08
       1900.6600   1.0113540e+08
       1909.2200   1.0050109e+08
       1917.8200       99871310.
       1926.4500       99244539.
       1935.1300       98622288.
       1943.8400       98003803.
       1952.6000       97389839.
       1961.3900       96778888.
       1970.2200       96172456.
       1979.0900       95569038.
       1988.0000       94970141.
       1996.9600       94374256.
       2005.9500       93782891.
       2014.9800       93194540.
       2024.0500       92609955.
       2033.1700       92029891.
       2042.3200       91452840.
       2051.5200       90878802.
       2060.7600       90309284.
       2070.0400       89742779.
       2079.3600       89180041.
       2088.7200       88621069.
       2098.1300       88065111.
       2107.5800       87512920.
       2117.0700       86964495.
       2126.6000       86419084.
       2136.1700       85877439.
       2145.7900       85338808.
       2155.4600       84803943.
       2165.1600       84272091.
       2174.9100       83743253.
       2184.7100       83218182.
       2194.5400       82696877.
       2204.4200       82177832.
       2214.3500       81662554.
       2224.3200       81151042.
       2234.3400       80641791.
       2244.4000       80136306.
       2254.5100       79633834.
       2264.6600       79134376.
       2274.8600       78638684.
       2285.1000       78145253.
       2295.3900       77655588.
       2305.7200       77168183.
       2316.1100       76684545.
       2326.5400       76203920.
       2337.0100       75725555.
       2347.5400       75251032.
       2358.1100       74779221.
       2368.7300       74310348.
       2379.3900       73844413.
       2390.1100       73381340.
       2400.8700       72921281.
       2411.6800       72464009.
       2422.5400       72009676.
       2433.4500       71558129.
       2444.4100       71109445.
       2455.4100       70663549.
       2466.4700       70220515.
       2477.5800       69780193.
       2488.7300       69342659.
       2499.9400       68907837.
       2511.2000       68475801.
       2522.5000       68046478.
       2533.8600       67619792.
       2545.2700       67195742.
       2556.7300       66774479.
       2568.2500       66355778.
       2579.8100       65939638.
       2591.4300       65526210.
       2603.1000       65115344.
       2614.8200       64707039.
       2626.5900       64301370.
       2638.4200       63898187.
       2650.3000       63497491.
       2662.2400       63099356.
       2674.2200       62703706.
       2686.2700       62310543.
       2698.3600       61919866.
       2710.5100       61531599.
       2722.7200       61145743.
       2734.9800       60762373.
       2747.2900       60381338.
       2759.6600       60002714.
       2772.0900       59626501.
       2784.5700       59252623.
       2797.1100       58881080.
       2809.7100       58511948.
       2822.3600       58145001.
       2835.0700       57780464.
       2847.8400       57418112.
       2860.6600       57058095.
       2873.5400       56700339.
       2886.4800       56344842.
       2899.4800       55991530.
       2912.5300       55640478.
       2925.6500       55291610.
       2938.8200       54944852.
       2952.0600       54600354.
       2965.3500       54258041.
       2978.7000       53917836.
       2992.1100       53579742.
       3005.5900       53243756.
       3019.1200       52909955.
       3032.7200       52578113.
       3046.3700       52248456.
       3060.0900       51920907.
       3073.8700       51595318.
       3087.7100       51271838.
       3101.6200       50950316.
       3115.5800       50630829.
       3129.6100       50313375.
       3143.7000       49997880.
       3157.8600       49684419.
       3172.0800       49372842.
       3186.3600       49063298.
       3200.7100       48755638.
       3215.1200       48449936.
       3229.6000       48146118.
       3244.1400       47844258.
       3258.7500       47544207.
       3273.4300       47246114.
       3288.1700       46949904.
       3302.9700       46655503.
       3317.8500       46362984.
       3332.7900       46072274.
       3347.7900       45783372.
       3362.8700       45496277.
       3378.0100       45210991.
       3393.2200       44927513.
       3408.5000       44645842.
       3423.8500       44365905.
       3439.2700       44087700.
       3454.7500       43811302.
       3470.3100       43536563.
       3485.9400       43263556.
       3501.6400       42992281.
       3517.4000       42722740.
       3533.2400       42454855.
       3549.1500       42188628.
       3565.1300       41924134.
       3581.1900       41661221.
       3597.3100       41400042.
       3613.5100       41140444.
       3629.7800       40882428.
       3646.1300       40626145.
       3662.5500       40371369.
       3679.0400       40118249.
       3695.6000       39866712.
       3712.2500       39616682.
       3728.9600       39368309.
       3745.7500       39121442.
       3762.6200       38876158.
       3779.5600       38632380.
       3796.5800       38390184.
       3813.6800       38149420.
       3830.8500       37910237.
       3848.1000       37672561.
       3865.4300       37436317.
       3882.8400       37201579.
       3900.3200       36968348.
       3917.8800       36736548.
       3935.5200       36506179.
       3953.2500       36277242.
       3971.0500       36049812.
       3988.9300       35823737.
       4006.8900       35599169.
       4024.9300       35375882.
       4043.0600       35154101.
       4061.2600       34933677.
       4079.5500       34714608.
       4097.9200       34496971.
       4116.3700       34280690.
       4134.9100       34065689.
       4153.5300       33852120.
       4172.2300       33639831.
       4191.0200       33428899.
       4209.8900       33219322.
       4228.8500       33011026.
       4247.8900       32804011.
       4267.0200       32598352.
       4286.2300       32393973.
       4305.5300       32190875.
       4324.9200       31988983.
       4344.4000       31788446.
       4363.9600       31589115.
       4383.6100       31390989.
       4403.3500       31194219.
       4423.1800       30998579.
       4443.0900       30804219.
       4463.1000       30611065.
       4483.2000       30419117.
       4503.3900       30228373.
       4523.6700       30038835.
       4544.0300       29850503.
       4564.5000       29663300.
       4585.0500       29477303.
       4605.7000       29292511.
       4626.4400       29108849.
       4647.2700       28926317.
       4668.1900       28744915.
       4689.2200       28564718.
       4710.3300       28385576.
       4731.5400       28207639.
       4752.8500       28030757.
       4774.2500       27855005.
       4795.7500       27680308.
       4817.3400       27506740.
       4839.0300       27334303.
       4860.8200       27162920.
       4882.7100       26992592.
       4904.7000       26823319.
       4926.7800       26655175.
       4948.9700       26488011.
       4971.2500       26321902.
       4993.6400       26156847.
       5016.1300       25992847.
       5038.7100       25829901.
       5061.4000       25667935.
       5084.1900       25506949.
       5107.0900       25347017.
       5130.0900       25188139.
       5153.1900       25030166.
       5176.3900       24873247.
       5199.7000       24717232.
       5223.1100       24562272.
       5246.6300       24408291.
       5270.2600       24255214.
       5293.9900       24103117.
       5317.8300       23951999.
       5341.7700       23801860.
       5365.8300       23652550.
       5389.9900       23504294.
       5414.2600       23356867.
       5438.6400       23210420.
       5463.1300       23064877.
       5487.7300       22920312.
       5512.4400       22776577.
       5537.2600       22633745.
       5562.2000       22491818.
       5587.2500       22350794.
       5612.4000       22210675.
       5637.6800       22071384.
       5663.0600       21932997.
       5688.5600       21795439.
       5714.1800       21658785.
       5739.9100       21523035.
       5765.7600       21388038.
       5791.7200       21253945.
       5817.8000       21120681.
       5844.0000       20988245.
       5870.3100       20856638.
       5896.7500       20725860.
       5923.3000       20595910.
       5949.9700       20466790.
       5976.7600       20338422.
       6003.6800       20210883.
       6030.7100       20084173.
       6057.8700       19958216.
       6085.1500       19833088.
       6112.5500       19708713.
       6140.0700       19585167.
       6167.7200       19462374.
       6195.4900       19340334.
       6223.3900       19219048.
       6251.4100       19098590.
       6279.5600       18978811.
       6307.8400       18859785.
       6336.2400       18741512.
       6364.7800       18623992.
       6393.4400       18507226.
       6422.2300       18391213.
       6451.1400       18275878.
       6480.1900       18161296.
       6509.3700       18047393.
       6538.6900       17934242.
       6568.1300       17821770.
       6597.7000       17710051.
       6627.4100       17599010.
       6657.2600       17488647.
       6687.2300       17379038.
       6717.3500       17270031.
       6747.5900       17161777.
       6777.9800       17054126.
       6808.5000       16947229.
       6839.1600       16840934.
       6869.9500       16735317.
       6900.8900       16630378.
       6931.9600       16526117.
       6963.1800       16422534.
       6994.5300       16319553.
       7026.0300       16217176.
       7057.6700       16115552.
       7089.4500       16014455.
       7121.3700       15914036.
       7153.4400       15814295.
       7185.6500       15715081.
       7218.0100       15616545.
       7250.5100       15518688.
       7283.1600       15421357.
       7315.9500       15324630.
       7348.9000       15228580.
       7381.9900       15133058.
       7415.2300       15038213.
       7448.6200       14943896.
       7482.1600       14850182.
       7515.8500       14757070.
       7549.7000       14664561.
       7583.6900       14572580.
       7617.8400       14481201.
       7652.1400       14390424.
       7686.6000       14300175.
       7721.2100       14210529.
       7755.9800       14121410.
       7790.9100       14032893.
       7825.9900       13944904.
       7861.2300       13857443.
       7896.6300       13770584.
       7932.1900       13684252.
       7967.9000       13598448.
       8003.7800       13513171.
       8039.8200       13428421.
       8076.0300       13344199.
       8112.3900       13260579.
       8148.9200       13177411.
       8185.6200       13094771.
       8222.4800       13012658.
       8259.5000       12931072.
       8296.6900       12850014.
       8334.0500       12769407.
       8371.5800       12689328.
       8409.2800       12609776.
       8447.1400       12530752.
       8485.1800       12452180.
       8523.3900       12374059.
       8561.7700       12296466.
       8600.3200       12219401.
       8639.0500       12142787.
       8677.9500       12066625.
       8717.0300       11990991.
       8756.2800       11915808.
       8795.7100       11841078.
       8835.3200       11766799.
       8875.1000       11693048.
       8915.0700       11619749.
       8955.2100       11546827.
       8995.5400       11474432.
       9036.0400       11402489.
       9076.7300       11330998.
       9117.6000       11259959.
       9158.6600       11189371.
       9199.9000       11119236.
       9241.3300       11049478.
       9282.9400       10980172.
       9324.7400       10911317.
       9366.7300       10842915.
       9408.9100       10774964.
       9451.2800       10707390.
       9493.8300       10640269.
       9536.5800       10573524.
       9579.5300       10507231.
       9622.6600       10441314.
       9665.9900       10375850.
       9709.5200       10310837.
       9753.2400       10246201.
       9797.1600       10181942.
       9841.2800       10118060.
       9885.5900       10054629.
       9930.1100       9991575.7
       9974.8200       9928973.9
       10019.700       9866673.4
       10064.900       9804825.0
       10110.200       9743353.2
       10155.700       9682258.1
       10201.400       9621539.6
       10247.400       9561197.8
       10293.500       9501232.7
       10339.900       9441644.2
       10386.400       9382507.8
       10433.200       9323672.7
       10480.200       9265214.2
       10527.400       9207057.1
       10574.800       9149351.9
       10622.400       9092023.5
       10670.200       9034996.3
       10718.300       8978345.9
       10766.500       8921996.7
       10815.000       8866099.6
       10863.700       8810503.8
       10912.600       8755284.7
       10961.800       8700366.8
       11011.100       8645825.7
       11060.700       8591585.9
       11110.500       8537722.7
       11160.500       8484160.9
       11210.800       8430975.8
       11261.300       8378092.0
       11312.000       8325584.8
       11362.900       8273379.0
       11414.100       8221474.5
       11465.500       8169946.7
       11517.100       8118720.2
       11569.000       8067795.1
       11621.100       8017246.6
       11673.400       7966999.4
       11726.000       7916978.3
       11778.800       7867409.1
       11831.800       7818065.9
       11885.100       7769024.1
       11938.600       7720283.6
       11992.400       7671919.8
       12046.400       7623782.0
       12100.600       7576020.8
       12155.100       7528485.6
       12209.800       7481281.9
       12264.800       7434372.0
       12320.000       7387755.9
       12375.500       7341433.6
       12431.200       7295405.1
