     90.90  0.000e+00
     93.50  0.000e+00
     96.10  0.000e+00
     97.70  0.000e+00
     99.60  0.000e+00
    102.00  0.000e+00
    103.80  0.000e+00
    105.60  0.000e+00
    107.70  0.000e+00
    110.40  0.000e+00
    114.00  0.000e+00
    117.80  0.000e+00
    121.30  0.000e+00
    124.80  0.000e+00
    127.10  0.000e+00
    128.40  0.000e+00
    130.50  0.000e+00
    132.40  0.000e+00
    133.90  0.000e+00
    136.60  0.000e+00
    139.80  0.000e+00
    143.30  0.000e+00
    147.20  0.000e+00
    151.00  0.000e+00
    155.20  0.000e+00
    158.80  0.000e+00
    162.00  3.076e-05
    166.00  7.195e-05
    170.30  1.710e-04
    173.40  3.111e-04
    176.80  5.847e-04
    180.20  1.071e-03
    181.70  1.390e-03
    186.10  2.903e-03
    191.00  6.330e-03
    193.90  9.846e-03
    198.40  1.905e-02
    201.80  3.072e-02
    205.00  4.745e-02
    210.50  9.720e-02
    216.20  1.962e-01
    219.80  3.008e-01
    223.00  4.342e-01
    226.80  6.719e-01
    230.00  1.429e+02
    234.00  3.200e+02
    240.00  5.160e+02
    246.50  8.754e+02
    252.40  1.414e+03
    256.80  1.898e+03
    260.00  2.970e+03
    264.00  4.450e+03
    268.50  6.463e+03
    273.50  8.916e+03
    278.50  1.156e+04
    284.00  2.180e+04
    290.00  3.117e+04
    296.00  4.170e+04
    301.00  5.782e+04
    308.00  1.022e+05
    318.00  2.045e+05
    328.00  2.993e+05
    338.00  4.987e+05
    348.00  7.569e+05
    357.00  1.471e+06
    366.00  2.560e+06
    375.00  3.133e+06
    385.00  4.368e+06
    395.00  6.853e+06
    405.00  8.454e+06
    414.00  1.084e+07
    422.00  1.225e+07
    430.00  1.443e+07
    441.00  1.800e+07
    451.00  2.091e+07
    460.00  2.309e+07
    470.00  2.754e+07
    480.00  3.238e+07
    490.00  3.674e+07
    500.00  4.305e+07
    506.00  1.130e+08
    512.00  5.845e+08
    520.00  5.530e+08
    530.00  5.230e+08
    540.00  4.572e+08
    550.00  5.751e+08
    560.00  6.746e+08
    570.00  7.001e+08
    580.00  6.403e+08
    590.00  6.917e+08
    600.00  6.139e+08
    610.00  7.050e+08
    620.00  7.960e+08
    630.00  7.843e+08
    640.00  7.690e+08
    650.00  7.863e+08
    658.00  7.549e+08
    665.00  8.029e+08
    675.00  8.138e+08
    685.00  7.167e+08
    695.00  8.599e+08
    705.00  7.222e+08
    716.00  8.996e+08
    726.00  8.818e+08
    735.00  8.773e+08
    745.00  8.969e+08
    755.00  8.926e+08
    765.00  8.880e+08
    775.00  9.126e+08
    785.00  9.429e+08
    795.00  9.328e+08
    805.00  9.160e+08
    815.00  9.120e+08
    825.00  9.452e+08
    835.00  7.633e+08
    845.00  9.124e+08
    855.00  9.065e+08
    865.00  9.312e+08
    875.00  9.378e+08
    885.00  9.565e+08
    895.00  9.646e+08
    905.00  9.400e+08
    915.00  8.883e+08
    925.00  2.584e+09
    935.00  4.601e+09
    945.00  7.446e+09
    955.00  8.384e+09
    965.00  9.795e+09
    975.00  3.326e+09
    985.00  8.033e+09
    995.00  6.979e+09
   1005.00  7.866e+09
   1015.00  8.035e+09
   1025.00  5.099e+09
   1035.00  7.559e+09
   1045.00  8.980e+09
   1055.00  8.514e+09
   1065.00  7.206e+09
   1075.00  7.589e+09
   1085.00  6.866e+09
   1095.00  7.439e+09
   1105.00  7.057e+09
   1115.00  6.953e+09
   1125.00  5.827e+09
   1135.00  6.589e+09
   1145.00  6.174e+09
   1155.00  6.034e+09
   1165.00  5.755e+09
   1175.00  3.913e+09
   1185.00  5.231e+09
   1195.00  5.029e+09
   1205.00  4.729e+09
   1215.00  3.264e+09
   1225.00  4.551e+09
   1235.00  4.932e+09
   1245.00  4.880e+09
   1255.00  4.728e+09
   1265.00  4.812e+09
   1275.00  4.893e+09
   1285.00  4.863e+09
   1295.00  4.499e+09
   1305.00  4.498e+09
   1315.00  4.700e+09
   1325.00  4.480e+09
   1335.00  4.363e+09
   1345.00  4.313e+09
   1355.00  4.239e+09
   1365.00  4.036e+09
   1375.00  3.939e+09
   1385.00  3.800e+09
   1395.00  2.830e+09
   1405.00  2.690e+09
   1415.00  3.533e+09
   1425.00  3.210e+09
   1435.00  3.387e+09
   1442.00  3.375e+09
   1447.00  3.335e+09
   1455.00  3.193e+09
   1465.00  3.080e+09
   1475.00  3.066e+09
   1485.00  3.056e+09
   1495.00  2.958e+09
   1505.00  2.805e+09
   1512.00  2.667e+09
   1517.00  2.704e+09
   1525.00  2.651e+09
   1535.00  2.284e+09
   1545.00  1.964e+09
   1555.00  1.972e+09
   1565.00  2.198e+09
   1575.00  2.301e+09
   1585.00  2.314e+09
   1595.00  2.292e+09
   1605.00  2.189e+09
   1615.00  2.088e+09
   1625.00  2.120e+09
   1635.00  2.144e+09
   1645.00  2.113e+09
   1655.00  2.137e+09
   1665.00  2.100e+09
   1672.00  1.964e+09
   1677.00  2.218e+09
   1685.00  2.117e+09
   1695.00  2.042e+09
   1705.00  1.998e+09
   1715.00  1.924e+09
   1725.00  1.839e+09
   1735.00  1.898e+09
   1745.00  1.872e+09
   1755.00  1.847e+09
   1765.00  1.807e+09
   1775.00  1.738e+09
   1785.00  1.757e+09
   1795.00  1.726e+09
   1805.00  1.721e+09
   1815.00  1.648e+09
   1825.00  1.633e+09
   1835.00  1.615e+09
   1845.00  1.507e+09
   1855.00  1.523e+09
   1865.00  1.529e+09
   1875.00  1.505e+09
   1885.00  1.407e+09
   1895.00  1.353e+09
   1905.00  1.405e+09
   1915.00  1.350e+09
   1925.00  1.272e+09
   1935.00  1.343e+09
   1945.00  1.361e+09
   1955.00  1.237e+09
   1967.00  1.292e+09
   1976.00  1.327e+09
   1984.00  1.260e+09
   1995.00  1.230e+09
   2005.00  1.243e+09
   2015.00  1.239e+09
   2025.00  1.240e+09
   2035.00  1.177e+09
   2045.00  1.166e+09
   2055.00  9.961e+08
   2065.00  9.984e+08
   2074.00  1.129e+09
   2078.00  1.113e+09
   2085.00  1.116e+09
   2095.00  1.065e+09
   2105.00  1.082e+09
   2115.00  1.086e+09
   2125.00  1.070e+09
   2135.00  1.054e+09
   2145.00  1.028e+09
   2155.00  1.030e+09
   2165.00  1.002e+09
   2175.00  9.973e+08
   2185.00  9.794e+08
   2195.00  9.785e+08
   2205.00  9.629e+08
   2215.00  9.420e+08
   2225.00  9.306e+08
   2235.00  9.133e+08
   2245.00  9.028e+08
   2255.00  8.833e+08
   2265.00  8.782e+08
   2275.00  8.666e+08
   2285.00  8.465e+08
   2295.00  7.979e+08
   2305.00  8.178e+08
   2315.00  8.069e+08
   2325.00  7.544e+08
   2335.00  7.846e+08
   2345.00  7.794e+08
   2355.00  7.651e+08
   2365.00  7.542e+08
   2375.00  7.380e+08
   2385.00  7.186e+08
   2395.00  7.146e+08
   2405.00  7.099e+08
   2415.00  6.993e+08
   2425.00  6.925e+08
   2435.00  6.793e+08
   2445.00  6.718e+08
   2455.00  6.634e+08
   2465.00  6.552e+08
   2475.00  6.453e+08
   2485.00  6.316e+08
   2495.00  5.248e+08
   2505.00  6.074e+08
   2513.00  5.811e+08
   2518.00  5.931e+08
   2525.00  6.015e+08
   2535.00  5.957e+08
   2545.00  5.817e+08
   2555.00  5.752e+08
   2565.00  5.695e+08
   2575.00  5.621e+08
   2585.00  5.560e+08
   2595.00  5.477e+08
   2605.00  5.417e+08
   2615.00  5.324e+08
   2625.00  5.272e+08
   2635.00  5.206e+08
   2645.00  5.131e+08
   2655.00  5.074e+08
   2665.00  4.954e+08
   2675.00  4.878e+08
   2685.00  4.877e+08
   2695.00  4.741e+08
   2705.00  4.687e+08
   2715.00  4.638e+08
   2725.00  4.597e+08
   2735.00  4.499e+08
   2745.00  4.494e+08
   2755.00  4.449e+08
   2765.00  4.362e+08
   2775.00  4.362e+08
   2785.00  4.292e+08
   2795.00  4.142e+08
   2805.00  4.150e+08
   2815.00  4.148e+08
   2825.00  4.078e+08
   2835.00  3.978e+08
   2845.00  3.993e+08
   2855.00  3.930e+08
   2865.00  3.880e+08
   2875.00  3.838e+08
   2885.00  3.788e+08
   2895.00  3.744e+08
   2910.00  3.659e+08
   2930.00  3.599e+08
   2950.00  3.488e+08
   2970.00  3.422e+08
   2990.00  3.328e+08
   3010.00  3.227e+08
   3030.00  3.162e+08
   3050.00  3.108e+08
   3070.00  3.053e+08
   3090.00  2.949e+08
   3110.00  2.917e+08
   3130.00  2.836e+08
   3150.00  2.780e+08
   3170.00  2.713e+08
   3190.00  2.648e+08
   3210.00  2.592e+08
   3230.00  2.542e+08
   3250.00  2.496e+08
   3270.00  2.430e+08
   3290.00  2.383e+08
   3310.00  2.333e+08
   3330.00  2.279e+08
   3350.00  2.228e+08
   3370.00  2.184e+08
   3390.00  2.149e+08
   3410.00  2.102e+08
   3430.00  2.058e+08
   3450.00  2.009e+08
   3470.00  1.973e+08
   3490.00  1.933e+08
   3510.00  1.898e+08
   3530.00  1.865e+08
   3550.00  1.826e+08
   3570.00  1.793e+08
   3590.00  1.747e+08
   3610.00  1.714e+08
   3630.00  1.680e+08
   3640.00  1.670e+08
   3650.00  1.655e+08
   3670.00  1.630e+08
   3690.00  1.593e+08
   3710.00  1.513e+08
   3730.00  1.463e+08
   3750.00  1.450e+08
   3770.00  1.410e+08
   3790.00  1.441e+08
   3810.00  1.483e+08
   3830.00  1.333e+08
   3850.00  1.481e+08
   3870.00  1.472e+08
   3890.00  1.230e+08
   3910.00  1.463e+08
   3930.00  1.436e+08
   3950.00  1.393e+08
   3970.00  1.135e+08
   3990.00  1.349e+08
   4010.00  1.346e+08
   4030.00  1.303e+08
   4050.00  1.305e+08
   4070.00  1.249e+08
   4090.00  1.152e+08
   4110.00  1.041e+08
   4130.00  1.188e+08
   4150.00  1.178e+08
   4170.00  1.172e+08
   4190.00  1.153e+08
   4210.00  1.136e+08
   4230.00  1.117e+08
   4250.00  1.088e+08
   4270.00  1.057e+08
   4290.00  1.043e+08
   4310.00  1.011e+08
   4330.00  9.251e+07
   4350.00  8.560e+07
   4370.00  9.631e+07
   4390.00  9.541e+07
   4410.00  9.441e+07
   4430.00  9.347e+07
   4450.00  9.176e+07
   4470.00  8.779e+07
   4490.00  8.892e+07
   4510.00  8.745e+07
   4530.00  8.638e+07
   4550.00  8.471e+07
   4570.00  8.364e+07
   4590.00  8.195e+07
   4610.00  8.028e+07
   4630.00  7.871e+07
   4650.00  7.570e+07
   4670.00  7.645e+07
   4690.00  7.487e+07
   4710.00  7.315e+07
   4730.00  7.354e+07
   4750.00  7.227e+07
   4770.00  7.163e+07
   4790.00  7.042e+07
   4810.00  6.901e+07
   4830.00  6.741e+07
   4850.00  6.244e+07
   4870.00  5.653e+07
   4890.00  6.423e+07
   4910.00  6.375e+07
   4930.00  6.190e+07
   4950.00  6.182e+07
   4970.00  6.134e+07
   4990.00  6.035e+07
   5010.00  5.818e+07
   5030.00  5.841e+07
   5050.00  5.733e+07
   5070.00  5.688e+07
   5090.00  5.597e+07
   5110.00  5.511e+07
   5130.00  5.416e+07
   5150.00  5.341e+07
   5170.00  5.269e+07
   5190.00  5.199e+07
   5210.00  5.127e+07
   5230.00  5.053e+07
   5250.00  4.975e+07
   5270.00  4.899e+07
   5290.00  4.840e+07
   5310.00  4.770e+07
   5330.00  4.704e+07
   5350.00  4.636e+07
   5370.00  4.573e+07
   5390.00  4.506e+07
   5410.00  4.429e+07
   5430.00  4.385e+07
   5450.00  4.323e+07
   5470.00  4.263e+07
   5490.00  4.204e+07
   5510.00  4.148e+07
   5530.00  4.088e+07
   5550.00  4.037e+07
   5570.00  3.981e+07
   5590.00  3.924e+07
   5610.00  3.876e+07
   5630.00  3.824e+07
   5650.00  3.769e+07
   5670.00  3.709e+07
   5690.00  3.636e+07
   5710.00  3.615e+07
   5730.00  3.573e+07
   5750.00  3.517e+07
   5770.00  3.482e+07
   5790.00  3.435e+07
   5810.00  3.388e+07
   5830.00  3.339e+07
   5850.00  3.302e+07
   5870.00  3.167e+07
   5890.00  3.202e+07
   5910.00  3.171e+07
   5930.00  3.129e+07
   5950.00  3.089e+07
   5970.00  3.058e+07
   5990.00  3.013e+07
   6010.00  2.979e+07
   6030.00  2.938e+07
   6050.00  2.904e+07
   6070.00  2.869e+07
   6090.00  2.834e+07
   6110.00  2.798e+07
   6130.00  2.765e+07
   6150.00  2.725e+07
   6170.00  2.692e+07
   6190.00  2.663e+07
   6210.00  2.632e+07
   6230.00  2.599e+07
   6250.00  2.566e+07
   6270.00  2.536e+07
   6290.00  2.507e+07
   6310.00  2.474e+07
   6330.00  2.447e+07
   6350.00  2.416e+07
   6370.00  2.389e+07
   6390.00  2.360e+07
   6410.00  2.331e+07
   6430.00  2.305e+07
   6450.00  2.277e+07
   6470.00  2.245e+07
   6490.00  2.218e+07
   6510.00  2.193e+07
   6530.00  2.158e+07
   6550.00  2.061e+07
   6570.00  1.845e+07
   6590.00  2.064e+07
   6610.00  2.065e+07
   6630.00  2.049e+07
   6650.00  2.025e+07
   6670.00  1.982e+07
   6690.00  1.959e+07
   6710.00  1.957e+07
   6730.00  1.931e+07
   6750.00  1.913e+07
   6770.00  1.893e+07
   6790.00  1.865e+07
   6810.00  1.850e+07
   6830.00  1.829e+07
   6850.00  1.810e+07
   6870.00  1.789e+07
   6890.00  1.766e+07
   6910.00  1.746e+07
   6930.00  1.731e+07
   6950.00  1.712e+07
   6970.00  1.694e+07
   6990.00  1.675e+07
   7010.00  1.657e+07
   7030.00  1.637e+07
   7050.00  1.620e+07
   7070.00  1.580e+07
   7090.00  1.586e+07
   7110.00  1.563e+07
   7130.00  1.548e+07
   7150.00  1.536e+07
   7170.00  1.518e+07
   7190.00  1.503e+07
   7210.00  1.487e+07
   7230.00  1.459e+07
   7250.00  1.454e+07
   7270.00  1.441e+07
   7290.00  1.415e+07
   7310.00  1.410e+07
   7330.00  1.396e+07
   7350.00  1.381e+07
   7370.00  1.367e+07
   7390.00  1.353e+07
   7410.00  1.339e+07
   7430.00  1.325e+07
   7450.00  1.312e+07
   7470.00  1.295e+07
   7490.00  1.283e+07
   7510.00  1.271e+07
   7530.00  1.258e+07
   7550.00  1.246e+07
   7570.00  1.233e+07
   7590.00  1.220e+07
   7610.00  1.207e+07
   7630.00  1.196e+07
   7650.00  1.184e+07
   7670.00  1.173e+07
   7690.00  1.160e+07
   7710.00  1.149e+07
   7730.00  1.137e+07
   7750.00  1.127e+07
   7770.00  1.115e+07
   7790.00  1.105e+07
   7810.00  1.093e+07
   7830.00  1.083e+07
   7850.00  1.073e+07
   7870.00  1.061e+07
   7890.00  1.049e+07
   7910.00  1.041e+07
   7930.00  1.030e+07
   7950.00  1.021e+07
   7970.00  1.011e+07
   7990.00  1.002e+07
   8010.00  9.910e+06
   8030.00  9.821e+06
   8050.00  9.732e+06
   8070.00  9.645e+06
   8090.00  9.539e+06
   8110.00  9.415e+06
   8130.00  9.376e+06
   8150.00  9.271e+06
   8170.00  9.200e+06
   8190.00  9.085e+06
   8210.00  8.956e+06
   8230.00  8.868e+06
   8250.00  8.820e+06
   8270.00  8.687e+06
   8290.00  8.654e+06
   8310.00  8.581e+06
   8330.00  8.496e+06
   8350.00  8.399e+06
   8370.00  8.328e+06
   8390.00  8.280e+06
   8410.00  8.201e+06
   8430.00  8.122e+06
   8450.00  8.010e+06
   8470.00  7.982e+06
   8490.00  7.865e+06
   8510.00  7.809e+06
   8530.00  7.715e+06
   8550.00  7.647e+06
   8570.00  7.622e+06
   8590.00  7.426e+06
   8610.00  7.413e+06
   8630.00  7.454e+06
   8650.00  7.274e+06
   8670.00  7.094e+06
   8690.00  7.243e+06
   8710.00  7.248e+06
   8730.00  7.051e+06
   8750.00  6.735e+06
   8770.00  6.868e+06
   8790.00  7.014e+06
   8810.00  6.982e+06
   8830.00  6.871e+06
   8850.00  6.536e+06
   8870.00  6.281e+06
   8890.00  6.627e+06
   8910.00  6.686e+06
   8930.00  6.653e+06
   8950.00  6.606e+06
   8970.00  6.524e+06
   8990.00  6.309e+06
   9010.00  5.835e+06
   9030.00  5.973e+06
   9050.00  6.243e+06
   9070.00  6.221e+06
   9090.00  6.218e+06
   9110.00  6.188e+06
   9130.00  6.140e+06
   9150.00  6.084e+06
   9170.00  6.007e+06
   9190.00  5.922e+06
   9210.00  5.658e+06
   9230.00  5.147e+06
   9250.00  5.545e+06
   9270.00  5.713e+06
   9290.00  5.718e+06
   9310.00  5.668e+06
   9330.00  5.641e+06
   9350.00  5.593e+06
   9370.00  5.558e+06
   9390.00  5.515e+06
   9410.00  5.466e+06
   9430.00  5.422e+06
   9450.00  5.373e+06
   9470.00  5.298e+06
   9490.00  5.259e+06
   9510.00  5.136e+06
   9530.00  4.894e+06
   9550.00  4.462e+06
   9570.00  4.902e+06
   9590.00  5.019e+06
   9610.00  5.003e+06
   9630.00  4.962e+06
   9650.00  4.959e+06
   9670.00  4.921e+06
   9690.00  4.878e+06
   9710.00  4.797e+06
   9730.00  4.799e+06
   9750.00  4.765e+06
   9770.00  4.727e+06
   9790.00  4.689e+06
   9810.00  4.650e+06
   9830.00  4.616e+06
   9850.00  4.578e+06
   9870.00  4.540e+06
   9890.00  4.499e+06
   9910.00  4.449e+06
   9930.00  4.437e+06
   9950.00  4.400e+06
   9970.00  4.354e+06
   9990.00  4.312e+06
  10025.00  4.066e+06
  10075.00  3.936e+06
  10125.00  4.075e+06
  10175.00  4.035e+06
  10225.00  3.957e+06
  10275.00  3.884e+06
  10325.00  3.796e+06
  10375.00  3.740e+06
  10425.00  3.670e+06
  10475.00  3.603e+06
  10525.00  3.536e+06
  10575.00  3.471e+06
  10625.00  3.408e+06
  10675.00  3.342e+06
  10725.00  3.286e+06
  10775.00  3.226e+06
  10825.00  3.137e+06
  10875.00  3.092e+06
  10925.00  2.801e+06
  10975.00  2.911e+06
  11025.00  2.929e+06
  11075.00  2.897e+06
  11125.00  2.847e+06
  11175.00  2.798e+06
  11225.00  2.748e+06
  11275.00  2.702e+06
  11325.00  2.653e+06
  11375.00  2.609e+06
  11425.00  2.565e+06
  11475.00  2.522e+06
  11525.00  2.480e+06
  11575.00  2.437e+06
  11625.00  2.395e+06
  11675.00  2.354e+06
  11725.00  2.318e+06
  11775.00  2.280e+06
  11825.00  2.242e+06
  11875.00  2.205e+06
  11925.00  2.170e+06
  11975.00  2.120e+06
  12025.00  2.100e+06
  12075.00  2.066e+06
  12125.00  2.032e+06
  12175.00  2.000e+06
  12225.00  1.968e+06
  12275.00  1.937e+06
  12325.00  1.906e+06
  12375.00  1.876e+06
  12425.00  1.847e+06
  12475.00  1.817e+06
  12525.00  1.786e+06
  12575.00  1.761e+06
  12625.00  1.734e+06
  12675.00  1.708e+06
  12725.00  1.678e+06
  12775.00  1.619e+06
  12825.00  1.493e+06
  12875.00  1.589e+06
  12925.00  1.580e+06
  12975.00  1.551e+06
  13025.00  1.534e+06
  13075.00  1.512e+06
  13125.00  1.490e+06
  13175.00  1.467e+06
  13225.00  1.446e+06
  13275.00  1.425e+06
  13325.00  1.403e+06
  13375.00  1.382e+06
  13425.00  1.362e+06
  13475.00  1.343e+06
  13525.00  1.323e+06
  13575.00  1.305e+06
  13625.00  1.285e+06
  13675.00  1.268e+06
  13725.00  1.249e+06
  13775.00  1.232e+06
  13825.00  1.215e+06
  13875.00  1.197e+06
  13925.00  1.180e+06
  13975.00  1.164e+06
  14025.00  1.147e+06
  14075.00  1.132e+06
  14125.00  1.116e+06
  14175.00  1.101e+06
  14225.00  1.086e+06
  14275.00  1.071e+06
  14325.00  1.056e+06
  14375.00  1.042e+06
  14425.00  1.028e+06
  14475.00  1.014e+06
  14525.00  1.000e+06
  14570.00  9.880e+05
  14620.00  9.780e+05
  14675.00  9.682e+05
  14725.00  9.553e+05
  14775.00  9.422e+05
  14825.00  9.301e+05
  14875.00  9.159e+05
  14925.00  9.028e+05
  14975.00  8.902e+05
  15025.00  8.777e+05
  15075.00  8.644e+05
  15125.00  8.543e+05
  15175.00  8.420e+05
  15225.00  8.309e+05
  15275.00  8.202e+05
  15325.00  8.087e+05
  15375.00  7.982e+05
  15425.00  7.869e+05
  15475.00  7.778e+05
  15525.00  7.670e+05
  15575.00  7.570e+05
  15625.00  7.493e+05
  15675.00  7.372e+05
  15725.00  7.279e+05
  15775.00  7.226e+05
  15825.00  7.125e+05
  15875.00  6.977e+05
  15925.00  6.939e+05
  15975.00  6.901e+05
  16050.00  6.737e+05
  16150.00  6.531e+05
  16250.00  6.454e+05
  16350.00  6.244e+05
  16450.00  6.049e+05
  16550.00  6.014e+05
  16650.00  5.877e+05
  16750.00  5.663e+05
  16850.00  5.472e+05
  16950.00  5.473e+05
  17050.00  5.330e+05
  17150.00  5.234e+05
  17250.00  5.098e+05
  17350.00  4.810e+05
  17450.00  4.847e+05
  17550.00  4.778e+05
  17650.00  4.673e+05
  17750.00  4.569e+05
  17850.00  4.466e+05
  17950.00  4.371e+05
  18050.00  4.265e+05
  18150.00  4.012e+05
  18250.00  4.039e+05
  18350.00  4.004e+05
  18450.00  3.921e+05
  18550.00  3.833e+05
  18650.00  3.721e+05
  18750.00  3.503e+05
  18850.00  3.592e+05
  18950.00  3.526e+05
  19050.00  3.444e+05
  19150.00  3.384e+05
  19250.00  3.315e+05
  19350.00  3.228e+05
  19450.00  3.018e+05
  19550.00  3.096e+05
  19650.00  3.055e+05
  19750.00  2.995e+05
  19850.00  2.935e+05
  19950.00  2.877e+05
  20050.00  2.821e+05
  20150.00  2.766e+05
  20250.00  2.712e+05
  20350.00  2.660e+05
  20450.00  2.608e+05
  20550.00  2.554e+05
  20650.00  2.510e+05
  20750.00  2.462e+05
  20850.00  2.416e+05
  20950.00  2.370e+05
  21050.00  2.326e+05
  21150.00  2.274e+05
  21250.00  2.240e+05
  21350.00  2.199e+05
  21450.00  2.158e+05
  21550.00  2.108e+05
  21650.00  1.969e+05
  21750.00  2.025e+05
  21850.00  2.004e+05
  21950.00  1.970e+05
  22050.00  1.935e+05
  22150.00  1.900e+05
  22250.00  1.866e+05
  22350.00  1.834e+05
  22450.00  1.802e+05
  22550.00  1.770e+05
  22650.00  1.739e+05
  22750.00  1.709e+05
  22850.00  1.681e+05
  22950.00  1.656e+05
  23050.00  1.627e+05
  23150.00  1.600e+05
  23250.00  1.572e+05
  23350.00  1.546e+05
  23450.00  1.520e+05
  23550.00  1.494e+05
  23650.00  1.469e+05
  23750.00  1.445e+05
  23850.00  1.419e+05
  23950.00  1.394e+05
  24050.00  1.371e+05
  24150.00  1.349e+05
  24250.00  1.326e+05
  24350.00  1.304e+05
  24450.00  1.283e+05
  24550.00  1.263e+05
  24650.00  1.242e+05
  24750.00  1.220e+05
  24850.00  1.203e+05
  24950.00  1.183e+05
  25050.00  1.169e+05
  25150.00  1.148e+05
  25250.00  1.127e+05
  25350.00  1.111e+05
  25450.00  1.095e+05
  25550.00  1.076e+05
  25650.00  1.056e+05
  25750.00  1.044e+05
  25850.00  1.029e+05
  25950.00  1.013e+05
  26050.00  9.935e+04
  26150.00  9.693e+04
  26250.00  9.166e+04
  26350.00  9.465e+04
  26450.00  9.394e+04
  26550.00  9.249e+04
  26650.00  9.086e+04
  26750.00  8.882e+04
  26850.00  8.818e+04
  26950.00  8.733e+04
  27050.00  8.613e+04
  27150.00  8.487e+04
  27250.00  8.364e+04
  27350.00  8.241e+04
  27450.00  8.091e+04
  27550.00  7.874e+04
  27650.00  7.810e+04
  27750.00  7.764e+04
  27850.00  7.669e+04
  27950.00  7.561e+04
  28050.00  7.453e+04
  28150.00  7.349e+04
  28250.00  7.246e+04
  28350.00  7.145e+04
  28450.00  7.046e+04
  28550.00  6.932e+04
  28650.00  6.779e+04
  28750.00  6.591e+04
  28850.00  6.629e+04
  28950.00  6.569e+04
  29050.00  6.484e+04
  29150.00  6.395e+04
  29250.00  6.309e+04
  29350.00  6.224e+04
  29450.00  6.140e+04
  29550.00  6.058e+04
  29650.00  5.977e+04
  29750.00  5.897e+04
  29850.00  5.819e+04
  29950.00  5.741e+04
  30050.00  5.666e+04
  30150.00  5.588e+04
  30250.00  5.494e+04
  30350.00  5.300e+04
  30450.00  5.272e+04
  30550.00  5.287e+04
  30650.00  5.235e+04
  30750.00  5.167e+04
  30850.00  5.101e+04
  30950.00  5.037e+04
  31050.00  4.973e+04
  31150.00  4.909e+04
  31250.00  4.847e+04
  31350.00  4.786e+04
  31450.00  4.726e+04
  31550.00  4.666e+04
  31650.00  4.608e+04
  31750.00  4.550e+04
  31850.00  4.494e+04
  31950.00  4.438e+04
  32100.00  4.355e+04
  32300.00  4.249e+04
  32500.00  4.146e+04
  32700.00  4.042e+04
  32900.00  3.844e+04
  33100.00  3.825e+04
  33300.00  3.767e+04
  33500.00  3.679e+04
  33700.00  3.592e+04
  33900.00  3.509e+04
  34100.00  3.427e+04
  34300.00  3.348e+04
  34500.00  3.271e+04
  34700.00  3.197e+04
  34900.00  3.124e+04
  35100.00  3.054e+04
  35300.00  2.985e+04
  35500.00  2.919e+04
  35700.00  2.854e+04
  35900.00  2.791e+04
  36100.00  2.730e+04
  36300.00  2.670e+04
  36500.00  2.610e+04
  36700.00  2.556e+04
  36900.00  2.495e+04
  37100.00  2.439e+04
  37300.00  2.354e+04
  37500.00  2.292e+04
  37700.00  2.291e+04
  37900.00  2.248e+04
  38100.00  2.195e+04
  38300.00  2.151e+04
  38500.00  2.111e+04
  38700.00  2.068e+04
  38900.00  2.023e+04
  39100.00  1.976e+04
  39300.00  1.944e+04
  39500.00  1.906e+04
  39700.00  1.868e+04
  39900.00  1.831e+04
  40100.00  1.786e+04
  40300.00  1.746e+04
  40500.00  1.673e+04
  40700.00  1.688e+04
  40900.00  1.658e+04
  41100.00  1.626e+04
  41300.00  1.594e+04
  41500.00  1.561e+04
  41700.00  1.522e+04
  41900.00  1.502e+04
  42100.00  1.477e+04
  42300.00  1.450e+04
  42500.00  1.422e+04
  42700.00  1.396e+04
  42900.00  1.368e+04
  43100.00  1.345e+04
  43300.00  1.320e+04
  43500.00  1.295e+04
  43700.00  1.259e+04
  43900.00  1.243e+04
  44100.00  1.227e+04
  44300.00  1.205e+04
  44500.00  1.184e+04
  44700.00  1.163e+04
  44900.00  1.143e+04
  45100.00  1.123e+04
  45300.00  1.103e+04
  45500.00  1.084e+04
  45700.00  1.065e+04
  45900.00  1.046e+04
  46100.00  1.028e+04
  46300.00  1.008e+04
  46500.00  9.575e+03
  46700.00  9.559e+03
  46900.00  9.541e+03
  47100.00  9.437e+03
  47300.00  9.279e+03
  47500.00  9.124e+03
  47700.00  8.972e+03
  47900.00  8.823e+03
  48100.00  8.677e+03
  48300.00  8.534e+03
  48500.00  8.394e+03
  48700.00  8.257e+03
  48900.00  8.123e+03
  49100.00  7.991e+03
  49300.00  7.862e+03
  49500.00  7.736e+03
  49700.00  7.612e+03
  49900.00  7.491e+03
  50100.00  7.372e+03
  50300.00  7.255e+03
  50500.00  7.141e+03
  50700.00  7.029e+03
  50900.00  6.919e+03
  51100.00  6.775e+03
  51300.00  6.546e+03
  51500.00  6.577e+03
  51700.00  6.500e+03
  51900.00  6.401e+03
  52100.00  6.303e+03
  52300.00  6.207e+03
  52500.00  6.113e+03
  52700.00  6.020e+03
  52900.00  5.930e+03
  53100.00  5.841e+03
  53300.00  5.754e+03
  53500.00  5.668e+03
  53700.00  5.584e+03
  53900.00  5.501e+03
  54100.00  5.420e+03
  54300.00  5.341e+03
  54500.00  5.263e+03
  54700.00  5.186e+03
  54900.00  5.111e+03
  55100.00  5.037e+03
  55300.00  4.965e+03
  55500.00  4.893e+03
  55700.00  4.823e+03
  55900.00  4.755e+03
  56100.00  4.687e+03
  56300.00  4.621e+03
  56500.00  4.556e+03
  56700.00  4.492e+03
  56900.00  4.429e+03
  57100.00  4.367e+03
  57300.00  4.306e+03
  57500.00  4.246e+03
  57700.00  4.188e+03
  57900.00  4.130e+03
  58100.00  4.073e+03
  58300.00  4.018e+03
  58500.00  3.965e+03
  58700.00  3.909e+03
  58900.00  3.832e+03
  59100.00  3.688e+03
  59300.00  3.738e+03
  59500.00  3.704e+03
  59700.00  3.655e+03
  59900.00  3.606e+03
  60100.00  3.558e+03
  60300.00  3.511e+03
  60500.00  3.465e+03
  60700.00  3.419e+03
  60900.00  3.375e+03
  61100.00  3.331e+03
  61300.00  3.287e+03
  61500.00  3.245e+03
  61700.00  3.203e+03
  61900.00  3.161e+03
  62100.00  3.121e+03
  62300.00  3.081e+03
  62500.00  3.041e+03
  62700.00  3.003e+03
  62900.00  2.965e+03
  63100.00  2.927e+03
  63300.00  2.890e+03
  63500.00  2.854e+03
  63700.00  2.818e+03
  63900.00  2.783e+03
  64200.00  2.731e+03
  64600.00  2.664e+03
  65000.00  2.599e+03
  65400.00  2.536e+03
  65800.00  2.474e+03
  66200.00  2.415e+03
  66600.00  2.357e+03
  67000.00  2.301e+03
  67400.00  2.247e+03
  67800.00  2.194e+03
  68200.00  2.143e+03
  68600.00  2.094e+03
  69000.00  2.045e+03
  69400.00  1.998e+03
  69800.00  1.953e+03
  70200.00  1.909e+03
  70600.00  1.866e+03
  71000.00  1.824e+03
  71400.00  1.783e+03
  71800.00  1.744e+03
  72200.00  1.705e+03
  72600.00  1.668e+03
  73000.00  1.631e+03
  73400.00  1.596e+03
  73800.00  1.562e+03
  74200.00  1.525e+03
  74600.00  1.459e+03
  75000.00  1.428e+03
  75400.00  1.430e+03
  75800.00  1.403e+03
  76200.00  1.373e+03
  76600.00  1.345e+03
  77000.00  1.317e+03
  77400.00  1.290e+03
  77800.00  1.264e+03
  78200.00  1.238e+03
  78600.00  1.213e+03
  79000.00  1.188e+03
  79400.00  1.164e+03
  79800.00  1.141e+03
  80200.00  1.118e+03
  80600.00  1.096e+03
  81000.00  1.075e+03
  81400.00  1.054e+03
  81800.00  1.033e+03
  82200.00  1.013e+03
  82600.00  9.936e+02
  83000.00  9.745e+02
  83400.00  9.559e+02
  83800.00  9.377e+02
  84200.00  9.200e+02
  84600.00  9.026e+02
  85000.00  8.857e+02
  85400.00  8.691e+02
  85800.00  8.530e+02
  86200.00  8.372e+02
  86600.00  8.218e+02
  87000.00  8.067e+02
  87400.00  7.920e+02
  87800.00  7.776e+02
  88200.00  7.635e+02
  88600.00  7.498e+02
  89000.00  7.364e+02
  89400.00  7.232e+02
  89800.00  7.104e+02
  90200.00  6.978e+02
  90600.00  6.855e+02
  91000.00  6.735e+02
  91400.00  6.617e+02
  91800.00  6.502e+02
  92200.00  6.390e+02
  92600.00  6.280e+02
  93000.00  6.172e+02
  93400.00  6.066e+02
  93800.00  5.963e+02
  94200.00  5.862e+02
  94600.00  5.763e+02
  95000.00  5.666e+02
  95400.00  5.571e+02
  95800.00  5.478e+02
  96200.00  5.388e+02
  96600.00  5.298e+02
  97000.00  5.211e+02
  97400.00  5.126e+02
  97800.00  5.042e+02
  98200.00  4.960e+02
  98600.00  4.880e+02
  99000.00  4.801e+02
  99400.00  4.724e+02
  99800.00  4.648e+02
 100200.00  4.574e+02
 200000.00  2.833e+01
 400000.00  1.729e+00
 600000.00  3.363e-01
 800000.00  1.052e-01
