     90.90  0.000e+00
     93.50  0.000e+00
     96.10  0.000e+00
     97.70  0.000e+00
     99.60  0.000e+00
    102.00  0.000e+00
    103.80  0.000e+00
    105.60  0.000e+00
    107.70  0.000e+00
    110.40  0.000e+00
    114.00  0.000e+00
    117.80  0.000e+00
    121.30  0.000e+00
    124.80  0.000e+00
    127.10  0.000e+00
    128.40  0.000e+00
    130.50  0.000e+00
    132.40  0.000e+00
    133.90  0.000e+00
    136.60  0.000e+00
    139.80  0.000e+00
    143.30  0.000e+00
    147.20  0.000e+00
    151.00  0.000e+00
    155.20  0.000e+00
    158.80  0.000e+00
    162.00  0.000e+00
    166.00  0.000e+00
    170.30  0.000e+00
    173.40  0.000e+00
    176.80  0.000e+00
    180.20  0.000e+00
    181.70  0.000e+00
    186.10  0.000e+00
    191.00  0.000e+00
    193.90  0.000e+00
    198.40  0.000e+00
    201.80  0.000e+00
    205.00  0.000e+00
    210.50  0.000e+00
    216.20  0.000e+00
    219.80  0.000e+00
    223.00  0.000e+00
    226.80  0.000e+00
    230.00  0.000e+00
    234.00  0.000e+00
    240.00  0.000e+00
    246.50  0.000e+00
    252.40  0.000e+00
    256.80  0.000e+00
    260.00  0.000e+00
    264.00  0.000e+00
    268.50  0.000e+00
    273.50  0.000e+00
    278.50  0.000e+00
    284.00  0.000e+00
    290.00  0.000e+00
    296.00  0.000e+00
    301.00  0.000e+00
    308.00  0.000e+00
    318.00  0.000e+00
    328.00  0.000e+00
    338.00  0.000e+00
    348.00  0.000e+00
    357.00  0.000e+00
    366.00  0.000e+00
    375.00  0.000e+00
    385.00  0.000e+00
    395.00  0.000e+00
    405.00  0.000e+00
    414.00  0.000e+00
    422.00  0.000e+00
    430.00  0.000e+00
    441.00  0.000e+00
    451.00  0.000e+00
    460.00  0.000e+00
    470.00  0.000e+00
    480.00  0.000e+00
    490.00  0.000e+00
    500.00  0.000e+00
    506.00  0.000e+00
    512.00  0.000e+00
    520.00  0.000e+00
    530.00  0.000e+00
    540.00  0.000e+00
    550.00  0.000e+00
    560.00  0.000e+00
    570.00  0.000e+00
    580.00  0.000e+00
    590.00  0.000e+00
    600.00  0.000e+00
    610.00  0.000e+00
    620.00  0.000e+00
    630.00  0.000e+00
    640.00  0.000e+00
    650.00  0.000e+00
    658.00  0.000e+00
    665.00  0.000e+00
    675.00  0.000e+00
    685.00  0.000e+00
    695.00  0.000e+00
    705.00  0.000e+00
    716.00  0.000e+00
    726.00  0.000e+00
    735.00  0.000e+00
    745.00  0.000e+00
    755.00  0.000e+00
    765.00  0.000e+00
    775.00  0.000e+00
    785.00  0.000e+00
    795.00  0.000e+00
    805.00  0.000e+00
    815.00  0.000e+00
    825.00  0.000e+00
    835.00  0.000e+00
    845.00  0.000e+00
    855.00  0.000e+00
    865.00  0.000e+00
    875.00  0.000e+00
    885.00  0.000e+00
    895.00  0.000e+00
    905.00  0.000e+00
    915.00  0.000e+00
    925.00  2.491e-14
    935.00  3.762e-14
    945.00  6.499e-14
    955.00  1.085e-13
    965.00  1.922e-13
    975.00  2.851e-13
    985.00  4.767e-13
    995.00  7.738e-13
   1005.00  1.245e-12
   1015.00  1.958e-12
   1025.00  2.324e-12
   1035.00  4.872e-12
   1045.00  7.782e-12
   1055.00  1.011e-11
   1065.00  1.678e-11
   1075.00  2.482e-11
   1085.00  3.690e-11
   1095.00  4.839e-11
   1105.00  6.433e-11
   1115.00  9.457e-11
   1125.00  1.516e-10
   1135.00  2.381e-10
   1145.00  3.396e-10
   1155.00  4.794e-10
   1165.00  6.539e-10
   1175.00  9.482e-10
   1185.00  1.250e-09
   1195.00  1.595e-09
   1205.00  1.787e-09
   1215.00  5.750e-10
   1225.00  2.935e-09
   1235.00  5.151e-09
   1245.00  6.995e-09
   1255.00  8.888e-09
   1265.00  1.164e-08
   1275.00  1.500e-08
   1285.00  1.710e-08
   1295.00  2.168e-08
   1305.00  2.619e-08
   1315.00  3.541e-08
   1325.00  4.004e-08
   1335.00  4.651e-08
   1345.00  5.966e-08
   1355.00  8.004e-08
   1365.00  8.823e-08
   1375.00  1.031e-07
   1385.00  1.174e-07
   1395.00  1.382e-07
   1405.00  1.917e-07
   1415.00  2.356e-07
   1425.00  2.881e-07
   1435.00  3.742e-07
   1442.00  5.098e-07
   1447.00  4.582e-07
   1455.00  5.682e-07
   1465.00  7.971e-07
   1475.00  9.508e-07
   1485.00  1.072e-06
   1495.00  1.548e-06
   1505.00  2.070e-06
   1512.00  1.418e-06
   1517.00  2.074e-06
   1525.00  7.005e-06
   1535.00  1.195e-05
   1545.00  9.037e-06
   1555.00  1.663e-05
   1565.00  1.654e-05
   1575.00  5.382e-05
   1585.00  6.119e-05
   1595.00  6.511e-05
   1605.00  6.706e-05
   1615.00  7.312e-05
   1625.00  7.990e-05
   1635.00  1.151e-04
   1645.00  1.689e-04
   1655.00  1.218e-04
   1665.00  2.164e-04
   1672.00  1.495e-04
   1677.00  6.529e-04
   1685.00  9.605e-04
   1695.00  1.377e-03
   1705.00  1.532e-03
   1715.00  1.804e-03
   1725.00  3.321e-03
   1735.00  4.808e-03
   1745.00  7.692e-03
   1755.00  7.694e-03
   1765.00  1.195e-02
   1775.00  7.327e-03
   1785.00  2.400e-02
   1795.00  2.017e-02
   1805.00  4.279e-02
   1815.00  2.051e-02
   1825.00  5.309e-02
   1835.00  3.974e-02
   1845.00  3.880e-02
   1855.00  2.764e-02
   1865.00  7.716e-02
   1875.00  6.568e-02
   1885.00  9.418e-02
   1895.00  1.425e-01
   1905.00  1.336e-01
   1915.00  2.096e-01
   1925.00  1.366e-01
   1935.00  6.529e-02
   1945.00  2.343e-01
   1955.00  3.496e-01
   1967.00  4.153e-01
   1976.00  4.709e-01
   1984.00  6.552e-01
   1995.00  5.453e-01
   2005.00  6.152e-01
   2015.00  6.722e-01
   2025.00  4.426e-01
   2035.00  7.447e-01
   2045.00  7.657e-01
   2055.00  9.519e-01
   2065.00  8.053e-01
   2074.00  7.066e-01
   2078.00  4.022e+00
   2085.00  5.478e+00
   2095.00  5.185e+00
   2105.00  4.599e+00
   2115.00  4.646e+00
   2125.00  4.289e+00
   2135.00  7.038e+00
   2145.00  5.470e+00
   2155.00  6.239e+00
   2165.00  5.263e+00
   2175.00  6.564e+00
   2185.00  5.315e+00
   2195.00  1.002e+01
   2205.00  8.393e+00
   2215.00  8.881e+00
   2225.00  9.406e+00
   2235.00  1.966e+01
   2245.00  2.117e+01
   2255.00  2.216e+01
   2265.00  1.004e+01
   2275.00  1.991e+01
   2285.00  2.562e+01
   2295.00  3.307e+01
   2305.00  1.220e+01
   2315.00  3.455e+01
   2325.00  2.773e+01
   2335.00  4.546e+01
   2345.00  2.554e+01
   2355.00  2.351e+01
   2365.00  2.485e+01
   2375.00  3.062e+01
   2385.00  3.204e+01
   2395.00  3.556e+01
   2405.00  5.638e+01
   2415.00  3.810e+01
   2425.00  7.337e+01
   2435.00  1.043e+02
   2445.00  1.447e+02
   2455.00  1.595e+02
   2465.00  7.709e+01
   2475.00  8.921e+01
   2485.00  1.082e+01
   2495.00  3.670e+01
   2505.00  9.359e+01
   2513.00  3.540e+01
   2518.00  1.943e+01
   2525.00  2.455e+01
   2535.00  1.816e+02
   2545.00  1.805e+02
   2555.00  6.745e+02
   2565.00  2.525e+02
   2575.00  4.251e+02
   2585.00  3.205e+02
   2595.00  3.052e+02
   2605.00  3.427e+02
   2615.00  3.105e+02
   2625.00  4.858e+02
   2635.00  1.211e+03
   2645.00  1.847e+03
   2655.00  4.387e+03
   2665.00  2.047e+03
   2675.00  1.836e+03
   2685.00  3.033e+03
   2695.00  1.521e+03
   2705.00  2.993e+03
   2715.00  1.520e+03
   2725.00  6.452e+02
   2735.00  1.126e+03
   2745.00  7.975e+02
   2755.00  1.161e+03
   2765.00  1.783e+03
   2775.00  2.073e+03
   2785.00  1.099e+03
   2795.00  3.438e+02
   2805.00  4.676e+02
   2815.00  1.674e+03
   2825.00  2.415e+03
   2835.00  1.884e+03
   2845.00  7.405e+02
   2855.00  1.598e+02
   2865.00  1.412e+03
   2875.00  3.559e+03
   2885.00  4.669e+03
   2895.00  7.882e+03
   2910.00  1.405e+04
   2930.00  1.482e+04
   2950.00  1.501e+04
   2970.00  1.583e+04
   2990.00  1.900e+04
   3010.00  1.832e+04
   3030.00  2.167e+04
   3050.00  2.250e+04
   3070.00  2.250e+04
   3090.00  2.027e+04
   3110.00  2.590e+04
   3130.00  2.036e+04
   3150.00  2.234e+04
   3170.00  2.767e+04
   3190.00  2.212e+04
   3210.00  2.497e+04
   3230.00  2.023e+04
   3250.00  3.512e+04
   3270.00  4.029e+04
   3290.00  3.932e+04
   3310.00  3.465e+04
   3330.00  3.715e+04
   3350.00  3.487e+04
   3370.00  2.279e+04
   3390.00  2.752e+04
   3410.00  3.134e+04
   3430.00  3.524e+04
   3450.00  4.203e+04
   3470.00  4.319e+04
   3490.00  4.978e+04
   3510.00  5.116e+04
   3530.00  4.158e+04
   3550.00  4.328e+04
   3570.00  2.644e+04
   3590.00  3.540e+04
   3610.00  5.307e+04
   3630.00  5.726e+04
   3640.00  5.542e+04
   3650.00  5.869e+04
   3670.00  6.444e+04
   3690.00  6.061e+04
   3710.00  6.710e+04
   3730.00  3.269e+04
   3750.00  3.831e+04
   3770.00  5.149e+04
   3790.00  5.075e+04
   3810.00  4.329e+04
   3830.00  1.943e+04
   3850.00  2.275e+04
   3870.00  2.712e+04
   3890.00  5.412e+04
   3910.00  6.572e+04
   3930.00  2.264e+04
   3950.00  4.927e+04
   3970.00  3.056e+04
   3990.00  9.265e+04
   4010.00  1.088e+05
   4030.00  1.114e+05
   4050.00  1.026e+05
   4070.00  9.487e+04
   4090.00  1.261e+05
   4110.00  1.267e+05
   4130.00  1.083e+05
   4150.00  1.006e+05
   4170.00  1.025e+05
   4190.00  1.033e+05
   4210.00  1.142e+05
   4230.00  1.215e+05
   4250.00  1.245e+05
   4270.00  1.154e+05
   4290.00  1.042e+05
   4310.00  8.397e+04
   4330.00  1.387e+05
   4350.00  1.373e+05
   4370.00  1.499e+05
   4390.00  1.311e+05
   4410.00  1.431e+05
   4430.00  1.590e+05
   4450.00  1.609e+05
   4470.00  1.767e+05
   4490.00  1.826e+05
   4510.00  2.143e+05
   4530.00  1.847e+05
   4550.00  1.916e+05
   4570.00  2.107e+05
   4590.00  1.992e+05
   4610.00  2.067e+05
   4630.00  1.983e+05
   4650.00  2.042e+05
   4670.00  2.120e+05
   4690.00  2.054e+05
   4710.00  2.041e+05
   4730.00  2.143e+05
   4750.00  2.282e+05
   4770.00  2.326e+05
   4790.00  2.305e+05
   4810.00  2.252e+05
   4830.00  2.359e+05
   4850.00  2.207e+05
   4870.00  2.038e+05
   4890.00  2.268e+05
   4910.00  2.249e+05
   4930.00  2.220e+05
   4950.00  2.409e+05
   4970.00  2.329e+05
   4990.00  2.144e+05
   5010.00  2.036e+05
   5030.00  2.168e+05
   5050.00  2.204e+05
   5070.00  2.340e+05
   5090.00  2.143e+05
   5110.00  2.217e+05
   5130.00  2.115e+05
   5150.00  2.058e+05
   5170.00  1.949e+05
   5190.00  2.061e+05
   5210.00  2.181e+05
   5230.00  2.240e+05
   5250.00  2.314e+05
   5270.00  2.036e+05
   5290.00  2.355e+05
   5310.00  2.527e+05
   5330.00  2.199e+05
   5350.00  2.460e+05
   5370.00  2.474e+05
   5390.00  2.374e+05
   5410.00  2.336e+05
   5430.00  2.383e+05
   5450.00  2.548e+05
   5470.00  2.419e+05
   5490.00  2.423e+05
   5510.00  2.399e+05
   5530.00  2.467e+05
   5550.00  2.518e+05
   5570.00  2.475e+05
   5590.00  2.397e+05
   5610.00  2.540e+05
   5630.00  2.472e+05
   5650.00  2.506e+05
   5670.00  2.430e+05
   5690.00  2.529e+05
   5710.00  2.431e+05
   5730.00  2.689e+05
   5750.00  2.547e+05
   5770.00  2.599e+05
   5790.00  2.468e+05
   5810.00  2.606e+05
   5830.00  2.699e+05
   5850.00  2.606e+05
   5870.00  2.627e+05
   5890.00  2.403e+05
   5910.00  2.583e+05
   5930.00  2.592e+05
   5950.00  2.597e+05
   5970.00  2.651e+05
   5990.00  2.592e+05
   6010.00  2.536e+05
   6030.00  2.610e+05
   6050.00  2.655e+05
   6070.00  2.640e+05
   6090.00  2.506e+05
   6110.00  2.522e+05
   6130.00  2.380e+05
   6150.00  2.464e+05
   6170.00  2.380e+05
   6190.00  2.536e+05
   6210.00  2.528e+05
   6230.00  2.426e+05
   6250.00  2.329e+05
   6270.00  2.470e+05
   6290.00  2.504e+05
   6310.00  2.424e+05
   6330.00  2.458e+05
   6350.00  2.460e+05
   6370.00  2.440e+05
   6390.00  2.487e+05
   6410.00  2.433e+05
   6430.00  2.462e+05
   6450.00  2.456e+05
   6470.00  2.441e+05
   6490.00  2.369e+05
   6510.00  2.456e+05
   6530.00  2.456e+05
   6550.00  2.419e+05
   6570.00  2.313e+05
   6590.00  2.431e+05
   6610.00  2.452e+05
   6630.00  2.432e+05
   6650.00  2.430e+05
   6670.00  2.376e+05
   6690.00  2.464e+05
   6710.00  2.360e+05
   6730.00  2.450e+05
   6750.00  2.403e+05
   6770.00  2.420e+05
   6790.00  2.392e+05
   6810.00  2.386e+05
   6830.00  2.416e+05
   6850.00  2.327e+05
   6870.00  2.371e+05
   6890.00  2.406e+05
   6910.00  2.371e+05
   6930.00  2.342e+05
   6950.00  2.303e+05
   6970.00  2.316e+05
   6990.00  2.300e+05
   7010.00  2.211e+05
   7030.00  2.271e+05
   7050.00  2.307e+05
   7070.00  2.262e+05
   7090.00  2.250e+05
   7110.00  2.238e+05
   7130.00  2.187e+05
   7150.00  2.189e+05
   7170.00  2.205e+05
   7190.00  2.115e+05
   7210.00  2.191e+05
   7230.00  2.214e+05
   7250.00  2.215e+05
   7270.00  2.196e+05
   7290.00  2.111e+05
   7310.00  2.159e+05
   7330.00  2.163e+05
   7350.00  2.152e+05
   7370.00  2.190e+05
   7390.00  2.127e+05
   7410.00  2.095e+05
   7430.00  2.136e+05
   7450.00  2.145e+05
   7470.00  2.153e+05
   7490.00  2.129e+05
   7510.00  2.150e+05
   7530.00  2.168e+05
   7550.00  2.177e+05
   7570.00  2.152e+05
   7590.00  2.140e+05
   7610.00  2.137e+05
   7630.00  2.148e+05
   7650.00  2.158e+05
   7670.00  2.077e+05
   7690.00  2.147e+05
   7710.00  2.099e+05
   7730.00  2.102e+05
   7750.00  2.080e+05
   7770.00  2.135e+05
   7790.00  2.127e+05
   7810.00  2.116e+05
   7830.00  2.094e+05
   7850.00  2.072e+05
   7870.00  2.081e+05
   7890.00  2.015e+05
   7910.00  1.948e+05
   7930.00  1.943e+05
   7950.00  1.913e+05
   7970.00  1.989e+05
   7990.00  1.990e+05
   8010.00  1.970e+05
   8030.00  1.971e+05
   8050.00  1.950e+05
   8070.00  1.943e+05
   8090.00  1.876e+05
   8110.00  1.876e+05
   8130.00  1.905e+05
   8150.00  1.898e+05
   8170.00  1.904e+05
   8190.00  1.862e+05
   8210.00  1.853e+05
   8230.00  1.871e+05
   8250.00  1.892e+05
   8270.00  1.913e+05
   8290.00  1.895e+05
   8310.00  1.815e+05
   8330.00  1.829e+05
   8350.00  1.827e+05
   8370.00  1.847e+05
   8390.00  1.790e+05
   8410.00  1.856e+05
   8430.00  1.797e+05
   8450.00  1.840e+05
   8470.00  1.827e+05
   8490.00  1.851e+05
   8510.00  1.745e+05
   8530.00  1.842e+05
   8550.00  1.709e+05
   8570.00  1.848e+05
   8590.00  1.803e+05
   8610.00  1.807e+05
   8630.00  1.828e+05
   8650.00  1.837e+05
   8670.00  1.680e+05
   8690.00  1.752e+05
   8710.00  1.789e+05
   8730.00  1.798e+05
   8750.00  1.770e+05
   8770.00  1.803e+05
   8790.00  1.779e+05
   8810.00  1.731e+05
   8830.00  1.766e+05
   8850.00  1.784e+05
   8870.00  1.738e+05
   8890.00  1.772e+05
   8910.00  1.794e+05
   8930.00  1.738e+05
   8950.00  1.732e+05
   8970.00  1.739e+05
   8990.00  1.742e+05
   9010.00  1.680e+05
   9030.00  1.734e+05
   9050.00  1.775e+05
   9070.00  1.742e+05
   9090.00  1.677e+05
   9110.00  1.690e+05
   9130.00  1.734e+05
   9150.00  1.715e+05
   9170.00  1.713e+05
   9190.00  1.737e+05
   9210.00  1.681e+05
   9230.00  1.695e+05
   9250.00  1.673e+05
   9270.00  1.685e+05
   9290.00  1.677e+05
   9310.00  1.693e+05
   9330.00  1.677e+05
   9350.00  1.674e+05
   9370.00  1.640e+05
   9390.00  1.661e+05
   9410.00  1.602e+05
   9430.00  1.655e+05
   9450.00  1.612e+05
   9470.00  1.649e+05
   9490.00  1.651e+05
   9510.00  1.634e+05
   9530.00  1.631e+05
   9550.00  1.599e+05
   9570.00  1.591e+05
   9590.00  1.625e+05
   9610.00  1.594e+05
   9630.00  1.587e+05
   9650.00  1.560e+05
   9670.00  1.558e+05
   9690.00  1.584e+05
   9710.00  1.566e+05
   9730.00  1.557e+05
   9750.00  1.545e+05
   9770.00  1.544e+05
   9790.00  1.519e+05
   9810.00  1.559e+05
   9830.00  1.546e+05
   9850.00  1.552e+05
   9870.00  1.534e+05
   9890.00  1.533e+05
   9910.00  1.526e+05
   9930.00  1.532e+05
   9950.00  1.530e+05
   9970.00  1.528e+05
   9990.00  1.517e+05
  10025.00  1.507e+05
  10075.00  1.484e+05
  10125.00  1.480e+05
  10175.00  1.454e+05
  10225.00  1.454e+05
  10275.00  1.454e+05
  10325.00  1.421e+05
  10375.00  1.408e+05
  10425.00  1.413e+05
  10475.00  1.393e+05
  10525.00  1.393e+05
  10575.00  1.375e+05
  10625.00  1.364e+05
  10675.00  1.335e+05
  10725.00  1.334e+05
  10775.00  1.317e+05
  10825.00  1.296e+05
  10875.00  1.290e+05
  10925.00  1.301e+05
  10975.00  1.275e+05
  11025.00  1.281e+05
  11075.00  1.275e+05
  11125.00  1.263e+05
  11175.00  1.247e+05
  11225.00  1.245e+05
  11275.00  1.221e+05
  11325.00  1.216e+05
  11375.00  1.205e+05
  11425.00  1.187e+05
  11475.00  1.204e+05
  11525.00  1.195e+05
  11575.00  1.174e+05
  11625.00  1.157e+05
  11675.00  1.155e+05
  11725.00  1.164e+05
  11775.00  1.140e+05
  11825.00  1.131e+05
  11875.00  1.112e+05
  11925.00  1.132e+05
  11975.00  1.089e+05
  12025.00  1.107e+05
  12075.00  1.091e+05
  12125.00  1.090e+05
  12175.00  1.095e+05
  12225.00  1.084e+05
  12275.00  1.074e+05
  12325.00  1.066e+05
  12375.00  1.060e+05
  12425.00  1.050e+05
  12475.00  1.049e+05
  12525.00  1.035e+05
  12575.00  1.031e+05
  12625.00  1.025e+05
  12675.00  1.012e+05
  12725.00  1.013e+05
  12775.00  1.013e+05
  12825.00  9.723e+04
  12875.00  9.861e+04
  12925.00  9.752e+04
  12975.00  9.828e+04
  13025.00  9.645e+04
  13075.00  9.694e+04
  13125.00  9.523e+04
  13175.00  9.464e+04
  13225.00  9.471e+04
  13275.00  9.273e+04
  13325.00  9.345e+04
  13375.00  9.233e+04
  13425.00  9.292e+04
  13475.00  9.196e+04
  13525.00  9.159e+04
  13575.00  8.960e+04
  13625.00  8.933e+04
  13675.00  8.918e+04
  13725.00  8.908e+04
  13775.00  8.844e+04
  13825.00  8.823e+04
  13875.00  8.735e+04
  13925.00  8.746e+04
  13975.00  8.713e+04
  14025.00  8.539e+04
  14075.00  8.599e+04
  14125.00  8.467e+04
  14175.00  8.541e+04
  14225.00  8.350e+04
  14275.00  8.210e+04
  14325.00  8.336e+04
  14375.00  8.357e+04
  14425.00  8.031e+04
  14475.00  8.218e+04
  14525.00  8.057e+04
  14570.00  8.103e+04
  14620.00  8.075e+04
  14675.00  8.063e+04
  14725.00  7.878e+04
  14775.00  7.874e+04
  14825.00  7.842e+04
  14875.00  7.723e+04
  14925.00  7.861e+04
  14975.00  7.710e+04
  15025.00  7.614e+04
  15075.00  7.506e+04
  15125.00  7.603e+04
  15175.00  7.601e+04
  15225.00  7.517e+04
  15275.00  7.539e+04
  15325.00  7.452e+04
  15375.00  7.482e+04
  15425.00  7.412e+04
  15475.00  7.398e+04
  15525.00  7.272e+04
  15575.00  7.142e+04
  15625.00  7.341e+04
  15675.00  7.073e+04
  15725.00  7.135e+04
  15775.00  6.930e+04
  15825.00  7.013e+04
  15875.00  6.656e+04
  15925.00  6.840e+04
  15975.00  6.959e+04
  16050.00  6.862e+04
  16150.00  6.714e+04
  16250.00  6.720e+04
  16350.00  6.609e+04
  16450.00  6.417e+04
  16550.00  6.403e+04
  16650.00  6.305e+04
  16750.00  6.145e+04
  16850.00  5.941e+04
  16950.00  5.993e+04
  17050.00  5.769e+04
  17150.00  5.728e+04
  17250.00  5.531e+04
  17350.00  5.364e+04
  17450.00  5.341e+04
  17550.00  5.250e+04
  17650.00  5.163e+04
  17750.00  5.042e+04
  17850.00  4.985e+04
  17950.00  4.880e+04
  18050.00  4.768e+04
  18150.00  4.650e+04
  18250.00  4.578e+04
  18350.00  4.500e+04
  18450.00  4.376e+04
  18550.00  4.335e+04
  18650.00  4.196e+04
  18750.00  4.074e+04
  18850.00  4.086e+04
  18950.00  3.896e+04
  19050.00  3.960e+04
  19150.00  3.870e+04
  19250.00  3.809e+04
  19350.00  3.695e+04
  19450.00  3.593e+04
  19550.00  3.601e+04
  19650.00  3.524e+04
  19750.00  3.453e+04
  19850.00  3.405e+04
  19950.00  3.348e+04
  20050.00  3.320e+04
  20150.00  3.278e+04
  20250.00  3.173e+04
  20350.00  3.106e+04
  20450.00  3.108e+04
  20550.00  3.042e+04
  20650.00  2.975e+04
  20750.00  2.932e+04
  20850.00  2.880e+04
  20950.00  2.812e+04
  21050.00  2.798e+04
  21150.00  2.739e+04
  21250.00  2.691e+04
  21350.00  2.666e+04
  21450.00  2.619e+04
  21550.00  2.576e+04
  21650.00  2.497e+04
  21750.00  2.469e+04
  21850.00  2.436e+04
  21950.00  2.408e+04
  22050.00  2.347e+04
  22150.00  2.333e+04
  22250.00  2.279e+04
  22350.00  2.244e+04
  22450.00  2.212e+04
  22550.00  2.178e+04
  22650.00  2.134e+04
  22750.00  2.118e+04
  22850.00  2.067e+04
  22950.00  1.823e+04
  23050.00  1.918e+04
  23150.00  1.896e+04
  23250.00  1.677e+04
  23350.00  1.771e+04
  23450.00  1.781e+04
  23550.00  1.560e+04
  23650.00  1.670e+04
  23750.00  1.663e+04
  23850.00  1.476e+04
  23950.00  1.564e+04
  24050.00  1.579e+04
  24150.00  1.429e+04
  24250.00  1.484e+04
  24350.00  1.497e+04
  24450.00  1.401e+04
  24550.00  1.391e+04
  24650.00  1.441e+04
  24750.00  1.383e+04
  24850.00  1.315e+04
  24950.00  1.354e+04
  25050.00  1.384e+04
  25150.00  1.268e+04
  25250.00  1.314e+04
  25350.00  1.314e+04
  25450.00  1.271e+04
  25550.00  1.254e+04
  25650.00  1.255e+04
  25750.00  1.259e+04
  25850.00  1.184e+04
  25950.00  1.205e+04
  26050.00  1.207e+04
  26150.00  1.177e+04
  26250.00  1.157e+04
  26350.00  1.160e+04
  26450.00  1.148e+04
  26550.00  1.124e+04
  26650.00  1.100e+04
  26750.00  1.118e+04
  26850.00  1.105e+04
  26950.00  1.075e+04
  27050.00  1.076e+04
  27150.00  1.064e+04
  27250.00  1.056e+04
  27350.00  1.032e+04
  27450.00  1.031e+04
  27550.00  1.020e+04
  27650.00  1.005e+04
  27750.00  9.876e+03
  27850.00  9.825e+03
  27950.00  9.782e+03
  28050.00  9.648e+03
  28150.00  9.497e+03
  28250.00  9.405e+03
  28350.00  9.347e+03
  28450.00  9.195e+03
  28550.00  9.087e+03
  28650.00  8.983e+03
  28750.00  8.848e+03
  28850.00  8.778e+03
  28950.00  8.682e+03
  29050.00  8.574e+03
  29150.00  8.487e+03
  29250.00  8.329e+03
  29350.00  8.293e+03
  29450.00  8.150e+03
  29550.00  8.071e+03
  29650.00  8.002e+03
  29750.00  7.905e+03
  29850.00  7.800e+03
  29950.00  7.695e+03
  30050.00  7.603e+03
  30150.00  7.536e+03
  30250.00  7.427e+03
  30350.00  7.281e+03
  30450.00  7.263e+03
  30550.00  7.162e+03
  30650.00  7.071e+03
  30750.00  7.011e+03
  30850.00  6.893e+03
  30950.00  6.819e+03
  31050.00  6.769e+03
  31150.00  6.633e+03
  31250.00  6.594e+03
  31350.00  6.527e+03
  31450.00  6.448e+03
  31550.00  6.353e+03
  31650.00  6.277e+03
  31750.00  6.222e+03
  31850.00  6.145e+03
  31950.00  6.088e+03
  32100.00  5.968e+03
  32300.00  5.830e+03
  32500.00  5.692e+03
  32700.00  5.558e+03
  32900.00  5.413e+03
  33100.00  5.306e+03
  33300.00  5.178e+03
  33500.00  5.080e+03
  33700.00  4.958e+03
  33900.00  4.840e+03
  34100.00  4.726e+03
  34300.00  4.644e+03
  34500.00  4.551e+03
  34700.00  4.446e+03
  34900.00  4.353e+03
  35100.00  4.265e+03
  35300.00  4.160e+03
  35500.00  4.084e+03
  35700.00  3.990e+03
  35900.00  3.904e+03
  36100.00  3.835e+03
  36300.00  3.756e+03
  36500.00  3.662e+03
  36700.00  3.585e+03
  36900.00  3.486e+03
  37100.00  3.408e+03
  37300.00  3.362e+03
  37500.00  3.256e+03
  37700.00  3.229e+03
  37900.00  3.159e+03
  38100.00  3.107e+03
  38300.00  3.056e+03
  38500.00  3.000e+03
  38700.00  2.930e+03
  38900.00  2.875e+03
  39100.00  2.826e+03
  39300.00  2.773e+03
  39500.00  2.704e+03
  39700.00  2.660e+03
  39900.00  2.589e+03
  40100.00  2.553e+03
  40300.00  2.515e+03
  40500.00  2.460e+03
  40700.00  2.419e+03
  40900.00  2.376e+03
  41100.00  2.336e+03
  41300.00  2.297e+03
  41500.00  2.248e+03
  41700.00  2.207e+03
  41900.00  2.166e+03
  42100.00  2.119e+03
  42300.00  2.098e+03
  42500.00  2.050e+03
  42700.00  2.020e+03
  42900.00  1.882e+03
  43100.00  1.765e+03
  43300.00  1.791e+03
  43500.00  1.667e+03
  43700.00  1.619e+03
  43900.00  1.589e+03
  44100.00  1.468e+03
  44300.00  1.469e+03
  44500.00  1.431e+03
  44700.00  1.341e+03
  44900.00  1.376e+03
  45100.00  1.326e+03
  45300.00  1.258e+03
  45500.00  1.275e+03
  45700.00  1.264e+03
  45900.00  1.186e+03
  46100.00  1.218e+03
  46300.00  1.184e+03
  46500.00  1.175e+03
  46700.00  1.171e+03
  46900.00  1.150e+03
  47100.00  1.120e+03
  47300.00  1.140e+03
  47500.00  1.110e+03
  47700.00  1.096e+03
  47900.00  1.079e+03
  48100.00  1.051e+03
  48300.00  1.071e+03
  48500.00  1.043e+03
  48700.00  1.020e+03
  48900.00  1.015e+03
  49100.00  9.936e+02
  49300.00  9.804e+02
  49500.00  9.661e+02
  49700.00  9.610e+02
  49900.00  9.402e+02
  50100.00  9.398e+02
  50300.00  9.272e+02
  50500.00  8.992e+02
  50700.00  8.924e+02
  50900.00  8.856e+02
  51100.00  8.646e+02
  51300.00  8.595e+02
  51500.00  8.454e+02
  51700.00  8.500e+02
  51900.00  8.288e+02
  52100.00  8.164e+02
  52300.00  8.043e+02
  52500.00  8.016e+02
  52700.00  8.046e+02
  52900.00  7.752e+02
  53100.00  7.661e+02
  53300.00  7.624e+02
  53500.00  7.535e+02
  53700.00  7.451e+02
  53900.00  7.388e+02
  54100.00  7.294e+02
  54300.00  7.135e+02
  54500.00  7.141e+02
  54700.00  7.011e+02
  54900.00  6.941e+02
  55100.00  6.841e+02
  55300.00  6.915e+02
  55500.00  6.670e+02
  55700.00  6.717e+02
  55900.00  6.564e+02
  56100.00  6.540e+02
  56300.00  6.391e+02
  56500.00  6.397e+02
  56700.00  6.311e+02
  56900.00  6.170e+02
  57100.00  6.181e+02
  57300.00  6.105e+02
  57500.00  6.035e+02
  57700.00  5.940e+02
  57900.00  5.921e+02
  58100.00  5.813e+02
  58300.00  5.757e+02
  58500.00  5.697e+02
  58700.00  5.591e+02
  58900.00  5.541e+02
  59100.00  5.492e+02
  59300.00  5.439e+02
  59500.00  5.348e+02
  59700.00  5.318e+02
  59900.00  5.256e+02
  60100.00  5.196e+02
  60300.00  5.135e+02
  60500.00  5.053e+02
  60700.00  4.998e+02
  60900.00  4.937e+02
  61100.00  4.867e+02
  61300.00  4.830e+02
  61500.00  4.781e+02
  61700.00  4.743e+02
  61900.00  4.686e+02
  62100.00  4.641e+02
  62300.00  4.567e+02
  62500.00  4.502e+02
  62700.00  4.456e+02
  62900.00  4.408e+02
  63100.00  4.350e+02
  63300.00  4.325e+02
  63500.00  4.264e+02
  63700.00  4.236e+02
  63900.00  4.171e+02
  64200.00  4.102e+02
  64600.00  4.004e+02
  65000.00  3.915e+02
  65400.00  3.827e+02
  65800.00  3.750e+02
  66200.00  3.660e+02
  66600.00  3.581e+02
  67000.00  3.504e+02
  67400.00  3.422e+02
  67800.00  3.349e+02
  68200.00  3.274e+02
  68600.00  3.206e+02
  69000.00  3.133e+02
  69400.00  3.065e+02
  69800.00  3.000e+02
  70200.00  2.932e+02
  70600.00  2.872e+02
  71000.00  2.810e+02
  71400.00  2.751e+02
  71800.00  2.691e+02
  72200.00  2.635e+02
  72600.00  2.578e+02
  73000.00  2.525e+02
  73400.00  2.470e+02
  73800.00  2.421e+02
  74200.00  2.367e+02
  74600.00  2.318e+02
  75000.00  2.271e+02
  75400.00  2.223e+02
  75800.00  2.181e+02
  76200.00  2.136e+02
  76600.00  2.093e+02
  77000.00  2.050e+02
  77400.00  2.010e+02
  77800.00  1.970e+02
  78200.00  1.931e+02
  78600.00  1.893e+02
  79000.00  1.856e+02
  79400.00  1.819e+02
  79800.00  1.784e+02
  80200.00  1.748e+02
  80600.00  1.714e+02
  81000.00  1.683e+02
  81400.00  1.649e+02
  81800.00  1.619e+02
  82200.00  1.588e+02
  82600.00  1.558e+02
  83000.00  1.529e+02
  83400.00  1.499e+02
  83800.00  1.472e+02
  84200.00  1.445e+02
  84600.00  1.419e+02
  85000.00  1.393e+02
  85400.00  1.367e+02
  85800.00  1.342e+02
  86200.00  1.318e+02
  86600.00  1.295e+02
  87000.00  1.272e+02
  87400.00  1.249e+02
  87800.00  1.226e+02
  88200.00  1.204e+02
  88600.00  1.183e+02
  89000.00  1.162e+02
  89400.00  1.142e+02
  89800.00  1.121e+02
  90200.00  1.103e+02
  90600.00  1.084e+02
  91000.00  1.064e+02
  91400.00  1.047e+02
  91800.00  1.029e+02
  92200.00  1.012e+02
  92600.00  9.952e+01
  93000.00  9.785e+01
  93400.00  9.620e+01
  93800.00  9.461e+01
  94200.00  9.305e+01
  94600.00  9.148e+01
  95000.00  8.998e+01
  95400.00  8.851e+01
  95800.00  8.709e+01
  96200.00  8.564e+01
  96600.00  8.429e+01
  97000.00  8.293e+01
  97400.00  8.148e+01
  97800.00  8.025e+01
  98200.00  7.900e+01
  98600.00  7.776e+01
  99000.00  7.654e+01
  99400.00  7.531e+01
  99800.00  7.414e+01
 100200.00  7.298e+01
 200000.00  4.724e+00
 400000.00  2.960e-01
 600000.00  5.805e-02
 800000.00  1.822e-02
