     90.90  0.000e+00
     93.50  0.000e+00
     96.10  0.000e+00
     97.70  0.000e+00
     99.60  0.000e+00
    102.00  0.000e+00
    103.80  0.000e+00
    105.60  0.000e+00
    107.70  0.000e+00
    110.40  0.000e+00
    114.00  0.000e+00
    117.80  0.000e+00
    121.30  0.000e+00
    124.80  0.000e+00
    127.10  0.000e+00
    128.40  0.000e+00
    130.50  0.000e+00
    132.40  0.000e+00
    133.90  0.000e+00
    136.60  0.000e+00
    139.80  0.000e+00
    143.30  0.000e+00
    147.20  0.000e+00
    151.00  0.000e+00
    155.20  0.000e+00
    158.80  0.000e+00
    162.00  0.000e+00
    166.00  0.000e+00
    170.30  0.000e+00
    173.40  0.000e+00
    176.80  0.000e+00
    180.20  0.000e+00
    181.70  0.000e+00
    186.10  0.000e+00
    191.00  0.000e+00
    193.90  0.000e+00
    198.40  0.000e+00
    201.80  0.000e+00
    205.00  0.000e+00
    210.50  0.000e+00
    216.20  0.000e+00
    219.80  0.000e+00
    223.00  0.000e+00
    226.80  0.000e+00
    230.00  0.000e+00
    234.00  0.000e+00
    240.00  0.000e+00
    246.50  0.000e+00
    252.40  0.000e+00
    256.80  0.000e+00
    260.00  0.000e+00
    264.00  0.000e+00
    268.50  0.000e+00
    273.50  0.000e+00
    278.50  0.000e+00
    284.00  0.000e+00
    290.00  0.000e+00
    296.00  0.000e+00
    301.00  0.000e+00
    308.00  0.000e+00
    318.00  0.000e+00
    328.00  0.000e+00
    338.00  0.000e+00
    348.00  0.000e+00
    357.00  0.000e+00
    366.00  0.000e+00
    375.00  0.000e+00
    385.00  0.000e+00
    395.00  0.000e+00
    405.00  0.000e+00
    414.00  0.000e+00
    422.00  0.000e+00
    430.00  0.000e+00
    441.00  0.000e+00
    451.00  0.000e+00
    460.00  0.000e+00
    470.00  0.000e+00
    480.00  0.000e+00
    490.00  0.000e+00
    500.00  0.000e+00
    506.00  1.933e-05
    512.00  4.152e-05
    520.00  6.759e-05
    530.00  1.221e-04
    540.00  2.078e-04
    550.00  3.751e-04
    560.00  6.334e-04
    570.00  1.060e-03
    580.00  1.630e-03
    590.00  2.745e-03
    600.00  4.320e-03
    610.00  6.794e-03
    620.00  1.030e-02
    630.00  1.559e-02
    640.00  2.281e-02
    650.00  3.390e-02
    658.00  4.563e-02
    665.00  5.827e-02
    675.00  8.257e-02
    685.00  1.173e-01
    695.00  1.650e-01
    705.00  2.257e-01
    716.00  3.199e-01
    726.00  4.351e-01
    735.00  5.656e-01
    745.00  7.537e-01
    755.00  9.945e-01
    765.00  1.306e+00
    775.00  1.705e+00
    785.00  2.215e+00
    795.00  2.795e+00
    805.00  3.580e+00
    815.00  4.569e+00
    825.00  5.736e+00
    835.00  7.098e+00
    845.00  8.986e+00
    855.00  1.110e+01
    865.00  1.374e+01
    875.00  1.668e+01
    885.00  2.055e+01
    895.00  2.492e+01
    905.00  2.956e+01
    915.00  1.300e+03
    925.00  7.704e+03
    935.00  1.159e+04
    945.00  4.096e+04
    955.00  2.275e+05
    965.00  3.246e+05
    975.00  8.692e+04
    985.00  5.737e+05
    995.00  5.057e+05
   1005.00  8.079e+05
   1015.00  8.675e+05
   1025.00  8.962e+04
   1035.00  3.379e+05
   1045.00  1.572e+06
   1055.00  2.015e+06
   1065.00  1.672e+06
   1075.00  2.151e+06
   1085.00  1.363e+06
   1095.00  2.248e+06
   1105.00  5.728e+06
   1115.00  7.071e+06
   1125.00  6.994e+06
   1135.00  9.146e+06
   1145.00  8.634e+06
   1155.00  1.041e+07
   1165.00  1.168e+07
   1175.00  1.008e+07
   1185.00  8.154e+06
   1195.00  4.955e+05
   1205.00  1.161e+06
   1215.00  9.803e+04
   1225.00  1.368e+06
   1235.00  9.450e+06
   1245.00  1.637e+07
   1255.00  1.625e+07
   1265.00  9.330e+06
   1275.00  2.211e+07
   1285.00  2.513e+07
   1295.00  1.925e+07
   1305.00  1.466e+07
   1315.00  2.267e+07
   1325.00  2.420e+07
   1335.00  1.689e+07
   1345.00  2.755e+07
   1355.00  2.691e+07
   1365.00  2.198e+07
   1375.00  2.628e+07
   1385.00  2.719e+07
   1395.00  2.753e+07
   1405.00  2.757e+07
   1415.00  2.482e+07
   1425.00  2.710e+07
   1435.00  2.503e+07
   1442.00  2.768e+07
   1447.00  3.002e+07
   1455.00  2.855e+07
   1465.00  2.581e+07
   1475.00  2.460e+07
   1485.00  2.710e+07
   1495.00  2.835e+07
   1505.00  2.776e+07
   1512.00  2.428e+07
   1517.00  2.715e+07
   1525.00  2.409e+07
   1535.00  2.084e+07
   1545.00  2.589e+07
   1555.00  2.288e+07
   1565.00  2.184e+07
   1575.00  2.213e+07
   1585.00  2.508e+07
   1595.00  2.606e+07
   1605.00  2.426e+07
   1615.00  2.465e+07
   1625.00  2.238e+07
   1635.00  2.365e+07
   1645.00  2.425e+07
   1655.00  2.137e+07
   1665.00  2.370e+07
   1672.00  1.611e+07
   1677.00  2.274e+07
   1685.00  2.577e+07
   1695.00  2.424e+07
   1705.00  2.215e+07
   1715.00  2.046e+07
   1725.00  2.037e+07
   1735.00  2.195e+07
   1745.00  2.184e+07
   1755.00  2.465e+07
   1765.00  2.103e+07
   1775.00  2.272e+07
   1785.00  2.275e+07
   1795.00  2.546e+07
   1805.00  2.460e+07
   1815.00  2.346e+07
   1825.00  2.306e+07
   1835.00  2.196e+07
   1845.00  2.010e+07
   1855.00  1.942e+07
   1865.00  2.003e+07
   1875.00  2.300e+07
   1885.00  2.132e+07
   1895.00  2.042e+07
   1905.00  2.114e+07
   1915.00  2.077e+07
   1925.00  2.083e+07
   1935.00  2.160e+07
   1945.00  2.193e+07
   1955.00  2.082e+07
   1967.00  2.293e+07
   1976.00  2.353e+07
   1984.00  2.208e+07
   1995.00  2.089e+07
   2005.00  2.173e+07
   2015.00  2.020e+07
   2025.00  2.181e+07
   2035.00  2.043e+07
   2045.00  2.157e+07
   2055.00  2.018e+07
   2065.00  2.016e+07
   2074.00  2.173e+07
   2078.00  2.091e+07
   2085.00  2.139e+07
   2095.00  2.017e+07
   2105.00  1.989e+07
   2115.00  1.997e+07
   2125.00  2.032e+07
   2135.00  1.767e+07
   2145.00  1.907e+07
   2155.00  2.007e+07
   2165.00  1.888e+07
   2175.00  1.842e+07
   2185.00  1.789e+07
   2195.00  1.941e+07
   2205.00  1.836e+07
   2215.00  1.688e+07
   2225.00  1.589e+07
   2235.00  1.785e+07
   2245.00  1.601e+07
   2255.00  1.532e+07
   2265.00  1.601e+07
   2275.00  1.668e+07
   2285.00  1.728e+07
   2295.00  1.641e+07
   2305.00  1.551e+07
   2315.00  1.445e+07
   2325.00  9.956e+06
   2335.00  1.313e+07
   2345.00  1.249e+07
   2355.00  1.428e+07
   2365.00  1.232e+07
   2375.00  1.298e+07
   2385.00  1.144e+07
   2395.00  1.301e+07
   2405.00  1.207e+07
   2415.00  1.260e+07
   2425.00  1.365e+07
   2435.00  1.292e+07
   2445.00  1.418e+07
   2455.00  1.356e+07
   2465.00  1.365e+07
   2475.00  1.293e+07
   2485.00  1.399e+07
   2495.00  1.348e+07
   2505.00  1.487e+07
   2513.00  1.297e+07
   2518.00  1.376e+07
   2525.00  1.262e+07
   2535.00  1.283e+07
   2545.00  1.241e+07
   2555.00  1.334e+07
   2565.00  1.299e+07
   2575.00  1.426e+07
   2585.00  1.380e+07
   2595.00  1.354e+07
   2605.00  1.283e+07
   2615.00  1.273e+07
   2625.00  1.352e+07
   2635.00  1.357e+07
   2645.00  1.503e+07
   2655.00  1.470e+07
   2665.00  1.339e+07
   2675.00  1.417e+07
   2685.00  1.379e+07
   2695.00  1.337e+07
   2705.00  1.388e+07
   2715.00  1.309e+07
   2725.00  1.326e+07
   2735.00  1.424e+07
   2745.00  1.187e+07
   2755.00  1.194e+07
   2765.00  1.243e+07
   2775.00  1.333e+07
   2785.00  1.335e+07
   2795.00  1.092e+07
   2805.00  1.203e+07
   2815.00  1.362e+07
   2825.00  1.370e+07
   2835.00  1.287e+07
   2845.00  1.241e+07
   2855.00  1.239e+07
   2865.00  1.306e+07
   2875.00  1.256e+07
   2885.00  1.280e+07
   2895.00  1.239e+07
   2910.00  1.350e+07
   2930.00  1.301e+07
   2950.00  1.290e+07
   2970.00  1.291e+07
   2990.00  1.290e+07
   3010.00  1.320e+07
   3030.00  1.294e+07
   3050.00  1.273e+07
   3070.00  1.254e+07
   3090.00  1.265e+07
   3110.00  1.224e+07
   3130.00  1.213e+07
   3150.00  1.219e+07
   3170.00  1.196e+07
   3190.00  1.150e+07
   3210.00  1.171e+07
   3230.00  1.153e+07
   3250.00  1.143e+07
   3270.00  1.140e+07
   3290.00  1.132e+07
   3310.00  1.130e+07
   3330.00  1.108e+07
   3350.00  1.089e+07
   3370.00  1.081e+07
   3390.00  1.063e+07
   3410.00  1.070e+07
   3430.00  1.057e+07
   3450.00  1.047e+07
   3470.00  1.028e+07
   3490.00  1.017e+07
   3510.00  1.020e+07
   3530.00  1.017e+07
   3550.00  1.008e+07
   3570.00  9.928e+06
   3590.00  9.817e+06
   3610.00  9.728e+06
   3630.00  9.605e+06
   3640.00  9.597e+06
   3650.00  9.624e+06
   3670.00  8.921e+06
   3690.00  9.435e+06
   3710.00  1.244e+07
   3730.00  1.302e+07
   3750.00  1.569e+07
   3770.00  1.565e+07
   3790.00  1.699e+07
   3810.00  1.824e+07
   3830.00  1.558e+07
   3850.00  1.839e+07
   3870.00  1.870e+07
   3890.00  1.473e+07
   3910.00  1.826e+07
   3930.00  1.785e+07
   3950.00  1.792e+07
   3970.00  1.375e+07
   3990.00  1.738e+07
   4010.00  1.722e+07
   4030.00  1.677e+07
   4050.00  1.684e+07
   4070.00  1.649e+07
   4090.00  1.563e+07
   4110.00  1.316e+07
   4130.00  1.557e+07
   4150.00  1.566e+07
   4170.00  1.541e+07
   4190.00  1.527e+07
   4210.00  1.509e+07
   4230.00  1.486e+07
   4250.00  1.462e+07
   4270.00  1.435e+07
   4290.00  1.429e+07
   4310.00  1.398e+07
   4330.00  1.288e+07
   4350.00  1.139e+07
   4370.00  1.347e+07
   4390.00  1.317e+07
   4410.00  1.317e+07
   4430.00  1.293e+07
   4450.00  1.283e+07
   4470.00  1.254e+07
   4490.00  1.234e+07
   4510.00  1.226e+07
   4530.00  1.209e+07
   4550.00  1.182e+07
   4570.00  1.188e+07
   4590.00  1.159e+07
   4610.00  1.161e+07
   4630.00  1.128e+07
   4650.00  1.130e+07
   4670.00  1.111e+07
   4690.00  1.102e+07
   4710.00  1.073e+07
   4730.00  1.071e+07
   4750.00  1.056e+07
   4770.00  1.049e+07
   4790.00  1.035e+07
   4810.00  1.019e+07
   4830.00  1.002e+07
   4850.00  9.346e+06
   4870.00  8.055e+06
   4890.00  9.664e+06
   4910.00  9.577e+06
   4930.00  9.358e+06
   4950.00  9.345e+06
   4970.00  9.253e+06
   4990.00  9.108e+06
   5010.00  8.852e+06
   5030.00  8.825e+06
   5050.00  8.626e+06
   5070.00  8.640e+06
   5090.00  8.537e+06
   5110.00  8.403e+06
   5130.00  8.346e+06
   5150.00  8.181e+06
   5170.00  8.073e+06
   5190.00  8.027e+06
   5210.00  7.890e+06
   5230.00  7.782e+06
   5250.00  7.753e+06
   5270.00  7.596e+06
   5290.00  7.606e+06
   5310.00  7.447e+06
   5330.00  7.429e+06
   5350.00  7.352e+06
   5370.00  7.264e+06
   5390.00  7.177e+06
   5410.00  7.079e+06
   5430.00  7.004e+06
   5450.00  6.945e+06
   5470.00  6.853e+06
   5490.00  6.785e+06
   5510.00  6.705e+06
   5530.00  6.644e+06
   5550.00  6.574e+06
   5570.00  6.500e+06
   5590.00  6.431e+06
   5610.00  6.375e+06
   5630.00  6.306e+06
   5650.00  6.199e+06
   5670.00  6.146e+06
   5690.00  6.095e+06
   5710.00  6.031e+06
   5730.00  5.967e+06
   5750.00  5.901e+06
   5770.00  5.839e+06
   5790.00  5.761e+06
   5810.00  5.707e+06
   5830.00  5.647e+06
   5850.00  5.589e+06
   5870.00  5.478e+06
   5890.00  5.454e+06
   5910.00  5.411e+06
   5930.00  5.361e+06
   5950.00  5.270e+06
   5970.00  5.235e+06
   5990.00  5.165e+06
   6010.00  5.136e+06
   6030.00  5.082e+06
   6050.00  5.025e+06
   6070.00  4.973e+06
   6090.00  4.922e+06
   6110.00  4.874e+06
   6130.00  4.822e+06
   6150.00  4.730e+06
   6170.00  4.722e+06
   6190.00  4.677e+06
   6210.00  4.630e+06
   6230.00  4.575e+06
   6250.00  4.491e+06
   6270.00  4.490e+06
   6290.00  4.442e+06
   6310.00  4.386e+06
   6330.00  4.351e+06
   6350.00  4.253e+06
   6370.00  4.225e+06
   6390.00  4.217e+06
   6410.00  4.171e+06
   6430.00  4.138e+06
   6450.00  4.074e+06
   6470.00  4.060e+06
   6490.00  4.007e+06
   6510.00  3.964e+06
   6530.00  3.913e+06
   6550.00  3.727e+06
   6570.00  3.177e+06
   6590.00  3.783e+06
   6610.00  3.781e+06
   6630.00  3.747e+06
   6650.00  3.716e+06
   6670.00  3.670e+06
   6690.00  3.636e+06
   6710.00  3.609e+06
   6730.00  3.573e+06
   6750.00  3.540e+06
   6770.00  3.508e+06
   6790.00  3.472e+06
   6810.00  3.440e+06
   6830.00  3.403e+06
   6850.00  3.373e+06
   6870.00  3.342e+06
   6890.00  3.311e+06
   6910.00  3.280e+06
   6930.00  3.244e+06
   6950.00  3.219e+06
   6970.00  3.190e+06
   6990.00  3.163e+06
   7010.00  3.129e+06
   7030.00  3.103e+06
   7050.00  3.066e+06
   7070.00  3.037e+06
   7090.00  3.020e+06
   7110.00  2.987e+06
   7130.00  2.961e+06
   7150.00  2.935e+06
   7170.00  2.909e+06
   7190.00  2.884e+06
   7210.00  2.858e+06
   7230.00  2.825e+06
   7250.00  2.804e+06
   7270.00  2.781e+06
   7290.00  2.753e+06
   7310.00  2.729e+06
   7330.00  2.707e+06
   7350.00  2.685e+06
   7370.00  2.661e+06
   7390.00  2.637e+06
   7410.00  2.611e+06
   7430.00  2.585e+06
   7450.00  2.564e+06
   7470.00  2.537e+06
   7490.00  2.519e+06
   7510.00  2.494e+06
   7530.00  2.478e+06
   7550.00  2.457e+06
   7570.00  2.436e+06
   7590.00  2.414e+06
   7610.00  2.395e+06
   7630.00  2.373e+06
   7650.00  2.350e+06
   7670.00  2.331e+06
   7690.00  2.311e+06
   7710.00  2.288e+06
   7730.00  2.272e+06
   7750.00  2.253e+06
   7770.00  2.200e+06
   7790.00  2.215e+06
   7810.00  2.198e+06
   7830.00  2.178e+06
   7850.00  2.152e+06
   7870.00  2.131e+06
   7890.00  2.111e+06
   7910.00  2.105e+06
   7930.00  2.089e+06
   7950.00  2.063e+06
   7970.00  2.054e+06
   7990.00  2.020e+06
   8010.00  2.020e+06
   8030.00  2.003e+06
   8050.00  1.987e+06
   8070.00  1.970e+06
   8090.00  1.954e+06
   8110.00  1.937e+06
   8130.00  1.922e+06
   8150.00  1.907e+06
   8170.00  1.892e+06
   8190.00  1.873e+06
   8210.00  1.854e+06
   8230.00  1.836e+06
   8250.00  1.834e+06
   8270.00  1.819e+06
   8290.00  1.788e+06
   8310.00  1.759e+06
   8330.00  1.722e+06
   8350.00  1.702e+06
   8370.00  1.668e+06
   8390.00  1.669e+06
   8410.00  1.661e+06
   8430.00  1.704e+06
   8450.00  1.691e+06
   8470.00  1.600e+06
   8490.00  1.779e+06
   8510.00  1.586e+06
   8530.00  1.798e+06
   8550.00  1.531e+06
   8570.00  1.802e+06
   8590.00  1.654e+06
   8610.00  1.598e+06
   8630.00  1.774e+06
   8650.00  1.720e+06
   8670.00  1.456e+06
   8690.00  1.717e+06
   8710.00  1.729e+06
   8730.00  1.693e+06
   8750.00  1.415e+06
   8770.00  1.643e+06
   8790.00  1.679e+06
   8810.00  1.667e+06
   8830.00  1.642e+06
   8850.00  1.571e+06
   8870.00  1.366e+06
   8890.00  1.601e+06
   8910.00  1.600e+06
   8930.00  1.588e+06
   8950.00  1.583e+06
   8970.00  1.568e+06
   8990.00  1.542e+06
   9010.00  1.328e+06
   9030.00  1.434e+06
   9050.00  1.513e+06
   9070.00  1.495e+06
   9090.00  1.484e+06
   9110.00  1.482e+06
   9130.00  1.471e+06
   9150.00  1.465e+06
   9170.00  1.449e+06
   9190.00  1.427e+06
   9210.00  1.396e+06
   9230.00  1.169e+06
   9250.00  1.362e+06
   9270.00  1.367e+06
   9290.00  1.384e+06
   9310.00  1.377e+06
   9330.00  1.366e+06
   9350.00  1.358e+06
   9370.00  1.348e+06
   9390.00  1.335e+06
   9410.00  1.313e+06
   9430.00  1.317e+06
   9450.00  1.309e+06
   9470.00  1.298e+06
   9490.00  1.289e+06
   9510.00  1.273e+06
   9530.00  1.235e+06
   9550.00  1.049e+06
   9570.00  1.229e+06
   9590.00  1.239e+06
   9610.00  1.232e+06
   9630.00  1.212e+06
   9650.00  1.216e+06
   9670.00  1.204e+06
   9690.00  1.198e+06
   9710.00  1.191e+06
   9730.00  1.182e+06
   9750.00  1.173e+06
   9770.00  1.165e+06
   9790.00  1.156e+06
   9810.00  1.148e+06
   9830.00  1.138e+06
   9850.00  1.131e+06
   9870.00  1.123e+06
   9890.00  1.113e+06
   9910.00  1.107e+06
   9930.00  1.099e+06
   9950.00  1.092e+06
   9970.00  1.084e+06
   9990.00  1.076e+06
  10025.00  1.029e+06
  10075.00  9.813e+05
  10125.00  1.019e+06
  10175.00  1.007e+06
  10225.00  9.915e+05
  10275.00  9.746e+05
  10325.00  9.573e+05
  10375.00  9.415e+05
  10425.00  9.259e+05
  10475.00  9.094e+05
  10525.00  8.931e+05
  10575.00  8.795e+05
  10625.00  8.653e+05
  10675.00  8.462e+05
  10725.00  8.355e+05
  10775.00  8.227e+05
  10825.00  8.067e+05
  10875.00  7.952e+05
  10925.00  7.218e+05
  10975.00  7.587e+05
  11025.00  7.580e+05
  11075.00  7.463e+05
  11125.00  7.344e+05
  11175.00  7.225e+05
  11225.00  7.112e+05
  11275.00  6.951e+05
  11325.00  6.851e+05
  11375.00  6.781e+05
  11425.00  6.675e+05
  11475.00  6.573e+05
  11525.00  6.471e+05
  11575.00  6.371e+05
  11625.00  6.261e+05
  11675.00  6.164e+05
  11725.00  6.081e+05
  11775.00  5.965e+05
  11825.00  5.896e+05
  11875.00  5.802e+05
  11925.00  5.725e+05
  11975.00  5.634e+05
  12025.00  5.554e+05
  12075.00  5.471e+05
  12125.00  5.389e+05
  12175.00  5.311e+05
  12225.00  5.233e+05
  12275.00  5.154e+05
  12325.00  5.080e+05
  12375.00  5.007e+05
  12425.00  4.936e+05
  12475.00  4.854e+05
  12525.00  4.794e+05
  12575.00  4.719e+05
  12625.00  4.656e+05
  12675.00  4.592e+05
  12725.00  4.527e+05
  12775.00  4.437e+05
  12825.00  4.059e+05
  12875.00  4.325e+05
  12925.00  4.278e+05
  12975.00  4.218e+05
  13025.00  4.161e+05
  13075.00  4.103e+05
  13125.00  4.047e+05
  13175.00  3.984e+05
  13225.00  3.937e+05
  13275.00  3.883e+05
  13325.00  3.830e+05
  13375.00  3.778e+05
  13425.00  3.726e+05
  13475.00  3.676e+05
  13525.00  3.626e+05
  13575.00  3.578e+05
  13625.00  3.531e+05
  13675.00  3.481e+05
  13725.00  3.436e+05
  13775.00  3.394e+05
  13825.00  3.349e+05
  13875.00  3.305e+05
  13925.00  3.261e+05
  13975.00  3.219e+05
  14025.00  3.178e+05
  14075.00  3.137e+05
  14125.00  3.096e+05
  14175.00  3.057e+05
  14225.00  3.018e+05
  14275.00  2.979e+05
  14325.00  2.941e+05
  14375.00  2.904e+05
  14425.00  2.862e+05
  14475.00  2.830e+05
  14525.00  2.793e+05
  14570.00  2.764e+05
  14620.00  2.774e+05
  14675.00  2.782e+05
  14725.00  2.718e+05
  14775.00  2.656e+05
  14825.00  2.603e+05
  14875.00  2.554e+05
  14925.00  2.505e+05
  14975.00  2.468e+05
  15025.00  2.428e+05
  15075.00  2.400e+05
  15125.00  2.370e+05
  15175.00  2.351e+05
  15225.00  2.357e+05
  15275.00  2.277e+05
  15325.00  2.266e+05
  15375.00  2.286e+05
  15425.00  2.194e+05
  15475.00  2.244e+05
  15525.00  2.229e+05
  15575.00  2.098e+05
  15625.00  2.208e+05
  15675.00  2.128e+05
  15725.00  2.040e+05
  15775.00  2.134e+05
  15825.00  2.107e+05
  15875.00  1.933e+05
  15925.00  2.040e+05
  15975.00  2.042e+05
  16050.00  1.992e+05
  16150.00  1.884e+05
  16250.00  1.917e+05
  16350.00  1.857e+05
  16450.00  1.761e+05
  16550.00  1.790e+05
  16650.00  1.751e+05
  16750.00  1.696e+05
  16850.00  1.610e+05
  16950.00  1.636e+05
  17050.00  1.601e+05
  17150.00  1.567e+05
  17250.00  1.533e+05
  17350.00  1.432e+05
  17450.00  1.464e+05
  17550.00  1.437e+05
  17650.00  1.407e+05
  17750.00  1.377e+05
  17850.00  1.349e+05
  17950.00  1.322e+05
  18050.00  1.291e+05
  18150.00  1.214e+05
  18250.00  1.234e+05
  18350.00  1.216e+05
  18450.00  1.192e+05
  18550.00  1.167e+05
  18650.00  1.143e+05
  18750.00  1.073e+05
  18850.00  1.098e+05
  18950.00  1.078e+05
  19050.00  1.057e+05
  19150.00  1.036e+05
  19250.00  1.016e+05
  19350.00  9.954e+04
  19450.00  9.348e+04
  19550.00  9.576e+04
  19650.00  9.405e+04
  19750.00  9.226e+04
  19850.00  9.052e+04
  19950.00  8.882e+04
  20050.00  8.716e+04
  20150.00  8.555e+04
  20250.00  8.396e+04
  20350.00  8.241e+04
  20450.00  8.090e+04
  20550.00  7.942e+04
  20650.00  7.798e+04
  20750.00  7.657e+04
  20850.00  7.520e+04
  20950.00  7.384e+04
  21050.00  7.252e+04
  21150.00  7.121e+04
  21250.00  6.996e+04
  21350.00  6.872e+04
  21450.00  6.752e+04
  21550.00  6.631e+04
  21650.00  6.242e+04
  21750.00  6.394e+04
  21850.00  6.297e+04
  21950.00  6.188e+04
  22050.00  6.084e+04
  22150.00  5.979e+04
  22250.00  5.879e+04
  22350.00  5.780e+04
  22450.00  5.683e+04
  22550.00  5.587e+04
  22650.00  5.494e+04
  22750.00  5.403e+04
  22850.00  5.331e+04
  22950.00  5.299e+04
  23050.00  5.193e+04
  23150.00  5.091e+04
  23250.00  4.993e+04
  23350.00  4.899e+04
  23450.00  4.812e+04
  23550.00  4.718e+04
  23650.00  4.639e+04
  23750.00  4.564e+04
  23850.00  4.490e+04
  23950.00  4.419e+04
  24050.00  4.342e+04
  24150.00  4.264e+04
  24250.00  4.242e+04
  24350.00  4.141e+04
  24450.00  4.071e+04
  24550.00  4.052e+04
  24650.00  3.961e+04
  24750.00  3.903e+04
  24850.00  3.900e+04
  24950.00  3.719e+04
  25050.00  3.795e+04
  25150.00  3.732e+04
  25250.00  3.544e+04
  25350.00  3.612e+04
  25450.00  3.572e+04
  25550.00  3.506e+04
  25650.00  3.326e+04
  25750.00  3.408e+04
  25850.00  3.364e+04
  25950.00  3.315e+04
  26050.00  3.244e+04
  26150.00  3.086e+04
  26250.00  3.021e+04
  26350.00  3.115e+04
  26450.00  3.081e+04
  26550.00  3.037e+04
  26650.00  2.986e+04
  26750.00  2.821e+04
  26850.00  2.902e+04
  26950.00  2.868e+04
  27050.00  2.827e+04
  27150.00  2.788e+04
  27250.00  2.748e+04
  27350.00  2.710e+04
  27450.00  2.671e+04
  27550.00  2.533e+04
  27650.00  2.571e+04
  27750.00  2.563e+04
  27850.00  2.528e+04
  27950.00  2.493e+04
  28050.00  2.459e+04
  28150.00  2.426e+04
  28250.00  2.393e+04
  28350.00  2.361e+04
  28450.00  2.329e+04
  28550.00  2.298e+04
  28650.00  2.254e+04
  28750.00  2.142e+04
  28850.00  2.205e+04
  28950.00  2.177e+04
  29050.00  2.149e+04
  29150.00  2.121e+04
  29250.00  2.093e+04
  29350.00  2.066e+04
  29450.00  2.039e+04
  29550.00  2.013e+04
  29650.00  1.987e+04
  29750.00  1.961e+04
  29850.00  1.936e+04
  29950.00  1.911e+04
  30050.00  1.887e+04
  30150.00  1.863e+04
  30250.00  1.838e+04
  30350.00  1.756e+04
  30450.00  1.765e+04
  30550.00  1.770e+04
  30650.00  1.748e+04
  30750.00  1.726e+04
  30850.00  1.704e+04
  30950.00  1.684e+04
  31050.00  1.663e+04
  31150.00  1.643e+04
  31250.00  1.622e+04
  31350.00  1.602e+04
  31450.00  1.583e+04
  31550.00  1.564e+04
  31650.00  1.545e+04
  31750.00  1.526e+04
  31850.00  1.508e+04
  31950.00  1.489e+04
  32100.00  1.463e+04
  32300.00  1.428e+04
  32500.00  1.394e+04
  32700.00  1.362e+04
  32900.00  1.297e+04
  33100.00  1.302e+04
  33300.00  1.276e+04
  33500.00  1.244e+04
  33700.00  1.214e+04
  33900.00  1.185e+04
  34100.00  1.157e+04
  34300.00  1.130e+04
  34500.00  1.104e+04
  34700.00  1.079e+04
  34900.00  1.055e+04
  35100.00  1.033e+04
  35300.00  1.011e+04
  35500.00  9.871e+03
  35700.00  9.646e+03
  35900.00  9.509e+03
  36100.00  9.224e+03
  36300.00  9.124e+03
  36500.00  8.825e+03
  36700.00  8.757e+03
  36900.00  8.439e+03
  37100.00  8.388e+03
  37300.00  8.138e+03
  37500.00  7.810e+03
  37700.00  7.885e+03
  37900.00  7.730e+03
  38100.00  7.479e+03
  38300.00  7.356e+03
  38500.00  7.272e+03
  38700.00  7.126e+03
  38900.00  6.975e+03
  39100.00  6.698e+03
  39300.00  6.712e+03
  39500.00  6.580e+03
  39700.00  6.454e+03
  39900.00  6.328e+03
  40100.00  6.151e+03
  40300.00  5.990e+03
  40500.00  5.835e+03
  40700.00  5.855e+03
  40900.00  5.747e+03
  41100.00  5.639e+03
  41300.00  5.533e+03
  41500.00  5.428e+03
  41700.00  5.197e+03
  41900.00  5.227e+03
  42100.00  5.134e+03
  42300.00  5.040e+03
  42500.00  4.948e+03
  42700.00  4.859e+03
  42900.00  4.771e+03
  43100.00  4.685e+03
  43300.00  4.601e+03
  43500.00  4.519e+03
  43700.00  4.337e+03
  43900.00  4.343e+03
  44100.00  4.284e+03
  44300.00  4.209e+03
  44500.00  4.135e+03
  44700.00  4.076e+03
  44900.00  4.006e+03
  45100.00  3.937e+03
  45300.00  3.869e+03
  45500.00  3.803e+03
  45700.00  3.738e+03
  45900.00  3.675e+03
  46100.00  3.613e+03
  46300.00  3.552e+03
  46500.00  3.410e+03
  46700.00  3.337e+03
  46900.00  3.372e+03
  47100.00  3.322e+03
  47300.00  3.268e+03
  47500.00  3.214e+03
  47700.00  3.162e+03
  47900.00  3.110e+03
  48100.00  3.060e+03
  48300.00  3.011e+03
  48500.00  2.962e+03
  48700.00  2.915e+03
  48900.00  2.869e+03
  49100.00  2.823e+03
  49300.00  2.779e+03
  49500.00  2.735e+03
  49700.00  2.692e+03
  49900.00  2.650e+03
  50100.00  2.609e+03
  50300.00  2.568e+03
  50500.00  2.529e+03
  50700.00  2.490e+03
  50900.00  2.452e+03
  51100.00  2.411e+03
  51300.00  2.313e+03
  51500.00  2.340e+03
  51700.00  2.306e+03
  51900.00  2.272e+03
  52100.00  2.238e+03
  52300.00  2.204e+03
  52500.00  2.171e+03
  52700.00  2.139e+03
  52900.00  2.108e+03
  53100.00  2.077e+03
  53300.00  2.046e+03
  53500.00  2.016e+03
  53700.00  1.987e+03
  53900.00  1.958e+03
  54100.00  1.930e+03
  54300.00  1.902e+03
  54500.00  1.875e+03
  54700.00  1.848e+03
  54900.00  1.822e+03
  55100.00  1.796e+03
  55300.00  1.771e+03
  55500.00  1.746e+03
  55700.00  1.721e+03
  55900.00  1.697e+03
  56100.00  1.673e+03
  56300.00  1.650e+03
  56500.00  1.627e+03
  56700.00  1.605e+03
  56900.00  1.583e+03
  57100.00  1.561e+03
  57300.00  1.540e+03
  57500.00  1.519e+03
  57700.00  1.498e+03
  57900.00  1.478e+03
  58100.00  1.458e+03
  58300.00  1.439e+03
  58500.00  1.422e+03
  58700.00  1.403e+03
  58900.00  1.382e+03
  59100.00  1.328e+03
  59300.00  1.347e+03
  59500.00  1.330e+03
  59700.00  1.313e+03
  59900.00  1.295e+03
  60100.00  1.279e+03
  60300.00  1.262e+03
  60500.00  1.246e+03
  60700.00  1.230e+03
  60900.00  1.214e+03
  61100.00  1.198e+03
  61300.00  1.183e+03
  61500.00  1.168e+03
  61700.00  1.153e+03
  61900.00  1.138e+03
  62100.00  1.124e+03
  62300.00  1.110e+03
  62500.00  1.096e+03
  62700.00  1.082e+03
  62900.00  1.069e+03
  63100.00  1.055e+03
  63300.00  1.042e+03
  63500.00  1.029e+03
  63700.00  1.017e+03
  63900.00  1.004e+03
  64200.00  9.859e+02
  64600.00  9.621e+02
  65000.00  9.389e+02
  65400.00  9.164e+02
  65800.00  8.947e+02
  66200.00  8.735e+02
  66600.00  8.530e+02
  67000.00  8.331e+02
  67400.00  8.138e+02
  67800.00  7.950e+02
  68200.00  7.767e+02
  68600.00  7.590e+02
  69000.00  7.418e+02
  69400.00  7.251e+02
  69800.00  7.088e+02
  70200.00  6.930e+02
  70600.00  6.776e+02
  71000.00  6.627e+02
  71400.00  6.481e+02
  71800.00  6.340e+02
  72200.00  6.202e+02
  72600.00  6.068e+02
  73000.00  5.938e+02
  73400.00  5.811e+02
  73800.00  5.688e+02
  74200.00  5.567e+02
  74600.00  5.416e+02
  75000.00  5.253e+02
  75400.00  5.226e+02
  75800.00  5.118e+02
  76200.00  5.012e+02
  76600.00  4.910e+02
  77000.00  4.810e+02
  77400.00  4.712e+02
  77800.00  4.617e+02
  78200.00  4.525e+02
  78600.00  4.434e+02
  79000.00  4.346e+02
  79400.00  4.260e+02
  79800.00  4.176e+02
  80200.00  4.095e+02
  80600.00  4.015e+02
  81000.00  3.937e+02
  81400.00  3.861e+02
  81800.00  3.787e+02
  82200.00  3.715e+02
  82600.00  3.644e+02
  83000.00  3.575e+02
  83400.00  3.508e+02
  83800.00  3.442e+02
  84200.00  3.378e+02
  84600.00  3.315e+02
  85000.00  3.253e+02
  85400.00  3.194e+02
  85800.00  3.135e+02
  86200.00  3.078e+02
  86600.00  3.022e+02
  87000.00  2.967e+02
  87400.00  2.914e+02
  87800.00  2.862e+02
  88200.00  2.811e+02
  88600.00  2.761e+02
  89000.00  2.712e+02
  89400.00  2.664e+02
  89800.00  2.617e+02
  90200.00  2.572e+02
  90600.00  2.527e+02
  91000.00  2.483e+02
  91400.00  2.440e+02
  91800.00  2.398e+02
  92200.00  2.357e+02
  92600.00  2.317e+02
  93000.00  2.278e+02
  93400.00  2.240e+02
  93800.00  2.202e+02
  94200.00  2.165e+02
  94600.00  2.129e+02
  95000.00  2.094e+02
  95400.00  2.059e+02
  95800.00  2.025e+02
  96200.00  1.992e+02
  96600.00  1.960e+02
  97000.00  1.928e+02
  97400.00  1.896e+02
  97800.00  1.866e+02
  98200.00  1.836e+02
  98600.00  1.806e+02
  99000.00  1.778e+02
  99400.00  1.749e+02
  99800.00  1.722e+02
 100200.00  1.695e+02
 200000.00  1.075e+01
 400000.00  6.631e-01
 600000.00  1.293e-01
 800000.00  4.046e-02
