     90.90  0.000e+00
     93.50  0.000e+00
     96.10  0.000e+00
     97.70  0.000e+00
     99.60  0.000e+00
    102.00  0.000e+00
    103.80  0.000e+00
    105.60  0.000e+00
    107.70  0.000e+00
    110.40  0.000e+00
    114.00  0.000e+00
    117.80  0.000e+00
    121.30  0.000e+00
    124.80  0.000e+00
    127.10  0.000e+00
    128.40  0.000e+00
    130.50  0.000e+00
    132.40  0.000e+00
    133.90  0.000e+00
    136.60  0.000e+00
    139.80  0.000e+00
    143.30  0.000e+00
    147.20  0.000e+00
    151.00  0.000e+00
    155.20  0.000e+00
    158.80  0.000e+00
    162.00  0.000e+00
    166.00  0.000e+00
    170.30  0.000e+00
    173.40  0.000e+00
    176.80  0.000e+00
    180.20  0.000e+00
    181.70  0.000e+00
    186.10  0.000e+00
    191.00  0.000e+00
    193.90  0.000e+00
    198.40  0.000e+00
    201.80  0.000e+00
    205.00  0.000e+00
    210.50  0.000e+00
    216.20  0.000e+00
    219.80  0.000e+00
    223.00  0.000e+00
    226.80  0.000e+00
    230.00  0.000e+00
    234.00  0.000e+00
    240.00  0.000e+00
    246.50  0.000e+00
    252.40  0.000e+00
    256.80  0.000e+00
    260.00  0.000e+00
    264.00  0.000e+00
    268.50  0.000e+00
    273.50  0.000e+00
    278.50  0.000e+00
    284.00  0.000e+00
    290.00  0.000e+00
    296.00  0.000e+00
    301.00  0.000e+00
    308.00  0.000e+00
    318.00  0.000e+00
    328.00  0.000e+00
    338.00  0.000e+00
    348.00  0.000e+00
    357.00  0.000e+00
    366.00  0.000e+00
    375.00  0.000e+00
    385.00  0.000e+00
    395.00  0.000e+00
    405.00  0.000e+00
    414.00  0.000e+00
    422.00  0.000e+00
    430.00  0.000e+00
    441.00  0.000e+00
    451.00  0.000e+00
    460.00  0.000e+00
    470.00  0.000e+00
    480.00  0.000e+00
    490.00  0.000e+00
    500.00  0.000e+00
    506.00  0.000e+00
    512.00  0.000e+00
    520.00  0.000e+00
    530.00  0.000e+00
    540.00  0.000e+00
    550.00  0.000e+00
    560.00  0.000e+00
    570.00  0.000e+00
    580.00  0.000e+00
    590.00  0.000e+00
    600.00  0.000e+00
    610.00  0.000e+00
    620.00  0.000e+00
    630.00  0.000e+00
    640.00  0.000e+00
    650.00  0.000e+00
    658.00  0.000e+00
    665.00  0.000e+00
    675.00  0.000e+00
    685.00  0.000e+00
    695.00  0.000e+00
    705.00  0.000e+00
    716.00  0.000e+00
    726.00  0.000e+00
    735.00  0.000e+00
    745.00  0.000e+00
    755.00  0.000e+00
    765.00  0.000e+00
    775.00  0.000e+00
    785.00  0.000e+00
    795.00  0.000e+00
    805.00  0.000e+00
    815.00  0.000e+00
    825.00  0.000e+00
    835.00  0.000e+00
    845.00  0.000e+00
    855.00  0.000e+00
    865.00  0.000e+00
    875.00  0.000e+00
    885.00  0.000e+00
    895.00  0.000e+00
    905.00  0.000e+00
    915.00  0.000e+00
    925.00  2.564e-07
    935.00  3.563e-07
    945.00  5.204e-07
    955.00  7.882e-07
    965.00  1.158e-06
    975.00  1.545e-06
    985.00  2.177e-06
    995.00  2.969e-06
   1005.00  4.445e-06
   1015.00  6.048e-06
   1025.00  6.959e-06
   1035.00  1.145e-05
   1045.00  1.588e-05
   1055.00  2.017e-05
   1065.00  2.727e-05
   1075.00  3.697e-05
   1085.00  4.987e-05
   1095.00  6.225e-05
   1105.00  2.398e-04
   1115.00  3.904e-04
   1125.00  5.730e-04
   1135.00  8.580e-04
   1145.00  1.148e-03
   1155.00  1.365e-03
   1165.00  1.850e-03
   1175.00  2.403e-03
   1185.00  2.704e-03
   1195.00  2.434e-03
   1205.00  2.729e-03
   1215.00  6.356e-04
   1225.00  3.723e-03
   1235.00  6.984e-03
   1245.00  9.283e-03
   1255.00  1.109e-02
   1265.00  1.210e-02
   1275.00  1.467e-02
   1285.00  1.648e-02
   1295.00  2.001e-02
   1305.00  2.117e-02
   1315.00  2.635e-02
   1325.00  2.728e-02
   1335.00  3.033e-02
   1345.00  3.591e-02
   1355.00  4.202e-02
   1365.00  4.493e-02
   1375.00  4.848e-02
   1385.00  5.315e-02
   1395.00  5.976e-02
   1405.00  7.341e-02
   1415.00  8.363e-02
   1425.00  9.700e-02
   1435.00  1.163e-01
   1442.00  1.521e-01
   1447.00  1.347e-01
   1455.00  1.592e-01
   1465.00  2.074e-01
   1475.00  2.374e-01
   1485.00  2.540e-01
   1495.00  3.370e-01
   1505.00  4.149e-01
   1512.00  3.029e-01
   1517.00  3.957e-01
   1525.00  1.013e+00
   1535.00  1.727e+00
   1545.00  1.395e+00
   1555.00  2.381e+00
   1565.00  2.229e+00
   1575.00  4.273e+00
   1585.00  5.211e+00
   1595.00  6.119e+00
   1605.00  6.572e+00
   1615.00  7.224e+00
   1625.00  8.135e+00
   1635.00  9.572e+00
   1645.00  1.369e+01
   1655.00  8.879e+00
   1665.00  1.587e+01
   1672.00  1.117e+01
   1677.00  4.185e+01
   1685.00  4.721e+01
   1695.00  5.880e+01
   1705.00  6.376e+01
   1715.00  5.985e+01
   1725.00  7.687e+01
   1735.00  9.163e+01
   1745.00  1.268e+02
   1755.00  1.713e+02
   1765.00  1.593e+02
   1775.00  1.743e+02
   1785.00  2.305e+02
   1795.00  2.780e+02
   1805.00  2.977e+02
   1815.00  2.787e+02
   1825.00  3.520e+02
   1835.00  3.684e+02
   1845.00  2.821e+02
   1855.00  4.077e+02
   1865.00  4.814e+02
   1875.00  5.204e+02
   1885.00  5.586e+02
   1895.00  7.300e+02
   1905.00  7.131e+02
   1915.00  7.986e+02
   1925.00  8.082e+02
   1935.00  5.865e+02
   1945.00  1.047e+03
   1955.00  1.099e+03
   1967.00  1.430e+03
   1976.00  1.359e+03
   1984.00  1.604e+03
   1995.00  1.677e+03
   2005.00  1.633e+03
   2015.00  1.807e+03
   2025.00  1.474e+03
   2035.00  2.040e+03
   2045.00  2.365e+03
   2055.00  2.451e+03
   2065.00  2.458e+03
   2074.00  2.672e+03
   2078.00  8.692e+03
   2085.00  1.211e+04
   2095.00  1.098e+04
   2105.00  1.097e+04
   2115.00  1.342e+04
   2125.00  1.174e+04
   2135.00  1.172e+04
   2145.00  1.612e+04
   2155.00  1.485e+04
   2165.00  1.252e+04
   2175.00  1.214e+04
   2185.00  1.887e+04
   2195.00  1.720e+04
   2205.00  1.750e+04
   2215.00  1.238e+04
   2225.00  1.690e+04
   2235.00  2.492e+04
   2245.00  2.368e+04
   2255.00  1.654e+04
   2265.00  1.370e+04
   2275.00  1.473e+04
   2285.00  2.549e+04
   2295.00  1.865e+04
   2305.00  2.554e+04
   2315.00  2.035e+04
   2325.00  1.736e+04
   2335.00  1.504e+04
   2345.00  9.130e+03
   2355.00  2.038e+04
   2365.00  1.099e+04
   2375.00  1.483e+04
   2385.00  8.407e+03
   2395.00  1.095e+04
   2405.00  1.139e+04
   2415.00  1.310e+04
   2425.00  2.599e+04
   2435.00  2.656e+04
   2445.00  3.363e+04
   2455.00  3.725e+04
   2465.00  2.860e+04
   2475.00  2.406e+04
   2485.00  9.804e+03
   2495.00  1.544e+04
   2505.00  2.746e+04
   2513.00  1.021e+04
   2518.00  7.179e+03
   2525.00  8.396e+03
   2535.00  1.890e+04
   2545.00  1.976e+04
   2555.00  4.922e+04
   2565.00  3.325e+04
   2575.00  4.739e+04
   2585.00  4.050e+04
   2595.00  3.561e+04
   2605.00  2.936e+04
   2615.00  2.589e+04
   2625.00  3.776e+04
   2635.00  7.892e+04
   2645.00  1.084e+05
   2655.00  1.645e+05
   2665.00  9.374e+04
   2675.00  1.105e+05
   2685.00  1.344e+05
   2695.00  8.902e+04
   2705.00  1.143e+05
   2715.00  7.695e+04
   2725.00  5.116e+04
   2735.00  7.417e+04
   2745.00  3.865e+04
   2755.00  5.805e+04
   2765.00  8.055e+04
   2775.00  8.263e+04
   2785.00  4.439e+04
   2795.00  1.852e+04
   2805.00  2.319e+04
   2815.00  7.150e+04
   2825.00  1.122e+05
   2835.00  1.016e+05
   2845.00  5.748e+04
   2855.00  2.775e+04
   2865.00  9.235e+04
   2875.00  1.559e+05
   2885.00  1.327e+05
   2895.00  1.787e+05
   2910.00  2.466e+05
   2930.00  2.261e+05
   2950.00  2.213e+05
   2970.00  2.416e+05
   2990.00  2.505e+05
   3010.00  2.543e+05
   3030.00  2.717e+05
   3050.00  2.779e+05
   3070.00  2.712e+05
   3090.00  2.411e+05
   3110.00  2.795e+05
   3130.00  2.591e+05
   3150.00  2.453e+05
   3170.00  2.749e+05
   3190.00  2.398e+05
   3210.00  2.682e+05
   3230.00  2.246e+05
   3250.00  3.113e+05
   3270.00  3.607e+05
   3290.00  3.438e+05
   3310.00  3.264e+05
   3330.00  3.358e+05
   3350.00  3.296e+05
   3370.00  2.452e+05
   3390.00  2.873e+05
   3410.00  2.930e+05
   3430.00  3.038e+05
   3450.00  3.407e+05
   3470.00  3.519e+05
   3490.00  3.813e+05
   3510.00  3.935e+05
   3530.00  3.618e+05
   3550.00  4.092e+05
   3570.00  3.272e+05
   3590.00  3.264e+05
   3610.00  3.694e+05
   3630.00  3.667e+05
   3640.00  3.692e+05
   3650.00  4.069e+05
   3670.00  4.219e+05
   3690.00  3.872e+05
   3710.00  4.143e+05
   3730.00  2.957e+05
   3750.00  3.357e+05
   3770.00  4.128e+05
   3790.00  4.249e+05
   3810.00  4.094e+05
   3830.00  2.277e+05
   3850.00  3.320e+05
   3870.00  3.192e+05
   3890.00  3.860e+05
   3910.00  4.544e+05
   3930.00  2.334e+05
   3950.00  3.961e+05
   3970.00  2.786e+05
   3990.00  5.511e+05
   4010.00  5.845e+05
   4030.00  5.910e+05
   4050.00  5.670e+05
   4070.00  5.448e+05
   4090.00  6.286e+05
   4110.00  6.130e+05
   4130.00  6.150e+05
   4150.00  6.164e+05
   4170.00  6.248e+05
   4190.00  5.911e+05
   4210.00  5.986e+05
   4230.00  5.711e+05
   4250.00  5.760e+05
   4270.00  5.383e+05
   4290.00  4.964e+05
   4310.00  4.108e+05
   4330.00  6.018e+05
   4350.00  5.783e+05
   4370.00  6.365e+05
   4390.00  5.773e+05
   4410.00  6.216e+05
   4430.00  6.647e+05
   4450.00  6.553e+05
   4470.00  6.921e+05
   4490.00  6.966e+05
   4510.00  7.672e+05
   4530.00  6.941e+05
   4550.00  7.178e+05
   4570.00  7.605e+05
   4590.00  7.166e+05
   4610.00  7.314e+05
   4630.00  7.202e+05
   4650.00  7.274e+05
   4670.00  7.472e+05
   4690.00  7.305e+05
   4710.00  7.101e+05
   4730.00  7.403e+05
   4750.00  7.516e+05
   4770.00  7.536e+05
   4790.00  7.495e+05
   4810.00  7.395e+05
   4830.00  7.531e+05
   4850.00  7.048e+05
   4870.00  6.282e+05
   4890.00  7.097e+05
   4910.00  7.101e+05
   4930.00  6.964e+05
   4950.00  7.250e+05
   4970.00  7.307e+05
   4990.00  6.810e+05
   5010.00  6.551e+05
   5030.00  6.901e+05
   5050.00  6.925e+05
   5070.00  7.209e+05
   5090.00  6.920e+05
   5110.00  7.029e+05
   5130.00  6.863e+05
   5150.00  6.614e+05
   5170.00  5.997e+05
   5190.00  6.089e+05
   5210.00  6.659e+05
   5230.00  6.745e+05
   5250.00  6.967e+05
   5270.00  6.186e+05
   5290.00  6.904e+05
   5310.00  7.139e+05
   5330.00  6.465e+05
   5350.00  6.928e+05
   5370.00  6.870e+05
   5390.00  6.799e+05
   5410.00  6.576e+05
   5430.00  6.755e+05
   5450.00  6.902e+05
   5470.00  6.784e+05
   5490.00  6.824e+05
   5510.00  6.763e+05
   5530.00  6.794e+05
   5550.00  6.853e+05
   5570.00  6.667e+05
   5590.00  6.549e+05
   5610.00  6.733e+05
   5630.00  6.735e+05
   5650.00  6.747e+05
   5670.00  6.589e+05
   5690.00  6.677e+05
   5710.00  6.546e+05
   5730.00  6.914e+05
   5750.00  6.692e+05
   5770.00  6.740e+05
   5790.00  6.582e+05
   5810.00  6.695e+05
   5830.00  6.778e+05
   5850.00  6.626e+05
   5870.00  6.633e+05
   5890.00  6.220e+05
   5910.00  6.547e+05
   5930.00  6.532e+05
   5950.00  6.537e+05
   5970.00  6.545e+05
   5990.00  6.473e+05
   6010.00  6.365e+05
   6030.00  6.392e+05
   6050.00  6.495e+05
   6070.00  6.437e+05
   6090.00  6.289e+05
   6110.00  6.239e+05
   6130.00  6.009e+05
   6150.00  6.101e+05
   6170.00  5.916e+05
   6190.00  6.187e+05
   6210.00  6.186e+05
   6230.00  6.025e+05
   6250.00  5.860e+05
   6270.00  6.086e+05
   6290.00  6.091e+05
   6310.00  5.926e+05
   6330.00  5.951e+05
   6350.00  5.959e+05
   6370.00  5.922e+05
   6390.00  5.948e+05
   6410.00  5.795e+05
   6430.00  5.852e+05
   6450.00  5.791e+05
   6470.00  5.750e+05
   6490.00  5.673e+05
   6510.00  5.773e+05
   6530.00  5.747e+05
   6550.00  5.485e+05
   6570.00  4.819e+05
   6590.00  5.581e+05
   6610.00  5.691e+05
   6630.00  5.646e+05
   6650.00  5.630e+05
   6670.00  5.559e+05
   6690.00  5.632e+05
   6710.00  5.507e+05
   6730.00  5.562e+05
   6750.00  5.501e+05
   6770.00  5.498e+05
   6790.00  5.457e+05
   6810.00  5.423e+05
   6830.00  5.437e+05
   6850.00  5.314e+05
   6870.00  5.363e+05
   6890.00  5.364e+05
   6910.00  5.313e+05
   6930.00  5.295e+05
   6950.00  5.266e+05
   6970.00  5.253e+05
   6990.00  5.232e+05
   7010.00  5.085e+05
   7030.00  5.146e+05
   7050.00  5.155e+05
   7070.00  5.101e+05
   7090.00  5.070e+05
   7110.00  5.077e+05
   7130.00  4.998e+05
   7150.00  4.963e+05
   7170.00  4.955e+05
   7190.00  4.824e+05
   7210.00  4.901e+05
   7230.00  4.899e+05
   7250.00  4.908e+05
   7270.00  4.884e+05
   7290.00  4.751e+05
   7310.00  4.810e+05
   7330.00  4.794e+05
   7350.00  4.794e+05
   7370.00  4.789e+05
   7390.00  4.667e+05
   7410.00  4.558e+05
   7430.00  4.651e+05
   7450.00  4.650e+05
   7470.00  4.671e+05
   7490.00  4.623e+05
   7510.00  4.610e+05
   7530.00  4.609e+05
   7550.00  4.609e+05
   7570.00  4.562e+05
   7590.00  4.538e+05
   7610.00  4.511e+05
   7630.00  4.512e+05
   7650.00  4.498e+05
   7670.00  4.372e+05
   7690.00  4.454e+05
   7710.00  4.388e+05
   7730.00  4.391e+05
   7750.00  4.330e+05
   7770.00  4.374e+05
   7790.00  4.368e+05
   7810.00  4.338e+05
   7830.00  4.287e+05
   7850.00  4.264e+05
   7870.00  4.296e+05
   7890.00  4.270e+05
   7910.00  4.208e+05
   7930.00  4.135e+05
   7950.00  4.126e+05
   7970.00  4.181e+05
   7990.00  4.176e+05
   8010.00  4.110e+05
   8030.00  4.100e+05
   8050.00  4.064e+05
   8070.00  4.083e+05
   8090.00  4.006e+05
   8110.00  4.036e+05
   8130.00  4.038e+05
   8150.00  4.008e+05
   8170.00  3.991e+05
   8190.00  3.871e+05
   8210.00  3.880e+05
   8230.00  3.863e+05
   8250.00  3.883e+05
   8270.00  3.909e+05
   8290.00  3.884e+05
   8310.00  3.810e+05
   8330.00  3.776e+05
   8350.00  3.792e+05
   8370.00  3.797e+05
   8390.00  3.722e+05
   8410.00  3.768e+05
   8430.00  3.694e+05
   8450.00  3.710e+05
   8470.00  3.672e+05
   8490.00  3.681e+05
   8510.00  3.526e+05
   8530.00  3.664e+05
   8550.00  3.450e+05
   8570.00  3.661e+05
   8590.00  3.572e+05
   8610.00  3.558e+05
   8630.00  3.595e+05
   8650.00  3.583e+05
   8670.00  3.318e+05
   8690.00  3.463e+05
   8710.00  3.500e+05
   8730.00  3.491e+05
   8750.00  3.408e+05
   8770.00  3.477e+05
   8790.00  3.445e+05
   8810.00  3.364e+05
   8830.00  3.407e+05
   8850.00  3.396e+05
   8870.00  3.294e+05
   8890.00  3.392e+05
   8910.00  3.394e+05
   8930.00  3.325e+05
   8950.00  3.324e+05
   8970.00  3.322e+05
   8990.00  3.320e+05
   9010.00  3.154e+05
   9030.00  3.258e+05
   9050.00  3.305e+05
   9070.00  3.238e+05
   9090.00  3.151e+05
   9110.00  3.184e+05
   9130.00  3.226e+05
   9150.00  3.209e+05
   9170.00  3.195e+05
   9190.00  3.206e+05
   9210.00  3.124e+05
   9230.00  3.039e+05
   9250.00  3.082e+05
   9270.00  3.108e+05
   9290.00  3.113e+05
   9310.00  3.114e+05
   9330.00  3.087e+05
   9350.00  3.073e+05
   9370.00  3.052e+05
   9390.00  3.053e+05
   9410.00  2.933e+05
   9430.00  3.016e+05
   9450.00  2.968e+05
   9470.00  3.002e+05
   9490.00  3.003e+05
   9510.00  2.973e+05
   9530.00  2.950e+05
   9550.00  2.828e+05
   9570.00  2.910e+05
   9590.00  2.933e+05
   9610.00  2.897e+05
   9630.00  2.865e+05
   9650.00  2.851e+05
   9670.00  2.840e+05
   9690.00  2.860e+05
   9710.00  2.840e+05
   9730.00  2.833e+05
   9750.00  2.799e+05
   9770.00  2.795e+05
   9790.00  2.777e+05
   9810.00  2.785e+05
   9830.00  2.771e+05
   9850.00  2.765e+05
   9870.00  2.736e+05
   9890.00  2.723e+05
   9910.00  2.715e+05
   9930.00  2.723e+05
   9950.00  2.713e+05
   9970.00  2.702e+05
   9990.00  2.685e+05
  10025.00  2.651e+05
  10075.00  2.594e+05
  10125.00  2.605e+05
  10175.00  2.561e+05
  10225.00  2.547e+05
  10275.00  2.533e+05
  10325.00  2.485e+05
  10375.00  2.459e+05
  10425.00  2.449e+05
  10475.00  2.407e+05
  10525.00  2.396e+05
  10575.00  2.364e+05
  10625.00  2.333e+05
  10675.00  2.277e+05
  10725.00  2.278e+05
  10775.00  2.246e+05
  10825.00  2.205e+05
  10875.00  2.190e+05
  10925.00  2.149e+05
  10975.00  2.142e+05
  11025.00  2.154e+05
  11075.00  2.142e+05
  11125.00  2.113e+05
  11175.00  2.087e+05
  11225.00  2.077e+05
  11275.00  2.030e+05
  11325.00  2.020e+05
  11375.00  2.002e+05
  11425.00  1.968e+05
  11475.00  1.981e+05
  11525.00  1.961e+05
  11575.00  1.931e+05
  11625.00  1.897e+05
  11675.00  1.885e+05
  11725.00  1.890e+05
  11775.00  1.843e+05
  11825.00  1.826e+05
  11875.00  1.803e+05
  11925.00  1.822e+05
  11975.00  1.754e+05
  12025.00  1.768e+05
  12075.00  1.743e+05
  12125.00  1.740e+05
  12175.00  1.739e+05
  12225.00  1.721e+05
  12275.00  1.697e+05
  12325.00  1.687e+05
  12375.00  1.671e+05
  12425.00  1.653e+05
  12475.00  1.645e+05
  12525.00  1.625e+05
  12575.00  1.611e+05
  12625.00  1.596e+05
  12675.00  1.577e+05
  12725.00  1.573e+05
  12775.00  1.558e+05
  12825.00  1.466e+05
  12875.00  1.524e+05
  12925.00  1.511e+05
  12975.00  1.508e+05
  13025.00  1.484e+05
  13075.00  1.481e+05
  13125.00  1.453e+05
  13175.00  1.440e+05
  13225.00  1.442e+05
  13275.00  1.416e+05
  13325.00  1.412e+05
  13375.00  1.397e+05
  13425.00  1.395e+05
  13475.00  1.381e+05
  13525.00  1.370e+05
  13575.00  1.345e+05
  13625.00  1.340e+05
  13675.00  1.329e+05
  13725.00  1.318e+05
  13775.00  1.308e+05
  13825.00  1.300e+05
  13875.00  1.291e+05
  13925.00  1.281e+05
  13975.00  1.271e+05
  14025.00  1.251e+05
  14075.00  1.250e+05
  14125.00  1.230e+05
  14175.00  1.233e+05
  14225.00  1.205e+05
  14275.00  1.187e+05
  14325.00  1.197e+05
  14375.00  1.195e+05
  14425.00  1.150e+05
  14475.00  1.172e+05
  14525.00  1.143e+05
  14570.00  1.147e+05
  14620.00  1.142e+05
  14675.00  1.137e+05
  14725.00  1.115e+05
  14775.00  1.107e+05
  14825.00  1.101e+05
  14875.00  1.074e+05
  14925.00  1.094e+05
  14975.00  1.074e+05
  15025.00  1.038e+05
  15075.00  1.036e+05
  15125.00  1.051e+05
  15175.00  1.045e+05
  15225.00  1.027e+05
  15275.00  1.028e+05
  15325.00  1.015e+05
  15375.00  1.009e+05
  15425.00  1.003e+05
  15475.00  9.946e+04
  15525.00  9.781e+04
  15575.00  9.674e+04
  15625.00  9.740e+04
  15675.00  9.472e+04
  15725.00  9.495e+04
  15775.00  9.159e+04
  15825.00  9.265e+04
  15875.00  8.920e+04
  15925.00  9.080e+04
  15975.00  9.110e+04
  16050.00  8.964e+04
  16150.00  8.751e+04
  16250.00  8.729e+04
  16350.00  8.493e+04
  16450.00  8.265e+04
  16550.00  8.268e+04
  16650.00  8.118e+04
  16750.00  7.841e+04
  16850.00  7.586e+04
  16950.00  7.673e+04
  17050.00  7.430e+04
  17150.00  7.312e+04
  17250.00  7.107e+04
  17350.00  6.768e+04
  17450.00  6.817e+04
  17550.00  6.739e+04
  17650.00  6.608e+04
  17750.00  6.475e+04
  17850.00  6.373e+04
  17950.00  6.250e+04
  18050.00  6.104e+04
  18150.00  5.817e+04
  18250.00  5.818e+04
  18350.00  5.757e+04
  18450.00  5.604e+04
  18550.00  5.538e+04
  18650.00  5.376e+04
  18750.00  5.044e+04
  18850.00  5.201e+04
  18950.00  5.018e+04
  19050.00  5.043e+04
  19150.00  4.936e+04
  19250.00  4.849e+04
  19350.00  4.717e+04
  19450.00  4.472e+04
  19550.00  4.573e+04
  19650.00  4.490e+04
  19750.00  4.396e+04
  19850.00  4.336e+04
  19950.00  4.263e+04
  20050.00  4.209e+04
  20150.00  4.150e+04
  20250.00  4.040e+04
  20350.00  3.948e+04
  20450.00  3.930e+04
  20550.00  3.854e+04
  20650.00  3.763e+04
  20750.00  3.711e+04
  20850.00  3.651e+04
  20950.00  3.565e+04
  21050.00  3.532e+04
  21150.00  3.466e+04
  21250.00  3.406e+04
  21350.00  3.356e+04
  21450.00  3.303e+04
  21550.00  3.244e+04
  21650.00  3.066e+04
  21750.00  3.113e+04
  21850.00  3.070e+04
  21950.00  3.038e+04
  22050.00  2.962e+04
  22150.00  2.936e+04
  22250.00  2.883e+04
  22350.00  2.836e+04
  22450.00  2.791e+04
  22550.00  2.743e+04
  22650.00  2.696e+04
  22750.00  2.662e+04
  22850.00  2.607e+04
  22950.00  2.551e+04
  23050.00  2.530e+04
  23150.00  2.486e+04
  23250.00  2.418e+04
  23350.00  2.395e+04
  23450.00  2.376e+04
  23550.00  2.296e+04
  23650.00  2.292e+04
  23750.00  2.257e+04
  23850.00  2.185e+04
  23950.00  2.182e+04
  24050.00  2.152e+04
  24150.00  2.096e+04
  24250.00  2.078e+04
  24350.00  2.047e+04
  24450.00  2.011e+04
  24550.00  1.970e+04
  24650.00  1.965e+04
  24750.00  1.924e+04
  24850.00  1.879e+04
  24950.00  1.871e+04
  25050.00  1.855e+04
  25150.00  1.813e+04
  25250.00  1.798e+04
  25350.00  1.771e+04
  25450.00  1.741e+04
  25550.00  1.714e+04
  25650.00  1.687e+04
  25750.00  1.677e+04
  25850.00  1.631e+04
  25950.00  1.625e+04
  26050.00  1.605e+04
  26150.00  1.575e+04
  26250.00  1.503e+04
  26350.00  1.532e+04
  26450.00  1.508e+04
  26550.00  1.491e+04
  26650.00  1.459e+04
  26750.00  1.451e+04
  26850.00  1.439e+04
  26950.00  1.418e+04
  27050.00  1.400e+04
  27150.00  1.380e+04
  27250.00  1.362e+04
  27350.00  1.345e+04
  27450.00  1.328e+04
  27550.00  1.300e+04
  27650.00  1.285e+04
  27750.00  1.272e+04
  27850.00  1.257e+04
  27950.00  1.243e+04
  28050.00  1.225e+04
  28150.00  1.210e+04
  28250.00  1.193e+04
  28350.00  1.180e+04
  28450.00  1.160e+04
  28550.00  1.147e+04
  28650.00  1.129e+04
  28750.00  1.106e+04
  28850.00  1.102e+04
  28950.00  1.090e+04
  29050.00  1.076e+04
  29150.00  1.062e+04
  29250.00  1.045e+04
  29350.00  1.035e+04
  29450.00  1.019e+04
  29550.00  1.009e+04
  29650.00  9.967e+03
  29750.00  9.840e+03
  29850.00  9.715e+03
  29950.00  9.576e+03
  30050.00  9.459e+03
  30150.00  9.355e+03
  30250.00  9.225e+03
  30350.00  9.001e+03
  30450.00  8.963e+03
  30550.00  8.888e+03
  30650.00  8.769e+03
  30750.00  8.686e+03
  30850.00  8.557e+03
  30950.00  8.458e+03
  31050.00  8.374e+03
  31150.00  8.211e+03
  31250.00  8.162e+03
  31350.00  8.074e+03
  31450.00  7.976e+03
  31550.00  7.852e+03
  31650.00  7.777e+03
  31750.00  7.687e+03
  31850.00  7.600e+03
  31950.00  7.520e+03
  32100.00  7.373e+03
  32300.00  7.209e+03
  32500.00  7.036e+03
  32700.00  6.871e+03
  32900.00  6.646e+03
  33100.00  6.548e+03
  33300.00  6.398e+03
  33500.00  6.270e+03
  33700.00  6.121e+03
  33900.00  5.975e+03
  34100.00  5.836e+03
  34300.00  5.729e+03
  34500.00  5.611e+03
  34700.00  5.484e+03
  34900.00  5.367e+03
  35100.00  5.254e+03
  35300.00  5.131e+03
  35500.00  5.029e+03
  35700.00  4.915e+03
  35900.00  4.811e+03
  36100.00  4.720e+03
  36300.00  4.621e+03
  36500.00  4.512e+03
  36700.00  4.415e+03
  36900.00  4.303e+03
  37100.00  4.213e+03
  37300.00  4.132e+03
  37500.00  4.010e+03
  37700.00  3.979e+03
  37900.00  3.896e+03
  38100.00  3.826e+03
  38300.00  3.757e+03
  38500.00  3.686e+03
  38700.00  3.604e+03
  38900.00  3.535e+03
  39100.00  3.471e+03
  39300.00  3.406e+03
  39500.00  3.329e+03
  39700.00  3.271e+03
  39900.00  3.192e+03
  40100.00  3.138e+03
  40300.00  3.089e+03
  40500.00  2.995e+03
  40700.00  2.970e+03
  40900.00  2.916e+03
  41100.00  2.865e+03
  41300.00  2.815e+03
  41500.00  2.758e+03
  41700.00  2.706e+03
  41900.00  2.656e+03
  42100.00  2.598e+03
  42300.00  2.569e+03
  42500.00  2.515e+03
  42700.00  2.475e+03
  42900.00  2.390e+03
  43100.00  2.322e+03
  43300.00  2.298e+03
  43500.00  2.210e+03
  43700.00  2.165e+03
  43900.00  2.141e+03
  44100.00  2.057e+03
  44300.00  2.040e+03
  44500.00  2.011e+03
  44700.00  1.937e+03
  44900.00  1.932e+03
  45100.00  1.895e+03
  45300.00  1.836e+03
  45500.00  1.825e+03
  45700.00  1.805e+03
  45900.00  1.747e+03
  46100.00  1.737e+03
  46300.00  1.707e+03
  46500.00  1.676e+03
  46700.00  1.657e+03
  46900.00  1.635e+03
  47100.00  1.609e+03
  47300.00  1.596e+03
  47500.00  1.565e+03
  47700.00  1.539e+03
  47900.00  1.519e+03
  48100.00  1.488e+03
  48300.00  1.478e+03
  48500.00  1.452e+03
  48700.00  1.427e+03
  48900.00  1.407e+03
  49100.00  1.385e+03
  49300.00  1.364e+03
  49500.00  1.342e+03
  49700.00  1.323e+03
  49900.00  1.303e+03
  50100.00  1.288e+03
  50300.00  1.269e+03
  50500.00  1.243e+03
  50700.00  1.228e+03
  50900.00  1.214e+03
  51100.00  1.190e+03
  51300.00  1.173e+03
  51500.00  1.157e+03
  51700.00  1.147e+03
  51900.00  1.125e+03
  52100.00  1.109e+03
  52300.00  1.092e+03
  52500.00  1.080e+03
  52700.00  1.067e+03
  52900.00  1.046e+03
  53100.00  1.034e+03
  53300.00  1.019e+03
  53500.00  1.006e+03
  53700.00  9.920e+02
  53900.00  9.790e+02
  54100.00  9.655e+02
  54300.00  9.477e+02
  54500.00  9.391e+02
  54700.00  9.252e+02
  54900.00  9.121e+02
  55100.00  9.014e+02
  55300.00  8.924e+02
  55500.00  8.750e+02
  55700.00  8.684e+02
  55900.00  8.528e+02
  56100.00  8.424e+02
  56300.00  8.303e+02
  56500.00  8.226e+02
  56700.00  8.119e+02
  56900.00  7.980e+02
  57100.00  7.906e+02
  57300.00  7.798e+02
  57500.00  7.696e+02
  57700.00  7.592e+02
  57900.00  7.503e+02
  58100.00  7.396e+02
  58300.00  7.306e+02
  58500.00  7.220e+02
  58700.00  7.109e+02
  58900.00  7.011e+02
  59100.00  6.921e+02
  59300.00  6.853e+02
  59500.00  6.752e+02
  59700.00  6.685e+02
  59900.00  6.600e+02
  60100.00  6.515e+02
  60300.00  6.436e+02
  60500.00  6.351e+02
  60700.00  6.269e+02
  60900.00  6.189e+02
  61100.00  6.103e+02
  61300.00  6.040e+02
  61500.00  5.968e+02
  61700.00  5.895e+02
  61900.00  5.826e+02
  62100.00  5.756e+02
  62300.00  5.670e+02
  62500.00  5.605e+02
  62700.00  5.538e+02
  62900.00  5.475e+02
  63100.00  5.401e+02
  63300.00  5.348e+02
  63500.00  5.279e+02
  63700.00  5.218e+02
  63900.00  5.152e+02
  64200.00  5.062e+02
  64600.00  4.938e+02
  65000.00  4.820e+02
  65400.00  4.711e+02
  65800.00  4.603e+02
  66200.00  4.493e+02
  66600.00  4.391e+02
  67000.00  4.289e+02
  67400.00  4.188e+02
  67800.00  4.095e+02
  68200.00  4.001e+02
  68600.00  3.912e+02
  69000.00  3.824e+02
  69400.00  3.737e+02
  69800.00  3.656e+02
  70200.00  3.572e+02
  70600.00  3.496e+02
  71000.00  3.420e+02
  71400.00  3.346e+02
  71800.00  3.273e+02
  72200.00  3.203e+02
  72600.00  3.133e+02
  73000.00  3.068e+02
  73400.00  3.002e+02
  73800.00  2.940e+02
  74200.00  2.876e+02
  74600.00  2.808e+02
  75000.00  2.754e+02
  75400.00  2.700e+02
  75800.00  2.647e+02
  76200.00  2.593e+02
  76600.00  2.540e+02
  77000.00  2.488e+02
  77400.00  2.439e+02
  77800.00  2.390e+02
  78200.00  2.342e+02
  78600.00  2.296e+02
  79000.00  2.251e+02
  79400.00  2.206e+02
  79800.00  2.164e+02
  80200.00  2.121e+02
  80600.00  2.079e+02
  81000.00  2.040e+02
  81400.00  2.000e+02
  81800.00  1.962e+02
  82200.00  1.926e+02
  82600.00  1.889e+02
  83000.00  1.854e+02
  83400.00  1.818e+02
  83800.00  1.785e+02
  84200.00  1.752e+02
  84600.00  1.720e+02
  85000.00  1.688e+02
  85400.00  1.657e+02
  85800.00  1.627e+02
  86200.00  1.597e+02
  86600.00  1.569e+02
  87000.00  1.541e+02
  87400.00  1.513e+02
  87800.00  1.486e+02
  88200.00  1.459e+02
  88600.00  1.434e+02
  89000.00  1.408e+02
  89400.00  1.384e+02
  89800.00  1.359e+02
  90200.00  1.336e+02
  90600.00  1.314e+02
  91000.00  1.290e+02
  91400.00  1.268e+02
  91800.00  1.247e+02
  92200.00  1.226e+02
  92600.00  1.205e+02
  93000.00  1.185e+02
  93400.00  1.165e+02
  93800.00  1.146e+02
  94200.00  1.127e+02
  94600.00  1.108e+02
  95000.00  1.090e+02
  95400.00  1.072e+02
  95800.00  1.055e+02
  96200.00  1.037e+02
  96600.00  1.021e+02
  97000.00  1.004e+02
  97400.00  9.871e+01
  97800.00  9.718e+01
  98200.00  9.565e+01
  98600.00  9.413e+01
  99000.00  9.265e+01
  99400.00  9.117e+01
  99800.00  8.975e+01
 100200.00  8.835e+01
 200000.00  5.703e+00
 400000.00  3.574e-01
 600000.00  7.020e-02
 800000.00  2.207e-02
