     90.90  0.000e+00
     93.50  0.000e+00
     96.10  0.000e+00
     97.70  0.000e+00
     99.60  0.000e+00
    102.00  0.000e+00
    103.80  0.000e+00
    105.60  0.000e+00
    107.70  0.000e+00
    110.40  0.000e+00
    114.00  0.000e+00
    117.80  0.000e+00
    121.30  0.000e+00
    124.80  0.000e+00
    127.10  0.000e+00
    128.40  0.000e+00
    130.50  0.000e+00
    132.40  0.000e+00
    133.90  0.000e+00
    136.60  0.000e+00
    139.80  0.000e+00
    143.30  0.000e+00
    147.20  0.000e+00
    151.00  0.000e+00
    155.20  0.000e+00
    158.80  0.000e+00
    162.00  0.000e+00
    166.00  0.000e+00
    170.30  0.000e+00
    173.40  0.000e+00
    176.80  0.000e+00
    180.20  0.000e+00
    181.70  0.000e+00
    186.10  0.000e+00
    191.00  0.000e+00
    193.90  0.000e+00
    198.40  0.000e+00
    201.80  0.000e+00
    205.00  0.000e+00
    210.50  0.000e+00
    216.20  0.000e+00
    219.80  0.000e+00
    223.00  0.000e+00
    226.80  0.000e+00
    230.00  0.000e+00
    234.00  0.000e+00
    240.00  0.000e+00
    246.50  0.000e+00
    252.40  0.000e+00
    256.80  0.000e+00
    260.00  0.000e+00
    264.00  0.000e+00
    268.50  0.000e+00
    273.50  0.000e+00
    278.50  0.000e+00
    284.00  0.000e+00
    290.00  0.000e+00
    296.00  0.000e+00
    301.00  0.000e+00
    308.00  0.000e+00
    318.00  0.000e+00
    328.00  0.000e+00
    338.00  0.000e+00
    348.00  0.000e+00
    357.00  0.000e+00
    366.00  0.000e+00
    375.00  0.000e+00
    385.00  0.000e+00
    395.00  0.000e+00
    405.00  0.000e+00
    414.00  0.000e+00
    422.00  0.000e+00
    430.00  0.000e+00
    441.00  0.000e+00
    451.00  0.000e+00
    460.00  0.000e+00
    470.00  0.000e+00
    480.00  0.000e+00
    490.00  0.000e+00
    500.00  0.000e+00
    506.00  0.000e+00
    512.00  0.000e+00
    520.00  0.000e+00
    530.00  0.000e+00
    540.00  0.000e+00
    550.00  0.000e+00
    560.00  0.000e+00
    570.00  0.000e+00
    580.00  0.000e+00
    590.00  0.000e+00
    600.00  0.000e+00
    610.00  0.000e+00
    620.00  0.000e+00
    630.00  0.000e+00
    640.00  0.000e+00
    650.00  0.000e+00
    658.00  0.000e+00
    665.00  0.000e+00
    675.00  0.000e+00
    685.00  0.000e+00
    695.00  0.000e+00
    705.00  0.000e+00
    716.00  0.000e+00
    726.00  0.000e+00
    735.00  0.000e+00
    745.00  0.000e+00
    755.00  0.000e+00
    765.00  0.000e+00
    775.00  0.000e+00
    785.00  0.000e+00
    795.00  0.000e+00
    805.00  0.000e+00
    815.00  0.000e+00
    825.00  0.000e+00
    835.00  0.000e+00
    845.00  0.000e+00
    855.00  0.000e+00
    865.00  0.000e+00
    875.00  0.000e+00
    885.00  0.000e+00
    895.00  0.000e+00
    905.00  0.000e+00
    915.00  0.000e+00
    925.00  0.000e+00
    935.00  0.000e+00
    945.00  0.000e+00
    955.00  0.000e+00
    965.00  0.000e+00
    975.00  0.000e+00
    985.00  0.000e+00
    995.00  0.000e+00
   1005.00  0.000e+00
   1015.00  0.000e+00
   1025.00  0.000e+00
   1035.00  0.000e+00
   1045.00  0.000e+00
   1055.00  0.000e+00
   1065.00  0.000e+00
   1075.00  0.000e+00
   1085.00  0.000e+00
   1095.00  0.000e+00
   1105.00  0.000e+00
   1115.00  0.000e+00
   1125.00  0.000e+00
   1135.00  0.000e+00
   1145.00  0.000e+00
   1155.00  0.000e+00
   1165.00  0.000e+00
   1175.00  0.000e+00
   1185.00  0.000e+00
   1195.00  0.000e+00
   1205.00  0.000e+00
   1215.00  0.000e+00
   1225.00  0.000e+00
   1235.00  0.000e+00
   1245.00  0.000e+00
   1255.00  0.000e+00
   1265.00  0.000e+00
   1275.00  0.000e+00
   1285.00  0.000e+00
   1295.00  0.000e+00
   1305.00  0.000e+00
   1315.00  0.000e+00
   1325.00  0.000e+00
   1335.00  0.000e+00
   1345.00  0.000e+00
   1355.00  0.000e+00
   1365.00  0.000e+00
   1375.00  0.000e+00
   1385.00  0.000e+00
   1395.00  0.000e+00
   1405.00  0.000e+00
   1415.00  0.000e+00
   1425.00  0.000e+00
   1435.00  0.000e+00
   1442.00  0.000e+00
   1447.00  0.000e+00
   1455.00  0.000e+00
   1465.00  0.000e+00
   1475.00  1.349e-08
   1485.00  1.491e-08
   1495.00  2.317e-08
   1505.00  3.312e-08
   1512.00  1.906e-08
   1517.00  3.194e-08
   1525.00  7.247e-08
   1535.00  1.100e-07
   1545.00  7.683e-08
   1555.00  1.340e-07
   1565.00  1.290e-07
   1575.00  3.213e-07
   1585.00  3.464e-07
   1595.00  3.290e-07
   1605.00  3.565e-07
   1615.00  3.764e-07
   1625.00  3.729e-07
   1635.00  5.204e-07
   1645.00  7.381e-07
   1655.00  5.923e-07
   1665.00  1.008e-06
   1672.00  7.951e-07
   1677.00  1.363e-06
   1685.00  1.823e-06
   1695.00  2.727e-06
   1705.00  2.897e-06
   1715.00  3.159e-06
   1725.00  4.612e-06
   1735.00  5.390e-06
   1745.00  7.917e-06
   1755.00  7.922e-06
   1765.00  1.155e-05
   1775.00  9.193e-06
   1785.00  2.033e-05
   1795.00  1.621e-05
   1805.00  3.274e-05
   1815.00  2.094e-05
   1825.00  3.746e-05
   1835.00  3.105e-05
   1845.00  5.019e-05
   1855.00  3.631e-05
   1865.00  7.296e-05
   1875.00  6.464e-05
   1885.00  8.671e-05
   1895.00  1.128e-04
   1905.00  1.204e-04
   1915.00  1.933e-04
   1925.00  1.567e-04
   1935.00  1.385e-04
   1945.00  2.352e-04
   1955.00  3.615e-04
   1967.00  3.857e-04
   1976.00  4.787e-04
   1984.00  6.521e-04
   1995.00  5.466e-04
   2005.00  6.647e-04
   2015.00  7.670e-04
   2025.00  7.132e-04
   2035.00  9.226e-04
   2045.00  9.641e-04
   2055.00  1.224e-03
   2065.00  1.117e-03
   2074.00  1.069e-03
   2078.00  1.854e-03
   2085.00  2.294e-03
   2095.00  2.522e-03
   2105.00  2.100e-03
   2115.00  2.093e-03
   2125.00  2.510e-03
   2135.00  3.535e-03
   2145.00  2.411e-03
   2155.00  3.246e-03
   2165.00  3.066e-03
   2175.00  3.542e-03
   2185.00  3.048e-03
   2195.00  6.318e-03
   2205.00  4.717e-03
   2215.00  6.475e-03
   2225.00  5.085e-03
   2235.00  1.116e-02
   2245.00  1.155e-02
   2255.00  1.804e-02
   2265.00  6.301e-03
   2275.00  1.827e-02
   2285.00  1.465e-02
   2295.00  3.292e-02
   2305.00  7.102e-03
   2315.00  4.707e-02
   2325.00  2.850e-02
   2335.00  5.892e-02
   2345.00  3.109e-02
   2355.00  2.133e-02
   2365.00  3.547e-02
   2375.00  3.077e-02
   2385.00  8.108e-02
   2395.00  6.044e-02
   2405.00  1.620e-01
   2415.00  7.124e-02
   2425.00  1.187e-01
   2435.00  1.907e-01
   2445.00  3.379e-01
   2455.00  4.385e-01
   2465.00  1.812e-01
   2475.00  4.060e-01
   2485.00  7.314e-02
   2495.00  1.192e-01
   2505.00  3.179e-01
   2513.00  1.804e-01
   2518.00  1.849e-01
   2525.00  2.546e-01
   2535.00  1.310e+00
   2545.00  1.497e+00
   2555.00  1.935e+00
   2565.00  5.976e-01
   2575.00  1.977e+00
   2585.00  6.971e-01
   2595.00  1.265e+00
   2605.00  2.228e+00
   2615.00  1.578e+00
   2625.00  4.407e+00
   2635.00  1.090e+01
   2645.00  6.460e+00
   2655.00  1.848e+01
   2665.00  7.387e+00
   2675.00  9.957e+00
   2685.00  1.328e+01
   2695.00  4.621e+00
   2705.00  1.750e+01
   2715.00  1.125e+01
   2725.00  6.565e+00
   2735.00  8.223e+00
   2745.00  1.243e+01
   2755.00  1.351e+01
   2765.00  2.842e+01
   2775.00  4.450e+01
   2785.00  1.927e+01
   2795.00  1.476e+01
   2805.00  1.479e+01
   2815.00  3.441e+01
   2825.00  3.308e+01
   2835.00  2.021e+01
   2845.00  8.809e+00
   2855.00  2.499e+00
   2865.00  1.862e+01
   2875.00  3.015e+01
   2885.00  8.170e+01
   2895.00  1.368e+02
   2910.00  3.858e+02
   2930.00  4.191e+02
   2950.00  4.836e+02
   2970.00  4.779e+02
   2990.00  7.277e+02
   3010.00  8.096e+02
   3030.00  1.249e+03
   3050.00  1.368e+03
   3070.00  1.440e+03
   3090.00  1.264e+03
   3110.00  2.070e+03
   3130.00  1.459e+03
   3150.00  2.130e+03
   3170.00  3.178e+03
   3190.00  2.086e+03
   3210.00  2.820e+03
   3230.00  2.253e+03
   3250.00  4.605e+03
   3270.00  5.212e+03
   3290.00  5.777e+03
   3310.00  4.879e+03
   3330.00  5.331e+03
   3350.00  5.306e+03
   3370.00  3.082e+03
   3390.00  3.971e+03
   3410.00  4.904e+03
   3430.00  6.268e+03
   3450.00  7.088e+03
   3470.00  7.659e+03
   3490.00  9.457e+03
   3510.00  1.016e+04
   3530.00  7.776e+03
   3550.00  8.388e+03
   3570.00  4.780e+03
   3590.00  7.309e+03
   3610.00  1.160e+04
   3630.00  1.391e+04
   3640.00  1.291e+04
   3650.00  1.195e+04
   3670.00  1.528e+04
   3690.00  1.234e+04
   3710.00  1.155e+04
   3730.00  3.578e+03
   3750.00  4.543e+03
   3770.00  9.359e+03
   3790.00  1.001e+04
   3810.00  7.901e+03
   3830.00  2.939e+03
   3850.00  4.537e+03
   3870.00  4.729e+03
   3890.00  9.457e+03
   3910.00  1.158e+04
   3930.00  2.899e+03
   3950.00  7.713e+03
   3970.00  4.230e+03
   3990.00  1.986e+04
   4010.00  2.808e+04
   4030.00  2.904e+04
   4050.00  2.588e+04
   4070.00  2.212e+04
   4090.00  3.532e+04
   4110.00  3.286e+04
   4130.00  2.726e+04
   4150.00  2.447e+04
   4170.00  2.543e+04
   4190.00  2.763e+04
   4210.00  3.047e+04
   4230.00  3.011e+04
   4250.00  3.641e+04
   4270.00  3.371e+04
   4290.00  3.174e+04
   4310.00  2.710e+04
   4330.00  4.524e+04
   4350.00  4.876e+04
   4370.00  5.249e+04
   4390.00  4.302e+04
   4410.00  4.480e+04
   4430.00  5.330e+04
   4450.00  5.484e+04
   4470.00  6.163e+04
   4490.00  6.534e+04
   4510.00  8.111e+04
   4530.00  6.554e+04
   4550.00  6.949e+04
   4570.00  7.919e+04
   4590.00  7.630e+04
   4610.00  7.922e+04
   4630.00  7.577e+04
   4650.00  7.843e+04
   4670.00  8.427e+04
   4690.00  8.135e+04
   4710.00  8.093e+04
   4730.00  8.483e+04
   4750.00  9.151e+04
   4770.00  9.425e+04
   4790.00  9.266e+04
   4810.00  9.228e+04
   4830.00  9.856e+04
   4850.00  9.225e+04
   4870.00  8.531e+04
   4890.00  9.568e+04
   4910.00  9.536e+04
   4930.00  9.275e+04
   4950.00  1.024e+05
   4970.00  9.841e+04
   4990.00  8.942e+04
   5010.00  8.391e+04
   5030.00  9.059e+04
   5050.00  9.151e+04
   5070.00  9.811e+04
   5090.00  8.662e+04
   5110.00  9.139e+04
   5130.00  8.500e+04
   5150.00  8.309e+04
   5170.00  7.659e+04
   5190.00  8.318e+04
   5210.00  8.787e+04
   5230.00  9.762e+04
   5250.00  1.028e+05
   5270.00  8.765e+04
   5290.00  1.064e+05
   5310.00  1.179e+05
   5330.00  9.799e+04
   5350.00  1.137e+05
   5370.00  1.143e+05
   5390.00  1.068e+05
   5410.00  1.076e+05
   5430.00  1.090e+05
   5450.00  1.189e+05
   5470.00  1.118e+05
   5490.00  1.124e+05
   5510.00  1.112e+05
   5530.00  1.172e+05
   5550.00  1.207e+05
   5570.00  1.189e+05
   5590.00  1.146e+05
   5610.00  1.236e+05
   5630.00  1.184e+05
   5650.00  1.214e+05
   5670.00  1.175e+05
   5690.00  1.242e+05
   5710.00  1.168e+05
   5730.00  1.328e+05
   5750.00  1.241e+05
   5770.00  1.280e+05
   5790.00  1.187e+05
   5810.00  1.298e+05
   5830.00  1.373e+05
   5850.00  1.307e+05
   5870.00  1.323e+05
   5890.00  1.149e+05
   5910.00  1.300e+05
   5930.00  1.314e+05
   5950.00  1.310e+05
   5970.00  1.361e+05
   5990.00  1.310e+05
   6010.00  1.283e+05
   6030.00  1.348e+05
   6050.00  1.376e+05
   6070.00  1.371e+05
   6090.00  1.282e+05
   6110.00  1.302e+05
   6130.00  1.198e+05
   6150.00  1.267e+05
   6170.00  1.215e+05
   6190.00  1.316e+05
   6210.00  1.294e+05
   6230.00  1.237e+05
   6250.00  1.171e+05
   6270.00  1.250e+05
   6290.00  1.297e+05
   6310.00  1.249e+05
   6330.00  1.283e+05
   6350.00  1.280e+05
   6370.00  1.266e+05
   6390.00  1.305e+05
   6410.00  1.286e+05
   6430.00  1.296e+05
   6450.00  1.305e+05
   6470.00  1.302e+05
   6490.00  1.244e+05
   6510.00  1.308e+05
   6530.00  1.303e+05
   6550.00  1.290e+05
   6570.00  1.278e+05
   6590.00  1.315e+05
   6610.00  1.324e+05
   6630.00  1.314e+05
   6650.00  1.317e+05
   6670.00  1.278e+05
   6690.00  1.339e+05
   6710.00  1.264e+05
   6730.00  1.344e+05
   6750.00  1.307e+05
   6770.00  1.323e+05
   6790.00  1.300e+05
   6810.00  1.309e+05
   6830.00  1.330e+05
   6850.00  1.275e+05
   6870.00  1.303e+05
   6890.00  1.340e+05
   6910.00  1.319e+05
   6930.00  1.286e+05
   6950.00  1.253e+05
   6970.00  1.277e+05
   6990.00  1.254e+05
   7010.00  1.213e+05
   7030.00  1.255e+05
   7050.00  1.289e+05
   7070.00  1.249e+05
   7090.00  1.230e+05
   7110.00  1.201e+05
   7130.00  1.172e+05
   7150.00  1.186e+05
   7170.00  1.208e+05
   7190.00  1.159e+05
   7210.00  1.207e+05
   7230.00  1.241e+05
   7250.00  1.233e+05
   7270.00  1.220e+05
   7290.00  1.176e+05
   7310.00  1.205e+05
   7330.00  1.207e+05
   7350.00  1.200e+05
   7370.00  1.246e+05
   7390.00  1.209e+05
   7410.00  1.199e+05
   7430.00  1.222e+05
   7450.00  1.228e+05
   7470.00  1.228e+05
   7490.00  1.213e+05
   7510.00  1.244e+05
   7530.00  1.264e+05
   7550.00  1.273e+05
   7570.00  1.259e+05
   7590.00  1.246e+05
   7610.00  1.251e+05
   7630.00  1.261e+05
   7650.00  1.271e+05
   7670.00  1.213e+05
   7690.00  1.267e+05
   7710.00  1.232e+05
   7730.00  1.235e+05
   7750.00  1.227e+05
   7770.00  1.266e+05
   7790.00  1.265e+05
   7810.00  1.260e+05
   7830.00  1.247e+05
   7850.00  1.224e+05
   7870.00  1.234e+05
   7890.00  1.168e+05
   7910.00  1.126e+05
   7930.00  1.138e+05
   7950.00  1.105e+05
   7970.00  1.173e+05
   7990.00  1.173e+05
   8010.00  1.171e+05
   8030.00  1.171e+05
   8050.00  1.159e+05
   8070.00  1.142e+05
   8090.00  1.097e+05
   8110.00  1.088e+05
   8130.00  1.119e+05
   8150.00  1.120e+05
   8170.00  1.129e+05
   8190.00  1.109e+05
   8210.00  1.100e+05
   8230.00  1.127e+05
   8250.00  1.134e+05
   8270.00  1.156e+05
   8290.00  1.140e+05
   8310.00  1.074e+05
   8330.00  1.092e+05
   8350.00  1.086e+05
   8370.00  1.109e+05
   8390.00  1.062e+05
   8410.00  1.123e+05
   8430.00  1.075e+05
   8450.00  1.105e+05
   8470.00  1.109e+05
   8490.00  1.122e+05
   8510.00  1.055e+05
   8530.00  1.119e+05
   8550.00  1.034e+05
   8570.00  1.130e+05
   8590.00  1.106e+05
   8610.00  1.115e+05
   8630.00  1.126e+05
   8650.00  1.139e+05
   8670.00  1.035e+05
   8690.00  1.072e+05
   8710.00  1.110e+05
   8730.00  1.119e+05
   8750.00  1.110e+05
   8770.00  1.126e+05
   8790.00  1.115e+05
   8810.00  1.076e+05
   8830.00  1.104e+05
   8850.00  1.128e+05
   8870.00  1.101e+05
   8890.00  1.120e+05
   8910.00  1.142e+05
   8930.00  1.095e+05
   8950.00  1.094e+05
   8970.00  1.099e+05
   8990.00  1.104e+05
   9010.00  1.071e+05
   9030.00  1.104e+05
   9050.00  1.139e+05
   9070.00  1.126e+05
   9090.00  1.073e+05
   9110.00  1.084e+05
   9130.00  1.118e+05
   9150.00  1.102e+05
   9170.00  1.102e+05
   9190.00  1.126e+05
   9210.00  1.086e+05
   9230.00  1.106e+05
   9250.00  1.083e+05
   9270.00  1.089e+05
   9290.00  1.081e+05
   9310.00  1.100e+05
   9330.00  1.089e+05
   9350.00  1.088e+05
   9370.00  1.058e+05
   9390.00  1.081e+05
   9410.00  1.044e+05
   9430.00  1.084e+05
   9450.00  1.047e+05
   9470.00  1.079e+05
   9490.00  1.081e+05
   9510.00  1.069e+05
   9530.00  1.072e+05
   9550.00  1.044e+05
   9570.00  1.037e+05
   9590.00  1.071e+05
   9610.00  1.047e+05
   9630.00  1.048e+05
   9650.00  1.020e+05
   9670.00  1.017e+05
   9690.00  1.044e+05
   9710.00  1.029e+05
   9730.00  1.018e+05
   9750.00  1.013e+05
   9770.00  1.017e+05
   9790.00  9.905e+04
   9810.00  1.036e+05
   9830.00  1.020e+05
   9850.00  1.034e+05
   9870.00  1.022e+05
   9890.00  1.023e+05
   9910.00  1.017e+05
   9930.00  1.019e+05
   9950.00  1.020e+05
   9970.00  1.022e+05
   9990.00  1.014e+05
  10025.00  1.005e+05
  10075.00  9.895e+04
  10125.00  9.946e+04
  10175.00  9.780e+04
  10225.00  9.817e+04
  10275.00  9.840e+04
  10325.00  9.606e+04
  10375.00  9.520e+04
  10425.00  9.595e+04
  10475.00  9.494e+04
  10525.00  9.523e+04
  10575.00  9.384e+04
  10625.00  9.345e+04
  10675.00  9.129e+04
  10725.00  9.140e+04
  10775.00  9.046e+04
  10825.00  8.909e+04
  10875.00  8.905e+04
  10925.00  9.033e+04
  10975.00  8.846e+04
  11025.00  8.903e+04
  11075.00  8.868e+04
  11125.00  8.813e+04
  11175.00  8.700e+04
  11225.00  8.710e+04
  11275.00  8.558e+04
  11325.00  8.525e+04
  11375.00  8.448e+04
  11425.00  8.351e+04
  11475.00  8.494e+04
  11525.00  8.458e+04
  11575.00  8.310e+04
  11625.00  8.203e+04
  11675.00  8.212e+04
  11725.00  8.298e+04
  11775.00  8.141e+04
  11825.00  8.075e+04
  11875.00  7.935e+04
  11925.00  8.115e+04
  11975.00  7.769e+04
  12025.00  7.973e+04
  12075.00  7.867e+04
  12125.00  7.878e+04
  12175.00  7.923e+04
  12225.00  7.851e+04
  12275.00  7.804e+04
  12325.00  7.732e+04
  12375.00  7.729e+04
  12425.00  7.657e+04
  12475.00  7.665e+04
  12525.00  7.556e+04
  12575.00  7.559e+04
  12625.00  7.529e+04
  12675.00  7.431e+04
  12725.00  7.450e+04
  12775.00  7.493e+04
  12825.00  7.175e+04
  12875.00  7.290e+04
  12925.00  7.179e+04
  12975.00  7.304e+04
  13025.00  7.159e+04
  13075.00  7.237e+04
  13125.00  7.089e+04
  13175.00  7.075e+04
  13225.00  7.087e+04
  13275.00  6.931e+04
  13325.00  7.035e+04
  13375.00  6.935e+04
  13425.00  7.019e+04
  13475.00  6.958e+04
  13525.00  6.944e+04
  13575.00  6.790e+04
  13625.00  6.764e+04
  13675.00  6.798e+04
  13725.00  6.829e+04
  13775.00  6.774e+04
  13825.00  6.784e+04
  13875.00  6.698e+04
  13925.00  6.750e+04
  13975.00  6.750e+04
  14025.00  6.605e+04
  14075.00  6.690e+04
  14125.00  6.584e+04
  14175.00  6.674e+04
  14225.00  6.533e+04
  14275.00  6.398e+04
  14325.00  6.549e+04
  14375.00  6.574e+04
  14425.00  6.324e+04
  14475.00  6.491e+04
  14525.00  6.390e+04
  14570.00  6.436e+04
  14620.00  6.429e+04
  14675.00  6.428e+04
  14725.00  6.266e+04
  14775.00  6.312e+04
  14825.00  6.291e+04
  14875.00  6.218e+04
  14925.00  6.366e+04
  14975.00  6.247e+04
  15025.00  6.206e+04
  15075.00  6.107e+04
  15125.00  6.204e+04
  15175.00  6.218e+04
  15225.00  6.185e+04
  15275.00  6.226e+04
  15325.00  6.158e+04
  15375.00  6.222e+04
  15425.00  6.178e+04
  15475.00  6.176e+04
  15525.00  6.063e+04
  15575.00  5.983e+04
  15625.00  6.160e+04
  15675.00  5.937e+04
  15725.00  6.043e+04
  15775.00  5.842e+04
  15825.00  5.933e+04
  15875.00  5.653e+04
  15925.00  5.784e+04
  15975.00  5.943e+04
  16050.00  5.872e+04
  16150.00  5.807e+04
  16250.00  5.796e+04
  16350.00  5.746e+04
  16450.00  5.602e+04
  16550.00  5.565e+04
  16650.00  5.487e+04
  16750.00  5.355e+04
  16850.00  5.203e+04
  16950.00  5.234e+04
  17050.00  5.025e+04
  17150.00  5.016e+04
  17250.00  4.820e+04
  17350.00  4.718e+04
  17450.00  4.668e+04
  17550.00  4.579e+04
  17650.00  4.512e+04
  17750.00  4.398e+04
  17850.00  4.366e+04
  17950.00  4.262e+04
  18050.00  4.158e+04
  18150.00  4.096e+04
  18250.00  4.005e+04
  18350.00  3.927e+04
  18450.00  3.822e+04
  18550.00  3.792e+04
  18650.00  3.660e+04
  18750.00  3.589e+04
  18850.00  3.572e+04
  18950.00  3.383e+04
  19050.00  3.472e+04
  19150.00  3.388e+04
  19250.00  3.340e+04
  19350.00  3.230e+04
  19450.00  3.155e+04
  19550.00  3.159e+04
  19650.00  3.088e+04
  19750.00  3.020e+04
  19850.00  2.982e+04
  19950.00  2.935e+04
  20050.00  2.921e+04
  20150.00  2.881e+04
  20250.00  2.777e+04
  20350.00  2.728e+04
  20450.00  2.737e+04
  20550.00  2.676e+04
  20650.00  2.618e+04
  20750.00  2.581e+04
  20850.00  2.531e+04
  20950.00  2.471e+04
  21050.00  2.467e+04
  21150.00  2.409e+04
  21250.00  2.365e+04
  21350.00  2.355e+04
  21450.00  2.310e+04
  21550.00  2.270e+04
  21650.00  2.218e+04
  21750.00  2.175e+04
  21850.00  2.149e+04
  21950.00  2.122e+04
  22050.00  2.060e+04
  22150.00  2.063e+04
  22250.00  1.998e+04
  22350.00  1.974e+04
  22450.00  1.948e+04
  22550.00  1.923e+04
  22650.00  1.876e+04
  22750.00  1.874e+04
  22850.00  1.823e+04
  22950.00  1.513e+04
  23050.00  1.651e+04
  23150.00  1.624e+04
  23250.00  1.368e+04
  23350.00  1.494e+04
  23450.00  1.465e+04
  23550.00  1.234e+04
  23650.00  1.382e+04
  23750.00  1.339e+04
  23850.00  1.162e+04
  23950.00  1.279e+04
  24050.00  1.273e+04
  24150.00  1.125e+04
  24250.00  1.209e+04
  24350.00  1.208e+04
  24450.00  1.118e+04
  24550.00  1.121e+04
  24650.00  1.170e+04
  24750.00  1.121e+04
  24850.00  1.050e+04
  24950.00  1.099e+04
  25050.00  1.141e+04
  25150.00  1.015e+04
  25250.00  1.077e+04
  25350.00  1.078e+04
  25450.00  1.046e+04
  25550.00  1.022e+04
  25650.00  1.033e+04
  25750.00  1.041e+04
  25850.00  9.660e+03
  25950.00  9.862e+03
  26050.00  1.005e+04
  26150.00  9.739e+03
  26250.00  9.582e+03
  26350.00  9.669e+03
  26450.00  9.595e+03
  26550.00  9.351e+03
  26650.00  9.136e+03
  26750.00  9.479e+03
  26850.00  9.320e+03
  26950.00  8.934e+03
  27050.00  9.088e+03
  27150.00  8.991e+03
  27250.00  8.987e+03
  27350.00  8.645e+03
  27450.00  8.748e+03
  27550.00  8.751e+03
  27650.00  8.574e+03
  27750.00  8.343e+03
  27850.00  8.397e+03
  27950.00  8.403e+03
  28050.00  8.292e+03
  28150.00  8.103e+03
  28250.00  8.081e+03
  28350.00  8.070e+03
  28450.00  7.947e+03
  28550.00  7.841e+03
  28650.00  7.772e+03
  28750.00  7.707e+03
  28850.00  7.617e+03
  28950.00  7.535e+03
  29050.00  7.446e+03
  29150.00  7.393e+03
  29250.00  7.229e+03
  29350.00  7.248e+03
  29450.00  7.114e+03
  29550.00  7.041e+03
  29650.00  7.009e+03
  29750.00  6.931e+03
  29850.00  6.830e+03
  29950.00  6.750e+03
  30050.00  6.670e+03
  30150.00  6.626e+03
  30250.00  6.524e+03
  30350.00  6.421e+03
  30450.00  6.398e+03
  30550.00  6.301e+03
  30650.00  6.228e+03
  30750.00  6.179e+03
  30850.00  6.068e+03
  30950.00  6.007e+03
  31050.00  5.977e+03
  31150.00  5.853e+03
  31250.00  5.822e+03
  31350.00  5.764e+03
  31450.00  5.694e+03
  31550.00  5.616e+03
  31650.00  5.539e+03
  31750.00  5.504e+03
  31850.00  5.433e+03
  31950.00  5.386e+03
  32100.00  5.281e+03
  32300.00  5.154e+03
  32500.00  5.035e+03
  32700.00  4.916e+03
  32900.00  4.803e+03
  33100.00  4.696e+03
  33300.00  4.582e+03
  33500.00  4.499e+03
  33700.00  4.391e+03
  33900.00  4.286e+03
  34100.00  4.184e+03
  34300.00  4.114e+03
  34500.00  4.032e+03
  34700.00  3.939e+03
  34900.00  3.858e+03
  35100.00  3.783e+03
  35300.00  3.686e+03
  35500.00  3.621e+03
  35700.00  3.540e+03
  35900.00  3.462e+03
  36100.00  3.403e+03
  36300.00  3.333e+03
  36500.00  3.248e+03
  36700.00  3.179e+03
  36900.00  3.090e+03
  37100.00  3.018e+03
  37300.00  2.982e+03
  37500.00  2.890e+03
  37700.00  2.864e+03
  37900.00  2.802e+03
  38100.00  2.758e+03
  38300.00  2.714e+03
  38500.00  2.666e+03
  38700.00  2.598e+03
  38900.00  2.553e+03
  39100.00  2.512e+03
  39300.00  2.464e+03
  39500.00  2.398e+03
  39700.00  2.360e+03
  39900.00  2.294e+03
  40100.00  2.267e+03
  40300.00  2.236e+03
  40500.00  2.189e+03
  40700.00  2.150e+03
  40900.00  2.112e+03
  41100.00  2.077e+03
  41300.00  2.043e+03
  41500.00  2.000e+03
  41700.00  1.963e+03
  41900.00  1.925e+03
  42100.00  1.884e+03
  42300.00  1.866e+03
  42500.00  1.822e+03
  42700.00  1.798e+03
  42900.00  1.642e+03
  43100.00  1.503e+03
  43300.00  1.540e+03
  43500.00  1.410e+03
  43700.00  1.358e+03
  43900.00  1.312e+03
  44100.00  1.195e+03
  44300.00  1.193e+03
  44500.00  1.153e+03
  44700.00  1.071e+03
  44900.00  1.111e+03
  45100.00  1.057e+03
  45300.00  1.002e+03
  45500.00  1.023e+03
  45700.00  1.010e+03
  45900.00  9.388e+02
  46100.00  9.797e+02
  46300.00  9.447e+02
  46500.00  9.430e+02
  46700.00  9.467e+02
  46900.00  9.192e+02
  47100.00  8.974e+02
  47300.00  9.243e+02
  47500.00  8.937e+02
  47700.00  8.861e+02
  47900.00  8.763e+02
  48100.00  8.454e+02
  48300.00  8.739e+02
  48500.00  8.499e+02
  48700.00  8.269e+02
  48900.00  8.235e+02
  49100.00  8.092e+02
  49300.00  7.980e+02
  49500.00  7.828e+02
  49700.00  7.881e+02
  49900.00  7.700e+02
  50100.00  7.707e+02
  50300.00  7.614e+02
  50500.00  7.343e+02
  50700.00  7.336e+02
  50900.00  7.280e+02
  51100.00  7.111e+02
  51300.00  7.090e+02
  51500.00  6.944e+02
  51700.00  7.059e+02
  51900.00  6.859e+02
  52100.00  6.779e+02
  52300.00  6.668e+02
  52500.00  6.670e+02
  52700.00  6.757e+02
  52900.00  6.469e+02
  53100.00  6.373e+02
  53300.00  6.384e+02
  53500.00  6.317e+02
  53700.00  6.252e+02
  53900.00  6.214e+02
  54100.00  6.153e+02
  54300.00  6.006e+02
  54500.00  6.054e+02
  54700.00  5.904e+02
  54900.00  5.894e+02
  55100.00  5.777e+02
  55300.00  5.929e+02
  55500.00  5.671e+02
  55700.00  5.740e+02
  55900.00  5.604e+02
  56100.00  5.628e+02
  56300.00  5.467e+02
  56500.00  5.504e+02
  56700.00  5.431e+02
  56900.00  5.290e+02
  57100.00  5.332e+02
  57300.00  5.277e+02
  57500.00  5.212e+02
  57700.00  5.142e+02
  57900.00  5.138e+02
  58100.00  5.049e+02
  58300.00  5.005e+02
  58500.00  4.953e+02
  58700.00  4.852e+02
  58900.00  4.821e+02
  59100.00  4.781e+02
  59300.00  4.743e+02
  59500.00  4.657e+02
  59700.00  4.649e+02
  59900.00  4.598e+02
  60100.00  4.549e+02
  60300.00  4.496e+02
  60500.00  4.416e+02
  60700.00  4.377e+02
  60900.00  4.319e+02
  61100.00  4.264e+02
  61300.00  4.238e+02
  61500.00  4.203e+02
  61700.00  4.183e+02
  61900.00  4.125e+02
  62100.00  4.096e+02
  62300.00  4.025e+02
  62500.00  3.962e+02
  62700.00  3.923e+02
  62900.00  3.886e+02
  63100.00  3.838e+02
  63300.00  3.824e+02
  63500.00  3.769e+02
  63700.00  3.754e+02
  63900.00  3.691e+02
  64200.00  3.635e+02
  64600.00  3.546e+02
  65000.00  3.472e+02
  65400.00  3.395e+02
  65800.00  3.331e+02
  66200.00  3.252e+02
  66600.00  3.184e+02
  67000.00  3.118e+02
  67400.00  3.044e+02
  67800.00  2.980e+02
  68200.00  2.915e+02
  68600.00  2.858e+02
  69000.00  2.792e+02
  69400.00  2.734e+02
  69800.00  2.676e+02
  70200.00  2.616e+02
  70600.00  2.565e+02
  71000.00  2.508e+02
  71400.00  2.458e+02
  71800.00  2.405e+02
  72200.00  2.355e+02
  72600.00  2.305e+02
  73000.00  2.258e+02
  73400.00  2.209e+02
  73800.00  2.165e+02
  74200.00  2.116e+02
  74600.00  2.073e+02
  75000.00  2.032e+02
  75400.00  1.989e+02
  75800.00  1.952e+02
  76200.00  1.912e+02
  76600.00  1.874e+02
  77000.00  1.835e+02
  77400.00  1.800e+02
  77800.00  1.764e+02
  78200.00  1.729e+02
  78600.00  1.695e+02
  79000.00  1.662e+02
  79400.00  1.629e+02
  79800.00  1.598e+02
  80200.00  1.565e+02
  80600.00  1.535e+02
  81000.00  1.507e+02
  81400.00  1.476e+02
  81800.00  1.450e+02
  82200.00  1.423e+02
  82600.00  1.395e+02
  83000.00  1.369e+02
  83400.00  1.343e+02
  83800.00  1.318e+02
  84200.00  1.295e+02
  84600.00  1.270e+02
  85000.00  1.247e+02
  85400.00  1.224e+02
  85800.00  1.202e+02
  86200.00  1.181e+02
  86600.00  1.160e+02
  87000.00  1.139e+02
  87400.00  1.118e+02
  87800.00  1.098e+02
  88200.00  1.078e+02
  88600.00  1.059e+02
  89000.00  1.040e+02
  89400.00  1.023e+02
  89800.00  1.004e+02
  90200.00  9.878e+01
  90600.00  9.713e+01
  91000.00  9.529e+01
  91400.00  9.376e+01
  91800.00  9.219e+01
  92200.00  9.067e+01
  92600.00  8.913e+01
  93000.00  8.765e+01
  93400.00  8.615e+01
  93800.00  8.474e+01
  94200.00  8.333e+01
  94600.00  8.192e+01
  95000.00  8.058e+01
  95400.00  7.926e+01
  95800.00  7.799e+01
  96200.00  7.670e+01
  96600.00  7.548e+01
  97000.00  7.426e+01
  97400.00  7.293e+01
  97800.00  7.185e+01
  98200.00  7.074e+01
  98600.00  6.963e+01
  99000.00  6.853e+01
  99400.00  6.743e+01
  99800.00  6.638e+01
 100200.00  6.534e+01
 200000.00  4.227e+00
 400000.00  2.650e-01
 600000.00  5.197e-02
 800000.00  1.631e-02
