     90.90  0.000e+00
     93.50  0.000e+00
     96.10  0.000e+00
     97.70  0.000e+00
     99.60  0.000e+00
    102.00  0.000e+00
    103.80  0.000e+00
    105.60  0.000e+00
    107.70  0.000e+00
    110.40  0.000e+00
    114.00  0.000e+00
    117.80  0.000e+00
    121.30  0.000e+00
    124.80  0.000e+00
    127.10  0.000e+00
    128.40  0.000e+00
    130.50  0.000e+00
    132.40  0.000e+00
    133.90  0.000e+00
    136.60  0.000e+00
    139.80  0.000e+00
    143.30  0.000e+00
    147.20  0.000e+00
    151.00  0.000e+00
    155.20  0.000e+00
    158.80  0.000e+00
    162.00  0.000e+00
    166.00  0.000e+00
    170.30  0.000e+00
    173.40  0.000e+00
    176.80  0.000e+00
    180.20  0.000e+00
    181.70  0.000e+00
    186.10  0.000e+00
    191.00  0.000e+00
    193.90  0.000e+00
    198.40  0.000e+00
    201.80  0.000e+00
    205.00  0.000e+00
    210.50  0.000e+00
    216.20  0.000e+00
    219.80  0.000e+00
    223.00  0.000e+00
    226.80  0.000e+00
    230.00  0.000e+00
    234.00  0.000e+00
    240.00  0.000e+00
    246.50  0.000e+00
    252.40  0.000e+00
    256.80  0.000e+00
    260.00  0.000e+00
    264.00  0.000e+00
    268.50  0.000e+00
    273.50  0.000e+00
    278.50  0.000e+00
    284.00  0.000e+00
    290.00  0.000e+00
    296.00  0.000e+00
    301.00  0.000e+00
    308.00  0.000e+00
    318.00  0.000e+00
    328.00  0.000e+00
    338.00  0.000e+00
    348.00  0.000e+00
    357.00  0.000e+00
    366.00  0.000e+00
    375.00  0.000e+00
    385.00  0.000e+00
    395.00  0.000e+00
    405.00  0.000e+00
    414.00  0.000e+00
    422.00  0.000e+00
    430.00  0.000e+00
    441.00  0.000e+00
    451.00  0.000e+00
    460.00  0.000e+00
    470.00  0.000e+00
    480.00  0.000e+00
    490.00  0.000e+00
    500.00  0.000e+00
    506.00  9.647e-14
    512.00  1.840e-13
    520.00  3.718e-13
    530.00  8.695e-13
    540.00  1.946e-12
    550.00  4.256e-12
    560.00  9.029e-12
    570.00  1.866e-11
    580.00  3.742e-11
    590.00  7.422e-11
    600.00  1.433e-10
    610.00  2.717e-10
    620.00  5.056e-10
    630.00  9.250e-10
    640.00  1.666e-09
    650.00  2.960e-09
    658.00  4.640e-09
    665.00  6.823e-09
    675.00  1.173e-08
    685.00  1.992e-08
    695.00  3.345e-08
    705.00  5.544e-08
    716.00  9.586e-08
    726.00  1.558e-07
    735.00  2.391e-07
    745.00  3.812e-07
    755.00  6.022e-07
    765.00  9.425e-07
    775.00  1.461e-06
    785.00  2.246e-06
    795.00  3.411e-06
    805.00  5.157e-06
    815.00  7.723e-06
    825.00  1.146e-05
    835.00  1.686e-05
    845.00  2.460e-05
    855.00  3.561e-05
    865.00  5.113e-05
    875.00  7.282e-05
    885.00  1.030e-04
    895.00  1.446e-04
    905.00  2.013e-04
    915.00  1.580e-02
    925.00  5.341e-02
    935.00  7.127e-02
    945.00  9.296e-02
    955.00  1.296e-01
    965.00  1.669e-01
    975.00  2.005e-01
    985.00  2.593e-01
    995.00  3.111e-01
   1005.00  4.174e-01
   1015.00  5.190e-01
   1025.00  5.489e-01
   1035.00  7.772e-01
   1045.00  9.623e-01
   1055.00  1.169e+00
   1065.00  1.376e+00
   1075.00  1.691e+00
   1085.00  2.042e+00
   1095.00  2.372e+00
   1105.00  1.444e+01
   1115.00  2.695e+01
   1125.00  3.644e+01
   1135.00  4.665e+01
   1145.00  5.682e+01
   1155.00  5.979e+01
   1165.00  7.837e+01
   1175.00  9.066e+01
   1185.00  9.063e+01
   1195.00  5.838e+01
   1205.00  6.012e+01
   1215.00  1.253e+01
   1225.00  7.149e+01
   1235.00  1.514e+02
   1245.00  3.666e+02
   1255.00  5.728e+02
   1265.00  5.724e+02
   1275.00  8.369e+02
   1285.00  1.143e+03
   1295.00  1.369e+03
   1305.00  1.235e+03
   1315.00  1.781e+03
   1325.00  2.070e+03
   1335.00  2.304e+03
   1345.00  2.828e+03
   1355.00  2.912e+03
   1365.00  3.249e+03
   1375.00  3.518e+03
   1385.00  3.667e+03
   1395.00  4.218e+03
   1405.00  4.668e+03
   1415.00  4.918e+03
   1425.00  5.471e+03
   1435.00  5.597e+03
   1442.00  6.634e+03
   1447.00  7.144e+03
   1455.00  7.933e+03
   1465.00  7.836e+03
   1475.00  8.583e+03
   1485.00  9.623e+03
   1495.00  1.093e+04
   1505.00  1.220e+04
   1512.00  1.231e+04
   1517.00  1.254e+04
   1525.00  3.096e+04
   1535.00  4.771e+04
   1545.00  6.967e+04
   1555.00  6.349e+04
   1565.00  5.796e+04
   1575.00  1.234e+05
   1585.00  1.536e+05
   1595.00  1.917e+05
   1605.00  1.759e+05
   1615.00  1.718e+05
   1625.00  1.207e+05
   1635.00  1.641e+05
   1645.00  2.714e+05
   1655.00  1.267e+05
   1665.00  2.772e+05
   1672.00  1.386e+05
   1677.00  8.291e+05
   1685.00  8.799e+05
   1695.00  6.079e+05
   1705.00  6.951e+05
   1715.00  9.405e+05
   1725.00  9.791e+05
   1735.00  1.167e+06
   1745.00  1.114e+06
   1755.00  1.332e+06
   1765.00  9.413e+05
   1775.00  1.234e+06
   1785.00  1.235e+06
   1795.00  1.614e+06
   1805.00  1.415e+06
   1815.00  1.494e+06
   1825.00  1.370e+06
   1835.00  1.233e+06
   1845.00  1.013e+06
   1855.00  1.249e+06
   1865.00  1.495e+06
   1875.00  1.397e+06
   1885.00  1.448e+06
   1895.00  1.596e+06
   1905.00  1.470e+06
   1915.00  1.618e+06
   1925.00  1.520e+06
   1935.00  1.025e+06
   1945.00  1.726e+06
   1955.00  1.754e+06
   1967.00  1.991e+06
   1976.00  1.913e+06
   1984.00  1.881e+06
   1995.00  1.832e+06
   2005.00  1.664e+06
   2015.00  1.669e+06
   2025.00  1.511e+06
   2035.00  1.781e+06
   2045.00  1.968e+06
   2055.00  1.893e+06
   2065.00  1.790e+06
   2074.00  2.127e+06
   2078.00  2.294e+06
   2085.00  2.212e+06
   2095.00  2.074e+06
   2105.00  1.856e+06
   2115.00  1.925e+06
   2125.00  1.980e+06
   2135.00  1.591e+06
   2145.00  1.922e+06
   2155.00  1.911e+06
   2165.00  1.736e+06
   2175.00  1.731e+06
   2185.00  1.867e+06
   2195.00  2.025e+06
   2205.00  1.898e+06
   2215.00  1.649e+06
   2225.00  1.629e+06
   2235.00  1.986e+06
   2245.00  1.784e+06
   2255.00  1.597e+06
   2265.00  1.594e+06
   2275.00  1.722e+06
   2285.00  1.898e+06
   2295.00  1.679e+06
   2305.00  1.790e+06
   2315.00  1.688e+06
   2325.00  1.158e+06
   2335.00  1.368e+06
   2345.00  1.065e+06
   2355.00  1.615e+06
   2365.00  1.134e+06
   2375.00  1.379e+06
   2385.00  9.437e+05
   2395.00  1.144e+06
   2405.00  1.125e+06
   2415.00  1.162e+06
   2425.00  1.531e+06
   2435.00  1.461e+06
   2445.00  1.635e+06
   2455.00  1.626e+06
   2465.00  1.634e+06
   2475.00  1.459e+06
   2485.00  1.441e+06
   2495.00  1.350e+06
   2505.00  1.779e+06
   2513.00  1.240e+06
   2518.00  1.041e+06
   2525.00  1.021e+06
   2535.00  1.098e+06
   2545.00  1.147e+06
   2555.00  1.419e+06
   2565.00  1.317e+06
   2575.00  1.519e+06
   2585.00  1.527e+06
   2595.00  1.470e+06
   2605.00  1.365e+06
   2615.00  1.240e+06
   2625.00  1.592e+06
   2635.00  1.688e+06
   2645.00  2.075e+06
   2655.00  2.190e+06
   2665.00  1.767e+06
   2675.00  1.976e+06
   2685.00  1.985e+06
   2695.00  1.763e+06
   2705.00  1.904e+06
   2715.00  1.690e+06
   2725.00  1.725e+06
   2735.00  1.908e+06
   2745.00  1.325e+06
   2755.00  1.464e+06
   2765.00  1.590e+06
   2775.00  1.734e+06
   2785.00  1.309e+06
   2795.00  5.828e+05
   2805.00  7.261e+05
   2815.00  1.664e+06
   2825.00  2.021e+06
   2835.00  1.974e+06
   2845.00  1.885e+06
   2855.00  1.700e+06
   2865.00  2.061e+06
   2875.00  2.039e+06
   2885.00  2.030e+06
   2895.00  1.944e+06
   2910.00  2.282e+06
   2930.00  2.144e+06
   2950.00  2.117e+06
   2970.00  2.194e+06
   2990.00  2.240e+06
   3010.00  2.289e+06
   3030.00  2.251e+06
   3050.00  2.263e+06
   3070.00  2.294e+06
   3090.00  2.330e+06
   3110.00  2.260e+06
   3130.00  2.251e+06
   3150.00  2.301e+06
   3170.00  2.291e+06
   3190.00  2.118e+06
   3210.00  2.214e+06
   3230.00  2.083e+06
   3250.00  2.184e+06
   3270.00  2.268e+06
   3290.00  2.260e+06
   3310.00  2.315e+06
   3330.00  2.264e+06
   3350.00  2.239e+06
   3370.00  2.203e+06
   3390.00  2.204e+06
   3410.00  2.195e+06
   3430.00  2.199e+06
   3450.00  2.195e+06
   3470.00  2.172e+06
   3490.00  2.180e+06
   3510.00  2.218e+06
   3530.00  2.185e+06
   3550.00  2.258e+06
   3570.00  2.140e+06
   3590.00  2.107e+06
   3610.00  2.121e+06
   3630.00  2.134e+06
   3640.00  2.133e+06
   3650.00  2.238e+06
   3670.00  2.159e+06
   3690.00  1.956e+06
   3710.00  2.059e+06
   3730.00  2.053e+06
   3750.00  2.451e+06
   3770.00  2.583e+06
   3790.00  3.067e+06
   3810.00  3.531e+06
   3830.00  2.831e+06
   3850.00  3.902e+06
   3870.00  4.339e+06
   3890.00  2.652e+06
   3910.00  4.261e+06
   3930.00  2.991e+06
   3950.00  3.944e+06
   3970.00  2.297e+06
   3990.00  4.231e+06
   4010.00  4.818e+06
   4030.00  4.873e+06
   4050.00  4.795e+06
   4070.00  4.555e+06
   4090.00  3.678e+06
   4110.00  2.888e+06
   4130.00  4.385e+06
   4150.00  4.691e+06
   4170.00  4.713e+06
   4190.00  4.664e+06
   4210.00  4.663e+06
   4230.00  4.521e+06
   4250.00  4.552e+06
   4270.00  4.386e+06
   4290.00  4.400e+06
   4310.00  4.005e+06
   4330.00  3.187e+06
   4350.00  2.749e+06
   4370.00  4.092e+06
   4390.00  4.241e+06
   4410.00  4.210e+06
   4430.00  4.155e+06
   4450.00  4.210e+06
   4470.00  4.199e+06
   4490.00  4.141e+06
   4510.00  4.259e+06
   4530.00  4.092e+06
   4550.00  4.049e+06
   4570.00  4.156e+06
   4590.00  4.009e+06
   4610.00  4.051e+06
   4630.00  3.943e+06
   4650.00  3.960e+06
   4670.00  3.958e+06
   4690.00  3.832e+06
   4710.00  3.666e+06
   4730.00  3.827e+06
   4750.00  3.807e+06
   4770.00  3.752e+06
   4790.00  3.697e+06
   4810.00  3.598e+06
   4830.00  3.409e+06
   4850.00  2.661e+06
   4870.00  2.160e+06
   4890.00  3.183e+06
   4910.00  3.384e+06
   4930.00  3.371e+06
   4950.00  3.434e+06
   4970.00  3.451e+06
   4990.00  3.325e+06
   5010.00  3.230e+06
   5030.00  3.310e+06
   5050.00  3.249e+06
   5070.00  3.292e+06
   5090.00  3.245e+06
   5110.00  3.241e+06
   5130.00  3.178e+06
   5150.00  3.105e+06
   5170.00  3.039e+06
   5190.00  3.013e+06
   5210.00  3.026e+06
   5230.00  3.002e+06
   5250.00  3.045e+06
   5270.00  2.874e+06
   5290.00  2.973e+06
   5310.00  2.946e+06
   5330.00  2.843e+06
   5350.00  2.899e+06
   5370.00  2.857e+06
   5390.00  2.833e+06
   5410.00  2.772e+06
   5430.00  2.787e+06
   5450.00  2.789e+06
   5470.00  2.751e+06
   5490.00  2.747e+06
   5510.00  2.727e+06
   5530.00  2.689e+06
   5550.00  2.685e+06
   5570.00  2.635e+06
   5590.00  2.615e+06
   5610.00  2.606e+06
   5630.00  2.599e+06
   5650.00  2.578e+06
   5670.00  2.534e+06
   5690.00  2.532e+06
   5710.00  2.505e+06
   5730.00  2.519e+06
   5750.00  2.475e+06
   5770.00  2.464e+06
   5790.00  2.438e+06
   5810.00  2.423e+06
   5830.00  2.409e+06
   5850.00  2.381e+06
   5870.00  2.360e+06
   5890.00  2.309e+06
   5910.00  2.320e+06
   5930.00  2.303e+06
   5950.00  2.285e+06
   5970.00  2.267e+06
   5990.00  2.241e+06
   6010.00  2.210e+06
   6030.00  2.200e+06
   6050.00  2.192e+06
   6070.00  2.181e+06
   6090.00  2.153e+06
   6110.00  2.131e+06
   6130.00  2.091e+06
   6150.00  2.061e+06
   6170.00  2.057e+06
   6190.00  2.071e+06
   6210.00  2.053e+06
   6230.00  2.023e+06
   6250.00  1.975e+06
   6270.00  2.005e+06
   6290.00  1.990e+06
   6310.00  1.956e+06
   6330.00  1.945e+06
   6350.00  1.917e+06
   6370.00  1.906e+06
   6390.00  1.900e+06
   6410.00  1.866e+06
   6430.00  1.860e+06
   6450.00  1.829e+06
   6470.00  1.823e+06
   6490.00  1.786e+06
   6510.00  1.762e+06
   6530.00  1.685e+06
   6550.00  1.439e+06
   6570.00  1.157e+06
   6590.00  1.577e+06
   6610.00  1.682e+06
   6630.00  1.703e+06
   6650.00  1.702e+06
   6670.00  1.693e+06
   6690.00  1.688e+06
   6710.00  1.676e+06
   6730.00  1.663e+06
   6750.00  1.647e+06
   6770.00  1.643e+06
   6790.00  1.629e+06
   6810.00  1.616e+06
   6830.00  1.602e+06
   6850.00  1.587e+06
   6870.00  1.580e+06
   6890.00  1.569e+06
   6910.00  1.556e+06
   6930.00  1.544e+06
   6950.00  1.532e+06
   6970.00  1.519e+06
   6990.00  1.511e+06
   7010.00  1.486e+06
   7030.00  1.482e+06
   7050.00  1.474e+06
   7070.00  1.463e+06
   7090.00  1.453e+06
   7110.00  1.415e+06
   7130.00  1.421e+06
   7150.00  1.414e+06
   7170.00  1.401e+06
   7190.00  1.388e+06
   7210.00  1.382e+06
   7230.00  1.372e+06
   7250.00  1.360e+06
   7270.00  1.356e+06
   7290.00  1.337e+06
   7310.00  1.332e+06
   7330.00  1.322e+06
   7350.00  1.317e+06
   7370.00  1.308e+06
   7390.00  1.290e+06
   7410.00  1.269e+06
   7430.00  1.266e+06
   7450.00  1.261e+06
   7470.00  1.248e+06
   7490.00  1.241e+06
   7510.00  1.237e+06
   7530.00  1.230e+06
   7550.00  1.225e+06
   7570.00  1.214e+06
   7590.00  1.205e+06
   7610.00  1.196e+06
   7630.00  1.189e+06
   7650.00  1.178e+06
   7670.00  1.161e+06
   7690.00  1.159e+06
   7710.00  1.149e+06
   7730.00  1.146e+06
   7750.00  1.135e+06
   7770.00  1.106e+06
   7790.00  1.124e+06
   7810.00  1.114e+06
   7830.00  1.101e+06
   7850.00  1.090e+06
   7870.00  1.086e+06
   7890.00  1.077e+06
   7910.00  1.068e+06
   7930.00  1.058e+06
   7950.00  1.050e+06
   7970.00  1.054e+06
   7990.00  1.038e+06
   8010.00  1.035e+06
   8030.00  1.027e+06
   8050.00  1.020e+06
   8070.00  1.015e+06
   8090.00  1.006e+06
   8110.00  1.003e+06
   8130.00  9.974e+05
   8150.00  9.900e+05
   8170.00  9.833e+05
   8190.00  9.614e+05
   8210.00  9.597e+05
   8230.00  9.527e+05
   8250.00  9.489e+05
   8270.00  9.529e+05
   8290.00  9.456e+05
   8310.00  9.360e+05
   8330.00  9.207e+05
   8350.00  9.209e+05
   8370.00  9.150e+05
   8390.00  8.997e+05
   8410.00  8.936e+05
   8430.00  8.824e+05
   8450.00  8.645e+05
   8470.00  8.573e+05
   8490.00  8.586e+05
   8510.00  8.178e+05
   8530.00  8.569e+05
   8550.00  7.746e+05
   8570.00  8.615e+05
   8590.00  8.088e+05
   8610.00  7.959e+05
   8630.00  8.574e+05
   8650.00  8.231e+05
   8670.00  7.049e+05
   8690.00  8.207e+05
   8710.00  8.517e+05
   8730.00  8.170e+05
   8750.00  6.885e+05
   8770.00  7.879e+05
   8790.00  8.379e+05
   8810.00  8.385e+05
   8830.00  8.119e+05
   8850.00  7.416e+05
   8870.00  6.505e+05
   8890.00  7.832e+05
   8910.00  8.131e+05
   8930.00  8.163e+05
   8950.00  8.199e+05
   8970.00  8.023e+05
   8990.00  7.646e+05
   9010.00  6.269e+05
   9030.00  6.815e+05
   9050.00  7.648e+05
   9070.00  7.677e+05
   9090.00  7.612e+05
   9110.00  7.793e+05
   9130.00  7.826e+05
   9150.00  7.781e+05
   9170.00  7.646e+05
   9190.00  7.415e+05
   9210.00  6.867e+05
   9230.00  5.530e+05
   9250.00  6.620e+05
   9270.00  7.060e+05
   9290.00  7.365e+05
   9310.00  7.409e+05
   9330.00  7.382e+05
   9350.00  7.362e+05
   9370.00  7.337e+05
   9390.00  7.249e+05
   9410.00  6.985e+05
   9430.00  7.127e+05
   9450.00  7.073e+05
   9470.00  7.030e+05
   9490.00  6.917e+05
   9510.00  6.675e+05
   9530.00  6.131e+05
   9550.00  5.024e+05
   9570.00  6.164e+05
   9590.00  6.559e+05
   9610.00  6.622e+05
   9630.00  6.585e+05
   9650.00  6.656e+05
   9670.00  6.572e+05
   9690.00  6.572e+05
   9710.00  6.611e+05
   9730.00  6.565e+05
   9750.00  6.488e+05
   9770.00  6.494e+05
   9790.00  6.456e+05
   9810.00  6.414e+05
   9830.00  6.364e+05
   9850.00  6.292e+05
   9870.00  6.249e+05
   9890.00  6.185e+05
   9910.00  6.157e+05
   9930.00  6.131e+05
   9950.00  6.083e+05
   9970.00  6.033e+05
   9990.00  5.933e+05
  10025.00  5.367e+05
  10075.00  5.106e+05
  10125.00  5.682e+05
  10175.00  5.698e+05
  10225.00  5.656e+05
  10275.00  5.591e+05
  10325.00  5.494e+05
  10375.00  5.420e+05
  10425.00  5.338e+05
  10475.00  5.208e+05
  10525.00  5.156e+05
  10575.00  5.097e+05
  10625.00  5.018e+05
  10675.00  4.850e+05
  10725.00  4.838e+05
  10775.00  4.771e+05
  10825.00  4.680e+05
  10875.00  4.527e+05
  10925.00  3.824e+05
  10975.00  4.156e+05
  11025.00  4.416e+05
  11075.00  4.413e+05
  11125.00  4.354e+05
  11175.00  4.303e+05
  11225.00  4.255e+05
  11275.00  4.116e+05
  11325.00  4.069e+05
  11375.00  4.059e+05
  11425.00  3.979e+05
  11475.00  3.974e+05
  11525.00  3.924e+05
  11575.00  3.864e+05
  11625.00  3.765e+05
  11675.00  3.694e+05
  11725.00  3.717e+05
  11775.00  3.588e+05
  11825.00  3.577e+05
  11875.00  3.506e+05
  11925.00  3.529e+05
  11975.00  3.437e+05
  12025.00  3.419e+05
  12075.00  3.361e+05
  12125.00  3.325e+05
  12175.00  3.297e+05
  12225.00  3.248e+05
  12275.00  3.201e+05
  12325.00  3.161e+05
  12375.00  3.126e+05
  12425.00  3.093e+05
  12475.00  3.047e+05
  12525.00  3.004e+05
  12575.00  2.943e+05
  12625.00  2.914e+05
  12675.00  2.878e+05
  12725.00  2.819e+05
  12775.00  2.666e+05
  12825.00  2.261e+05
  12875.00  2.628e+05
  12925.00  2.684e+05
  12975.00  2.675e+05
  13025.00  2.649e+05
  13075.00  2.625e+05
  13125.00  2.587e+05
  13175.00  2.547e+05
  13225.00  2.531e+05
  13275.00  2.498e+05
  13325.00  2.470e+05
  13375.00  2.438e+05
  13425.00  2.410e+05
  13475.00  2.380e+05
  13525.00  2.345e+05
  13575.00  2.312e+05
  13625.00  2.294e+05
  13675.00  2.263e+05
  13725.00  2.216e+05
  13775.00  2.206e+05
  13825.00  2.181e+05
  13875.00  2.164e+05
  13925.00  2.127e+05
  13975.00  2.109e+05
  14025.00  2.084e+05
  14075.00  2.063e+05
  14125.00  2.032e+05
  14175.00  2.013e+05
  14225.00  1.984e+05
  14275.00  1.958e+05
  14325.00  1.942e+05
  14375.00  1.924e+05
  14425.00  1.858e+05
  14475.00  1.876e+05
  14525.00  1.833e+05
  14570.00  1.833e+05
  14620.00  1.842e+05
  14675.00  1.870e+05
  14725.00  1.834e+05
  14775.00  1.797e+05
  14825.00  1.774e+05
  14875.00  1.733e+05
  14925.00  1.726e+05
  14975.00  1.689e+05
  15025.00  1.657e+05
  15075.00  1.628e+05
  15125.00  1.616e+05
  15175.00  1.594e+05
  15225.00  1.567e+05
  15275.00  1.550e+05
  15325.00  1.524e+05
  15375.00  1.512e+05
  15425.00  1.477e+05
  15475.00  1.474e+05
  15525.00  1.453e+05
  15575.00  1.422e+05
  15625.00  1.443e+05
  15675.00  1.392e+05
  15725.00  1.367e+05
  15775.00  1.392e+05
  15825.00  1.377e+05
  15875.00  1.281e+05
  15925.00  1.334e+05
  15975.00  1.366e+05
  16050.00  1.307e+05
  16150.00  1.237e+05
  16250.00  1.291e+05
  16350.00  1.215e+05
  16450.00  1.144e+05
  16550.00  1.213e+05
  16650.00  1.191e+05
  16750.00  1.109e+05
  16850.00  1.038e+05
  16950.00  1.115e+05
  17050.00  1.094e+05
  17150.00  1.075e+05
  17250.00  1.030e+05
  17350.00  9.024e+04
  17450.00  9.699e+04
  17550.00  9.799e+04
  17650.00  9.626e+04
  17750.00  9.468e+04
  17850.00  9.263e+04
  17950.00  9.093e+04
  18050.00  8.763e+04
  18150.00  7.728e+04
  18250.00  8.156e+04
  18350.00  8.330e+04
  18450.00  8.189e+04
  18550.00  8.001e+04
  18650.00  7.732e+04
  18750.00  6.752e+04
  18850.00  7.381e+04
  18950.00  7.347e+04
  19050.00  7.302e+04
  19150.00  7.154e+04
  19250.00  6.992e+04
  19350.00  6.725e+04
  19450.00  5.908e+04
  19550.00  6.479e+04
  19650.00  6.482e+04
  19750.00  6.370e+04
  19850.00  6.279e+04
  19950.00  6.164e+04
  20050.00  6.055e+04
  20150.00  5.949e+04
  20250.00  5.829e+04
  20350.00  5.713e+04
  20450.00  5.629e+04
  20550.00  5.525e+04
  20650.00  5.411e+04
  20750.00  5.321e+04
  20850.00  5.228e+04
  20950.00  5.130e+04
  21050.00  5.043e+04
  21150.00  4.940e+04
  21250.00  4.852e+04
  21350.00  4.764e+04
  21450.00  4.678e+04
  21550.00  4.527e+04
  21650.00  3.999e+04
  21750.00  4.325e+04
  21850.00  4.352e+04
  21950.00  4.309e+04
  22050.00  4.230e+04
  22150.00  4.158e+04
  22250.00  4.102e+04
  22350.00  4.033e+04
  22450.00  3.965e+04
  22550.00  3.887e+04
  22650.00  3.832e+04
  22750.00  3.770e+04
  22850.00  3.718e+04
  22950.00  3.698e+04
  23050.00  3.645e+04
  23150.00  3.577e+04
  23250.00  3.516e+04
  23350.00  3.450e+04
  23450.00  3.392e+04
  23550.00  3.332e+04
  23650.00  3.275e+04
  23750.00  3.216e+04
  23850.00  3.161e+04
  23950.00  3.108e+04
  24050.00  3.056e+04
  24150.00  3.004e+04
  24250.00  2.956e+04
  24350.00  2.908e+04
  24450.00  2.859e+04
  24550.00  2.816e+04
  24650.00  2.769e+04
  24750.00  2.730e+04
  24850.00  2.689e+04
  24950.00  2.634e+04
  25050.00  2.645e+04
  25150.00  2.585e+04
  25250.00  2.506e+04
  25350.00  2.498e+04
  25450.00  2.475e+04
  25550.00  2.417e+04
  25650.00  2.337e+04
  25750.00  2.356e+04
  25850.00  2.331e+04
  25950.00  2.300e+04
  26050.00  2.228e+04
  26150.00  2.131e+04
  26250.00  1.968e+04
  26350.00  2.120e+04
  26450.00  2.137e+04
  26550.00  2.110e+04
  26650.00  2.054e+04
  26750.00  1.951e+04
  26850.00  2.003e+04
  26950.00  2.002e+04
  27050.00  1.980e+04
  27150.00  1.954e+04
  27250.00  1.926e+04
  27350.00  1.896e+04
  27450.00  1.854e+04
  27550.00  1.737e+04
  27650.00  1.760e+04
  27750.00  1.787e+04
  27850.00  1.772e+04
  27950.00  1.754e+04
  28050.00  1.731e+04
  28150.00  1.708e+04
  28250.00  1.684e+04
  28350.00  1.661e+04
  28450.00  1.632e+04
  28550.00  1.605e+04
  28650.00  1.545e+04
  28750.00  1.451e+04
  28850.00  1.528e+04
  28950.00  1.526e+04
  29050.00  1.512e+04
  29150.00  1.491e+04
  29250.00  1.474e+04
  29350.00  1.456e+04
  29450.00  1.437e+04
  29550.00  1.419e+04
  29650.00  1.401e+04
  29750.00  1.383e+04
  29850.00  1.365e+04
  29950.00  1.347e+04
  30050.00  1.328e+04
  30150.00  1.307e+04
  30250.00  1.280e+04
  30350.00  1.189e+04
  30450.00  1.201e+04
  30550.00  1.236e+04
  30650.00  1.229e+04
  30750.00  1.218e+04
  30850.00  1.201e+04
  30950.00  1.187e+04
  31050.00  1.173e+04
  31150.00  1.155e+04
  31250.00  1.143e+04
  31350.00  1.130e+04
  31450.00  1.116e+04
  31550.00  1.103e+04
  31650.00  1.091e+04
  31750.00  1.076e+04
  31850.00  1.065e+04
  31950.00  1.052e+04
  32100.00  1.033e+04
  32300.00  1.009e+04
  32500.00  9.852e+03
  32700.00  9.578e+03
  32900.00  8.835e+03
  33100.00  9.011e+03
  33300.00  8.984e+03
  33500.00  8.806e+03
  33700.00  8.581e+03
  33900.00  8.381e+03
  34100.00  8.190e+03
  34300.00  8.014e+03
  34500.00  7.842e+03
  34700.00  7.662e+03
  34900.00  7.493e+03
  35100.00  7.327e+03
  35300.00  7.163e+03
  35500.00  7.008e+03
  35700.00  6.850e+03
  35900.00  6.705e+03
  36100.00  6.560e+03
  36300.00  6.425e+03
  36500.00  6.279e+03
  36700.00  6.158e+03
  36900.00  5.993e+03
  37100.00  5.884e+03
  37300.00  5.604e+03
  37500.00  5.417e+03
  37700.00  5.537e+03
  37900.00  5.444e+03
  38100.00  5.298e+03
  38300.00  5.204e+03
  38500.00  5.137e+03
  38700.00  5.029e+03
  38900.00  4.910e+03
  39100.00  4.766e+03
  39300.00  4.738e+03
  39500.00  4.661e+03
  39700.00  4.575e+03
  39900.00  4.476e+03
  40100.00  4.329e+03
  40300.00  4.230e+03
  40500.00  4.008e+03
  40700.00  4.121e+03
  40900.00  4.067e+03
  41100.00  4.001e+03
  41300.00  3.923e+03
  41500.00  3.827e+03
  41700.00  3.671e+03
  41900.00  3.684e+03
  42100.00  3.634e+03
  42300.00  3.580e+03
  42500.00  3.514e+03
  42700.00  3.452e+03
  42900.00  3.390e+03
  43100.00  3.328e+03
  43300.00  3.268e+03
  43500.00  3.197e+03
  43700.00  3.052e+03
  43900.00  3.053e+03
  44100.00  3.036e+03
  44300.00  2.991e+03
  44500.00  2.939e+03
  44700.00  2.896e+03
  44900.00  2.845e+03
  45100.00  2.798e+03
  45300.00  2.750e+03
  45500.00  2.703e+03
  45700.00  2.656e+03
  45900.00  2.611e+03
  46100.00  2.565e+03
  46300.00  2.508e+03
  46500.00  2.340e+03
  46700.00  2.323e+03
  46900.00  2.374e+03
  47100.00  2.357e+03
  47300.00  2.324e+03
  47500.00  2.285e+03
  47700.00  2.248e+03
  47900.00  2.213e+03
  48100.00  2.177e+03
  48300.00  2.142e+03
  48500.00  2.108e+03
  48700.00  2.075e+03
  48900.00  2.042e+03
  49100.00  2.009e+03
  49300.00  1.978e+03
  49500.00  1.947e+03
  49700.00  1.916e+03
  49900.00  1.887e+03
  50100.00  1.857e+03
  50300.00  1.829e+03
  50500.00  1.801e+03
  50700.00  1.773e+03
  50900.00  1.744e+03
  51100.00  1.702e+03
  51300.00  1.610e+03
  51500.00  1.656e+03
  51700.00  1.642e+03
  51900.00  1.619e+03
  52100.00  1.594e+03
  52300.00  1.571e+03
  52500.00  1.548e+03
  52700.00  1.525e+03
  52900.00  1.502e+03
  53100.00  1.480e+03
  53300.00  1.459e+03
  53500.00  1.438e+03
  53700.00  1.416e+03
  53900.00  1.396e+03
  54100.00  1.376e+03
  54300.00  1.356e+03
  54500.00  1.337e+03
  54700.00  1.317e+03
  54900.00  1.300e+03
  55100.00  1.281e+03
  55300.00  1.263e+03
  55500.00  1.246e+03
  55700.00  1.228e+03
  55900.00  1.210e+03
  56100.00  1.194e+03
  56300.00  1.178e+03
  56500.00  1.162e+03
  56700.00  1.146e+03
  56900.00  1.130e+03
  57100.00  1.115e+03
  57300.00  1.099e+03
  57500.00  1.085e+03
  57700.00  1.070e+03
  57900.00  1.055e+03
  58100.00  1.041e+03
  58300.00  1.028e+03
  58500.00  1.015e+03
  58700.00  9.996e+02
  58900.00  9.767e+02
  59100.00  9.250e+02
  59300.00  9.550e+02
  59500.00  9.475e+02
  59700.00  9.373e+02
  59900.00  9.250e+02
  60100.00  9.128e+02
  60300.00  9.013e+02
  60500.00  8.897e+02
  60700.00  8.782e+02
  60900.00  8.668e+02
  61100.00  8.552e+02
  61300.00  8.450e+02
  61500.00  8.343e+02
  61700.00  8.238e+02
  61900.00  8.133e+02
  62100.00  8.032e+02
  62300.00  7.926e+02
  62500.00  7.830e+02
  62700.00  7.732e+02
  62900.00  7.639e+02
  63100.00  7.541e+02
  63300.00  7.450e+02
  63500.00  7.358e+02
  63700.00  7.269e+02
  63900.00  7.180e+02
  64200.00  7.050e+02
  64600.00  6.879e+02
  65000.00  6.714e+02
  65400.00  6.556e+02
  65800.00  6.401e+02
  66200.00  6.249e+02
  66600.00  6.104e+02
  67000.00  5.962e+02
  67400.00  5.824e+02
  67800.00  5.691e+02
  68200.00  5.561e+02
  68600.00  5.434e+02
  69000.00  5.310e+02
  69400.00  5.191e+02
  69800.00  5.075e+02
  70200.00  4.962e+02
  70600.00  4.853e+02
  71000.00  4.747e+02
  71400.00  4.643e+02
  71800.00  4.542e+02
  72200.00  4.442e+02
  72600.00  4.348e+02
  73000.00  4.256e+02
  73400.00  4.165e+02
  73800.00  4.077e+02
  74200.00  3.982e+02
  74600.00  3.784e+02
  75000.00  3.702e+02
  75400.00  3.737e+02
  75800.00  3.670e+02
  76200.00  3.595e+02
  76600.00  3.522e+02
  77000.00  3.450e+02
  77400.00  3.381e+02
  77800.00  3.313e+02
  78200.00  3.247e+02
  78600.00  3.183e+02
  79000.00  3.120e+02
  79400.00  3.058e+02
  79800.00  2.998e+02
  80200.00  2.940e+02
  80600.00  2.882e+02
  81000.00  2.827e+02
  81400.00  2.772e+02
  81800.00  2.719e+02
  82200.00  2.668e+02
  82600.00  2.617e+02
  83000.00  2.568e+02
  83400.00  2.519e+02
  83800.00  2.472e+02
  84200.00  2.426e+02
  84600.00  2.382e+02
  85000.00  2.338e+02
  85400.00  2.295e+02
  85800.00  2.253e+02
  86200.00  2.212e+02
  86600.00  2.172e+02
  87000.00  2.133e+02
  87400.00  2.095e+02
  87800.00  2.057e+02
  88200.00  2.020e+02
  88600.00  1.985e+02
  89000.00  1.950e+02
  89400.00  1.916e+02
  89800.00  1.882e+02
  90200.00  1.850e+02
  90600.00  1.818e+02
  91000.00  1.786e+02
  91400.00  1.756e+02
  91800.00  1.726e+02
  92200.00  1.696e+02
  92600.00  1.668e+02
  93000.00  1.639e+02
  93400.00  1.612e+02
  93800.00  1.585e+02
  94200.00  1.558e+02
  94600.00  1.533e+02
  95000.00  1.507e+02
  95400.00  1.482e+02
  95800.00  1.458e+02
  96200.00  1.434e+02
  96600.00  1.411e+02
  97000.00  1.388e+02
  97400.00  1.366e+02
  97800.00  1.344e+02
  98200.00  1.322e+02
  98600.00  1.301e+02
  99000.00  1.281e+02
  99400.00  1.260e+02
  99800.00  1.240e+02
 100200.00  1.221e+02
 200000.00  7.828e+00
 400000.00  4.876e-01
 600000.00  9.555e-02
 800000.00  3.001e-02
