     90.90  0.000e+00
     93.50  0.000e+00
     96.10  0.000e+00
     97.70  0.000e+00
     99.60  0.000e+00
    102.00  0.000e+00
    103.80  0.000e+00
    105.60  0.000e+00
    107.70  0.000e+00
    110.40  0.000e+00
    114.00  0.000e+00
    117.80  0.000e+00
    121.30  0.000e+00
    124.80  0.000e+00
    127.10  0.000e+00
    128.40  0.000e+00
    130.50  0.000e+00
    132.40  0.000e+00
    133.90  0.000e+00
    136.60  0.000e+00
    139.80  0.000e+00
    143.30  0.000e+00
    147.20  0.000e+00
    151.00  0.000e+00
    155.20  0.000e+00
    158.80  0.000e+00
    162.00  0.000e+00
    166.00  0.000e+00
    170.30  0.000e+00
    173.40  0.000e+00
    176.80  0.000e+00
    180.20  0.000e+00
    181.70  0.000e+00
    186.10  0.000e+00
    191.00  0.000e+00
    193.90  0.000e+00
    198.40  0.000e+00
    201.80  0.000e+00
    205.00  0.000e+00
    210.50  0.000e+00
    216.20  0.000e+00
    219.80  0.000e+00
    223.00  0.000e+00
    226.80  0.000e+00
    230.00  0.000e+00
    234.00  0.000e+00
    240.00  0.000e+00
    246.50  0.000e+00
    252.40  0.000e+00
    256.80  0.000e+00
    260.00  0.000e+00
    264.00  0.000e+00
    268.50  0.000e+00
    273.50  0.000e+00
    278.50  0.000e+00
    284.00  0.000e+00
    290.00  0.000e+00
    296.00  0.000e+00
    301.00  0.000e+00
    308.00  0.000e+00
    318.00  0.000e+00
    328.00  0.000e+00
    338.00  0.000e+00
    348.00  0.000e+00
    357.00  0.000e+00
    366.00  0.000e+00
    375.00  0.000e+00
    385.00  0.000e+00
    395.00  0.000e+00
    405.00  0.000e+00
    414.00  0.000e+00
    422.00  0.000e+00
    430.00  0.000e+00
    441.00  0.000e+00
    451.00  0.000e+00
    460.00  0.000e+00
    470.00  0.000e+00
    480.00  0.000e+00
    490.00  0.000e+00
    500.00  0.000e+00
    506.00  0.000e+00
    512.00  0.000e+00
    520.00  0.000e+00
    530.00  0.000e+00
    540.00  0.000e+00
    550.00  0.000e+00
    560.00  0.000e+00
    570.00  0.000e+00
    580.00  0.000e+00
    590.00  0.000e+00
    600.00  0.000e+00
    610.00  0.000e+00
    620.00  0.000e+00
    630.00  0.000e+00
    640.00  0.000e+00
    650.00  0.000e+00
    658.00  0.000e+00
    665.00  0.000e+00
    675.00  0.000e+00
    685.00  0.000e+00
    695.00  0.000e+00
    705.00  0.000e+00
    716.00  0.000e+00
    726.00  0.000e+00
    735.00  0.000e+00
    745.00  0.000e+00
    755.00  0.000e+00
    765.00  0.000e+00
    775.00  0.000e+00
    785.00  0.000e+00
    795.00  0.000e+00
    805.00  0.000e+00
    815.00  0.000e+00
    825.00  0.000e+00
    835.00  0.000e+00
    845.00  0.000e+00
    855.00  0.000e+00
    865.00  0.000e+00
    875.00  0.000e+00
    885.00  0.000e+00
    895.00  0.000e+00
    905.00  0.000e+00
    915.00  0.000e+00
    925.00  4.124e-15
    935.00  6.041e-15
    945.00  9.434e-15
    955.00  1.307e-14
    965.00  2.694e-14
    975.00  3.641e-14
    985.00  6.124e-14
    995.00  1.107e-13
   1005.00  1.612e-13
   1015.00  2.445e-13
   1025.00  3.416e-13
   1035.00  8.850e-13
   1045.00  1.327e-12
   1055.00  1.498e-12
   1065.00  3.549e-12
   1075.00  5.277e-12
   1085.00  9.547e-12
   1095.00  1.321e-11
   1105.00  1.859e-11
   1115.00  2.569e-11
   1125.00  5.584e-11
   1135.00  9.964e-11
   1145.00  1.593e-10
   1155.00  2.314e-10
   1165.00  3.096e-10
   1175.00  4.828e-10
   1185.00  6.136e-10
   1195.00  7.381e-10
   1205.00  6.530e-10
   1215.00  1.142e-10
   1225.00  1.071e-09
   1235.00  2.887e-09
   1245.00  4.388e-09
   1255.00  6.137e-09
   1265.00  7.872e-09
   1275.00  1.085e-08
   1285.00  1.125e-08
   1295.00  1.464e-08
   1305.00  1.839e-08
   1315.00  2.416e-08
   1325.00  2.733e-08
   1335.00  3.073e-08
   1345.00  4.196e-08
   1355.00  5.607e-08
   1365.00  6.195e-08
   1375.00  6.773e-08
   1385.00  7.951e-08
   1395.00  9.183e-08
   1405.00  1.312e-07
   1415.00  1.657e-07
   1425.00  1.928e-07
   1435.00  2.687e-07
   1442.00  3.935e-07
   1447.00  3.270e-07
   1455.00  3.962e-07
   1465.00  6.131e-07
   1475.00  7.496e-07
   1485.00  7.943e-07
   1495.00  1.230e-06
   1505.00  1.744e-06
   1512.00  9.472e-07
   1517.00  1.587e-06
   1525.00  2.844e-06
   1535.00  4.000e-06
   1545.00  2.736e-06
   1555.00  4.616e-06
   1565.00  4.304e-06
   1575.00  9.472e-06
   1585.00  1.005e-05
   1595.00  9.461e-06
   1605.00  1.008e-05
   1615.00  1.051e-05
   1625.00  1.014e-05
   1635.00  1.375e-05
   1645.00  1.883e-05
   1655.00  1.534e-05
   1665.00  2.495e-05
   1672.00  2.052e-05
   1677.00  3.248e-05
   1685.00  4.335e-05
   1695.00  6.344e-05
   1705.00  6.560e-05
   1715.00  7.121e-05
   1725.00  9.943e-05
   1735.00  1.151e-04
   1745.00  1.634e-04
   1755.00  1.652e-04
   1765.00  2.210e-04
   1775.00  1.918e-04
   1785.00  3.804e-04
   1795.00  3.163e-04
   1805.00  5.758e-04
   1815.00  3.948e-04
   1825.00  6.648e-04
   1835.00  5.697e-04
   1845.00  8.581e-04
   1855.00  6.679e-04
   1865.00  1.180e-03
   1875.00  1.082e-03
   1885.00  1.387e-03
   1895.00  1.760e-03
   1905.00  1.872e-03
   1915.00  2.789e-03
   1925.00  2.311e-03
   1935.00  1.762e-03
   1945.00  3.318e-03
   1955.00  4.828e-03
   1967.00  5.197e-03
   1976.00  6.155e-03
   1984.00  7.992e-03
   1995.00  7.006e-03
   2005.00  8.302e-03
   2015.00  9.518e-03
   2025.00  8.921e-03
   2035.00  1.130e-02
   2045.00  1.191e-02
   2055.00  1.438e-02
   2065.00  1.357e-02
   2074.00  1.301e-02
   2078.00  2.443e-02
   2085.00  3.204e-02
   2095.00  3.488e-02
   2105.00  3.032e-02
   2115.00  3.028e-02
   2125.00  3.555e-02
   2135.00  4.754e-02
   2145.00  3.519e-02
   2155.00  4.472e-02
   2165.00  4.305e-02
   2175.00  4.784e-02
   2185.00  4.263e-02
   2195.00  7.963e-02
   2205.00  6.234e-02
   2215.00  8.029e-02
   2225.00  6.715e-02
   2235.00  1.274e-01
   2245.00  1.387e-01
   2255.00  1.854e-01
   2265.00  8.193e-02
   2275.00  1.942e-01
   2285.00  1.743e-01
   2295.00  3.296e-01
   2305.00  9.449e-02
   2315.00  4.301e-01
   2325.00  3.061e-01
   2335.00  5.292e-01
   2345.00  3.025e-01
   2355.00  2.424e-01
   2365.00  3.583e-01
   2375.00  3.317e-01
   2385.00  6.657e-01
   2395.00  5.724e-01
   2405.00  1.167e+00
   2415.00  6.542e-01
   2425.00  8.936e-01
   2435.00  1.367e+00
   2445.00  2.011e+00
   2455.00  2.389e+00
   2465.00  1.364e+00
   2475.00  2.707e+00
   2485.00  7.928e-01
   2495.00  1.024e+00
   2505.00  2.279e+00
   2513.00  1.511e+00
   2518.00  1.663e+00
   2525.00  2.103e+00
   2535.00  5.367e+00
   2545.00  6.735e+00
   2555.00  7.196e+00
   2565.00  3.541e+00
   2575.00  6.414e+00
   2585.00  4.201e+00
   2595.00  5.418e+00
   2605.00  7.795e+00
   2615.00  6.888e+00
   2625.00  1.153e+01
   2635.00  1.833e+01
   2645.00  1.419e+01
   2655.00  1.963e+01
   2665.00  1.717e+01
   2675.00  1.502e+01
   2685.00  2.084e+01
   2695.00  1.409e+01
   2705.00  2.441e+01
   2715.00  2.397e+01
   2725.00  2.038e+01
   2735.00  2.155e+01
   2745.00  3.123e+01
   2755.00  2.904e+01
   2765.00  4.118e+01
   2775.00  5.561e+01
   2785.00  3.705e+01
   2795.00  4.749e+01
   2805.00  4.857e+01
   2815.00  5.595e+01
   2825.00  5.862e+01
   2835.00  5.300e+01
   2845.00  4.022e+01
   2855.00  1.825e+01
   2865.00  6.373e+01
   2875.00  6.787e+01
   2885.00  1.042e+02
   2895.00  1.216e+02
   2910.00  1.440e+02
   2930.00  1.526e+02
   2950.00  1.628e+02
   2970.00  1.709e+02
   2990.00  2.098e+02
   3010.00  2.352e+02
   3030.00  3.265e+02
   3050.00  3.929e+02
   3070.00  3.659e+02
   3090.00  3.366e+02
   3110.00  4.843e+02
   3130.00  4.642e+02
   3150.00  6.730e+02
   3170.00  1.043e+03
   3190.00  7.653e+02
   3210.00  9.974e+02
   3230.00  1.075e+03
   3250.00  1.727e+03
   3270.00  2.157e+03
   3290.00  2.771e+03
   3310.00  2.247e+03
   3330.00  2.609e+03
   3350.00  2.798e+03
   3370.00  1.755e+03
   3390.00  2.274e+03
   3410.00  2.799e+03
   3430.00  3.492e+03
   3450.00  4.205e+03
   3470.00  5.001e+03
   3490.00  5.825e+03
   3510.00  7.813e+03
   3530.00  6.127e+03
   3550.00  7.521e+03
   3570.00  5.937e+03
   3590.00  6.797e+03
   3610.00  9.531e+03
   3630.00  1.048e+04
   3640.00  1.040e+04
   3650.00  8.488e+03
   3670.00  1.118e+04
   3690.00  7.949e+03
   3710.00  6.404e+03
   3730.00  2.756e+03
   3750.00  3.519e+03
   3770.00  8.483e+03
   3790.00  9.419e+03
   3810.00  7.796e+03
   3830.00  3.200e+03
   3850.00  5.535e+03
   3870.00  5.030e+03
   3890.00  6.443e+03
   3910.00  9.950e+03
   3930.00  3.510e+03
   3950.00  7.964e+03
   3970.00  4.934e+03
   3990.00  1.813e+04
   4010.00  2.363e+04
   4030.00  1.987e+04
   4050.00  1.997e+04
   4070.00  1.713e+04
   4090.00  2.807e+04
   4110.00  1.937e+04
   4130.00  2.024e+04
   4150.00  1.946e+04
   4170.00  1.894e+04
   4190.00  2.066e+04
   4210.00  1.827e+04
   4230.00  1.145e+04
   4250.00  2.006e+04
   4270.00  1.895e+04
   4290.00  1.937e+04
   4310.00  2.014e+04
   4330.00  3.140e+04
   4350.00  3.471e+04
   4370.00  3.666e+04
   4390.00  2.957e+04
   4410.00  3.043e+04
   4430.00  3.378e+04
   4450.00  3.693e+04
   4470.00  4.126e+04
   4490.00  4.379e+04
   4510.00  5.458e+04
   4530.00  4.219e+04
   4550.00  4.744e+04
   4570.00  5.372e+04
   4590.00  5.075e+04
   4610.00  5.304e+04
   4630.00  5.140e+04
   4650.00  5.109e+04
   4670.00  5.651e+04
   4690.00  5.378e+04
   4710.00  5.116e+04
   4730.00  5.053e+04
   4750.00  4.986e+04
   4770.00  4.337e+04
   4790.00  4.627e+04
   4810.00  5.325e+04
   4830.00  5.539e+04
   4850.00  5.708e+04
   4870.00  5.386e+04
   4890.00  5.774e+04
   4910.00  5.727e+04
   4930.00  5.362e+04
   4950.00  5.327e+04
   4970.00  4.885e+04
   4990.00  4.442e+04
   5010.00  3.874e+04
   5030.00  4.261e+04
   5050.00  4.047e+04
   5070.00  3.915e+04
   5090.00  3.714e+04
   5110.00  3.889e+04
   5130.00  3.644e+04
   5150.00  3.430e+04
   5170.00  3.227e+04
   5190.00  3.650e+04
   5210.00  4.283e+04
   5230.00  5.934e+04
   5250.00  6.476e+04
   5270.00  5.322e+04
   5290.00  6.817e+04
   5310.00  7.574e+04
   5330.00  6.202e+04
   5350.00  7.082e+04
   5370.00  6.934e+04
   5390.00  6.690e+04
   5410.00  6.716e+04
   5430.00  6.651e+04
   5450.00  6.588e+04
   5470.00  6.777e+04
   5490.00  6.965e+04
   5510.00  6.734e+04
   5530.00  7.419e+04
   5550.00  7.538e+04
   5570.00  7.447e+04
   5590.00  7.123e+04
   5610.00  7.483e+04
   5630.00  7.621e+04
   5650.00  7.981e+04
   5670.00  7.739e+04
   5690.00  8.115e+04
   5710.00  7.621e+04
   5730.00  8.524e+04
   5750.00  8.293e+04
   5770.00  8.366e+04
   5790.00  7.875e+04
   5810.00  8.390e+04
   5830.00  8.798e+04
   5850.00  8.432e+04
   5870.00  8.467e+04
   5890.00  7.335e+04
   5910.00  8.388e+04
   5930.00  8.442e+04
   5950.00  8.408e+04
   5970.00  8.709e+04
   5990.00  8.504e+04
   6010.00  8.425e+04
   6030.00  8.820e+04
   6050.00  9.000e+04
   6070.00  8.958e+04
   6090.00  8.608e+04
   6110.00  8.703e+04
   6130.00  8.056e+04
   6150.00  8.508e+04
   6170.00  7.629e+04
   6190.00  8.448e+04
   6210.00  8.191e+04
   6230.00  7.907e+04
   6250.00  7.664e+04
   6270.00  8.038e+04
   6290.00  8.411e+04
   6310.00  8.215e+04
   6330.00  8.401e+04
   6350.00  8.450e+04
   6370.00  8.421e+04
   6390.00  8.702e+04
   6410.00  8.452e+04
   6430.00  8.532e+04
   6450.00  8.407e+04
   6470.00  8.366e+04
   6490.00  8.177e+04
   6510.00  8.632e+04
   6530.00  8.729e+04
   6550.00  8.575e+04
   6570.00  8.589e+04
   6590.00  8.680e+04
   6610.00  8.698e+04
   6630.00  8.681e+04
   6650.00  8.735e+04
   6670.00  8.419e+04
   6690.00  8.316e+04
   6710.00  7.762e+04
   6730.00  8.017e+04
   6750.00  7.789e+04
   6770.00  7.825e+04
   6790.00  7.661e+04
   6810.00  7.850e+04
   6830.00  8.064e+04
   6850.00  7.889e+04
   6870.00  8.062e+04
   6890.00  8.274e+04
   6910.00  8.373e+04
   6930.00  8.340e+04
   6950.00  8.460e+04
   6970.00  8.688e+04
   6990.00  8.546e+04
   7010.00  8.583e+04
   7030.00  8.772e+04
   7050.00  8.913e+04
   7070.00  8.521e+04
   7090.00  7.804e+04
   7110.00  7.077e+04
   7130.00  6.752e+04
   7150.00  6.688e+04
   7170.00  7.046e+04
   7190.00  6.983e+04
   7210.00  7.128e+04
   7230.00  7.609e+04
   7250.00  7.766e+04
   7270.00  8.024e+04
   7290.00  8.117e+04
   7310.00  8.321e+04
   7330.00  8.384e+04
   7350.00  8.445e+04
   7370.00  8.734e+04
   7390.00  8.655e+04
   7410.00  8.627e+04
   7430.00  8.794e+04
   7450.00  8.793e+04
   7470.00  8.897e+04
   7490.00  8.882e+04
   7510.00  9.017e+04
   7530.00  9.092e+04
   7550.00  9.139e+04
   7570.00  9.090e+04
   7590.00  8.999e+04
   7610.00  8.933e+04
   7630.00  8.791e+04
   7650.00  8.608e+04
   7670.00  8.140e+04
   7690.00  8.325e+04
   7710.00  8.134e+04
   7730.00  8.148e+04
   7750.00  8.089e+04
   7770.00  8.203e+04
   7790.00  8.306e+04
   7810.00  8.296e+04
   7830.00  8.169e+04
   7850.00  8.053e+04
   7870.00  8.376e+04
   7890.00  8.233e+04
   7910.00  8.108e+04
   7930.00  8.185e+04
   7950.00  8.068e+04
   7970.00  8.390e+04
   7990.00  8.419e+04
   8010.00  8.478e+04
   8030.00  8.445e+04
   8050.00  8.494e+04
   8070.00  8.468e+04
   8090.00  8.425e+04
   8110.00  8.523e+04
   8130.00  8.676e+04
   8150.00  8.687e+04
   8170.00  8.701e+04
   8190.00  8.356e+04
   8210.00  8.501e+04
   8230.00  8.661e+04
   8250.00  8.592e+04
   8270.00  8.776e+04
   8290.00  8.712e+04
   8310.00  8.435e+04
   8330.00  8.364e+04
   8350.00  8.397e+04
   8370.00  8.424e+04
   8390.00  7.995e+04
   8410.00  8.390e+04
   8430.00  7.867e+04
   8450.00  7.754e+04
   8470.00  7.842e+04
   8490.00  7.899e+04
   8510.00  7.584e+04
   8530.00  7.950e+04
   8550.00  7.587e+04
   8570.00  8.104e+04
   8590.00  8.066e+04
   8610.00  8.097e+04
   8630.00  8.202e+04
   8650.00  8.334e+04
   8670.00  7.701e+04
   8690.00  7.937e+04
   8710.00  8.259e+04
   8730.00  8.285e+04
   8750.00  8.297e+04
   8770.00  8.292e+04
   8790.00  8.339e+04
   8810.00  8.090e+04
   8830.00  8.203e+04
   8850.00  8.341e+04
   8870.00  8.247e+04
   8890.00  8.390e+04
   8910.00  8.427e+04
   8930.00  8.227e+04
   8950.00  8.202e+04
   8970.00  8.241e+04
   8990.00  8.285e+04
   9010.00  7.959e+04
   9030.00  8.170e+04
   9050.00  8.362e+04
   9070.00  8.355e+04
   9090.00  8.043e+04
   9110.00  8.106e+04
   9130.00  8.259e+04
   9150.00  8.206e+04
   9170.00  8.202e+04
   9190.00  8.308e+04
   9210.00  8.081e+04
   9230.00  8.120e+04
   9250.00  7.988e+04
   9270.00  7.972e+04
   9290.00  7.899e+04
   9310.00  8.027e+04
   9330.00  7.998e+04
   9350.00  7.939e+04
   9370.00  7.785e+04
   9390.00  7.953e+04
   9410.00  7.780e+04
   9430.00  7.949e+04
   9450.00  7.750e+04
   9470.00  7.943e+04
   9490.00  7.963e+04
   9510.00  7.908e+04
   9530.00  7.902e+04
   9550.00  7.731e+04
   9570.00  7.761e+04
   9590.00  7.942e+04
   9610.00  7.791e+04
   9630.00  7.865e+04
   9650.00  7.578e+04
   9670.00  7.592e+04
   9690.00  7.791e+04
   9710.00  7.694e+04
   9730.00  7.610e+04
   9750.00  7.625e+04
   9770.00  7.674e+04
   9790.00  7.488e+04
   9810.00  7.786e+04
   9830.00  7.668e+04
   9850.00  7.797e+04
   9870.00  7.733e+04
   9890.00  7.729e+04
   9910.00  7.706e+04
   9930.00  7.692e+04
   9950.00  7.688e+04
   9970.00  7.703e+04
   9990.00  7.690e+04
  10025.00  7.606e+04
  10075.00  7.530e+04
  10125.00  7.563e+04
  10175.00  7.479e+04
  10225.00  7.466e+04
  10275.00  7.466e+04
  10325.00  7.338e+04
  10375.00  7.292e+04
  10425.00  7.328e+04
  10475.00  7.264e+04
  10525.00  7.276e+04
  10575.00  7.182e+04
  10625.00  7.182e+04
  10675.00  7.067e+04
  10725.00  7.062e+04
  10775.00  7.015e+04
  10825.00  6.899e+04
  10875.00  6.940e+04
  10925.00  6.989e+04
  10975.00  6.911e+04
  11025.00  6.922e+04
  11075.00  6.916e+04
  11125.00  6.876e+04
  11175.00  6.800e+04
  11225.00  6.810e+04
  11275.00  6.697e+04
  11325.00  6.692e+04
  11375.00  6.619e+04
  11425.00  6.548e+04
  11475.00  6.639e+04
  11525.00  6.646e+04
  11575.00  6.561e+04
  11625.00  6.457e+04
  11675.00  6.473e+04
  11725.00  6.527e+04
  11775.00  6.399e+04
  11825.00  6.366e+04
  11875.00  6.288e+04
  11925.00  6.409e+04
  11975.00  6.168e+04
  12025.00  6.318e+04
  12075.00  6.244e+04
  12125.00  6.272e+04
  12175.00  6.278e+04
  12225.00  6.245e+04
  12275.00  6.205e+04
  12325.00  6.167e+04
  12375.00  6.165e+04
  12425.00  6.110e+04
  12475.00  6.119e+04
  12525.00  6.049e+04
  12575.00  6.058e+04
  12625.00  6.029e+04
  12675.00  5.972e+04
  12725.00  5.983e+04
  12775.00  6.003e+04
  12825.00  5.803e+04
  12875.00  5.886e+04
  12925.00  5.793e+04
  12975.00  5.894e+04
  13025.00  5.822e+04
  13075.00  5.863e+04
  13125.00  5.706e+04
  13175.00  5.733e+04
  13225.00  5.777e+04
  13275.00  5.687e+04
  13325.00  5.728e+04
  13375.00  5.703e+04
  13425.00  5.734e+04
  13475.00  5.712e+04
  13525.00  5.695e+04
  13575.00  5.627e+04
  13625.00  5.587e+04
  13675.00  5.634e+04
  13725.00  5.662e+04
  13775.00  5.621e+04
  13825.00  5.634e+04
  13875.00  5.569e+04
  13925.00  5.620e+04
  13975.00  5.617e+04
  14025.00  5.529e+04
  14075.00  5.596e+04
  14125.00  5.534e+04
  14175.00  5.589e+04
  14225.00  5.510e+04
  14275.00  5.365e+04
  14325.00  5.530e+04
  14375.00  5.543e+04
  14425.00  5.408e+04
  14475.00  5.521e+04
  14525.00  5.454e+04
  14570.00  5.474e+04
  14620.00  5.505e+04
  14675.00  5.501e+04
  14725.00  5.408e+04
  14775.00  5.441e+04
  14825.00  5.456e+04
  14875.00  5.329e+04
  14925.00  5.516e+04
  14975.00  5.442e+04
  15025.00  5.218e+04
  15075.00  5.299e+04
  15125.00  5.451e+04
  15175.00  5.442e+04
  15225.00  5.443e+04
  15275.00  5.488e+04
  15325.00  5.455e+04
  15375.00  5.499e+04
  15425.00  5.512e+04
  15475.00  5.505e+04
  15525.00  5.426e+04
  15575.00  5.419e+04
  15625.00  5.498e+04
  15675.00  5.369e+04
  15725.00  5.433e+04
  15775.00  5.206e+04
  15825.00  5.364e+04
  15875.00  5.217e+04
  15925.00  5.312e+04
  15975.00  5.398e+04
  16050.00  5.393e+04
  16150.00  5.331e+04
  16250.00  5.323e+04
  16350.00  5.300e+04
  16450.00  5.200e+04
  16550.00  5.156e+04
  16650.00  5.060e+04
  16750.00  4.911e+04
  16850.00  4.832e+04
  16950.00  4.813e+04
  17050.00  4.643e+04
  17150.00  4.577e+04
  17250.00  4.453e+04
  17350.00  4.379e+04
  17450.00  4.306e+04
  17550.00  4.229e+04
  17650.00  4.167e+04
  17750.00  4.062e+04
  17850.00  4.028e+04
  17950.00  3.933e+04
  18050.00  3.835e+04
  18150.00  3.777e+04
  18250.00  3.696e+04
  18350.00  3.617e+04
  18450.00  3.515e+04
  18550.00  3.501e+04
  18650.00  3.390e+04
  18750.00  3.333e+04
  18850.00  3.302e+04
  18950.00  3.140e+04
  19050.00  3.193e+04
  19150.00  3.122e+04
  19250.00  3.074e+04
  19350.00  2.968e+04
  19450.00  2.902e+04
  19550.00  2.896e+04
  19650.00  2.851e+04
  19750.00  2.757e+04
  19850.00  2.723e+04
  19950.00  2.693e+04
  20050.00  2.691e+04
  20150.00  2.648e+04
  20250.00  2.561e+04
  20350.00  2.525e+04
  20450.00  2.515e+04
  20550.00  2.464e+04
  20650.00  2.407e+04
  20750.00  2.378e+04
  20850.00  2.333e+04
  20950.00  2.269e+04
  21050.00  2.263e+04
  21150.00  2.215e+04
  21250.00  2.180e+04
  21350.00  2.160e+04
  21450.00  2.122e+04
  21550.00  2.085e+04
  21650.00  2.048e+04
  21750.00  2.001e+04
  21850.00  1.978e+04
  21950.00  1.950e+04
  22050.00  1.876e+04
  22150.00  1.896e+04
  22250.00  1.830e+04
  22350.00  1.814e+04
  22450.00  1.789e+04
  22550.00  1.773e+04
  22650.00  1.719e+04
  22750.00  1.721e+04
  22850.00  1.676e+04
  22950.00  1.417e+04
  23050.00  1.516e+04
  23150.00  1.508e+04
  23250.00  1.281e+04
  23350.00  1.379e+04
  23450.00  1.397e+04
  23550.00  1.186e+04
  23650.00  1.303e+04
  23750.00  1.302e+04
  23850.00  1.134e+04
  23950.00  1.220e+04
  24050.00  1.241e+04
  24150.00  1.099e+04
  24250.00  1.161e+04
  24350.00  1.181e+04
  24450.00  1.096e+04
  24550.00  1.084e+04
  24650.00  1.137e+04
  24750.00  1.090e+04
  24850.00  1.029e+04
  24950.00  1.070e+04
  25050.00  1.102e+04
  25150.00  1.001e+04
  25250.00  1.043e+04
  25350.00  1.047e+04
  25450.00  1.013e+04
  25550.00  9.994e+03
  25650.00  1.004e+04
  25750.00  1.007e+04
  25850.00  9.508e+03
  25950.00  9.645e+03
  26050.00  9.688e+03
  26150.00  9.517e+03
  26250.00  9.355e+03
  26350.00  9.347e+03
  26450.00  9.252e+03
  26550.00  9.136e+03
  26650.00  8.910e+03
  26750.00  9.106e+03
  26850.00  8.960e+03
  26950.00  8.766e+03
  27050.00  8.760e+03
  27150.00  8.667e+03
  27250.00  8.598e+03
  27350.00  8.433e+03
  27450.00  8.410e+03
  27550.00  8.364e+03
  27650.00  8.209e+03
  27750.00  8.083e+03
  27850.00  8.037e+03
  27950.00  8.000e+03
  28050.00  7.887e+03
  28150.00  7.764e+03
  28250.00  7.698e+03
  28350.00  7.647e+03
  28450.00  7.535e+03
  28550.00  7.445e+03
  28650.00  7.363e+03
  28750.00  7.292e+03
  28850.00  7.201e+03
  28950.00  7.118e+03
  29050.00  7.019e+03
  29150.00  6.947e+03
  29250.00  6.778e+03
  29350.00  6.778e+03
  29450.00  6.691e+03
  29550.00  6.616e+03
  29650.00  6.555e+03
  29750.00  6.482e+03
  29850.00  6.389e+03
  29950.00  6.305e+03
  30050.00  6.235e+03
  30150.00  6.176e+03
  30250.00  6.080e+03
  30350.00  6.009e+03
  30450.00  5.959e+03
  30550.00  5.874e+03
  30650.00  5.799e+03
  30750.00  5.745e+03
  30850.00  5.643e+03
  30950.00  5.598e+03
  31050.00  5.546e+03
  31150.00  5.428e+03
  31250.00  5.412e+03
  31350.00  5.349e+03
  31450.00  5.284e+03
  31550.00  5.212e+03
  31650.00  5.141e+03
  31750.00  5.104e+03
  31850.00  5.044e+03
  31950.00  4.990e+03
  32100.00  4.898e+03
  32300.00  4.780e+03
  32500.00  4.673e+03
  32700.00  4.563e+03
  32900.00  4.461e+03
  33100.00  4.357e+03
  33300.00  4.252e+03
  33500.00  4.175e+03
  33700.00  4.077e+03
  33900.00  3.977e+03
  34100.00  3.884e+03
  34300.00  3.817e+03
  34500.00  3.740e+03
  34700.00  3.656e+03
  34900.00  3.579e+03
  35100.00  3.507e+03
  35300.00  3.425e+03
  35500.00  3.359e+03
  35700.00  3.285e+03
  35900.00  3.216e+03
  36100.00  3.155e+03
  36300.00  3.090e+03
  36500.00  3.019e+03
  36700.00  2.952e+03
  36900.00  2.881e+03
  37100.00  2.820e+03
  37300.00  2.778e+03
  37500.00  2.710e+03
  37700.00  2.669e+03
  37900.00  2.614e+03
  38100.00  2.567e+03
  38300.00  2.521e+03
  38500.00  2.473e+03
  38700.00  2.410e+03
  38900.00  2.373e+03
  39100.00  2.332e+03
  39300.00  2.287e+03
  39500.00  2.232e+03
  39700.00  2.195e+03
  39900.00  2.139e+03
  40100.00  2.110e+03
  40300.00  2.078e+03
  40500.00  2.033e+03
  40700.00  1.999e+03
  40900.00  1.964e+03
  41100.00  1.928e+03
  41300.00  1.895e+03
  41500.00  1.859e+03
  41700.00  1.825e+03
  41900.00  1.785e+03
  42100.00  1.748e+03
  42300.00  1.731e+03
  42500.00  1.695e+03
  42700.00  1.670e+03
  42900.00  1.531e+03
  43100.00  1.368e+03
  43300.00  1.379e+03
  43500.00  1.279e+03
  43700.00  1.214e+03
  43900.00  1.177e+03
  44100.00  1.114e+03
  44300.00  1.084e+03
  44500.00  1.065e+03
  44700.00  1.014e+03
  44900.00  1.015e+03
  45100.00  9.807e+02
  45300.00  9.557e+02
  45500.00  9.558e+02
  45700.00  9.459e+02
  45900.00  9.110e+02
  46100.00  9.219e+02
  46300.00  9.018e+02
  46500.00  8.991e+02
  46700.00  9.065e+02
  46900.00  8.821e+02
  47100.00  8.670e+02
  47300.00  8.837e+02
  47500.00  8.547e+02
  47700.00  8.448e+02
  47900.00  8.488e+02
  48100.00  8.145e+02
  48300.00  8.326e+02
  48500.00  8.152e+02
  48700.00  7.951e+02
  48900.00  7.801e+02
  49100.00  7.776e+02
  49300.00  7.619e+02
  49500.00  7.464e+02
  49700.00  7.487e+02
  49900.00  7.395e+02
  50100.00  7.268e+02
  50300.00  7.182e+02
  50500.00  7.009e+02
  50700.00  7.027e+02
  50900.00  6.908e+02
  51100.00  6.775e+02
  51300.00  6.837e+02
  51500.00  6.660e+02
  51700.00  6.662e+02
  51900.00  6.539e+02
  52100.00  6.525e+02
  52300.00  6.356e+02
  52500.00  6.347e+02
  52700.00  6.364e+02
  52900.00  6.179e+02
  53100.00  6.116e+02
  53300.00  6.098e+02
  53500.00  6.029e+02
  53700.00  5.997e+02
  53900.00  5.929e+02
  54100.00  5.878e+02
  54300.00  5.742e+02
  54500.00  5.762e+02
  54700.00  5.656e+02
  54900.00  5.612e+02
  55100.00  5.547e+02
  55300.00  5.646e+02
  55500.00  5.416e+02
  55700.00  5.466e+02
  55900.00  5.364e+02
  56100.00  5.347e+02
  56300.00  5.224e+02
  56500.00  5.236e+02
  56700.00  5.188e+02
  56900.00  5.078e+02
  57100.00  5.101e+02
  57300.00  5.030e+02
  57500.00  4.983e+02
  57700.00  4.908e+02
  57900.00  4.908e+02
  58100.00  4.809e+02
  58300.00  4.771e+02
  58500.00  4.726e+02
  58700.00  4.643e+02
  58900.00  4.605e+02
  59100.00  4.565e+02
  59300.00  4.522e+02
  59500.00  4.457e+02
  59700.00  4.431e+02
  59900.00  4.381e+02
  60100.00  4.332e+02
  60300.00  4.283e+02
  60500.00  4.211e+02
  60700.00  4.168e+02
  60900.00  4.125e+02
  61100.00  4.066e+02
  61300.00  4.035e+02
  61500.00  3.996e+02
  61700.00  3.958e+02
  61900.00  3.914e+02
  62100.00  3.875e+02
  62300.00  3.822e+02
  62500.00  3.767e+02
  62700.00  3.721e+02
  62900.00  3.689e+02
  63100.00  3.642e+02
  63300.00  3.619e+02
  63500.00  3.566e+02
  63700.00  3.542e+02
  63900.00  3.490e+02
  64200.00  3.433e+02
  64600.00  3.353e+02
  65000.00  3.280e+02
  65400.00  3.206e+02
  65800.00  3.139e+02
  66200.00  3.066e+02
  66600.00  2.998e+02
  67000.00  2.933e+02
  67400.00  2.865e+02
  67800.00  2.803e+02
  68200.00  2.740e+02
  68600.00  2.681e+02
  69000.00  2.622e+02
  69400.00  2.565e+02
  69800.00  2.509e+02
  70200.00  2.453e+02
  70600.00  2.401e+02
  71000.00  2.350e+02
  71400.00  2.300e+02
  71800.00  2.250e+02
  72200.00  2.202e+02
  72600.00  2.155e+02
  73000.00  2.110e+02
  73400.00  2.065e+02
  73800.00  2.023e+02
  74200.00  1.978e+02
  74600.00  1.937e+02
  75000.00  1.898e+02
  75400.00  1.858e+02
  75800.00  1.823e+02
  76200.00  1.786e+02
  76600.00  1.750e+02
  77000.00  1.714e+02
  77400.00  1.680e+02
  77800.00  1.647e+02
  78200.00  1.614e+02
  78600.00  1.583e+02
  79000.00  1.551e+02
  79400.00  1.521e+02
  79800.00  1.492e+02
  80200.00  1.462e+02
  80600.00  1.434e+02
  81000.00  1.407e+02
  81400.00  1.380e+02
  81800.00  1.354e+02
  82200.00  1.329e+02
  82600.00  1.304e+02
  83000.00  1.279e+02
  83400.00  1.255e+02
  83800.00  1.231e+02
  84200.00  1.209e+02
  84600.00  1.187e+02
  85000.00  1.165e+02
  85400.00  1.144e+02
  85800.00  1.124e+02
  86200.00  1.103e+02
  86600.00  1.084e+02
  87000.00  1.064e+02
  87400.00  1.045e+02
  87800.00  1.027e+02
  88200.00  1.008e+02
  88600.00  9.907e+01
  89000.00  9.732e+01
  89400.00  9.566e+01
  89800.00  9.392e+01
  90200.00  9.238e+01
  90600.00  9.080e+01
  91000.00  8.912e+01
  91400.00  8.770e+01
  91800.00  8.619e+01
  92200.00  8.479e+01
  92600.00  8.336e+01
  93000.00  8.197e+01
  93400.00  8.059e+01
  93800.00  7.926e+01
  94200.00  7.795e+01
  94600.00  7.665e+01
  95000.00  7.540e+01
  95400.00  7.417e+01
  95800.00  7.297e+01
  96200.00  7.178e+01
  96600.00  7.063e+01
  97000.00  6.949e+01
  97400.00  6.830e+01
  97800.00  6.728e+01
  98200.00  6.622e+01
  98600.00  6.517e+01
  99000.00  6.415e+01
  99400.00  6.314e+01
  99800.00  6.215e+01
 100200.00  6.118e+01
 200000.00  3.991e+00
 400000.00  2.524e-01
 600000.00  4.983e-02
 800000.00  1.572e-02
