     90.90  0.000e+00
     93.50  0.000e+00
     96.10  0.000e+00
     97.70  0.000e+00
     99.60  0.000e+00
    102.00  0.000e+00
    103.80  0.000e+00
    105.60  0.000e+00
    107.70  0.000e+00
    110.40  0.000e+00
    114.00  0.000e+00
    117.80  0.000e+00
    121.30  0.000e+00
    124.80  0.000e+00
    127.10  0.000e+00
    128.40  0.000e+00
    130.50  0.000e+00
    132.40  0.000e+00
    133.90  0.000e+00
    136.60  0.000e+00
    139.80  0.000e+00
    143.30  0.000e+00
    147.20  0.000e+00
    151.00  0.000e+00
    155.20  0.000e+00
    158.80  0.000e+00
    162.00  0.000e+00
    166.00  0.000e+00
    170.30  0.000e+00
    173.40  0.000e+00
    176.80  0.000e+00
    180.20  0.000e+00
    181.70  0.000e+00
    186.10  0.000e+00
    191.00  0.000e+00
    193.90  0.000e+00
    198.40  0.000e+00
    201.80  0.000e+00
    205.00  0.000e+00
    210.50  0.000e+00
    216.20  0.000e+00
    219.80  0.000e+00
    223.00  0.000e+00
    226.80  0.000e+00
    230.00  0.000e+00
    234.00  0.000e+00
    240.00  0.000e+00
    246.50  0.000e+00
    252.40  0.000e+00
    256.80  0.000e+00
    260.00  0.000e+00
    264.00  0.000e+00
    268.50  0.000e+00
    273.50  0.000e+00
    278.50  0.000e+00
    284.00  0.000e+00
    290.00  0.000e+00
    296.00  0.000e+00
    301.00  0.000e+00
    308.00  0.000e+00
    318.00  0.000e+00
    328.00  0.000e+00
    338.00  0.000e+00
    348.00  0.000e+00
    357.00  0.000e+00
    366.00  0.000e+00
    375.00  0.000e+00
    385.00  0.000e+00
    395.00  0.000e+00
    405.00  0.000e+00
    414.00  0.000e+00
    422.00  0.000e+00
    430.00  0.000e+00
    441.00  0.000e+00
    451.00  0.000e+00
    460.00  0.000e+00
    470.00  0.000e+00
    480.00  0.000e+00
    490.00  0.000e+00
    500.00  0.000e+00
    506.00  2.815e-07
    512.00  4.792e-07
    520.00  8.384e-07
    530.00  1.656e-06
    540.00  3.151e-06
    550.00  5.923e-06
    560.00  1.083e-05
    570.00  1.939e-05
    580.00  3.384e-05
    590.00  5.857e-05
    600.00  9.906e-05
    610.00  1.648e-04
    620.00  2.697e-04
    630.00  4.346e-04
    640.00  6.897e-04
    650.00  1.081e-03
    658.00  1.533e-03
    665.00  2.065e-03
    675.00  3.130e-03
    685.00  4.690e-03
    695.00  6.944e-03
    705.00  1.015e-02
    716.00  1.527e-02
    726.00  2.187e-02
    735.00  2.996e-02
    745.00  4.212e-02
    755.00  5.868e-02
    765.00  8.104e-02
    775.00  1.110e-01
    785.00  1.507e-01
    795.00  2.026e-01
    805.00  2.712e-01
    815.00  3.602e-01
    825.00  4.746e-01
    835.00  6.206e-01
    845.00  8.074e-01
    855.00  1.043e+00
    865.00  1.338e+00
    875.00  1.706e+00
    885.00  2.165e+00
    895.00  2.730e+00
    905.00  3.421e+00
    915.00  6.909e+01
    925.00  4.305e+02
    935.00  7.283e+02
    945.00  1.247e+03
    955.00  1.871e+03
    965.00  2.463e+03
    975.00  2.029e+03
    985.00  3.514e+03
    995.00  3.831e+03
   1005.00  4.789e+03
   1015.00  5.363e+03
   1025.00  3.492e+03
   1035.00  6.696e+03
   1045.00  8.300e+03
   1055.00  9.509e+03
   1065.00  1.015e+04
   1075.00  1.181e+04
   1085.00  1.305e+04
   1095.00  1.373e+04
   1105.00  4.730e+05
   1115.00  1.213e+06
   1125.00  1.544e+06
   1135.00  1.841e+06
   1145.00  1.515e+06
   1155.00  1.613e+06
   1165.00  1.568e+06
   1175.00  9.805e+05
   1185.00  4.173e+05
   1195.00  4.791e+04
   1205.00  4.210e+04
   1215.00  1.239e+04
   1225.00  4.422e+04
   1235.00  1.213e+05
   1245.00  1.001e+06
   1255.00  2.612e+06
   1265.00  1.929e+06
   1275.00  7.348e+06
   1285.00  1.115e+07
   1295.00  1.147e+07
   1305.00  7.798e+06
   1315.00  1.301e+07
   1325.00  1.434e+07
   1335.00  1.305e+07
   1345.00  1.658e+07
   1355.00  1.543e+07
   1365.00  1.381e+07
   1375.00  1.619e+07
   1385.00  1.599e+07
   1395.00  1.723e+07
   1405.00  1.699e+07
   1415.00  1.534e+07
   1425.00  1.683e+07
   1435.00  1.503e+07
   1442.00  1.702e+07
   1447.00  1.869e+07
   1455.00  1.814e+07
   1465.00  1.609e+07
   1475.00  1.543e+07
   1485.00  1.654e+07
   1495.00  1.785e+07
   1505.00  1.799e+07
   1512.00  1.596e+07
   1517.00  1.765e+07
   1525.00  1.426e+07
   1535.00  1.235e+07
   1545.00  1.683e+07
   1555.00  1.489e+07
   1565.00  1.361e+07
   1575.00  1.499e+07
   1585.00  1.624e+07
   1595.00  1.721e+07
   1605.00  1.609e+07
   1615.00  1.593e+07
   1625.00  1.422e+07
   1635.00  1.520e+07
   1645.00  1.588e+07
   1655.00  1.292e+07
   1665.00  1.545e+07
   1672.00  1.145e+07
   1677.00  1.461e+07
   1685.00  1.629e+07
   1695.00  1.478e+07
   1705.00  1.408e+07
   1715.00  1.380e+07
   1725.00  1.355e+07
   1735.00  1.440e+07
   1745.00  1.413e+07
   1755.00  1.553e+07
   1765.00  1.317e+07
   1775.00  1.478e+07
   1785.00  1.463e+07
   1795.00  1.598e+07
   1805.00  1.522e+07
   1815.00  1.481e+07
   1825.00  1.439e+07
   1835.00  1.382e+07
   1845.00  1.266e+07
   1855.00  1.344e+07
   1865.00  1.349e+07
   1875.00  1.414e+07
   1885.00  1.384e+07
   1895.00  1.376e+07
   1905.00  1.318e+07
   1915.00  1.363e+07
   1925.00  1.368e+07
   1935.00  1.333e+07
   1945.00  1.395e+07
   1955.00  1.366e+07
   1967.00  1.419e+07
   1976.00  1.403e+07
   1984.00  1.357e+07
   1995.00  1.307e+07
   2005.00  1.296e+07
   2015.00  1.241e+07
   2025.00  1.250e+07
   2035.00  1.265e+07
   2045.00  1.309e+07
   2055.00  1.251e+07
   2065.00  1.230e+07
   2074.00  1.278e+07
   2078.00  1.303e+07
   2085.00  1.290e+07
   2095.00  1.239e+07
   2105.00  1.202e+07
   2115.00  1.202e+07
   2125.00  1.217e+07
   2135.00  1.061e+07
   2145.00  1.166e+07
   2155.00  1.177e+07
   2165.00  1.114e+07
   2175.00  1.095e+07
   2185.00  1.092e+07
   2195.00  1.156e+07
   2205.00  1.101e+07
   2215.00  1.020e+07
   2225.00  9.946e+06
   2235.00  1.096e+07
   2245.00  9.879e+06
   2255.00  9.692e+06
   2265.00  9.740e+06
   2275.00  1.024e+07
   2285.00  1.053e+07
   2295.00  9.931e+06
   2305.00  9.705e+06
   2315.00  9.296e+06
   2325.00  7.650e+06
   2335.00  8.807e+06
   2345.00  8.194e+06
   2355.00  9.166e+06
   2365.00  8.168e+06
   2375.00  8.571e+06
   2385.00  7.648e+06
   2395.00  8.393e+06
   2405.00  7.950e+06
   2415.00  8.141e+06
   2425.00  8.606e+06
   2435.00  8.156e+06
   2445.00  8.756e+06
   2455.00  8.375e+06
   2465.00  8.383e+06
   2475.00  8.003e+06
   2485.00  8.446e+06
   2495.00  8.129e+06
   2505.00  8.932e+06
   2513.00  8.047e+06
   2518.00  8.127e+06
   2525.00  7.618e+06
   2535.00  7.537e+06
   2545.00  7.521e+06
   2555.00  8.071e+06
   2565.00  7.995e+06
   2575.00  8.501e+06
   2585.00  8.465e+06
   2595.00  8.299e+06
   2605.00  7.957e+06
   2615.00  7.901e+06
   2625.00  8.307e+06
   2635.00  8.280e+06
   2645.00  9.029e+06
   2655.00  8.881e+06
   2665.00  8.262e+06
   2675.00  8.556e+06
   2685.00  8.500e+06
   2695.00  8.156e+06
   2705.00  8.324e+06
   2715.00  7.935e+06
   2725.00  7.980e+06
   2735.00  8.490e+06
   2745.00  7.372e+06
   2755.00  7.399e+06
   2765.00  7.653e+06
   2775.00  7.995e+06
   2785.00  7.648e+06
   2795.00  5.056e+06
   2805.00  5.776e+06
   2815.00  7.990e+06
   2825.00  8.170e+06
   2835.00  7.886e+06
   2845.00  7.614e+06
   2855.00  7.490e+06
   2865.00  7.868e+06
   2875.00  7.642e+06
   2885.00  7.775e+06
   2895.00  7.568e+06
   2910.00  8.141e+06
   2930.00  7.818e+06
   2950.00  7.780e+06
   2970.00  7.781e+06
   2990.00  7.788e+06
   3010.00  7.878e+06
   3030.00  7.755e+06
   3050.00  7.672e+06
   3070.00  7.560e+06
   3090.00  7.600e+06
   3110.00  7.421e+06
   3130.00  7.379e+06
   3150.00  7.380e+06
   3170.00  7.298e+06
   3190.00  7.041e+06
   3210.00  7.146e+06
   3230.00  7.012e+06
   3250.00  7.013e+06
   3270.00  7.015e+06
   3290.00  6.997e+06
   3310.00  6.983e+06
   3330.00  6.851e+06
   3350.00  6.745e+06
   3370.00  6.721e+06
   3390.00  6.623e+06
   3410.00  6.670e+06
   3430.00  6.609e+06
   3450.00  6.558e+06
   3470.00  6.466e+06
   3490.00  6.417e+06
   3510.00  6.424e+06
   3530.00  6.396e+06
   3550.00  6.356e+06
   3570.00  6.259e+06
   3590.00  6.208e+06
   3610.00  6.157e+06
   3630.00  6.114e+06
   3640.00  6.091e+06
   3650.00  6.189e+06
   3670.00  6.071e+06
   3690.00  5.544e+06
   3710.00  5.634e+06
   3730.00  5.701e+06
   3750.00  6.956e+06
   3770.00  7.245e+06
   3790.00  8.946e+06
   3810.00  1.057e+07
   3830.00  8.328e+06
   3850.00  1.171e+07
   3870.00  1.344e+07
   3890.00  7.139e+06
   3910.00  1.336e+07
   3930.00  1.338e+07
   3950.00  1.323e+07
   3970.00  6.783e+06
   3990.00  1.257e+07
   4010.00  1.425e+07
   4030.00  1.423e+07
   4050.00  1.406e+07
   4070.00  1.327e+07
   4090.00  9.876e+06
   4110.00  7.462e+06
   4130.00  1.234e+07
   4150.00  1.308e+07
   4170.00  1.301e+07
   4190.00  1.286e+07
   4210.00  1.270e+07
   4230.00  1.247e+07
   4250.00  1.228e+07
   4270.00  1.200e+07
   4290.00  1.185e+07
   4310.00  1.106e+07
   4330.00  7.945e+06
   4350.00  6.741e+06
   4370.00  1.060e+07
   4390.00  1.093e+07
   4410.00  1.095e+07
   4430.00  1.083e+07
   4450.00  1.081e+07
   4470.00  1.064e+07
   4490.00  1.037e+07
   4510.00  1.036e+07
   4530.00  1.021e+07
   4550.00  9.974e+06
   4570.00  9.986e+06
   4590.00  9.794e+06
   4610.00  9.780e+06
   4630.00  9.546e+06
   4650.00  9.516e+06
   4670.00  9.378e+06
   4690.00  9.219e+06
   4710.00  8.908e+06
   4730.00  9.003e+06
   4750.00  8.880e+06
   4770.00  8.758e+06
   4790.00  8.611e+06
   4810.00  8.385e+06
   4830.00  7.915e+06
   4850.00  5.936e+06
   4870.00  4.809e+06
   4890.00  7.406e+06
   4910.00  7.839e+06
   4930.00  7.805e+06
   4950.00  7.793e+06
   4970.00  7.738e+06
   4990.00  7.629e+06
   5010.00  7.461e+06
   5030.00  7.430e+06
   5050.00  7.282e+06
   5070.00  7.274e+06
   5090.00  7.188e+06
   5110.00  7.093e+06
   5130.00  7.016e+06
   5150.00  6.906e+06
   5170.00  6.769e+06
   5190.00  6.702e+06
   5210.00  6.670e+06
   5230.00  6.552e+06
   5250.00  6.527e+06
   5270.00  6.385e+06
   5290.00  6.381e+06
   5310.00  6.266e+06
   5330.00  6.201e+06
   5350.00  6.166e+06
   5370.00  6.082e+06
   5390.00  6.015e+06
   5410.00  5.928e+06
   5430.00  5.873e+06
   5450.00  5.820e+06
   5470.00  5.751e+06
   5490.00  5.688e+06
   5510.00  5.626e+06
   5530.00  5.558e+06
   5550.00  5.502e+06
   5570.00  5.438e+06
   5590.00  5.382e+06
   5610.00  5.328e+06
   5630.00  5.269e+06
   5650.00  5.204e+06
   5670.00  5.147e+06
   5690.00  5.095e+06
   5710.00  5.040e+06
   5730.00  4.987e+06
   5750.00  4.929e+06
   5770.00  4.877e+06
   5790.00  4.821e+06
   5810.00  4.772e+06
   5830.00  4.721e+06
   5850.00  4.671e+06
   5870.00  4.610e+06
   5890.00  4.546e+06
   5910.00  4.521e+06
   5930.00  4.475e+06
   5950.00  4.418e+06
   5970.00  4.377e+06
   5990.00  4.324e+06
   6010.00  4.284e+06
   6030.00  4.244e+06
   6050.00  4.197e+06
   6070.00  4.156e+06
   6090.00  4.113e+06
   6110.00  4.070e+06
   6130.00  4.026e+06
   6150.00  3.948e+06
   6170.00  3.943e+06
   6190.00  3.906e+06
   6210.00  3.866e+06
   6230.00  3.824e+06
   6250.00  3.768e+06
   6270.00  3.750e+06
   6290.00  3.712e+06
   6310.00  3.670e+06
   6330.00  3.637e+06
   6350.00  3.563e+06
   6370.00  3.539e+06
   6390.00  3.526e+06
   6410.00  3.487e+06
   6430.00  3.452e+06
   6450.00  3.398e+06
   6470.00  3.375e+06
   6490.00  3.324e+06
   6510.00  3.265e+06
   6530.00  3.136e+06
   6550.00  2.664e+06
   6570.00  2.162e+06
   6590.00  2.933e+06
   6610.00  3.088e+06
   6630.00  3.102e+06
   6650.00  3.088e+06
   6670.00  3.065e+06
   6690.00  3.040e+06
   6710.00  3.017e+06
   6730.00  2.985e+06
   6750.00  2.960e+06
   6770.00  2.933e+06
   6790.00  2.905e+06
   6810.00  2.878e+06
   6830.00  2.850e+06
   6850.00  2.823e+06
   6870.00  2.798e+06
   6890.00  2.772e+06
   6910.00  2.746e+06
   6930.00  2.720e+06
   6950.00  2.695e+06
   6970.00  2.670e+06
   6990.00  2.647e+06
   7010.00  2.617e+06
   7030.00  2.597e+06
   7050.00  2.572e+06
   7070.00  2.550e+06
   7090.00  2.528e+06
   7110.00  2.493e+06
   7130.00  2.480e+06
   7150.00  2.457e+06
   7170.00  2.437e+06
   7190.00  2.415e+06
   7210.00  2.394e+06
   7230.00  2.371e+06
   7250.00  2.348e+06
   7270.00  2.330e+06
   7290.00  2.309e+06
   7310.00  2.288e+06
   7330.00  2.269e+06
   7350.00  2.249e+06
   7370.00  2.230e+06
   7390.00  2.209e+06
   7410.00  2.185e+06
   7430.00  2.164e+06
   7450.00  2.149e+06
   7470.00  2.125e+06
   7490.00  2.111e+06
   7510.00  2.094e+06
   7530.00  2.078e+06
   7550.00  2.061e+06
   7570.00  2.043e+06
   7590.00  2.026e+06
   7610.00  2.009e+06
   7630.00  1.991e+06
   7650.00  1.974e+06
   7670.00  1.956e+06
   7690.00  1.940e+06
   7710.00  1.923e+06
   7730.00  1.908e+06
   7750.00  1.892e+06
   7770.00  1.841e+06
   7790.00  1.861e+06
   7810.00  1.845e+06
   7830.00  1.829e+06
   7850.00  1.812e+06
   7870.00  1.791e+06
   7890.00  1.774e+06
   7910.00  1.767e+06
   7930.00  1.755e+06
   7950.00  1.732e+06
   7970.00  1.727e+06
   7990.00  1.695e+06
   8010.00  1.698e+06
   8030.00  1.684e+06
   8050.00  1.671e+06
   8070.00  1.657e+06
   8090.00  1.643e+06
   8110.00  1.630e+06
   8130.00  1.618e+06
   8150.00  1.604e+06
   8170.00  1.592e+06
   8190.00  1.572e+06
   8210.00  1.568e+06
   8230.00  1.554e+06
   8250.00  1.548e+06
   8270.00  1.543e+06
   8290.00  1.530e+06
   8310.00  1.519e+06
   8330.00  1.500e+06
   8350.00  1.489e+06
   8370.00  1.474e+06
   8390.00  1.452e+06
   8410.00  1.427e+06
   8430.00  1.398e+06
   8450.00  1.373e+06
   8470.00  1.355e+06
   8490.00  1.358e+06
   8510.00  1.309e+06
   8530.00  1.357e+06
   8550.00  1.237e+06
   8570.00  1.380e+06
   8590.00  1.266e+06
   8610.00  1.244e+06
   8630.00  1.398e+06
   8650.00  1.306e+06
   8670.00  1.113e+06
   8690.00  1.340e+06
   8710.00  1.412e+06
   8730.00  1.320e+06
   8750.00  1.060e+06
   8770.00  1.245e+06
   8790.00  1.388e+06
   8810.00  1.405e+06
   8830.00  1.349e+06
   8850.00  1.171e+06
   8870.00  1.008e+06
   8890.00  1.264e+06
   8910.00  1.348e+06
   8930.00  1.364e+06
   8950.00  1.363e+06
   8970.00  1.328e+06
   8990.00  1.233e+06
   9010.00  9.747e+05
   9030.00  1.056e+06
   9050.00  1.239e+06
   9070.00  1.276e+06
   9090.00  1.279e+06
   9110.00  1.292e+06
   9130.00  1.287e+06
   9150.00  1.276e+06
   9170.00  1.252e+06
   9190.00  1.204e+06
   9210.00  1.086e+06
   9230.00  8.524e+05
   9250.00  1.039e+06
   9270.00  1.139e+06
   9290.00  1.196e+06
   9310.00  1.203e+06
   9330.00  1.199e+06
   9350.00  1.194e+06
   9370.00  1.186e+06
   9390.00  1.171e+06
   9410.00  1.153e+06
   9430.00  1.157e+06
   9450.00  1.146e+06
   9470.00  1.131e+06
   9490.00  1.109e+06
   9510.00  1.063e+06
   9530.00  9.428e+05
   9550.00  7.666e+05
   9570.00  9.539e+05
   9590.00  1.042e+06
   9610.00  1.063e+06
   9630.00  1.057e+06
   9650.00  1.066e+06
   9670.00  1.055e+06
   9690.00  1.054e+06
   9710.00  1.049e+06
   9730.00  1.042e+06
   9750.00  1.035e+06
   9770.00  1.028e+06
   9790.00  1.021e+06
   9810.00  1.013e+06
   9830.00  1.004e+06
   9850.00  9.964e+05
   9870.00  9.881e+05
   9890.00  9.763e+05
   9910.00  9.734e+05
   9930.00  9.642e+05
   9950.00  9.561e+05
   9970.00  9.453e+05
   9990.00  9.281e+05
  10025.00  8.202e+05
  10075.00  7.781e+05
  10125.00  8.853e+05
  10175.00  8.858e+05
  10225.00  8.745e+05
  10275.00  8.602e+05
  10325.00  8.452e+05
  10375.00  8.310e+05
  10425.00  8.171e+05
  10475.00  8.015e+05
  10525.00  7.879e+05
  10575.00  7.757e+05
  10625.00  7.634e+05
  10675.00  7.437e+05
  10725.00  7.350e+05
  10775.00  7.232e+05
  10825.00  7.085e+05
  10875.00  6.831e+05
  10925.00  5.648e+05
  10975.00  6.171e+05
  11025.00  6.596e+05
  11075.00  6.560e+05
  11125.00  6.474e+05
  11175.00  6.380e+05
  11225.00  6.281e+05
  11275.00  6.118e+05
  11325.00  6.030e+05
  11375.00  5.985e+05
  11425.00  5.888e+05
  11475.00  5.805e+05
  11525.00  5.717e+05
  11575.00  5.628e+05
  11625.00  5.522e+05
  11675.00  5.424e+05
  11725.00  5.374e+05
  11775.00  5.246e+05
  11825.00  5.197e+05
  11875.00  5.110e+05
  11925.00  5.059e+05
  11975.00  4.969e+05
  12025.00  4.906e+05
  12075.00  4.828e+05
  12125.00  4.758e+05
  12175.00  4.692e+05
  12225.00  4.622e+05
  12275.00  4.550e+05
  12325.00  4.486e+05
  12375.00  4.423e+05
  12425.00  4.363e+05
  12475.00  4.287e+05
  12525.00  4.236e+05
  12575.00  4.162e+05
  12625.00  4.103e+05
  12675.00  4.040e+05
  12725.00  3.953e+05
  12775.00  3.733e+05
  12825.00  3.193e+05
  12875.00  3.676e+05
  12925.00  3.745e+05
  12975.00  3.716e+05
  13025.00  3.675e+05
  13075.00  3.629e+05
  13125.00  3.579e+05
  13175.00  3.521e+05
  13225.00  3.482e+05
  13275.00  3.435e+05
  13325.00  3.388e+05
  13375.00  3.342e+05
  13425.00  3.297e+05
  13475.00  3.251e+05
  13525.00  3.205e+05
  13575.00  3.164e+05
  13625.00  3.123e+05
  13675.00  3.080e+05
  13725.00  3.036e+05
  13775.00  3.002e+05
  13825.00  2.963e+05
  13875.00  2.926e+05
  13925.00  2.885e+05
  13975.00  2.849e+05
  14025.00  2.813e+05
  14075.00  2.777e+05
  14125.00  2.741e+05
  14175.00  2.706e+05
  14225.00  2.672e+05
  14275.00  2.638e+05
  14325.00  2.604e+05
  14375.00  2.571e+05
  14425.00  2.524e+05
  14475.00  2.507e+05
  14525.00  2.468e+05
  14570.00  2.448e+05
  14620.00  2.472e+05
  14675.00  2.511e+05
  14725.00  2.468e+05
  14775.00  2.415e+05
  14825.00  2.372e+05
  14875.00  2.320e+05
  14925.00  2.284e+05
  14975.00  2.240e+05
  15025.00  2.201e+05
  15075.00  2.165e+05
  15125.00  2.132e+05
  15175.00  2.095e+05
  15225.00  2.061e+05
  15275.00  2.033e+05
  15325.00  1.999e+05
  15375.00  1.986e+05
  15425.00  1.941e+05
  15475.00  1.938e+05
  15525.00  1.906e+05
  15575.00  1.862e+05
  15625.00  1.898e+05
  15675.00  1.824e+05
  15725.00  1.786e+05
  15775.00  1.848e+05
  15825.00  1.814e+05
  15875.00  1.678e+05
  15925.00  1.743e+05
  15975.00  1.798e+05
  16050.00  1.718e+05
  16150.00  1.619e+05
  16250.00  1.696e+05
  16350.00  1.594e+05
  16450.00  1.503e+05
  16550.00  1.590e+05
  16650.00  1.558e+05
  16750.00  1.453e+05
  16850.00  1.366e+05
  16950.00  1.456e+05
  17050.00  1.432e+05
  17150.00  1.401e+05
  17250.00  1.354e+05
  17350.00  1.194e+05
  17450.00  1.275e+05
  17550.00  1.282e+05
  17650.00  1.260e+05
  17750.00  1.235e+05
  17850.00  1.209e+05
  17950.00  1.182e+05
  18050.00  1.144e+05
  18150.00  1.019e+05
  18250.00  1.065e+05
  18350.00  1.085e+05
  18450.00  1.066e+05
  18550.00  1.043e+05
  18650.00  1.010e+05
  18750.00  8.962e+04
  18850.00  9.657e+04
  18950.00  9.625e+04
  19050.00  9.473e+04
  19150.00  9.285e+04
  19250.00  9.077e+04
  19350.00  8.751e+04
  19450.00  7.780e+04
  19550.00  8.419e+04
  19650.00  8.406e+04
  19750.00  8.272e+04
  19850.00  8.121e+04
  19950.00  7.969e+04
  20050.00  7.821e+04
  20150.00  7.675e+04
  20250.00  7.533e+04
  20350.00  7.393e+04
  20450.00  7.259e+04
  20550.00  7.126e+04
  20650.00  6.995e+04
  20750.00  6.870e+04
  20850.00  6.746e+04
  20950.00  6.625e+04
  21050.00  6.506e+04
  21150.00  6.385e+04
  21250.00  6.272e+04
  21350.00  6.158e+04
  21450.00  6.034e+04
  21550.00  5.846e+04
  21650.00  5.238e+04
  21750.00  5.590e+04
  21850.00  5.621e+04
  21950.00  5.549e+04
  22050.00  5.458e+04
  22150.00  5.363e+04
  22250.00  5.276e+04
  22350.00  5.187e+04
  22450.00  5.100e+04
  22550.00  5.013e+04
  22650.00  4.931e+04
  22750.00  4.849e+04
  22850.00  4.790e+04
  22950.00  4.779e+04
  23050.00  4.701e+04
  23150.00  4.613e+04
  23250.00  4.527e+04
  23350.00  4.443e+04
  23450.00  4.361e+04
  23550.00  4.282e+04
  23650.00  4.205e+04
  23750.00  4.132e+04
  23850.00  4.060e+04
  23950.00  3.988e+04
  24050.00  3.922e+04
  24150.00  3.854e+04
  24250.00  3.787e+04
  24350.00  3.727e+04
  24450.00  3.660e+04
  24550.00  3.612e+04
  24650.00  3.544e+04
  24750.00  3.499e+04
  24850.00  3.453e+04
  24950.00  3.371e+04
  25050.00  3.400e+04
  25150.00  3.315e+04
  25250.00  3.199e+04
  25350.00  3.200e+04
  25450.00  3.179e+04
  25550.00  3.097e+04
  25650.00  2.984e+04
  25750.00  3.019e+04
  25850.00  3.003e+04
  25950.00  2.952e+04
  26050.00  2.847e+04
  26150.00  2.723e+04
  26250.00  2.555e+04
  26350.00  2.721e+04
  26450.00  2.747e+04
  26550.00  2.711e+04
  26650.00  2.633e+04
  26750.00  2.485e+04
  26850.00  2.559e+04
  26950.00  2.567e+04
  27050.00  2.540e+04
  27150.00  2.507e+04
  27250.00  2.471e+04
  27350.00  2.430e+04
  27450.00  2.370e+04
  27550.00  2.215e+04
  27650.00  2.245e+04
  27750.00  2.288e+04
  27850.00  2.271e+04
  27950.00  2.247e+04
  28050.00  2.217e+04
  28150.00  2.187e+04
  28250.00  2.157e+04
  28350.00  2.127e+04
  28450.00  2.092e+04
  28550.00  2.053e+04
  28650.00  1.970e+04
  28750.00  1.855e+04
  28850.00  1.951e+04
  28950.00  1.951e+04
  29050.00  1.934e+04
  29150.00  1.911e+04
  29250.00  1.887e+04
  29350.00  1.862e+04
  29450.00  1.838e+04
  29550.00  1.814e+04
  29650.00  1.791e+04
  29750.00  1.768e+04
  29850.00  1.745e+04
  29950.00  1.723e+04
  30050.00  1.698e+04
  30150.00  1.671e+04
  30250.00  1.633e+04
  30350.00  1.521e+04
  30450.00  1.531e+04
  30550.00  1.577e+04
  30650.00  1.570e+04
  30750.00  1.556e+04
  30850.00  1.536e+04
  30950.00  1.518e+04
  31050.00  1.499e+04
  31150.00  1.481e+04
  31250.00  1.462e+04
  31350.00  1.445e+04
  31450.00  1.427e+04
  31550.00  1.410e+04
  31650.00  1.393e+04
  31750.00  1.376e+04
  31850.00  1.359e+04
  31950.00  1.343e+04
  32100.00  1.319e+04
  32300.00  1.288e+04
  32500.00  1.257e+04
  32700.00  1.222e+04
  32900.00  1.129e+04
  33100.00  1.149e+04
  33300.00  1.150e+04
  33500.00  1.126e+04
  33700.00  1.098e+04
  33900.00  1.073e+04
  34100.00  1.048e+04
  34300.00  1.024e+04
  34500.00  1.000e+04
  34700.00  9.773e+03
  34900.00  9.551e+03
  35100.00  9.337e+03
  35300.00  9.126e+03
  35500.00  8.927e+03
  35700.00  8.725e+03
  35900.00  8.537e+03
  36100.00  8.349e+03
  36300.00  8.174e+03
  36500.00  7.992e+03
  36700.00  7.841e+03
  36900.00  7.638e+03
  37100.00  7.499e+03
  37300.00  7.136e+03
  37500.00  6.902e+03
  37700.00  7.054e+03
  37900.00  6.939e+03
  38100.00  6.734e+03
  38300.00  6.610e+03
  38500.00  6.542e+03
  38700.00  6.415e+03
  38900.00  6.244e+03
  39100.00  6.040e+03
  39300.00  6.026e+03
  39500.00  5.940e+03
  39700.00  5.832e+03
  39900.00  5.717e+03
  40100.00  5.493e+03
  40300.00  5.358e+03
  40500.00  5.101e+03
  40700.00  5.242e+03
  40900.00  5.183e+03
  41100.00  5.096e+03
  41300.00  4.989e+03
  41500.00  4.860e+03
  41700.00  4.636e+03
  41900.00  4.677e+03
  42100.00  4.631e+03
  42300.00  4.556e+03
  42500.00  4.473e+03
  42700.00  4.392e+03
  42900.00  4.313e+03
  43100.00  4.235e+03
  43300.00  4.156e+03
  43500.00  4.059e+03
  43700.00  3.857e+03
  43900.00  3.863e+03
  44100.00  3.859e+03
  44300.00  3.805e+03
  44500.00  3.739e+03
  44700.00  3.688e+03
  44900.00  3.625e+03
  45100.00  3.562e+03
  45300.00  3.501e+03
  45500.00  3.442e+03
  45700.00  3.383e+03
  45900.00  3.325e+03
  46100.00  3.259e+03
  46300.00  3.181e+03
  46500.00  2.969e+03
  46700.00  2.934e+03
  46900.00  3.004e+03
  47100.00  2.994e+03
  47300.00  2.956e+03
  47500.00  2.908e+03
  47700.00  2.861e+03
  47900.00  2.815e+03
  48100.00  2.770e+03
  48300.00  2.725e+03
  48500.00  2.681e+03
  48700.00  2.639e+03
  48900.00  2.597e+03
  49100.00  2.555e+03
  49300.00  2.515e+03
  49500.00  2.476e+03
  49700.00  2.437e+03
  49900.00  2.399e+03
  50100.00  2.361e+03
  50300.00  2.325e+03
  50500.00  2.289e+03
  50700.00  2.254e+03
  50900.00  2.212e+03
  51100.00  2.152e+03
  51300.00  2.032e+03
  51500.00  2.095e+03
  51700.00  2.083e+03
  51900.00  2.057e+03
  52100.00  2.026e+03
  52300.00  1.996e+03
  52500.00  1.966e+03
  52700.00  1.937e+03
  52900.00  1.908e+03
  53100.00  1.880e+03
  53300.00  1.853e+03
  53500.00  1.826e+03
  53700.00  1.799e+03
  53900.00  1.773e+03
  54100.00  1.748e+03
  54300.00  1.723e+03
  54500.00  1.698e+03
  54700.00  1.674e+03
  54900.00  1.650e+03
  55100.00  1.627e+03
  55300.00  1.604e+03
  55500.00  1.581e+03
  55700.00  1.559e+03
  55900.00  1.537e+03
  56100.00  1.516e+03
  56300.00  1.495e+03
  56500.00  1.474e+03
  56700.00  1.454e+03
  56900.00  1.434e+03
  57100.00  1.414e+03
  57300.00  1.395e+03
  57500.00  1.376e+03
  57700.00  1.357e+03
  57900.00  1.339e+03
  58100.00  1.321e+03
  58300.00  1.303e+03
  58500.00  1.288e+03
  58700.00  1.266e+03
  58900.00  1.233e+03
  59100.00  1.165e+03
  59300.00  1.206e+03
  59500.00  1.202e+03
  59700.00  1.190e+03
  59900.00  1.174e+03
  60100.00  1.159e+03
  60300.00  1.144e+03
  60500.00  1.129e+03
  60700.00  1.114e+03
  60900.00  1.100e+03
  61100.00  1.086e+03
  61300.00  1.072e+03
  61500.00  1.058e+03
  61700.00  1.045e+03
  61900.00  1.032e+03
  62100.00  1.019e+03
  62300.00  1.006e+03
  62500.00  9.934e+02
  62700.00  9.810e+02
  62900.00  9.688e+02
  63100.00  9.568e+02
  63300.00  9.449e+02
  63500.00  9.332e+02
  63700.00  9.218e+02
  63900.00  9.104e+02
  64200.00  8.938e+02
  64600.00  8.722e+02
  65000.00  8.513e+02
  65400.00  8.309e+02
  65800.00  8.112e+02
  66200.00  7.920e+02
  66600.00  7.735e+02
  67000.00  7.555e+02
  67400.00  7.379e+02
  67800.00  7.210e+02
  68200.00  7.044e+02
  68600.00  6.883e+02
  69000.00  6.728e+02
  69400.00  6.576e+02
  69800.00  6.429e+02
  70200.00  6.285e+02
  70600.00  6.146e+02
  71000.00  6.011e+02
  71400.00  5.879e+02
  71800.00  5.751e+02
  72200.00  5.626e+02
  72600.00  5.505e+02
  73000.00  5.387e+02
  73400.00  5.272e+02
  73800.00  5.160e+02
  74200.00  5.026e+02
  74600.00  4.754e+02
  75000.00  4.647e+02
  75400.00  4.713e+02
  75800.00  4.643e+02
  76200.00  4.549e+02
  76600.00  4.456e+02
  77000.00  4.365e+02
  77400.00  4.277e+02
  77800.00  4.191e+02
  78200.00  4.107e+02
  78600.00  4.025e+02
  79000.00  3.945e+02
  79400.00  3.867e+02
  79800.00  3.791e+02
  80200.00  3.717e+02
  80600.00  3.645e+02
  81000.00  3.574e+02
  81400.00  3.505e+02
  81800.00  3.438e+02
  82200.00  3.373e+02
  82600.00  3.309e+02
  83000.00  3.246e+02
  83400.00  3.185e+02
  83800.00  3.125e+02
  84200.00  3.067e+02
  84600.00  3.010e+02
  85000.00  2.955e+02
  85400.00  2.900e+02
  85800.00  2.847e+02
  86200.00  2.795e+02
  86600.00  2.745e+02
  87000.00  2.695e+02
  87400.00  2.647e+02
  87800.00  2.599e+02
  88200.00  2.553e+02
  88600.00  2.508e+02
  89000.00  2.463e+02
  89400.00  2.420e+02
  89800.00  2.378e+02
  90200.00  2.336e+02
  90600.00  2.296e+02
  91000.00  2.256e+02
  91400.00  2.217e+02
  91800.00  2.179e+02
  92200.00  2.142e+02
  92600.00  2.106e+02
  93000.00  2.070e+02
  93400.00  2.035e+02
  93800.00  2.001e+02
  94200.00  1.968e+02
  94600.00  1.935e+02
  95000.00  1.903e+02
  95400.00  1.871e+02
  95800.00  1.841e+02
  96200.00  1.811e+02
  96600.00  1.781e+02
  97000.00  1.752e+02
  97400.00  1.724e+02
  97800.00  1.696e+02
  98200.00  1.669e+02
  98600.00  1.642e+02
  99000.00  1.616e+02
  99400.00  1.591e+02
  99800.00  1.565e+02
 100200.00  1.541e+02
 200000.00  9.828e+00
 400000.00  6.099e-01
 600000.00  1.193e-01
 800000.00  3.744e-02
