     90.90  0.000e+00
     93.50  0.000e+00
     96.10  0.000e+00
     97.70  0.000e+00
     99.60  0.000e+00
    102.00  0.000e+00
    103.80  0.000e+00
    105.60  0.000e+00
    107.70  0.000e+00
    110.40  0.000e+00
    114.00  0.000e+00
    117.80  0.000e+00
    121.30  0.000e+00
    124.80  0.000e+00
    127.10  0.000e+00
    128.40  0.000e+00
    130.50  0.000e+00
    132.40  0.000e+00
    133.90  0.000e+00
    136.60  0.000e+00
    139.80  0.000e+00
    143.30  0.000e+00
    147.20  0.000e+00
    151.00  0.000e+00
    155.20  0.000e+00
    158.80  0.000e+00
    162.00  0.000e+00
    166.00  0.000e+00
    170.30  0.000e+00
    173.40  0.000e+00
    176.80  0.000e+00
    180.20  0.000e+00
    181.70  0.000e+00
    186.10  0.000e+00
    191.00  0.000e+00
    193.90  0.000e+00
    198.40  0.000e+00
    201.80  0.000e+00
    205.00  0.000e+00
    210.50  0.000e+00
    216.20  0.000e+00
    219.80  0.000e+00
    223.00  0.000e+00
    226.80  0.000e+00
    230.00  0.000e+00
    234.00  0.000e+00
    240.00  0.000e+00
    246.50  0.000e+00
    252.40  0.000e+00
    256.80  0.000e+00
    260.00  0.000e+00
    264.00  0.000e+00
    268.50  0.000e+00
    273.50  0.000e+00
    278.50  0.000e+00
    284.00  0.000e+00
    290.00  0.000e+00
    296.00  0.000e+00
    301.00  0.000e+00
    308.00  0.000e+00
    318.00  0.000e+00
    328.00  0.000e+00
    338.00  0.000e+00
    348.00  0.000e+00
    357.00  0.000e+00
    366.00  0.000e+00
    375.00  0.000e+00
    385.00  0.000e+00
    395.00  0.000e+00
    405.00  0.000e+00
    414.00  0.000e+00
    422.00  0.000e+00
    430.00  0.000e+00
    441.00  0.000e+00
    451.00  0.000e+00
    460.00  0.000e+00
    470.00  0.000e+00
    480.00  0.000e+00
    490.00  0.000e+00
    500.00  0.000e+00
    506.00  1.291e-10
    512.00  2.366e-10
    520.00  4.565e-10
    530.00  1.012e-09
    540.00  2.155e-09
    550.00  4.508e-09
    560.00  9.157e-09
    570.00  1.815e-08
    580.00  3.499e-08
    590.00  6.669e-08
    600.00  1.239e-07
    610.00  2.261e-07
    620.00  4.048e-07
    630.00  7.124e-07
    640.00  1.233e-06
    650.00  2.101e-06
    658.00  3.184e-06
    665.00  4.541e-06
    675.00  7.459e-06
    685.00  1.209e-05
    695.00  1.933e-05
    705.00  3.047e-05
    716.00  4.972e-05
    726.00  7.655e-05
    735.00  1.118e-04
    745.00  1.685e-04
    755.00  2.514e-04
    765.00  3.712e-04
    775.00  5.427e-04
    785.00  7.859e-04
    795.00  1.125e-03
    805.00  1.602e-03
    815.00  2.260e-03
    825.00  3.160e-03
    835.00  4.380e-03
    845.00  6.028e-03
    855.00  8.231e-03
    865.00  1.116e-02
    875.00  1.500e-02
    885.00  2.006e-02
    895.00  2.663e-02
    905.00  3.509e-02
    915.00  3.992e+00
    925.00  2.169e+01
    935.00  3.111e+01
    945.00  4.421e+01
    955.00  6.428e+01
    965.00  8.197e+01
    975.00  8.391e+01
    985.00  1.144e+02
    995.00  1.264e+02
   1005.00  1.644e+02
   1015.00  1.976e+02
   1025.00  1.648e+02
   1035.00  2.661e+02
   1045.00  3.231e+02
   1055.00  3.761e+02
   1065.00  4.115e+02
   1075.00  4.932e+02
   1085.00  5.609e+02
   1095.00  6.038e+02
   1105.00  2.080e+03
   1115.00  5.757e+03
   1125.00  7.330e+03
   1135.00  9.178e+03
   1145.00  8.277e+03
   1155.00  8.395e+03
   1165.00  8.291e+03
   1175.00  6.563e+03
   1185.00  5.163e+03
   1195.00  2.581e+03
   1205.00  2.531e+03
   1215.00  5.430e+02
   1225.00  2.792e+03
   1235.00  6.440e+03
   1245.00  2.357e+04
   1255.00  1.064e+05
   1265.00  1.480e+05
   1275.00  7.280e+05
   1285.00  1.363e+06
   1295.00  1.506e+06
   1305.00  7.706e+05
   1315.00  2.020e+06
   1325.00  2.523e+06
   1335.00  2.076e+06
   1345.00  3.311e+06
   1355.00  3.251e+06
   1365.00  2.825e+06
   1375.00  3.314e+06
   1385.00  3.309e+06
   1395.00  3.647e+06
   1405.00  3.760e+06
   1415.00  3.358e+06
   1425.00  3.976e+06
   1435.00  3.526e+06
   1442.00  4.069e+06
   1447.00  4.841e+06
   1455.00  4.667e+06
   1465.00  4.096e+06
   1475.00  3.925e+06
   1485.00  4.542e+06
   1495.00  4.939e+06
   1505.00  5.159e+06
   1512.00  4.342e+06
   1517.00  4.871e+06
   1525.00  4.204e+06
   1535.00  3.598e+06
   1545.00  5.112e+06
   1555.00  4.349e+06
   1565.00  3.897e+06
   1575.00  4.521e+06
   1585.00  5.088e+06
   1595.00  5.675e+06
   1605.00  5.117e+06
   1615.00  4.933e+06
   1625.00  4.299e+06
   1635.00  4.694e+06
   1645.00  5.046e+06
   1655.00  3.923e+06
   1665.00  4.999e+06
   1672.00  2.721e+06
   1677.00  4.869e+06
   1685.00  5.559e+06
   1695.00  5.087e+06
   1705.00  4.661e+06
   1715.00  4.650e+06
   1725.00  4.598e+06
   1735.00  5.074e+06
   1745.00  4.916e+06
   1755.00  5.704e+06
   1765.00  4.608e+06
   1775.00  5.291e+06
   1785.00  5.078e+06
   1795.00  6.007e+06
   1805.00  5.652e+06
   1815.00  5.593e+06
   1825.00  5.320e+06
   1835.00  5.026e+06
   1845.00  4.514e+06
   1855.00  4.907e+06
   1865.00  4.982e+06
   1875.00  5.194e+06
   1885.00  5.085e+06
   1895.00  5.178e+06
   1905.00  4.831e+06
   1915.00  5.141e+06
   1925.00  5.246e+06
   1935.00  4.951e+06
   1945.00  5.347e+06
   1955.00  5.264e+06
   1967.00  5.580e+06
   1976.00  5.520e+06
   1984.00  5.303e+06
   1995.00  5.085e+06
   2005.00  4.992e+06
   2015.00  4.738e+06
   2025.00  4.743e+06
   2035.00  4.896e+06
   2045.00  5.216e+06
   2055.00  4.904e+06
   2065.00  4.761e+06
   2074.00  5.237e+06
   2078.00  5.314e+06
   2085.00  5.195e+06
   2095.00  4.985e+06
   2105.00  4.727e+06
   2115.00  4.732e+06
   2125.00  4.873e+06
   2135.00  3.983e+06
   2145.00  4.532e+06
   2155.00  4.659e+06
   2165.00  4.349e+06
   2175.00  4.273e+06
   2185.00  4.312e+06
   2195.00  4.652e+06
   2205.00  4.401e+06
   2215.00  3.971e+06
   2225.00  3.832e+06
   2235.00  4.386e+06
   2245.00  3.894e+06
   2255.00  3.743e+06
   2265.00  3.811e+06
   2275.00  4.049e+06
   2285.00  4.229e+06
   2295.00  3.956e+06
   2305.00  3.881e+06
   2315.00  3.662e+06
   2325.00  2.504e+06
   2335.00  3.247e+06
   2345.00  2.918e+06
   2355.00  3.626e+06
   2365.00  2.948e+06
   2375.00  3.279e+06
   2385.00  2.677e+06
   2395.00  3.097e+06
   2405.00  2.902e+06
   2415.00  3.068e+06
   2425.00  3.485e+06
   2435.00  3.320e+06
   2445.00  3.586e+06
   2455.00  3.440e+06
   2465.00  3.425e+06
   2475.00  3.260e+06
   2485.00  3.458e+06
   2495.00  3.305e+06
   2505.00  3.800e+06
   2513.00  3.241e+06
   2518.00  3.332e+06
   2525.00  3.044e+06
   2535.00  3.004e+06
   2545.00  3.016e+06
   2555.00  3.322e+06
   2565.00  3.250e+06
   2575.00  3.547e+06
   2585.00  3.496e+06
   2595.00  3.336e+06
   2605.00  3.170e+06
   2615.00  3.102e+06
   2625.00  3.456e+06
   2635.00  3.496e+06
   2645.00  4.068e+06
   2655.00  4.001e+06
   2665.00  3.585e+06
   2675.00  3.787e+06
   2685.00  3.714e+06
   2695.00  3.559e+06
   2705.00  3.678e+06
   2715.00  3.449e+06
   2725.00  3.501e+06
   2735.00  3.806e+06
   2745.00  3.026e+06
   2755.00  3.137e+06
   2765.00  3.290e+06
   2775.00  3.596e+06
   2785.00  3.427e+06
   2795.00  2.133e+06
   2805.00  2.505e+06
   2815.00  3.658e+06
   2825.00  3.815e+06
   2835.00  3.639e+06
   2845.00  3.500e+06
   2855.00  3.385e+06
   2865.00  3.670e+06
   2875.00  3.539e+06
   2885.00  3.613e+06
   2895.00  3.450e+06
   2910.00  3.878e+06
   2930.00  3.717e+06
   2950.00  3.699e+06
   2970.00  3.754e+06
   2990.00  3.806e+06
   3010.00  3.878e+06
   3030.00  3.813e+06
   3050.00  3.779e+06
   3070.00  3.744e+06
   3090.00  3.814e+06
   3110.00  3.694e+06
   3130.00  3.682e+06
   3150.00  3.742e+06
   3170.00  3.716e+06
   3190.00  3.560e+06
   3210.00  3.650e+06
   3230.00  3.568e+06
   3250.00  3.605e+06
   3270.00  3.613e+06
   3290.00  3.639e+06
   3310.00  3.659e+06
   3330.00  3.582e+06
   3350.00  3.530e+06
   3370.00  3.526e+06
   3390.00  3.494e+06
   3410.00  3.556e+06
   3430.00  3.544e+06
   3450.00  3.518e+06
   3470.00  3.467e+06
   3490.00  3.444e+06
   3510.00  3.491e+06
   3530.00  3.498e+06
   3550.00  3.499e+06
   3570.00  3.427e+06
   3590.00  3.409e+06
   3610.00  3.398e+06
   3630.00  3.390e+06
   3640.00  3.376e+06
   3650.00  3.449e+06
   3670.00  3.207e+06
   3690.00  3.221e+06
   3710.00  4.227e+06
   3730.00  4.606e+06
   3750.00  6.244e+06
   3770.00  6.533e+06
   3790.00  8.171e+06
   3810.00  9.315e+06
   3830.00  7.240e+06
   3850.00  9.931e+06
   3870.00  1.082e+07
   3890.00  6.451e+06
   3910.00  1.056e+07
   3930.00  9.776e+06
   3950.00  1.046e+07
   3970.00  5.988e+06
   3990.00  1.019e+07
   4010.00  1.049e+07
   4030.00  1.036e+07
   4050.00  1.027e+07
   4070.00  9.944e+06
   4090.00  8.473e+06
   4110.00  6.456e+06
   4130.00  9.419e+06
   4150.00  9.630e+06
   4170.00  9.437e+06
   4190.00  9.339e+06
   4210.00  9.225e+06
   4230.00  9.048e+06
   4250.00  8.913e+06
   4270.00  8.717e+06
   4290.00  8.708e+06
   4310.00  8.324e+06
   4330.00  6.797e+06
   4350.00  5.773e+06
   4370.00  8.172e+06
   4390.00  8.071e+06
   4410.00  7.993e+06
   4430.00  7.941e+06
   4450.00  7.903e+06
   4470.00  7.797e+06
   4490.00  7.623e+06
   4510.00  7.611e+06
   4530.00  7.465e+06
   4550.00  7.262e+06
   4570.00  7.340e+06
   4590.00  7.159e+06
   4610.00  7.230e+06
   4630.00  7.001e+06
   4650.00  7.036e+06
   4670.00  6.925e+06
   4690.00  6.821e+06
   4710.00  6.578e+06
   4730.00  6.680e+06
   4750.00  6.612e+06
   4770.00  6.531e+06
   4790.00  6.445e+06
   4810.00  6.321e+06
   4830.00  6.154e+06
   4850.00  5.074e+06
   4870.00  4.068e+06
   4890.00  5.869e+06
   4910.00  5.945e+06
   4930.00  5.837e+06
   4950.00  5.826e+06
   4970.00  5.794e+06
   4990.00  5.689e+06
   5010.00  5.533e+06
   5030.00  5.532e+06
   5050.00  5.426e+06
   5070.00  5.431e+06
   5090.00  5.370e+06
   5110.00  5.299e+06
   5130.00  5.234e+06
   5150.00  5.146e+06
   5170.00  5.038e+06
   5190.00  4.992e+06
   5210.00  4.980e+06
   5230.00  4.871e+06
   5250.00  4.885e+06
   5270.00  4.746e+06
   5290.00  4.780e+06
   5310.00  4.674e+06
   5330.00  4.634e+06
   5350.00  4.636e+06
   5370.00  4.563e+06
   5390.00  4.517e+06
   5410.00  4.445e+06
   5430.00  4.406e+06
   5450.00  4.382e+06
   5470.00  4.331e+06
   5490.00  4.291e+06
   5510.00  4.241e+06
   5530.00  4.188e+06
   5550.00  4.158e+06
   5570.00  4.107e+06
   5590.00  4.070e+06
   5610.00  4.033e+06
   5630.00  3.989e+06
   5650.00  3.940e+06
   5670.00  3.898e+06
   5690.00  3.864e+06
   5710.00  3.824e+06
   5730.00  3.787e+06
   5750.00  3.743e+06
   5770.00  3.705e+06
   5790.00  3.662e+06
   5810.00  3.627e+06
   5830.00  3.590e+06
   5850.00  3.555e+06
   5870.00  3.512e+06
   5890.00  3.453e+06
   5910.00  3.444e+06
   5930.00  3.411e+06
   5950.00  3.365e+06
   5970.00  3.338e+06
   5990.00  3.294e+06
   6010.00  3.268e+06
   6030.00  3.240e+06
   6050.00  3.205e+06
   6070.00  3.175e+06
   6090.00  3.143e+06
   6110.00  3.110e+06
   6130.00  3.077e+06
   6150.00  3.007e+06
   6170.00  3.016e+06
   6190.00  2.991e+06
   6210.00  2.962e+06
   6230.00  2.929e+06
   6250.00  2.873e+06
   6270.00  2.877e+06
   6290.00  2.848e+06
   6310.00  2.813e+06
   6330.00  2.792e+06
   6350.00  2.734e+06
   6370.00  2.716e+06
   6390.00  2.709e+06
   6410.00  2.679e+06
   6430.00  2.658e+06
   6450.00  2.611e+06
   6470.00  2.608e+06
   6490.00  2.569e+06
   6510.00  2.541e+06
   6530.00  2.490e+06
   6550.00  2.219e+06
   6570.00  1.772e+06
   6590.00  2.376e+06
   6610.00  2.421e+06
   6630.00  2.411e+06
   6650.00  2.394e+06
   6670.00  2.374e+06
   6690.00  2.353e+06
   6710.00  2.333e+06
   6730.00  2.307e+06
   6750.00  2.289e+06
   6770.00  2.270e+06
   6790.00  2.249e+06
   6810.00  2.228e+06
   6830.00  2.206e+06
   6850.00  2.187e+06
   6870.00  2.168e+06
   6890.00  2.149e+06
   6910.00  2.129e+06
   6930.00  2.110e+06
   6950.00  2.091e+06
   6970.00  2.072e+06
   6990.00  2.055e+06
   7010.00  2.031e+06
   7030.00  2.017e+06
   7050.00  1.999e+06
   7070.00  1.983e+06
   7090.00  1.966e+06
   7110.00  1.934e+06
   7130.00  1.928e+06
   7150.00  1.912e+06
   7170.00  1.897e+06
   7190.00  1.880e+06
   7210.00  1.864e+06
   7230.00  1.845e+06
   7250.00  1.830e+06
   7270.00  1.817e+06
   7290.00  1.800e+06
   7310.00  1.782e+06
   7330.00  1.770e+06
   7350.00  1.756e+06
   7370.00  1.742e+06
   7390.00  1.726e+06
   7410.00  1.705e+06
   7430.00  1.690e+06
   7450.00  1.678e+06
   7470.00  1.659e+06
   7490.00  1.650e+06
   7510.00  1.637e+06
   7530.00  1.626e+06
   7550.00  1.614e+06
   7570.00  1.600e+06
   7590.00  1.587e+06
   7610.00  1.575e+06
   7630.00  1.561e+06
   7650.00  1.547e+06
   7670.00  1.534e+06
   7690.00  1.522e+06
   7710.00  1.506e+06
   7730.00  1.498e+06
   7750.00  1.486e+06
   7770.00  1.443e+06
   7790.00  1.462e+06
   7810.00  1.450e+06
   7830.00  1.437e+06
   7850.00  1.423e+06
   7870.00  1.408e+06
   7890.00  1.395e+06
   7910.00  1.390e+06
   7930.00  1.381e+06
   7950.00  1.363e+06
   7970.00  1.360e+06
   7990.00  1.333e+06
   8010.00  1.338e+06
   8030.00  1.327e+06
   8050.00  1.317e+06
   8070.00  1.306e+06
   8090.00  1.296e+06
   8110.00  1.286e+06
   8130.00  1.277e+06
   8150.00  1.267e+06
   8170.00  1.257e+06
   8190.00  1.240e+06
   8210.00  1.236e+06
   8230.00  1.226e+06
   8250.00  1.221e+06
   8270.00  1.219e+06
   8290.00  1.205e+06
   8310.00  1.188e+06
   8330.00  1.158e+06
   8350.00  1.141e+06
   8370.00  1.117e+06
   8390.00  1.099e+06
   8410.00  1.086e+06
   8430.00  1.101e+06
   8450.00  1.097e+06
   8470.00  1.030e+06
   8490.00  1.158e+06
   8510.00  1.015e+06
   8530.00  1.192e+06
   8550.00  9.612e+05
   8570.00  1.226e+06
   8590.00  1.075e+06
   8610.00  1.034e+06
   8630.00  1.238e+06
   8650.00  1.161e+06
   8670.00  9.066e+05
   8690.00  1.180e+06
   8710.00  1.228e+06
   8730.00  1.173e+06
   8750.00  8.881e+05
   8770.00  1.111e+06
   8790.00  1.201e+06
   8810.00  1.197e+06
   8830.00  1.168e+06
   8850.00  1.048e+06
   8870.00  8.636e+05
   8890.00  1.121e+06
   8910.00  1.148e+06
   8930.00  1.146e+06
   8950.00  1.146e+06
   8970.00  1.130e+06
   8990.00  1.088e+06
   9010.00  8.520e+05
   9030.00  9.462e+05
   9050.00  1.079e+06
   9070.00  1.072e+06
   9090.00  1.063e+06
   9110.00  1.074e+06
   9130.00  1.070e+06
   9150.00  1.065e+06
   9170.00  1.052e+06
   9190.00  1.030e+06
   9210.00  9.687e+05
   9230.00  7.384e+05
   9250.00  9.313e+05
   9270.00  9.760e+05
   9290.00  1.006e+06
   9310.00  1.004e+06
   9330.00  9.971e+05
   9350.00  9.919e+05
   9370.00  9.852e+05
   9390.00  9.705e+05
   9410.00  9.542e+05
   9430.00  9.614e+05
   9450.00  9.545e+05
   9470.00  9.454e+05
   9490.00  9.358e+05
   9510.00  9.180e+05
   9530.00  8.488e+05
   9550.00  6.687e+05
   9570.00  8.543e+05
   9590.00  8.954e+05
   9610.00  8.930e+05
   9630.00  8.801e+05
   9650.00  8.885e+05
   9670.00  8.765e+05
   9690.00  8.751e+05
   9710.00  8.716e+05
   9730.00  8.648e+05
   9750.00  8.582e+05
   9770.00  8.530e+05
   9790.00  8.468e+05
   9810.00  8.401e+05
   9830.00  8.326e+05
   9850.00  8.257e+05
   9870.00  8.207e+05
   9890.00  8.111e+05
   9910.00  8.102e+05
   9930.00  8.028e+05
   9950.00  7.982e+05
   9970.00  7.924e+05
   9990.00  7.844e+05
  10025.00  7.208e+05
  10075.00  6.830e+05
  10125.00  7.438e+05
  10175.00  7.390e+05
  10225.00  7.280e+05
  10275.00  7.158e+05
  10325.00  7.031e+05
  10375.00  6.916e+05
  10425.00  6.803e+05
  10475.00  6.664e+05
  10525.00  6.554e+05
  10575.00  6.461e+05
  10625.00  6.362e+05
  10675.00  6.186e+05
  10725.00  6.125e+05
  10775.00  6.044e+05
  10825.00  5.945e+05
  10875.00  5.812e+05
  10925.00  4.976e+05
  10975.00  5.417e+05
  11025.00  5.574e+05
  11075.00  5.507e+05
  11125.00  5.421e+05
  11175.00  5.337e+05
  11225.00  5.255e+05
  11275.00  5.108e+05
  11325.00  5.037e+05
  11375.00  5.008e+05
  11425.00  4.927e+05
  11475.00  4.863e+05
  11525.00  4.790e+05
  11575.00  4.716e+05
  11625.00  4.622e+05
  11675.00  4.537e+05
  11725.00  4.507e+05
  11775.00  4.390e+05
  11825.00  4.354e+05
  11875.00  4.279e+05
  11925.00  4.247e+05
  11975.00  4.166e+05
  12025.00  4.120e+05
  12075.00  4.053e+05
  12125.00  3.996e+05
  12175.00  3.943e+05
  12225.00  3.885e+05
  12275.00  3.824e+05
  12325.00  3.772e+05
  12375.00  3.720e+05
  12425.00  3.672e+05
  12475.00  3.607e+05
  12525.00  3.567e+05
  12575.00  3.501e+05
  12625.00  3.461e+05
  12675.00  3.419e+05
  12725.00  3.362e+05
  12775.00  3.256e+05
  12825.00  2.827e+05
  12875.00  3.188e+05
  12925.00  3.183e+05
  12975.00  3.147e+05
  13025.00  3.105e+05
  13075.00  3.063e+05
  13125.00  3.021e+05
  13175.00  2.971e+05
  13225.00  2.941e+05
  13275.00  2.902e+05
  13325.00  2.863e+05
  13375.00  2.825e+05
  13425.00  2.787e+05
  13475.00  2.749e+05
  13525.00  2.709e+05
  13575.00  2.675e+05
  13625.00  2.642e+05
  13675.00  2.605e+05
  13725.00  2.565e+05
  13775.00  2.541e+05
  13825.00  2.508e+05
  13875.00  2.477e+05
  13925.00  2.443e+05
  13975.00  2.414e+05
  14025.00  2.383e+05
  14075.00  2.353e+05
  14125.00  2.323e+05
  14175.00  2.294e+05
  14225.00  2.265e+05
  14275.00  2.237e+05
  14325.00  2.208e+05
  14375.00  2.182e+05
  14425.00  2.136e+05
  14475.00  2.127e+05
  14525.00  2.092e+05
  14570.00  2.078e+05
  14620.00  2.106e+05
  14675.00  2.142e+05
  14725.00  2.089e+05
  14775.00  2.029e+05
  14825.00  1.986e+05
  14875.00  1.939e+05
  14925.00  1.905e+05
  14975.00  1.864e+05
  15025.00  1.831e+05
  15075.00  1.800e+05
  15125.00  1.775e+05
  15175.00  1.756e+05
  15225.00  1.754e+05
  15275.00  1.703e+05
  15325.00  1.691e+05
  15375.00  1.706e+05
  15425.00  1.632e+05
  15475.00  1.676e+05
  15525.00  1.665e+05
  15575.00  1.554e+05
  15625.00  1.677e+05
  15675.00  1.583e+05
  15725.00  1.510e+05
  15775.00  1.627e+05
  15825.00  1.603e+05
  15875.00  1.413e+05
  15925.00  1.534e+05
  15975.00  1.569e+05
  16050.00  1.512e+05
  16150.00  1.408e+05
  16250.00  1.477e+05
  16350.00  1.408e+05
  16450.00  1.317e+05
  16550.00  1.382e+05
  16650.00  1.353e+05
  16750.00  1.287e+05
  16850.00  1.205e+05
  16950.00  1.265e+05
  17050.00  1.239e+05
  17150.00  1.214e+05
  17250.00  1.181e+05
  17350.00  1.063e+05
  17450.00  1.122e+05
  17550.00  1.111e+05
  17650.00  1.088e+05
  17750.00  1.067e+05
  17850.00  1.045e+05
  17950.00  1.025e+05
  18050.00  9.978e+04
  18150.00  9.084e+04
  18250.00  9.438e+04
  18350.00  9.433e+04
  18450.00  9.251e+04
  18550.00  9.051e+04
  18650.00  8.839e+04
  18750.00  8.011e+04
  18850.00  8.468e+04
  18950.00  8.359e+04
  19050.00  8.213e+04
  19150.00  8.054e+04
  19250.00  7.896e+04
  19350.00  7.696e+04
  19450.00  6.983e+04
  19550.00  7.407e+04
  19650.00  7.314e+04
  19750.00  7.173e+04
  19850.00  7.043e+04
  19950.00  6.912e+04
  20050.00  6.784e+04
  20150.00  6.659e+04
  20250.00  6.537e+04
  20350.00  6.416e+04
  20450.00  6.301e+04
  20550.00  6.187e+04
  20650.00  6.073e+04
  20750.00  5.965e+04
  20850.00  5.859e+04
  20950.00  5.755e+04
  21050.00  5.652e+04
  21150.00  5.546e+04
  21250.00  5.449e+04
  21350.00  5.354e+04
  21450.00  5.266e+04
  21550.00  5.148e+04
  21650.00  4.700e+04
  21750.00  4.950e+04
  21850.00  4.912e+04
  21950.00  4.831e+04
  22050.00  4.748e+04
  22150.00  4.664e+04
  22250.00  4.591e+04
  22350.00  4.514e+04
  22450.00  4.439e+04
  22550.00  4.364e+04
  22650.00  4.293e+04
  22750.00  4.222e+04
  22850.00  4.175e+04
  22950.00  4.176e+04
  23050.00  4.093e+04
  23150.00  4.010e+04
  23250.00  3.929e+04
  23350.00  3.851e+04
  23450.00  3.780e+04
  23550.00  3.705e+04
  23650.00  3.638e+04
  23750.00  3.572e+04
  23850.00  3.510e+04
  23950.00  3.452e+04
  24050.00  3.392e+04
  24150.00  3.331e+04
  24250.00  3.302e+04
  24350.00  3.236e+04
  24450.00  3.177e+04
  24550.00  3.160e+04
  24650.00  3.087e+04
  24750.00  3.044e+04
  24850.00  3.051e+04
  24950.00  2.887e+04
  25050.00  2.995e+04
  25150.00  2.928e+04
  25250.00  2.743e+04
  25350.00  2.827e+04
  25450.00  2.811e+04
  25550.00  2.743e+04
  25650.00  2.565e+04
  25750.00  2.673e+04
  25850.00  2.650e+04
  25950.00  2.611e+04
  26050.00  2.530e+04
  26150.00  2.374e+04
  26250.00  2.301e+04
  26350.00  2.436e+04
  26450.00  2.429e+04
  26550.00  2.394e+04
  26650.00  2.341e+04
  26750.00  2.165e+04
  26850.00  2.276e+04
  26950.00  2.266e+04
  27050.00  2.236e+04
  27150.00  2.205e+04
  27250.00  2.174e+04
  27350.00  2.144e+04
  27450.00  2.104e+04
  27550.00  1.952e+04
  27650.00  2.002e+04
  27750.00  2.024e+04
  27850.00  2.001e+04
  27950.00  1.974e+04
  28050.00  1.947e+04
  28150.00  1.921e+04
  28250.00  1.895e+04
  28350.00  1.869e+04
  28450.00  1.844e+04
  28550.00  1.817e+04
  28650.00  1.764e+04
  28750.00  1.647e+04
  28850.00  1.737e+04
  28950.00  1.723e+04
  29050.00  1.703e+04
  29150.00  1.679e+04
  29250.00  1.659e+04
  29350.00  1.637e+04
  29450.00  1.616e+04
  29550.00  1.595e+04
  29650.00  1.575e+04
  29750.00  1.555e+04
  29850.00  1.535e+04
  29950.00  1.515e+04
  30050.00  1.496e+04
  30150.00  1.477e+04
  30250.00  1.452e+04
  30350.00  1.360e+04
  30450.00  1.374e+04
  30550.00  1.400e+04
  30650.00  1.387e+04
  30750.00  1.369e+04
  30850.00  1.352e+04
  30950.00  1.336e+04
  31050.00  1.319e+04
  31150.00  1.303e+04
  31250.00  1.287e+04
  31350.00  1.272e+04
  31450.00  1.256e+04
  31550.00  1.241e+04
  31650.00  1.226e+04
  31750.00  1.211e+04
  31850.00  1.197e+04
  31950.00  1.182e+04
  32100.00  1.161e+04
  32300.00  1.134e+04
  32500.00  1.108e+04
  32700.00  1.081e+04
  32900.00  1.011e+04
  33100.00  1.029e+04
  33300.00  1.016e+04
  33500.00  9.914e+03
  33700.00  9.665e+03
  33900.00  9.436e+03
  34100.00  9.214e+03
  34300.00  8.998e+03
  34500.00  8.790e+03
  34700.00  8.585e+03
  34900.00  8.391e+03
  35100.00  8.207e+03
  35300.00  8.031e+03
  35500.00  7.848e+03
  35700.00  7.667e+03
  35900.00  7.552e+03
  36100.00  7.331e+03
  36300.00  7.246e+03
  36500.00  7.012e+03
  36700.00  6.965e+03
  36900.00  6.694e+03
  37100.00  6.669e+03
  37300.00  6.415e+03
  37500.00  6.135e+03
  37700.00  6.277e+03
  37900.00  6.170e+03
  38100.00  5.933e+03
  38300.00  5.837e+03
  38500.00  5.811e+03
  38700.00  5.694e+03
  38900.00  5.553e+03
  39100.00  5.292e+03
  39300.00  5.357e+03
  39500.00  5.262e+03
  39700.00  5.162e+03
  39900.00  5.060e+03
  40100.00  4.876e+03
  40300.00  4.743e+03
  40500.00  4.595e+03
  40700.00  4.674e+03
  40900.00  4.598e+03
  41100.00  4.513e+03
  41300.00  4.429e+03
  41500.00  4.333e+03
  41700.00  4.097e+03
  41900.00  4.171e+03
  42100.00  4.110e+03
  42300.00  4.036e+03
  42500.00  3.963e+03
  42700.00  3.892e+03
  42900.00  3.822e+03
  43100.00  3.753e+03
  43300.00  3.686e+03
  43500.00  3.617e+03
  43700.00  3.429e+03
  43900.00  3.456e+03
  44100.00  3.432e+03
  44300.00  3.373e+03
  44500.00  3.315e+03
  44700.00  3.273e+03
  44900.00  3.216e+03
  45100.00  3.161e+03
  45300.00  3.107e+03
  45500.00  3.054e+03
  45700.00  3.002e+03
  45900.00  2.952e+03
  46100.00  2.902e+03
  46300.00  2.845e+03
  46500.00  2.689e+03
  46700.00  2.631e+03
  46900.00  2.695e+03
  47100.00  2.669e+03
  47300.00  2.626e+03
  47500.00  2.582e+03
  47700.00  2.541e+03
  47900.00  2.500e+03
  48100.00  2.460e+03
  48300.00  2.420e+03
  48500.00  2.381e+03
  48700.00  2.344e+03
  48900.00  2.306e+03
  49100.00  2.270e+03
  49300.00  2.234e+03
  49500.00  2.199e+03
  49700.00  2.165e+03
  49900.00  2.131e+03
  50100.00  2.098e+03
  50300.00  2.066e+03
  50500.00  2.034e+03
  50700.00  2.003e+03
  50900.00  1.972e+03
  51100.00  1.931e+03
  51300.00  1.829e+03
  51500.00  1.877e+03
  51700.00  1.856e+03
  51900.00  1.828e+03
  52100.00  1.801e+03
  52300.00  1.774e+03
  52500.00  1.748e+03
  52700.00  1.722e+03
  52900.00  1.697e+03
  53100.00  1.672e+03
  53300.00  1.647e+03
  53500.00  1.623e+03
  53700.00  1.600e+03
  53900.00  1.577e+03
  54100.00  1.554e+03
  54300.00  1.532e+03
  54500.00  1.510e+03
  54700.00  1.488e+03
  54900.00  1.468e+03
  55100.00  1.447e+03
  55300.00  1.426e+03
  55500.00  1.406e+03
  55700.00  1.387e+03
  55900.00  1.367e+03
  56100.00  1.348e+03
  56300.00  1.330e+03
  56500.00  1.311e+03
  56700.00  1.293e+03
  56900.00  1.276e+03
  57100.00  1.258e+03
  57300.00  1.241e+03
  57500.00  1.224e+03
  57700.00  1.208e+03
  57900.00  1.192e+03
  58100.00  1.176e+03
  58300.00  1.160e+03
  58500.00  1.147e+03
  58700.00  1.132e+03
  58900.00  1.109e+03
  59100.00  1.054e+03
  59300.00  1.083e+03
  59500.00  1.073e+03
  59700.00  1.060e+03
  59900.00  1.046e+03
  60100.00  1.032e+03
  60300.00  1.019e+03
  60500.00  1.006e+03
  60700.00  9.927e+02
  60900.00  9.799e+02
  61100.00  9.673e+02
  61300.00  9.551e+02
  61500.00  9.429e+02
  61700.00  9.310e+02
  61900.00  9.193e+02
  62100.00  9.077e+02
  62300.00  8.963e+02
  62500.00  8.851e+02
  62700.00  8.741e+02
  62900.00  8.632e+02
  63100.00  8.525e+02
  63300.00  8.419e+02
  63500.00  8.316e+02
  63700.00  8.214e+02
  63900.00  8.114e+02
  64200.00  7.966e+02
  64600.00  7.774e+02
  65000.00  7.587e+02
  65400.00  7.407e+02
  65800.00  7.232e+02
  66200.00  7.060e+02
  66600.00  6.896e+02
  67000.00  6.736e+02
  67400.00  6.580e+02
  67800.00  6.428e+02
  68200.00  6.281e+02
  68600.00  6.138e+02
  69000.00  5.999e+02
  69400.00  5.864e+02
  69800.00  5.733e+02
  70200.00  5.606e+02
  70600.00  5.482e+02
  71000.00  5.362e+02
  71400.00  5.244e+02
  71800.00  5.130e+02
  72200.00  5.019e+02
  72600.00  4.911e+02
  73000.00  4.806e+02
  73400.00  4.704e+02
  73800.00  4.604e+02
  74200.00  4.503e+02
  74600.00  4.313e+02
  75000.00  4.209e+02
  75400.00  4.226e+02
  75800.00  4.145e+02
  76200.00  4.060e+02
  76600.00  3.977e+02
  77000.00  3.896e+02
  77400.00  3.818e+02
  77800.00  3.741e+02
  78200.00  3.666e+02
  78600.00  3.593e+02
  79000.00  3.522e+02
  79400.00  3.453e+02
  79800.00  3.385e+02
  80200.00  3.319e+02
  80600.00  3.255e+02
  81000.00  3.192e+02
  81400.00  3.131e+02
  81800.00  3.071e+02
  82200.00  3.012e+02
  82600.00  2.955e+02
  83000.00  2.899e+02
  83400.00  2.845e+02
  83800.00  2.791e+02
  84200.00  2.740e+02
  84600.00  2.689e+02
  85000.00  2.640e+02
  85400.00  2.591e+02
  85800.00  2.544e+02
  86200.00  2.498e+02
  86600.00  2.452e+02
  87000.00  2.408e+02
  87400.00  2.365e+02
  87800.00  2.323e+02
  88200.00  2.281e+02
  88600.00  2.241e+02
  89000.00  2.202e+02
  89400.00  2.163e+02
  89800.00  2.125e+02
  90200.00  2.088e+02
  90600.00  2.052e+02
  91000.00  2.017e+02
  91400.00  1.982e+02
  91800.00  1.948e+02
  92200.00  1.915e+02
  92600.00  1.883e+02
  93000.00  1.851e+02
  93400.00  1.820e+02
  93800.00  1.789e+02
  94200.00  1.759e+02
  94600.00  1.730e+02
  95000.00  1.701e+02
  95400.00  1.673e+02
  95800.00  1.646e+02
  96200.00  1.619e+02
  96600.00  1.593e+02
  97000.00  1.567e+02
  97400.00  1.542e+02
  97800.00  1.517e+02
  98200.00  1.493e+02
  98600.00  1.469e+02
  99000.00  1.445e+02
  99400.00  1.423e+02
  99800.00  1.400e+02
 100200.00  1.378e+02
 200000.00  8.826e+00
 400000.00  5.489e-01
 600000.00  1.075e-01
 800000.00  3.374e-02
