     90.90  0.000e+00
     93.50  0.000e+00
     96.10  0.000e+00
     97.70  0.000e+00
     99.60  0.000e+00
    102.00  0.000e+00
    103.80  0.000e+00
    105.60  0.000e+00
    107.70  0.000e+00
    110.40  0.000e+00
    114.00  0.000e+00
    117.80  0.000e+00
    121.30  0.000e+00
    124.80  0.000e+00
    127.10  0.000e+00
    128.40  0.000e+00
    130.50  0.000e+00
    132.40  0.000e+00
    133.90  0.000e+00
    136.60  0.000e+00
    139.80  0.000e+00
    143.30  0.000e+00
    147.20  0.000e+00
    151.00  0.000e+00
    155.20  0.000e+00
    158.80  0.000e+00
    162.00  0.000e+00
    166.00  0.000e+00
    170.30  0.000e+00
    173.40  0.000e+00
    176.80  0.000e+00
    180.20  0.000e+00
    181.70  0.000e+00
    186.10  0.000e+00
    191.00  0.000e+00
    193.90  0.000e+00
    198.40  0.000e+00
    201.80  0.000e+00
    205.00  0.000e+00
    210.50  0.000e+00
    216.20  0.000e+00
    219.80  0.000e+00
    223.00  0.000e+00
    226.80  0.000e+00
    230.00  0.000e+00
    234.00  0.000e+00
    240.00  0.000e+00
    246.50  0.000e+00
    252.40  0.000e+00
    256.80  0.000e+00
    260.00  0.000e+00
    264.00  0.000e+00
    268.50  0.000e+00
    273.50  0.000e+00
    278.50  0.000e+00
    284.00  0.000e+00
    290.00  0.000e+00
    296.00  0.000e+00
    301.00  0.000e+00
    308.00  0.000e+00
    318.00  0.000e+00
    328.00  0.000e+00
    338.00  0.000e+00
    348.00  0.000e+00
    357.00  0.000e+00
    366.00  0.000e+00
    375.00  0.000e+00
    385.00  0.000e+00
    395.00  0.000e+00
    405.00  0.000e+00
    414.00  0.000e+00
    422.00  0.000e+00
    430.00  0.000e+00
    441.00  0.000e+00
    451.00  0.000e+00
    460.00  0.000e+00
    470.00  0.000e+00
    480.00  0.000e+00
    490.00  0.000e+00
    500.00  0.000e+00
    506.00  0.000e+00
    512.00  0.000e+00
    520.00  0.000e+00
    530.00  0.000e+00
    540.00  0.000e+00
    550.00  0.000e+00
    560.00  0.000e+00
    570.00  0.000e+00
    580.00  0.000e+00
    590.00  0.000e+00
    600.00  0.000e+00
    610.00  0.000e+00
    620.00  0.000e+00
    630.00  0.000e+00
    640.00  0.000e+00
    650.00  0.000e+00
    658.00  0.000e+00
    665.00  0.000e+00
    675.00  0.000e+00
    685.00  0.000e+00
    695.00  0.000e+00
    705.00  0.000e+00
    716.00  0.000e+00
    726.00  0.000e+00
    735.00  0.000e+00
    745.00  0.000e+00
    755.00  0.000e+00
    765.00  0.000e+00
    775.00  0.000e+00
    785.00  0.000e+00
    795.00  0.000e+00
    805.00  0.000e+00
    815.00  0.000e+00
    825.00  0.000e+00
    835.00  0.000e+00
    845.00  0.000e+00
    855.00  0.000e+00
    865.00  0.000e+00
    875.00  0.000e+00
    885.00  0.000e+00
    895.00  0.000e+00
    905.00  0.000e+00
    915.00  0.000e+00
    925.00  1.835e-12
    935.00  2.673e-12
    945.00  4.496e-12
    955.00  7.279e-12
    965.00  1.211e-11
    975.00  1.742e-11
    985.00  2.735e-11
    995.00  4.105e-11
   1005.00  6.753e-11
   1015.00  1.015e-10
   1025.00  1.136e-10
   1035.00  2.272e-10
   1045.00  3.489e-10
   1055.00  4.611e-10
   1065.00  6.972e-10
   1075.00  1.008e-09
   1085.00  1.433e-09
   1095.00  1.846e-09
   1105.00  2.408e-09
   1115.00  3.470e-09
   1125.00  5.110e-09
   1135.00  7.635e-09
   1145.00  1.060e-08
   1155.00  1.436e-08
   1165.00  1.980e-08
   1175.00  2.721e-08
   1185.00  3.487e-08
   1195.00  4.124e-08
   1205.00  4.706e-08
   1215.00  1.560e-08
   1225.00  7.456e-08
   1235.00  1.241e-07
   1245.00  1.638e-07
   1255.00  2.033e-07
   1265.00  2.539e-07
   1275.00  3.212e-07
   1285.00  3.644e-07
   1295.00  4.588e-07
   1305.00  5.324e-07
   1315.00  7.073e-07
   1325.00  7.721e-07
   1335.00  8.983e-07
   1345.00  1.127e-06
   1355.00  1.470e-06
   1365.00  1.599e-06
   1375.00  1.836e-06
   1385.00  2.071e-06
   1395.00  2.408e-06
   1405.00  3.238e-06
   1415.00  3.906e-06
   1425.00  4.721e-06
   1435.00  6.008e-06
   1442.00  8.088e-06
   1447.00  7.259e-06
   1455.00  8.905e-06
   1465.00  1.228e-05
   1475.00  1.448e-05
   1485.00  1.613e-05
   1495.00  2.283e-05
   1505.00  2.984e-05
   1512.00  2.083e-05
   1517.00  2.947e-05
   1525.00  1.099e-04
   1535.00  2.030e-04
   1545.00  1.563e-04
   1555.00  2.994e-04
   1565.00  2.929e-04
   1575.00  1.227e-03
   1585.00  1.563e-03
   1595.00  1.868e-03
   1605.00  1.886e-03
   1615.00  2.081e-03
   1625.00  2.590e-03
   1635.00  3.747e-03
   1645.00  5.958e-03
   1655.00  3.821e-03
   1665.00  7.523e-03
   1672.00  4.472e-03
   1677.00  6.879e-02
   1685.00  7.726e-02
   1695.00  1.039e-01
   1705.00  1.103e-01
   1715.00  1.286e-01
   1725.00  2.107e-01
   1735.00  2.934e-01
   1745.00  4.537e-01
   1755.00  6.695e-01
   1765.00  6.789e-01
   1775.00  6.585e-01
   1785.00  1.040e+00
   1795.00  1.327e+00
   1805.00  1.605e+00
   1815.00  1.376e+00
   1825.00  2.283e+00
   1835.00  2.219e+00
   1845.00  1.441e+00
   1855.00  2.230e+00
   1865.00  3.197e+00
   1875.00  3.536e+00
   1885.00  4.140e+00
   1895.00  6.171e+00
   1905.00  5.866e+00
   1915.00  6.752e+00
   1925.00  6.677e+00
   1935.00  3.643e+00
   1945.00  9.886e+00
   1955.00  1.098e+01
   1967.00  1.577e+01
   1976.00  1.562e+01
   1984.00  1.927e+01
   1995.00  1.970e+01
   2005.00  2.037e+01
   2015.00  2.260e+01
   2025.00  1.639e+01
   2035.00  2.630e+01
   2045.00  3.114e+01
   2055.00  3.342e+01
   2065.00  3.322e+01
   2074.00  3.524e+01
   2078.00  8.334e+01
   2085.00  1.060e+02
   2095.00  9.734e+01
   2105.00  1.007e+02
   2115.00  1.208e+02
   2125.00  1.004e+02
   2135.00  1.224e+02
   2145.00  1.440e+02
   2155.00  1.402e+02
   2165.00  1.332e+02
   2175.00  1.461e+02
   2185.00  1.648e+02
   2195.00  1.918e+02
   2205.00  1.943e+02
   2215.00  1.528e+02
   2225.00  1.996e+02
   2235.00  3.005e+02
   2245.00  2.993e+02
   2255.00  2.443e+02
   2265.00  1.950e+02
   2275.00  2.725e+02
   2285.00  3.770e+02
   2295.00  3.396e+02
   2305.00  3.198e+02
   2315.00  3.234e+02
   2325.00  3.317e+02
   2335.00  3.394e+02
   2345.00  2.227e+02
   2355.00  3.785e+02
   2365.00  2.537e+02
   2375.00  3.436e+02
   2385.00  2.137e+02
   2395.00  2.873e+02
   2405.00  3.226e+02
   2415.00  3.328e+02
   2425.00  6.418e+02
   2435.00  7.630e+02
   2445.00  9.545e+02
   2455.00  1.026e+03
   2465.00  7.368e+02
   2475.00  6.260e+02
   2485.00  1.449e+02
   2495.00  3.897e+02
   2505.00  7.325e+02
   2513.00  3.278e+02
   2518.00  1.686e+02
   2525.00  2.180e+02
   2535.00  8.842e+02
   2545.00  9.441e+02
   2555.00  3.390e+03
   2565.00  1.510e+03
   2575.00  2.084e+03
   2585.00  1.589e+03
   2595.00  1.319e+03
   2605.00  1.136e+03
   2615.00  1.072e+03
   2625.00  1.532e+03
   2635.00  3.906e+03
   2645.00  7.479e+03
   2655.00  1.464e+04
   2665.00  7.235e+03
   2675.00  7.682e+03
   2685.00  1.087e+04
   2695.00  7.055e+03
   2705.00  1.082e+04
   2715.00  5.427e+03
   2725.00  2.605e+03
   2735.00  4.381e+03
   2745.00  2.227e+03
   2755.00  3.428e+03
   2765.00  5.104e+03
   2775.00  5.441e+03
   2785.00  3.109e+03
   2795.00  8.405e+02
   2805.00  1.163e+03
   2815.00  4.651e+03
   2825.00  7.441e+03
   2835.00  7.434e+03
   2845.00  3.881e+03
   2855.00  1.201e+03
   2865.00  7.225e+03
   2875.00  1.547e+04
   2885.00  1.456e+04
   2895.00  2.105e+04
   2910.00  3.247e+04
   2930.00  3.257e+04
   2950.00  3.197e+04
   2970.00  3.500e+04
   2990.00  3.938e+04
   3010.00  3.871e+04
   3030.00  4.314e+04
   3050.00  4.495e+04
   3070.00  4.383e+04
   3090.00  4.192e+04
   3110.00  4.888e+04
   3130.00  4.100e+04
   3150.00  4.234e+04
   3170.00  5.033e+04
   3190.00  4.218e+04
   3210.00  4.765e+04
   3230.00  3.819e+04
   3250.00  6.202e+04
   3270.00  7.131e+04
   3290.00  6.795e+04
   3310.00  6.269e+04
   3330.00  6.659e+04
   3350.00  6.328e+04
   3370.00  4.512e+04
   3390.00  5.326e+04
   3410.00  5.910e+04
   3430.00  6.398e+04
   3450.00  7.527e+04
   3470.00  7.615e+04
   3490.00  8.452e+04
   3510.00  8.732e+04
   3530.00  7.439e+04
   3550.00  7.905e+04
   3570.00  5.246e+04
   3590.00  6.330e+04
   3610.00  8.727e+04
   3630.00  9.254e+04
   3640.00  9.095e+04
   3650.00  9.882e+04
   3670.00  1.040e+05
   3690.00  1.043e+05
   3710.00  1.198e+05
   3730.00  7.390e+04
   3750.00  8.200e+04
   3770.00  9.749e+04
   3790.00  9.496e+04
   3810.00  8.501e+04
   3830.00  4.544e+04
   3850.00  4.764e+04
   3870.00  5.408e+04
   3890.00  9.928e+04
   3910.00  1.142e+05
   3930.00  4.172e+04
   3950.00  8.422e+04
   3970.00  5.354e+04
   3990.00  1.499e+05
   4010.00  1.744e+05
   4030.00  1.805e+05
   4050.00  1.698e+05
   4070.00  1.608e+05
   4090.00  2.018e+05
   4110.00  2.058e+05
   4130.00  1.824e+05
   4150.00  1.765e+05
   4170.00  1.756e+05
   4190.00  1.738e+05
   4210.00  1.879e+05
   4230.00  1.958e+05
   4250.00  1.970e+05
   4270.00  1.837e+05
   4290.00  1.656e+05
   4310.00  1.316e+05
   4330.00  2.132e+05
   4350.00  2.073e+05
   4370.00  2.257e+05
   4390.00  2.021e+05
   4410.00  2.218e+05
   4430.00  2.411e+05
   4450.00  2.430e+05
   4470.00  2.638e+05
   4490.00  2.701e+05
   4510.00  3.108e+05
   4530.00  2.728e+05
   4550.00  2.807e+05
   4570.00  3.061e+05
   4590.00  2.872e+05
   4610.00  2.990e+05
   4630.00  2.882e+05
   4650.00  2.956e+05
   4670.00  3.035e+05
   4690.00  2.945e+05
   4710.00  2.916e+05
   4730.00  3.069e+05
   4750.00  3.252e+05
   4770.00  3.297e+05
   4790.00  3.274e+05
   4810.00  3.189e+05
   4830.00  3.317e+05
   4850.00  3.106e+05
   4870.00  2.859e+05
   4890.00  3.197e+05
   4910.00  3.166e+05
   4930.00  3.127e+05
   4950.00  3.362e+05
   4970.00  3.272e+05
   4990.00  3.016e+05
   5010.00  2.878e+05
   5030.00  3.058e+05
   5050.00  3.116e+05
   5070.00  3.277e+05
   5090.00  3.046e+05
   5110.00  3.128e+05
   5130.00  2.993e+05
   5150.00  2.922e+05
   5170.00  2.829e+05
   5190.00  2.949e+05
   5210.00  3.083e+05
   5230.00  3.126e+05
   5250.00  3.199e+05
   5270.00  2.858e+05
   5290.00  3.240e+05
   5310.00  3.414e+05
   5330.00  3.044e+05
   5350.00  3.348e+05
   5370.00  3.373e+05
   5390.00  3.266e+05
   5410.00  3.187e+05
   5430.00  3.258e+05
   5450.00  3.453e+05
   5470.00  3.294e+05
   5490.00  3.294e+05
   5510.00  3.263e+05
   5530.00  3.330e+05
   5550.00  3.386e+05
   5570.00  3.332e+05
   5590.00  3.239e+05
   5610.00  3.404e+05
   5630.00  3.333e+05
   5650.00  3.366e+05
   5670.00  3.265e+05
   5690.00  3.381e+05
   5710.00  3.272e+05
   5730.00  3.578e+05
   5750.00  3.404e+05
   5770.00  3.465e+05
   5790.00  3.317e+05
   5810.00  3.458e+05
   5830.00  3.557e+05
   5850.00  3.452e+05
   5870.00  3.475e+05
   5890.00  3.245e+05
   5910.00  3.419e+05
   5930.00  3.423e+05
   5950.00  3.433e+05
   5970.00  3.486e+05
   5990.00  3.414e+05
   6010.00  3.346e+05
   6030.00  3.416e+05
   6050.00  3.479e+05
   6070.00  3.462e+05
   6090.00  3.304e+05
   6110.00  3.303e+05
   6130.00  3.154e+05
   6150.00  3.232e+05
   6170.00  3.139e+05
   6190.00  3.318e+05
   6210.00  3.321e+05
   6230.00  3.193e+05
   6250.00  3.068e+05
   6270.00  3.257e+05
   6290.00  3.283e+05
   6310.00  3.175e+05
   6330.00  3.214e+05
   6350.00  3.219e+05
   6370.00  3.190e+05
   6390.00  3.240e+05
   6410.00  3.163e+05
   6430.00  3.197e+05
   6450.00  3.186e+05
   6470.00  3.168e+05
   6490.00  3.090e+05
   6510.00  3.187e+05
   6530.00  3.188e+05
   6550.00  3.136e+05
   6570.00  2.936e+05
   6590.00  3.137e+05
   6610.00  3.165e+05
   6630.00  3.141e+05
   6650.00  3.136e+05
   6670.00  3.078e+05
   6690.00  3.170e+05
   6710.00  3.054e+05
   6730.00  3.141e+05
   6750.00  3.087e+05
   6770.00  3.103e+05
   6790.00  3.069e+05
   6810.00  3.060e+05
   6830.00  3.088e+05
   6850.00  2.987e+05
   6870.00  3.040e+05
   6890.00  3.069e+05
   6910.00  3.028e+05
   6930.00  3.004e+05
   6950.00  2.966e+05
   6970.00  2.974e+05
   6990.00  2.961e+05
   7010.00  2.843e+05
   7030.00  2.912e+05
   7050.00  2.946e+05
   7070.00  2.898e+05
   7090.00  2.885e+05
   7110.00  2.876e+05
   7130.00  2.818e+05
   7150.00  2.815e+05
   7170.00  2.823e+05
   7190.00  2.714e+05
   7210.00  2.803e+05
   7230.00  2.812e+05
   7250.00  2.825e+05
   7270.00  2.803e+05
   7290.00  2.698e+05
   7310.00  2.753e+05
   7330.00  2.760e+05
   7350.00  2.750e+05
   7370.00  2.781e+05
   7390.00  2.700e+05
   7410.00  2.653e+05
   7430.00  2.700e+05
   7450.00  2.713e+05
   7470.00  2.727e+05
   7490.00  2.698e+05
   7510.00  2.711e+05
   7530.00  2.725e+05
   7550.00  2.736e+05
   7570.00  2.704e+05
   7590.00  2.692e+05
   7610.00  2.683e+05
   7630.00  2.693e+05
   7650.00  2.696e+05
   7670.00  2.606e+05
   7690.00  2.681e+05
   7710.00  2.621e+05
   7730.00  2.628e+05
   7750.00  2.599e+05
   7770.00  2.651e+05
   7790.00  2.648e+05
   7810.00  2.631e+05
   7830.00  2.604e+05
   7850.00  2.579e+05
   7870.00  2.595e+05
   7890.00  2.538e+05
   7910.00  2.464e+05
   7930.00  2.445e+05
   7950.00  2.420e+05
   7970.00  2.494e+05
   7990.00  2.496e+05
   8010.00  2.466e+05
   8030.00  2.463e+05
   8050.00  2.439e+05
   8070.00  2.437e+05
   8090.00  2.365e+05
   8110.00  2.377e+05
   8130.00  2.400e+05
   8150.00  2.385e+05
   8170.00  2.388e+05
   8190.00  2.331e+05
   8210.00  2.321e+05
   8230.00  2.333e+05
   8250.00  2.354e+05
   8270.00  2.378e+05
   8290.00  2.358e+05
   8310.00  2.275e+05
   8330.00  2.281e+05
   8350.00  2.284e+05
   8370.00  2.300e+05
   8390.00  2.240e+05
   8410.00  2.301e+05
   8430.00  2.241e+05
   8450.00  2.280e+05
   8470.00  2.258e+05
   8490.00  2.284e+05
   8510.00  2.154e+05
   8530.00  2.276e+05
   8550.00  2.107e+05
   8570.00  2.281e+05
   8590.00  2.222e+05
   8610.00  2.220e+05
   8630.00  2.249e+05
   8650.00  2.256e+05
   8670.00  2.057e+05
   8690.00  2.161e+05
   8710.00  2.197e+05
   8730.00  2.203e+05
   8750.00  2.158e+05
   8770.00  2.207e+05
   8790.00  2.176e+05
   8810.00  2.125e+05
   8830.00  2.161e+05
   8850.00  2.173e+05
   8870.00  2.110e+05
   8890.00  2.158e+05
   8910.00  2.179e+05
   8930.00  2.116e+05
   8950.00  2.113e+05
   8970.00  2.118e+05
   8990.00  2.119e+05
   9010.00  2.036e+05
   9030.00  2.104e+05
   9050.00  2.145e+05
   9070.00  2.098e+05
   9090.00  2.027e+05
   9110.00  2.045e+05
   9130.00  2.095e+05
   9150.00  2.075e+05
   9170.00  2.071e+05
   9190.00  2.093e+05
   9210.00  2.029e+05
   9230.00  2.025e+05
   9250.00  2.012e+05
   9270.00  2.029e+05
   9290.00  2.026e+05
   9310.00  2.037e+05
   9330.00  2.018e+05
   9350.00  2.015e+05
   9370.00  1.982e+05
   9390.00  1.998e+05
   9410.00  1.922e+05
   9430.00  1.984e+05
   9450.00  1.940e+05
   9470.00  1.978e+05
   9490.00  1.982e+05
   9510.00  1.960e+05
   9530.00  1.955e+05
   9550.00  1.912e+05
   9570.00  1.913e+05
   9590.00  1.945e+05
   9610.00  1.910e+05
   9630.00  1.896e+05
   9650.00  1.874e+05
   9670.00  1.869e+05
   9690.00  1.894e+05
   9710.00  1.878e+05
   9730.00  1.871e+05
   9750.00  1.851e+05
   9770.00  1.850e+05
   9790.00  1.826e+05
   9810.00  1.860e+05
   9830.00  1.848e+05
   9850.00  1.848e+05
   9870.00  1.827e+05
   9890.00  1.823e+05
   9910.00  1.816e+05
   9930.00  1.825e+05
   9950.00  1.821e+05
   9970.00  1.816e+05
   9990.00  1.805e+05
  10025.00  1.791e+05
  10075.00  1.763e+05
  10125.00  1.756e+05
  10175.00  1.724e+05
  10225.00  1.722e+05
  10275.00  1.721e+05
  10325.00  1.683e+05
  10375.00  1.667e+05
  10425.00  1.669e+05
  10475.00  1.642e+05
  10525.00  1.641e+05
  10575.00  1.621e+05
  10625.00  1.605e+05
  10675.00  1.568e+05
  10725.00  1.568e+05
  10775.00  1.548e+05
  10825.00  1.522e+05
  10875.00  1.514e+05
  10925.00  1.519e+05
  10975.00  1.493e+05
  11025.00  1.500e+05
  11075.00  1.492e+05
  11125.00  1.475e+05
  11175.00  1.456e+05
  11225.00  1.454e+05
  11275.00  1.424e+05
  11325.00  1.417e+05
  11375.00  1.405e+05
  11425.00  1.383e+05
  11475.00  1.400e+05
  11525.00  1.388e+05
  11575.00  1.364e+05
  11625.00  1.341e+05
  11675.00  1.337e+05
  11725.00  1.347e+05
  11775.00  1.316e+05
  11825.00  1.307e+05
  11875.00  1.284e+05
  11925.00  1.307e+05
  11975.00  1.259e+05
  12025.00  1.275e+05
  12075.00  1.257e+05
  12125.00  1.254e+05
  12175.00  1.257e+05
  12225.00  1.245e+05
  12275.00  1.232e+05
  12325.00  1.223e+05
  12375.00  1.214e+05
  12425.00  1.203e+05
  12475.00  1.200e+05
  12525.00  1.184e+05
  12575.00  1.176e+05
  12625.00  1.169e+05
  12675.00  1.154e+05
  12725.00  1.154e+05
  12775.00  1.152e+05
  12825.00  1.103e+05
  12875.00  1.122e+05
  12925.00  1.110e+05
  12975.00  1.114e+05
  13025.00  1.095e+05
  13075.00  1.098e+05
  13125.00  1.079e+05
  13175.00  1.071e+05
  13225.00  1.071e+05
  13275.00  1.050e+05
  13325.00  1.054e+05
  13375.00  1.042e+05
  13425.00  1.046e+05
  13475.00  1.035e+05
  13525.00  1.029e+05
  13575.00  1.008e+05
  13625.00  1.004e+05
  13675.00  1.000e+05
  13725.00  9.950e+04
  13775.00  9.891e+04
  13825.00  9.854e+04
  13875.00  9.769e+04
  13925.00  9.748e+04
  13975.00  9.700e+04
  14025.00  9.519e+04
  14075.00  9.561e+04
  14125.00  9.413e+04
  14175.00  9.470e+04
  14225.00  9.254e+04
  14275.00  9.119e+04
  14325.00  9.223e+04
  14375.00  9.236e+04
  14425.00  8.866e+04
  14475.00  9.068e+04
  14525.00  8.870e+04
  14570.00  8.923e+04
  14620.00  8.879e+04
  14675.00  8.872e+04
  14725.00  8.670e+04
  14775.00  8.633e+04
  14825.00  8.593e+04
  14875.00  8.462e+04
  14925.00  8.579e+04
  14975.00  8.414e+04
  15025.00  8.310e+04
  15075.00  8.183e+04
  15125.00  8.268e+04
  15175.00  8.257e+04
  15225.00  8.158e+04
  15275.00  8.154e+04
  15325.00  8.063e+04
  15375.00  8.087e+04
  15425.00  7.975e+04
  15475.00  7.983e+04
  15525.00  7.860e+04
  15575.00  7.683e+04
  15625.00  7.911e+04
  15675.00  7.627e+04
  15725.00  7.637e+04
  15775.00  7.476e+04
  15825.00  7.542e+04
  15875.00  7.128e+04
  15925.00  7.356e+04
  15975.00  7.457e+04
  16050.00  7.339e+04
  16150.00  7.147e+04
  16250.00  7.171e+04
  16350.00  7.028e+04
  16450.00  6.802e+04
  16550.00  6.809e+04
  16650.00  6.703e+04
  16750.00  6.529e+04
  16850.00  6.293e+04
  16950.00  6.362e+04
  17050.00  6.132e+04
  17150.00  6.083e+04
  17250.00  5.880e+04
  17350.00  5.672e+04
  17450.00  5.669e+04
  17550.00  5.578e+04
  17650.00  5.479e+04
  17750.00  5.358e+04
  17850.00  5.288e+04
  17950.00  5.185e+04
  18050.00  5.066e+04
  18150.00  4.914e+04
  18250.00  4.859e+04
  18350.00  4.783e+04
  18450.00  4.654e+04
  18550.00  4.604e+04
  18650.00  4.466e+04
  18750.00  4.308e+04
  18850.00  4.340e+04
  18950.00  4.150e+04
  19050.00  4.205e+04
  19150.00  4.110e+04
  19250.00  4.044e+04
  19350.00  3.929e+04
  19450.00  3.805e+04
  19550.00  3.823e+04
  19650.00  3.743e+04
  19750.00  3.669e+04
  19850.00  3.618e+04
  19950.00  3.556e+04
  20050.00  3.520e+04
  20150.00  3.476e+04
  20250.00  3.371e+04
  20350.00  3.296e+04
  20450.00  3.295e+04
  20550.00  3.227e+04
  20650.00  3.156e+04
  20750.00  3.109e+04
  20850.00  3.056e+04
  20950.00  2.986e+04
  21050.00  2.966e+04
  21150.00  2.906e+04
  21250.00  2.855e+04
  21350.00  2.825e+04
  21450.00  2.777e+04
  21550.00  2.731e+04
  21650.00  2.635e+04
  21750.00  2.620e+04
  21850.00  2.584e+04
  21950.00  2.555e+04
  22050.00  2.492e+04
  22150.00  2.471e+04
  22250.00  2.421e+04
  22350.00  2.382e+04
  22450.00  2.348e+04
  22550.00  2.307e+04
  22650.00  2.265e+04
  22750.00  2.244e+04
  22850.00  2.193e+04
  22950.00  1.983e+04
  23050.00  2.057e+04
  23150.00  2.035e+04
  23250.00  1.835e+04
  23350.00  1.915e+04
  23450.00  1.923e+04
  23550.00  1.720e+04
  23650.00  1.813e+04
  23750.00  1.809e+04
  23850.00  1.630e+04
  23950.00  1.704e+04
  24050.00  1.716e+04
  24150.00  1.576e+04
  24250.00  1.621e+04
  24350.00  1.628e+04
  24450.00  1.537e+04
  24550.00  1.525e+04
  24650.00  1.567e+04
  24750.00  1.508e+04
  24850.00  1.449e+04
  24950.00  1.474e+04
  25050.00  1.498e+04
  25150.00  1.395e+04
  25250.00  1.427e+04
  25350.00  1.425e+04
  25450.00  1.384e+04
  25550.00  1.366e+04
  25650.00  1.358e+04
  25750.00  1.361e+04
  25850.00  1.294e+04
  25950.00  1.310e+04
  26050.00  1.305e+04
  26150.00  1.273e+04
  26250.00  1.251e+04
  26350.00  1.253e+04
  26450.00  1.239e+04
  26550.00  1.216e+04
  26650.00  1.191e+04
  26750.00  1.199e+04
  26850.00  1.189e+04
  26950.00  1.163e+04
  27050.00  1.158e+04
  27150.00  1.144e+04
  27250.00  1.133e+04
  27350.00  1.112e+04
  27450.00  1.107e+04
  27550.00  1.089e+04
  27650.00  1.077e+04
  27750.00  1.061e+04
  27850.00  1.052e+04
  27950.00  1.045e+04
  28050.00  1.031e+04
  28150.00  1.016e+04
  28250.00  1.005e+04
  28350.00  9.967e+03
  28450.00  9.803e+03
  28550.00  9.692e+03
  28650.00  9.573e+03
  28750.00  9.388e+03
  28850.00  9.344e+03
  28950.00  9.241e+03
  29050.00  9.125e+03
  29150.00  9.022e+03
  29250.00  8.867e+03
  29350.00  8.810e+03
  29450.00  8.662e+03
  29550.00  8.579e+03
  29650.00  8.496e+03
  29750.00  8.389e+03
  29850.00  8.282e+03
  29950.00  8.168e+03
  30050.00  8.069e+03
  30150.00  7.992e+03
  30250.00  7.881e+03
  30350.00  7.704e+03
  30450.00  7.696e+03
  30550.00  7.594e+03
  30650.00  7.495e+03
  30750.00  7.431e+03
  30850.00  7.311e+03
  30950.00  7.229e+03
  31050.00  7.169e+03
  31150.00  7.029e+03
  31250.00  6.985e+03
  31350.00  6.913e+03
  31450.00  6.831e+03
  31550.00  6.730e+03
  31650.00  6.655e+03
  31750.00  6.590e+03
  31850.00  6.511e+03
  31950.00  6.448e+03
  32100.00  6.321e+03
  32300.00  6.179e+03
  32500.00  6.031e+03
  32700.00  5.889e+03
  32900.00  5.725e+03
  33100.00  5.620e+03
  33300.00  5.486e+03
  33500.00  5.380e+03
  33700.00  5.250e+03
  33900.00  5.126e+03
  34100.00  5.006e+03
  34300.00  4.918e+03
  34500.00  4.820e+03
  34700.00  4.709e+03
  34900.00  4.610e+03
  35100.00  4.516e+03
  35300.00  4.406e+03
  35500.00  4.324e+03
  35700.00  4.224e+03
  35900.00  4.135e+03
  36100.00  4.060e+03
  36300.00  3.977e+03
  36500.00  3.876e+03
  36700.00  3.797e+03
  36900.00  3.692e+03
  37100.00  3.614e+03
  37300.00  3.559e+03
  37500.00  3.447e+03
  37700.00  3.420e+03
  37900.00  3.348e+03
  38100.00  3.289e+03
  38300.00  3.235e+03
  38500.00  3.176e+03
  38700.00  3.104e+03
  38900.00  3.044e+03
  39100.00  2.990e+03
  39300.00  2.936e+03
  39500.00  2.864e+03
  39700.00  2.817e+03
  39900.00  2.743e+03
  40100.00  2.703e+03
  40300.00  2.661e+03
  40500.00  2.600e+03
  40700.00  2.561e+03
  40900.00  2.515e+03
  41100.00  2.473e+03
  41300.00  2.431e+03
  41500.00  2.379e+03
  41700.00  2.334e+03
  41900.00  2.293e+03
  42100.00  2.244e+03
  42300.00  2.220e+03
  42500.00  2.170e+03
  42700.00  2.138e+03
  42900.00  2.010e+03
  43100.00  1.908e+03
  43300.00  1.930e+03
  43500.00  1.807e+03
  43700.00  1.766e+03
  43900.00  1.747e+03
  44100.00  1.620e+03
  44300.00  1.628e+03
  44500.00  1.591e+03
  44700.00  1.493e+03
  44900.00  1.527e+03
  45100.00  1.483e+03
  45300.00  1.403e+03
  45500.00  1.422e+03
  45700.00  1.408e+03
  45900.00  1.325e+03
  46100.00  1.354e+03
  46300.00  1.320e+03
  46500.00  1.303e+03
  46700.00  1.293e+03
  46900.00  1.277e+03
  47100.00  1.242e+03
  47300.00  1.255e+03
  47500.00  1.228e+03
  47700.00  1.208e+03
  47900.00  1.188e+03
  48100.00  1.162e+03
  48300.00  1.176e+03
  48500.00  1.146e+03
  48700.00  1.124e+03
  48900.00  1.117e+03
  49100.00  1.091e+03
  49300.00  1.078e+03
  49500.00  1.063e+03
  49700.00  1.054e+03
  49900.00  1.032e+03
  50100.00  1.030e+03
  50300.00  1.015e+03
  50500.00  9.881e+02
  50700.00  9.779e+02
  50900.00  9.695e+02
  51100.00  9.479e+02
  51300.00  9.392e+02
  51500.00  9.256e+02
  51700.00  9.270e+02
  51900.00  9.050e+02
  52100.00  8.896e+02
  52300.00  8.780e+02
  52500.00  8.735e+02
  52700.00  8.729e+02
  52900.00  8.442e+02
  53100.00  8.344e+02
  53300.00  8.282e+02
  53500.00  8.179e+02
  53700.00  8.086e+02
  53900.00  8.007e+02
  54100.00  7.896e+02
  54300.00  7.730e+02
  54500.00  7.713e+02
  54700.00  7.584e+02
  54900.00  7.496e+02
  55100.00  7.391e+02
  55300.00  7.429e+02
  55500.00  7.191e+02
  55700.00  7.223e+02
  55900.00  7.063e+02
  56100.00  7.018e+02
  56300.00  6.872e+02
  56500.00  6.864e+02
  56700.00  6.768e+02
  56900.00  6.622e+02
  57100.00  6.617e+02
  57300.00  6.534e+02
  57500.00  6.457e+02
  57700.00  6.352e+02
  57900.00  6.322e+02
  58100.00  6.210e+02
  58300.00  6.147e+02
  58500.00  6.080e+02
  58700.00  5.972e+02
  58900.00  5.911e+02
  59100.00  5.855e+02
  59300.00  5.794e+02
  59500.00  5.699e+02
  59700.00  5.664e+02
  59900.00  5.593e+02
  60100.00  5.530e+02
  60300.00  5.464e+02
  60500.00  5.379e+02
  60700.00  5.318e+02
  60900.00  5.254e+02
  61100.00  5.177e+02
  61300.00  5.134e+02
  61500.00  5.079e+02
  61700.00  5.034e+02
  61900.00  4.975e+02
  62100.00  4.925e+02
  62300.00  4.847e+02
  62500.00  4.781e+02
  62700.00  4.731e+02
  62900.00  4.678e+02
  63100.00  4.616e+02
  63300.00  4.586e+02
  63500.00  4.522e+02
  63700.00  4.489e+02
  63900.00  4.421e+02
  64200.00  4.348e+02
  64600.00  4.243e+02
  65000.00  4.147e+02
  65400.00  4.054e+02
  65800.00  3.970e+02
  66200.00  3.875e+02
  66600.00  3.791e+02
  67000.00  3.708e+02
  67400.00  3.621e+02
  67800.00  3.543e+02
  68200.00  3.463e+02
  68600.00  3.390e+02
  69000.00  3.313e+02
  69400.00  3.241e+02
  69800.00  3.171e+02
  70200.00  3.099e+02
  70600.00  3.035e+02
  71000.00  2.969e+02
  71400.00  2.907e+02
  71800.00  2.843e+02
  72200.00  2.783e+02
  72600.00  2.723e+02
  73000.00  2.667e+02
  73400.00  2.609e+02
  73800.00  2.556e+02
  74200.00  2.500e+02
  74600.00  2.448e+02
  75000.00  2.398e+02
  75400.00  2.348e+02
  75800.00  2.303e+02
  76200.00  2.256e+02
  76600.00  2.210e+02
  77000.00  2.165e+02
  77400.00  2.122e+02
  77800.00  2.080e+02
  78200.00  2.039e+02
  78600.00  1.999e+02
  79000.00  1.959e+02
  79400.00  1.921e+02
  79800.00  1.884e+02
  80200.00  1.846e+02
  80600.00  1.810e+02
  81000.00  1.776e+02
  81400.00  1.741e+02
  81800.00  1.708e+02
  82200.00  1.677e+02
  82600.00  1.645e+02
  83000.00  1.614e+02
  83400.00  1.583e+02
  83800.00  1.554e+02
  84200.00  1.526e+02
  84600.00  1.498e+02
  85000.00  1.470e+02
  85400.00  1.443e+02
  85800.00  1.417e+02
  86200.00  1.391e+02
  86600.00  1.366e+02
  87000.00  1.342e+02
  87400.00  1.318e+02
  87800.00  1.294e+02
  88200.00  1.271e+02
  88600.00  1.249e+02
  89000.00  1.226e+02
  89400.00  1.205e+02
  89800.00  1.184e+02
  90200.00  1.164e+02
  90600.00  1.144e+02
  91000.00  1.123e+02
  91400.00  1.105e+02
  91800.00  1.086e+02
  92200.00  1.068e+02
  92600.00  1.050e+02
  93000.00  1.033e+02
  93400.00  1.015e+02
  93800.00  9.984e+01
  94200.00  9.818e+01
  94600.00  9.654e+01
  95000.00  9.495e+01
  95400.00  9.338e+01
  95800.00  9.189e+01
  96200.00  9.036e+01
  96600.00  8.893e+01
  97000.00  8.750e+01
  97400.00  8.598e+01
  97800.00  8.467e+01
  98200.00  8.334e+01
  98600.00  8.203e+01
  99000.00  8.075e+01
  99400.00  7.945e+01
  99800.00  7.821e+01
 100200.00  7.698e+01
 200000.00  4.982e+00
 400000.00  3.121e-01
 600000.00  6.123e-02
 800000.00  1.923e-02
