     90.90  0.000e+00
     93.50  0.000e+00
     96.10  0.000e+00
     97.70  0.000e+00
     99.60  0.000e+00
    102.00  0.000e+00
    103.80  0.000e+00
    105.60  0.000e+00
    107.70  0.000e+00
    110.40  0.000e+00
    114.00  0.000e+00
    117.80  0.000e+00
    121.30  0.000e+00
    124.80  0.000e+00
    127.10  0.000e+00
    128.40  0.000e+00
    130.50  0.000e+00
    132.40  0.000e+00
    133.90  0.000e+00
    136.60  0.000e+00
    139.80  0.000e+00
    143.30  0.000e+00
    147.20  0.000e+00
    151.00  0.000e+00
    155.20  0.000e+00
    158.80  0.000e+00
    162.00  0.000e+00
    166.00  0.000e+00
    170.30  0.000e+00
    173.40  0.000e+00
    176.80  0.000e+00
    180.20  0.000e+00
    181.70  0.000e+00
    186.10  0.000e+00
    191.00  0.000e+00
    193.90  0.000e+00
    198.40  0.000e+00
    201.80  0.000e+00
    205.00  0.000e+00
    210.50  0.000e+00
    216.20  0.000e+00
    219.80  0.000e+00
    223.00  0.000e+00
    226.80  0.000e+00
    230.00  0.000e+00
    234.00  0.000e+00
    240.00  0.000e+00
    246.50  0.000e+00
    252.40  0.000e+00
    256.80  0.000e+00
    260.00  0.000e+00
    264.00  0.000e+00
    268.50  0.000e+00
    273.50  0.000e+00
    278.50  0.000e+00
    284.00  0.000e+00
    290.00  0.000e+00
    296.00  0.000e+00
    301.00  0.000e+00
    308.00  0.000e+00
    318.00  0.000e+00
    328.00  0.000e+00
    338.00  0.000e+00
    348.00  0.000e+00
    357.00  0.000e+00
    366.00  0.000e+00
    375.00  0.000e+00
    385.00  0.000e+00
    395.00  0.000e+00
    405.00  0.000e+00
    414.00  0.000e+00
    422.00  0.000e+00
    430.00  0.000e+00
    441.00  0.000e+00
    451.00  0.000e+00
    460.00  0.000e+00
    470.00  0.000e+00
    480.00  0.000e+00
    490.00  0.000e+00
    500.00  0.000e+00
    506.00  2.569e-11
    512.00  4.756e-11
    520.00  9.288e-11
    530.00  2.089e-10
    540.00  4.507e-10
    550.00  9.547e-10
    560.00  1.964e-09
    570.00  3.941e-09
    580.00  7.691e-09
    590.00  1.484e-08
    600.00  2.792e-08
    610.00  5.158e-08
    620.00  9.350e-08
    630.00  1.666e-07
    640.00  2.920e-07
    650.00  5.042e-07
    658.00  7.718e-07
    665.00  1.111e-06
    675.00  1.850e-06
    685.00  3.038e-06
    695.00  4.924e-06
    705.00  7.869e-06
    716.00  1.304e-05
    726.00  2.035e-05
    735.00  3.009e-05
    745.00  4.598e-05
    755.00  6.954e-05
    765.00  1.041e-04
    775.00  1.543e-04
    785.00  2.265e-04
    795.00  3.286e-04
    805.00  4.742e-04
    815.00  6.780e-04
    825.00  9.603e-04
    835.00  1.349e-03
    845.00  1.880e-03
    855.00  2.599e-03
    865.00  3.567e-03
    875.00  4.857e-03
    885.00  6.571e-03
    895.00  8.827e-03
    905.00  1.177e-02
    915.00  1.690e+00
    925.00  8.074e+00
    935.00  1.113e+01
    945.00  1.519e+01
    955.00  2.188e+01
    965.00  2.773e+01
    975.00  2.961e+01
    985.00  3.929e+01
    995.00  4.402e+01
   1005.00  5.773e+01
   1015.00  6.975e+01
   1025.00  6.082e+01
   1035.00  9.570e+01
   1045.00  1.165e+02
   1055.00  1.364e+02
   1065.00  1.514e+02
   1075.00  1.824e+02
   1085.00  2.093e+02
   1095.00  2.285e+02
   1105.00  6.976e+02
   1115.00  1.141e+03
   1125.00  1.469e+03
   1135.00  1.723e+03
   1145.00  1.953e+03
   1155.00  2.029e+03
   1165.00  2.434e+03
   1175.00  2.591e+03
   1185.00  2.408e+03
   1195.00  1.278e+03
   1205.00  1.229e+03
   1215.00  2.550e+02
   1225.00  1.372e+03
   1235.00  3.241e+03
   1245.00  7.183e+03
   1255.00  2.250e+04
   1265.00  4.192e+04
   1275.00  2.278e+05
   1285.00  5.184e+05
   1295.00  6.448e+05
   1305.00  3.089e+05
   1315.00  9.637e+05
   1325.00  1.256e+06
   1335.00  1.062e+06
   1345.00  1.761e+06
   1355.00  1.746e+06
   1365.00  1.556e+06
   1375.00  1.824e+06
   1385.00  1.798e+06
   1395.00  2.016e+06
   1405.00  2.126e+06
   1415.00  1.905e+06
   1425.00  2.305e+06
   1435.00  2.050e+06
   1442.00  2.412e+06
   1447.00  2.990e+06
   1455.00  2.925e+06
   1465.00  2.554e+06
   1475.00  2.476e+06
   1485.00  2.905e+06
   1495.00  3.197e+06
   1505.00  3.385e+06
   1512.00  2.839e+06
   1517.00  3.143e+06
   1525.00  2.858e+06
   1535.00  2.481e+06
   1545.00  3.667e+06
   1555.00  3.099e+06
   1565.00  2.731e+06
   1575.00  3.351e+06
   1585.00  3.772e+06
   1595.00  4.292e+06
   1605.00  3.845e+06
   1615.00  3.631e+06
   1625.00  3.107e+06
   1635.00  3.455e+06
   1645.00  3.794e+06
   1655.00  2.802e+06
   1665.00  3.769e+06
   1672.00  1.913e+06
   1677.00  3.766e+06
   1685.00  4.288e+06
   1695.00  3.886e+06
   1705.00  3.560e+06
   1715.00  3.620e+06
   1725.00  3.586e+06
   1735.00  3.998e+06
   1745.00  3.857e+06
   1755.00  4.510e+06
   1765.00  3.589e+06
   1775.00  4.182e+06
   1785.00  3.986e+06
   1795.00  4.794e+06
   1805.00  4.496e+06
   1815.00  4.469e+06
   1825.00  4.219e+06
   1835.00  3.956e+06
   1845.00  3.541e+06
   1855.00  3.883e+06
   1865.00  3.978e+06
   1875.00  4.087e+06
   1885.00  4.037e+06
   1895.00  4.159e+06
   1905.00  3.843e+06
   1915.00  4.122e+06
   1925.00  4.215e+06
   1935.00  3.872e+06
   1945.00  4.295e+06
   1955.00  4.243e+06
   1967.00  4.509e+06
   1976.00  4.445e+06
   1984.00  4.274e+06
   1995.00  4.102e+06
   2005.00  3.975e+06
   2015.00  3.795e+06
   2025.00  3.746e+06
   2035.00  3.932e+06
   2045.00  4.228e+06
   2055.00  3.962e+06
   2065.00  3.835e+06
   2074.00  4.276e+06
   2078.00  4.345e+06
   2085.00  4.229e+06
   2095.00  4.054e+06
   2105.00  3.804e+06
   2115.00  3.816e+06
   2125.00  3.953e+06
   2135.00  3.186e+06
   2145.00  3.666e+06
   2155.00  3.753e+06
   2165.00  3.489e+06
   2175.00  3.434e+06
   2185.00  3.493e+06
   2195.00  3.779e+06
   2205.00  3.574e+06
   2215.00  3.208e+06
   2225.00  3.099e+06
   2235.00  3.581e+06
   2245.00  3.175e+06
   2255.00  3.031e+06
   2265.00  3.076e+06
   2275.00  3.281e+06
   2285.00  3.439e+06
   2295.00  3.206e+06
   2305.00  3.170e+06
   2315.00  2.993e+06
   2325.00  1.967e+06
   2335.00  2.605e+06
   2345.00  2.311e+06
   2355.00  2.954e+06
   2365.00  2.346e+06
   2375.00  2.653e+06
   2385.00  2.110e+06
   2395.00  2.466e+06
   2405.00  2.314e+06
   2415.00  2.459e+06
   2425.00  2.851e+06
   2435.00  2.721e+06
   2445.00  2.938e+06
   2455.00  2.827e+06
   2465.00  2.816e+06
   2475.00  2.669e+06
   2485.00  2.820e+06
   2495.00  2.691e+06
   2505.00  3.139e+06
   2513.00  2.641e+06
   2518.00  2.710e+06
   2525.00  2.456e+06
   2535.00  2.426e+06
   2545.00  2.436e+06
   2555.00  2.711e+06
   2565.00  2.642e+06
   2575.00  2.902e+06
   2585.00  2.863e+06
   2595.00  2.719e+06
   2605.00  2.576e+06
   2615.00  2.502e+06
   2625.00  2.837e+06
   2635.00  2.886e+06
   2645.00  3.412e+06
   2655.00  3.364e+06
   2665.00  2.987e+06
   2675.00  3.168e+06
   2685.00  3.108e+06
   2695.00  2.968e+06
   2705.00  3.073e+06
   2715.00  2.866e+06
   2725.00  2.910e+06
   2735.00  3.175e+06
   2745.00  2.471e+06
   2755.00  2.592e+06
   2765.00  2.729e+06
   2775.00  3.008e+06
   2785.00  2.831e+06
   2795.00  1.676e+06
   2805.00  1.990e+06
   2815.00  3.061e+06
   2825.00  3.225e+06
   2835.00  3.076e+06
   2845.00  2.954e+06
   2855.00  2.846e+06
   2865.00  3.112e+06
   2875.00  3.000e+06
   2885.00  3.062e+06
   2895.00  2.918e+06
   2910.00  3.305e+06
   2930.00  3.166e+06
   2950.00  3.148e+06
   2970.00  3.203e+06
   2990.00  3.257e+06
   3010.00  3.320e+06
   3030.00  3.266e+06
   3050.00  3.240e+06
   3070.00  3.220e+06
   3090.00  3.286e+06
   3110.00  3.180e+06
   3130.00  3.172e+06
   3150.00  3.234e+06
   3170.00  3.216e+06
   3190.00  3.070e+06
   3210.00  3.156e+06
   3230.00  3.080e+06
   3250.00  3.124e+06
   3270.00  3.138e+06
   3290.00  3.164e+06
   3310.00  3.188e+06
   3330.00  3.120e+06
   3350.00  3.077e+06
   3370.00  3.072e+06
   3390.00  3.050e+06
   3410.00  3.107e+06
   3430.00  3.101e+06
   3450.00  3.078e+06
   3470.00  3.035e+06
   3490.00  3.015e+06
   3510.00  3.065e+06
   3530.00  3.072e+06
   3550.00  3.081e+06
   3570.00  3.010e+06
   3590.00  2.995e+06
   3610.00  2.990e+06
   3630.00  2.990e+06
   3640.00  2.976e+06
   3650.00  3.039e+06
   3670.00  2.828e+06
   3690.00  2.843e+06
   3710.00  3.700e+06
   3730.00  4.013e+06
   3750.00  5.416e+06
   3770.00  5.707e+06
   3790.00  7.230e+06
   3810.00  8.320e+06
   3830.00  6.431e+06
   3850.00  8.942e+06
   3870.00  9.834e+06
   3890.00  5.689e+06
   3910.00  9.609e+06
   3930.00  8.628e+06
   3950.00  9.498e+06
   3970.00  5.251e+06
   3990.00  9.288e+06
   4010.00  9.670e+06
   4030.00  9.551e+06
   4050.00  9.465e+06
   4070.00  9.147e+06
   4090.00  7.671e+06
   4110.00  5.803e+06
   4130.00  8.666e+06
   4150.00  8.888e+06
   4170.00  8.717e+06
   4190.00  8.612e+06
   4210.00  8.525e+06
   4230.00  8.343e+06
   4250.00  8.235e+06
   4270.00  8.035e+06
   4290.00  8.050e+06
   4310.00  7.652e+06
   4330.00  6.153e+06
   4350.00  5.217e+06
   4370.00  7.540e+06
   4390.00  7.476e+06
   4410.00  7.385e+06
   4430.00  7.341e+06
   4450.00  7.322e+06
   4470.00  7.227e+06
   4490.00  7.072e+06
   4510.00  7.080e+06
   4530.00  6.927e+06
   4550.00  6.738e+06
   4570.00  6.828e+06
   4590.00  6.649e+06
   4610.00  6.725e+06
   4630.00  6.510e+06
   4650.00  6.545e+06
   4670.00  6.444e+06
   4690.00  6.334e+06
   4710.00  6.099e+06
   4730.00  6.217e+06
   4750.00  6.160e+06
   4770.00  6.077e+06
   4790.00  6.000e+06
   4810.00  5.880e+06
   4830.00  5.711e+06
   4850.00  4.634e+06
   4870.00  3.698e+06
   4890.00  5.430e+06
   4910.00  5.530e+06
   4930.00  5.433e+06
   4950.00  5.424e+06
   4970.00  5.406e+06
   4990.00  5.298e+06
   5010.00  5.148e+06
   5030.00  5.159e+06
   5050.00  5.063e+06
   5070.00  5.071e+06
   5090.00  5.014e+06
   5110.00  4.952e+06
   5130.00  4.883e+06
   5150.00  4.801e+06
   5170.00  4.693e+06
   5190.00  4.650e+06
   5210.00  4.647e+06
   5230.00  4.544e+06
   5250.00  4.566e+06
   5270.00  4.421e+06
   5290.00  4.466e+06
   5310.00  4.367e+06
   5330.00  4.318e+06
   5350.00  4.335e+06
   5370.00  4.262e+06
   5390.00  4.222e+06
   5410.00  4.151e+06
   5430.00  4.117e+06
   5450.00  4.099e+06
   5470.00  4.053e+06
   5490.00  4.019e+06
   5510.00  3.972e+06
   5530.00  3.919e+06
   5550.00  3.895e+06
   5570.00  3.846e+06
   5590.00  3.813e+06
   5610.00  3.779e+06
   5630.00  3.740e+06
   5650.00  3.694e+06
   5670.00  3.654e+06
   5690.00  3.624e+06
   5710.00  3.587e+06
   5730.00  3.554e+06
   5750.00  3.512e+06
   5770.00  3.478e+06
   5790.00  3.438e+06
   5810.00  3.406e+06
   5830.00  3.371e+06
   5850.00  3.339e+06
   5870.00  3.300e+06
   5890.00  3.240e+06
   5910.00  3.235e+06
   5930.00  3.205e+06
   5950.00  3.163e+06
   5970.00  3.137e+06
   5990.00  3.096e+06
   6010.00  3.071e+06
   6030.00  3.046e+06
   6050.00  3.013e+06
   6070.00  2.986e+06
   6090.00  2.956e+06
   6110.00  2.925e+06
   6130.00  2.893e+06
   6150.00  2.826e+06
   6170.00  2.836e+06
   6190.00  2.814e+06
   6210.00  2.788e+06
   6230.00  2.757e+06
   6250.00  2.701e+06
   6270.00  2.709e+06
   6290.00  2.683e+06
   6310.00  2.649e+06
   6330.00  2.629e+06
   6350.00  2.576e+06
   6370.00  2.560e+06
   6390.00  2.553e+06
   6410.00  2.522e+06
   6430.00  2.504e+06
   6450.00  2.458e+06
   6470.00  2.458e+06
   6490.00  2.419e+06
   6510.00  2.393e+06
   6530.00  2.342e+06
   6550.00  2.072e+06
   6570.00  1.650e+06
   6590.00  2.229e+06
   6610.00  2.281e+06
   6630.00  2.274e+06
   6650.00  2.258e+06
   6670.00  2.240e+06
   6690.00  2.221e+06
   6710.00  2.202e+06
   6730.00  2.178e+06
   6750.00  2.161e+06
   6770.00  2.144e+06
   6790.00  2.124e+06
   6810.00  2.105e+06
   6830.00  2.084e+06
   6850.00  2.066e+06
   6870.00  2.049e+06
   6890.00  2.031e+06
   6910.00  2.013e+06
   6930.00  1.994e+06
   6950.00  1.977e+06
   6970.00  1.959e+06
   6990.00  1.943e+06
   7010.00  1.920e+06
   7030.00  1.908e+06
   7050.00  1.891e+06
   7070.00  1.876e+06
   7090.00  1.860e+06
   7110.00  1.826e+06
   7130.00  1.824e+06
   7150.00  1.809e+06
   7170.00  1.795e+06
   7190.00  1.779e+06
   7210.00  1.765e+06
   7230.00  1.747e+06
   7250.00  1.732e+06
   7270.00  1.721e+06
   7290.00  1.704e+06
   7310.00  1.688e+06
   7330.00  1.677e+06
   7350.00  1.663e+06
   7370.00  1.650e+06
   7390.00  1.635e+06
   7410.00  1.614e+06
   7430.00  1.601e+06
   7450.00  1.590e+06
   7470.00  1.571e+06
   7490.00  1.563e+06
   7510.00  1.552e+06
   7530.00  1.542e+06
   7550.00  1.531e+06
   7570.00  1.518e+06
   7590.00  1.505e+06
   7610.00  1.494e+06
   7630.00  1.481e+06
   7650.00  1.467e+06
   7670.00  1.455e+06
   7690.00  1.444e+06
   7710.00  1.429e+06
   7730.00  1.422e+06
   7750.00  1.410e+06
   7770.00  1.370e+06
   7790.00  1.388e+06
   7810.00  1.377e+06
   7830.00  1.365e+06
   7850.00  1.351e+06
   7870.00  1.337e+06
   7890.00  1.325e+06
   7910.00  1.320e+06
   7930.00  1.311e+06
   7950.00  1.294e+06
   7970.00  1.292e+06
   7990.00  1.266e+06
   8010.00  1.271e+06
   8030.00  1.261e+06
   8050.00  1.252e+06
   8070.00  1.241e+06
   8090.00  1.232e+06
   8110.00  1.223e+06
   8130.00  1.214e+06
   8150.00  1.205e+06
   8170.00  1.196e+06
   8190.00  1.177e+06
   8210.00  1.174e+06
   8230.00  1.164e+06
   8250.00  1.159e+06
   8270.00  1.159e+06
   8290.00  1.145e+06
   8310.00  1.129e+06
   8330.00  1.102e+06
   8350.00  1.086e+06
   8370.00  1.063e+06
   8390.00  1.046e+06
   8410.00  1.033e+06
   8430.00  1.045e+06
   8450.00  1.040e+06
   8470.00  9.788e+05
   8490.00  1.096e+06
   8510.00  9.612e+05
   8530.00  1.127e+06
   8550.00  9.090e+05
   8570.00  1.161e+06
   8590.00  1.019e+06
   8610.00  9.798e+05
   8630.00  1.175e+06
   8650.00  1.100e+06
   8670.00  8.575e+05
   8690.00  1.118e+06
   8710.00  1.169e+06
   8730.00  1.113e+06
   8750.00  8.420e+05
   8770.00  1.053e+06
   8790.00  1.144e+06
   8810.00  1.141e+06
   8830.00  1.110e+06
   8850.00  9.919e+05
   8870.00  8.189e+05
   8890.00  1.065e+06
   8910.00  1.096e+06
   8930.00  1.094e+06
   8950.00  1.095e+06
   8970.00  1.079e+06
   8990.00  1.035e+06
   9010.00  8.080e+05
   9030.00  8.977e+05
   9050.00  1.028e+06
   9070.00  1.022e+06
   9090.00  1.014e+06
   9110.00  1.026e+06
   9130.00  1.024e+06
   9150.00  1.019e+06
   9170.00  1.006e+06
   9190.00  9.835e+05
   9210.00  9.204e+05
   9230.00  7.015e+05
   9250.00  8.845e+05
   9270.00  9.317e+05
   9290.00  9.627e+05
   9310.00  9.609e+05
   9330.00  9.542e+05
   9350.00  9.501e+05
   9370.00  9.438e+05
   9390.00  9.294e+05
   9410.00  9.121e+05
   9430.00  9.203e+05
   9450.00  9.136e+05
   9470.00  9.053e+05
   9490.00  8.958e+05
   9510.00  8.773e+05
   9530.00  8.075e+05
   9550.00  6.363e+05
   9570.00  8.133e+05
   9590.00  8.562e+05
   9610.00  8.546e+05
   9630.00  8.425e+05
   9650.00  8.508e+05
   9670.00  8.394e+05
   9690.00  8.383e+05
   9710.00  8.358e+05
   9730.00  8.292e+05
   9750.00  8.227e+05
   9770.00  8.182e+05
   9790.00  8.122e+05
   9810.00  8.058e+05
   9830.00  7.985e+05
   9850.00  7.914e+05
   9870.00  7.869e+05
   9890.00  7.775e+05
   9910.00  7.767e+05
   9930.00  7.698e+05
   9950.00  7.652e+05
   9970.00  7.600e+05
   9990.00  7.520e+05
  10025.00  6.886e+05
  10075.00  6.523e+05
  10125.00  7.132e+05
  10175.00  7.093e+05
  10225.00  6.991e+05
  10275.00  6.875e+05
  10325.00  6.753e+05
  10375.00  6.644e+05
  10425.00  6.536e+05
  10475.00  6.396e+05
  10525.00  6.296e+05
  10575.00  6.208e+05
  10625.00  6.112e+05
  10675.00  5.937e+05
  10725.00  5.886e+05
  10775.00  5.807e+05
  10825.00  5.712e+05
  10875.00  5.581e+05
  10925.00  4.760e+05
  10975.00  5.190e+05
  11025.00  5.361e+05
  11075.00  5.299e+05
  11125.00  5.216e+05
  11175.00  5.136e+05
  11225.00  5.058e+05
  11275.00  4.911e+05
  11325.00  4.846e+05
  11375.00  4.820e+05
  11425.00  4.741e+05
  11475.00  4.684e+05
  11525.00  4.615e+05
  11575.00  4.543e+05
  11625.00  4.449e+05
  11675.00  4.365e+05
  11725.00  4.344e+05
  11775.00  4.225e+05
  11825.00  4.193e+05
  11875.00  4.118e+05
  11925.00  4.096e+05
  11975.00  4.013e+05
  12025.00  3.972e+05
  12075.00  3.906e+05
  12125.00  3.853e+05
  12175.00  3.803e+05
  12225.00  3.747e+05
  12275.00  3.688e+05
  12325.00  3.638e+05
  12375.00  3.590e+05
  12425.00  3.544e+05
  12475.00  3.481e+05
  12525.00  3.442e+05
  12575.00  3.377e+05
  12625.00  3.339e+05
  12675.00  3.300e+05
  12725.00  3.245e+05
  12775.00  3.137e+05
  12825.00  2.715e+05
  12875.00  3.073e+05
  12925.00  3.072e+05
  12975.00  3.039e+05
  13025.00  3.000e+05
  13075.00  2.960e+05
  13125.00  2.919e+05
  13175.00  2.871e+05
  13225.00  2.842e+05
  13275.00  2.804e+05
  13325.00  2.768e+05
  13375.00  2.731e+05
  13425.00  2.694e+05
  13475.00  2.657e+05
  13525.00  2.619e+05
  13575.00  2.585e+05
  13625.00  2.554e+05
  13675.00  2.519e+05
  13725.00  2.478e+05
  13775.00  2.457e+05
  13825.00  2.425e+05
  13875.00  2.397e+05
  13925.00  2.362e+05
  13975.00  2.335e+05
  14025.00  2.306e+05
  14075.00  2.277e+05
  14125.00  2.247e+05
  14175.00  2.220e+05
  14225.00  2.192e+05
  14275.00  2.164e+05
  14325.00  2.137e+05
  14375.00  2.112e+05
  14425.00  2.064e+05
  14475.00  2.059e+05
  14525.00  2.023e+05
  14570.00  2.011e+05
  14620.00  2.038e+05
  14675.00  2.076e+05
  14725.00  2.025e+05
  14775.00  1.966e+05
  14825.00  1.923e+05
  14875.00  1.876e+05
  14925.00  1.846e+05
  14975.00  1.807e+05
  15025.00  1.772e+05
  15075.00  1.742e+05
  15125.00  1.719e+05
  15175.00  1.699e+05
  15225.00  1.697e+05
  15275.00  1.649e+05
  15325.00  1.636e+05
  15375.00  1.651e+05
  15425.00  1.578e+05
  15475.00  1.621e+05
  15525.00  1.610e+05
  15575.00  1.503e+05
  15625.00  1.623e+05
  15675.00  1.531e+05
  15725.00  1.460e+05
  15775.00  1.575e+05
  15825.00  1.552e+05
  15875.00  1.365e+05
  15925.00  1.485e+05
  15975.00  1.522e+05
  16050.00  1.464e+05
  16150.00  1.363e+05
  16250.00  1.433e+05
  16350.00  1.364e+05
  16450.00  1.275e+05
  16550.00  1.341e+05
  16650.00  1.313e+05
  16750.00  1.248e+05
  16850.00  1.166e+05
  16950.00  1.228e+05
  17050.00  1.203e+05
  17150.00  1.179e+05
  17250.00  1.146e+05
  17350.00  1.028e+05
  17450.00  1.088e+05
  17550.00  1.079e+05
  17650.00  1.057e+05
  17750.00  1.037e+05
  17850.00  1.015e+05
  17950.00  9.957e+04
  18050.00  9.688e+04
  18150.00  8.798e+04
  18250.00  9.156e+04
  18350.00  9.163e+04
  18450.00  8.988e+04
  18550.00  8.794e+04
  18650.00  8.584e+04
  18750.00  7.756e+04
  18850.00  8.220e+04
  18950.00  8.120e+04
  19050.00  7.984e+04
  19150.00  7.829e+04
  19250.00  7.675e+04
  19350.00  7.476e+04
  19450.00  6.765e+04
  19550.00  7.196e+04
  19650.00  7.110e+04
  19750.00  6.973e+04
  19850.00  6.849e+04
  19950.00  6.721e+04
  20050.00  6.598e+04
  20150.00  6.477e+04
  20250.00  6.357e+04
  20350.00  6.240e+04
  20450.00  6.129e+04
  20550.00  6.018e+04
  20650.00  5.906e+04
  20750.00  5.802e+04
  20850.00  5.699e+04
  20950.00  5.598e+04
  21050.00  5.498e+04
  21150.00  5.393e+04
  21250.00  5.299e+04
  21350.00  5.208e+04
  21450.00  5.123e+04
  21550.00  5.006e+04
  21650.00  4.558e+04
  21750.00  4.811e+04
  21850.00  4.778e+04
  21950.00  4.701e+04
  22050.00  4.620e+04
  22150.00  4.537e+04
  22250.00  4.468e+04
  22350.00  4.393e+04
  22450.00  4.320e+04
  22550.00  4.246e+04
  22650.00  4.178e+04
  22750.00  4.109e+04
  22850.00  4.063e+04
  22950.00  4.066e+04
  23050.00  3.986e+04
  23150.00  3.904e+04
  23250.00  3.826e+04
  23350.00  3.749e+04
  23450.00  3.679e+04
  23550.00  3.606e+04
  23650.00  3.542e+04
  23750.00  3.478e+04
  23850.00  3.416e+04
  23950.00  3.359e+04
  24050.00  3.301e+04
  24150.00  3.242e+04
  24250.00  3.213e+04
  24350.00  3.149e+04
  24450.00  3.091e+04
  24550.00  3.075e+04
  24650.00  3.004e+04
  24750.00  2.962e+04
  24850.00  2.969e+04
  24950.00  2.809e+04
  25050.00  2.916e+04
  25150.00  2.850e+04
  25250.00  2.669e+04
  25350.00  2.751e+04
  25450.00  2.737e+04
  25550.00  2.670e+04
  25650.00  2.495e+04
  25750.00  2.602e+04
  25850.00  2.581e+04
  25950.00  2.543e+04
  26050.00  2.462e+04
  26150.00  2.308e+04
  26250.00  2.236e+04
  26350.00  2.371e+04
  26450.00  2.365e+04
  26550.00  2.332e+04
  26650.00  2.279e+04
  26750.00  2.105e+04
  26850.00  2.216e+04
  26950.00  2.207e+04
  27050.00  2.179e+04
  27150.00  2.149e+04
  27250.00  2.119e+04
  27350.00  2.089e+04
  27450.00  2.049e+04
  27550.00  1.898e+04
  27650.00  1.949e+04
  27750.00  1.972e+04
  27850.00  1.950e+04
  27950.00  1.924e+04
  28050.00  1.898e+04
  28150.00  1.872e+04
  28250.00  1.847e+04
  28350.00  1.822e+04
  28450.00  1.797e+04
  28550.00  1.770e+04
  28650.00  1.717e+04
  28750.00  1.601e+04
  28850.00  1.692e+04
  28950.00  1.679e+04
  29050.00  1.660e+04
  29150.00  1.636e+04
  29250.00  1.617e+04
  29350.00  1.596e+04
  29450.00  1.575e+04
  29550.00  1.555e+04
  29650.00  1.535e+04
  29750.00  1.516e+04
  29850.00  1.496e+04
  29950.00  1.477e+04
  30050.00  1.458e+04
  30150.00  1.439e+04
  30250.00  1.415e+04
  30350.00  1.324e+04
  30450.00  1.338e+04
  30550.00  1.364e+04
  30650.00  1.352e+04
  30750.00  1.335e+04
  30850.00  1.318e+04
  30950.00  1.302e+04
  31050.00  1.286e+04
  31150.00  1.270e+04
  31250.00  1.254e+04
  31350.00  1.240e+04
  31450.00  1.224e+04
  31550.00  1.210e+04
  31650.00  1.196e+04
  31750.00  1.181e+04
  31850.00  1.167e+04
  31950.00  1.153e+04
  32100.00  1.133e+04
  32300.00  1.106e+04
  32500.00  1.080e+04
  32700.00  1.054e+04
  32900.00  9.846e+03
  33100.00  1.003e+04
  33300.00  9.906e+03
  33500.00  9.669e+03
  33700.00  9.425e+03
  33900.00  9.201e+03
  34100.00  8.985e+03
  34300.00  8.775e+03
  34500.00  8.574e+03
  34700.00  8.373e+03
  34900.00  8.184e+03
  35100.00  8.004e+03
  35300.00  7.833e+03
  35500.00  7.654e+03
  35700.00  7.478e+03
  35900.00  7.365e+03
  36100.00  7.150e+03
  36300.00  7.067e+03
  36500.00  6.839e+03
  36700.00  6.794e+03
  36900.00  6.528e+03
  37100.00  6.504e+03
  37300.00  6.252e+03
  37500.00  5.977e+03
  37700.00  6.123e+03
  37900.00  6.019e+03
  38100.00  5.786e+03
  38300.00  5.693e+03
  38500.00  5.669e+03
  38700.00  5.556e+03
  38900.00  5.417e+03
  39100.00  5.160e+03
  39300.00  5.227e+03
  39500.00  5.135e+03
  39700.00  5.038e+03
  39900.00  4.937e+03
  40100.00  4.755e+03
  40300.00  4.625e+03
  40500.00  4.478e+03
  40700.00  4.560e+03
  40900.00  4.487e+03
  41100.00  4.405e+03
  41300.00  4.323e+03
  41500.00  4.228e+03
  41700.00  3.994e+03
  41900.00  4.070e+03
  42100.00  4.011e+03
  42300.00  3.940e+03
  42500.00  3.868e+03
  42700.00  3.799e+03
  42900.00  3.730e+03
  43100.00  3.664e+03
  43300.00  3.598e+03
  43500.00  3.530e+03
  43700.00  3.343e+03
  43900.00  3.372e+03
  44100.00  3.350e+03
  44300.00  3.293e+03
  44500.00  3.236e+03
  44700.00  3.195e+03
  44900.00  3.140e+03
  45100.00  3.086e+03
  45300.00  3.033e+03
  45500.00  2.982e+03
  45700.00  2.931e+03
  45900.00  2.882e+03
  46100.00  2.834e+03
  46300.00  2.777e+03
  46500.00  2.624e+03
  46700.00  2.565e+03
  46900.00  2.630e+03
  47100.00  2.606e+03
  47300.00  2.564e+03
  47500.00  2.521e+03
  47700.00  2.481e+03
  47900.00  2.441e+03
  48100.00  2.402e+03
  48300.00  2.363e+03
  48500.00  2.325e+03
  48700.00  2.288e+03
  48900.00  2.252e+03
  49100.00  2.216e+03
  49300.00  2.182e+03
  49500.00  2.148e+03
  49700.00  2.114e+03
  49900.00  2.081e+03
  50100.00  2.049e+03
  50300.00  2.017e+03
  50500.00  1.986e+03
  50700.00  1.956e+03
  50900.00  1.926e+03
  51100.00  1.885e+03
  51300.00  1.783e+03
  51500.00  1.833e+03
  51700.00  1.812e+03
  51900.00  1.785e+03
  52100.00  1.759e+03
  52300.00  1.732e+03
  52500.00  1.707e+03
  52700.00  1.682e+03
  52900.00  1.657e+03
  53100.00  1.633e+03
  53300.00  1.609e+03
  53500.00  1.586e+03
  53700.00  1.563e+03
  53900.00  1.540e+03
  54100.00  1.518e+03
  54300.00  1.496e+03
  54500.00  1.475e+03
  54700.00  1.454e+03
  54900.00  1.433e+03
  55100.00  1.413e+03
  55300.00  1.393e+03
  55500.00  1.374e+03
  55700.00  1.354e+03
  55900.00  1.335e+03
  56100.00  1.317e+03
  56300.00  1.299e+03
  56500.00  1.281e+03
  56700.00  1.263e+03
  56900.00  1.246e+03
  57100.00  1.229e+03
  57300.00  1.212e+03
  57500.00  1.196e+03
  57700.00  1.180e+03
  57900.00  1.164e+03
  58100.00  1.148e+03
  58300.00  1.133e+03
  58500.00  1.121e+03
  58700.00  1.106e+03
  58900.00  1.083e+03
  59100.00  1.028e+03
  59300.00  1.058e+03
  59500.00  1.048e+03
  59700.00  1.035e+03
  59900.00  1.021e+03
  60100.00  1.008e+03
  60300.00  9.952e+02
  60500.00  9.824e+02
  60700.00  9.697e+02
  60900.00  9.573e+02
  61100.00  9.449e+02
  61300.00  9.330e+02
  61500.00  9.212e+02
  61700.00  9.096e+02
  61900.00  8.981e+02
  62100.00  8.868e+02
  62300.00  8.756e+02
  62500.00  8.647e+02
  62700.00  8.539e+02
  62900.00  8.433e+02
  63100.00  8.328e+02
  63300.00  8.226e+02
  63500.00  8.124e+02
  63700.00  8.025e+02
  63900.00  7.927e+02
  64200.00  7.782e+02
  64600.00  7.595e+02
  65000.00  7.413e+02
  65400.00  7.236e+02
  65800.00  7.065e+02
  66200.00  6.898e+02
  66600.00  6.737e+02
  67000.00  6.581e+02
  67400.00  6.429e+02
  67800.00  6.281e+02
  68200.00  6.137e+02
  68600.00  5.997e+02
  69000.00  5.862e+02
  69400.00  5.730e+02
  69800.00  5.602e+02
  70200.00  5.478e+02
  70600.00  5.356e+02
  71000.00  5.239e+02
  71400.00  5.124e+02
  71800.00  5.013e+02
  72200.00  4.903e+02
  72600.00  4.798e+02
  73000.00  4.696e+02
  73400.00  4.596e+02
  73800.00  4.499e+02
  74200.00  4.400e+02
  74600.00  4.214e+02
  75000.00  4.110e+02
  75400.00  4.129e+02
  75800.00  4.050e+02
  76200.00  3.967e+02
  76600.00  3.886e+02
  77000.00  3.807e+02
  77400.00  3.731e+02
  77800.00  3.656e+02
  78200.00  3.583e+02
  78600.00  3.511e+02
  79000.00  3.442e+02
  79400.00  3.374e+02
  79800.00  3.308e+02
  80200.00  3.244e+02
  80600.00  3.181e+02
  81000.00  3.119e+02
  81400.00  3.059e+02
  81800.00  3.001e+02
  82200.00  2.944e+02
  82600.00  2.888e+02
  83000.00  2.833e+02
  83400.00  2.780e+02
  83800.00  2.728e+02
  84200.00  2.677e+02
  84600.00  2.628e+02
  85000.00  2.580e+02
  85400.00  2.532e+02
  85800.00  2.486e+02
  86200.00  2.441e+02
  86600.00  2.397e+02
  87000.00  2.354e+02
  87400.00  2.311e+02
  87800.00  2.270e+02
  88200.00  2.230e+02
  88600.00  2.190e+02
  89000.00  2.152e+02
  89400.00  2.114e+02
  89800.00  2.077e+02
  90200.00  2.041e+02
  90600.00  2.006e+02
  91000.00  1.971e+02
  91400.00  1.937e+02
  91800.00  1.904e+02
  92200.00  1.872e+02
  92600.00  1.840e+02
  93000.00  1.809e+02
  93400.00  1.778e+02
  93800.00  1.749e+02
  94200.00  1.720e+02
  94600.00  1.691e+02
  95000.00  1.663e+02
  95400.00  1.636e+02
  95800.00  1.609e+02
  96200.00  1.583e+02
  96600.00  1.557e+02
  97000.00  1.532e+02
  97400.00  1.507e+02
  97800.00  1.483e+02
  98200.00  1.459e+02
  98600.00  1.436e+02
  99000.00  1.413e+02
  99400.00  1.390e+02
  99800.00  1.369e+02
 100200.00  1.347e+02
 200000.00  8.630e+00
 400000.00  5.369e-01
 600000.00  1.052e-01
 800000.00  3.301e-02
