     90.90  0.000e+00
     93.50  0.000e+00
     96.10  0.000e+00
     97.70  0.000e+00
     99.60  0.000e+00
    102.00  0.000e+00
    103.80  0.000e+00
    105.60  0.000e+00
    107.70  0.000e+00
    110.40  0.000e+00
    114.00  0.000e+00
    117.80  0.000e+00
    121.30  0.000e+00
    124.80  0.000e+00
    127.10  0.000e+00
    128.40  0.000e+00
    130.50  0.000e+00
    132.40  0.000e+00
    133.90  0.000e+00
    136.60  0.000e+00
    139.80  0.000e+00
    143.30  0.000e+00
    147.20  0.000e+00
    151.00  0.000e+00
    155.20  0.000e+00
    158.80  0.000e+00
    162.00  0.000e+00
    166.00  0.000e+00
    170.30  0.000e+00
    173.40  0.000e+00
    176.80  0.000e+00
    180.20  0.000e+00
    181.70  0.000e+00
    186.10  0.000e+00
    191.00  0.000e+00
    193.90  0.000e+00
    198.40  0.000e+00
    201.80  0.000e+00
    205.00  0.000e+00
    210.50  0.000e+00
    216.20  0.000e+00
    219.80  0.000e+00
    223.00  0.000e+00
    226.80  0.000e+00
    230.00  0.000e+00
    234.00  0.000e+00
    240.00  0.000e+00
    246.50  0.000e+00
    252.40  0.000e+00
    256.80  0.000e+00
    260.00  0.000e+00
    264.00  0.000e+00
    268.50  0.000e+00
    273.50  0.000e+00
    278.50  0.000e+00
    284.00  0.000e+00
    290.00  0.000e+00
    296.00  0.000e+00
    301.00  0.000e+00
    308.00  0.000e+00
    318.00  0.000e+00
    328.00  0.000e+00
    338.00  0.000e+00
    348.00  0.000e+00
    357.00  0.000e+00
    366.00  0.000e+00
    375.00  0.000e+00
    385.00  0.000e+00
    395.00  0.000e+00
    405.00  0.000e+00
    414.00  0.000e+00
    422.00  0.000e+00
    430.00  0.000e+00
    441.00  0.000e+00
    451.00  0.000e+00
    460.00  0.000e+00
    470.00  0.000e+00
    480.00  0.000e+00
    490.00  0.000e+00
    500.00  0.000e+00
    506.00  1.725e-06
    512.00  3.549e-06
    520.00  5.965e-06
    530.00  1.119e-05
    540.00  2.004e-05
    550.00  3.693e-05
    560.00  6.470e-05
    570.00  1.116e-04
    580.00  1.801e-04
    590.00  3.082e-04
    600.00  4.995e-04
    610.00  8.053e-04
    620.00  1.261e-03
    630.00  1.957e-03
    640.00  2.952e-03
    650.00  4.493e-03
    658.00  6.165e-03
    665.00  8.035e-03
    675.00  1.168e-02
    685.00  1.699e-02
    695.00  2.435e-02
    705.00  3.406e-02
    716.00  4.962e-02
    726.00  6.882e-02
    735.00  9.136e-02
    745.00  1.241e-01
    755.00  1.672e-01
    765.00  2.242e-01
    775.00  2.980e-01
    785.00  3.942e-01
    795.00  5.081e-01
    805.00  6.616e-01
    815.00  8.611e-01
    825.00  1.103e+00
    835.00  1.391e+00
    845.00  1.785e+00
    855.00  2.245e+00
    865.00  2.816e+00
    875.00  3.478e+00
    885.00  4.344e+00
    895.00  5.355e+00
    905.00  6.480e+00
    915.00  4.592e+02
    925.00  2.766e+03
    935.00  4.022e+03
    945.00  8.695e+03
    955.00  4.118e+04
    965.00  5.741e+04
    975.00  2.119e+04
    985.00  1.183e+05
    995.00  1.077e+05
   1005.00  1.727e+05
   1015.00  1.733e+05
   1025.00  2.533e+04
   1035.00  8.739e+04
   1045.00  3.897e+05
   1055.00  5.196e+05
   1065.00  4.446e+05
   1075.00  5.733e+05
   1085.00  3.889e+05
   1095.00  6.005e+05
   1105.00  2.839e+06
   1115.00  4.051e+06
   1125.00  4.162e+06
   1135.00  5.340e+06
   1145.00  5.005e+06
   1155.00  6.070e+06
   1165.00  6.760e+06
   1175.00  5.720e+06
   1185.00  4.129e+06
   1195.00  1.655e+05
   1205.00  3.681e+05
   1215.00  3.635e+04
   1225.00  3.676e+05
   1235.00  4.001e+06
   1245.00  9.090e+06
   1255.00  9.898e+06
   1265.00  5.572e+06
   1275.00  1.485e+07
   1285.00  1.744e+07
   1295.00  1.371e+07
   1305.00  9.696e+06
   1315.00  1.586e+07
   1325.00  1.745e+07
   1335.00  1.226e+07
   1345.00  2.006e+07
   1355.00  1.962e+07
   1365.00  1.600e+07
   1375.00  1.923e+07
   1385.00  1.988e+07
   1395.00  2.040e+07
   1405.00  2.030e+07
   1415.00  1.827e+07
   1425.00  2.017e+07
   1435.00  1.836e+07
   1442.00  2.043e+07
   1447.00  2.246e+07
   1455.00  2.128e+07
   1465.00  1.916e+07
   1475.00  1.818e+07
   1485.00  2.031e+07
   1495.00  2.139e+07
   1505.00  2.113e+07
   1512.00  1.831e+07
   1517.00  2.059e+07
   1525.00  1.797e+07
   1535.00  1.545e+07
   1545.00  1.971e+07
   1555.00  1.717e+07
   1565.00  1.619e+07
   1575.00  1.650e+07
   1585.00  1.883e+07
   1595.00  1.975e+07
   1605.00  1.825e+07
   1615.00  1.850e+07
   1625.00  1.673e+07
   1635.00  1.765e+07
   1645.00  1.819e+07
   1655.00  1.597e+07
   1665.00  1.778e+07
   1672.00  1.146e+07
   1677.00  1.704e+07
   1685.00  1.948e+07
   1695.00  1.834e+07
   1705.00  1.666e+07
   1715.00  1.553e+07
   1725.00  1.544e+07
   1735.00  1.672e+07
   1745.00  1.661e+07
   1755.00  1.891e+07
   1765.00  1.596e+07
   1775.00  1.741e+07
   1785.00  1.726e+07
   1795.00  1.962e+07
   1805.00  1.882e+07
   1815.00  1.817e+07
   1825.00  1.770e+07
   1835.00  1.686e+07
   1845.00  1.539e+07
   1855.00  1.525e+07
   1865.00  1.563e+07
   1875.00  1.769e+07
   1885.00  1.653e+07
   1895.00  1.598e+07
   1905.00  1.622e+07
   1915.00  1.619e+07
   1925.00  1.632e+07
   1935.00  1.673e+07
   1945.00  1.705e+07
   1955.00  1.632e+07
   1967.00  1.787e+07
   1976.00  1.827e+07
   1984.00  1.720e+07
   1995.00  1.628e+07
   2005.00  1.684e+07
   2015.00  1.561e+07
   2025.00  1.677e+07
   2035.00  1.590e+07
   2045.00  1.680e+07
   2055.00  1.573e+07
   2065.00  1.561e+07
   2074.00  1.688e+07
   2078.00  1.645e+07
   2085.00  1.667e+07
   2095.00  1.579e+07
   2105.00  1.547e+07
   2115.00  1.549e+07
   2125.00  1.578e+07
   2135.00  1.356e+07
   2145.00  1.477e+07
   2155.00  1.555e+07
   2165.00  1.459e+07
   2175.00  1.422e+07
   2185.00  1.388e+07
   2195.00  1.509e+07
   2205.00  1.423e+07
   2215.00  1.300e+07
   2225.00  1.225e+07
   2235.00  1.383e+07
   2245.00  1.236e+07
   2255.00  1.181e+07
   2265.00  1.236e+07
   2275.00  1.292e+07
   2285.00  1.341e+07
   2295.00  1.272e+07
   2305.00  1.203e+07
   2315.00  1.118e+07
   2325.00  7.746e+06
   2335.00  1.009e+07
   2345.00  9.484e+06
   2355.00  1.107e+07
   2365.00  9.381e+06
   2375.00  9.996e+06
   2385.00  8.675e+06
   2395.00  9.942e+06
   2405.00  9.224e+06
   2415.00  9.683e+06
   2425.00  1.059e+07
   2435.00  1.003e+07
   2445.00  1.102e+07
   2455.00  1.053e+07
   2465.00  1.057e+07
   2475.00  1.003e+07
   2485.00  1.085e+07
   2495.00  1.041e+07
   2505.00  1.161e+07
   2513.00  1.006e+07
   2518.00  1.065e+07
   2525.00  9.733e+06
   2535.00  9.863e+06
   2545.00  9.607e+06
   2555.00  1.037e+07
   2565.00  1.008e+07
   2575.00  1.108e+07
   2585.00  1.072e+07
   2595.00  1.042e+07
   2605.00  9.870e+06
   2615.00  9.792e+06
   2625.00  1.051e+07
   2635.00  1.055e+07
   2645.00  1.185e+07
   2655.00  1.159e+07
   2665.00  1.048e+07
   2675.00  1.113e+07
   2685.00  1.080e+07
   2695.00  1.047e+07
   2705.00  1.089e+07
   2715.00  1.024e+07
   2725.00  1.040e+07
   2735.00  1.122e+07
   2745.00  9.192e+06
   2755.00  9.279e+06
   2765.00  9.693e+06
   2775.00  1.049e+07
   2785.00  1.045e+07
   2795.00  8.111e+06
   2805.00  9.120e+06
   2815.00  1.072e+07
   2825.00  1.088e+07
   2835.00  1.020e+07
   2845.00  9.836e+06
   2855.00  9.746e+06
   2865.00  1.036e+07
   2875.00  9.938e+06
   2885.00  1.013e+07
   2895.00  9.745e+06
   2910.00  1.075e+07
   2930.00  1.033e+07
   2950.00  1.027e+07
   2970.00  1.031e+07
   2990.00  1.034e+07
   3010.00  1.060e+07
   3030.00  1.037e+07
   3050.00  1.021e+07
   3070.00  1.006e+07
   3090.00  1.017e+07
   3110.00  9.835e+06
   3130.00  9.747e+06
   3150.00  9.827e+06
   3170.00  9.648e+06
   3190.00  9.284e+06
   3210.00  9.463e+06
   3230.00  9.303e+06
   3250.00  9.258e+06
   3270.00  9.235e+06
   3290.00  9.192e+06
   3310.00  9.184e+06
   3330.00  8.989e+06
   3350.00  8.847e+06
   3370.00  8.790e+06
   3390.00  8.648e+06
   3410.00  8.740e+06
   3430.00  8.642e+06
   3450.00  8.569e+06
   3470.00  8.411e+06
   3490.00  8.324e+06
   3510.00  8.367e+06
   3530.00  8.350e+06
   3550.00  8.287e+06
   3570.00  8.161e+06
   3590.00  8.079e+06
   3610.00  8.009e+06
   3630.00  7.916e+06
   3640.00  7.908e+06
   3650.00  7.965e+06
   3670.00  7.353e+06
   3690.00  7.916e+06
   3710.00  1.072e+07
   3730.00  1.129e+07
   3750.00  1.384e+07
   3770.00  1.382e+07
   3790.00  1.519e+07
   3810.00  1.641e+07
   3830.00  1.385e+07
   3850.00  1.660e+07
   3870.00  1.696e+07
   3890.00  1.308e+07
   3910.00  1.653e+07
   3930.00  1.618e+07
   3950.00  1.626e+07
   3970.00  1.221e+07
   3990.00  1.579e+07
   4010.00  1.565e+07
   4030.00  1.529e+07
   4050.00  1.530e+07
   4070.00  1.498e+07
   4090.00  1.414e+07
   4110.00  1.177e+07
   4130.00  1.416e+07
   4150.00  1.427e+07
   4170.00  1.402e+07
   4190.00  1.390e+07
   4210.00  1.373e+07
   4230.00  1.353e+07
   4250.00  1.329e+07
   4270.00  1.306e+07
   4290.00  1.300e+07
   4310.00  1.270e+07
   4330.00  1.163e+07
   4350.00  1.022e+07
   4370.00  1.227e+07
   4390.00  1.199e+07
   4410.00  1.199e+07
   4430.00  1.179e+07
   4450.00  1.169e+07
   4470.00  1.145e+07
   4490.00  1.125e+07
   4510.00  1.118e+07
   4530.00  1.102e+07
   4550.00  1.075e+07
   4570.00  1.082e+07
   4590.00  1.055e+07
   4610.00  1.060e+07
   4630.00  1.028e+07
   4650.00  1.032e+07
   4670.00  1.014e+07
   4690.00  1.006e+07
   4710.00  9.798e+06
   4730.00  9.789e+06
   4750.00  9.656e+06
   4770.00  9.588e+06
   4790.00  9.463e+06
   4810.00  9.310e+06
   4830.00  9.153e+06
   4850.00  8.471e+06
   4870.00  7.231e+06
   4890.00  8.825e+06
   4910.00  8.754e+06
   4930.00  8.560e+06
   4950.00  8.542e+06
   4970.00  8.461e+06
   4990.00  8.329e+06
   5010.00  8.098e+06
   5030.00  8.071e+06
   5050.00  7.893e+06
   5070.00  7.903e+06
   5090.00  7.811e+06
   5110.00  7.688e+06
   5130.00  7.637e+06
   5150.00  7.486e+06
   5170.00  7.379e+06
   5190.00  7.337e+06
   5210.00  7.227e+06
   5230.00  7.114e+06
   5250.00  7.095e+06
   5270.00  6.946e+06
   5290.00  6.961e+06
   5310.00  6.809e+06
   5330.00  6.799e+06
   5350.00  6.736e+06
   5370.00  6.651e+06
   5390.00  6.573e+06
   5410.00  6.481e+06
   5430.00  6.416e+06
   5450.00  6.364e+06
   5470.00  6.282e+06
   5490.00  6.218e+06
   5510.00  6.145e+06
   5530.00  6.089e+06
   5550.00  6.027e+06
   5570.00  5.958e+06
   5590.00  5.897e+06
   5610.00  5.847e+06
   5630.00  5.782e+06
   5650.00  5.689e+06
   5670.00  5.640e+06
   5690.00  5.592e+06
   5710.00  5.533e+06
   5730.00  5.474e+06
   5750.00  5.414e+06
   5770.00  5.357e+06
   5790.00  5.286e+06
   5810.00  5.237e+06
   5830.00  5.182e+06
   5850.00  5.130e+06
   5870.00  5.038e+06
   5890.00  5.006e+06
   5910.00  4.968e+06
   5930.00  4.921e+06
   5950.00  4.840e+06
   5970.00  4.807e+06
   5990.00  4.743e+06
   6010.00  4.716e+06
   6030.00  4.668e+06
   6050.00  4.615e+06
   6070.00  4.567e+06
   6090.00  4.521e+06
   6110.00  4.476e+06
   6130.00  4.429e+06
   6150.00  4.340e+06
   6170.00  4.339e+06
   6190.00  4.298e+06
   6210.00  4.254e+06
   6230.00  4.205e+06
   6250.00  4.125e+06
   6270.00  4.127e+06
   6290.00  4.084e+06
   6310.00  4.032e+06
   6330.00  4.001e+06
   6350.00  3.911e+06
   6370.00  3.885e+06
   6390.00  3.878e+06
   6410.00  3.836e+06
   6430.00  3.805e+06
   6450.00  3.743e+06
   6470.00  3.734e+06
   6490.00  3.684e+06
   6510.00  3.646e+06
   6530.00  3.598e+06
   6550.00  3.410e+06
   6570.00  2.876e+06
   6590.00  3.478e+06
   6610.00  3.478e+06
   6630.00  3.448e+06
   6650.00  3.420e+06
   6670.00  3.379e+06
   6690.00  3.348e+06
   6710.00  3.322e+06
   6730.00  3.288e+06
   6750.00  3.259e+06
   6770.00  3.229e+06
   6790.00  3.197e+06
   6810.00  3.167e+06
   6830.00  3.134e+06
   6850.00  3.106e+06
   6870.00  3.078e+06
   6890.00  3.050e+06
   6910.00  3.021e+06
   6930.00  2.990e+06
   6950.00  2.965e+06
   6970.00  2.939e+06
   6990.00  2.914e+06
   7010.00  2.882e+06
   7030.00  2.860e+06
   7050.00  2.826e+06
   7070.00  2.801e+06
   7090.00  2.783e+06
   7110.00  2.752e+06
   7130.00  2.729e+06
   7150.00  2.705e+06
   7170.00  2.682e+06
   7190.00  2.658e+06
   7210.00  2.635e+06
   7230.00  2.605e+06
   7250.00  2.585e+06
   7270.00  2.564e+06
   7290.00  2.539e+06
   7310.00  2.515e+06
   7330.00  2.496e+06
   7350.00  2.476e+06
   7370.00  2.454e+06
   7390.00  2.433e+06
   7410.00  2.408e+06
   7430.00  2.384e+06
   7450.00  2.365e+06
   7470.00  2.340e+06
   7490.00  2.324e+06
   7510.00  2.301e+06
   7530.00  2.287e+06
   7550.00  2.267e+06
   7570.00  2.248e+06
   7590.00  2.228e+06
   7610.00  2.210e+06
   7630.00  2.191e+06
   7650.00  2.169e+06
   7670.00  2.152e+06
   7690.00  2.134e+06
   7710.00  2.112e+06
   7730.00  2.098e+06
   7750.00  2.080e+06
   7770.00  2.029e+06
   7790.00  2.045e+06
   7810.00  2.030e+06
   7830.00  2.012e+06
   7850.00  1.988e+06
   7870.00  1.968e+06
   7890.00  1.950e+06
   7910.00  1.944e+06
   7930.00  1.930e+06
   7950.00  1.906e+06
   7970.00  1.898e+06
   7990.00  1.865e+06
   8010.00  1.867e+06
   8030.00  1.851e+06
   8050.00  1.836e+06
   8070.00  1.821e+06
   8090.00  1.806e+06
   8110.00  1.790e+06
   8130.00  1.777e+06
   8150.00  1.762e+06
   8170.00  1.749e+06
   8190.00  1.731e+06
   8210.00  1.715e+06
   8230.00  1.698e+06
   8250.00  1.697e+06
   8270.00  1.684e+06
   8290.00  1.654e+06
   8310.00  1.625e+06
   8330.00  1.589e+06
   8350.00  1.571e+06
   8370.00  1.538e+06
   8390.00  1.540e+06
   8410.00  1.535e+06
   8430.00  1.580e+06
   8450.00  1.568e+06
   8470.00  1.478e+06
   8490.00  1.660e+06
   8510.00  1.466e+06
   8530.00  1.682e+06
   8550.00  1.413e+06
   8570.00  1.688e+06
   8590.00  1.541e+06
   8610.00  1.486e+06
   8630.00  1.664e+06
   8650.00  1.611e+06
   8670.00  1.345e+06
   8690.00  1.608e+06
   8710.00  1.623e+06
   8730.00  1.588e+06
   8750.00  1.309e+06
   8770.00  1.539e+06
   8790.00  1.576e+06
   8810.00  1.566e+06
   8830.00  1.542e+06
   8850.00  1.470e+06
   8870.00  1.265e+06
   8890.00  1.502e+06
   8910.00  1.502e+06
   8930.00  1.492e+06
   8950.00  1.487e+06
   8970.00  1.473e+06
   8990.00  1.448e+06
   9010.00  1.233e+06
   9030.00  1.339e+06
   9050.00  1.421e+06
   9070.00  1.403e+06
   9090.00  1.393e+06
   9110.00  1.392e+06
   9130.00  1.382e+06
   9150.00  1.377e+06
   9170.00  1.362e+06
   9190.00  1.341e+06
   9210.00  1.310e+06
   9230.00  1.081e+06
   9250.00  1.276e+06
   9270.00  1.282e+06
   9290.00  1.300e+06
   9310.00  1.295e+06
   9330.00  1.284e+06
   9350.00  1.277e+06
   9370.00  1.267e+06
   9390.00  1.254e+06
   9410.00  1.234e+06
   9430.00  1.238e+06
   9450.00  1.231e+06
   9470.00  1.220e+06
   9490.00  1.211e+06
   9510.00  1.197e+06
   9530.00  1.159e+06
   9550.00  9.718e+05
   9570.00  1.153e+06
   9590.00  1.165e+06
   9610.00  1.159e+06
   9630.00  1.139e+06
   9650.00  1.144e+06
   9670.00  1.131e+06
   9690.00  1.127e+06
   9710.00  1.120e+06
   9730.00  1.111e+06
   9750.00  1.103e+06
   9770.00  1.096e+06
   9790.00  1.088e+06
   9810.00  1.079e+06
   9830.00  1.070e+06
   9850.00  1.063e+06
   9870.00  1.056e+06
   9890.00  1.046e+06
   9910.00  1.041e+06
   9930.00  1.034e+06
   9950.00  1.027e+06
   9970.00  1.020e+06
   9990.00  1.012e+06
  10025.00  9.648e+05
  10075.00  9.191e+05
  10125.00  9.582e+05
  10175.00  9.476e+05
  10225.00  9.329e+05
  10275.00  9.170e+05
  10325.00  9.008e+05
  10375.00  8.859e+05
  10425.00  8.713e+05
  10475.00  8.557e+05
  10525.00  8.403e+05
  10575.00  8.276e+05
  10625.00  8.144e+05
  10675.00  7.959e+05
  10725.00  7.861e+05
  10775.00  7.743e+05
  10825.00  7.600e+05
  10875.00  7.484e+05
  10925.00  6.753e+05
  10975.00  7.131e+05
  11025.00  7.138e+05
  11075.00  7.027e+05
  11125.00  6.915e+05
  11175.00  6.804e+05
  11225.00  6.697e+05
  11275.00  6.542e+05
  11325.00  6.448e+05
  11375.00  6.386e+05
  11425.00  6.286e+05
  11475.00  6.191e+05
  11525.00  6.096e+05
  11575.00  6.001e+05
  11625.00  5.897e+05
  11675.00  5.804e+05
  11725.00  5.729e+05
  11775.00  5.617e+05
  11825.00  5.554e+05
  11875.00  5.465e+05
  11925.00  5.394e+05
  11975.00  5.308e+05
  12025.00  5.233e+05
  12075.00  5.155e+05
  12125.00  5.078e+05
  12175.00  5.005e+05
  12225.00  4.931e+05
  12275.00  4.857e+05
  12325.00  4.788e+05
  12375.00  4.719e+05
  12425.00  4.652e+05
  12475.00  4.574e+05
  12525.00  4.519e+05
  12575.00  4.448e+05
  12625.00  4.389e+05
  12675.00  4.329e+05
  12725.00  4.268e+05
  12775.00  4.181e+05
  12825.00  3.802e+05
  12875.00  4.076e+05
  12925.00  4.034e+05
  12975.00  3.978e+05
  13025.00  3.924e+05
  13075.00  3.869e+05
  13125.00  3.816e+05
  13175.00  3.757e+05
  13225.00  3.713e+05
  13275.00  3.662e+05
  13325.00  3.612e+05
  13375.00  3.564e+05
  13425.00  3.514e+05
  13475.00  3.467e+05
  13525.00  3.420e+05
  13575.00  3.375e+05
  13625.00  3.330e+05
  13675.00  3.284e+05
  13725.00  3.241e+05
  13775.00  3.201e+05
  13825.00  3.159e+05
  13875.00  3.119e+05
  13925.00  3.077e+05
  13975.00  3.038e+05
  14025.00  2.999e+05
  14075.00  2.960e+05
  14125.00  2.921e+05
  14175.00  2.885e+05
  14225.00  2.848e+05
  14275.00  2.812e+05
  14325.00  2.776e+05
  14375.00  2.740e+05
  14425.00  2.700e+05
  14475.00  2.672e+05
  14525.00  2.635e+05
  14570.00  2.609e+05
  14620.00  2.624e+05
  14675.00  2.635e+05
  14725.00  2.572e+05
  14775.00  2.510e+05
  14825.00  2.459e+05
  14875.00  2.411e+05
  14925.00  2.363e+05
  14975.00  2.327e+05
  15025.00  2.289e+05
  15075.00  2.262e+05
  15125.00  2.235e+05
  15175.00  2.218e+05
  15225.00  2.227e+05
  15275.00  2.146e+05
  15325.00  2.139e+05
  15375.00  2.161e+05
  15425.00  2.070e+05
  15475.00  2.123e+05
  15525.00  2.110e+05
  15575.00  1.978e+05
  15625.00  2.093e+05
  15675.00  2.013e+05
  15725.00  1.925e+05
  15775.00  2.023e+05
  15825.00  1.997e+05
  15875.00  1.821e+05
  15925.00  1.933e+05
  15975.00  1.937e+05
  16050.00  1.888e+05
  16150.00  1.781e+05
  16250.00  1.818e+05
  16350.00  1.760e+05
  16450.00  1.665e+05
  16550.00  1.699e+05
  16650.00  1.661e+05
  16750.00  1.607e+05
  16850.00  1.522e+05
  16950.00  1.553e+05
  17050.00  1.520e+05
  17150.00  1.487e+05
  17250.00  1.454e+05
  17350.00  1.354e+05
  17450.00  1.389e+05
  17550.00  1.364e+05
  17650.00  1.335e+05
  17750.00  1.307e+05
  17850.00  1.280e+05
  17950.00  1.254e+05
  18050.00  1.225e+05
  18150.00  1.149e+05
  18250.00  1.170e+05
  18350.00  1.155e+05
  18450.00  1.131e+05
  18550.00  1.108e+05
  18650.00  1.085e+05
  18750.00  1.015e+05
  18850.00  1.042e+05
  18950.00  1.023e+05
  19050.00  1.003e+05
  19150.00  9.838e+04
  19250.00  9.646e+04
  19350.00  9.450e+04
  19450.00  8.844e+04
  19550.00  9.091e+04
  19650.00  8.930e+04
  19750.00  8.760e+04
  19850.00  8.595e+04
  19950.00  8.434e+04
  20050.00  8.277e+04
  20150.00  8.123e+04
  20250.00  7.973e+04
  20350.00  7.826e+04
  20450.00  7.683e+04
  20550.00  7.543e+04
  20650.00  7.406e+04
  20750.00  7.272e+04
  20850.00  7.142e+04
  20950.00  7.013e+04
  21050.00  6.888e+04
  21150.00  6.763e+04
  21250.00  6.644e+04
  21350.00  6.527e+04
  21450.00  6.414e+04
  21550.00  6.297e+04
  21650.00  5.910e+04
  21750.00  6.071e+04
  21850.00  5.982e+04
  21950.00  5.879e+04
  22050.00  5.779e+04
  22150.00  5.680e+04
  22250.00  5.585e+04
  22350.00  5.491e+04
  22450.00  5.399e+04
  22550.00  5.308e+04
  22650.00  5.220e+04
  22750.00  5.134e+04
  22850.00  5.068e+04
  22950.00  5.042e+04
  23050.00  4.940e+04
  23150.00  4.841e+04
  23250.00  4.747e+04
  23350.00  4.656e+04
  23450.00  4.573e+04
  23550.00  4.482e+04
  23650.00  4.406e+04
  23750.00  4.335e+04
  23850.00  4.265e+04
  23950.00  4.197e+04
  24050.00  4.124e+04
  24150.00  4.049e+04
  24250.00  4.032e+04
  24350.00  3.934e+04
  24450.00  3.867e+04
  24550.00  3.852e+04
  24650.00  3.764e+04
  24750.00  3.708e+04
  24850.00  3.711e+04
  24950.00  3.529e+04
  25050.00  3.613e+04
  25150.00  3.552e+04
  25250.00  3.362e+04
  25350.00  3.437e+04
  25450.00  3.400e+04
  25550.00  3.336e+04
  25650.00  3.155e+04
  25750.00  3.243e+04
  25850.00  3.203e+04
  25950.00  3.156e+04
  26050.00  3.086e+04
  26150.00  2.928e+04
  26250.00  2.866e+04
  26350.00  2.964e+04
  26450.00  2.934e+04
  26550.00  2.892e+04
  26650.00  2.843e+04
  26750.00  2.676e+04
  26850.00  2.762e+04
  26950.00  2.730e+04
  27050.00  2.692e+04
  27150.00  2.654e+04
  27250.00  2.617e+04
  27350.00  2.581e+04
  27450.00  2.543e+04
  27550.00  2.405e+04
  27650.00  2.445e+04
  27750.00  2.441e+04
  27850.00  2.407e+04
  27950.00  2.374e+04
  28050.00  2.342e+04
  28150.00  2.310e+04
  28250.00  2.279e+04
  28350.00  2.248e+04
  28450.00  2.218e+04
  28550.00  2.188e+04
  28650.00  2.145e+04
  28750.00  2.033e+04
  28850.00  2.099e+04
  28950.00  2.073e+04
  29050.00  2.047e+04
  29150.00  2.020e+04
  29250.00  1.994e+04
  29350.00  1.968e+04
  29450.00  1.942e+04
  29550.00  1.917e+04
  29650.00  1.892e+04
  29750.00  1.868e+04
  29850.00  1.844e+04
  29950.00  1.820e+04
  30050.00  1.797e+04
  30150.00  1.774e+04
  30250.00  1.751e+04
  30350.00  1.668e+04
  30450.00  1.679e+04
  30550.00  1.686e+04
  30650.00  1.665e+04
  30750.00  1.644e+04
  30850.00  1.623e+04
  30950.00  1.604e+04
  31050.00  1.584e+04
  31150.00  1.565e+04
  31250.00  1.545e+04
  31350.00  1.526e+04
  31450.00  1.508e+04
  31550.00  1.489e+04
  31650.00  1.471e+04
  31750.00  1.454e+04
  31850.00  1.436e+04
  31950.00  1.419e+04
  32100.00  1.393e+04
  32300.00  1.360e+04
  32500.00  1.328e+04
  32700.00  1.297e+04
  32900.00  1.233e+04
  33100.00  1.240e+04
  33300.00  1.216e+04
  33500.00  1.186e+04
  33700.00  1.157e+04
  33900.00  1.129e+04
  34100.00  1.102e+04
  34300.00  1.077e+04
  34500.00  1.052e+04
  34700.00  1.028e+04
  34900.00  1.005e+04
  35100.00  9.839e+03
  35300.00  9.629e+03
  35500.00  9.404e+03
  35700.00  9.188e+03
  35900.00  9.065e+03
  36100.00  8.785e+03
  36300.00  8.697e+03
  36500.00  8.405e+03
  36700.00  8.349e+03
  36900.00  8.036e+03
  37100.00  7.998e+03
  37300.00  7.754e+03
  37500.00  7.433e+03
  37700.00  7.520e+03
  37900.00  7.372e+03
  38100.00  7.126e+03
  38300.00  7.010e+03
  38500.00  6.936e+03
  38700.00  6.797e+03
  38900.00  6.651e+03
  39100.00  6.378e+03
  39300.00  6.402e+03
  39500.00  6.276e+03
  39700.00  6.155e+03
  39900.00  6.036e+03
  40100.00  5.863e+03
  40300.00  5.706e+03
  40500.00  5.558e+03
  40700.00  5.585e+03
  40900.00  5.482e+03
  41100.00  5.379e+03
  41300.00  5.278e+03
  41500.00  5.176e+03
  41700.00  4.950e+03
  41900.00  4.986e+03
  42100.00  4.898e+03
  42300.00  4.808e+03
  42500.00  4.721e+03
  42700.00  4.635e+03
  42900.00  4.551e+03
  43100.00  4.470e+03
  43300.00  4.390e+03
  43500.00  4.311e+03
  43700.00  4.132e+03
  43900.00  4.143e+03
  44100.00  4.087e+03
  44300.00  4.016e+03
  44500.00  3.946e+03
  44700.00  3.891e+03
  44900.00  3.823e+03
  45100.00  3.758e+03
  45300.00  3.693e+03
  45500.00  3.630e+03
  45700.00  3.568e+03
  45900.00  3.508e+03
  46100.00  3.449e+03
  46300.00  3.390e+03
  46500.00  3.250e+03
  46700.00  3.179e+03
  46900.00  3.218e+03
  47100.00  3.171e+03
  47300.00  3.119e+03
  47500.00  3.068e+03
  47700.00  3.018e+03
  47900.00  2.969e+03
  48100.00  2.921e+03
  48300.00  2.874e+03
  48500.00  2.828e+03
  48700.00  2.783e+03
  48900.00  2.739e+03
  49100.00  2.695e+03
  49300.00  2.653e+03
  49500.00  2.611e+03
  49700.00  2.570e+03
  49900.00  2.530e+03
  50100.00  2.491e+03
  50300.00  2.452e+03
  50500.00  2.414e+03
  50700.00  2.377e+03
  50900.00  2.341e+03
  51100.00  2.302e+03
  51300.00  2.205e+03
  51500.00  2.234e+03
  51700.00  2.202e+03
  51900.00  2.169e+03
  52100.00  2.136e+03
  52300.00  2.105e+03
  52500.00  2.073e+03
  52700.00  2.043e+03
  52900.00  2.013e+03
  53100.00  1.983e+03
  53300.00  1.954e+03
  53500.00  1.925e+03
  53700.00  1.898e+03
  53900.00  1.870e+03
  54100.00  1.843e+03
  54300.00  1.817e+03
  54500.00  1.791e+03
  54700.00  1.765e+03
  54900.00  1.740e+03
  55100.00  1.715e+03
  55300.00  1.691e+03
  55500.00  1.667e+03
  55700.00  1.644e+03
  55900.00  1.621e+03
  56100.00  1.598e+03
  56300.00  1.576e+03
  56500.00  1.554e+03
  56700.00  1.533e+03
  56900.00  1.512e+03
  57100.00  1.491e+03
  57300.00  1.471e+03
  57500.00  1.451e+03
  57700.00  1.431e+03
  57900.00  1.412e+03
  58100.00  1.393e+03
  58300.00  1.374e+03
  58500.00  1.358e+03
  58700.00  1.340e+03
  58900.00  1.320e+03
  59100.00  1.267e+03
  59300.00  1.286e+03
  59500.00  1.271e+03
  59700.00  1.254e+03
  59900.00  1.238e+03
  60100.00  1.221e+03
  60300.00  1.206e+03
  60500.00  1.190e+03
  60700.00  1.175e+03
  60900.00  1.160e+03
  61100.00  1.145e+03
  61300.00  1.130e+03
  61500.00  1.116e+03
  61700.00  1.101e+03
  61900.00  1.088e+03
  62100.00  1.074e+03
  62300.00  1.060e+03
  62500.00  1.047e+03
  62700.00  1.034e+03
  62900.00  1.021e+03
  63100.00  1.008e+03
  63300.00  9.958e+02
  63500.00  9.836e+02
  63700.00  9.715e+02
  63900.00  9.595e+02
  64200.00  9.420e+02
  64600.00  9.192e+02
  65000.00  8.972e+02
  65400.00  8.757e+02
  65800.00  8.549e+02
  66200.00  8.347e+02
  66600.00  8.152e+02
  67000.00  7.961e+02
  67400.00  7.777e+02
  67800.00  7.597e+02
  68200.00  7.423e+02
  68600.00  7.253e+02
  69000.00  7.090e+02
  69400.00  6.930e+02
  69800.00  6.774e+02
  70200.00  6.623e+02
  70600.00  6.477e+02
  71000.00  6.334e+02
  71400.00  6.194e+02
  71800.00  6.060e+02
  72200.00  5.928e+02
  72600.00  5.800e+02
  73000.00  5.676e+02
  73400.00  5.555e+02
  73800.00  5.437e+02
  74200.00  5.322e+02
  74600.00  5.174e+02
  75000.00  5.018e+02
  75400.00  4.995e+02
  75800.00  4.892e+02
  76200.00  4.792e+02
  76600.00  4.694e+02
  77000.00  4.598e+02
  77400.00  4.505e+02
  77800.00  4.414e+02
  78200.00  4.326e+02
  78600.00  4.239e+02
  79000.00  4.155e+02
  79400.00  4.073e+02
  79800.00  3.993e+02
  80200.00  3.915e+02
  80600.00  3.839e+02
  81000.00  3.764e+02
  81400.00  3.692e+02
  81800.00  3.621e+02
  82200.00  3.552e+02
  82600.00  3.484e+02
  83000.00  3.418e+02
  83400.00  3.354e+02
  83800.00  3.291e+02
  84200.00  3.230e+02
  84600.00  3.170e+02
  85000.00  3.111e+02
  85400.00  3.054e+02
  85800.00  2.998e+02
  86200.00  2.943e+02
  86600.00  2.890e+02
  87000.00  2.838e+02
  87400.00  2.787e+02
  87800.00  2.737e+02
  88200.00  2.688e+02
  88600.00  2.640e+02
  89000.00  2.594e+02
  89400.00  2.548e+02
  89800.00  2.503e+02
  90200.00  2.460e+02
  90600.00  2.417e+02
  91000.00  2.375e+02
  91400.00  2.334e+02
  91800.00  2.294e+02
  92200.00  2.255e+02
  92600.00  2.217e+02
  93000.00  2.179e+02
  93400.00  2.142e+02
  93800.00  2.106e+02
  94200.00  2.071e+02
  94600.00  2.037e+02
  95000.00  2.003e+02
  95400.00  1.970e+02
  95800.00  1.937e+02
  96200.00  1.906e+02
  96600.00  1.875e+02
  97000.00  1.844e+02
  97400.00  1.814e+02
  97800.00  1.785e+02
  98200.00  1.756e+02
  98600.00  1.728e+02
  99000.00  1.701e+02
  99400.00  1.674e+02
  99800.00  1.647e+02
 100200.00  1.621e+02
 200000.00  1.030e+01
 400000.00  6.367e-01
 600000.00  1.242e-01
 800000.00  3.890e-02
