     90.90  0.000e+00
     93.50  0.000e+00
     96.10  0.000e+00
     97.70  0.000e+00
     99.60  0.000e+00
    102.00  0.000e+00
    103.80  0.000e+00
    105.60  0.000e+00
    107.70  0.000e+00
    110.40  0.000e+00
    114.00  0.000e+00
    117.80  0.000e+00
    121.30  0.000e+00
    124.80  0.000e+00
    127.10  0.000e+00
    128.40  0.000e+00
    130.50  0.000e+00
    132.40  0.000e+00
    133.90  0.000e+00
    136.60  0.000e+00
    139.80  0.000e+00
    143.30  0.000e+00
    147.20  0.000e+00
    151.00  0.000e+00
    155.20  0.000e+00
    158.80  0.000e+00
    162.00  0.000e+00
    166.00  0.000e+00
    170.30  0.000e+00
    173.40  0.000e+00
    176.80  0.000e+00
    180.20  0.000e+00
    181.70  0.000e+00
    186.10  0.000e+00
    191.00  0.000e+00
    193.90  0.000e+00
    198.40  0.000e+00
    201.80  0.000e+00
    205.00  0.000e+00
    210.50  0.000e+00
    216.20  0.000e+00
    219.80  0.000e+00
    223.00  0.000e+00
    226.80  0.000e+00
    230.00  0.000e+00
    234.00  0.000e+00
    240.00  0.000e+00
    246.50  0.000e+00
    252.40  0.000e+00
    256.80  0.000e+00
    260.00  0.000e+00
    264.00  0.000e+00
    268.50  0.000e+00
    273.50  0.000e+00
    278.50  0.000e+00
    284.00  0.000e+00
    290.00  0.000e+00
    296.00  0.000e+00
    301.00  0.000e+00
    308.00  0.000e+00
    318.00  0.000e+00
    328.00  0.000e+00
    338.00  0.000e+00
    348.00  0.000e+00
    357.00  0.000e+00
    366.00  0.000e+00
    375.00  0.000e+00
    385.00  0.000e+00
    395.00  0.000e+00
    405.00  0.000e+00
    414.00  0.000e+00
    422.00  0.000e+00
    430.00  0.000e+00
    441.00  0.000e+00
    451.00  0.000e+00
    460.00  0.000e+00
    470.00  0.000e+00
    480.00  0.000e+00
    490.00  0.000e+00
    500.00  0.000e+00
    506.00  4.381e-12
    512.00  8.206e-12
    520.00  1.622e-11
    530.00  3.700e-11
    540.00  8.088e-11
    550.00  1.733e-10
    560.00  3.607e-10
    570.00  7.317e-10
    580.00  1.443e-09
    590.00  2.813e-09
    600.00  5.346e-09
    610.00  9.975e-09
    620.00  1.827e-08
    630.00  3.288e-08
    640.00  5.823e-08
    650.00  1.016e-07
    658.00  1.570e-07
    665.00  2.277e-07
    675.00  3.834e-07
    685.00  6.373e-07
    695.00  1.046e-06
    705.00  1.691e-06
    716.00  2.843e-06
    726.00  4.496e-06
    735.00  6.728e-06
    745.00  1.042e-05
    755.00  1.598e-05
    765.00  2.425e-05
    775.00  3.645e-05
    785.00  5.427e-05
    795.00  7.983e-05
    805.00  1.168e-04
    815.00  1.694e-04
    825.00  2.434e-04
    835.00  3.466e-04
    845.00  4.898e-04
    855.00  6.866e-04
    865.00  9.551e-04
    875.00  1.318e-03
    885.00  1.808e-03
    895.00  2.460e-03
    905.00  3.323e-03
    915.00  6.193e-01
    925.00  2.462e+00
    935.00  3.260e+00
    945.00  4.293e+00
    955.00  6.110e+00
    965.00  7.725e+00
    975.00  8.622e+00
    985.00  1.119e+01
    995.00  1.276e+01
   1005.00  1.687e+01
   1015.00  2.054e+01
   1025.00  1.887e+01
   1035.00  2.881e+01
   1045.00  3.521e+01
   1055.00  4.161e+01
   1065.00  4.694e+01
   1075.00  5.688e+01
   1085.00  6.596e+01
   1095.00  7.332e+01
   1105.00  2.688e+02
   1115.00  4.413e+02
   1125.00  5.758e+02
   1135.00  6.811e+02
   1145.00  7.979e+02
   1155.00  8.346e+02
   1165.00  1.031e+03
   1175.00  1.127e+03
   1185.00  1.060e+03
   1195.00  5.663e+02
   1205.00  5.378e+02
   1215.00  1.092e+02
   1225.00  6.097e+02
   1235.00  1.475e+03
   1245.00  3.074e+03
   1255.00  5.629e+03
   1265.00  9.055e+03
   1275.00  4.384e+04
   1285.00  1.272e+05
   1295.00  1.845e+05
   1305.00  8.514e+04
   1315.00  3.258e+05
   1325.00  4.494e+05
   1335.00  3.957e+05
   1345.00  6.940e+05
   1355.00  6.960e+05
   1365.00  6.450e+05
   1375.00  7.583e+05
   1385.00  7.376e+05
   1395.00  8.442e+05
   1405.00  9.149e+05
   1415.00  8.304e+05
   1425.00  1.027e+06
   1435.00  9.193e+05
   1442.00  1.118e+06
   1447.00  1.485e+06
   1455.00  1.496e+06
   1465.00  1.300e+06
   1475.00  1.281e+06
   1485.00  1.529e+06
   1495.00  1.715e+06
   1505.00  1.847e+06
   1512.00  1.548e+06
   1517.00  1.669e+06
   1525.00  1.732e+06
   1535.00  1.556e+06
   1545.00  2.426e+06
   1555.00  2.024e+06
   1565.00  1.752e+06
   1575.00  2.317e+06
   1585.00  2.613e+06
   1595.00  3.055e+06
   1605.00  2.710e+06
   1615.00  2.495e+06
   1625.00  2.080e+06
   1635.00  2.369e+06
   1645.00  2.689e+06
   1655.00  1.863e+06
   1665.00  2.674e+06
   1672.00  1.251e+06
   1677.00  2.812e+06
   1685.00  3.189e+06
   1695.00  2.847e+06
   1705.00  2.606e+06
   1715.00  2.726e+06
   1725.00  2.709e+06
   1735.00  3.062e+06
   1745.00  2.941e+06
   1755.00  3.473e+06
   1765.00  2.709e+06
   1775.00  3.220e+06
   1785.00  3.043e+06
   1795.00  3.743e+06
   1805.00  3.497e+06
   1815.00  3.504e+06
   1825.00  3.271e+06
   1835.00  3.033e+06
   1845.00  2.705e+06
   1855.00  2.997e+06
   1865.00  3.115e+06
   1875.00  3.144e+06
   1885.00  3.135e+06
   1895.00  3.276e+06
   1905.00  3.002e+06
   1915.00  3.239e+06
   1925.00  3.313e+06
   1935.00  2.934e+06
   1945.00  3.388e+06
   1955.00  3.358e+06
   1967.00  3.589e+06
   1976.00  3.530e+06
   1984.00  3.394e+06
   1995.00  3.260e+06
   2005.00  3.119e+06
   2015.00  2.987e+06
   2025.00  2.910e+06
   2035.00  3.108e+06
   2045.00  3.379e+06
   2055.00  3.156e+06
   2065.00  3.042e+06
   2074.00  3.455e+06
   2078.00  3.515e+06
   2085.00  3.403e+06
   2095.00  3.255e+06
   2105.00  3.016e+06
   2115.00  3.037e+06
   2125.00  3.164e+06
   2135.00  2.513e+06
   2145.00  2.930e+06
   2155.00  2.987e+06
   2165.00  2.760e+06
   2175.00  2.720e+06
   2185.00  2.793e+06
   2195.00  3.034e+06
   2205.00  2.867e+06
   2215.00  2.554e+06
   2225.00  2.467e+06
   2235.00  2.890e+06
   2245.00  2.560e+06
   2255.00  2.417e+06
   2265.00  2.447e+06
   2275.00  2.623e+06
   2285.00  2.764e+06
   2295.00  2.560e+06
   2305.00  2.558e+06
   2315.00  2.413e+06
   2325.00  1.512e+06
   2335.00  2.049e+06
   2345.00  1.786e+06
   2355.00  2.367e+06
   2365.00  1.821e+06
   2375.00  2.105e+06
   2385.00  1.615e+06
   2395.00  1.914e+06
   2405.00  1.801e+06
   2415.00  1.927e+06
   2425.00  2.299e+06
   2435.00  2.200e+06
   2445.00  2.377e+06
   2455.00  2.297e+06
   2465.00  2.287e+06
   2475.00  2.155e+06
   2485.00  2.267e+06
   2495.00  2.159e+06
   2505.00  2.565e+06
   2513.00  2.119e+06
   2518.00  2.164e+06
   2525.00  1.941e+06
   2535.00  1.922e+06
   2545.00  1.933e+06
   2555.00  2.179e+06
   2565.00  2.109e+06
   2575.00  2.338e+06
   2585.00  2.306e+06
   2595.00  2.180e+06
   2605.00  2.054e+06
   2615.00  1.976e+06
   2625.00  2.293e+06
   2635.00  2.352e+06
   2645.00  2.838e+06
   2655.00  2.809e+06
   2665.00  2.462e+06
   2675.00  2.629e+06
   2685.00  2.579e+06
   2695.00  2.451e+06
   2705.00  2.546e+06
   2715.00  2.356e+06
   2725.00  2.394e+06
   2735.00  2.620e+06
   2745.00  1.982e+06
   2755.00  2.109e+06
   2765.00  2.234e+06
   2775.00  2.490e+06
   2785.00  2.304e+06
   2795.00  1.281e+06
   2805.00  1.544e+06
   2815.00  2.532e+06
   2825.00  2.707e+06
   2835.00  2.580e+06
   2845.00  2.474e+06
   2855.00  2.371e+06
   2865.00  2.620e+06
   2875.00  2.527e+06
   2885.00  2.578e+06
   2895.00  2.450e+06
   2910.00  2.801e+06
   2930.00  2.680e+06
   2950.00  2.661e+06
   2970.00  2.716e+06
   2990.00  2.772e+06
   3010.00  2.827e+06
   3030.00  2.783e+06
   3050.00  2.763e+06
   3070.00  2.757e+06
   3090.00  2.819e+06
   3110.00  2.724e+06
   3130.00  2.719e+06
   3150.00  2.783e+06
   3170.00  2.769e+06
   3190.00  2.632e+06
   3210.00  2.714e+06
   3230.00  2.640e+06
   3250.00  2.692e+06
   3270.00  2.713e+06
   3290.00  2.737e+06
   3310.00  2.766e+06
   3330.00  2.705e+06
   3350.00  2.670e+06
   3370.00  2.663e+06
   3390.00  2.649e+06
   3410.00  2.700e+06
   3430.00  2.701e+06
   3450.00  2.681e+06
   3470.00  2.643e+06
   3490.00  2.626e+06
   3510.00  2.679e+06
   3530.00  2.685e+06
   3550.00  2.702e+06
   3570.00  2.632e+06
   3590.00  2.617e+06
   3610.00  2.617e+06
   3630.00  2.624e+06
   3640.00  2.611e+06
   3650.00  2.671e+06
   3670.00  2.486e+06
   3690.00  2.504e+06
   3710.00  3.247e+06
   3730.00  3.496e+06
   3750.00  4.667e+06
   3770.00  4.942e+06
   3790.00  6.304e+06
   3810.00  7.328e+06
   3830.00  5.649e+06
   3850.00  7.943e+06
   3870.00  8.810e+06
   3890.00  4.975e+06
   3910.00  8.611e+06
   3930.00  7.430e+06
   3950.00  8.474e+06
   3970.00  4.554e+06
   3990.00  8.347e+06
   4010.00  8.808e+06
   4030.00  8.704e+06
   4050.00  8.622e+06
   4070.00  8.312e+06
   4090.00  6.868e+06
   4110.00  5.169e+06
   4130.00  7.878e+06
   4150.00  8.114e+06
   4170.00  7.971e+06
   4190.00  7.859e+06
   4210.00  7.803e+06
   4230.00  7.616e+06
   4250.00  7.536e+06
   4270.00  7.330e+06
   4290.00  7.369e+06
   4310.00  6.958e+06
   4330.00  5.523e+06
   4350.00  4.677e+06
   4370.00  6.883e+06
   4390.00  6.860e+06
   4410.00  6.759e+06
   4430.00  6.720e+06
   4450.00  6.720e+06
   4470.00  6.634e+06
   4490.00  6.505e+06
   4510.00  6.534e+06
   4530.00  6.371e+06
   4550.00  6.198e+06
   4570.00  6.304e+06
   4590.00  6.124e+06
   4610.00  6.204e+06
   4630.00  6.006e+06
   4650.00  6.040e+06
   4670.00  5.950e+06
   4690.00  5.835e+06
   4710.00  5.610e+06
   4730.00  5.741e+06
   4750.00  5.694e+06
   4770.00  5.611e+06
   4790.00  5.543e+06
   4810.00  5.428e+06
   4830.00  5.258e+06
   4850.00  4.209e+06
   4870.00  3.347e+06
   4890.00  4.980e+06
   4910.00  5.104e+06
   4930.00  5.017e+06
   4950.00  5.014e+06
   4970.00  5.009e+06
   4990.00  4.896e+06
   5010.00  4.752e+06
   5030.00  4.776e+06
   5050.00  4.689e+06
   5070.00  4.702e+06
   5090.00  4.648e+06
   5110.00  4.596e+06
   5130.00  4.524e+06
   5150.00  4.445e+06
   5170.00  4.340e+06
   5190.00  4.302e+06
   5210.00  4.303e+06
   5230.00  4.210e+06
   5250.00  4.241e+06
   5270.00  4.088e+06
   5290.00  4.146e+06
   5310.00  4.054e+06
   5330.00  3.997e+06
   5350.00  4.027e+06
   5370.00  3.957e+06
   5390.00  3.920e+06
   5410.00  3.849e+06
   5430.00  3.823e+06
   5450.00  3.811e+06
   5470.00  3.770e+06
   5490.00  3.743e+06
   5510.00  3.698e+06
   5530.00  3.646e+06
   5550.00  3.629e+06
   5570.00  3.579e+06
   5590.00  3.552e+06
   5610.00  3.521e+06
   5630.00  3.487e+06
   5650.00  3.446e+06
   5670.00  3.406e+06
   5690.00  3.381e+06
   5710.00  3.347e+06
   5730.00  3.320e+06
   5750.00  3.279e+06
   5770.00  3.248e+06
   5790.00  3.212e+06
   5810.00  3.182e+06
   5830.00  3.151e+06
   5850.00  3.120e+06
   5870.00  3.086e+06
   5890.00  3.027e+06
   5910.00  3.025e+06
   5930.00  2.997e+06
   5950.00  2.960e+06
   5970.00  2.936e+06
   5990.00  2.897e+06
   6010.00  2.871e+06
   6030.00  2.850e+06
   6050.00  2.821e+06
   6070.00  2.797e+06
   6090.00  2.768e+06
   6110.00  2.739e+06
   6130.00  2.707e+06
   6150.00  2.644e+06
   6170.00  2.655e+06
   6190.00  2.637e+06
   6210.00  2.613e+06
   6230.00  2.583e+06
   6250.00  2.528e+06
   6270.00  2.541e+06
   6290.00  2.517e+06
   6310.00  2.483e+06
   6330.00  2.466e+06
   6350.00  2.418e+06
   6370.00  2.402e+06
   6390.00  2.395e+06
   6410.00  2.365e+06
   6430.00  2.351e+06
   6450.00  2.306e+06
   6470.00  2.307e+06
   6490.00  2.269e+06
   6510.00  2.245e+06
   6530.00  2.194e+06
   6550.00  1.931e+06
   6570.00  1.534e+06
   6590.00  2.084e+06
   6610.00  2.141e+06
   6630.00  2.137e+06
   6650.00  2.122e+06
   6670.00  2.106e+06
   6690.00  2.090e+06
   6710.00  2.072e+06
   6730.00  2.049e+06
   6750.00  2.033e+06
   6770.00  2.019e+06
   6790.00  2.000e+06
   6810.00  1.983e+06
   6830.00  1.962e+06
   6850.00  1.946e+06
   6870.00  1.931e+06
   6890.00  1.914e+06
   6910.00  1.897e+06
   6930.00  1.880e+06
   6950.00  1.864e+06
   6970.00  1.847e+06
   6990.00  1.832e+06
   7010.00  1.809e+06
   7030.00  1.798e+06
   7050.00  1.784e+06
   7070.00  1.770e+06
   7090.00  1.755e+06
   7110.00  1.718e+06
   7130.00  1.720e+06
   7150.00  1.707e+06
   7170.00  1.694e+06
   7190.00  1.679e+06
   7210.00  1.665e+06
   7230.00  1.648e+06
   7250.00  1.635e+06
   7270.00  1.625e+06
   7290.00  1.608e+06
   7310.00  1.594e+06
   7330.00  1.584e+06
   7350.00  1.572e+06
   7370.00  1.560e+06
   7390.00  1.544e+06
   7410.00  1.524e+06
   7430.00  1.512e+06
   7450.00  1.502e+06
   7470.00  1.483e+06
   7490.00  1.477e+06
   7510.00  1.467e+06
   7530.00  1.458e+06
   7550.00  1.448e+06
   7570.00  1.436e+06
   7590.00  1.425e+06
   7610.00  1.414e+06
   7630.00  1.402e+06
   7650.00  1.389e+06
   7670.00  1.376e+06
   7690.00  1.367e+06
   7710.00  1.352e+06
   7730.00  1.347e+06
   7750.00  1.335e+06
   7770.00  1.297e+06
   7790.00  1.315e+06
   7810.00  1.305e+06
   7830.00  1.293e+06
   7850.00  1.279e+06
   7870.00  1.267e+06
   7890.00  1.256e+06
   7910.00  1.250e+06
   7930.00  1.242e+06
   7950.00  1.226e+06
   7970.00  1.226e+06
   7990.00  1.201e+06
   8010.00  1.206e+06
   8030.00  1.196e+06
   8050.00  1.187e+06
   8070.00  1.177e+06
   8090.00  1.169e+06
   8110.00  1.161e+06
   8130.00  1.152e+06
   8150.00  1.144e+06
   8170.00  1.135e+06
   8190.00  1.116e+06
   8210.00  1.114e+06
   8230.00  1.104e+06
   8250.00  1.099e+06
   8270.00  1.100e+06
   8290.00  1.087e+06
   8310.00  1.073e+06
   8330.00  1.045e+06
   8350.00  1.031e+06
   8370.00  1.011e+06
   8390.00  9.946e+05
   8410.00  9.823e+05
   8430.00  9.932e+05
   8450.00  9.878e+05
   8470.00  9.304e+05
   8490.00  1.038e+06
   8510.00  9.111e+05
   8530.00  1.067e+06
   8550.00  8.597e+05
   8570.00  1.097e+06
   8590.00  9.650e+05
   8610.00  9.283e+05
   8630.00  1.111e+06
   8650.00  1.040e+06
   8670.00  8.109e+05
   8690.00  1.056e+06
   8710.00  1.107e+06
   8730.00  1.052e+06
   8750.00  7.984e+05
   8770.00  9.968e+05
   8790.00  1.085e+06
   8810.00  1.083e+06
   8830.00  1.051e+06
   8850.00  9.380e+05
   8870.00  7.763e+05
   8890.00  1.008e+06
   8910.00  1.041e+06
   8930.00  1.040e+06
   8950.00  1.041e+06
   8970.00  1.025e+06
   8990.00  9.815e+05
   9010.00  7.658e+05
   9030.00  8.511e+05
   9050.00  9.764e+05
   9070.00  9.706e+05
   9090.00  9.625e+05
   9110.00  9.773e+05
   9130.00  9.752e+05
   9150.00  9.714e+05
   9170.00  9.583e+05
   9190.00  9.354e+05
   9210.00  8.725e+05
   9230.00  6.662e+05
   9250.00  8.383e+05
   9270.00  8.862e+05
   9290.00  9.176e+05
   9310.00  9.164e+05
   9330.00  9.100e+05
   9350.00  9.063e+05
   9370.00  9.008e+05
   9390.00  8.868e+05
   9410.00  8.680e+05
   9430.00  8.775e+05
   9450.00  8.715e+05
   9470.00  8.638e+05
   9490.00  8.545e+05
   9510.00  8.355e+05
   9530.00  7.673e+05
   9550.00  6.051e+05
   9570.00  7.729e+05
   9590.00  8.160e+05
   9610.00  8.150e+05
   9630.00  8.038e+05
   9650.00  8.119e+05
   9670.00  8.012e+05
   9690.00  8.001e+05
   9710.00  7.988e+05
   9730.00  7.925e+05
   9750.00  7.859e+05
   9770.00  7.821e+05
   9790.00  7.765e+05
   9810.00  7.705e+05
   9830.00  7.636e+05
   9850.00  7.560e+05
   9870.00  7.519e+05
   9890.00  7.430e+05
   9910.00  7.422e+05
   9930.00  7.358e+05
   9950.00  7.313e+05
   9970.00  7.268e+05
   9990.00  7.188e+05
  10025.00  6.566e+05
  10075.00  6.219e+05
  10125.00  6.818e+05
  10175.00  6.788e+05
  10225.00  6.695e+05
  10275.00  6.586e+05
  10325.00  6.469e+05
  10375.00  6.365e+05
  10425.00  6.263e+05
  10475.00  6.121e+05
  10525.00  6.031e+05
  10575.00  5.950e+05
  10625.00  5.858e+05
  10675.00  5.682e+05
  10725.00  5.642e+05
  10775.00  5.566e+05
  10825.00  5.475e+05
  10875.00  5.347e+05
  10925.00  4.549e+05
  10975.00  4.965e+05
  11025.00  5.145e+05
  11075.00  5.088e+05
  11125.00  5.009e+05
  11175.00  4.934e+05
  11225.00  4.860e+05
  11275.00  4.713e+05
  11325.00  4.651e+05
  11375.00  4.630e+05
  11425.00  4.551e+05
  11475.00  4.504e+05
  11525.00  4.439e+05
  11575.00  4.370e+05
  11625.00  4.274e+05
  11675.00  4.191e+05
  11725.00  4.181e+05
  11775.00  4.059e+05
  11825.00  4.031e+05
  11875.00  3.957e+05
  11925.00  3.944e+05
  11975.00  3.861e+05
  12025.00  3.824e+05
  12075.00  3.759e+05
  12125.00  3.709e+05
  12175.00  3.664e+05
  12225.00  3.609e+05
  12275.00  3.552e+05
  12325.00  3.504e+05
  12375.00  3.459e+05
  12425.00  3.416e+05
  12475.00  3.356e+05
  12525.00  3.318e+05
  12575.00  3.253e+05
  12625.00  3.218e+05
  12675.00  3.183e+05
  12725.00  3.129e+05
  12775.00  3.021e+05
  12825.00  2.608e+05
  12875.00  2.961e+05
  12925.00  2.964e+05
  12975.00  2.933e+05
  13025.00  2.895e+05
  13075.00  2.858e+05
  13125.00  2.818e+05
  13175.00  2.771e+05
  13225.00  2.745e+05
  13275.00  2.709e+05
  13325.00  2.673e+05
  13375.00  2.638e+05
  13425.00  2.603e+05
  13475.00  2.567e+05
  13525.00  2.530e+05
  13575.00  2.498e+05
  13625.00  2.469e+05
  13675.00  2.434e+05
  13725.00  2.392e+05
  13775.00  2.374e+05
  13825.00  2.344e+05
  13875.00  2.317e+05
  13925.00  2.283e+05
  13975.00  2.258e+05
  14025.00  2.230e+05
  14075.00  2.203e+05
  14125.00  2.173e+05
  14175.00  2.147e+05
  14225.00  2.120e+05
  14275.00  2.093e+05
  14325.00  2.068e+05
  14375.00  2.043e+05
  14425.00  1.994e+05
  14475.00  1.993e+05
  14525.00  1.956e+05
  14570.00  1.947e+05
  14620.00  1.972e+05
  14675.00  2.011e+05
  14725.00  1.961e+05
  14775.00  1.903e+05
  14825.00  1.863e+05
  14875.00  1.816e+05
  14925.00  1.789e+05
  14975.00  1.749e+05
  15025.00  1.715e+05
  15075.00  1.686e+05
  15125.00  1.665e+05
  15175.00  1.646e+05
  15225.00  1.643e+05
  15275.00  1.596e+05
  15325.00  1.583e+05
  15375.00  1.598e+05
  15425.00  1.527e+05
  15475.00  1.569e+05
  15525.00  1.558e+05
  15575.00  1.454e+05
  15625.00  1.572e+05
  15675.00  1.482e+05
  15725.00  1.412e+05
  15775.00  1.524e+05
  15825.00  1.503e+05
  15875.00  1.320e+05
  15925.00  1.438e+05
  15975.00  1.475e+05
  16050.00  1.418e+05
  16150.00  1.319e+05
  16250.00  1.390e+05
  16350.00  1.322e+05
  16450.00  1.233e+05
  16550.00  1.301e+05
  16650.00  1.274e+05
  16750.00  1.209e+05
  16850.00  1.129e+05
  16950.00  1.192e+05
  17050.00  1.167e+05
  17150.00  1.145e+05
  17250.00  1.111e+05
  17350.00  9.945e+04
  17450.00  1.055e+05
  17550.00  1.047e+05
  17650.00  1.025e+05
  17750.00  1.006e+05
  17850.00  9.852e+04
  17950.00  9.671e+04
  18050.00  9.405e+04
  18150.00  8.519e+04
  18250.00  8.881e+04
  18350.00  8.898e+04
  18450.00  8.731e+04
  18550.00  8.538e+04
  18650.00  8.334e+04
  18750.00  7.507e+04
  18850.00  7.977e+04
  18950.00  7.881e+04
  19050.00  7.758e+04
  19150.00  7.608e+04
  19250.00  7.456e+04
  19350.00  7.260e+04
  19450.00  6.553e+04
  19550.00  6.989e+04
  19650.00  6.910e+04
  19750.00  6.775e+04
  19850.00  6.657e+04
  19950.00  6.533e+04
  20050.00  6.414e+04
  20150.00  6.296e+04
  20250.00  6.179e+04
  20350.00  6.065e+04
  20450.00  5.958e+04
  20550.00  5.850e+04
  20650.00  5.741e+04
  20750.00  5.640e+04
  20850.00  5.541e+04
  20950.00  5.443e+04
  21050.00  5.345e+04
  21150.00  5.241e+04
  21250.00  5.151e+04
  21350.00  5.062e+04
  21450.00  4.980e+04
  21550.00  4.865e+04
  21650.00  4.420e+04
  21750.00  4.675e+04
  21850.00  4.645e+04
  21950.00  4.572e+04
  22050.00  4.492e+04
  22150.00  4.411e+04
  22250.00  4.345e+04
  22350.00  4.273e+04
  22450.00  4.202e+04
  22550.00  4.129e+04
  22650.00  4.064e+04
  22750.00  3.997e+04
  22850.00  3.952e+04
  22950.00  3.956e+04
  23050.00  3.879e+04
  23150.00  3.799e+04
  23250.00  3.722e+04
  23350.00  3.649e+04
  23450.00  3.579e+04
  23550.00  3.511e+04
  23650.00  3.446e+04
  23750.00  3.383e+04
  23850.00  3.323e+04
  23950.00  3.269e+04
  24050.00  3.212e+04
  24150.00  3.154e+04
  24250.00  3.126e+04
  24350.00  3.063e+04
  24450.00  3.007e+04
  24550.00  2.991e+04
  24650.00  2.922e+04
  24750.00  2.882e+04
  24850.00  2.888e+04
  24950.00  2.732e+04
  25050.00  2.838e+04
  25150.00  2.773e+04
  25250.00  2.595e+04
  25350.00  2.677e+04
  25450.00  2.664e+04
  25550.00  2.597e+04
  25650.00  2.425e+04
  25750.00  2.531e+04
  25850.00  2.511e+04
  25950.00  2.475e+04
  26050.00  2.395e+04
  26150.00  2.243e+04
  26250.00  2.170e+04
  26350.00  2.306e+04
  26450.00  2.303e+04
  26550.00  2.270e+04
  26650.00  2.218e+04
  26750.00  2.046e+04
  26850.00  2.156e+04
  26950.00  2.149e+04
  27050.00  2.121e+04
  27150.00  2.093e+04
  27250.00  2.064e+04
  27350.00  2.034e+04
  27450.00  1.995e+04
  27550.00  1.845e+04
  27650.00  1.896e+04
  27750.00  1.920e+04
  27850.00  1.899e+04
  27950.00  1.874e+04
  28050.00  1.848e+04
  28150.00  1.823e+04
  28250.00  1.799e+04
  28350.00  1.775e+04
  28450.00  1.750e+04
  28550.00  1.724e+04
  28650.00  1.671e+04
  28750.00  1.556e+04
  28850.00  1.648e+04
  28950.00  1.636e+04
  29050.00  1.617e+04
  29150.00  1.594e+04
  29250.00  1.575e+04
  29350.00  1.555e+04
  29450.00  1.535e+04
  29550.00  1.515e+04
  29650.00  1.496e+04
  29750.00  1.477e+04
  29850.00  1.458e+04
  29950.00  1.439e+04
  30050.00  1.421e+04
  30150.00  1.402e+04
  30250.00  1.378e+04
  30350.00  1.287e+04
  30450.00  1.302e+04
  30550.00  1.329e+04
  30650.00  1.317e+04
  30750.00  1.301e+04
  30850.00  1.284e+04
  30950.00  1.269e+04
  31050.00  1.253e+04
  31150.00  1.237e+04
  31250.00  1.222e+04
  31350.00  1.208e+04
  31450.00  1.193e+04
  31550.00  1.179e+04
  31650.00  1.165e+04
  31750.00  1.151e+04
  31850.00  1.137e+04
  31950.00  1.124e+04
  32100.00  1.104e+04
  32300.00  1.078e+04
  32500.00  1.053e+04
  32700.00  1.027e+04
  32900.00  9.584e+03
  33100.00  9.766e+03
  33300.00  9.651e+03
  33500.00  9.424e+03
  33700.00  9.183e+03
  33900.00  8.966e+03
  34100.00  8.755e+03
  34300.00  8.552e+03
  34500.00  8.360e+03
  34700.00  8.161e+03
  34900.00  7.977e+03
  35100.00  7.802e+03
  35300.00  7.635e+03
  35500.00  7.461e+03
  35700.00  7.289e+03
  35900.00  7.179e+03
  36100.00  6.970e+03
  36300.00  6.888e+03
  36500.00  6.666e+03
  36700.00  6.622e+03
  36900.00  6.361e+03
  37100.00  6.339e+03
  37300.00  6.089e+03
  37500.00  5.819e+03
  37700.00  5.968e+03
  37900.00  5.867e+03
  38100.00  5.639e+03
  38300.00  5.549e+03
  38500.00  5.528e+03
  38700.00  5.415e+03
  38900.00  5.279e+03
  39100.00  5.027e+03
  39300.00  5.096e+03
  39500.00  5.007e+03
  39700.00  4.913e+03
  39900.00  4.813e+03
  40100.00  4.634e+03
  40300.00  4.507e+03
  40500.00  4.361e+03
  40700.00  4.445e+03
  40900.00  4.375e+03
  41100.00  4.296e+03
  41300.00  4.215e+03
  41500.00  4.122e+03
  41700.00  3.891e+03
  41900.00  3.968e+03
  42100.00  3.911e+03
  42300.00  3.843e+03
  42500.00  3.773e+03
  42700.00  3.705e+03
  42900.00  3.638e+03
  43100.00  3.573e+03
  43300.00  3.509e+03
  43500.00  3.442e+03
  43700.00  3.258e+03
  43900.00  3.288e+03
  44100.00  3.267e+03
  44300.00  3.212e+03
  44500.00  3.156e+03
  44700.00  3.116e+03
  44900.00  3.062e+03
  45100.00  3.010e+03
  45300.00  2.959e+03
  45500.00  2.909e+03
  45700.00  2.859e+03
  45900.00  2.811e+03
  46100.00  2.764e+03
  46300.00  2.708e+03
  46500.00  2.554e+03
  46700.00  2.498e+03
  46900.00  2.565e+03
  47100.00  2.542e+03
  47300.00  2.501e+03
  47500.00  2.459e+03
  47700.00  2.420e+03
  47900.00  2.381e+03
  48100.00  2.343e+03
  48300.00  2.305e+03
  48500.00  2.268e+03
  48700.00  2.232e+03
  48900.00  2.197e+03
  49100.00  2.162e+03
  49300.00  2.128e+03
  49500.00  2.095e+03
  49700.00  2.062e+03
  49900.00  2.030e+03
  50100.00  1.999e+03
  50300.00  1.968e+03
  50500.00  1.938e+03
  50700.00  1.908e+03
  50900.00  1.879e+03
  51100.00  1.839e+03
  51300.00  1.738e+03
  51500.00  1.788e+03
  51700.00  1.768e+03
  51900.00  1.742e+03
  52100.00  1.716e+03
  52300.00  1.690e+03
  52500.00  1.665e+03
  52700.00  1.641e+03
  52900.00  1.617e+03
  53100.00  1.593e+03
  53300.00  1.570e+03
  53500.00  1.547e+03
  53700.00  1.524e+03
  53900.00  1.503e+03
  54100.00  1.481e+03
  54300.00  1.460e+03
  54500.00  1.439e+03
  54700.00  1.418e+03
  54900.00  1.398e+03
  55100.00  1.379e+03
  55300.00  1.359e+03
  55500.00  1.340e+03
  55700.00  1.321e+03
  55900.00  1.303e+03
  56100.00  1.285e+03
  56300.00  1.267e+03
  56500.00  1.250e+03
  56700.00  1.233e+03
  56900.00  1.216e+03
  57100.00  1.199e+03
  57300.00  1.183e+03
  57500.00  1.167e+03
  57700.00  1.151e+03
  57900.00  1.136e+03
  58100.00  1.121e+03
  58300.00  1.106e+03
  58500.00  1.094e+03
  58700.00  1.079e+03
  58900.00  1.057e+03
  59100.00  1.002e+03
  59300.00  1.032e+03
  59500.00  1.023e+03
  59700.00  1.010e+03
  59900.00  9.968e+02
  60100.00  9.839e+02
  60300.00  9.712e+02
  60500.00  9.586e+02
  60700.00  9.463e+02
  60900.00  9.341e+02
  61100.00  9.221e+02
  61300.00  9.105e+02
  61500.00  8.989e+02
  61700.00  8.876e+02
  61900.00  8.764e+02
  62100.00  8.654e+02
  62300.00  8.544e+02
  62500.00  8.438e+02
  62700.00  8.333e+02
  62900.00  8.230e+02
  63100.00  8.127e+02
  63300.00  8.027e+02
  63500.00  7.929e+02
  63700.00  7.832e+02
  63900.00  7.736e+02
  64200.00  7.595e+02
  64600.00  7.412e+02
  65000.00  7.235e+02
  65400.00  7.062e+02
  65800.00  6.895e+02
  66200.00  6.732e+02
  66600.00  6.575e+02
  67000.00  6.423e+02
  67400.00  6.274e+02
  67800.00  6.130e+02
  68200.00  5.990e+02
  68600.00  5.853e+02
  69000.00  5.720e+02
  69400.00  5.592e+02
  69800.00  5.467e+02
  70200.00  5.346e+02
  70600.00  5.227e+02
  71000.00  5.113e+02
  71400.00  5.001e+02
  71800.00  4.892e+02
  72200.00  4.785e+02
  72600.00  4.683e+02
  73000.00  4.584e+02
  73400.00  4.486e+02
  73800.00  4.391e+02
  74200.00  4.294e+02
  74600.00  4.107e+02
  75000.00  4.009e+02
  75400.00  4.030e+02
  75800.00  3.953e+02
  76200.00  3.872e+02
  76600.00  3.793e+02
  77000.00  3.716e+02
  77400.00  3.641e+02
  77800.00  3.568e+02
  78200.00  3.497e+02
  78600.00  3.428e+02
  79000.00  3.360e+02
  79400.00  3.294e+02
  79800.00  3.229e+02
  80200.00  3.166e+02
  80600.00  3.105e+02
  81000.00  3.045e+02
  81400.00  2.986e+02
  81800.00  2.929e+02
  82200.00  2.873e+02
  82600.00  2.819e+02
  83000.00  2.766e+02
  83400.00  2.714e+02
  83800.00  2.663e+02
  84200.00  2.613e+02
  84600.00  2.565e+02
  85000.00  2.518e+02
  85400.00  2.472e+02
  85800.00  2.427e+02
  86200.00  2.383e+02
  86600.00  2.340e+02
  87000.00  2.297e+02
  87400.00  2.256e+02
  87800.00  2.216e+02
  88200.00  2.177e+02
  88600.00  2.138e+02
  89000.00  2.100e+02
  89400.00  2.064e+02
  89800.00  2.027e+02
  90200.00  1.992e+02
  90600.00  1.958e+02
  91000.00  1.924e+02
  91400.00  1.891e+02
  91800.00  1.859e+02
  92200.00  1.827e+02
  92600.00  1.796e+02
  93000.00  1.766e+02
  93400.00  1.736e+02
  93800.00  1.707e+02
  94200.00  1.679e+02
  94600.00  1.651e+02
  95000.00  1.623e+02
  95400.00  1.597e+02
  95800.00  1.571e+02
  96200.00  1.545e+02
  96600.00  1.520e+02
  97000.00  1.495e+02
  97400.00  1.471e+02
  97800.00  1.447e+02
  98200.00  1.424e+02
  98600.00  1.401e+02
  99000.00  1.379e+02
  99400.00  1.357e+02
  99800.00  1.336e+02
 100200.00  1.315e+02
 200000.00  8.426e+00
 400000.00  5.243e-01
 600000.00  1.027e-01
 800000.00  3.224e-02
