     90.90  0.000e+00
     93.50  0.000e+00
     96.10  0.000e+00
     97.70  0.000e+00
     99.60  0.000e+00
    102.00  0.000e+00
    103.80  0.000e+00
    105.60  0.000e+00
    107.70  0.000e+00
    110.40  0.000e+00
    114.00  0.000e+00
    117.80  0.000e+00
    121.30  0.000e+00
    124.80  0.000e+00
    127.10  0.000e+00
    128.40  0.000e+00
    130.50  0.000e+00
    132.40  0.000e+00
    133.90  0.000e+00
    136.60  0.000e+00
    139.80  0.000e+00
    143.30  0.000e+00
    147.20  0.000e+00
    151.00  0.000e+00
    155.20  0.000e+00
    158.80  0.000e+00
    162.00  0.000e+00
    166.00  0.000e+00
    170.30  0.000e+00
    173.40  0.000e+00
    176.80  0.000e+00
    180.20  0.000e+00
    181.70  0.000e+00
    186.10  0.000e+00
    191.00  0.000e+00
    193.90  0.000e+00
    198.40  0.000e+00
    201.80  0.000e+00
    205.00  0.000e+00
    210.50  0.000e+00
    216.20  0.000e+00
    219.80  0.000e+00
    223.00  0.000e+00
    226.80  0.000e+00
    230.00  0.000e+00
    234.00  0.000e+00
    240.00  0.000e+00
    246.50  0.000e+00
    252.40  0.000e+00
    256.80  0.000e+00
    260.00  0.000e+00
    264.00  0.000e+00
    268.50  0.000e+00
    273.50  0.000e+00
    278.50  0.000e+00
    284.00  0.000e+00
    290.00  0.000e+00
    296.00  0.000e+00
    301.00  0.000e+00
    308.00  0.000e+00
    318.00  0.000e+00
    328.00  0.000e+00
    338.00  0.000e+00
    348.00  0.000e+00
    357.00  0.000e+00
    366.00  0.000e+00
    375.00  0.000e+00
    385.00  0.000e+00
    395.00  0.000e+00
    405.00  0.000e+00
    414.00  0.000e+00
    422.00  0.000e+00
    430.00  0.000e+00
    441.00  0.000e+00
    451.00  0.000e+00
    460.00  0.000e+00
    470.00  0.000e+00
    480.00  0.000e+00
    490.00  0.000e+00
    500.00  0.000e+00
    506.00  0.000e+00
    512.00  0.000e+00
    520.00  0.000e+00
    530.00  0.000e+00
    540.00  0.000e+00
    550.00  0.000e+00
    560.00  0.000e+00
    570.00  0.000e+00
    580.00  0.000e+00
    590.00  0.000e+00
    600.00  0.000e+00
    610.00  0.000e+00
    620.00  0.000e+00
    630.00  0.000e+00
    640.00  0.000e+00
    650.00  0.000e+00
    658.00  0.000e+00
    665.00  0.000e+00
    675.00  0.000e+00
    685.00  0.000e+00
    695.00  0.000e+00
    705.00  0.000e+00
    716.00  0.000e+00
    726.00  0.000e+00
    735.00  0.000e+00
    745.00  0.000e+00
    755.00  0.000e+00
    765.00  0.000e+00
    775.00  0.000e+00
    785.00  0.000e+00
    795.00  0.000e+00
    805.00  0.000e+00
    815.00  0.000e+00
    825.00  0.000e+00
    835.00  0.000e+00
    845.00  0.000e+00
    855.00  0.000e+00
    865.00  0.000e+00
    875.00  0.000e+00
    885.00  0.000e+00
    895.00  0.000e+00
    905.00  0.000e+00
    915.00  0.000e+00
    925.00  1.159e-08
    935.00  1.689e-08
    945.00  2.458e-08
    955.00  3.823e-08
    965.00  6.355e-08
    975.00  8.133e-08
    985.00  1.234e-07
    995.00  1.737e-07
   1005.00  2.525e-07
   1015.00  3.535e-07
   1025.00  3.747e-07
   1035.00  7.671e-07
   1045.00  1.066e-06
   1055.00  1.206e-06
   1065.00  1.936e-06
   1075.00  2.600e-06
   1085.00  3.682e-06
   1095.00  4.337e-06
   1105.00  5.533e-06
   1115.00  7.247e-06
   1125.00  1.085e-05
   1135.00  1.658e-05
   1145.00  2.241e-05
   1155.00  2.865e-05
   1165.00  3.687e-05
   1175.00  5.019e-05
   1185.00  6.003e-05
   1195.00  6.793e-05
   1205.00  7.197e-05
   1215.00  1.940e-05
   1225.00  1.041e-04
   1235.00  1.874e-04
   1245.00  2.411e-04
   1255.00  2.898e-04
   1265.00  3.488e-04
   1275.00  4.206e-04
   1285.00  4.646e-04
   1295.00  5.543e-04
   1305.00  6.419e-04
   1315.00  7.989e-04
   1325.00  8.415e-04
   1335.00  9.291e-04
   1345.00  1.154e-03
   1355.00  1.437e-03
   1365.00  1.545e-03
   1375.00  1.690e-03
   1385.00  1.835e-03
   1395.00  2.070e-03
   1405.00  2.693e-03
   1415.00  3.163e-03
   1425.00  3.760e-03
   1435.00  4.646e-03
   1442.00  6.192e-03
   1447.00  5.465e-03
   1455.00  6.580e-03
   1465.00  8.836e-03
   1475.00  1.019e-02
   1485.00  1.101e-02
   1495.00  1.509e-02
   1505.00  1.905e-02
   1512.00  1.363e-02
   1517.00  1.825e-02
   1525.00  5.571e-02
   1535.00  1.004e-01
   1545.00  7.762e-02
   1555.00  1.419e-01
   1565.00  1.339e-01
   1575.00  3.407e-01
   1585.00  4.093e-01
   1595.00  4.841e-01
   1605.00  5.119e-01
   1615.00  5.599e-01
   1625.00  6.205e-01
   1635.00  8.307e-01
   1645.00  1.220e+00
   1655.00  8.645e-01
   1665.00  1.479e+00
   1672.00  1.008e+00
   1677.00  3.377e+00
   1685.00  3.906e+00
   1695.00  4.889e+00
   1705.00  5.285e+00
   1715.00  5.031e+00
   1725.00  7.029e+00
   1735.00  8.205e+00
   1745.00  1.151e+01
   1755.00  1.453e+01
   1765.00  1.411e+01
   1775.00  1.491e+01
   1785.00  2.144e+01
   1795.00  2.312e+01
   1805.00  2.802e+01
   1815.00  2.583e+01
   1825.00  3.390e+01
   1835.00  3.512e+01
   1845.00  2.852e+01
   1855.00  3.760e+01
   1865.00  4.577e+01
   1875.00  4.902e+01
   1885.00  5.358e+01
   1895.00  7.148e+01
   1905.00  6.912e+01
   1915.00  8.257e+01
   1925.00  8.210e+01
   1935.00  5.431e+01
   1945.00  1.029e+02
   1955.00  1.166e+02
   1967.00  1.444e+02
   1976.00  1.484e+02
   1984.00  1.611e+02
   1995.00  1.627e+02
   2005.00  1.615e+02
   2015.00  1.853e+02
   2025.00  1.480e+02
   2035.00  2.053e+02
   2045.00  2.347e+02
   2055.00  2.548e+02
   2065.00  2.558e+02
   2074.00  2.671e+02
   2078.00  5.210e+02
   2085.00  6.232e+02
   2095.00  6.132e+02
   2105.00  6.172e+02
   2115.00  7.757e+02
   2125.00  7.416e+02
   2135.00  8.543e+02
   2145.00  9.351e+02
   2155.00  8.397e+02
   2165.00  7.871e+02
   2175.00  7.982e+02
   2185.00  9.920e+02
   2195.00  1.081e+03
   2205.00  1.149e+03
   2215.00  1.015e+03
   2225.00  1.241e+03
   2235.00  1.835e+03
   2245.00  1.854e+03
   2255.00  1.482e+03
   2265.00  1.134e+03
   2275.00  1.234e+03
   2285.00  1.872e+03
   2295.00  1.664e+03
   2305.00  1.694e+03
   2315.00  2.018e+03
   2325.00  2.017e+03
   2335.00  2.381e+03
   2345.00  1.663e+03
   2355.00  2.253e+03
   2365.00  1.884e+03
   2375.00  2.161e+03
   2385.00  1.863e+03
   2395.00  2.140e+03
   2405.00  2.530e+03
   2415.00  2.128e+03
   2425.00  3.247e+03
   2435.00  3.534e+03
   2445.00  4.424e+03
   2455.00  4.819e+03
   2465.00  3.469e+03
   2475.00  3.194e+03
   2485.00  1.453e+03
   2495.00  2.073e+03
   2505.00  3.384e+03
   2513.00  1.980e+03
   2518.00  1.420e+03
   2525.00  1.597e+03
   2535.00  3.514e+03
   2545.00  3.407e+03
   2555.00  8.766e+03
   2565.00  6.172e+03
   2575.00  9.619e+03
   2585.00  9.041e+03
   2595.00  8.973e+03
   2605.00  8.498e+03
   2615.00  7.517e+03
   2625.00  1.041e+04
   2635.00  2.139e+04
   2645.00  2.534e+04
   2655.00  4.744e+04
   2665.00  2.488e+04
   2675.00  2.738e+04
   2685.00  3.712e+04
   2695.00  1.911e+04
   2705.00  2.856e+04
   2715.00  1.747e+04
   2725.00  9.438e+03
   2735.00  1.473e+04
   2745.00  1.130e+04
   2755.00  1.603e+04
   2765.00  2.254e+04
   2775.00  2.260e+04
   2785.00  1.342e+04
   2795.00  7.003e+03
   2805.00  8.411e+03
   2815.00  1.927e+04
   2825.00  2.227e+04
   2835.00  1.561e+04
   2845.00  9.399e+03
   2855.00  5.031e+03
   2865.00  1.238e+04
   2875.00  2.254e+04
   2885.00  2.866e+04
   2895.00  4.887e+04
   2910.00  9.479e+04
   2930.00  8.908e+04
   2950.00  8.601e+04
   2970.00  9.251e+04
   2990.00  1.001e+05
   3010.00  9.888e+04
   3030.00  1.161e+05
   3050.00  1.158e+05
   3070.00  1.141e+05
   3090.00  7.972e+04
   3110.00  1.167e+05
   3130.00  9.921e+04
   3150.00  9.938e+04
   3170.00  1.148e+05
   3190.00  9.733e+04
   3210.00  1.047e+05
   3230.00  9.021e+04
   3250.00  1.404e+05
   3270.00  1.704e+05
   3290.00  1.637e+05
   3310.00  1.418e+05
   3330.00  1.457e+05
   3350.00  1.401e+05
   3370.00  8.683e+04
   3390.00  1.086e+05
   3410.00  1.114e+05
   3430.00  1.281e+05
   3450.00  1.506e+05
   3470.00  1.637e+05
   3490.00  1.867e+05
   3510.00  1.941e+05
   3530.00  1.705e+05
   3550.00  1.906e+05
   3570.00  1.442e+05
   3590.00  1.463e+05
   3610.00  1.844e+05
   3630.00  1.788e+05
   3640.00  1.752e+05
   3650.00  1.862e+05
   3670.00  2.107e+05
   3690.00  1.723e+05
   3710.00  1.715e+05
   3730.00  8.859e+04
   3750.00  1.055e+05
   3770.00  1.680e+05
   3790.00  1.767e+05
   3810.00  1.510e+05
   3830.00  6.639e+04
   3850.00  1.077e+05
   3870.00  1.032e+05
   3890.00  1.454e+05
   3910.00  1.943e+05
   3930.00  9.079e+04
   3950.00  1.741e+05
   3970.00  1.217e+05
   3990.00  2.760e+05
   4010.00  2.970e+05
   4030.00  2.903e+05
   4050.00  2.704e+05
   4070.00  2.463e+05
   4090.00  3.322e+05
   4110.00  3.206e+05
   4130.00  3.049e+05
   4150.00  2.918e+05
   4170.00  3.119e+05
   4190.00  2.842e+05
   4210.00  2.901e+05
   4230.00  2.622e+05
   4250.00  2.797e+05
   4270.00  2.537e+05
   4290.00  2.376e+05
   4310.00  2.024e+05
   4330.00  3.186e+05
   4350.00  3.200e+05
   4370.00  3.452e+05
   4390.00  2.956e+05
   4410.00  3.183e+05
   4430.00  3.600e+05
   4450.00  3.560e+05
   4470.00  3.870e+05
   4490.00  3.955e+05
   4510.00  4.538e+05
   4530.00  3.941e+05
   4550.00  4.204e+05
   4570.00  4.489e+05
   4590.00  4.225e+05
   4610.00  4.302e+05
   4630.00  4.269e+05
   4650.00  4.282e+05
   4670.00  4.488e+05
   4690.00  4.362e+05
   4710.00  4.244e+05
   4730.00  4.404e+05
   4750.00  4.472e+05
   4770.00  4.481e+05
   4790.00  4.490e+05
   4810.00  4.483e+05
   4830.00  4.564e+05
   4850.00  4.330e+05
   4870.00  3.849e+05
   4890.00  4.221e+05
   4910.00  4.273e+05
   4930.00  4.112e+05
   4950.00  4.308e+05
   4970.00  4.365e+05
   4990.00  4.018e+05
   5010.00  3.788e+05
   5030.00  4.072e+05
   5050.00  4.002e+05
   5070.00  4.197e+05
   5090.00  3.994e+05
   5110.00  4.045e+05
   5130.00  3.932e+05
   5150.00  3.714e+05
   5170.00  3.089e+05
   5190.00  3.220e+05
   5210.00  3.774e+05
   5230.00  4.038e+05
   5250.00  4.335e+05
   5270.00  3.621e+05
   5290.00  4.288e+05
   5310.00  4.556e+05
   5330.00  3.933e+05
   5350.00  4.354e+05
   5370.00  4.256e+05
   5390.00  4.210e+05
   5410.00  4.061e+05
   5430.00  4.164e+05
   5450.00  4.282e+05
   5470.00  4.288e+05
   5490.00  4.366e+05
   5510.00  4.281e+05
   5530.00  4.366e+05
   5550.00  4.425e+05
   5570.00  4.260e+05
   5590.00  4.149e+05
   5610.00  4.333e+05
   5630.00  4.352e+05
   5650.00  4.392e+05
   5670.00  4.285e+05
   5690.00  4.341e+05
   5710.00  4.217e+05
   5730.00  4.523e+05
   5750.00  4.383e+05
   5770.00  4.420e+05
   5790.00  4.271e+05
   5810.00  4.399e+05
   5830.00  4.484e+05
   5850.00  4.361e+05
   5870.00  4.370e+05
   5890.00  3.920e+05
   5910.00  4.319e+05
   5930.00  4.312e+05
   5950.00  4.326e+05
   5970.00  4.349e+05
   5990.00  4.303e+05
   6010.00  4.220e+05
   6030.00  4.264e+05
   6050.00  4.340e+05
   6070.00  4.295e+05
   6090.00  4.178e+05
   6110.00  4.163e+05
   6130.00  3.956e+05
   6150.00  4.093e+05
   6170.00  3.859e+05
   6190.00  4.141e+05
   6210.00  4.137e+05
   6230.00  4.014e+05
   6250.00  3.914e+05
   6270.00  4.069e+05
   6290.00  4.090e+05
   6310.00  3.966e+05
   6330.00  3.992e+05
   6350.00  4.011e+05
   6370.00  3.994e+05
   6390.00  4.018e+05
   6410.00  3.911e+05
   6430.00  3.959e+05
   6450.00  3.907e+05
   6470.00  3.872e+05
   6490.00  3.816e+05
   6510.00  3.923e+05
   6530.00  3.931e+05
   6550.00  3.797e+05
   6570.00  3.477e+05
   6590.00  3.821e+05
   6610.00  3.896e+05
   6630.00  3.864e+05
   6650.00  3.854e+05
   6670.00  3.795e+05
   6690.00  3.864e+05
   6710.00  3.760e+05
   6730.00  3.829e+05
   6750.00  3.781e+05
   6770.00  3.791e+05
   6790.00  3.758e+05
   6810.00  3.738e+05
   6830.00  3.762e+05
   6850.00  3.660e+05
   6870.00  3.704e+05
   6890.00  3.713e+05
   6910.00  3.681e+05
   6930.00  3.663e+05
   6950.00  3.642e+05
   6970.00  3.645e+05
   6990.00  3.620e+05
   7010.00  3.532e+05
   7030.00  3.579e+05
   7050.00  3.587e+05
   7070.00  3.544e+05
   7090.00  3.525e+05
   7110.00  3.546e+05
   7130.00  3.474e+05
   7150.00  3.439e+05
   7170.00  3.462e+05
   7190.00  3.352e+05
   7210.00  3.412e+05
   7230.00  3.442e+05
   7250.00  3.436e+05
   7270.00  3.426e+05
   7290.00  3.333e+05
   7310.00  3.377e+05
   7330.00  3.356e+05
   7350.00  3.361e+05
   7370.00  3.371e+05
   7390.00  3.286e+05
   7410.00  3.209e+05
   7430.00  3.286e+05
   7450.00  3.279e+05
   7470.00  3.299e+05
   7490.00  3.266e+05
   7510.00  3.261e+05
   7530.00  3.272e+05
   7550.00  3.274e+05
   7570.00  3.241e+05
   7590.00  3.221e+05
   7610.00  3.208e+05
   7630.00  3.212e+05
   7650.00  3.209e+05
   7670.00  3.094e+05
   7690.00  3.187e+05
   7710.00  3.127e+05
   7730.00  3.138e+05
   7750.00  3.091e+05
   7770.00  3.153e+05
   7790.00  3.133e+05
   7810.00  3.115e+05
   7830.00  3.072e+05
   7850.00  3.062e+05
   7870.00  3.092e+05
   7890.00  3.066e+05
   7910.00  3.016e+05
   7930.00  2.965e+05
   7950.00  2.946e+05
   7970.00  3.010e+05
   7990.00  3.003e+05
   8010.00  2.956e+05
   8030.00  2.958e+05
   8050.00  2.924e+05
   8070.00  2.942e+05
   8090.00  2.880e+05
   8110.00  2.903e+05
   8130.00  2.913e+05
   8150.00  2.894e+05
   8170.00  2.886e+05
   8190.00  2.774e+05
   8210.00  2.803e+05
   8230.00  2.794e+05
   8250.00  2.821e+05
   8270.00  2.841e+05
   8290.00  2.820e+05
   8310.00  2.764e+05
   8330.00  2.729e+05
   8350.00  2.752e+05
   8370.00  2.758e+05
   8390.00  2.670e+05
   8410.00  2.746e+05
   8430.00  2.680e+05
   8450.00  2.715e+05
   8470.00  2.679e+05
   8490.00  2.698e+05
   8510.00  2.580e+05
   8530.00  2.687e+05
   8550.00  2.536e+05
   8570.00  2.686e+05
   8590.00  2.628e+05
   8610.00  2.619e+05
   8630.00  2.638e+05
   8650.00  2.643e+05
   8670.00  2.451e+05
   8690.00  2.528e+05
   8710.00  2.574e+05
   8730.00  2.575e+05
   8750.00  2.543e+05
   8770.00  2.566e+05
   8790.00  2.542e+05
   8810.00  2.447e+05
   8830.00  2.504e+05
   8850.00  2.520e+05
   8870.00  2.469e+05
   8890.00  2.519e+05
   8910.00  2.524e+05
   8930.00  2.469e+05
   8950.00  2.457e+05
   8970.00  2.464e+05
   8990.00  2.467e+05
   9010.00  2.359e+05
   9030.00  2.434e+05
   9050.00  2.466e+05
   9070.00  2.432e+05
   9090.00  2.358e+05
   9110.00  2.375e+05
   9130.00  2.406e+05
   9150.00  2.394e+05
   9170.00  2.386e+05
   9190.00  2.400e+05
   9210.00  2.345e+05
   9230.00  2.340e+05
   9250.00  2.320e+05
   9270.00  2.333e+05
   9290.00  2.326e+05
   9310.00  2.337e+05
   9330.00  2.319e+05
   9350.00  2.306e+05
   9370.00  2.283e+05
   9390.00  2.296e+05
   9410.00  2.213e+05
   9430.00  2.275e+05
   9450.00  2.228e+05
   9470.00  2.261e+05
   9490.00  2.263e+05
   9510.00  2.244e+05
   9530.00  2.232e+05
   9550.00  2.186e+05
   9570.00  2.195e+05
   9590.00  2.220e+05
   9610.00  2.190e+05
   9630.00  2.176e+05
   9650.00  2.145e+05
   9670.00  2.147e+05
   9690.00  2.167e+05
   9710.00  2.144e+05
   9730.00  2.135e+05
   9750.00  2.118e+05
   9770.00  2.117e+05
   9790.00  2.094e+05
   9810.00  2.116e+05
   9830.00  2.103e+05
   9850.00  2.106e+05
   9870.00  2.083e+05
   9890.00  2.078e+05
   9910.00  2.072e+05
   9930.00  2.077e+05
   9950.00  2.070e+05
   9970.00  2.063e+05
   9990.00  2.050e+05
  10025.00  2.035e+05
  10075.00  2.004e+05
  10125.00  1.998e+05
  10175.00  1.967e+05
  10225.00  1.954e+05
  10275.00  1.947e+05
  10325.00  1.910e+05
  10375.00  1.891e+05
  10425.00  1.891e+05
  10475.00  1.863e+05
  10525.00  1.857e+05
  10575.00  1.829e+05
  10625.00  1.811e+05
  10675.00  1.777e+05
  10725.00  1.775e+05
  10775.00  1.748e+05
  10825.00  1.715e+05
  10875.00  1.710e+05
  10925.00  1.706e+05
  10975.00  1.681e+05
  11025.00  1.686e+05
  11075.00  1.680e+05
  11125.00  1.660e+05
  11175.00  1.640e+05
  11225.00  1.634e+05
  11275.00  1.597e+05
  11325.00  1.596e+05
  11375.00  1.577e+05
  11425.00  1.552e+05
  11475.00  1.567e+05
  11525.00  1.555e+05
  11575.00  1.531e+05
  11625.00  1.504e+05
  11675.00  1.501e+05
  11725.00  1.506e+05
  11775.00  1.473e+05
  11825.00  1.452e+05
  11875.00  1.438e+05
  11925.00  1.458e+05
  11975.00  1.397e+05
  12025.00  1.416e+05
  12075.00  1.397e+05
  12125.00  1.400e+05
  12175.00  1.401e+05
  12225.00  1.388e+05
  12275.00  1.371e+05
  12325.00  1.363e+05
  12375.00  1.354e+05
  12425.00  1.337e+05
  12475.00  1.334e+05
  12525.00  1.319e+05
  12575.00  1.312e+05
  12625.00  1.300e+05
  12675.00  1.284e+05
  12725.00  1.283e+05
  12775.00  1.276e+05
  12825.00  1.220e+05
  12875.00  1.247e+05
  12925.00  1.234e+05
  12975.00  1.237e+05
  13025.00  1.219e+05
  13075.00  1.218e+05
  13125.00  1.190e+05
  13175.00  1.184e+05
  13225.00  1.189e+05
  13275.00  1.167e+05
  13325.00  1.167e+05
  13375.00  1.157e+05
  13425.00  1.158e+05
  13475.00  1.147e+05
  13525.00  1.140e+05
  13575.00  1.119e+05
  13625.00  1.114e+05
  13675.00  1.110e+05
  13725.00  1.106e+05
  13775.00  1.096e+05
  13825.00  1.092e+05
  13875.00  1.081e+05
  13925.00  1.078e+05
  13975.00  1.071e+05
  14025.00  1.053e+05
  14075.00  1.056e+05
  14125.00  1.040e+05
  14175.00  1.045e+05
  14225.00  1.022e+05
  14275.00  1.002e+05
  14325.00  1.018e+05
  14375.00  1.018e+05
  14425.00  9.826e+04
  14475.00  1.001e+05
  14525.00  9.786e+04
  14570.00  9.806e+04
  14620.00  9.801e+04
  14675.00  9.740e+04
  14725.00  9.555e+04
  14775.00  9.526e+04
  14825.00  9.488e+04
  14875.00  9.220e+04
  14925.00  9.463e+04
  14975.00  9.292e+04
  15025.00  8.814e+04
  15075.00  8.935e+04
  15125.00  9.149e+04
  15175.00  9.110e+04
  15225.00  8.970e+04
  15275.00  8.992e+04
  15325.00  8.901e+04
  15375.00  8.875e+04
  15425.00  8.857e+04
  15475.00  8.776e+04
  15525.00  8.622e+04
  15575.00  8.557e+04
  15625.00  8.604e+04
  15675.00  8.379e+04
  15725.00  8.434e+04
  15775.00  8.036e+04
  15825.00  8.207e+04
  15875.00  7.947e+04
  15925.00  8.070e+04
  15975.00  8.097e+04
  16050.00  8.011e+04
  16150.00  7.864e+04
  16250.00  7.797e+04
  16350.00  7.639e+04
  16450.00  7.485e+04
  16550.00  7.416e+04
  16650.00  7.277e+04
  16750.00  7.050e+04
  16850.00  6.899e+04
  16950.00  6.892e+04
  17050.00  6.665e+04
  17150.00  6.546e+04
  17250.00  6.389e+04
  17350.00  6.196e+04
  17450.00  6.147e+04
  17550.00  6.061e+04
  17650.00  5.950e+04
  17750.00  5.817e+04
  17850.00  5.735e+04
  17950.00  5.617e+04
  18050.00  5.493e+04
  18150.00  5.327e+04
  18250.00  5.256e+04
  18350.00  5.174e+04
  18450.00  5.032e+04
  18550.00  4.986e+04
  18650.00  4.835e+04
  18750.00  4.601e+04
  18850.00  4.687e+04
  18950.00  4.506e+04
  19050.00  4.535e+04
  19150.00  4.438e+04
  19250.00  4.363e+04
  19350.00  4.239e+04
  19450.00  4.087e+04
  19550.00  4.119e+04
  19650.00  4.040e+04
  19750.00  3.943e+04
  19850.00  3.890e+04
  19950.00  3.831e+04
  20050.00  3.795e+04
  20150.00  3.741e+04
  20250.00  3.638e+04
  20350.00  3.561e+04
  20450.00  3.543e+04
  20550.00  3.474e+04
  20650.00  3.392e+04
  20750.00  3.346e+04
  20850.00  3.291e+04
  20950.00  3.210e+04
  21050.00  3.185e+04
  21150.00  3.125e+04
  21250.00  3.072e+04
  21350.00  3.029e+04
  21450.00  2.979e+04
  21550.00  2.929e+04
  21650.00  2.815e+04
  21750.00  2.812e+04
  21850.00  2.772e+04
  21950.00  2.739e+04
  22050.00  2.666e+04
  22150.00  2.652e+04
  22250.00  2.597e+04
  22350.00  2.556e+04
  22450.00  2.516e+04
  22550.00  2.480e+04
  22650.00  2.429e+04
  22750.00  2.405e+04
  22850.00  2.351e+04
  22950.00  2.258e+04
  23050.00  2.261e+04
  23150.00  2.228e+04
  23250.00  2.118e+04
  23350.00  2.126e+04
  23450.00  2.124e+04
  23550.00  2.005e+04
  23650.00  2.036e+04
  23750.00  2.015e+04
  23850.00  1.912e+04
  23950.00  1.936e+04
  24050.00  1.920e+04
  24150.00  1.840e+04
  24250.00  1.843e+04
  24350.00  1.826e+04
  24450.00  1.776e+04
  24550.00  1.742e+04
  24650.00  1.753e+04
  24750.00  1.708e+04
  24850.00  1.659e+04
  24950.00  1.668e+04
  25050.00  1.657e+04
  25150.00  1.605e+04
  25250.00  1.606e+04
  25350.00  1.583e+04
  25450.00  1.551e+04
  25550.00  1.530e+04
  25650.00  1.511e+04
  25750.00  1.502e+04
  25850.00  1.454e+04
  25950.00  1.452e+04
  26050.00  1.439e+04
  26150.00  1.416e+04
  26250.00  1.366e+04
  26350.00  1.373e+04
  26450.00  1.352e+04
  26550.00  1.336e+04
  26650.00  1.307e+04
  26750.00  1.310e+04
  26850.00  1.294e+04
  26950.00  1.272e+04
  27050.00  1.258e+04
  27150.00  1.241e+04
  27250.00  1.224e+04
  27350.00  1.209e+04
  27450.00  1.195e+04
  27550.00  1.177e+04
  27650.00  1.159e+04
  27750.00  1.144e+04
  27850.00  1.131e+04
  27950.00  1.119e+04
  28050.00  1.103e+04
  28150.00  1.089e+04
  28250.00  1.075e+04
  28350.00  1.063e+04
  28450.00  1.046e+04
  28550.00  1.034e+04
  28650.00  1.020e+04
  28750.00  1.005e+04
  28850.00  9.942e+03
  28950.00  9.823e+03
  29050.00  9.696e+03
  29150.00  9.578e+03
  29250.00  9.407e+03
  29350.00  9.332e+03
  29450.00  9.194e+03
  29550.00  9.095e+03
  29650.00  8.991e+03
  29750.00  8.880e+03
  29850.00  8.762e+03
  29950.00  8.641e+03
  30050.00  8.536e+03
  30150.00  8.447e+03
  30250.00  8.327e+03
  30350.00  8.195e+03
  30450.00  8.126e+03
  30550.00  8.029e+03
  30650.00  7.920e+03
  30750.00  7.843e+03
  30850.00  7.725e+03
  30950.00  7.640e+03
  31050.00  7.565e+03
  31150.00  7.417e+03
  31250.00  7.377e+03
  31350.00  7.296e+03
  31450.00  7.207e+03
  31550.00  7.096e+03
  31650.00  7.022e+03
  31750.00  6.949e+03
  31850.00  6.867e+03
  31950.00  6.794e+03
  32100.00  6.664e+03
  32300.00  6.511e+03
  32500.00  6.356e+03
  32700.00  6.207e+03
  32900.00  6.046e+03
  33100.00  5.920e+03
  33300.00  5.777e+03
  33500.00  5.665e+03
  33700.00  5.533e+03
  33900.00  5.398e+03
  34100.00  5.274e+03
  34300.00  5.176e+03
  34500.00  5.069e+03
  34700.00  4.954e+03
  34900.00  4.848e+03
  35100.00  4.748e+03
  35300.00  4.636e+03
  35500.00  4.545e+03
  35700.00  4.443e+03
  35900.00  4.348e+03
  36100.00  4.265e+03
  36300.00  4.176e+03
  36500.00  4.078e+03
  36700.00  3.989e+03
  36900.00  3.891e+03
  37100.00  3.807e+03
  37300.00  3.746e+03
  37500.00  3.646e+03
  37700.00  3.598e+03
  37900.00  3.523e+03
  38100.00  3.459e+03
  38300.00  3.397e+03
  38500.00  3.332e+03
  38700.00  3.256e+03
  38900.00  3.197e+03
  39100.00  3.140e+03
  39300.00  3.079e+03
  39500.00  3.009e+03
  39700.00  2.956e+03
  39900.00  2.886e+03
  40100.00  2.840e+03
  40300.00  2.794e+03
  40500.00  2.724e+03
  40700.00  2.686e+03
  40900.00  2.638e+03
  41100.00  2.590e+03
  41300.00  2.546e+03
  41500.00  2.495e+03
  41700.00  2.450e+03
  41900.00  2.401e+03
  42100.00  2.348e+03
  42300.00  2.323e+03
  42500.00  2.274e+03
  42700.00  2.239e+03
  42900.00  2.141e+03
  43100.00  2.062e+03
  43300.00  2.051e+03
  43500.00  1.957e+03
  43700.00  1.913e+03
  43900.00  1.889e+03
  44100.00  1.799e+03
  44300.00  1.784e+03
  44500.00  1.758e+03
  44700.00  1.684e+03
  44900.00  1.687e+03
  45100.00  1.648e+03
  45300.00  1.591e+03
  45500.00  1.589e+03
  45700.00  1.575e+03
  45900.00  1.515e+03
  46100.00  1.515e+03
  46300.00  1.490e+03
  46500.00  1.471e+03
  46700.00  1.456e+03
  46900.00  1.435e+03
  47100.00  1.408e+03
  47300.00  1.405e+03
  47500.00  1.375e+03
  47700.00  1.354e+03
  47900.00  1.336e+03
  48100.00  1.306e+03
  48300.00  1.306e+03
  48500.00  1.281e+03
  48700.00  1.256e+03
  48900.00  1.240e+03
  49100.00  1.222e+03
  49300.00  1.202e+03
  49500.00  1.182e+03
  49700.00  1.168e+03
  49900.00  1.150e+03
  50100.00  1.138e+03
  50300.00  1.122e+03
  50500.00  1.097e+03
  50700.00  1.085e+03
  50900.00  1.074e+03
  51100.00  1.051e+03
  51300.00  1.043e+03
  51500.00  1.024e+03
  51700.00  1.018e+03
  51900.00  9.977e+02
  52100.00  9.852e+02
  52300.00  9.686e+02
  52500.00  9.606e+02
  52700.00  9.507e+02
  52900.00  9.293e+02
  53100.00  9.191e+02
  53300.00  9.076e+02
  53500.00  8.968e+02
  53700.00  8.848e+02
  53900.00  8.741e+02
  54100.00  8.619e+02
  54300.00  8.451e+02
  54500.00  8.394e+02
  54700.00  8.276e+02
  54900.00  8.158e+02
  55100.00  8.064e+02
  55300.00  8.012e+02
  55500.00  7.829e+02
  55700.00  7.792e+02
  55900.00  7.652e+02
  56100.00  7.561e+02
  56300.00  7.447e+02
  56500.00  7.389e+02
  56700.00  7.295e+02
  56900.00  7.163e+02
  57100.00  7.114e+02
  57300.00  7.014e+02
  57500.00  6.926e+02
  57700.00  6.830e+02
  57900.00  6.763e+02
  58100.00  6.659e+02
  58300.00  6.579e+02
  58500.00  6.507e+02
  58700.00  6.404e+02
  58900.00  6.322e+02
  59100.00  6.261e+02
  59300.00  6.183e+02
  59500.00  6.095e+02
  59700.00  6.037e+02
  59900.00  5.961e+02
  60100.00  5.885e+02
  60300.00  5.814e+02
  60500.00  5.733e+02
  60700.00  5.663e+02
  60900.00  5.592e+02
  61100.00  5.514e+02
  61300.00  5.459e+02
  61500.00  5.396e+02
  61700.00  5.333e+02
  61900.00  5.271e+02
  62100.00  5.210e+02
  62300.00  5.133e+02
  62500.00  5.070e+02
  62700.00  5.010e+02
  62900.00  4.957e+02
  63100.00  4.891e+02
  63300.00  4.845e+02
  63500.00  4.781e+02
  63700.00  4.729e+02
  63900.00  4.668e+02
  64200.00  4.587e+02
  64600.00  4.477e+02
  65000.00  4.371e+02
  65400.00  4.272e+02
  65800.00  4.175e+02
  66200.00  4.076e+02
  66600.00  3.984e+02
  67000.00  3.892e+02
  67400.00  3.801e+02
  67800.00  3.717e+02
  68200.00  3.632e+02
  68600.00  3.551e+02
  69000.00  3.472e+02
  69400.00  3.394e+02
  69800.00  3.320e+02
  70200.00  3.244e+02
  70600.00  3.175e+02
  71000.00  3.106e+02
  71400.00  3.039e+02
  71800.00  2.973e+02
  72200.00  2.909e+02
  72600.00  2.847e+02
  73000.00  2.787e+02
  73400.00  2.727e+02
  73800.00  2.670e+02
  74200.00  2.613e+02
  74600.00  2.557e+02
  75000.00  2.506e+02
  75400.00  2.453e+02
  75800.00  2.405e+02
  76200.00  2.356e+02
  76600.00  2.308e+02
  77000.00  2.261e+02
  77400.00  2.216e+02
  77800.00  2.172e+02
  78200.00  2.129e+02
  78600.00  2.087e+02
  79000.00  2.045e+02
  79400.00  2.005e+02
  79800.00  1.966e+02
  80200.00  1.927e+02
  80600.00  1.890e+02
  81000.00  1.854e+02
  81400.00  1.818e+02
  81800.00  1.784e+02
  82200.00  1.750e+02
  82600.00  1.717e+02
  83000.00  1.685e+02
  83400.00  1.653e+02
  83800.00  1.622e+02
  84200.00  1.593e+02
  84600.00  1.563e+02
  85000.00  1.534e+02
  85400.00  1.506e+02
  85800.00  1.479e+02
  86200.00  1.452e+02
  86600.00  1.426e+02
  87000.00  1.401e+02
  87400.00  1.376e+02
  87800.00  1.351e+02
  88200.00  1.327e+02
  88600.00  1.303e+02
  89000.00  1.280e+02
  89400.00  1.258e+02
  89800.00  1.236e+02
  90200.00  1.215e+02
  90600.00  1.194e+02
  91000.00  1.173e+02
  91400.00  1.153e+02
  91800.00  1.134e+02
  92200.00  1.115e+02
  92600.00  1.096e+02
  93000.00  1.078e+02
  93400.00  1.059e+02
  93800.00  1.042e+02
  94200.00  1.024e+02
  94600.00  1.007e+02
  95000.00  9.908e+01
  95400.00  9.746e+01
  95800.00  9.587e+01
  96200.00  9.430e+01
  96600.00  9.278e+01
  97000.00  9.129e+01
  97400.00  8.973e+01
  97800.00  8.834e+01
  98200.00  8.696e+01
  98600.00  8.558e+01
  99000.00  8.423e+01
  99400.00  8.289e+01
  99800.00  8.159e+01
 100200.00  8.032e+01
 200000.00  5.209e+00
 400000.00  3.277e-01
 600000.00  6.449e-02
 800000.00  2.030e-02
