     90.90  0.000e+00
     93.50  0.000e+00
     96.10  0.000e+00
     97.70  0.000e+00
     99.60  0.000e+00
    102.00  0.000e+00
    103.80  0.000e+00
    105.60  0.000e+00
    107.70  0.000e+00
    110.40  0.000e+00
    114.00  0.000e+00
    117.80  0.000e+00
    121.30  0.000e+00
    124.80  0.000e+00
    127.10  0.000e+00
    128.40  0.000e+00
    130.50  0.000e+00
    132.40  0.000e+00
    133.90  0.000e+00
    136.60  0.000e+00
    139.80  0.000e+00
    143.30  0.000e+00
    147.20  0.000e+00
    151.00  0.000e+00
    155.20  0.000e+00
    158.80  0.000e+00
    162.00  0.000e+00
    166.00  0.000e+00
    170.30  0.000e+00
    173.40  0.000e+00
    176.80  0.000e+00
    180.20  0.000e+00
    181.70  0.000e+00
    186.10  0.000e+00
    191.00  0.000e+00
    193.90  0.000e+00
    198.40  0.000e+00
    201.80  0.000e+00
    205.00  0.000e+00
    210.50  0.000e+00
    216.20  0.000e+00
    219.80  0.000e+00
    223.00  0.000e+00
    226.80  0.000e+00
    230.00  0.000e+00
    234.00  0.000e+00
    240.00  0.000e+00
    246.50  0.000e+00
    252.40  0.000e+00
    256.80  0.000e+00
    260.00  0.000e+00
    264.00  0.000e+00
    268.50  0.000e+00
    273.50  0.000e+00
    278.50  0.000e+00
    284.00  0.000e+00
    290.00  0.000e+00
    296.00  0.000e+00
    301.00  0.000e+00
    308.00  0.000e+00
    318.00  0.000e+00
    328.00  0.000e+00
    338.00  0.000e+00
    348.00  0.000e+00
    357.00  0.000e+00
    366.00  0.000e+00
    375.00  0.000e+00
    385.00  0.000e+00
    395.00  0.000e+00
    405.00  0.000e+00
    414.00  0.000e+00
    422.00  0.000e+00
    430.00  0.000e+00
    441.00  0.000e+00
    451.00  0.000e+00
    460.00  0.000e+00
    470.00  0.000e+00
    480.00  0.000e+00
    490.00  0.000e+00
    500.00  0.000e+00
    506.00  3.276e-10
    512.00  5.869e-10
    520.00  1.100e-09
    530.00  2.359e-09
    540.00  4.862e-09
    550.00  9.848e-09
    560.00  1.942e-08
    570.00  3.742e-08
    580.00  7.024e-08
    590.00  1.306e-07
    600.00  2.371e-07
    610.00  4.231e-07
    620.00  7.421e-07
    630.00  1.281e-06
    640.00  2.178e-06
    650.00  3.651e-06
    658.00  5.463e-06
    665.00  7.712e-06
    675.00  1.249e-05
    685.00  1.999e-05
    695.00  3.159e-05
    705.00  4.925e-05
    716.00  7.946e-05
    726.00  1.212e-04
    735.00  1.756e-04
    745.00  2.624e-04
    755.00  3.884e-04
    765.00  5.693e-04
    775.00  8.266e-04
    785.00  1.189e-03
    795.00  1.692e-03
    805.00  2.396e-03
    815.00  3.361e-03
    825.00  4.674e-03
    835.00  6.448e-03
    845.00  8.830e-03
    855.00  1.200e-02
    865.00  1.619e-02
    875.00  2.169e-02
    885.00  2.888e-02
    895.00  3.818e-02
    905.00  5.012e-02
    915.00  3.218e+00
    925.00  1.772e+01
    935.00  2.639e+01
    945.00  3.786e+01
    955.00  5.335e+01
    965.00  6.817e+01
    975.00  6.939e+01
    985.00  9.541e+01
    995.00  1.066e+02
   1005.00  1.377e+02
   1015.00  1.641e+02
   1025.00  1.428e+02
   1035.00  2.218e+02
   1045.00  2.654e+02
   1055.00  3.075e+02
   1065.00  3.408e+02
   1075.00  4.060e+02
   1085.00  4.622e+02
   1095.00  5.049e+02
   1105.00  1.422e+03
   1115.00  2.337e+03
   1125.00  2.984e+03
   1135.00  3.582e+03
   1145.00  3.983e+03
   1155.00  4.115e+03
   1165.00  4.931e+03
   1175.00  5.315e+03
   1185.00  5.086e+03
   1195.00  3.069e+03
   1205.00  3.065e+03
   1215.00  7.007e+02
   1225.00  3.386e+03
   1235.00  7.101e+03
   1245.00  1.493e+04
   1255.00  3.757e+04
   1265.00  6.267e+04
   1275.00  3.036e+05
   1285.00  7.524e+05
   1295.00  1.018e+06
   1305.00  5.995e+05
   1315.00  1.512e+06
   1325.00  1.864e+06
   1335.00  1.739e+06
   1345.00  2.559e+06
   1355.00  2.444e+06
   1365.00  2.288e+06
   1375.00  2.689e+06
   1385.00  2.517e+06
   1395.00  2.871e+06
   1405.00  2.979e+06
   1415.00  2.713e+06
   1425.00  3.181e+06
   1435.00  2.826e+06
   1442.00  3.387e+06
   1447.00  4.075e+06
   1455.00  4.060e+06
   1465.00  3.477e+06
   1475.00  3.440e+06
   1485.00  3.900e+06
   1495.00  4.350e+06
   1505.00  4.559e+06
   1512.00  3.907e+06
   1517.00  4.243e+06
   1525.00  3.824e+06
   1535.00  3.365e+06
   1545.00  5.006e+06
   1555.00  4.315e+06
   1565.00  3.836e+06
   1575.00  4.860e+06
   1585.00  5.284e+06
   1595.00  5.948e+06
   1605.00  5.480e+06
   1615.00  5.161e+06
   1625.00  4.341e+06
   1635.00  4.983e+06
   1645.00  5.522e+06
   1655.00  3.913e+06
   1665.00  5.456e+06
   1672.00  3.204e+06
   1677.00  5.443e+06
   1685.00  6.095e+06
   1695.00  5.271e+06
   1705.00  5.080e+06
   1715.00  5.223e+06
   1725.00  5.139e+06
   1735.00  5.643e+06
   1745.00  5.500e+06
   1755.00  6.230e+06
   1765.00  4.993e+06
   1775.00  5.847e+06
   1785.00  5.712e+06
   1795.00  6.605e+06
   1805.00  6.181e+06
   1815.00  6.058e+06
   1825.00  5.792e+06
   1835.00  5.448e+06
   1845.00  4.862e+06
   1855.00  5.331e+06
   1865.00  5.474e+06
   1875.00  5.598e+06
   1885.00  5.553e+06
   1895.00  5.705e+06
   1905.00  5.288e+06
   1915.00  5.682e+06
   1925.00  5.745e+06
   1935.00  5.234e+06
   1945.00  5.865e+06
   1955.00  5.784e+06
   1967.00  6.107e+06
   1976.00  5.981e+06
   1984.00  5.779e+06
   1995.00  5.546e+06
   2005.00  5.335e+06
   2015.00  5.200e+06
   2025.00  5.035e+06
   2035.00  5.331e+06
   2045.00  5.694e+06
   2055.00  5.414e+06
   2065.00  5.250e+06
   2074.00  5.720e+06
   2078.00  5.825e+06
   2085.00  5.684e+06
   2095.00  5.454e+06
   2105.00  5.113e+06
   2115.00  5.140e+06
   2125.00  5.333e+06
   2135.00  4.390e+06
   2145.00  5.007e+06
   2155.00  5.051e+06
   2165.00  4.714e+06
   2175.00  4.639e+06
   2185.00  4.736e+06
   2195.00  5.075e+06
   2205.00  4.822e+06
   2215.00  4.381e+06
   2225.00  4.279e+06
   2235.00  4.874e+06
   2245.00  4.328e+06
   2255.00  4.170e+06
   2265.00  4.194e+06
   2275.00  4.442e+06
   2285.00  4.641e+06
   2295.00  4.321e+06
   2305.00  4.293e+06
   2315.00  4.109e+06
   2325.00  3.009e+06
   2335.00  3.731e+06
   2345.00  3.342e+06
   2355.00  4.078e+06
   2365.00  3.403e+06
   2375.00  3.718e+06
   2385.00  3.106e+06
   2395.00  3.515e+06
   2405.00  3.323e+06
   2415.00  3.440e+06
   2425.00  3.848e+06
   2435.00  3.668e+06
   2445.00  3.947e+06
   2455.00  3.798e+06
   2465.00  3.812e+06
   2475.00  3.598e+06
   2485.00  3.770e+06
   2495.00  3.599e+06
   2505.00  4.147e+06
   2513.00  3.549e+06
   2518.00  3.573e+06
   2525.00  3.285e+06
   2535.00  3.238e+06
   2545.00  3.241e+06
   2555.00  3.605e+06
   2565.00  3.559e+06
   2575.00  3.869e+06
   2585.00  3.870e+06
   2595.00  3.732e+06
   2605.00  3.568e+06
   2615.00  3.470e+06
   2625.00  3.856e+06
   2635.00  3.866e+06
   2645.00  4.435e+06
   2655.00  4.384e+06
   2665.00  3.942e+06
   2675.00  4.153e+06
   2685.00  4.119e+06
   2695.00  3.899e+06
   2705.00  4.023e+06
   2715.00  3.776e+06
   2725.00  3.819e+06
   2735.00  4.143e+06
   2745.00  3.372e+06
   2755.00  3.476e+06
   2765.00  3.626e+06
   2775.00  3.896e+06
   2785.00  3.602e+06
   2795.00  2.124e+06
   2805.00  2.497e+06
   2815.00  3.923e+06
   2825.00  4.130e+06
   2835.00  3.977e+06
   2845.00  3.826e+06
   2855.00  3.702e+06
   2865.00  4.004e+06
   2875.00  3.886e+06
   2885.00  3.959e+06
   2895.00  3.799e+06
   2910.00  4.231e+06
   2930.00  4.057e+06
   2950.00  4.029e+06
   2970.00  4.071e+06
   2990.00  4.122e+06
   3010.00  4.181e+06
   3030.00  4.121e+06
   3050.00  4.094e+06
   3070.00  4.066e+06
   3090.00  4.122e+06
   3110.00  4.005e+06
   3130.00  3.996e+06
   3150.00  4.044e+06
   3170.00  4.015e+06
   3190.00  3.839e+06
   3210.00  3.932e+06
   3230.00  3.834e+06
   3250.00  3.885e+06
   3270.00  3.909e+06
   3290.00  3.927e+06
   3310.00  3.945e+06
   3330.00  3.866e+06
   3350.00  3.812e+06
   3370.00  3.801e+06
   3390.00  3.764e+06
   3410.00  3.814e+06
   3430.00  3.798e+06
   3450.00  3.768e+06
   3470.00  3.717e+06
   3490.00  3.700e+06
   3510.00  3.743e+06
   3530.00  3.737e+06
   3550.00  3.741e+06
   3570.00  3.660e+06
   3590.00  3.634e+06
   3610.00  3.621e+06
   3630.00  3.619e+06
   3640.00  3.600e+06
   3650.00  3.674e+06
   3670.00  3.542e+06
   3690.00  3.241e+06
   3710.00  3.596e+06
   3730.00  3.730e+06
   3750.00  4.677e+06
   3770.00  4.916e+06
   3790.00  6.156e+06
   3810.00  7.320e+06
   3830.00  5.701e+06
   3850.00  8.177e+06
   3870.00  9.401e+06
   3890.00  4.946e+06
   3910.00  9.344e+06
   3930.00  8.441e+06
   3950.00  9.192e+06
   3970.00  4.628e+06
   3990.00  8.926e+06
   4010.00  1.017e+07
   4030.00  1.017e+07
   4050.00  1.004e+07
   4070.00  9.464e+06
   4090.00  7.059e+06
   4110.00  5.280e+06
   4130.00  8.845e+06
   4150.00  9.400e+06
   4170.00  9.348e+06
   4190.00  9.212e+06
   4210.00  9.139e+06
   4230.00  8.917e+06
   4250.00  8.836e+06
   4270.00  8.575e+06
   4290.00  8.555e+06
   4310.00  7.903e+06
   4330.00  5.717e+06
   4350.00  4.834e+06
   4370.00  7.702e+06
   4390.00  7.948e+06
   4410.00  7.907e+06
   4430.00  7.833e+06
   4450.00  7.866e+06
   4470.00  7.762e+06
   4490.00  7.587e+06
   4510.00  7.611e+06
   4530.00  7.455e+06
   4550.00  7.275e+06
   4570.00  7.342e+06
   4590.00  7.176e+06
   4610.00  7.213e+06
   4630.00  7.014e+06
   4650.00  7.023e+06
   4670.00  6.928e+06
   4690.00  6.772e+06
   4710.00  6.510e+06
   4730.00  6.660e+06
   4750.00  6.591e+06
   4770.00  6.492e+06
   4790.00  6.392e+06
   4810.00  6.220e+06
   4830.00  5.871e+06
   4850.00  4.396e+06
   4870.00  3.522e+06
   4890.00  5.480e+06
   4910.00  5.828e+06
   4930.00  5.786e+06
   4950.00  5.794e+06
   4970.00  5.784e+06
   4990.00  5.673e+06
   5010.00  5.527e+06
   5030.00  5.544e+06
   5050.00  5.437e+06
   5070.00  5.446e+06
   5090.00  5.385e+06
   5110.00  5.325e+06
   5130.00  5.251e+06
   5150.00  5.164e+06
   5170.00  5.041e+06
   5190.00  4.996e+06
   5210.00  4.996e+06
   5230.00  4.893e+06
   5250.00  4.915e+06
   5270.00  4.757e+06
   5290.00  4.800e+06
   5310.00  4.706e+06
   5330.00  4.639e+06
   5350.00  4.652e+06
   5370.00  4.576e+06
   5390.00  4.534e+06
   5410.00  4.457e+06
   5430.00  4.429e+06
   5450.00  4.400e+06
   5470.00  4.353e+06
   5490.00  4.316e+06
   5510.00  4.270e+06
   5530.00  4.210e+06
   5550.00  4.182e+06
   5570.00  4.128e+06
   5590.00  4.091e+06
   5610.00  4.055e+06
   5630.00  4.015e+06
   5650.00  3.969e+06
   5670.00  3.922e+06
   5690.00  3.890e+06
   5710.00  3.850e+06
   5730.00  3.817e+06
   5750.00  3.770e+06
   5770.00  3.734e+06
   5790.00  3.693e+06
   5810.00  3.657e+06
   5830.00  3.621e+06
   5850.00  3.585e+06
   5870.00  3.544e+06
   5890.00  3.480e+06
   5910.00  3.474e+06
   5930.00  3.441e+06
   5950.00  3.400e+06
   5970.00  3.370e+06
   5990.00  3.328e+06
   6010.00  3.296e+06
   6030.00  3.270e+06
   6050.00  3.236e+06
   6070.00  3.208e+06
   6090.00  3.174e+06
   6110.00  3.142e+06
   6130.00  3.106e+06
   6150.00  3.040e+06
   6170.00  3.044e+06
   6190.00  3.023e+06
   6210.00  2.994e+06
   6230.00  2.961e+06
   6250.00  2.907e+06
   6270.00  2.909e+06
   6290.00  2.881e+06
   6310.00  2.846e+06
   6330.00  2.823e+06
   6350.00  2.767e+06
   6370.00  2.750e+06
   6390.00  2.742e+06
   6410.00  2.706e+06
   6430.00  2.685e+06
   6450.00  2.638e+06
   6470.00  2.630e+06
   6490.00  2.586e+06
   6510.00  2.545e+06
   6530.00  2.447e+06
   6550.00  2.082e+06
   6570.00  1.671e+06
   6590.00  2.291e+06
   6610.00  2.413e+06
   6630.00  2.426e+06
   6650.00  2.416e+06
   6670.00  2.399e+06
   6690.00  2.381e+06
   6710.00  2.363e+06
   6730.00  2.339e+06
   6750.00  2.320e+06
   6770.00  2.302e+06
   6790.00  2.281e+06
   6810.00  2.261e+06
   6830.00  2.238e+06
   6850.00  2.219e+06
   6870.00  2.201e+06
   6890.00  2.181e+06
   6910.00  2.161e+06
   6930.00  2.142e+06
   6950.00  2.123e+06
   6970.00  2.104e+06
   6990.00  2.087e+06
   7010.00  2.061e+06
   7030.00  2.048e+06
   7050.00  2.031e+06
   7070.00  2.014e+06
   7090.00  1.997e+06
   7110.00  1.958e+06
   7130.00  1.958e+06
   7150.00  1.942e+06
   7170.00  1.927e+06
   7190.00  1.910e+06
   7210.00  1.895e+06
   7230.00  1.876e+06
   7250.00  1.859e+06
   7270.00  1.847e+06
   7290.00  1.829e+06
   7310.00  1.813e+06
   7330.00  1.800e+06
   7350.00  1.786e+06
   7370.00  1.771e+06
   7390.00  1.754e+06
   7410.00  1.731e+06
   7430.00  1.718e+06
   7450.00  1.707e+06
   7470.00  1.686e+06
   7490.00  1.677e+06
   7510.00  1.666e+06
   7530.00  1.655e+06
   7550.00  1.643e+06
   7570.00  1.629e+06
   7590.00  1.616e+06
   7610.00  1.603e+06
   7630.00  1.589e+06
   7650.00  1.575e+06
   7670.00  1.560e+06
   7690.00  1.550e+06
   7710.00  1.535e+06
   7730.00  1.526e+06
   7750.00  1.513e+06
   7770.00  1.470e+06
   7790.00  1.490e+06
   7810.00  1.477e+06
   7830.00  1.464e+06
   7850.00  1.449e+06
   7870.00  1.435e+06
   7890.00  1.421e+06
   7910.00  1.415e+06
   7930.00  1.406e+06
   7950.00  1.388e+06
   7970.00  1.386e+06
   7990.00  1.359e+06
   8010.00  1.363e+06
   8030.00  1.352e+06
   8050.00  1.342e+06
   8070.00  1.331e+06
   8090.00  1.321e+06
   8110.00  1.311e+06
   8130.00  1.302e+06
   8150.00  1.292e+06
   8170.00  1.282e+06
   8190.00  1.262e+06
   8210.00  1.258e+06
   8230.00  1.248e+06
   8250.00  1.242e+06
   8270.00  1.242e+06
   8290.00  1.231e+06
   8310.00  1.222e+06
   8330.00  1.201e+06
   8350.00  1.191e+06
   8370.00  1.176e+06
   8390.00  1.153e+06
   8410.00  1.134e+06
   8430.00  1.119e+06
   8450.00  1.103e+06
   8470.00  1.073e+06
   8490.00  1.109e+06
   8510.00  1.036e+06
   8530.00  1.120e+06
   8550.00  9.718e+05
   8570.00  1.145e+06
   8590.00  1.032e+06
   8610.00  1.006e+06
   8630.00  1.162e+06
   8650.00  1.085e+06
   8670.00  8.877e+05
   8690.00  1.109e+06
   8710.00  1.171e+06
   8730.00  1.099e+06
   8750.00  8.587e+05
   8770.00  1.038e+06
   8790.00  1.152e+06
   8810.00  1.162e+06
   8830.00  1.116e+06
   8850.00  9.755e+05
   8870.00  8.252e+05
   8890.00  1.055e+06
   8910.00  1.117e+06
   8930.00  1.128e+06
   8950.00  1.130e+06
   8970.00  1.102e+06
   8990.00  1.030e+06
   9010.00  8.059e+05
   9030.00  8.839e+05
   9050.00  1.034e+06
   9070.00  1.053e+06
   9090.00  1.051e+06
   9110.00  1.069e+06
   9130.00  1.067e+06
   9150.00  1.060e+06
   9170.00  1.041e+06
   9190.00  1.003e+06
   9210.00  9.106e+05
   9230.00  7.045e+05
   9250.00  8.728e+05
   9270.00  9.489e+05
   9290.00  9.958e+05
   9310.00  1.001e+06
   9330.00  9.966e+05
   9350.00  9.926e+05
   9370.00  9.867e+05
   9390.00  9.726e+05
   9410.00  9.529e+05
   9430.00  9.611e+05
   9450.00  9.537e+05
   9470.00  9.426e+05
   9490.00  9.257e+05
   9510.00  8.906e+05
   9530.00  7.968e+05
   9550.00  6.377e+05
   9570.00  8.055e+05
   9590.00  8.731e+05
   9610.00  8.854e+05
   9630.00  8.788e+05
   9650.00  8.886e+05
   9670.00  8.778e+05
   9690.00  8.772e+05
   9710.00  8.756e+05
   9730.00  8.699e+05
   9750.00  8.631e+05
   9770.00  8.588e+05
   9790.00  8.525e+05
   9810.00  8.461e+05
   9830.00  8.384e+05
   9850.00  8.307e+05
   9870.00  8.249e+05
   9890.00  8.144e+05
   9910.00  8.128e+05
   9930.00  8.054e+05
   9950.00  7.996e+05
   9970.00  7.922e+05
   9990.00  7.789e+05
  10025.00  6.927e+05
  10075.00  6.564e+05
  10125.00  7.420e+05
  10175.00  7.427e+05
  10225.00  7.339e+05
  10275.00  7.223e+05
  10325.00  7.097e+05
  10375.00  6.982e+05
  10425.00  6.867e+05
  10475.00  6.717e+05
  10525.00  6.616e+05
  10575.00  6.523e+05
  10625.00  6.422e+05
  10675.00  6.233e+05
  10725.00  6.183e+05
  10775.00  6.087e+05
  10825.00  5.973e+05
  10875.00  5.778e+05
  10925.00  4.793e+05
  10975.00  5.254e+05
  11025.00  5.586e+05
  11075.00  5.552e+05
  11125.00  5.478e+05
  11175.00  5.400e+05
  11225.00  5.319e+05
  11275.00  5.162e+05
  11325.00  5.093e+05
  11375.00  5.066e+05
  11425.00  4.981e+05
  11475.00  4.926e+05
  11525.00  4.854e+05
  11575.00  4.779e+05
  11625.00  4.677e+05
  11675.00  4.587e+05
  11725.00  4.570e+05
  11775.00  4.440e+05
  11825.00  4.408e+05
  11875.00  4.328e+05
  11925.00  4.309e+05
  11975.00  4.220e+05
  12025.00  4.178e+05
  12075.00  4.107e+05
  12125.00  4.052e+05
  12175.00  4.001e+05
  12225.00  3.941e+05
  12275.00  3.879e+05
  12325.00  3.826e+05
  12375.00  3.776e+05
  12425.00  3.729e+05
  12475.00  3.664e+05
  12525.00  3.621e+05
  12575.00  3.550e+05
  12625.00  3.508e+05
  12675.00  3.460e+05
  12725.00  3.391e+05
  12775.00  3.217e+05
  12825.00  2.741e+05
  12875.00  3.166e+05
  12925.00  3.214e+05
  12975.00  3.188e+05
  13025.00  3.154e+05
  13075.00  3.114e+05
  13125.00  3.071e+05
  13175.00  3.021e+05
  13225.00  2.991e+05
  13275.00  2.951e+05
  13325.00  2.912e+05
  13375.00  2.873e+05
  13425.00  2.835e+05
  13475.00  2.796e+05
  13525.00  2.756e+05
  13575.00  2.721e+05
  13625.00  2.688e+05
  13675.00  2.651e+05
  13725.00  2.606e+05
  13775.00  2.584e+05
  13825.00  2.552e+05
  13875.00  2.522e+05
  13925.00  2.485e+05
  13975.00  2.457e+05
  14025.00  2.426e+05
  14075.00  2.396e+05
  14125.00  2.364e+05
  14175.00  2.336e+05
  14225.00  2.306e+05
  14275.00  2.277e+05
  14325.00  2.249e+05
  14375.00  2.222e+05
  14425.00  2.170e+05
  14475.00  2.166e+05
  14525.00  2.127e+05
  14570.00  2.116e+05
  14620.00  2.139e+05
  14675.00  2.181e+05
  14725.00  2.140e+05
  14775.00  2.087e+05
  14825.00  2.047e+05
  14875.00  1.997e+05
  14925.00  1.971e+05
  14975.00  1.930e+05
  15025.00  1.896e+05
  15075.00  1.858e+05
  15125.00  1.832e+05
  15175.00  1.802e+05
  15225.00  1.780e+05
  15275.00  1.753e+05
  15325.00  1.724e+05
  15375.00  1.720e+05
  15425.00  1.670e+05
  15475.00  1.682e+05
  15525.00  1.658e+05
  15575.00  1.597e+05
  15625.00  1.663e+05
  15675.00  1.582e+05
  15725.00  1.535e+05
  15775.00  1.617e+05
  15825.00  1.590e+05
  15875.00  1.435e+05
  15925.00  1.522e+05
  15975.00  1.575e+05
  16050.00  1.504e+05
  16150.00  1.407e+05
  16250.00  1.487e+05
  16350.00  1.398e+05
  16450.00  1.309e+05
  16550.00  1.395e+05
  16650.00  1.367e+05
  16750.00  1.277e+05
  16850.00  1.193e+05
  16950.00  1.278e+05
  17050.00  1.255e+05
  17150.00  1.230e+05
  17250.00  1.188e+05
  17350.00  1.045e+05
  17450.00  1.121e+05
  17550.00  1.124e+05
  17650.00  1.104e+05
  17750.00  1.083e+05
  17850.00  1.060e+05
  17950.00  1.039e+05
  18050.00  1.006e+05
  18150.00  8.952e+04
  18250.00  9.397e+04
  18350.00  9.538e+04
  18450.00  9.372e+04
  18550.00  9.161e+04
  18650.00  8.892e+04
  18750.00  7.877e+04
  18850.00  8.499e+04
  18950.00  8.454e+04
  19050.00  8.338e+04
  19150.00  8.173e+04
  19250.00  7.991e+04
  19350.00  7.726e+04
  19450.00  6.858e+04
  19550.00  7.436e+04
  19650.00  7.405e+04
  19750.00  7.279e+04
  19850.00  7.152e+04
  19950.00  7.019e+04
  20050.00  6.890e+04
  20150.00  6.763e+04
  20250.00  6.637e+04
  20350.00  6.515e+04
  20450.00  6.399e+04
  20550.00  6.282e+04
  20650.00  6.165e+04
  20750.00  6.056e+04
  20850.00  5.949e+04
  20950.00  5.843e+04
  21050.00  5.738e+04
  21150.00  5.627e+04
  21250.00  5.529e+04
  21350.00  5.433e+04
  21450.00  5.329e+04
  21550.00  5.176e+04
  21650.00  4.630e+04
  21750.00  4.955e+04
  21850.00  4.967e+04
  21950.00  4.903e+04
  22050.00  4.818e+04
  22150.00  4.732e+04
  22250.00  4.660e+04
  22350.00  4.582e+04
  22450.00  4.506e+04
  22550.00  4.428e+04
  22650.00  4.357e+04
  22750.00  4.286e+04
  22850.00  4.235e+04
  22950.00  4.233e+04
  23050.00  4.162e+04
  23150.00  4.080e+04
  23250.00  4.003e+04
  23350.00  3.926e+04
  23450.00  3.853e+04
  23550.00  3.782e+04
  23650.00  3.714e+04
  23750.00  3.647e+04
  23850.00  3.583e+04
  23950.00  3.520e+04
  24050.00  3.459e+04
  24150.00  3.398e+04
  24250.00  3.343e+04
  24350.00  3.293e+04
  24450.00  3.232e+04
  24550.00  3.195e+04
  24650.00  3.131e+04
  24750.00  3.091e+04
  24850.00  3.063e+04
  24950.00  2.962e+04
  25050.00  3.021e+04
  25150.00  2.945e+04
  25250.00  2.809e+04
  25350.00  2.840e+04
  25450.00  2.828e+04
  25550.00  2.751e+04
  25650.00  2.617e+04
  25750.00  2.683e+04
  25850.00  2.670e+04
  25950.00  2.628e+04
  26050.00  2.530e+04
  26150.00  2.398e+04
  26250.00  2.270e+04
  26350.00  2.428e+04
  26450.00  2.446e+04
  26550.00  2.413e+04
  26650.00  2.344e+04
  26750.00  2.183e+04
  26850.00  2.279e+04
  26950.00  2.285e+04
  27050.00  2.260e+04
  27150.00  2.233e+04
  27250.00  2.199e+04
  27350.00  2.163e+04
  27450.00  2.114e+04
  27550.00  1.956e+04
  27650.00  1.998e+04
  27750.00  2.039e+04
  27850.00  2.022e+04
  27950.00  1.999e+04
  28050.00  1.972e+04
  28150.00  1.945e+04
  28250.00  1.919e+04
  28350.00  1.893e+04
  28450.00  1.863e+04
  28550.00  1.830e+04
  28650.00  1.759e+04
  28750.00  1.642e+04
  28850.00  1.742e+04
  28950.00  1.739e+04
  29050.00  1.724e+04
  29150.00  1.700e+04
  29250.00  1.680e+04
  29350.00  1.658e+04
  29450.00  1.637e+04
  29550.00  1.616e+04
  29650.00  1.595e+04
  29750.00  1.574e+04
  29850.00  1.554e+04
  29950.00  1.534e+04
  30050.00  1.514e+04
  30150.00  1.490e+04
  30250.00  1.459e+04
  30350.00  1.353e+04
  30450.00  1.367e+04
  30550.00  1.409e+04
  30650.00  1.400e+04
  30750.00  1.386e+04
  30850.00  1.368e+04
  30950.00  1.352e+04
  31050.00  1.335e+04
  31150.00  1.319e+04
  31250.00  1.302e+04
  31350.00  1.287e+04
  31450.00  1.271e+04
  31550.00  1.256e+04
  31650.00  1.241e+04
  31750.00  1.226e+04
  31850.00  1.212e+04
  31950.00  1.197e+04
  32100.00  1.176e+04
  32300.00  1.148e+04
  32500.00  1.121e+04
  32700.00  1.091e+04
  32900.00  1.008e+04
  33100.00  1.029e+04
  33300.00  1.027e+04
  33500.00  1.004e+04
  33700.00  9.791e+03
  33900.00  9.563e+03
  34100.00  9.341e+03
  34300.00  9.128e+03
  34500.00  8.922e+03
  34700.00  8.713e+03
  34900.00  8.515e+03
  35100.00  8.325e+03
  35300.00  8.138e+03
  35500.00  7.958e+03
  35700.00  7.778e+03
  35900.00  7.620e+03
  36100.00  7.444e+03
  36300.00  7.303e+03
  36500.00  7.123e+03
  36700.00  7.014e+03
  36900.00  6.802e+03
  37100.00  6.710e+03
  37300.00  6.397e+03
  37500.00  6.162e+03
  37700.00  6.315e+03
  37900.00  6.213e+03
  38100.00  6.005e+03
  38300.00  5.898e+03
  38500.00  5.857e+03
  38700.00  5.741e+03
  38900.00  5.588e+03
  39100.00  5.369e+03
  39300.00  5.396e+03
  39500.00  5.318e+03
  39700.00  5.219e+03
  39900.00  5.114e+03
  40100.00  4.907e+03
  40300.00  4.782e+03
  40500.00  4.575e+03
  40700.00  4.701e+03
  40900.00  4.644e+03
  41100.00  4.563e+03
  41300.00  4.473e+03
  41500.00  4.358e+03
  41700.00  4.127e+03
  41900.00  4.194e+03
  42100.00  4.150e+03
  42300.00  4.081e+03
  42500.00  4.006e+03
  42700.00  3.934e+03
  42900.00  3.863e+03
  43100.00  3.794e+03
  43300.00  3.726e+03
  43500.00  3.642e+03
  43700.00  3.444e+03
  43900.00  3.466e+03
  44100.00  3.462e+03
  44300.00  3.409e+03
  44500.00  3.350e+03
  44700.00  3.307e+03
  44900.00  3.249e+03
  45100.00  3.194e+03
  45300.00  3.139e+03
  45500.00  3.086e+03
  45700.00  3.033e+03
  45900.00  2.982e+03
  46100.00  2.927e+03
  46300.00  2.859e+03
  46500.00  2.669e+03
  46700.00  2.626e+03
  46900.00  2.701e+03
  47100.00  2.689e+03
  47300.00  2.653e+03
  47500.00  2.609e+03
  47700.00  2.567e+03
  47900.00  2.526e+03
  48100.00  2.485e+03
  48300.00  2.445e+03
  48500.00  2.406e+03
  48700.00  2.368e+03
  48900.00  2.330e+03
  49100.00  2.293e+03
  49300.00  2.257e+03
  49500.00  2.222e+03
  49700.00  2.187e+03
  49900.00  2.153e+03
  50100.00  2.119e+03
  50300.00  2.087e+03
  50500.00  2.055e+03
  50700.00  2.023e+03
  50900.00  1.988e+03
  51100.00  1.937e+03
  51300.00  1.823e+03
  51500.00  1.885e+03
  51700.00  1.872e+03
  51900.00  1.846e+03
  52100.00  1.819e+03
  52300.00  1.792e+03
  52500.00  1.765e+03
  52700.00  1.739e+03
  52900.00  1.714e+03
  53100.00  1.689e+03
  53300.00  1.664e+03
  53500.00  1.640e+03
  53700.00  1.616e+03
  53900.00  1.593e+03
  54100.00  1.570e+03
  54300.00  1.547e+03
  54500.00  1.525e+03
  54700.00  1.503e+03
  54900.00  1.482e+03
  55100.00  1.461e+03
  55300.00  1.441e+03
  55500.00  1.420e+03
  55700.00  1.400e+03
  55900.00  1.381e+03
  56100.00  1.362e+03
  56300.00  1.343e+03
  56500.00  1.324e+03
  56700.00  1.306e+03
  56900.00  1.288e+03
  57100.00  1.271e+03
  57300.00  1.253e+03
  57500.00  1.237e+03
  57700.00  1.220e+03
  57900.00  1.203e+03
  58100.00  1.187e+03
  58300.00  1.171e+03
  58500.00  1.158e+03
  58700.00  1.140e+03
  58900.00  1.112e+03
  59100.00  1.049e+03
  59300.00  1.087e+03
  59500.00  1.082e+03
  59700.00  1.070e+03
  59900.00  1.056e+03
  60100.00  1.042e+03
  60300.00  1.028e+03
  60500.00  1.015e+03
  60700.00  1.002e+03
  60900.00  9.892e+02
  61100.00  9.765e+02
  61300.00  9.642e+02
  61500.00  9.519e+02
  61700.00  9.399e+02
  61900.00  9.280e+02
  62100.00  9.163e+02
  62300.00  9.047e+02
  62500.00  8.935e+02
  62700.00  8.823e+02
  62900.00  8.714e+02
  63100.00  8.605e+02
  63300.00  8.499e+02
  63500.00  8.394e+02
  63700.00  8.292e+02
  63900.00  8.190e+02
  64200.00  8.041e+02
  64600.00  7.847e+02
  65000.00  7.659e+02
  65400.00  7.477e+02
  65800.00  7.299e+02
  66200.00  7.127e+02
  66600.00  6.960e+02
  67000.00  6.799e+02
  67400.00  6.641e+02
  67800.00  6.488e+02
  68200.00  6.340e+02
  68600.00  6.195e+02
  69000.00  6.055e+02
  69400.00  5.919e+02
  69800.00  5.786e+02
  70200.00  5.658e+02
  70600.00  5.532e+02
  71000.00  5.411e+02
  71400.00  5.292e+02
  71800.00  5.177e+02
  72200.00  5.064e+02
  72600.00  4.956e+02
  73000.00  4.851e+02
  73400.00  4.747e+02
  73800.00  4.646e+02
  74200.00  4.532e+02
  74600.00  4.295e+02
  75000.00  4.197e+02
  75400.00  4.251e+02
  75800.00  4.182e+02
  76200.00  4.097e+02
  76600.00  4.013e+02
  77000.00  3.932e+02
  77400.00  3.852e+02
  77800.00  3.775e+02
  78200.00  3.699e+02
  78600.00  3.626e+02
  79000.00  3.554e+02
  79400.00  3.484e+02
  79800.00  3.416e+02
  80200.00  3.349e+02
  80600.00  3.284e+02
  81000.00  3.221e+02
  81400.00  3.159e+02
  81800.00  3.098e+02
  82200.00  3.039e+02
  82600.00  2.982e+02
  83000.00  2.925e+02
  83400.00  2.870e+02
  83800.00  2.816e+02
  84200.00  2.764e+02
  84600.00  2.713e+02
  85000.00  2.663e+02
  85400.00  2.614e+02
  85800.00  2.566e+02
  86200.00  2.520e+02
  86600.00  2.474e+02
  87000.00  2.429e+02
  87400.00  2.386e+02
  87800.00  2.343e+02
  88200.00  2.301e+02
  88600.00  2.261e+02
  89000.00  2.221e+02
  89400.00  2.182e+02
  89800.00  2.144e+02
  90200.00  2.106e+02
  90600.00  2.070e+02
  91000.00  2.034e+02
  91400.00  1.999e+02
  91800.00  1.965e+02
  92200.00  1.932e+02
  92600.00  1.899e+02
  93000.00  1.867e+02
  93400.00  1.835e+02
  93800.00  1.805e+02
  94200.00  1.775e+02
  94600.00  1.745e+02
  95000.00  1.716e+02
  95400.00  1.688e+02
  95800.00  1.660e+02
  96200.00  1.633e+02
  96600.00  1.606e+02
  97000.00  1.580e+02
  97400.00  1.555e+02
  97800.00  1.530e+02
  98200.00  1.505e+02
  98600.00  1.481e+02
  99000.00  1.458e+02
  99400.00  1.435e+02
  99800.00  1.412e+02
 100200.00  1.390e+02
 200000.00  8.893e+00
 400000.00  5.529e-01
 600000.00  1.083e-01
 800000.00  3.398e-02
