#
# f values from Menzel + Pekeris 1935 MNRAS 96 77
# supplemented with Gaunt factors from Baker + Menzel 1938 ApJ 88 52
#
# z = element, ion= ionstage, f = osc. str., gl(gu) = stat. we. lower(upper) level
# el(eu) = energy lower(upper) level (eV), ll(lu) = lvl index lower(upper) level
#        z ion       lambda      f         gl  gu    el          eu        ll   lu
LinMacro    1   1          1215.33907             0.41620     2     8             0.00000            10.19883     1     2
LinMacro    1   1          1025.44253             0.07910     2    18             0.00000            12.08750     1     3
LinMacro    1   1           972.27104             0.02899     2    32             0.00000            12.74854     1     4
LinMacro    1   1           949.48382             0.01394     2    50             0.00000            13.05450     1     5
LinMacro    1   1           937.54762             0.00780     2    72             0.00000            13.22070     1     6
LinMacro    1   1           930.49400             0.00471     2    98             0.00000            13.32092     1     7
LinMacro    1   1           925.97292             0.00318     2   128             0.00000            13.38596     1     8
LinMacro    1   1           922.89865             0.00222     2   162             0.00000            13.43055     1     9
LinMacro    1   1           920.71177             0.00161     2   200             0.00000            13.46245     1    10
LinMacro    1   1          6562.83858             0.64080     8    18            10.19883            12.08750     2     3
LinMacro    1   1          4861.35082             0.11930     8    32            10.19883            12.74854     2     4
LinMacro    1   1          4340.50021             0.04467     8    50            10.19883            13.05450     2     5
LinMacro    1   1          4101.77593             0.02209     8    72            10.19883            13.22070     2     6
LinMacro    1   1          3970.10810             0.01271     8    98            10.19883            13.32092     2     7
LinMacro    1   1          3889.09026             0.00804     8   128            10.19883            13.38596     2     8
LinMacro    1   1          3835.43013             0.00543     8   162            10.19883            13.43055     2     9
LinMacro    1   1          3797.94054             0.00385     8   200            10.19883            13.46245     2    10
LinMacro    1   1         18750.80236             0.84200    18    32            12.08750            12.74854     3     4
LinMacro    1   1         12818.03106             0.15060    18    50            12.08750            13.05450     3     5
LinMacro    1   1         10938.07719             0.05585    18    72            12.08750            13.22070     3     6
LinMacro    1   1         10049.32010             0.02768    18    98            12.08750            13.32092     3     7
LinMacro    1   1          9545.95141             0.01604    18   128            12.08750            13.38596     3     8
LinMacro    1   1          9229.02059             0.01023    18   162            12.08750            13.43055     3     9
LinMacro    1   1          9014.89687             0.00698    18   200            12.08750            13.46245     3    10
LinMacro    1   1         40511.98923             1.03800    32    50            12.74854            13.05450     4     5
LinMacro    1   1         26251.75200             0.17940    32    72            12.74854            13.22070     4     6
LinMacro    1   1         21655.25474             0.06661    32    98            12.74854            13.32092     4     7
LinMacro    1   1         19445.64330             0.03229    32   128            12.74854            13.38596     4     8
LinMacro    1   1         18174.28137             0.01872    32   162            12.74854            13.43055     4     9
LinMacro    1   1         17362.18059             0.01195    32   200            12.74854            13.46245     4    10
LinMacro    1   1         74578.75190             1.23100    50    72            13.05450            13.22070     5     6
LinMacro    1   1         46524.35696             0.20700    50    98            13.05450            13.32092     5     7
LinMacro    1   1         37395.26992             0.07455    50   128            13.05450            13.38596     5     8
LinMacro    1   1         32961.13890             0.03644    50   162            13.05450            13.43055     5     9
LinMacro    1   1         30383.68413             0.02102    50   200            13.05450            13.46245     5    10
LinMacro    1   1        123678.60658             1.42500    72    98            13.22070            13.32092     6     7
LinMacro    1   1         75003.53407             0.23400    72   128            13.22070            13.38596     6     8
LinMacro    1   1         59066.35252             0.08318    72   162            13.22070            13.43055     6     9
LinMacro    1   1         51272.17481             0.04035    72   200            13.22070            13.46245     6    10
LinMacro    1   1        190576.65667             1.61500    98   128            13.32092            13.38596     7     8
LinMacro    1   1        113062.82813             0.25950    98   162            13.32092            13.43055     7     9
LinMacro    1   1         87578.83769             0.09162    98   200            13.32092            13.46245     7    10
LinMacro    1   1        277977.95808             1.81000   128   162            13.38596            13.43055     8     9
LinMacro    1   1        162046.94671             0.28760   128   200            13.38596            13.46245     8    10
LinMacro    1   1        388554.18260             2.00100   162   200            13.43055            13.46245     9    10
