     90.90  0.000e+00
     93.50  0.000e+00
     96.10  0.000e+00
     97.70  0.000e+00
     99.60  0.000e+00
    102.00  0.000e+00
    103.80  0.000e+00
    105.60  0.000e+00
    107.70  0.000e+00
    110.40  0.000e+00
    114.00  0.000e+00
    117.80  0.000e+00
    121.30  0.000e+00
    124.80  0.000e+00
    127.10  0.000e+00
    128.40  0.000e+00
    130.50  0.000e+00
    132.40  0.000e+00
    133.90  0.000e+00
    136.60  0.000e+00
    139.80  0.000e+00
    143.30  0.000e+00
    147.20  0.000e+00
    151.00  0.000e+00
    155.20  0.000e+00
    158.80  0.000e+00
    162.00  0.000e+00
    166.00  0.000e+00
    170.30  0.000e+00
    173.40  0.000e+00
    176.80  0.000e+00
    180.20  0.000e+00
    181.70  0.000e+00
    186.10  0.000e+00
    191.00  0.000e+00
    193.90  0.000e+00
    198.40  0.000e+00
    201.80  0.000e+00
    205.00  0.000e+00
    210.50  0.000e+00
    216.20  0.000e+00
    219.80  0.000e+00
    223.00  0.000e+00
    226.80  0.000e+00
    230.00  4.059e-13
    234.00  9.925e-13
    240.00  3.554e-12
    246.50  1.320e-11
    252.40  4.107e-11
    256.80  9.266e-11
    260.00  1.648e-10
    264.00  3.321e-10
    268.50  7.096e-10
    273.50  1.603e-09
    278.50  3.540e-09
    284.00  8.187e-09
    290.00  1.968e-08
    296.00  4.549e-08
    301.00  8.962e-08
    308.00  2.233e-07
    318.00  7.681e-07
    328.00  2.448e-06
    338.00  7.315e-06
    348.00  2.056e-05
    357.00  5.013e-05
    366.00  1.162e-04
    375.00  2.569e-04
    385.00  5.966e-04
    395.00  1.325e-03
    405.00  2.831e-03
    414.00  5.440e-03
    422.00  9.467e-03
    430.00  1.609e-02
    441.00  3.268e-02
    451.00  6.010e-02
    460.00  1.015e-01
    470.00  1.776e-01
    480.00  3.031e-01
    490.00  5.065e-01
    500.00  8.269e-01
    506.00  3.495e+01
    512.00  9.553e+01
    520.00  1.268e+02
    530.00  1.825e+02
    540.00  2.351e+02
    550.00  3.526e+02
    560.00  4.703e+02
    570.00  6.375e+02
    580.00  7.627e+02
    590.00  1.092e+03
    600.00  1.420e+03
    610.00  1.851e+03
    620.00  2.300e+03
    630.00  2.914e+03
    640.00  3.518e+03
    650.00  4.404e+03
    658.00  5.242e+03
    665.00  5.923e+03
    675.00  7.080e+03
    685.00  8.616e+03
    695.00  1.047e+04
    705.00  1.241e+04
    716.00  1.484e+04
    726.00  1.750e+04
    735.00  2.002e+04
    745.00  2.362e+04
    755.00  2.757e+04
    765.00  3.172e+04
    775.00  3.689e+04
    785.00  4.237e+04
    795.00  4.787e+04
    805.00  5.457e+04
    815.00  6.135e+04
    825.00  6.981e+04
    835.00  7.682e+04
    845.00  8.718e+04
    855.00  9.744e+04
    865.00  1.093e+05
    875.00  1.218e+05
    885.00  1.367e+05
    895.00  1.509e+05
    905.00  1.622e+05
    915.00  3.528e+05
    925.00  1.250e+06
    935.00  2.154e+06
    945.00  6.524e+06
    955.00  3.132e+07
    965.00  4.861e+07
    975.00  1.167e+07
    985.00  1.314e+08
    995.00  1.502e+08
   1005.00  2.048e+08
   1015.00  1.129e+08
   1025.00  7.088e+06
   1035.00  6.709e+07
   1045.00  2.520e+08
   1055.00  2.982e+08
   1065.00  2.409e+08
   1075.00  2.965e+08
   1085.00  2.438e+08
   1095.00  2.935e+08
   1105.00  2.836e+08
   1115.00  2.590e+08
   1125.00  2.649e+08
   1135.00  3.038e+08
   1145.00  2.619e+08
   1155.00  2.830e+08
   1165.00  3.068e+08
   1175.00  2.634e+08
   1185.00  2.882e+08
   1195.00  1.366e+08
   1205.00  9.550e+07
   1215.00  1.243e+07
   1225.00  7.204e+07
   1235.00  2.452e+08
   1245.00  3.000e+08
   1255.00  2.800e+08
   1265.00  1.914e+08
   1275.00  3.045e+08
   1285.00  3.212e+08
   1295.00  2.561e+08
   1305.00  2.419e+08
   1315.00  3.015e+08
   1325.00  2.838e+08
   1335.00  2.486e+08
   1345.00  2.925e+08
   1355.00  2.769e+08
   1365.00  2.516e+08
   1375.00  2.666e+08
   1385.00  2.719e+08
   1395.00  2.610e+08
   1405.00  2.659e+08
   1415.00  2.494e+08
   1425.00  2.546e+08
   1435.00  2.464e+08
   1442.00  2.582e+08
   1447.00  2.600e+08
   1455.00  2.522e+08
   1465.00  2.374e+08
   1475.00  2.304e+08
   1485.00  2.266e+08
   1495.00  2.312e+08
   1505.00  2.200e+08
   1512.00  2.020e+08
   1517.00  2.139e+08
   1525.00  2.004e+08
   1535.00  1.803e+08
   1545.00  2.034e+08
   1555.00  1.893e+08
   1565.00  1.851e+08
   1575.00  1.925e+08
   1585.00  1.972e+08
   1595.00  2.005e+08
   1605.00  1.909e+08
   1615.00  1.920e+08
   1625.00  1.812e+08
   1635.00  1.867e+08
   1645.00  1.856e+08
   1655.00  1.698e+08
   1665.00  1.842e+08
   1672.00  1.736e+08
   1677.00  1.778e+08
   1685.00  1.845e+08
   1695.00  1.755e+08
   1705.00  1.664e+08
   1715.00  1.563e+08
   1725.00  1.538e+08
   1735.00  1.605e+08
   1745.00  1.548e+08
   1755.00  1.630e+08
   1765.00  1.476e+08
   1775.00  1.543e+08
   1785.00  1.553e+08
   1795.00  1.597e+08
   1805.00  1.573e+08
   1815.00  1.483e+08
   1825.00  1.493e+08
   1835.00  1.428e+08
   1845.00  1.338e+08
   1855.00  1.309e+08
   1865.00  1.327e+08
   1875.00  1.417e+08
   1885.00  1.315e+08
   1895.00  1.258e+08
   1905.00  1.324e+08
   1915.00  1.264e+08
   1925.00  1.244e+08
   1935.00  1.269e+08
   1945.00  1.286e+08
   1955.00  1.209e+08
   1967.00  1.284e+08
   1976.00  1.313e+08
   1984.00  1.241e+08
   1995.00  1.194e+08
   2005.00  1.218e+08
   2015.00  1.172e+08
   2025.00  1.231e+08
   2035.00  1.163e+08
   2045.00  1.171e+08
   2055.00  1.119e+08
   2065.00  1.137e+08
   2074.00  1.155e+08
   2078.00  1.122e+08
   2085.00  1.143e+08
   2095.00  1.083e+08
   2105.00  1.099e+08
   2115.00  1.091e+08
   2125.00  1.100e+08
   2135.00  1.047e+08
   2145.00  1.054e+08
   2155.00  1.067e+08
   2165.00  1.030e+08
   2175.00  1.017e+08
   2185.00  9.942e+07
   2195.00  1.018e+08
   2205.00  9.830e+07
   2215.00  9.524e+07
   2225.00  9.111e+07
   2235.00  9.589e+07
   2245.00  9.169e+07
   2255.00  8.906e+07
   2265.00  9.006e+07
   2275.00  9.139e+07
   2285.00  9.176e+07
   2295.00  8.849e+07
   2305.00  8.592e+07
   2315.00  8.300e+07
   2325.00  7.043e+07
   2335.00  7.912e+07
   2345.00  7.670e+07
   2355.00  7.859e+07
   2365.00  7.479e+07
   2375.00  7.571e+07
   2385.00  7.209e+07
   2395.00  7.593e+07
   2405.00  7.240e+07
   2415.00  7.298e+07
   2425.00  7.413e+07
   2435.00  7.051e+07
   2445.00  7.347e+07
   2455.00  7.143e+07
   2465.00  7.105e+07
   2475.00  6.875e+07
   2485.00  7.187e+07
   2495.00  6.950e+07
   2505.00  7.165e+07
   2513.00  6.815e+07
   2518.00  6.979e+07
   2525.00  6.634e+07
   2535.00  6.616e+07
   2545.00  6.486e+07
   2555.00  6.655e+07
   2565.00  6.573e+07
   2575.00  6.770e+07
   2585.00  6.744e+07
   2595.00  6.722e+07
   2605.00  6.473e+07
   2615.00  6.438e+07
   2625.00  6.416e+07
   2635.00  6.417e+07
   2645.00  6.606e+07
   2655.00  6.524e+07
   2665.00  6.301e+07
   2675.00  6.402e+07
   2685.00  6.300e+07
   2695.00  6.199e+07
   2705.00  6.181e+07
   2715.00  6.016e+07
   2725.00  5.963e+07
   2735.00  6.082e+07
   2745.00  5.720e+07
   2755.00  5.669e+07
   2765.00  5.746e+07
   2775.00  5.822e+07
   2785.00  5.787e+07
   2795.00  5.106e+07
   2805.00  5.361e+07
   2815.00  5.700e+07
   2825.00  5.625e+07
   2835.00  5.420e+07
   2845.00  5.321e+07
   2855.00  5.355e+07
   2865.00  5.432e+07
   2875.00  5.328e+07
   2885.00  5.312e+07
   2895.00  5.289e+07
   2910.00  5.302e+07
   2930.00  5.163e+07
   2950.00  5.065e+07
   2970.00  5.002e+07
   2990.00  4.918e+07
   3010.00  4.893e+07
   3030.00  4.824e+07
   3050.00  4.727e+07
   3070.00  4.637e+07
   3090.00  4.587e+07
   3110.00  4.486e+07
   3130.00  4.423e+07
   3150.00  4.351e+07
   3170.00  4.279e+07
   3190.00  4.155e+07
   3210.00  4.136e+07
   3230.00  4.080e+07
   3250.00  4.013e+07
   3270.00  3.961e+07
   3290.00  3.901e+07
   3310.00  3.848e+07
   3330.00  3.783e+07
   3350.00  3.716e+07
   3370.00  3.662e+07
   3390.00  3.605e+07
   3410.00  3.555e+07
   3430.00  3.497e+07
   3450.00  3.442e+07
   3470.00  3.387e+07
   3490.00  3.340e+07
   3510.00  3.296e+07
   3530.00  3.249e+07
   3550.00  3.200e+07
   3570.00  3.156e+07
   3590.00  3.100e+07
   3610.00  3.060e+07
   3630.00  3.012e+07
   3640.00  2.998e+07
   3650.00  2.984e+07
   3670.00  2.946e+07
   3690.00  2.831e+07
   3710.00  2.678e+07
   3730.00  2.575e+07
   3750.00  2.753e+07
   3770.00  2.761e+07
   3790.00  3.044e+07
   3810.00  3.347e+07
   3830.00  2.836e+07
   3850.00  3.512e+07
   3870.00  3.783e+07
   3890.00  2.546e+07
   3910.00  3.744e+07
   3930.00  3.836e+07
   3950.00  3.657e+07
   3970.00  2.402e+07
   3990.00  3.468e+07
   4010.00  3.692e+07
   4030.00  3.589e+07
   4050.00  3.629e+07
   4070.00  3.488e+07
   4090.00  2.887e+07
   4110.00  2.391e+07
   4130.00  3.221e+07
   4150.00  3.312e+07
   4170.00  3.301e+07
   4190.00  3.265e+07
   4210.00  3.221e+07
   4230.00  3.169e+07
   4250.00  3.115e+07
   4270.00  3.031e+07
   4290.00  3.000e+07
   4310.00  2.882e+07
   4330.00  2.328e+07
   4350.00  2.072e+07
   4370.00  2.726e+07
   4390.00  2.738e+07
   4410.00  2.750e+07
   4430.00  2.701e+07
   4450.00  2.683e+07
   4470.00  2.557e+07
   4490.00  2.574e+07
   4510.00  2.565e+07
   4530.00  2.523e+07
   4550.00  2.484e+07
   4570.00  2.456e+07
   4590.00  2.418e+07
   4610.00  2.384e+07
   4630.00  2.341e+07
   4650.00  2.313e+07
   4670.00  2.280e+07
   4690.00  2.250e+07
   4710.00  2.182e+07
   4730.00  2.178e+07
   4750.00  2.142e+07
   4770.00  2.121e+07
   4790.00  2.085e+07
   4810.00  2.038e+07
   4830.00  1.963e+07
   4850.00  1.647e+07
   4870.00  1.425e+07
   4890.00  1.857e+07
   4910.00  1.898e+07
   4930.00  1.858e+07
   4950.00  1.868e+07
   4970.00  1.848e+07
   4990.00  1.822e+07
   5010.00  1.766e+07
   5030.00  1.767e+07
   5050.00  1.717e+07
   5070.00  1.724e+07
   5090.00  1.701e+07
   5110.00  1.675e+07
   5130.00  1.655e+07
   5150.00  1.628e+07
   5170.00  1.611e+07
   5190.00  1.591e+07
   5210.00  1.560e+07
   5230.00  1.547e+07
   5250.00  1.530e+07
   5270.00  1.507e+07
   5290.00  1.495e+07
   5310.00  1.472e+07
   5330.00  1.455e+07
   5350.00  1.435e+07
   5370.00  1.419e+07
   5390.00  1.401e+07
   5410.00  1.382e+07
   5430.00  1.363e+07
   5450.00  1.348e+07
   5470.00  1.330e+07
   5490.00  1.315e+07
   5510.00  1.299e+07
   5530.00  1.284e+07
   5550.00  1.268e+07
   5570.00  1.253e+07
   5590.00  1.237e+07
   5610.00  1.223e+07
   5630.00  1.209e+07
   5650.00  1.188e+07
   5670.00  1.175e+07
   5690.00  1.164e+07
   5710.00  1.151e+07
   5730.00  1.138e+07
   5750.00  1.124e+07
   5770.00  1.111e+07
   5790.00  1.097e+07
   5810.00  1.084e+07
   5830.00  1.072e+07
   5850.00  1.059e+07
   5870.00  1.020e+07
   5890.00  1.031e+07
   5910.00  1.022e+07
   5930.00  1.011e+07
   5950.00  9.953e+06
   5970.00  9.869e+06
   5990.00  9.727e+06
   6010.00  9.654e+06
   6030.00  9.541e+06
   6050.00  9.432e+06
   6070.00  9.323e+06
   6090.00  9.215e+06
   6110.00  9.119e+06
   6130.00  9.014e+06
   6150.00  8.876e+06
   6170.00  8.809e+06
   6190.00  8.715e+06
   6210.00  8.617e+06
   6230.00  8.517e+06
   6250.00  8.400e+06
   6270.00  8.332e+06
   6290.00  8.240e+06
   6310.00  8.144e+06
   6330.00  8.059e+06
   6350.00  7.888e+06
   6370.00  7.830e+06
   6390.00  7.797e+06
   6410.00  7.701e+06
   6430.00  7.634e+06
   6450.00  7.539e+06
   6470.00  7.452e+06
   6490.00  7.355e+06
   6510.00  7.239e+06
   6530.00  7.055e+06
   6550.00  6.381e+06
   6570.00  5.495e+06
   6590.00  6.682e+06
   6610.00  6.846e+06
   6630.00  6.824e+06
   6650.00  6.772e+06
   6670.00  6.664e+06
   6690.00  6.598e+06
   6710.00  6.577e+06
   6730.00  6.511e+06
   6750.00  6.445e+06
   6770.00  6.380e+06
   6790.00  6.308e+06
   6810.00  6.247e+06
   6830.00  6.179e+06
   6850.00  6.120e+06
   6870.00  6.059e+06
   6890.00  5.997e+06
   6910.00  5.937e+06
   6930.00  5.868e+06
   6950.00  5.818e+06
   6970.00  5.762e+06
   6990.00  5.704e+06
   7010.00  5.644e+06
   7030.00  5.589e+06
   7050.00  5.524e+06
   7070.00  5.429e+06
   7090.00  5.427e+06
   7110.00  5.367e+06
   7130.00  5.317e+06
   7150.00  5.265e+06
   7170.00  5.216e+06
   7190.00  5.166e+06
   7210.00  5.116e+06
   7230.00  5.048e+06
   7250.00  5.014e+06
   7270.00  4.970e+06
   7290.00  4.904e+06
   7310.00  4.874e+06
   7330.00  4.827e+06
   7350.00  4.782e+06
   7370.00  4.736e+06
   7390.00  4.691e+06
   7410.00  4.646e+06
   7430.00  4.596e+06
   7450.00  4.557e+06
   7470.00  4.509e+06
   7490.00  4.470e+06
   7510.00  4.430e+06
   7530.00  4.390e+06
   7550.00  4.349e+06
   7570.00  4.309e+06
   7590.00  4.267e+06
   7610.00  4.230e+06
   7630.00  4.191e+06
   7650.00  4.151e+06
   7670.00  4.113e+06
   7690.00  4.075e+06
   7710.00  4.038e+06
   7730.00  4.001e+06
   7750.00  3.965e+06
   7770.00  3.887e+06
   7790.00  3.893e+06
   7810.00  3.858e+06
   7830.00  3.824e+06
   7850.00  3.779e+06
   7870.00  3.744e+06
   7890.00  3.704e+06
   7910.00  3.686e+06
   7930.00  3.655e+06
   7950.00  3.611e+06
   7970.00  3.590e+06
   7990.00  3.540e+06
   8010.00  3.527e+06
   8030.00  3.496e+06
   8050.00  3.464e+06
   8070.00  3.435e+06
   8090.00  3.403e+06
   8110.00  3.374e+06
   8130.00  3.345e+06
   8150.00  3.316e+06
   8170.00  3.288e+06
   8190.00  3.258e+06
   8210.00  3.222e+06
   8230.00  3.191e+06
   8250.00  3.178e+06
   8270.00  3.151e+06
   8290.00  3.123e+06
   8310.00  3.099e+06
   8330.00  3.073e+06
   8350.00  3.045e+06
   8370.00  3.017e+06
   8390.00  2.990e+06
   8410.00  2.964e+06
   8430.00  2.917e+06
   8450.00  2.866e+06
   8470.00  2.855e+06
   8490.00  2.812e+06
   8510.00  2.783e+06
   8530.00  2.766e+06
   8550.00  2.690e+06
   8570.00  2.755e+06
   8590.00  2.642e+06
   8610.00  2.622e+06
   8630.00  2.730e+06
   8650.00  2.621e+06
   8670.00  2.451e+06
   8690.00  2.643e+06
   8710.00  2.703e+06
   8730.00  2.585e+06
   8750.00  2.312e+06
   8770.00  2.485e+06
   8790.00  2.633e+06
   8810.00  2.647e+06
   8830.00  2.572e+06
   8850.00  2.355e+06
   8870.00  2.166e+06
   8890.00  2.445e+06
   8910.00  2.540e+06
   8930.00  2.551e+06
   8950.00  2.538e+06
   8970.00  2.487e+06
   8990.00  2.359e+06
   9010.00  2.046e+06
   9030.00  2.136e+06
   9050.00  2.349e+06
   9070.00  2.394e+06
   9090.00  2.401e+06
   9110.00  2.398e+06
   9130.00  2.380e+06
   9150.00  2.359e+06
   9170.00  2.321e+06
   9190.00  2.255e+06
   9210.00  2.101e+06
   9230.00  1.805e+06
   9250.00  2.034e+06
   9270.00  2.155e+06
   9290.00  2.212e+06
   9310.00  2.213e+06
   9330.00  2.204e+06
   9350.00  2.192e+06
   9370.00  2.177e+06
   9390.00  2.158e+06
   9410.00  2.126e+06
   9430.00  2.124e+06
   9450.00  2.105e+06
   9470.00  2.077e+06
   9490.00  2.046e+06
   9510.00  1.979e+06
   9530.00  1.825e+06
   9550.00  1.596e+06
   9570.00  1.831e+06
   9590.00  1.935e+06
   9610.00  1.958e+06
   9630.00  1.945e+06
   9650.00  1.951e+06
   9670.00  1.936e+06
   9690.00  1.925e+06
   9710.00  1.913e+06
   9730.00  1.900e+06
   9750.00  1.886e+06
   9770.00  1.873e+06
   9790.00  1.858e+06
   9810.00  1.844e+06
   9830.00  1.829e+06
   9850.00  1.816e+06
   9870.00  1.802e+06
   9890.00  1.786e+06
   9910.00  1.770e+06
   9930.00  1.757e+06
   9950.00  1.741e+06
   9970.00  1.722e+06
   9990.00  1.697e+06
  10025.00  1.554e+06
  10075.00  1.488e+06
  10125.00  1.615e+06
  10175.00  1.605e+06
  10225.00  1.581e+06
  10275.00  1.554e+06
  10325.00  1.524e+06
  10375.00  1.499e+06
  10425.00  1.473e+06
  10475.00  1.447e+06
  10525.00  1.421e+06
  10575.00  1.396e+06
  10625.00  1.373e+06
  10675.00  1.344e+06
  10725.00  1.325e+06
  10775.00  1.301e+06
  10825.00  1.266e+06
  10875.00  1.236e+06
  10925.00  1.078e+06
  10975.00  1.140e+06
  11025.00  1.183e+06
  11075.00  1.173e+06
  11125.00  1.157e+06
  11175.00  1.138e+06
  11225.00  1.119e+06
  11275.00  1.096e+06
  11325.00  1.079e+06
  11375.00  1.065e+06
  11425.00  1.048e+06
  11475.00  1.031e+06
  11525.00  1.014e+06
  11575.00  9.982e+05
  11625.00  9.812e+05
  11675.00  9.657e+05
  11725.00  9.512e+05
  11775.00  9.339e+05
  11825.00  9.215e+05
  11875.00  9.068e+05
  11925.00  8.933e+05
  11975.00  8.776e+05
  12025.00  8.658e+05
  12075.00  8.525e+05
  12125.00  8.393e+05
  12175.00  8.266e+05
  12225.00  8.140e+05
  12275.00  8.015e+05
  12325.00  7.894e+05
  12375.00  7.776e+05
  12425.00  7.661e+05
  12475.00  7.537e+05
  12525.00  7.430e+05
  12575.00  7.316e+05
  12625.00  7.212e+05
  12675.00  7.088e+05
  12725.00  6.950e+05
  12775.00  6.648e+05
  12825.00  5.942e+05
  12875.00  6.523e+05
  12925.00  6.566e+05
  12975.00  6.491e+05
  13025.00  6.420e+05
  13075.00  6.328e+05
  13125.00  6.238e+05
  13175.00  6.145e+05
  13225.00  6.063e+05
  13275.00  5.978e+05
  13325.00  5.894e+05
  13375.00  5.812e+05
  13425.00  5.729e+05
  13475.00  5.650e+05
  13525.00  5.572e+05
  13575.00  5.496e+05
  13625.00  5.420e+05
  13675.00  5.345e+05
  13725.00  5.272e+05
  13775.00  5.202e+05
  13825.00  5.132e+05
  13875.00  5.062e+05
  13925.00  4.994e+05
  13975.00  4.927e+05
  14025.00  4.862e+05
  14075.00  4.797e+05
  14125.00  4.733e+05
  14175.00  4.671e+05
  14225.00  4.609e+05
  14275.00  4.549e+05
  14325.00  4.489e+05
  14375.00  4.430e+05
  14425.00  4.369e+05
  14475.00  4.315e+05
  14525.00  4.259e+05
  14570.00  4.211e+05
  14620.00  4.199e+05
  14675.00  4.201e+05
  14725.00  4.144e+05
  14775.00  4.077e+05
  14825.00  4.016e+05
  14875.00  3.951e+05
  14925.00  3.890e+05
  14975.00  3.829e+05
  15025.00  3.773e+05
  15075.00  3.716e+05
  15125.00  3.661e+05
  15175.00  3.611e+05
  15225.00  3.563e+05
  15275.00  3.506e+05
  15325.00  3.454e+05
  15375.00  3.418e+05
  15425.00  3.364e+05
  15475.00  3.331e+05
  15525.00  3.279e+05
  15575.00  3.235e+05
  15625.00  3.223e+05
  15675.00  3.150e+05
  15725.00  3.109e+05
  15775.00  3.121e+05
  15825.00  3.072e+05
  15875.00  2.961e+05
  15925.00  2.982e+05
  15975.00  3.006e+05
  16050.00  2.910e+05
  16150.00  2.796e+05
  16250.00  2.822e+05
  16350.00  2.698e+05
  16450.00  2.590e+05
  16550.00  2.639e+05
  16650.00  2.583e+05
  16750.00  2.453e+05
  16850.00  2.347e+05
  16950.00  2.410e+05
  17050.00  2.365e+05
  17150.00  2.313e+05
  17250.00  2.246e+05
  17350.00  2.060e+05
  17450.00  2.126e+05
  17550.00  2.117e+05
  17650.00  2.077e+05
  17750.00  2.033e+05
  17850.00  1.989e+05
  17950.00  1.946e+05
  18050.00  1.890e+05
  18150.00  1.737e+05
  18250.00  1.776e+05
  18350.00  1.783e+05
  18450.00  1.753e+05
  18550.00  1.714e+05
  18650.00  1.664e+05
  18750.00  1.527e+05
  18850.00  1.597e+05
  18950.00  1.580e+05
  19050.00  1.549e+05
  19150.00  1.520e+05
  19250.00  1.486e+05
  19350.00  1.440e+05
  19450.00  1.320e+05
  19550.00  1.384e+05
  19650.00  1.374e+05
  19750.00  1.350e+05
  19850.00  1.324e+05
  19950.00  1.299e+05
  20050.00  1.274e+05
  20150.00  1.250e+05
  20250.00  1.227e+05
  20350.00  1.204e+05
  20450.00  1.181e+05
  20550.00  1.158e+05
  20650.00  1.138e+05
  20750.00  1.117e+05
  20850.00  1.096e+05
  20950.00  1.076e+05
  21050.00  1.057e+05
  21150.00  1.037e+05
  21250.00  1.019e+05
  21350.00  1.000e+05
  21450.00  9.804e+04
  21550.00  9.537e+04
  21650.00  8.765e+04
  21750.00  9.143e+04
  21850.00  9.121e+04
  21950.00  8.991e+04
  22050.00  8.837e+04
  22150.00  8.684e+04
  22250.00  8.534e+04
  22350.00  8.388e+04
  22450.00  8.245e+04
  22550.00  8.105e+04
  22650.00  7.968e+04
  22750.00  7.833e+04
  22850.00  7.716e+04
  22950.00  7.639e+04
  23050.00  7.511e+04
  23150.00  7.386e+04
  23250.00  7.264e+04
  23350.00  7.127e+04
  23450.00  7.003e+04
  23550.00  6.882e+04
  23650.00  6.765e+04
  23750.00  6.649e+04
  23850.00  6.538e+04
  23950.00  6.431e+04
  24050.00  6.320e+04
  24150.00  6.215e+04
  24250.00  6.113e+04
  24350.00  6.020e+04
  24450.00  5.914e+04
  24550.00  5.824e+04
  24650.00  5.724e+04
  24750.00  5.642e+04
  24850.00  5.557e+04
  24950.00  5.463e+04
  25050.00  5.422e+04
  25150.00  5.315e+04
  25250.00  5.197e+04
  25350.00  5.141e+04
  25450.00  5.078e+04
  25550.00  4.978e+04
  25650.00  4.867e+04
  25750.00  4.839e+04
  25850.00  4.788e+04
  25950.00  4.709e+04
  26050.00  4.591e+04
  26150.00  4.452e+04
  26250.00  4.185e+04
  26350.00  4.373e+04
  26450.00  4.375e+04
  26550.00  4.314e+04
  26650.00  4.219e+04
  26750.00  4.080e+04
  26850.00  4.099e+04
  26950.00  4.078e+04
  27050.00  4.031e+04
  27150.00  3.980e+04
  27250.00  3.920e+04
  27350.00  3.855e+04
  27450.00  3.775e+04
  27550.00  3.622e+04
  27650.00  3.620e+04
  27750.00  3.633e+04
  27850.00  3.598e+04
  27950.00  3.555e+04
  28050.00  3.506e+04
  28150.00  3.457e+04
  28250.00  3.410e+04
  28350.00  3.363e+04
  28450.00  3.312e+04
  28550.00  3.253e+04
  28650.00  3.156e+04
  28750.00  3.032e+04
  28850.00  3.103e+04
  28950.00  3.088e+04
  29050.00  3.058e+04
  29150.00  3.018e+04
  29250.00  2.978e+04
  29350.00  2.939e+04
  29450.00  2.900e+04
  29550.00  2.862e+04
  29650.00  2.825e+04
  29750.00  2.788e+04
  29850.00  2.752e+04
  29950.00  2.716e+04
  30050.00  2.681e+04
  30150.00  2.638e+04
  30250.00  2.586e+04
  30350.00  2.458e+04
  30450.00  2.457e+04
  30550.00  2.494e+04
  30650.00  2.476e+04
  30750.00  2.450e+04
  30850.00  2.419e+04
  30950.00  2.389e+04
  31050.00  2.359e+04
  31150.00  2.330e+04
  31250.00  2.301e+04
  31350.00  2.273e+04
  31450.00  2.244e+04
  31550.00  2.217e+04
  31650.00  2.190e+04
  31750.00  2.163e+04
  31850.00  2.136e+04
  31950.00  2.110e+04
  32100.00  2.072e+04
  32300.00  2.023e+04
  32500.00  1.974e+04
  32700.00  1.921e+04
  32900.00  1.803e+04
  33100.00  1.813e+04
  33300.00  1.800e+04
  33500.00  1.760e+04
  33700.00  1.720e+04
  33900.00  1.680e+04
  34100.00  1.642e+04
  34300.00  1.603e+04
  34500.00  1.565e+04
  34700.00  1.530e+04
  34900.00  1.495e+04
  35100.00  1.462e+04
  35300.00  1.429e+04
  35500.00  1.397e+04
  35700.00  1.366e+04
  35900.00  1.337e+04
  36100.00  1.308e+04
  36300.00  1.279e+04
  36500.00  1.252e+04
  36700.00  1.225e+04
  36900.00  1.198e+04
  37100.00  1.172e+04
  37300.00  1.123e+04
  37500.00  1.090e+04
  37700.00  1.101e+04
  37900.00  1.081e+04
  38100.00  1.055e+04
  38300.00  1.035e+04
  38500.00  1.018e+04
  38700.00  9.975e+03
  38900.00  9.743e+03
  39100.00  9.500e+03
  39300.00  9.378e+03
  39500.00  9.224e+03
  39700.00  9.046e+03
  39900.00  8.868e+03
  40100.00  8.604e+03
  40300.00  8.408e+03
  40500.00  8.012e+03
  40700.00  8.153e+03
  40900.00  8.045e+03
  41100.00  7.894e+03
  41300.00  7.737e+03
  41500.00  7.554e+03
  41700.00  7.311e+03
  41900.00  7.271e+03
  42100.00  7.175e+03
  42300.00  7.049e+03
  42500.00  6.919e+03
  42700.00  6.793e+03
  42900.00  6.668e+03
  43100.00  6.548e+03
  43300.00  6.430e+03
  43500.00  6.287e+03
  43700.00  6.060e+03
  43900.00  6.016e+03
  44100.00  5.971e+03
  44300.00  5.877e+03
  44500.00  5.774e+03
  44700.00  5.683e+03
  44900.00  5.584e+03
  45100.00  5.487e+03
  45300.00  5.392e+03
  45500.00  5.300e+03
  45700.00  5.209e+03
  45900.00  5.120e+03
  46100.00  5.026e+03
  46300.00  4.913e+03
  46500.00  4.622e+03
  46700.00  4.601e+03
  46900.00  4.648e+03
  47100.00  4.612e+03
  47300.00  4.548e+03
  47500.00  4.472e+03
  47700.00  4.399e+03
  47900.00  4.327e+03
  48100.00  4.257e+03
  48300.00  4.188e+03
  48500.00  4.120e+03
  48700.00  4.054e+03
  48900.00  3.989e+03
  49100.00  3.925e+03
  49300.00  3.862e+03
  49500.00  3.801e+03
  49700.00  3.741e+03
  49900.00  3.682e+03
  50100.00  3.625e+03
  50300.00  3.568e+03
  50500.00  3.513e+03
  50700.00  3.458e+03
  50900.00  3.398e+03
  51100.00  3.316e+03
  51300.00  3.166e+03
  51500.00  3.224e+03
  51700.00  3.198e+03
  51900.00  3.153e+03
  52100.00  3.105e+03
  52300.00  3.059e+03
  52500.00  3.013e+03
  52700.00  2.968e+03
  52900.00  2.924e+03
  53100.00  2.881e+03
  53300.00  2.838e+03
  53500.00  2.797e+03
  53700.00  2.756e+03
  53900.00  2.715e+03
  54100.00  2.676e+03
  54300.00  2.637e+03
  54500.00  2.599e+03
  54700.00  2.562e+03
  54900.00  2.525e+03
  55100.00  2.489e+03
  55300.00  2.454e+03
  55500.00  2.419e+03
  55700.00  2.385e+03
  55900.00  2.351e+03
  56100.00  2.318e+03
  56300.00  2.286e+03
  56500.00  2.254e+03
  56700.00  2.222e+03
  56900.00  2.192e+03
  57100.00  2.162e+03
  57300.00  2.132e+03
  57500.00  2.103e+03
  57700.00  2.074e+03
  57900.00  2.046e+03
  58100.00  2.018e+03
  58300.00  1.991e+03
  58500.00  1.966e+03
  58700.00  1.934e+03
  58900.00  1.889e+03
  59100.00  1.797e+03
  59300.00  1.846e+03
  59500.00  1.835e+03
  59700.00  1.814e+03
  59900.00  1.790e+03
  60100.00  1.767e+03
  60300.00  1.744e+03
  60500.00  1.721e+03
  60700.00  1.699e+03
  60900.00  1.677e+03
  61100.00  1.655e+03
  61300.00  1.634e+03
  61500.00  1.613e+03
  61700.00  1.592e+03
  61900.00  1.572e+03
  62100.00  1.552e+03
  62300.00  1.532e+03
  62500.00  1.513e+03
  62700.00  1.494e+03
  62900.00  1.475e+03
  63100.00  1.457e+03
  63300.00  1.438e+03
  63500.00  1.421e+03
  63700.00  1.403e+03
  63900.00  1.386e+03
  64200.00  1.360e+03
  64600.00  1.327e+03
  65000.00  1.295e+03
  65400.00  1.264e+03
  65800.00  1.234e+03
  66200.00  1.204e+03
  66600.00  1.176e+03
  67000.00  1.148e+03
  67400.00  1.121e+03
  67800.00  1.095e+03
  68200.00  1.070e+03
  68600.00  1.046e+03
  69000.00  1.022e+03
  69400.00  9.985e+02
  69800.00  9.760e+02
  70200.00  9.541e+02
  70600.00  9.328e+02
  71000.00  9.122e+02
  71400.00  8.920e+02
  71800.00  8.724e+02
  72200.00  8.534e+02
  72600.00  8.349e+02
  73000.00  8.168e+02
  73400.00  7.993e+02
  73800.00  7.822e+02
  74200.00  7.629e+02
  74600.00  7.225e+02
  75000.00  7.067e+02
  75400.00  7.148e+02
  75800.00  7.034e+02
  76200.00  6.888e+02
  76600.00  6.746e+02
  77000.00  6.608e+02
  77400.00  6.473e+02
  77800.00  6.342e+02
  78200.00  6.214e+02
  78600.00  6.090e+02
  79000.00  5.968e+02
  79400.00  5.850e+02
  79800.00  5.734e+02
  80200.00  5.621e+02
  80600.00  5.511e+02
  81000.00  5.403e+02
  81400.00  5.299e+02
  81800.00  5.196e+02
  82200.00  5.096e+02
  82600.00  4.999e+02
  83000.00  4.904e+02
  83400.00  4.811e+02
  83800.00  4.720e+02
  84200.00  4.632e+02
  84600.00  4.545e+02
  85000.00  4.461e+02
  85400.00  4.378e+02
  85800.00  4.297e+02
  86200.00  4.219e+02
  86600.00  4.141e+02
  87000.00  4.066e+02
  87400.00  3.993e+02
  87800.00  3.921e+02
  88200.00  3.850e+02
  88600.00  3.782e+02
  89000.00  3.714e+02
  89400.00  3.649e+02
  89800.00  3.584e+02
  90200.00  3.521e+02
  90600.00  3.460e+02
  91000.00  3.400e+02
  91400.00  3.341e+02
  91800.00  3.283e+02
  92200.00  3.227e+02
  92600.00  3.172e+02
  93000.00  3.118e+02
  93400.00  3.065e+02
  93800.00  3.013e+02
  94200.00  2.962e+02
  94600.00  2.913e+02
  95000.00  2.864e+02
  95400.00  2.817e+02
  95800.00  2.770e+02
  96200.00  2.724e+02
  96600.00  2.680e+02
  97000.00  2.636e+02
  97400.00  2.593e+02
  97800.00  2.551e+02
  98200.00  2.510e+02
  98600.00  2.469e+02
  99000.00  2.430e+02
  99400.00  2.391e+02
  99800.00  2.353e+02
 100200.00  2.316e+02
 200000.00  1.454e+01
 400000.00  8.935e-01
 600000.00  1.741e-01
 800000.00  5.454e-02
