     90.90  0.000e+00
     93.50  0.000e+00
     96.10  0.000e+00
     97.70  0.000e+00
     99.60  0.000e+00
    102.00  0.000e+00
    103.80  0.000e+00
    105.60  0.000e+00
    107.70  0.000e+00
    110.40  0.000e+00
    114.00  0.000e+00
    117.80  0.000e+00
    121.30  0.000e+00
    124.80  0.000e+00
    127.10  0.000e+00
    128.40  0.000e+00
    130.50  0.000e+00
    132.40  0.000e+00
    133.90  0.000e+00
    136.60  0.000e+00
    139.80  0.000e+00
    143.30  0.000e+00
    147.20  0.000e+00
    151.00  0.000e+00
    155.20  0.000e+00
    158.80  0.000e+00
    162.00  0.000e+00
    166.00  0.000e+00
    170.30  0.000e+00
    173.40  0.000e+00
    176.80  0.000e+00
    180.20  0.000e+00
    181.70  0.000e+00
    186.10  0.000e+00
    191.00  0.000e+00
    193.90  0.000e+00
    198.40  0.000e+00
    201.80  0.000e+00
    205.00  0.000e+00
    210.50  0.000e+00
    216.20  0.000e+00
    219.80  0.000e+00
    223.00  0.000e+00
    226.80  0.000e+00
    230.00  0.000e+00
    234.00  0.000e+00
    240.00  0.000e+00
    246.50  0.000e+00
    252.40  0.000e+00
    256.80  0.000e+00
    260.00  0.000e+00
    264.00  0.000e+00
    268.50  0.000e+00
    273.50  0.000e+00
    278.50  0.000e+00
    284.00  0.000e+00
    290.00  0.000e+00
    296.00  0.000e+00
    301.00  0.000e+00
    308.00  0.000e+00
    318.00  0.000e+00
    328.00  0.000e+00
    338.00  0.000e+00
    348.00  0.000e+00
    357.00  0.000e+00
    366.00  0.000e+00
    375.00  0.000e+00
    385.00  0.000e+00
    395.00  0.000e+00
    405.00  0.000e+00
    414.00  0.000e+00
    422.00  0.000e+00
    430.00  0.000e+00
    441.00  0.000e+00
    451.00  0.000e+00
    460.00  0.000e+00
    470.00  0.000e+00
    480.00  0.000e+00
    490.00  0.000e+00
    500.00  0.000e+00
    506.00  1.948e-07
    512.00  3.389e-07
    520.00  5.957e-07
    530.00  1.184e-06
    540.00  2.261e-06
    550.00  4.283e-06
    560.00  7.874e-06
    570.00  1.416e-05
    580.00  2.479e-05
    590.00  4.314e-05
    600.00  7.322e-05
    610.00  1.223e-04
    620.00  2.007e-04
    630.00  3.243e-04
    640.00  5.159e-04
    650.00  8.108e-04
    658.00  1.152e-03
    665.00  1.554e-03
    675.00  2.360e-03
    685.00  3.544e-03
    695.00  5.258e-03
    705.00  7.700e-03
    716.00  1.160e-02
    726.00  1.665e-02
    735.00  2.284e-02
    745.00  3.216e-02
    755.00  4.488e-02
    765.00  6.208e-02
    775.00  8.513e-02
    785.00  1.158e-01
    795.00  1.559e-01
    805.00  2.090e-01
    815.00  2.781e-01
    825.00  3.670e-01
    835.00  4.803e-01
    845.00  6.262e-01
    855.00  8.101e-01
    865.00  1.041e+00
    875.00  1.330e+00
    885.00  1.690e+00
    895.00  2.135e+00
    905.00  2.678e+00
    915.00  8.194e+01
    925.00  5.035e+02
    935.00  8.287e+02
    945.00  1.396e+03
    955.00  2.138e+03
    965.00  2.809e+03
    975.00  2.339e+03
    985.00  4.014e+03
    995.00  4.367e+03
   1005.00  5.488e+03
   1015.00  6.136e+03
   1025.00  4.001e+03
   1035.00  7.633e+03
   1045.00  9.783e+03
   1055.00  1.165e+04
   1065.00  1.233e+04
   1075.00  1.448e+04
   1085.00  1.586e+04
   1095.00  1.667e+04
   1105.00  7.403e+05
   1115.00  1.671e+06
   1125.00  2.079e+06
   1135.00  2.458e+06
   1145.00  2.081e+06
   1155.00  2.352e+06
   1165.00  2.392e+06
   1175.00  1.696e+06
   1185.00  8.612e+05
   1195.00  5.299e+04
   1205.00  4.430e+04
   1215.00  1.216e+04
   1225.00  4.573e+04
   1235.00  2.274e+05
   1245.00  1.970e+06
   1255.00  3.940e+06
   1265.00  2.546e+06
   1275.00  8.908e+06
   1285.00  1.237e+07
   1295.00  1.177e+07
   1305.00  7.991e+06
   1315.00  1.316e+07
   1325.00  1.454e+07
   1335.00  1.267e+07
   1345.00  1.661e+07
   1355.00  1.563e+07
   1365.00  1.360e+07
   1375.00  1.599e+07
   1385.00  1.604e+07
   1395.00  1.706e+07
   1405.00  1.681e+07
   1415.00  1.513e+07
   1425.00  1.663e+07
   1435.00  1.491e+07
   1442.00  1.674e+07
   1447.00  1.848e+07
   1455.00  1.779e+07
   1465.00  1.586e+07
   1475.00  1.504e+07
   1485.00  1.631e+07
   1495.00  1.754e+07
   1505.00  1.762e+07
   1512.00  1.552e+07
   1517.00  1.726e+07
   1525.00  1.427e+07
   1535.00  1.233e+07
   1545.00  1.647e+07
   1555.00  1.445e+07
   1565.00  1.328e+07
   1575.00  1.428e+07
   1585.00  1.569e+07
   1595.00  1.660e+07
   1605.00  1.544e+07
   1615.00  1.538e+07
   1625.00  1.383e+07
   1635.00  1.463e+07
   1645.00  1.522e+07
   1655.00  1.278e+07
   1665.00  1.485e+07
   1672.00  1.076e+07
   1677.00  1.405e+07
   1685.00  1.576e+07
   1695.00  1.451e+07
   1705.00  1.359e+07
   1715.00  1.317e+07
   1725.00  1.296e+07
   1735.00  1.380e+07
   1745.00  1.357e+07
   1755.00  1.506e+07
   1765.00  1.275e+07
   1775.00  1.422e+07
   1785.00  1.406e+07
   1795.00  1.549e+07
   1805.00  1.475e+07
   1815.00  1.441e+07
   1825.00  1.396e+07
   1835.00  1.340e+07
   1845.00  1.226e+07
   1855.00  1.297e+07
   1865.00  1.300e+07
   1875.00  1.377e+07
   1885.00  1.337e+07
   1895.00  1.324e+07
   1905.00  1.275e+07
   1915.00  1.315e+07
   1925.00  1.323e+07
   1935.00  1.302e+07
   1945.00  1.350e+07
   1955.00  1.319e+07
   1967.00  1.380e+07
   1976.00  1.374e+07
   1984.00  1.323e+07
   1995.00  1.270e+07
   2005.00  1.271e+07
   2015.00  1.205e+07
   2025.00  1.231e+07
   2035.00  1.231e+07
   2045.00  1.277e+07
   2055.00  1.217e+07
   2065.00  1.195e+07
   2074.00  1.252e+07
   2078.00  1.270e+07
   2085.00  1.260e+07
   2095.00  1.207e+07
   2105.00  1.175e+07
   2115.00  1.173e+07
   2125.00  1.189e+07
   2135.00  1.029e+07
   2145.00  1.132e+07
   2155.00  1.152e+07
   2165.00  1.089e+07
   2175.00  1.068e+07
   2185.00  1.062e+07
   2195.00  1.129e+07
   2205.00  1.074e+07
   2215.00  9.911e+06
   2225.00  9.607e+06
   2235.00  1.063e+07
   2245.00  9.548e+06
   2255.00  9.355e+06
   2265.00  9.471e+06
   2275.00  9.958e+06
   2285.00  1.025e+07
   2295.00  9.674e+06
   2305.00  9.397e+06
   2315.00  8.954e+06
   2325.00  7.197e+06
   2335.00  8.406e+06
   2345.00  7.829e+06
   2355.00  8.832e+06
   2365.00  7.794e+06
   2375.00  8.219e+06
   2385.00  7.283e+06
   2395.00  8.056e+06
   2405.00  7.603e+06
   2415.00  7.827e+06
   2425.00  8.324e+06
   2435.00  7.894e+06
   2445.00  8.503e+06
   2455.00  8.127e+06
   2465.00  8.134e+06
   2475.00  7.768e+06
   2485.00  8.241e+06
   2495.00  7.926e+06
   2505.00  8.726e+06
   2513.00  7.817e+06
   2518.00  7.958e+06
   2525.00  7.435e+06
   2535.00  7.366e+06
   2545.00  7.351e+06
   2555.00  7.870e+06
   2565.00  7.780e+06
   2575.00  8.303e+06
   2585.00  8.235e+06
   2595.00  8.043e+06
   2605.00  7.705e+06
   2615.00  7.656e+06
   2625.00  8.074e+06
   2635.00  8.060e+06
   2645.00  8.837e+06
   2655.00  8.681e+06
   2665.00  8.034e+06
   2675.00  8.355e+06
   2685.00  8.260e+06
   2695.00  7.946e+06
   2705.00  8.137e+06
   2715.00  7.741e+06
   2725.00  7.804e+06
   2735.00  8.328e+06
   2745.00  7.166e+06
   2755.00  7.196e+06
   2765.00  7.446e+06
   2775.00  7.843e+06
   2785.00  7.599e+06
   2795.00  5.251e+06
   2805.00  5.966e+06
   2815.00  7.886e+06
   2825.00  8.034e+06
   2835.00  7.717e+06
   2845.00  7.445e+06
   2855.00  7.324e+06
   2865.00  7.703e+06
   2875.00  7.468e+06
   2885.00  7.606e+06
   2895.00  7.377e+06
   2910.00  7.984e+06
   2930.00  7.666e+06
   2950.00  7.631e+06
   2970.00  7.647e+06
   2990.00  7.661e+06
   3010.00  7.764e+06
   3030.00  7.638e+06
   3050.00  7.546e+06
   3070.00  7.433e+06
   3090.00  7.488e+06
   3110.00  7.298e+06
   3130.00  7.252e+06
   3150.00  7.271e+06
   3170.00  7.182e+06
   3190.00  6.936e+06
   3210.00  7.041e+06
   3230.00  6.910e+06
   3250.00  6.906e+06
   3270.00  6.902e+06
   3290.00  6.889e+06
   3310.00  6.878e+06
   3330.00  6.745e+06
   3350.00  6.640e+06
   3370.00  6.618e+06
   3390.00  6.521e+06
   3410.00  6.577e+06
   3430.00  6.519e+06
   3450.00  6.471e+06
   3470.00  6.374e+06
   3490.00  6.325e+06
   3510.00  6.334e+06
   3530.00  6.314e+06
   3550.00  6.273e+06
   3570.00  6.180e+06
   3590.00  6.131e+06
   3610.00  6.082e+06
   3630.00  6.035e+06
   3640.00  6.014e+06
   3650.00  6.130e+06
   3670.00  5.928e+06
   3690.00  5.393e+06
   3710.00  5.962e+06
   3730.00  6.238e+06
   3750.00  7.973e+06
   3770.00  8.325e+06
   3790.00  1.031e+07
   3810.00  1.195e+07
   3830.00  9.402e+06
   3850.00  1.296e+07
   3870.00  1.449e+07
   3890.00  8.155e+06
   3910.00  1.426e+07
   3930.00  1.413e+07
   3950.00  1.409e+07
   3970.00  7.702e+06
   3990.00  1.347e+07
   4010.00  1.447e+07
   4030.00  1.432e+07
   4050.00  1.419e+07
   4070.00  1.361e+07
   4090.00  1.087e+07
   4110.00  8.287e+06
   4130.00  1.275e+07
   4150.00  1.321e+07
   4170.00  1.305e+07
   4190.00  1.291e+07
   4210.00  1.273e+07
   4230.00  1.252e+07
   4250.00  1.232e+07
   4270.00  1.206e+07
   4290.00  1.195e+07
   4310.00  1.138e+07
   4330.00  8.722e+06
   4350.00  7.411e+06
   4370.00  1.096e+07
   4390.00  1.102e+07
   4410.00  1.101e+07
   4430.00  1.087e+07
   4450.00  1.082e+07
   4470.00  1.064e+07
   4490.00  1.039e+07
   4510.00  1.035e+07
   4530.00  1.019e+07
   4550.00  9.951e+06
   4570.00  9.975e+06
   4590.00  9.773e+06
   4610.00  9.776e+06
   4630.00  9.523e+06
   4650.00  9.513e+06
   4670.00  9.366e+06
   4690.00  9.230e+06
   4710.00  8.944e+06
   4730.00  9.013e+06
   4750.00  8.888e+06
   4770.00  8.778e+06
   4790.00  8.648e+06
   4810.00  8.466e+06
   4830.00  8.145e+06
   4850.00  6.436e+06
   4870.00  5.210e+06
   4890.00  7.706e+06
   4910.00  7.931e+06
   4930.00  7.835e+06
   4950.00  7.809e+06
   4970.00  7.746e+06
   4990.00  7.633e+06
   5010.00  7.453e+06
   5030.00  7.418e+06
   5050.00  7.265e+06
   5070.00  7.261e+06
   5090.00  7.175e+06
   5110.00  7.075e+06
   5130.00  7.005e+06
   5150.00  6.890e+06
   5170.00  6.761e+06
   5190.00  6.694e+06
   5210.00  6.652e+06
   5230.00  6.533e+06
   5250.00  6.511e+06
   5270.00  6.370e+06
   5290.00  6.368e+06
   5310.00  6.247e+06
   5330.00  6.196e+06
   5350.00  6.157e+06
   5370.00  6.074e+06
   5390.00  6.004e+06
   5410.00  5.918e+06
   5430.00  5.861e+06
   5450.00  5.810e+06
   5470.00  5.740e+06
   5490.00  5.676e+06
   5510.00  5.613e+06
   5530.00  5.549e+06
   5550.00  5.492e+06
   5570.00  5.428e+06
   5590.00  5.372e+06
   5610.00  5.319e+06
   5630.00  5.259e+06
   5650.00  5.193e+06
   5670.00  5.137e+06
   5690.00  5.085e+06
   5710.00  5.031e+06
   5730.00  4.977e+06
   5750.00  4.920e+06
   5770.00  4.868e+06
   5790.00  4.810e+06
   5810.00  4.761e+06
   5830.00  4.711e+06
   5850.00  4.661e+06
   5870.00  4.598e+06
   5890.00  4.539e+06
   5910.00  4.512e+06
   5930.00  4.466e+06
   5950.00  4.406e+06
   5970.00  4.367e+06
   5990.00  4.312e+06
   6010.00  4.276e+06
   6030.00  4.234e+06
   6050.00  4.188e+06
   6070.00  4.145e+06
   6090.00  4.103e+06
   6110.00  4.060e+06
   6130.00  4.017e+06
   6150.00  3.937e+06
   6170.00  3.934e+06
   6190.00  3.897e+06
   6210.00  3.857e+06
   6230.00  3.815e+06
   6250.00  3.755e+06
   6270.00  3.740e+06
   6290.00  3.703e+06
   6310.00  3.660e+06
   6330.00  3.627e+06
   6350.00  3.551e+06
   6370.00  3.528e+06
   6390.00  3.517e+06
   6410.00  3.479e+06
   6430.00  3.448e+06
   6450.00  3.394e+06
   6470.00  3.374e+06
   6490.00  3.327e+06
   6510.00  3.281e+06
   6530.00  3.189e+06
   6550.00  2.783e+06
   6570.00  2.251e+06
   6590.00  3.018e+06
   6610.00  3.113e+06
   6630.00  3.108e+06
   6650.00  3.087e+06
   6670.00  3.062e+06
   6690.00  3.035e+06
   6710.00  3.009e+06
   6730.00  2.976e+06
   6750.00  2.951e+06
   6770.00  2.925e+06
   6790.00  2.896e+06
   6810.00  2.869e+06
   6830.00  2.841e+06
   6850.00  2.814e+06
   6870.00  2.789e+06
   6890.00  2.763e+06
   6910.00  2.737e+06
   6930.00  2.710e+06
   6950.00  2.686e+06
   6970.00  2.661e+06
   6990.00  2.638e+06
   7010.00  2.608e+06
   7030.00  2.589e+06
   7050.00  2.563e+06
   7070.00  2.541e+06
   7090.00  2.519e+06
   7110.00  2.487e+06
   7130.00  2.471e+06
   7150.00  2.448e+06
   7170.00  2.428e+06
   7190.00  2.407e+06
   7210.00  2.385e+06
   7230.00  2.362e+06
   7250.00  2.340e+06
   7270.00  2.322e+06
   7290.00  2.301e+06
   7310.00  2.279e+06
   7330.00  2.261e+06
   7350.00  2.241e+06
   7370.00  2.222e+06
   7390.00  2.202e+06
   7410.00  2.178e+06
   7430.00  2.156e+06
   7450.00  2.140e+06
   7470.00  2.118e+06
   7490.00  2.104e+06
   7510.00  2.086e+06
   7530.00  2.071e+06
   7550.00  2.053e+06
   7570.00  2.035e+06
   7590.00  2.018e+06
   7610.00  2.001e+06
   7630.00  1.983e+06
   7650.00  1.966e+06
   7670.00  1.949e+06
   7690.00  1.933e+06
   7710.00  1.915e+06
   7730.00  1.901e+06
   7750.00  1.885e+06
   7770.00  1.834e+06
   7790.00  1.853e+06
   7810.00  1.838e+06
   7830.00  1.822e+06
   7850.00  1.805e+06
   7870.00  1.784e+06
   7890.00  1.767e+06
   7910.00  1.760e+06
   7930.00  1.748e+06
   7950.00  1.725e+06
   7970.00  1.720e+06
   7990.00  1.687e+06
   8010.00  1.691e+06
   8030.00  1.677e+06
   8050.00  1.664e+06
   8070.00  1.650e+06
   8090.00  1.637e+06
   8110.00  1.623e+06
   8130.00  1.611e+06
   8150.00  1.598e+06
   8170.00  1.585e+06
   8190.00  1.567e+06
   8210.00  1.562e+06
   8230.00  1.548e+06
   8250.00  1.543e+06
   8270.00  1.537e+06
   8290.00  1.523e+06
   8310.00  1.512e+06
   8330.00  1.490e+06
   8350.00  1.475e+06
   8370.00  1.451e+06
   8390.00  1.422e+06
   8410.00  1.398e+06
   8430.00  1.378e+06
   8450.00  1.363e+06
   8470.00  1.321e+06
   8490.00  1.375e+06
   8510.00  1.285e+06
   8530.00  1.394e+06
   8550.00  1.213e+06
   8570.00  1.430e+06
   8590.00  1.281e+06
   8610.00  1.247e+06
   8630.00  1.452e+06
   8650.00  1.352e+06
   8670.00  1.109e+06
   8690.00  1.388e+06
   8710.00  1.458e+06
   8730.00  1.371e+06
   8750.00  1.068e+06
   8770.00  1.292e+06
   8790.00  1.426e+06
   8810.00  1.435e+06
   8830.00  1.390e+06
   8850.00  1.217e+06
   8870.00  1.027e+06
   8890.00  1.312e+06
   8910.00  1.376e+06
   8930.00  1.381e+06
   8950.00  1.379e+06
   8970.00  1.353e+06
   8990.00  1.278e+06
   9010.00  1.003e+06
   9030.00  1.096e+06
   9050.00  1.277e+06
   9070.00  1.295e+06
   9090.00  1.289e+06
   9110.00  1.298e+06
   9130.00  1.292e+06
   9150.00  1.284e+06
   9170.00  1.265e+06
   9190.00  1.229e+06
   9210.00  1.130e+06
   9230.00  8.728e+05
   9250.00  1.082e+06
   9270.00  1.164e+06
   9290.00  1.208e+06
   9310.00  1.208e+06
   9330.00  1.201e+06
   9350.00  1.195e+06
   9370.00  1.187e+06
   9390.00  1.172e+06
   9410.00  1.154e+06
   9430.00  1.158e+06
   9450.00  1.149e+06
   9470.00  1.137e+06
   9490.00  1.121e+06
   9510.00  1.088e+06
   9530.00  9.815e+05
   9550.00  7.863e+05
   9570.00  9.917e+05
   9590.00  1.063e+06
   9610.00  1.072e+06
   9630.00  1.061e+06
   9650.00  1.068e+06
   9670.00  1.056e+06
   9690.00  1.055e+06
   9710.00  1.049e+06
   9730.00  1.041e+06
   9750.00  1.033e+06
   9770.00  1.027e+06
   9790.00  1.019e+06
   9810.00  1.011e+06
   9830.00  1.002e+06
   9850.00  9.954e+05
   9870.00  9.882e+05
   9890.00  9.770e+05
   9910.00  9.741e+05
   9930.00  9.649e+05
   9950.00  9.578e+05
   9970.00  9.490e+05
   9990.00  9.364e+05
  10025.00  8.433e+05
  10075.00  7.998e+05
  10125.00  8.904e+05
  10175.00  8.859e+05
  10225.00  8.734e+05
  10275.00  8.584e+05
  10325.00  8.432e+05
  10375.00  8.290e+05
  10425.00  8.153e+05
  10475.00  7.999e+05
  10525.00  7.861e+05
  10575.00  7.739e+05
  10625.00  7.617e+05
  10675.00  7.424e+05
  10725.00  7.338e+05
  10775.00  7.232e+05
  10825.00  7.092e+05
  10875.00  6.896e+05
  10925.00  5.796e+05
  10975.00  6.320e+05
  11025.00  6.624e+05
  11075.00  6.558e+05
  11125.00  6.466e+05
  11175.00  6.363e+05
  11225.00  6.263e+05
  11275.00  6.105e+05
  11325.00  6.016e+05
  11375.00  5.968e+05
  11425.00  5.873e+05
  11475.00  5.787e+05
  11525.00  5.699e+05
  11575.00  5.610e+05
  11625.00  5.507e+05
  11675.00  5.413e+05
  11725.00  5.357e+05
  11775.00  5.235e+05
  11825.00  5.183e+05
  11875.00  5.098e+05
  11925.00  5.042e+05
  11975.00  4.955e+05
  12025.00  4.890e+05
  12075.00  4.813e+05
  12125.00  4.744e+05
  12175.00  4.676e+05
  12225.00  4.607e+05
  12275.00  4.536e+05
  12325.00  4.472e+05
  12375.00  4.408e+05
  12425.00  4.348e+05
  12475.00  4.272e+05
  12525.00  4.222e+05
  12575.00  4.151e+05
  12625.00  4.097e+05
  12675.00  4.036e+05
  12725.00  3.961e+05
  12775.00  3.790e+05
  12825.00  3.262e+05
  12875.00  3.722e+05
  12925.00  3.749e+05
  12975.00  3.712e+05
  13025.00  3.666e+05
  13075.00  3.615e+05
  13125.00  3.565e+05
  13175.00  3.508e+05
  13225.00  3.469e+05
  13275.00  3.422e+05
  13325.00  3.375e+05
  13375.00  3.330e+05
  13425.00  3.284e+05
  13475.00  3.239e+05
  13525.00  3.193e+05
  13575.00  3.152e+05
  13625.00  3.111e+05
  13675.00  3.068e+05
  13725.00  3.026e+05
  13775.00  2.991e+05
  13825.00  2.952e+05
  13875.00  2.914e+05
  13925.00  2.874e+05
  13975.00  2.838e+05
  14025.00  2.802e+05
  14075.00  2.766e+05
  14125.00  2.730e+05
  14175.00  2.695e+05
  14225.00  2.661e+05
  14275.00  2.627e+05
  14325.00  2.594e+05
  14375.00  2.561e+05
  14425.00  2.517e+05
  14475.00  2.497e+05
  14525.00  2.459e+05
  14570.00  2.438e+05
  14620.00  2.464e+05
  14675.00  2.500e+05
  14725.00  2.453e+05
  14775.00  2.396e+05
  14825.00  2.350e+05
  14875.00  2.299e+05
  14925.00  2.261e+05
  14975.00  2.217e+05
  15025.00  2.182e+05
  15075.00  2.139e+05
  15125.00  2.103e+05
  15175.00  2.072e+05
  15225.00  2.048e+05
  15275.00  2.015e+05
  15325.00  1.985e+05
  15375.00  1.980e+05
  15425.00  1.925e+05
  15475.00  1.937e+05
  15525.00  1.911e+05
  15575.00  1.838e+05
  15625.00  1.916e+05
  15675.00  1.823e+05
  15725.00  1.768e+05
  15775.00  1.865e+05
  15825.00  1.832e+05
  15875.00  1.656e+05
  15925.00  1.752e+05
  15975.00  1.806e+05
  16050.00  1.731e+05
  16150.00  1.622e+05
  16250.00  1.701e+05
  16350.00  1.609e+05
  16450.00  1.511e+05
  16550.00  1.593e+05
  16650.00  1.559e+05
  16750.00  1.468e+05
  16850.00  1.377e+05
  16950.00  1.457e+05
  17050.00  1.431e+05
  17150.00  1.400e+05
  17250.00  1.359e+05
  17350.00  1.208e+05
  17450.00  1.286e+05
  17550.00  1.282e+05
  17650.00  1.257e+05
  17750.00  1.231e+05
  17850.00  1.206e+05
  17950.00  1.181e+05
  18050.00  1.147e+05
  18150.00  1.031e+05
  18250.00  1.076e+05
  18350.00  1.084e+05
  18450.00  1.065e+05
  18550.00  1.042e+05
  18650.00  1.014e+05
  18750.00  9.093e+04
  18850.00  9.703e+04
  18950.00  9.618e+04
  19050.00  9.450e+04
  19150.00  9.265e+04
  19250.00  9.068e+04
  19350.00  8.795e+04
  19450.00  7.889e+04
  19550.00  8.461e+04
  19650.00  8.398e+04
  19750.00  8.247e+04
  19850.00  8.094e+04
  19950.00  7.941e+04
  20050.00  7.794e+04
  20150.00  7.649e+04
  20250.00  7.507e+04
  20350.00  7.369e+04
  20450.00  7.234e+04
  20550.00  7.102e+04
  20650.00  6.972e+04
  20750.00  6.846e+04
  20850.00  6.724e+04
  20950.00  6.603e+04
  21050.00  6.484e+04
  21150.00  6.365e+04
  21250.00  6.253e+04
  21350.00  6.142e+04
  21450.00  6.029e+04
  21550.00  5.869e+04
  21650.00  5.303e+04
  21750.00  5.626e+04
  21850.00  5.618e+04
  21950.00  5.535e+04
  22050.00  5.440e+04
  22150.00  5.346e+04
  22250.00  5.258e+04
  22350.00  5.169e+04
  22450.00  5.082e+04
  22550.00  4.997e+04
  22650.00  4.914e+04
  22750.00  4.833e+04
  22850.00  4.775e+04
  22950.00  4.765e+04
  23050.00  4.684e+04
  23150.00  4.592e+04
  23250.00  4.505e+04
  23350.00  4.419e+04
  23450.00  4.338e+04
  23550.00  4.259e+04
  23650.00  4.183e+04
  23750.00  4.107e+04
  23850.00  4.038e+04
  23950.00  3.965e+04
  24050.00  3.894e+04
  24150.00  3.828e+04
  24250.00  3.768e+04
  24350.00  3.711e+04
  24450.00  3.642e+04
  24550.00  3.601e+04
  24650.00  3.529e+04
  24750.00  3.483e+04
  24850.00  3.454e+04
  24950.00  3.337e+04
  25050.00  3.399e+04
  25150.00  3.316e+04
  25250.00  3.166e+04
  25350.00  3.200e+04
  25450.00  3.185e+04
  25550.00  3.101e+04
  25650.00  2.954e+04
  25750.00  3.023e+04
  25850.00  3.007e+04
  25950.00  2.958e+04
  26050.00  2.854e+04
  26150.00  2.713e+04
  26250.00  2.583e+04
  26350.00  2.743e+04
  26450.00  2.752e+04
  26550.00  2.714e+04
  26650.00  2.642e+04
  26750.00  2.469e+04
  26850.00  2.567e+04
  26950.00  2.567e+04
  27050.00  2.540e+04
  27150.00  2.505e+04
  27250.00  2.470e+04
  27350.00  2.429e+04
  27450.00  2.377e+04
  27550.00  2.212e+04
  27650.00  2.253e+04
  27750.00  2.291e+04
  27850.00  2.270e+04
  27950.00  2.241e+04
  28050.00  2.211e+04
  28150.00  2.180e+04
  28250.00  2.151e+04
  28350.00  2.122e+04
  28450.00  2.091e+04
  28550.00  2.055e+04
  28650.00  1.981e+04
  28750.00  1.858e+04
  28850.00  1.959e+04
  28950.00  1.951e+04
  29050.00  1.932e+04
  29150.00  1.906e+04
  29250.00  1.882e+04
  29350.00  1.857e+04
  29450.00  1.833e+04
  29550.00  1.809e+04
  29650.00  1.786e+04
  29750.00  1.763e+04
  29850.00  1.740e+04
  29950.00  1.718e+04
  30050.00  1.696e+04
  30150.00  1.671e+04
  30250.00  1.638e+04
  30350.00  1.529e+04
  30450.00  1.541e+04
  30550.00  1.580e+04
  30650.00  1.570e+04
  30750.00  1.552e+04
  30850.00  1.532e+04
  30950.00  1.514e+04
  31050.00  1.495e+04
  31150.00  1.477e+04
  31250.00  1.458e+04
  31350.00  1.441e+04
  31450.00  1.423e+04
  31550.00  1.406e+04
  31650.00  1.389e+04
  31750.00  1.372e+04
  31850.00  1.356e+04
  31950.00  1.339e+04
  32100.00  1.315e+04
  32300.00  1.284e+04
  32500.00  1.254e+04
  32700.00  1.221e+04
  32900.00  1.135e+04
  33100.00  1.155e+04
  33300.00  1.149e+04
  33500.00  1.123e+04
  33700.00  1.095e+04
  33900.00  1.069e+04
  34100.00  1.044e+04
  34300.00  1.020e+04
  34500.00  9.967e+03
  34700.00  9.735e+03
  34900.00  9.514e+03
  35100.00  9.303e+03
  35300.00  9.092e+03
  35500.00  8.890e+03
  35700.00  8.691e+03
  35900.00  8.515e+03
  36100.00  8.317e+03
  36300.00  8.160e+03
  36500.00  7.959e+03
  36700.00  7.836e+03
  36900.00  7.604e+03
  37100.00  7.501e+03
  37300.00  7.178e+03
  37500.00  6.919e+03
  37700.00  7.058e+03
  37900.00  6.938e+03
  38100.00  6.711e+03
  38300.00  6.589e+03
  38500.00  6.538e+03
  38700.00  6.414e+03
  38900.00  6.241e+03
  39100.00  6.003e+03
  39300.00  6.022e+03
  39500.00  5.931e+03
  39700.00  5.818e+03
  39900.00  5.704e+03
  40100.00  5.484e+03
  40300.00  5.348e+03
  40500.00  5.135e+03
  40700.00  5.248e+03
  40900.00  5.180e+03
  41100.00  5.084e+03
  41300.00  4.986e+03
  41500.00  4.863e+03
  41700.00  4.619e+03
  41900.00  4.680e+03
  42100.00  4.627e+03
  42300.00  4.545e+03
  42500.00  4.462e+03
  42700.00  4.382e+03
  42900.00  4.303e+03
  43100.00  4.225e+03
  43300.00  4.150e+03
  43500.00  4.060e+03
  43700.00  3.852e+03
  43900.00  3.869e+03
  44100.00  3.858e+03
  44300.00  3.796e+03
  44500.00  3.730e+03
  44700.00  3.680e+03
  44900.00  3.616e+03
  45100.00  3.554e+03
  45300.00  3.493e+03
  45500.00  3.434e+03
  45700.00  3.375e+03
  45900.00  3.318e+03
  46100.00  3.259e+03
  46300.00  3.186e+03
  46500.00  2.991e+03
  46700.00  2.941e+03
  46900.00  3.012e+03
  47100.00  2.994e+03
  47300.00  2.951e+03
  47500.00  2.902e+03
  47700.00  2.855e+03
  47900.00  2.809e+03
  48100.00  2.763e+03
  48300.00  2.719e+03
  48500.00  2.675e+03
  48700.00  2.633e+03
  48900.00  2.591e+03
  49100.00  2.550e+03
  49300.00  2.509e+03
  49500.00  2.470e+03
  49700.00  2.431e+03
  49900.00  2.393e+03
  50100.00  2.356e+03
  50300.00  2.320e+03
  50500.00  2.284e+03
  50700.00  2.249e+03
  50900.00  2.212e+03
  51100.00  2.158e+03
  51300.00  2.039e+03
  51500.00  2.099e+03
  51700.00  2.082e+03
  51900.00  2.052e+03
  52100.00  2.021e+03
  52300.00  1.991e+03
  52500.00  1.962e+03
  52700.00  1.933e+03
  52900.00  1.904e+03
  53100.00  1.876e+03
  53300.00  1.849e+03
  53500.00  1.822e+03
  53700.00  1.795e+03
  53900.00  1.770e+03
  54100.00  1.744e+03
  54300.00  1.719e+03
  54500.00  1.694e+03
  54700.00  1.670e+03
  54900.00  1.646e+03
  55100.00  1.623e+03
  55300.00  1.600e+03
  55500.00  1.578e+03
  55700.00  1.556e+03
  55900.00  1.534e+03
  56100.00  1.512e+03
  56300.00  1.492e+03
  56500.00  1.471e+03
  56700.00  1.451e+03
  56900.00  1.431e+03
  57100.00  1.411e+03
  57300.00  1.392e+03
  57500.00  1.373e+03
  57700.00  1.354e+03
  57900.00  1.336e+03
  58100.00  1.318e+03
  58300.00  1.301e+03
  58500.00  1.286e+03
  58700.00  1.266e+03
  58900.00  1.237e+03
  59100.00  1.171e+03
  59300.00  1.209e+03
  59500.00  1.202e+03
  59700.00  1.187e+03
  59900.00  1.172e+03
  60100.00  1.156e+03
  60300.00  1.141e+03
  60500.00  1.127e+03
  60700.00  1.112e+03
  60900.00  1.098e+03
  61100.00  1.084e+03
  61300.00  1.070e+03
  61500.00  1.056e+03
  61700.00  1.043e+03
  61900.00  1.030e+03
  62100.00  1.017e+03
  62300.00  1.004e+03
  62500.00  9.914e+02
  62700.00  9.790e+02
  62900.00  9.668e+02
  63100.00  9.548e+02
  63300.00  9.430e+02
  63500.00  9.314e+02
  63700.00  9.199e+02
  63900.00  9.087e+02
  64200.00  8.920e+02
  64600.00  8.705e+02
  65000.00  8.496e+02
  65400.00  8.293e+02
  65800.00  8.096e+02
  66200.00  7.905e+02
  66600.00  7.720e+02
  67000.00  7.540e+02
  67400.00  7.366e+02
  67800.00  7.195e+02
  68200.00  7.031e+02
  68600.00  6.870e+02
  69000.00  6.715e+02
  69400.00  6.564e+02
  69800.00  6.417e+02
  70200.00  6.274e+02
  70600.00  6.135e+02
  71000.00  5.999e+02
  71400.00  5.868e+02
  71800.00  5.740e+02
  72200.00  5.616e+02
  72600.00  5.495e+02
  73000.00  5.377e+02
  73400.00  5.262e+02
  73800.00  5.151e+02
  74200.00  5.029e+02
  74600.00  4.785e+02
  75000.00  4.671e+02
  75400.00  4.717e+02
  75800.00  4.635e+02
  76200.00  4.540e+02
  76600.00  4.448e+02
  77000.00  4.357e+02
  77400.00  4.269e+02
  77800.00  4.183e+02
  78200.00  4.099e+02
  78600.00  4.018e+02
  79000.00  3.938e+02
  79400.00  3.860e+02
  79800.00  3.784e+02
  80200.00  3.711e+02
  80600.00  3.638e+02
  81000.00  3.568e+02
  81400.00  3.499e+02
  81800.00  3.432e+02
  82200.00  3.367e+02
  82600.00  3.303e+02
  83000.00  3.240e+02
  83400.00  3.179e+02
  83800.00  3.120e+02
  84200.00  3.062e+02
  84600.00  3.005e+02
  85000.00  2.950e+02
  85400.00  2.895e+02
  85800.00  2.842e+02
  86200.00  2.791e+02
  86600.00  2.740e+02
  87000.00  2.690e+02
  87400.00  2.642e+02
  87800.00  2.595e+02
  88200.00  2.549e+02
  88600.00  2.503e+02
  89000.00  2.459e+02
  89400.00  2.416e+02
  89800.00  2.374e+02
  90200.00  2.332e+02
  90600.00  2.292e+02
  91000.00  2.252e+02
  91400.00  2.214e+02
  91800.00  2.176e+02
  92200.00  2.139e+02
  92600.00  2.102e+02
  93000.00  2.067e+02
  93400.00  2.032e+02
  93800.00  1.998e+02
  94200.00  1.964e+02
  94600.00  1.932e+02
  95000.00  1.900e+02
  95400.00  1.868e+02
  95800.00  1.838e+02
  96200.00  1.808e+02
  96600.00  1.778e+02
  97000.00  1.749e+02
  97400.00  1.721e+02
  97800.00  1.693e+02
  98200.00  1.666e+02
  98600.00  1.640e+02
  99000.00  1.614e+02
  99400.00  1.588e+02
  99800.00  1.563e+02
 100200.00  1.538e+02
 200000.00  9.816e+00
 400000.00  6.091e-01
 600000.00  1.192e-01
 800000.00  3.738e-02
