     90.90  0.000e+00
     93.50  0.000e+00
     96.10  0.000e+00
     97.70  0.000e+00
     99.60  0.000e+00
    102.00  0.000e+00
    103.80  0.000e+00
    105.60  0.000e+00
    107.70  0.000e+00
    110.40  0.000e+00
    114.00  0.000e+00
    117.80  0.000e+00
    121.30  0.000e+00
    124.80  0.000e+00
    127.10  0.000e+00
    128.40  0.000e+00
    130.50  0.000e+00
    132.40  0.000e+00
    133.90  0.000e+00
    136.60  0.000e+00
    139.80  0.000e+00
    143.30  0.000e+00
    147.20  0.000e+00
    151.00  0.000e+00
    155.20  0.000e+00
    158.80  0.000e+00
    162.00  0.000e+00
    166.00  0.000e+00
    170.30  0.000e+00
    173.40  0.000e+00
    176.80  0.000e+00
    180.20  0.000e+00
    181.70  0.000e+00
    186.10  0.000e+00
    191.00  0.000e+00
    193.90  0.000e+00
    198.40  0.000e+00
    201.80  0.000e+00
    205.00  0.000e+00
    210.50  0.000e+00
    216.20  0.000e+00
    219.80  0.000e+00
    223.00  0.000e+00
    226.80  0.000e+00
    230.00  1.231e-03
    234.00  2.733e-03
    240.00  6.070e-03
    246.50  1.372e-02
    252.40  2.803e-02
    256.80  4.454e-02
    260.00  6.845e-02
    264.00  1.039e-01
    268.50  1.666e-01
    273.50  2.748e-01
    278.50  4.474e-01
    284.00  7.738e-01
    290.00  1.311e+00
    296.00  2.193e+00
    301.00  3.287e+00
    308.00  5.685e+00
    318.00  1.258e+01
    328.00  2.469e+01
    338.00  4.895e+01
    348.00  9.060e+01
    357.00  2.126e+02
    366.00  3.662e+02
    375.00  5.564e+02
    385.00  9.045e+02
    395.00  1.473e+03
    405.00  2.228e+03
    414.00  3.249e+03
    422.00  4.378e+03
    430.00  6.006e+03
    441.00  8.882e+03
    451.00  1.235e+04
    460.00  1.626e+04
    470.00  2.233e+04
    480.00  2.996e+04
    490.00  3.998e+04
    500.00  5.225e+04
    506.00  2.784e+05
    512.00  1.651e+06
    520.00  1.878e+06
    530.00  2.262e+06
    540.00  2.336e+06
    550.00  3.333e+06
    560.00  3.806e+06
    570.00  4.534e+06
    580.00  4.421e+06
    590.00  5.630e+06
    600.00  6.260e+06
    610.00  7.271e+06
    620.00  7.932e+06
    630.00  8.743e+06
    640.00  8.897e+06
    650.00  1.011e+07
    658.00  1.114e+07
    665.00  1.169e+07
    675.00  1.186e+07
    685.00  1.255e+07
    695.00  1.493e+07
    705.00  1.530e+07
    716.00  1.698e+07
    726.00  1.780e+07
    735.00  1.842e+07
    745.00  2.054e+07
    755.00  2.189e+07
    765.00  2.337e+07
    775.00  2.494e+07
    785.00  2.657e+07
    795.00  2.738e+07
    805.00  2.866e+07
    815.00  2.962e+07
    825.00  3.191e+07
    835.00  2.940e+07
    845.00  3.347e+07
    855.00  3.449e+07
    865.00  3.655e+07
    875.00  3.869e+07
    885.00  4.130e+07
    895.00  4.302e+07
    905.00  4.308e+07
    915.00  4.920e+07
    925.00  1.975e+08
    935.00  4.929e+08
    945.00  1.377e+09
    955.00  2.185e+09
    965.00  2.835e+09
    975.00  4.495e+08
    985.00  2.752e+09
    995.00  2.515e+09
   1005.00  3.149e+09
   1015.00  2.894e+09
   1025.00  8.948e+08
   1035.00  2.239e+09
   1045.00  3.672e+09
   1055.00  3.418e+09
   1065.00  2.708e+09
   1075.00  3.126e+09
   1085.00  2.650e+09
   1095.00  3.114e+09
   1105.00  2.822e+09
   1115.00  2.723e+09
   1125.00  2.241e+09
   1135.00  2.766e+09
   1145.00  2.442e+09
   1155.00  2.541e+09
   1165.00  2.496e+09
   1175.00  1.615e+09
   1185.00  2.356e+09
   1195.00  2.090e+09
   1205.00  1.573e+09
   1215.00  7.759e+08
   1225.00  1.740e+09
   1235.00  2.161e+09
   1245.00  2.171e+09
   1255.00  2.067e+09
   1265.00  2.037e+09
   1275.00  2.156e+09
   1285.00  2.125e+09
   1295.00  1.721e+09
   1305.00  1.781e+09
   1315.00  2.025e+09
   1325.00  1.869e+09
   1335.00  1.784e+09
   1345.00  1.818e+09
   1355.00  1.792e+09
   1365.00  1.632e+09
   1375.00  1.603e+09
   1385.00  1.575e+09
   1395.00  1.212e+09
   1405.00  1.263e+09
   1415.00  1.399e+09
   1425.00  1.357e+09
   1435.00  1.387e+09
   1442.00  1.414e+09
   1447.00  1.382e+09
   1455.00  1.344e+09
   1465.00  1.230e+09
   1475.00  1.239e+09
   1485.00  1.214e+09
   1495.00  1.195e+09
   1505.00  1.069e+09
   1512.00  9.492e+08
   1517.00  9.764e+08
   1525.00  1.012e+09
   1535.00  8.552e+08
   1545.00  8.317e+08
   1555.00  8.087e+08
   1565.00  8.712e+08
   1575.00  9.207e+08
   1585.00  9.171e+08
   1595.00  9.093e+08
   1605.00  9.246e+08
   1615.00  8.985e+08
   1625.00  8.837e+08
   1635.00  9.283e+08
   1645.00  9.170e+08
   1655.00  9.065e+08
   1665.00  9.205e+08
   1672.00  8.802e+08
   1677.00  9.401e+08
   1685.00  9.172e+08
   1695.00  8.723e+08
   1705.00  8.392e+08
   1715.00  7.979e+08
   1725.00  7.782e+08
   1735.00  8.075e+08
   1745.00  7.849e+08
   1755.00  7.919e+08
   1765.00  7.662e+08
   1775.00  7.289e+08
   1785.00  7.383e+08
   1795.00  7.566e+08
   1805.00  7.576e+08
   1815.00  6.821e+08
   1825.00  7.059e+08
   1835.00  6.783e+08
   1845.00  6.166e+08
   1855.00  6.193e+08
   1865.00  6.274e+08
   1875.00  6.536e+08
   1885.00  5.823e+08
   1895.00  5.391e+08
   1905.00  5.832e+08
   1915.00  5.474e+08
   1925.00  5.206e+08
   1935.00  5.502e+08
   1945.00  5.647e+08
   1955.00  5.087e+08
   1967.00  5.471e+08
   1976.00  5.713e+08
   1984.00  5.254e+08
   1995.00  5.170e+08
   2005.00  5.303e+08
   2015.00  5.235e+08
   2025.00  5.383e+08
   2035.00  4.916e+08
   2045.00  4.977e+08
   2055.00  4.818e+08
   2065.00  4.843e+08
   2074.00  5.050e+08
   2078.00  4.629e+08
   2085.00  4.807e+08
   2095.00  4.529e+08
   2105.00  4.690e+08
   2115.00  4.668e+08
   2125.00  4.713e+08
   2135.00  4.596e+08
   2145.00  4.381e+08
   2155.00  4.535e+08
   2165.00  4.489e+08
   2175.00  4.418e+08
   2185.00  4.301e+08
   2195.00  4.334e+08
   2205.00  4.284e+08
   2215.00  4.214e+08
   2225.00  4.096e+08
   2235.00  4.045e+08
   2245.00  4.056e+08
   2255.00  3.939e+08
   2265.00  3.965e+08
   2275.00  3.900e+08
   2285.00  3.889e+08
   2295.00  3.670e+08
   2305.00  3.754e+08
   2315.00  3.639e+08
   2325.00  3.229e+08
   2335.00  3.486e+08
   2345.00  3.489e+08
   2355.00  3.474e+08
   2365.00  3.420e+08
   2375.00  3.356e+08
   2385.00  3.326e+08
   2395.00  3.299e+08
   2405.00  3.227e+08
   2415.00  3.200e+08
   2425.00  3.194e+08
   2435.00  3.100e+08
   2445.00  3.097e+08
   2455.00  3.092e+08
   2465.00  3.031e+08
   2475.00  2.992e+08
   2485.00  2.954e+08
   2495.00  2.721e+08
   2505.00  2.871e+08
   2513.00  2.735e+08
   2518.00  2.834e+08
   2525.00  2.789e+08
   2535.00  2.748e+08
   2545.00  2.684e+08
   2555.00  2.700e+08
   2565.00  2.665e+08
   2575.00  2.656e+08
   2585.00  2.629e+08
   2595.00  2.597e+08
   2605.00  2.559e+08
   2615.00  2.527e+08
   2625.00  2.504e+08
   2635.00  2.479e+08
   2645.00  2.466e+08
   2655.00  2.452e+08
   2665.00  2.370e+08
   2675.00  2.374e+08
   2685.00  2.361e+08
   2695.00  2.285e+08
   2705.00  2.254e+08
   2715.00  2.243e+08
   2725.00  2.226e+08
   2735.00  2.217e+08
   2745.00  2.149e+08
   2755.00  2.143e+08
   2765.00  2.118e+08
   2775.00  2.132e+08
   2785.00  2.098e+08
   2795.00  2.003e+08
   2805.00  2.026e+08
   2815.00  2.040e+08
   2825.00  2.005e+08
   2835.00  1.923e+08
   2845.00  1.958e+08
   2855.00  1.932e+08
   2865.00  1.926e+08
   2875.00  1.903e+08
   2885.00  1.879e+08
   2895.00  1.856e+08
   2910.00  1.820e+08
   2930.00  1.787e+08
   2950.00  1.734e+08
   2970.00  1.711e+08
   2990.00  1.671e+08
   3010.00  1.622e+08
   3030.00  1.608e+08
   3050.00  1.575e+08
   3070.00  1.546e+08
   3090.00  1.496e+08
   3110.00  1.479e+08
   3130.00  1.446e+08
   3150.00  1.420e+08
   3170.00  1.384e+08
   3190.00  1.349e+08
   3210.00  1.336e+08
   3230.00  1.306e+08
   3250.00  1.283e+08
   3270.00  1.256e+08
   3290.00  1.230e+08
   3310.00  1.208e+08
   3330.00  1.184e+08
   3350.00  1.160e+08
   3370.00  1.138e+08
   3390.00  1.118e+08
   3410.00  1.097e+08
   3430.00  1.071e+08
   3450.00  1.050e+08
   3470.00  1.033e+08
   3490.00  1.014e+08
   3510.00  9.979e+07
   3530.00  9.808e+07
   3550.00  9.626e+07
   3570.00  9.488e+07
   3590.00  9.217e+07
   3610.00  9.062e+07
   3630.00  8.912e+07
   3640.00  8.907e+07
   3650.00  8.802e+07
   3670.00  8.693e+07
   3690.00  8.466e+07
   3710.00  7.990e+07
   3730.00  7.665e+07
   3750.00  7.771e+07
   3770.00  7.635e+07
   3790.00  7.970e+07
   3810.00  8.394e+07
   3830.00  7.347e+07
   3850.00  8.542e+07
   3870.00  8.703e+07
   3890.00  6.749e+07
   3910.00  8.645e+07
   3930.00  8.524e+07
   3950.00  8.342e+07
   3970.00  6.272e+07
   3990.00  7.976e+07
   4010.00  8.124e+07
   4030.00  7.780e+07
   4050.00  7.891e+07
   4070.00  7.534e+07
   4090.00  6.765e+07
   4110.00  5.930e+07
   4130.00  7.116e+07
   4150.00  7.127e+07
   4170.00  7.103e+07
   4190.00  7.022e+07
   4210.00  6.952e+07
   4230.00  6.802e+07
   4250.00  6.640e+07
   4270.00  6.401e+07
   4290.00  6.377e+07
   4310.00  6.158e+07
   4330.00  5.429e+07
   4350.00  4.945e+07
   4370.00  5.834e+07
   4390.00  5.826e+07
   4410.00  5.793e+07
   4430.00  5.722e+07
   4450.00  5.647e+07
   4470.00  5.320e+07
   4490.00  5.455e+07
   4510.00  5.415e+07
   4530.00  5.320e+07
   4550.00  5.239e+07
   4570.00  5.154e+07
   4590.00  5.066e+07
   4610.00  4.953e+07
   4630.00  4.878e+07
   4650.00  4.760e+07
   4670.00  4.742e+07
   4690.00  4.696e+07
   4710.00  4.510e+07
   4730.00  4.520e+07
   4750.00  4.451e+07
   4770.00  4.434e+07
   4790.00  4.349e+07
   4810.00  4.252e+07
   4830.00  4.146e+07
   4850.00  3.727e+07
   4870.00  3.311e+07
   4890.00  3.951e+07
   4910.00  3.954e+07
   4930.00  3.815e+07
   4950.00  3.851e+07
   4970.00  3.816e+07
   4990.00  3.753e+07
   5010.00  3.588e+07
   5030.00  3.639e+07
   5050.00  3.546e+07
   5070.00  3.544e+07
   5090.00  3.490e+07
   5110.00  3.433e+07
   5130.00  3.360e+07
   5150.00  3.318e+07
   5170.00  3.294e+07
   5190.00  3.250e+07
   5210.00  3.196e+07
   5230.00  3.159e+07
   5250.00  3.117e+07
   5270.00  3.068e+07
   5290.00  3.033e+07
   5310.00  2.988e+07
   5330.00  2.947e+07
   5350.00  2.903e+07
   5370.00  2.871e+07
   5390.00  2.831e+07
   5410.00  2.794e+07
   5430.00  2.753e+07
   5450.00  2.716e+07
   5470.00  2.679e+07
   5490.00  2.645e+07
   5510.00  2.613e+07
   5530.00  2.575e+07
   5550.00  2.545e+07
   5570.00  2.510e+07
   5590.00  2.479e+07
   5610.00  2.445e+07
   5630.00  2.416e+07
   5650.00  2.374e+07
   5670.00  2.334e+07
   5690.00  2.302e+07
   5710.00  2.285e+07
   5730.00  2.259e+07
   5750.00  2.225e+07
   5770.00  2.205e+07
   5790.00  2.177e+07
   5810.00  2.149e+07
   5830.00  2.119e+07
   5850.00  2.095e+07
   5870.00  1.990e+07
   5890.00  2.024e+07
   5910.00  2.013e+07
   5930.00  1.985e+07
   5950.00  1.959e+07
   5970.00  1.945e+07
   5990.00  1.914e+07
   6010.00  1.896e+07
   6030.00  1.871e+07
   6050.00  1.849e+07
   6070.00  1.829e+07
   6090.00  1.806e+07
   6110.00  1.785e+07
   6130.00  1.764e+07
   6150.00  1.735e+07
   6170.00  1.718e+07
   6190.00  1.701e+07
   6210.00  1.681e+07
   6230.00  1.662e+07
   6250.00  1.639e+07
   6270.00  1.621e+07
   6290.00  1.603e+07
   6310.00  1.584e+07
   6330.00  1.567e+07
   6350.00  1.541e+07
   6370.00  1.527e+07
   6390.00  1.512e+07
   6410.00  1.494e+07
   6430.00  1.479e+07
   6450.00  1.461e+07
   6470.00  1.440e+07
   6490.00  1.423e+07
   6510.00  1.406e+07
   6530.00  1.380e+07
   6550.00  1.295e+07
   6570.00  1.134e+07
   6590.00  1.308e+07
   6610.00  1.325e+07
   6630.00  1.316e+07
   6650.00  1.304e+07
   6670.00  1.274e+07
   6690.00  1.260e+07
   6710.00  1.262e+07
   6730.00  1.246e+07
   6750.00  1.235e+07
   6770.00  1.222e+07
   6790.00  1.199e+07
   6810.00  1.193e+07
   6830.00  1.181e+07
   6850.00  1.169e+07
   6870.00  1.157e+07
   6890.00  1.143e+07
   6910.00  1.131e+07
   6930.00  1.119e+07
   6950.00  1.108e+07
   6970.00  1.096e+07
   6990.00  1.084e+07
   7010.00  1.073e+07
   7030.00  1.062e+07
   7050.00  1.050e+07
   7070.00  1.020e+07
   7090.00  1.029e+07
   7110.00  1.012e+07
   7130.00  1.003e+07
   7150.00  9.964e+06
   7170.00  9.862e+06
   7190.00  9.762e+06
   7210.00  9.662e+06
   7230.00  9.430e+06
   7250.00  9.456e+06
   7270.00  9.367e+06
   7290.00  9.179e+06
   7310.00  9.175e+06
   7330.00  9.082e+06
   7350.00  8.992e+06
   7370.00  8.902e+06
   7390.00  8.812e+06
   7410.00  8.723e+06
   7430.00  8.630e+06
   7450.00  8.548e+06
   7470.00  8.444e+06
   7490.00  8.376e+06
   7510.00  8.291e+06
   7530.00  8.208e+06
   7550.00  8.133e+06
   7570.00  8.053e+06
   7590.00  7.973e+06
   7610.00  7.890e+06
   7630.00  7.817e+06
   7650.00  7.741e+06
   7670.00  7.667e+06
   7690.00  7.592e+06
   7710.00  7.517e+06
   7730.00  7.446e+06
   7750.00  7.374e+06
   7770.00  7.264e+06
   7790.00  7.234e+06
   7810.00  7.159e+06
   7830.00  7.097e+06
   7850.00  7.026e+06
   7870.00  6.944e+06
   7890.00  6.867e+06
   7910.00  6.824e+06
   7930.00  6.755e+06
   7950.00  6.687e+06
   7970.00  6.630e+06
   7990.00  6.563e+06
   8010.00  6.505e+06
   8030.00  6.451e+06
   8050.00  6.393e+06
   8070.00  6.339e+06
   8090.00  6.267e+06
   8110.00  6.198e+06
   8130.00  6.167e+06
   8150.00  6.096e+06
   8170.00  6.054e+06
   8190.00  5.985e+06
   8210.00  5.899e+06
   8230.00  5.849e+06
   8250.00  5.819e+06
   8270.00  5.730e+06
   8290.00  5.714e+06
   8310.00  5.665e+06
   8330.00  5.614e+06
   8350.00  5.550e+06
   8370.00  5.496e+06
   8390.00  5.472e+06
   8410.00  5.424e+06
   8430.00  5.350e+06
   8450.00  5.259e+06
   8470.00  5.268e+06
   8490.00  5.175e+06
   8510.00  5.145e+06
   8530.00  5.076e+06
   8550.00  5.017e+06
   8570.00  5.036e+06
   8590.00  4.864e+06
   8610.00  4.863e+06
   8630.00  4.943e+06
   8650.00  4.790e+06
   8670.00  4.614e+06
   8690.00  4.799e+06
   8710.00  4.836e+06
   8730.00  4.664e+06
   8750.00  4.361e+06
   8770.00  4.524e+06
   8790.00  4.689e+06
   8810.00  4.679e+06
   8830.00  4.591e+06
   8850.00  4.291e+06
   8870.00  4.063e+06
   8890.00  4.405e+06
   8910.00  4.485e+06
   8930.00  4.474e+06
   8950.00  4.450e+06
   8970.00  4.385e+06
   8990.00  4.196e+06
   9010.00  3.786e+06
   9030.00  3.919e+06
   9050.00  4.178e+06
   9070.00  4.180e+06
   9090.00  4.193e+06
   9110.00  4.179e+06
   9130.00  4.149e+06
   9150.00  4.109e+06
   9170.00  4.050e+06
   9190.00  3.981e+06
   9210.00  3.755e+06
   9230.00  3.331e+06
   9250.00  3.674e+06
   9270.00  3.819e+06
   9290.00  3.862e+06
   9310.00  3.831e+06
   9330.00  3.815e+06
   9350.00  3.795e+06
   9370.00  3.771e+06
   9390.00  3.740e+06
   9410.00  3.701e+06
   9430.00  3.675e+06
   9450.00  3.640e+06
   9470.00  3.582e+06
   9490.00  3.557e+06
   9510.00  3.453e+06
   9530.00  3.248e+06
   9550.00  2.905e+06
   9570.00  3.270e+06
   9590.00  3.386e+06
   9610.00  3.386e+06
   9630.00  3.358e+06
   9650.00  3.364e+06
   9670.00  3.342e+06
   9690.00  3.313e+06
   9710.00  3.278e+06
   9730.00  3.266e+06
   9750.00  3.239e+06
   9770.00  3.215e+06
   9790.00  3.190e+06
   9810.00  3.163e+06
   9830.00  3.140e+06
   9850.00  3.115e+06
   9870.00  3.089e+06
   9890.00  3.063e+06
   9910.00  3.021e+06
   9930.00  3.019e+06
   9950.00  2.990e+06
   9970.00  2.959e+06
   9990.00  2.927e+06
  10025.00  2.725e+06
  10075.00  2.630e+06
  10125.00  2.777e+06
  10175.00  2.749e+06
  10225.00  2.699e+06
  10275.00  2.650e+06
  10325.00  2.588e+06
  10375.00  2.554e+06
  10425.00  2.507e+06
  10475.00  2.461e+06
  10525.00  2.416e+06
  10575.00  2.373e+06
  10625.00  2.331e+06
  10675.00  2.284e+06
  10725.00  2.248e+06
  10775.00  2.208e+06
  10825.00  2.139e+06
  10875.00  2.111e+06
  10925.00  1.875e+06
  10975.00  1.973e+06
  11025.00  2.002e+06
  11075.00  1.986e+06
  11125.00  1.953e+06
  11175.00  1.920e+06
  11225.00  1.886e+06
  11275.00  1.852e+06
  11325.00  1.821e+06
  11375.00  1.793e+06
  11425.00  1.762e+06
  11475.00  1.734e+06
  11525.00  1.705e+06
  11575.00  1.676e+06
  11625.00  1.649e+06
  11675.00  1.621e+06
  11725.00  1.595e+06
  11775.00  1.569e+06
  11825.00  1.544e+06
  11875.00  1.519e+06
  11925.00  1.495e+06
  11975.00  1.460e+06
  12025.00  1.447e+06
  12075.00  1.425e+06
  12125.00  1.402e+06
  12175.00  1.380e+06
  12225.00  1.358e+06
  12275.00  1.337e+06
  12325.00  1.316e+06
  12375.00  1.296e+06
  12425.00  1.276e+06
  12475.00  1.255e+06
  12525.00  1.234e+06
  12575.00  1.217e+06
  12625.00  1.199e+06
  12675.00  1.181e+06
  12725.00  1.159e+06
  12775.00  1.112e+06
  12825.00  1.010e+06
  12875.00  1.094e+06
  12925.00  1.092e+06
  12975.00  1.072e+06
  13025.00  1.063e+06
  13075.00  1.048e+06
  13125.00  1.032e+06
  13175.00  1.017e+06
  13225.00  1.002e+06
  13275.00  9.879e+05
  13325.00  9.735e+05
  13375.00  9.595e+05
  13425.00  9.447e+05
  13475.00  9.323e+05
  13525.00  9.189e+05
  13575.00  9.060e+05
  13625.00  8.930e+05
  13675.00  8.806e+05
  13725.00  8.681e+05
  13775.00  8.562e+05
  13825.00  8.443e+05
  13875.00  8.325e+05
  13925.00  8.203e+05
  13975.00  8.093e+05
  14025.00  7.984e+05
  14075.00  7.876e+05
  14125.00  7.768e+05
  14175.00  7.662e+05
  14225.00  7.559e+05
  14275.00  7.457e+05
  14325.00  7.356e+05
  14375.00  7.257e+05
  14425.00  7.160e+05
  14475.00  7.065e+05
  14525.00  6.970e+05
  14570.00  6.888e+05
  14620.00  6.833e+05
  14675.00  6.785e+05
  14725.00  6.695e+05
  14775.00  6.603e+05
  14825.00  6.504e+05
  14875.00  6.408e+05
  14925.00  6.316e+05
  14975.00  6.225e+05
  15025.00  6.138e+05
  15075.00  6.036e+05
  15125.00  5.968e+05
  15175.00  5.886e+05
  15225.00  5.799e+05
  15275.00  5.725e+05
  15325.00  5.645e+05
  15375.00  5.577e+05
  15425.00  5.490e+05
  15475.00  5.432e+05
  15525.00  5.354e+05
  15575.00  5.283e+05
  15625.00  5.241e+05
  15675.00  5.145e+05
  15725.00  5.078e+05
  15775.00  5.061e+05
  15825.00  4.988e+05
  15875.00  4.856e+05
  15925.00  4.852e+05
  15975.00  4.846e+05
  16050.00  4.718e+05
  16150.00  4.558e+05
  16250.00  4.538e+05
  16350.00  4.372e+05
  16450.00  4.219e+05
  16550.00  4.232e+05
  16650.00  4.137e+05
  16750.00  3.967e+05
  16850.00  3.816e+05
  16950.00  3.856e+05
  17050.00  3.757e+05
  17150.00  3.695e+05
  17250.00  3.593e+05
  17350.00  3.346e+05
  17450.00  3.412e+05
  17550.00  3.374e+05
  17650.00  3.303e+05
  17750.00  3.231e+05
  17850.00  3.157e+05
  17950.00  3.093e+05
  18050.00  3.011e+05
  18150.00  2.800e+05
  18250.00  2.844e+05
  18350.00  2.833e+05
  18450.00  2.777e+05
  18550.00  2.714e+05
  18650.00  2.629e+05
  18750.00  2.448e+05
  18850.00  2.541e+05
  18950.00  2.499e+05
  19050.00  2.440e+05
  19150.00  2.400e+05
  19250.00  2.351e+05
  19350.00  2.285e+05
  19450.00  2.108e+05
  19550.00  2.191e+05
  19650.00  2.169e+05
  19750.00  2.127e+05
  19850.00  2.085e+05
  19950.00  2.045e+05
  20050.00  2.005e+05
  20150.00  1.966e+05
  20250.00  1.929e+05
  20350.00  1.892e+05
  20450.00  1.855e+05
  20550.00  1.816e+05
  20650.00  1.786e+05
  20750.00  1.752e+05
  20850.00  1.720e+05
  20950.00  1.688e+05
  21050.00  1.656e+05
  21150.00  1.618e+05
  21250.00  1.596e+05
  21350.00  1.567e+05
  21450.00  1.537e+05
  21550.00  1.499e+05
  21650.00  1.381e+05
  21750.00  1.439e+05
  21850.00  1.428e+05
  21950.00  1.405e+05
  22050.00  1.380e+05
  22150.00  1.356e+05
  22250.00  1.332e+05
  22350.00  1.309e+05
  22450.00  1.286e+05
  22550.00  1.264e+05
  22650.00  1.242e+05
  22750.00  1.221e+05
  22850.00  1.201e+05
  22950.00  1.185e+05
  23050.00  1.165e+05
  23150.00  1.145e+05
  23250.00  1.126e+05
  23350.00  1.107e+05
  23450.00  1.088e+05
  23550.00  1.068e+05
  23650.00  1.050e+05
  23750.00  1.032e+05
  23850.00  1.015e+05
  23950.00  9.977e+04
  24050.00  9.811e+04
  24150.00  9.649e+04
  24250.00  9.490e+04
  24350.00  9.333e+04
  24450.00  9.176e+04
  24550.00  9.035e+04
  24650.00  8.883e+04
  24750.00  8.732e+04
  24850.00  8.611e+04
  24950.00  8.466e+04
  25050.00  8.382e+04
  25150.00  8.223e+04
  25250.00  8.060e+04
  25350.00  7.957e+04
  25450.00  7.849e+04
  25550.00  7.706e+04
  25650.00  7.551e+04
  25750.00  7.481e+04
  25850.00  7.387e+04
  25950.00  7.268e+04
  26050.00  7.109e+04
  26150.00  6.908e+04
  26250.00  6.478e+04
  26350.00  6.771e+04
  26450.00  6.743e+04
  26550.00  6.638e+04
  26650.00  6.511e+04
  26750.00  6.334e+04
  26850.00  6.320e+04
  26950.00  6.272e+04
  27050.00  6.195e+04
  27150.00  6.105e+04
  27250.00  6.018e+04
  27350.00  5.922e+04
  27450.00  5.809e+04
  27550.00  5.612e+04
  27650.00  5.587e+04
  27750.00  5.579e+04
  27850.00  5.521e+04
  27950.00  5.443e+04
  28050.00  5.366e+04
  28150.00  5.292e+04
  28250.00  5.218e+04
  28350.00  5.145e+04
  28450.00  5.074e+04
  28550.00  4.984e+04
  28650.00  4.857e+04
  28750.00  4.687e+04
  28850.00  4.762e+04
  28950.00  4.728e+04
  29050.00  4.672e+04
  29150.00  4.609e+04
  29250.00  4.547e+04
  29350.00  4.486e+04
  29450.00  4.426e+04
  29550.00  4.367e+04
  29650.00  4.309e+04
  29750.00  4.252e+04
  29850.00  4.196e+04
  29950.00  4.140e+04
  30050.00  4.086e+04
  30150.00  4.026e+04
  30250.00  3.953e+04
  30350.00  3.776e+04
  30450.00  3.768e+04
  30550.00  3.807e+04
  30650.00  3.776e+04
  30750.00  3.728e+04
  30850.00  3.681e+04
  30950.00  3.635e+04
  31050.00  3.589e+04
  31150.00  3.543e+04
  31250.00  3.498e+04
  31350.00  3.455e+04
  31450.00  3.411e+04
  31550.00  3.369e+04
  31650.00  3.327e+04
  31750.00  3.285e+04
  31850.00  3.245e+04
  31950.00  3.205e+04
  32100.00  3.146e+04
  32300.00  3.069e+04
  32500.00  2.995e+04
  32700.00  2.918e+04
  32900.00  2.748e+04
  33100.00  2.755e+04
  33300.00  2.724e+04
  33500.00  2.662e+04
  33700.00  2.599e+04
  33900.00  2.539e+04
  34100.00  2.480e+04
  34300.00  2.423e+04
  34500.00  2.368e+04
  34700.00  2.314e+04
  34900.00  2.262e+04
  35100.00  2.210e+04
  35300.00  2.158e+04
  35500.00  2.109e+04
  35700.00  2.062e+04
  35900.00  2.017e+04
  36100.00  1.972e+04
  36300.00  1.929e+04
  36500.00  1.887e+04
  36700.00  1.847e+04
  36900.00  1.805e+04
  37100.00  1.764e+04
  37300.00  1.693e+04
  37500.00  1.647e+04
  37700.00  1.658e+04
  37900.00  1.626e+04
  38100.00  1.588e+04
  38300.00  1.556e+04
  38500.00  1.530e+04
  38700.00  1.500e+04
  38900.00  1.464e+04
  39100.00  1.430e+04
  39300.00  1.408e+04
  39500.00  1.382e+04
  39700.00  1.355e+04
  39900.00  1.328e+04
  40100.00  1.292e+04
  40300.00  1.262e+04
  40500.00  1.203e+04
  40700.00  1.223e+04
  40900.00  1.204e+04
  41100.00  1.180e+04
  41300.00  1.157e+04
  41500.00  1.131e+04
  41700.00  1.099e+04
  41900.00  1.088e+04
  42100.00  1.073e+04
  42300.00  1.053e+04
  42500.00  1.032e+04
  42700.00  1.014e+04
  42900.00  9.932e+03
  43100.00  9.770e+03
  43300.00  9.591e+03
  43500.00  9.391e+03
  43700.00  9.086e+03
  43900.00  8.995e+03
  44100.00  8.908e+03
  44300.00  8.757e+03
  44500.00  8.601e+03
  44700.00  8.459e+03
  44900.00  8.310e+03
  45100.00  8.164e+03
  45300.00  8.021e+03
  45500.00  7.881e+03
  45700.00  7.745e+03
  45900.00  7.611e+03
  46100.00  7.474e+03
  46300.00  7.315e+03
  46500.00  6.884e+03
  46700.00  6.878e+03
  46900.00  6.915e+03
  47100.00  6.858e+03
  47300.00  6.751e+03
  47500.00  6.638e+03
  47700.00  6.528e+03
  47900.00  6.420e+03
  48100.00  6.314e+03
  48300.00  6.210e+03
  48500.00  6.109e+03
  48700.00  6.009e+03
  48900.00  5.912e+03
  49100.00  5.816e+03
  49300.00  5.723e+03
  49500.00  5.631e+03
  49700.00  5.541e+03
  49900.00  5.453e+03
  50100.00  5.367e+03
  50300.00  5.282e+03
  50500.00  5.199e+03
  50700.00  5.117e+03
  50900.00  5.033e+03
  51100.00  4.917e+03
  51300.00  4.712e+03
  51500.00  4.776e+03
  51700.00  4.731e+03
  51900.00  4.661e+03
  52100.00  4.590e+03
  52300.00  4.520e+03
  52500.00  4.452e+03
  52700.00  4.385e+03
  52900.00  4.319e+03
  53100.00  4.254e+03
  53300.00  4.191e+03
  53500.00  4.129e+03
  53700.00  4.068e+03
  53900.00  4.008e+03
  54100.00  3.949e+03
  54300.00  3.891e+03
  54500.00  3.834e+03
  54700.00  3.779e+03
  54900.00  3.724e+03
  55100.00  3.670e+03
  55300.00  3.617e+03
  55500.00  3.565e+03
  55700.00  3.515e+03
  55900.00  3.465e+03
  56100.00  3.416e+03
  56300.00  3.367e+03
  56500.00  3.320e+03
  56700.00  3.273e+03
  56900.00  3.228e+03
  57100.00  3.183e+03
  57300.00  3.138e+03
  57500.00  3.095e+03
  57700.00  3.052e+03
  57900.00  3.010e+03
  58100.00  2.969e+03
  58300.00  2.929e+03
  58500.00  2.891e+03
  58700.00  2.847e+03
  58900.00  2.783e+03
  59100.00  2.659e+03
  59300.00  2.718e+03
  59500.00  2.699e+03
  59700.00  2.665e+03
  59900.00  2.630e+03
  60100.00  2.595e+03
  60300.00  2.561e+03
  60500.00  2.527e+03
  60700.00  2.494e+03
  60900.00  2.462e+03
  61100.00  2.429e+03
  61300.00  2.398e+03
  61500.00  2.367e+03
  61700.00  2.336e+03
  61900.00  2.306e+03
  62100.00  2.277e+03
  62300.00  2.248e+03
  62500.00  2.219e+03
  62700.00  2.191e+03
  62900.00  2.163e+03
  63100.00  2.136e+03
  63300.00  2.109e+03
  63500.00  2.082e+03
  63700.00  2.056e+03
  63900.00  2.031e+03
  64200.00  1.993e+03
  64600.00  1.944e+03
  65000.00  1.897e+03
  65400.00  1.851e+03
  65800.00  1.806e+03
  66200.00  1.763e+03
  66600.00  1.721e+03
  67000.00  1.680e+03
  67400.00  1.640e+03
  67800.00  1.602e+03
  68200.00  1.565e+03
  68600.00  1.528e+03
  69000.00  1.493e+03
  69400.00  1.459e+03
  69800.00  1.426e+03
  70200.00  1.394e+03
  70600.00  1.362e+03
  71000.00  1.332e+03
  71400.00  1.302e+03
  71800.00  1.273e+03
  72200.00  1.245e+03
  72600.00  1.218e+03
  73000.00  1.192e+03
  73400.00  1.166e+03
  73800.00  1.141e+03
  74200.00  1.112e+03
  74600.00  1.059e+03
  75000.00  1.035e+03
  75400.00  1.043e+03
  75800.00  1.025e+03
  76200.00  1.003e+03
  76600.00  9.826e+02
  77000.00  9.624e+02
  77400.00  9.426e+02
  77800.00  9.233e+02
  78200.00  9.045e+02
  78600.00  8.863e+02
  79000.00  8.684e+02
  79400.00  8.510e+02
  79800.00  8.341e+02
  80200.00  8.175e+02
  80600.00  8.014e+02
  81000.00  7.856e+02
  81400.00  7.703e+02
  81800.00  7.553e+02
  82200.00  7.407e+02
  82600.00  7.264e+02
  83000.00  7.125e+02
  83400.00  6.989e+02
  83800.00  6.856e+02
  84200.00  6.726e+02
  84600.00  6.600e+02
  85000.00  6.476e+02
  85400.00  6.355e+02
  85800.00  6.238e+02
  86200.00  6.122e+02
  86600.00  6.010e+02
  87000.00  5.900e+02
  87400.00  5.792e+02
  87800.00  5.687e+02
  88200.00  5.584e+02
  88600.00  5.484e+02
  89000.00  5.386e+02
  89400.00  5.290e+02
  89800.00  5.196e+02
  90200.00  5.104e+02
  90600.00  5.014e+02
  91000.00  4.926e+02
  91400.00  4.841e+02
  91800.00  4.757e+02
  92200.00  4.674e+02
  92600.00  4.594e+02
  93000.00  4.515e+02
  93400.00  4.438e+02
  93800.00  4.362e+02
  94200.00  4.289e+02
  94600.00  4.217e+02
  95000.00  4.146e+02
  95400.00  4.076e+02
  95800.00  4.008e+02
  96200.00  3.942e+02
  96600.00  3.877e+02
  97000.00  3.813e+02
  97400.00  3.751e+02
  97800.00  3.690e+02
  98200.00  3.630e+02
  98600.00  3.571e+02
  99000.00  3.513e+02
  99400.00  3.457e+02
  99800.00  3.402e+02
 100200.00  3.348e+02
 200000.00  2.083e+01
 400000.00  1.279e+00
 600000.00  2.495e-01
 800000.00  7.813e-02
