     90.90  0.000e+00
     93.50  0.000e+00
     96.10  0.000e+00
     97.70  0.000e+00
     99.60  0.000e+00
    102.00  0.000e+00
    103.80  0.000e+00
    105.60  0.000e+00
    107.70  0.000e+00
    110.40  0.000e+00
    114.00  0.000e+00
    117.80  0.000e+00
    121.30  0.000e+00
    124.80  0.000e+00
    127.10  0.000e+00
    128.40  0.000e+00
    130.50  0.000e+00
    132.40  0.000e+00
    133.90  0.000e+00
    136.60  0.000e+00
    139.80  0.000e+00
    143.30  0.000e+00
    147.20  0.000e+00
    151.00  0.000e+00
    155.20  0.000e+00
    158.80  0.000e+00
    162.00  0.000e+00
    166.00  0.000e+00
    170.30  0.000e+00
    173.40  0.000e+00
    176.80  0.000e+00
    180.20  0.000e+00
    181.70  0.000e+00
    186.10  0.000e+00
    191.00  0.000e+00
    193.90  0.000e+00
    198.40  0.000e+00
    201.80  0.000e+00
    205.00  0.000e+00
    210.50  0.000e+00
    216.20  0.000e+00
    219.80  0.000e+00
    223.00  0.000e+00
    226.80  0.000e+00
    230.00  0.000e+00
    234.00  0.000e+00
    240.00  0.000e+00
    246.50  0.000e+00
    252.40  0.000e+00
    256.80  0.000e+00
    260.00  0.000e+00
    264.00  0.000e+00
    268.50  0.000e+00
    273.50  0.000e+00
    278.50  0.000e+00
    284.00  0.000e+00
    290.00  0.000e+00
    296.00  0.000e+00
    301.00  0.000e+00
    308.00  0.000e+00
    318.00  0.000e+00
    328.00  0.000e+00
    338.00  0.000e+00
    348.00  0.000e+00
    357.00  0.000e+00
    366.00  0.000e+00
    375.00  0.000e+00
    385.00  0.000e+00
    395.00  0.000e+00
    405.00  0.000e+00
    414.00  0.000e+00
    422.00  0.000e+00
    430.00  0.000e+00
    441.00  0.000e+00
    451.00  0.000e+00
    460.00  0.000e+00
    470.00  0.000e+00
    480.00  0.000e+00
    490.00  0.000e+00
    500.00  0.000e+00
    506.00  0.000e+00
    512.00  0.000e+00
    520.00  0.000e+00
    530.00  0.000e+00
    540.00  0.000e+00
    550.00  0.000e+00
    560.00  0.000e+00
    570.00  0.000e+00
    580.00  0.000e+00
    590.00  0.000e+00
    600.00  0.000e+00
    610.00  0.000e+00
    620.00  0.000e+00
    630.00  0.000e+00
    640.00  0.000e+00
    650.00  0.000e+00
    658.00  0.000e+00
    665.00  0.000e+00
    675.00  0.000e+00
    685.00  0.000e+00
    695.00  0.000e+00
    705.00  0.000e+00
    716.00  0.000e+00
    726.00  0.000e+00
    735.00  0.000e+00
    745.00  0.000e+00
    755.00  0.000e+00
    765.00  0.000e+00
    775.00  0.000e+00
    785.00  0.000e+00
    795.00  0.000e+00
    805.00  0.000e+00
    815.00  0.000e+00
    825.00  0.000e+00
    835.00  0.000e+00
    845.00  0.000e+00
    855.00  0.000e+00
    865.00  0.000e+00
    875.00  0.000e+00
    885.00  0.000e+00
    895.00  0.000e+00
    905.00  0.000e+00
    915.00  0.000e+00
    925.00  9.847e-10
    935.00  1.364e-09
    945.00  2.130e-09
    955.00  3.357e-09
    965.00  5.339e-09
    975.00  7.321e-09
    985.00  1.096e-08
    995.00  1.559e-08
   1005.00  2.451e-08
   1015.00  3.510e-08
   1025.00  3.791e-08
   1035.00  7.283e-08
   1045.00  1.072e-07
   1055.00  1.334e-07
   1065.00  1.960e-07
   1075.00  2.731e-07
   1085.00  3.794e-07
   1095.00  4.665e-07
   1105.00  6.465e-07
   1115.00  9.041e-07
   1125.00  1.289e-06
   1135.00  1.914e-06
   1145.00  2.607e-06
   1155.00  3.346e-06
   1165.00  4.543e-06
   1175.00  6.103e-06
   1185.00  7.421e-06
   1195.00  8.148e-06
   1205.00  9.275e-06
   1215.00  2.861e-06
   1225.00  1.378e-05
   1235.00  2.307e-05
   1245.00  2.972e-05
   1255.00  3.588e-05
   1265.00  4.271e-05
   1275.00  5.236e-05
   1285.00  5.843e-05
   1295.00  7.210e-05
   1305.00  8.087e-05
   1315.00  1.038e-04
   1325.00  1.096e-04
   1335.00  1.244e-04
   1345.00  1.530e-04
   1355.00  1.911e-04
   1365.00  2.053e-04
   1375.00  2.289e-04
   1385.00  2.533e-04
   1395.00  2.891e-04
   1405.00  3.754e-04
   1415.00  4.411e-04
   1425.00  5.247e-04
   1435.00  6.523e-04
   1442.00  8.684e-04
   1447.00  7.709e-04
   1455.00  9.313e-04
   1465.00  1.261e-03
   1475.00  1.467e-03
   1485.00  1.596e-03
   1495.00  2.198e-03
   1505.00  2.799e-03
   1512.00  1.982e-03
   1517.00  2.706e-03
   1525.00  1.033e-02
   1535.00  2.011e-02
   1545.00  1.549e-02
   1555.00  2.985e-02
   1565.00  2.808e-02
   1575.00  8.202e-02
   1585.00  1.027e-01
   1595.00  1.236e-01
   1605.00  1.286e-01
   1615.00  1.403e-01
   1625.00  1.635e-01
   1635.00  2.134e-01
   1645.00  3.275e-01
   1655.00  2.110e-01
   1665.00  4.025e-01
   1672.00  2.528e-01
   1677.00  1.670e+00
   1685.00  1.870e+00
   1695.00  2.481e+00
   1705.00  2.625e+00
   1715.00  2.535e+00
   1725.00  3.638e+00
   1735.00  4.557e+00
   1745.00  6.664e+00
   1755.00  9.287e+00
   1765.00  9.119e+00
   1775.00  9.407e+00
   1785.00  1.323e+01
   1795.00  1.588e+01
   1805.00  1.841e+01
   1815.00  1.720e+01
   1825.00  2.394e+01
   1835.00  2.441e+01
   1845.00  1.802e+01
   1855.00  2.641e+01
   1865.00  3.225e+01
   1875.00  3.573e+01
   1885.00  3.934e+01
   1895.00  5.418e+01
   1905.00  5.269e+01
   1915.00  5.985e+01
   1925.00  6.192e+01
   1935.00  4.079e+01
   1945.00  8.279e+01
   1955.00  8.922e+01
   1967.00  1.189e+02
   1976.00  1.196e+02
   1984.00  1.371e+02
   1995.00  1.396e+02
   2005.00  1.402e+02
   2015.00  1.568e+02
   2025.00  1.260e+02
   2035.00  1.786e+02
   2045.00  2.077e+02
   2055.00  2.233e+02
   2065.00  2.248e+02
   2074.00  2.423e+02
   2078.00  4.766e+02
   2085.00  5.984e+02
   2095.00  5.800e+02
   2105.00  6.164e+02
   2115.00  7.180e+02
   2125.00  6.388e+02
   2135.00  7.270e+02
   2145.00  8.841e+02
   2155.00  8.300e+02
   2165.00  8.156e+02
   2175.00  8.280e+02
   2185.00  1.021e+03
   2195.00  1.080e+03
   2205.00  1.121e+03
   2215.00  9.138e+02
   2225.00  1.156e+03
   2235.00  1.661e+03
   2245.00  1.643e+03
   2255.00  1.382e+03
   2265.00  1.143e+03
   2275.00  1.372e+03
   2285.00  2.049e+03
   2295.00  1.704e+03
   2305.00  1.886e+03
   2315.00  1.760e+03
   2325.00  1.756e+03
   2335.00  1.794e+03
   2345.00  1.226e+03
   2355.00  2.036e+03
   2365.00  1.437e+03
   2375.00  1.829e+03
   2385.00  1.235e+03
   2395.00  1.561e+03
   2405.00  1.713e+03
   2415.00  1.681e+03
   2425.00  2.887e+03
   2435.00  3.236e+03
   2445.00  4.004e+03
   2455.00  4.365e+03
   2465.00  3.246e+03
   2475.00  2.871e+03
   2485.00  1.089e+03
   2495.00  1.884e+03
   2505.00  3.287e+03
   2513.00  1.606e+03
   2518.00  1.042e+03
   2525.00  1.224e+03
   2535.00  3.223e+03
   2545.00  3.471e+03
   2555.00  1.095e+04
   2565.00  6.242e+03
   2575.00  9.209e+03
   2585.00  7.828e+03
   2595.00  6.690e+03
   2605.00  5.725e+03
   2615.00  5.152e+03
   2625.00  7.421e+03
   2635.00  1.816e+04
   2645.00  2.631e+04
   2655.00  4.654e+04
   2665.00  2.411e+04
   2675.00  2.666e+04
   2685.00  3.495e+04
   2695.00  2.202e+04
   2705.00  3.161e+04
   2715.00  1.957e+04
   2725.00  1.029e+04
   2735.00  1.664e+04
   2745.00  8.946e+03
   2755.00  1.389e+04
   2765.00  2.021e+04
   2775.00  2.137e+04
   2785.00  1.151e+04
   2795.00  4.132e+03
   2805.00  5.363e+03
   2815.00  1.770e+04
   2825.00  2.815e+04
   2835.00  2.467e+04
   2845.00  1.253e+04
   2855.00  5.244e+03
   2865.00  2.094e+04
   2875.00  4.240e+04
   2885.00  3.922e+04
   2895.00  5.602e+04
   2910.00  8.291e+04
   2930.00  7.956e+04
   2950.00  7.797e+04
   2970.00  8.430e+04
   2990.00  9.200e+04
   3010.00  9.059e+04
   3030.00  1.006e+05
   3050.00  1.034e+05
   3070.00  1.012e+05
   3090.00  8.876e+04
   3110.00  1.074e+05
   3130.00  9.254e+04
   3150.00  9.159e+04
   3170.00  1.073e+05
   3190.00  9.081e+04
   3210.00  1.009e+05
   3230.00  8.389e+04
   3250.00  1.277e+05
   3270.00  1.482e+05
   3290.00  1.420e+05
   3310.00  1.289e+05
   3330.00  1.362e+05
   3350.00  1.300e+05
   3370.00  9.055e+04
   3390.00  1.079e+05
   3410.00  1.149e+05
   3430.00  1.222e+05
   3450.00  1.440e+05
   3470.00  1.482e+05
   3490.00  1.647e+05
   3510.00  1.705e+05
   3530.00  1.509e+05
   3550.00  1.645e+05
   3570.00  1.190e+05
   3590.00  1.288e+05
   3610.00  1.661e+05
   3630.00  1.673e+05
   3640.00  1.665e+05
   3650.00  1.839e+05
   3670.00  1.916e+05
   3690.00  1.769e+05
   3710.00  1.983e+05
   3730.00  1.235e+05
   3750.00  1.428e+05
   3770.00  1.801e+05
   3790.00  1.775e+05
   3810.00  1.610e+05
   3830.00  8.494e+04
   3850.00  1.057e+05
   3870.00  1.080e+05
   3890.00  1.703e+05
   3910.00  2.094e+05
   3930.00  9.678e+04
   3950.00  1.786e+05
   3970.00  1.216e+05
   3990.00  2.686e+05
   4010.00  2.892e+05
   4030.00  2.908e+05
   4050.00  2.773e+05
   4070.00  2.643e+05
   4090.00  3.218e+05
   4110.00  3.217e+05
   4130.00  3.009e+05
   4150.00  2.945e+05
   4170.00  2.984e+05
   4190.00  2.864e+05
   4210.00  2.988e+05
   4230.00  2.965e+05
   4250.00  2.966e+05
   4270.00  2.756e+05
   4290.00  2.500e+05
   4310.00  2.036e+05
   4330.00  3.201e+05
   4350.00  3.100e+05
   4370.00  3.368e+05
   4390.00  3.014e+05
   4410.00  3.301e+05
   4430.00  3.588e+05
   4450.00  3.573e+05
   4470.00  3.834e+05
   4490.00  3.898e+05
   4510.00  4.411e+05
   4530.00  3.915e+05
   4550.00  4.062e+05
   4570.00  4.364e+05
   4590.00  4.099e+05
   4610.00  4.217e+05
   4630.00  4.120e+05
   4650.00  4.187e+05
   4670.00  4.324e+05
   4690.00  4.210e+05
   4710.00  4.137e+05
   4730.00  4.314e+05
   4750.00  4.453e+05
   4770.00  4.488e+05
   4790.00  4.469e+05
   4810.00  4.384e+05
   4830.00  4.519e+05
   4850.00  4.246e+05
   4870.00  3.871e+05
   4890.00  4.288e+05
   4910.00  4.272e+05
   4930.00  4.206e+05
   4950.00  4.450e+05
   4970.00  4.410e+05
   4990.00  4.087e+05
   5010.00  3.909e+05
   5030.00  4.135e+05
   5050.00  4.170e+05
   5070.00  4.383e+05
   5090.00  4.136e+05
   5110.00  4.229e+05
   5130.00  4.101e+05
   5150.00  3.949e+05
   5170.00  3.641e+05
   5190.00  3.760e+05
   5210.00  4.069e+05
   5230.00  4.142e+05
   5250.00  4.282e+05
   5270.00  3.776e+05
   5290.00  4.289e+05
   5310.00  4.505e+05
   5330.00  4.003e+05
   5350.00  4.370e+05
   5370.00  4.356e+05
   5390.00  4.273e+05
   5410.00  4.147e+05
   5430.00  4.249e+05
   5450.00  4.423e+05
   5470.00  4.300e+05
   5490.00  4.317e+05
   5510.00  4.267e+05
   5530.00  4.332e+05
   5550.00  4.390e+05
   5570.00  4.283e+05
   5590.00  4.185e+05
   5610.00  4.358e+05
   5630.00  4.317e+05
   5650.00  4.340e+05
   5670.00  4.227e+05
   5690.00  4.325e+05
   5710.00  4.210e+05
   5730.00  4.533e+05
   5750.00  4.352e+05
   5770.00  4.408e+05
   5790.00  4.256e+05
   5810.00  4.390e+05
   5830.00  4.483e+05
   5850.00  4.364e+05
   5870.00  4.382e+05
   5890.00  4.076e+05
   5910.00  4.316e+05
   5930.00  4.316e+05
   5950.00  4.326e+05
   5970.00  4.364e+05
   5990.00  4.299e+05
   6010.00  4.216e+05
   6030.00  4.274e+05
   6050.00  4.352e+05
   6070.00  4.317e+05
   6090.00  4.166e+05
   6110.00  4.156e+05
   6130.00  3.981e+05
   6150.00  4.070e+05
   6170.00  3.934e+05
   6190.00  4.148e+05
   6210.00  4.150e+05
   6230.00  4.017e+05
   6250.00  3.895e+05
   6270.00  4.078e+05
   6290.00  4.098e+05
   6310.00  3.981e+05
   6330.00  4.008e+05
   6350.00  4.015e+05
   6370.00  3.988e+05
   6390.00  4.030e+05
   6410.00  3.926e+05
   6430.00  3.974e+05
   6450.00  3.941e+05
   6470.00  3.914e+05
   6490.00  3.849e+05
   6510.00  3.944e+05
   6530.00  3.943e+05
   6550.00  3.847e+05
   6570.00  3.534e+05
   6590.00  3.856e+05
   6610.00  3.906e+05
   6630.00  3.869e+05
   6650.00  3.863e+05
   6670.00  3.804e+05
   6690.00  3.886e+05
   6710.00  3.768e+05
   6730.00  3.843e+05
   6750.00  3.789e+05
   6770.00  3.799e+05
   6790.00  3.767e+05
   6810.00  3.748e+05
   6830.00  3.773e+05
   6850.00  3.664e+05
   6870.00  3.716e+05
   6890.00  3.733e+05
   6910.00  3.692e+05
   6930.00  3.673e+05
   6950.00  3.647e+05
   6970.00  3.646e+05
   6990.00  3.632e+05
   7010.00  3.510e+05
   7030.00  3.574e+05
   7050.00  3.594e+05
   7070.00  3.547e+05
   7090.00  3.529e+05
   7110.00  3.538e+05
   7130.00  3.470e+05
   7150.00  3.454e+05
   7170.00  3.458e+05
   7190.00  3.342e+05
   7210.00  3.427e+05
   7230.00  3.434e+05
   7250.00  3.442e+05
   7270.00  3.424e+05
   7290.00  3.315e+05
   7310.00  3.372e+05
   7330.00  3.368e+05
   7350.00  3.363e+05
   7370.00  3.378e+05
   7390.00  3.282e+05
   7410.00  3.219e+05
   7430.00  3.283e+05
   7450.00  3.289e+05
   7470.00  3.305e+05
   7490.00  3.275e+05
   7510.00  3.276e+05
   7530.00  3.283e+05
   7550.00  3.288e+05
   7570.00  3.253e+05
   7590.00  3.236e+05
   7610.00  3.221e+05
   7630.00  3.228e+05
   7650.00  3.228e+05
   7670.00  3.126e+05
   7690.00  3.203e+05
   7710.00  3.145e+05
   7730.00  3.148e+05
   7750.00  3.108e+05
   7770.00  3.163e+05
   7790.00  3.152e+05
   7810.00  3.132e+05
   7830.00  3.097e+05
   7850.00  3.079e+05
   7870.00  3.102e+05
   7890.00  3.066e+05
   7910.00  3.002e+05
   7930.00  2.961e+05
   7950.00  2.943e+05
   7970.00  3.007e+05
   7990.00  3.006e+05
   8010.00  2.963e+05
   8030.00  2.958e+05
   8050.00  2.930e+05
   8070.00  2.938e+05
   8090.00  2.870e+05
   8110.00  2.892e+05
   8130.00  2.905e+05
   8150.00  2.885e+05
   8170.00  2.881e+05
   8190.00  2.800e+05
   8210.00  2.798e+05
   8230.00  2.800e+05
   8250.00  2.820e+05
   8270.00  2.843e+05
   8290.00  2.822e+05
   8310.00  2.749e+05
   8330.00  2.742e+05
   8350.00  2.745e+05
   8370.00  2.757e+05
   8390.00  2.687e+05
   8410.00  2.746e+05
   8430.00  2.682e+05
   8450.00  2.715e+05
   8470.00  2.685e+05
   8490.00  2.709e+05
   8510.00  2.579e+05
   8530.00  2.695e+05
   8550.00  2.525e+05
   8570.00  2.696e+05
   8590.00  2.630e+05
   8610.00  2.623e+05
   8630.00  2.652e+05
   8650.00  2.654e+05
   8670.00  2.447e+05
   8690.00  2.552e+05
   8710.00  2.585e+05
   8730.00  2.588e+05
   8750.00  2.537e+05
   8770.00  2.585e+05
   8790.00  2.554e+05
   8810.00  2.492e+05
   8830.00  2.530e+05
   8850.00  2.538e+05
   8870.00  2.466e+05
   8890.00  2.527e+05
   8910.00  2.540e+05
   8930.00  2.477e+05
   8950.00  2.473e+05
   8970.00  2.477e+05
   8990.00  2.478e+05
   9010.00  2.369e+05
   9030.00  2.448e+05
   9050.00  2.487e+05
   9070.00  2.439e+05
   9090.00  2.367e+05
   9110.00  2.385e+05
   9130.00  2.427e+05
   9150.00  2.409e+05
   9170.00  2.402e+05
   9190.00  2.420e+05
   9210.00  2.355e+05
   9230.00  2.335e+05
   9250.00  2.332e+05
   9270.00  2.349e+05
   9290.00  2.346e+05
   9310.00  2.355e+05
   9330.00  2.333e+05
   9350.00  2.326e+05
   9370.00  2.298e+05
   9390.00  2.310e+05
   9410.00  2.224e+05
   9430.00  2.290e+05
   9450.00  2.243e+05
   9470.00  2.279e+05
   9490.00  2.282e+05
   9510.00  2.259e+05
   9530.00  2.249e+05
   9550.00  2.192e+05
   9570.00  2.209e+05
   9590.00  2.236e+05
   9610.00  2.203e+05
   9630.00  2.184e+05
   9650.00  2.162e+05
   9670.00  2.159e+05
   9690.00  2.182e+05
   9710.00  2.161e+05
   9730.00  2.154e+05
   9750.00  2.133e+05
   9770.00  2.129e+05
   9790.00  2.107e+05
   9810.00  2.132e+05
   9830.00  2.119e+05
   9850.00  2.119e+05
   9870.00  2.096e+05
   9890.00  2.090e+05
   9910.00  2.082e+05
   9930.00  2.091e+05
   9950.00  2.085e+05
   9970.00  2.078e+05
   9990.00  2.065e+05
  10025.00  2.048e+05
  10075.00  2.014e+05
  10125.00  2.009e+05
  10175.00  1.974e+05
  10225.00  1.967e+05
  10275.00  1.962e+05
  10325.00  1.922e+05
  10375.00  1.903e+05
  10425.00  1.903e+05
  10475.00  1.873e+05
  10525.00  1.868e+05
  10575.00  1.844e+05
  10625.00  1.824e+05
  10675.00  1.785e+05
  10725.00  1.784e+05
  10775.00  1.760e+05
  10825.00  1.728e+05
  10875.00  1.720e+05
  10925.00  1.715e+05
  10975.00  1.691e+05
  11025.00  1.698e+05
  11075.00  1.690e+05
  11125.00  1.670e+05
  11175.00  1.649e+05
  11225.00  1.644e+05
  11275.00  1.610e+05
  11325.00  1.604e+05
  11375.00  1.588e+05
  11425.00  1.563e+05
  11475.00  1.578e+05
  11525.00  1.564e+05
  11575.00  1.538e+05
  11625.00  1.513e+05
  11675.00  1.508e+05
  11725.00  1.514e+05
  11775.00  1.480e+05
  11825.00  1.466e+05
  11875.00  1.446e+05
  11925.00  1.465e+05
  11975.00  1.411e+05
  12025.00  1.427e+05
  12075.00  1.406e+05
  12125.00  1.405e+05
  12175.00  1.407e+05
  12225.00  1.393e+05
  12275.00  1.376e+05
  12325.00  1.367e+05
  12375.00  1.357e+05
  12425.00  1.342e+05
  12475.00  1.338e+05
  12525.00  1.322e+05
  12575.00  1.313e+05
  12625.00  1.303e+05
  12675.00  1.286e+05
  12725.00  1.286e+05
  12775.00  1.280e+05
  12825.00  1.223e+05
  12875.00  1.249e+05
  12925.00  1.236e+05
  12975.00  1.238e+05
  13025.00  1.218e+05
  13075.00  1.219e+05
  13125.00  1.197e+05
  13175.00  1.187e+05
  13225.00  1.189e+05
  13275.00  1.166e+05
  13325.00  1.168e+05
  13375.00  1.155e+05
  13425.00  1.157e+05
  13475.00  1.146e+05
  13525.00  1.138e+05
  13575.00  1.116e+05
  13625.00  1.112e+05
  13675.00  1.106e+05
  13725.00  1.101e+05
  13775.00  1.092e+05
  13825.00  1.087e+05
  13875.00  1.078e+05
  13925.00  1.074e+05
  13975.00  1.067e+05
  14025.00  1.048e+05
  14075.00  1.051e+05
  14125.00  1.034e+05
  14175.00  1.040e+05
  14225.00  1.016e+05
  14275.00  1.000e+05
  14325.00  1.012e+05
  14375.00  1.012e+05
  14425.00  9.742e+04
  14475.00  9.938e+04
  14525.00  9.718e+04
  14570.00  9.758e+04
  14620.00  9.716e+04
  14675.00  9.680e+04
  14725.00  9.482e+04
  14775.00  9.440e+04
  14825.00  9.401e+04
  14875.00  9.195e+04
  14925.00  9.369e+04
  14975.00  9.193e+04
  15025.00  8.967e+04
  15075.00  8.902e+04
  15125.00  9.027e+04
  15175.00  8.998e+04
  15225.00  8.856e+04
  15275.00  8.879e+04
  15325.00  8.774e+04
  15375.00  8.752e+04
  15425.00  8.697e+04
  15475.00  8.638e+04
  15525.00  8.492e+04
  15575.00  8.376e+04
  15625.00  8.514e+04
  15675.00  8.233e+04
  15725.00  8.285e+04
  15775.00  8.008e+04
  15825.00  8.109e+04
  15875.00  7.750e+04
  15925.00  7.928e+04
  15975.00  8.002e+04
  16050.00  7.885e+04
  16150.00  7.690e+04
  16250.00  7.692e+04
  16350.00  7.521e+04
  16450.00  7.305e+04
  16550.00  7.305e+04
  16650.00  7.182e+04
  16750.00  6.971e+04
  16850.00  6.736e+04
  16950.00  6.809e+04
  17050.00  6.575e+04
  17150.00  6.494e+04
  17250.00  6.301e+04
  17350.00  6.050e+04
  17450.00  6.068e+04
  17550.00  5.980e+04
  17650.00  5.872e+04
  17750.00  5.745e+04
  17850.00  5.668e+04
  17950.00  5.556e+04
  18050.00  5.431e+04
  18150.00  5.234e+04
  18250.00  5.200e+04
  18350.00  5.123e+04
  18450.00  4.983e+04
  18550.00  4.933e+04
  18650.00  4.784e+04
  18750.00  4.576e+04
  18850.00  4.645e+04
  18950.00  4.454e+04
  19050.00  4.496e+04
  19150.00  4.398e+04
  19250.00  4.324e+04
  19350.00  4.202e+04
  19450.00  4.042e+04
  19550.00  4.086e+04
  19650.00  4.002e+04
  19750.00  3.921e+04
  19850.00  3.866e+04
  19950.00  3.802e+04
  20050.00  3.761e+04
  20150.00  3.712e+04
  20250.00  3.604e+04
  20350.00  3.523e+04
  20450.00  3.516e+04
  20550.00  3.446e+04
  20650.00  3.365e+04
  20750.00  3.319e+04
  20850.00  3.264e+04
  20950.00  3.185e+04
  21050.00  3.162e+04
  21150.00  3.102e+04
  21250.00  3.048e+04
  21350.00  3.009e+04
  21450.00  2.959e+04
  21550.00  2.910e+04
  21650.00  2.789e+04
  21750.00  2.792e+04
  21850.00  2.751e+04
  21950.00  2.723e+04
  22050.00  2.653e+04
  22150.00  2.634e+04
  22250.00  2.580e+04
  22350.00  2.539e+04
  22450.00  2.500e+04
  22550.00  2.460e+04
  22650.00  2.414e+04
  22750.00  2.389e+04
  22850.00  2.336e+04
  22950.00  2.202e+04
  23050.00  2.230e+04
  23150.00  2.202e+04
  23250.00  2.055e+04
  23350.00  2.094e+04
  23450.00  2.094e+04
  23550.00  1.940e+04
  23650.00  1.996e+04
  23750.00  1.983e+04
  23850.00  1.846e+04
  23950.00  1.891e+04
  24050.00  1.885e+04
  24150.00  1.780e+04
  24250.00  1.799e+04
  24350.00  1.790e+04
  24450.00  1.724e+04
  24550.00  1.699e+04
  24650.00  1.720e+04
  24750.00  1.670e+04
  24850.00  1.621e+04
  24950.00  1.631e+04
  25050.00  1.633e+04
  25150.00  1.563e+04
  25250.00  1.573e+04
  25350.00  1.558e+04
  25450.00  1.522e+04
  25550.00  1.503e+04
  25650.00  1.485e+04
  25750.00  1.481e+04
  25850.00  1.427e+04
  25950.00  1.431e+04
  26050.00  1.419e+04
  26150.00  1.391e+04
  26250.00  1.352e+04
  26350.00  1.358e+04
  26450.00  1.339e+04
  26550.00  1.320e+04
  26650.00  1.293e+04
  26750.00  1.292e+04
  26850.00  1.282e+04
  26950.00  1.259e+04
  27050.00  1.247e+04
  27150.00  1.230e+04
  27250.00  1.215e+04
  27350.00  1.198e+04
  27450.00  1.187e+04
  27550.00  1.164e+04
  27650.00  1.150e+04
  27750.00  1.136e+04
  27850.00  1.124e+04
  27950.00  1.114e+04
  28050.00  1.098e+04
  28150.00  1.084e+04
  28250.00  1.070e+04
  28350.00  1.059e+04
  28450.00  1.041e+04
  28550.00  1.030e+04
  28650.00  1.016e+04
  28750.00  9.956e+03
  28850.00  9.907e+03
  28950.00  9.793e+03
  29050.00  9.667e+03
  29150.00  9.550e+03
  29250.00  9.389e+03
  29350.00  9.313e+03
  29450.00  9.164e+03
  29550.00  9.072e+03
  29650.00  8.974e+03
  29750.00  8.861e+03
  29850.00  8.748e+03
  29950.00  8.624e+03
  30050.00  8.520e+03
  30150.00  8.433e+03
  30250.00  8.314e+03
  30350.00  8.131e+03
  30450.00  8.106e+03
  30550.00  8.012e+03
  30650.00  7.904e+03
  30750.00  7.833e+03
  30850.00  7.711e+03
  30950.00  7.623e+03
  31050.00  7.554e+03
  31150.00  7.402e+03
  31250.00  7.362e+03
  31350.00  7.284e+03
  31450.00  7.195e+03
  31550.00  7.084e+03
  31650.00  7.010e+03
  31750.00  6.935e+03
  31850.00  6.854e+03
  31950.00  6.785e+03
  32100.00  6.652e+03
  32300.00  6.503e+03
  32500.00  6.348e+03
  32700.00  6.198e+03
  32900.00  6.019e+03
  33100.00  5.912e+03
  33300.00  5.772e+03
  33500.00  5.658e+03
  33700.00  5.524e+03
  33900.00  5.392e+03
  34100.00  5.265e+03
  34300.00  5.172e+03
  34500.00  5.067e+03
  34700.00  4.951e+03
  34900.00  4.846e+03
  35100.00  4.746e+03
  35300.00  4.633e+03
  35500.00  4.543e+03
  35700.00  4.440e+03
  35900.00  4.346e+03
  36100.00  4.266e+03
  36300.00  4.177e+03
  36500.00  4.075e+03
  36700.00  3.988e+03
  36900.00  3.884e+03
  37100.00  3.801e+03
  37300.00  3.740e+03
  37500.00  3.628e+03
  37700.00  3.594e+03
  37900.00  3.519e+03
  38100.00  3.457e+03
  38300.00  3.397e+03
  38500.00  3.334e+03
  38700.00  3.259e+03
  38900.00  3.197e+03
  39100.00  3.140e+03
  39300.00  3.081e+03
  39500.00  3.009e+03
  39700.00  2.958e+03
  39900.00  2.883e+03
  40100.00  2.838e+03
  40300.00  2.795e+03
  40500.00  2.725e+03
  40700.00  2.688e+03
  40900.00  2.639e+03
  41100.00  2.593e+03
  41300.00  2.549e+03
  41500.00  2.496e+03
  41700.00  2.450e+03
  41900.00  2.405e+03
  42100.00  2.351e+03
  42300.00  2.327e+03
  42500.00  2.277e+03
  42700.00  2.242e+03
  42900.00  2.128e+03
  43100.00  2.039e+03
  43300.00  2.040e+03
  43500.00  1.931e+03
  43700.00  1.888e+03
  43900.00  1.867e+03
  44100.00  1.761e+03
  44300.00  1.756e+03
  44500.00  1.729e+03
  44700.00  1.641e+03
  44900.00  1.657e+03
  45100.00  1.617e+03
  45300.00  1.548e+03
  45500.00  1.555e+03
  45700.00  1.542e+03
  45900.00  1.471e+03
  46100.00  1.482e+03
  46300.00  1.455e+03
  46500.00  1.434e+03
  46700.00  1.421e+03
  46900.00  1.404e+03
  47100.00  1.373e+03
  47300.00  1.375e+03
  47500.00  1.346e+03
  47700.00  1.324e+03
  47900.00  1.307e+03
  48100.00  1.277e+03
  48300.00  1.282e+03
  48500.00  1.255e+03
  48700.00  1.231e+03
  48900.00  1.217e+03
  49100.00  1.196e+03
  49300.00  1.178e+03
  49500.00  1.159e+03
  49700.00  1.147e+03
  49900.00  1.127e+03
  50100.00  1.118e+03
  50300.00  1.102e+03
  50500.00  1.077e+03
  50700.00  1.065e+03
  50900.00  1.055e+03
  51100.00  1.032e+03
  51300.00  1.023e+03
  51500.00  1.006e+03
  51700.00  1.003e+03
  51900.00  9.810e+02
  52100.00  9.677e+02
  52300.00  9.519e+02
  52500.00  9.459e+02
  52700.00  9.389e+02
  52900.00  9.143e+02
  53100.00  9.047e+02
  53300.00  8.948e+02
  53500.00  8.839e+02
  53700.00  8.729e+02
  53900.00  8.625e+02
  54100.00  8.506e+02
  54300.00  8.336e+02
  54500.00  8.293e+02
  54700.00  8.168e+02
  54900.00  8.058e+02
  55100.00  7.961e+02
  55300.00  7.941e+02
  55500.00  7.730e+02
  55700.00  7.723e+02
  55900.00  7.573e+02
  56100.00  7.494e+02
  56300.00  7.366e+02
  56500.00  7.328e+02
  56700.00  7.232e+02
  56900.00  7.090e+02
  57100.00  7.060e+02
  57300.00  6.962e+02
  57500.00  6.880e+02
  57700.00  6.774e+02
  57900.00  6.724e+02
  58100.00  6.610e+02
  58300.00  6.537e+02
  58500.00  6.467e+02
  58700.00  6.360e+02
  58900.00  6.283e+02
  59100.00  6.219e+02
  59300.00  6.151e+02
  59500.00  6.056e+02
  59700.00  6.008e+02
  59900.00  5.933e+02
  60100.00  5.860e+02
  60300.00  5.790e+02
  60500.00  5.706e+02
  60700.00  5.635e+02
  60900.00  5.568e+02
  61100.00  5.487e+02
  61300.00  5.437e+02
  61500.00  5.377e+02
  61700.00  5.318e+02
  61900.00  5.259e+02
  62100.00  5.199e+02
  62300.00  5.120e+02
  62500.00  5.056e+02
  62700.00  4.999e+02
  62900.00  4.944e+02
  63100.00  4.878e+02
  63300.00  4.839e+02
  63500.00  4.773e+02
  63700.00  4.728e+02
  63900.00  4.663e+02
  64200.00  4.583e+02
  64600.00  4.473e+02
  65000.00  4.370e+02
  65400.00  4.271e+02
  65800.00  4.177e+02
  66200.00  4.078e+02
  66600.00  3.987e+02
  67000.00  3.896e+02
  67400.00  3.805e+02
  67800.00  3.722e+02
  68200.00  3.638e+02
  68600.00  3.558e+02
  69000.00  3.477e+02
  69400.00  3.400e+02
  69800.00  3.327e+02
  70200.00  3.250e+02
  70600.00  3.182e+02
  71000.00  3.113e+02
  71400.00  3.046e+02
  71800.00  2.980e+02
  72200.00  2.916e+02
  72600.00  2.853e+02
  73000.00  2.794e+02
  73400.00  2.733e+02
  73800.00  2.677e+02
  74200.00  2.619e+02
  74600.00  2.562e+02
  75000.00  2.511e+02
  75400.00  2.460e+02
  75800.00  2.412e+02
  76200.00  2.362e+02
  76600.00  2.315e+02
  77000.00  2.267e+02
  77400.00  2.222e+02
  77800.00  2.178e+02
  78200.00  2.135e+02
  78600.00  2.093e+02
  79000.00  2.051e+02
  79400.00  2.011e+02
  79800.00  1.972e+02
  80200.00  1.933e+02
  80600.00  1.895e+02
  81000.00  1.860e+02
  81400.00  1.823e+02
  81800.00  1.789e+02
  82200.00  1.755e+02
  82600.00  1.722e+02
  83000.00  1.690e+02
  83400.00  1.657e+02
  83800.00  1.627e+02
  84200.00  1.597e+02
  84600.00  1.568e+02
  85000.00  1.539e+02
  85400.00  1.511e+02
  85800.00  1.483e+02
  86200.00  1.456e+02
  86600.00  1.430e+02
  87000.00  1.405e+02
  87400.00  1.380e+02
  87800.00  1.355e+02
  88200.00  1.330e+02
  88600.00  1.307e+02
  89000.00  1.284e+02
  89400.00  1.262e+02
  89800.00  1.239e+02
  90200.00  1.219e+02
  90600.00  1.198e+02
  91000.00  1.176e+02
  91400.00  1.157e+02
  91800.00  1.137e+02
  92200.00  1.118e+02
  92600.00  1.099e+02
  93000.00  1.081e+02
  93400.00  1.063e+02
  93800.00  1.045e+02
  94200.00  1.028e+02
  94600.00  1.010e+02
  95000.00  9.938e+01
  95400.00  9.774e+01
  95800.00  9.616e+01
  96200.00  9.458e+01
  96600.00  9.306e+01
  97000.00  9.156e+01
  97400.00  8.999e+01
  97800.00  8.861e+01
  98200.00  8.722e+01
  98600.00  8.584e+01
  99000.00  8.449e+01
  99400.00  8.313e+01
  99800.00  8.184e+01
 100200.00  8.056e+01
 200000.00  5.214e+00
 400000.00  3.270e-01
 600000.00  6.424e-02
 800000.00  2.019e-02
