     90.90  0.000e+00
     93.50  0.000e+00
     96.10  0.000e+00
     97.70  0.000e+00
     99.60  0.000e+00
    102.00  0.000e+00
    103.80  0.000e+00
    105.60  0.000e+00
    107.70  0.000e+00
    110.40  0.000e+00
    114.00  0.000e+00
    117.80  0.000e+00
    121.30  0.000e+00
    124.80  0.000e+00
    127.10  0.000e+00
    128.40  0.000e+00
    130.50  0.000e+00
    132.40  0.000e+00
    133.90  0.000e+00
    136.60  0.000e+00
    139.80  0.000e+00
    143.30  0.000e+00
    147.20  0.000e+00
    151.00  0.000e+00
    155.20  0.000e+00
    158.80  0.000e+00
    162.00  0.000e+00
    166.00  0.000e+00
    170.30  0.000e+00
    173.40  0.000e+00
    176.80  0.000e+00
    180.20  0.000e+00
    181.70  0.000e+00
    186.10  0.000e+00
    191.00  0.000e+00
    193.90  0.000e+00
    198.40  0.000e+00
    201.80  0.000e+00
    205.00  0.000e+00
    210.50  0.000e+00
    216.20  0.000e+00
    219.80  0.000e+00
    223.00  0.000e+00
    226.80  0.000e+00
    230.00  0.000e+00
    234.00  0.000e+00
    240.00  0.000e+00
    246.50  0.000e+00
    252.40  0.000e+00
    256.80  0.000e+00
    260.00  0.000e+00
    264.00  0.000e+00
    268.50  0.000e+00
    273.50  0.000e+00
    278.50  0.000e+00
    284.00  0.000e+00
    290.00  0.000e+00
    296.00  0.000e+00
    301.00  0.000e+00
    308.00  0.000e+00
    318.00  0.000e+00
    328.00  0.000e+00
    338.00  0.000e+00
    348.00  0.000e+00
    357.00  0.000e+00
    366.00  0.000e+00
    375.00  0.000e+00
    385.00  0.000e+00
    395.00  0.000e+00
    405.00  0.000e+00
    414.00  0.000e+00
    422.00  0.000e+00
    430.00  0.000e+00
    441.00  0.000e+00
    451.00  0.000e+00
    460.00  0.000e+00
    470.00  0.000e+00
    480.00  0.000e+00
    490.00  0.000e+00
    500.00  0.000e+00
    506.00  0.000e+00
    512.00  0.000e+00
    520.00  0.000e+00
    530.00  0.000e+00
    540.00  0.000e+00
    550.00  0.000e+00
    560.00  0.000e+00
    570.00  0.000e+00
    580.00  0.000e+00
    590.00  0.000e+00
    600.00  0.000e+00
    610.00  0.000e+00
    620.00  0.000e+00
    630.00  0.000e+00
    640.00  0.000e+00
    650.00  0.000e+00
    658.00  0.000e+00
    665.00  0.000e+00
    675.00  0.000e+00
    685.00  0.000e+00
    695.00  0.000e+00
    705.00  0.000e+00
    716.00  0.000e+00
    726.00  0.000e+00
    735.00  0.000e+00
    745.00  0.000e+00
    755.00  0.000e+00
    765.00  0.000e+00
    775.00  0.000e+00
    785.00  0.000e+00
    795.00  0.000e+00
    805.00  0.000e+00
    815.00  0.000e+00
    825.00  0.000e+00
    835.00  0.000e+00
    845.00  0.000e+00
    855.00  0.000e+00
    865.00  0.000e+00
    875.00  0.000e+00
    885.00  0.000e+00
    895.00  0.000e+00
    905.00  0.000e+00
    915.00  0.000e+00
    925.00  2.098e-05
    935.00  2.845e-05
    945.00  3.849e-05
    955.00  5.576e-05
    965.00  7.585e-05
    975.00  9.830e-05
    985.00  1.317e-04
    995.00  1.684e-04
   1005.00  2.377e-04
   1015.00  3.103e-04
   1025.00  3.510e-04
   1035.00  5.166e-04
   1045.00  6.708e-04
   1055.00  8.584e-04
   1065.00  1.061e-03
   1075.00  1.365e-03
   1085.00  1.731e-03
   1095.00  2.120e-03
   1105.00  3.496e-02
   1115.00  7.857e-02
   1125.00  1.149e-01
   1135.00  1.524e-01
   1145.00  2.000e-01
   1155.00  2.153e-01
   1165.00  3.006e-01
   1175.00  3.590e-01
   1185.00  3.550e-01
   1195.00  1.954e-01
   1205.00  1.923e-01
   1215.00  2.666e-02
   1225.00  2.433e-01
   1235.00  6.637e-01
   1245.00  2.045e+00
   1255.00  3.608e+00
   1265.00  3.686e+00
   1275.00  6.089e+00
   1285.00  8.948e+00
   1295.00  1.126e+01
   1305.00  9.312e+00
   1315.00  1.563e+01
   1325.00  1.858e+01
   1335.00  2.168e+01
   1345.00  2.688e+01
   1355.00  2.873e+01
   1365.00  3.259e+01
   1375.00  3.517e+01
   1385.00  3.789e+01
   1395.00  4.418e+01
   1405.00  5.075e+01
   1415.00  5.404e+01
   1425.00  5.984e+01
   1435.00  6.400e+01
   1442.00  7.983e+01
   1447.00  8.071e+01
   1455.00  9.200e+01
   1465.00  9.816e+01
   1475.00  1.084e+02
   1485.00  1.215e+02
   1495.00  1.501e+02
   1505.00  1.725e+02
   1512.00  1.607e+02
   1517.00  1.753e+02
   1525.00  2.970e+02
   1535.00  3.785e+02
   1545.00  4.385e+02
   1555.00  5.061e+02
   1565.00  4.675e+02
   1575.00  7.238e+02
   1585.00  8.377e+02
   1595.00  1.025e+03
   1605.00  9.928e+02
   1615.00  1.009e+03
   1625.00  9.826e+02
   1635.00  1.227e+03
   1645.00  1.524e+03
   1655.00  9.561e+02
   1665.00  1.664e+03
   1672.00  1.006e+03
   1677.00  8.341e+03
   1685.00  9.282e+03
   1695.00  8.254e+03
   1705.00  8.885e+03
   1715.00  1.685e+04
   1725.00  2.086e+04
   1735.00  2.808e+04
   1745.00  2.423e+04
   1755.00  3.650e+04
   1765.00  2.683e+04
   1775.00  3.657e+04
   1785.00  3.433e+04
   1795.00  5.851e+04
   1805.00  5.154e+04
   1815.00  6.082e+04
   1825.00  5.618e+04
   1835.00  5.265e+04
   1845.00  4.540e+04
   1855.00  6.344e+04
   1865.00  8.272e+04
   1875.00  7.351e+04
   1885.00  7.956e+04
   1895.00  9.696e+04
   1905.00  9.025e+04
   1915.00  9.333e+04
   1925.00  7.652e+04
   1935.00  3.369e+04
   1945.00  1.072e+05
   1955.00  1.144e+05
   1967.00  1.371e+05
   1976.00  1.254e+05
   1984.00  1.437e+05
   1995.00  1.442e+05
   2005.00  1.293e+05
   2015.00  1.233e+05
   2025.00  1.089e+05
   2035.00  1.455e+05
   2045.00  1.646e+05
   2055.00  1.490e+05
   2065.00  1.362e+05
   2074.00  1.766e+05
   2078.00  2.547e+05
   2085.00  2.706e+05
   2095.00  2.486e+05
   2105.00  2.210e+05
   2115.00  2.390e+05
   2125.00  2.215e+05
   2135.00  1.842e+05
   2145.00  2.368e+05
   2155.00  2.475e+05
   2165.00  2.126e+05
   2175.00  2.229e+05
   2185.00  2.518e+05
   2195.00  2.761e+05
   2205.00  2.533e+05
   2215.00  1.945e+05
   2225.00  1.978e+05
   2235.00  2.753e+05
   2245.00  2.543e+05
   2255.00  1.860e+05
   2265.00  1.882e+05
   2275.00  2.308e+05
   2285.00  2.697e+05
   2295.00  2.353e+05
   2305.00  2.702e+05
   2315.00  2.327e+05
   2325.00  1.300e+05
   2335.00  1.270e+05
   2345.00  8.329e+04
   2355.00  1.834e+05
   2365.00  8.635e+04
   2375.00  1.303e+05
   2385.00  5.869e+04
   2395.00  8.554e+04
   2405.00  8.209e+04
   2415.00  1.224e+05
   2425.00  2.355e+05
   2435.00  2.361e+05
   2445.00  2.736e+05
   2455.00  2.833e+05
   2465.00  2.593e+05
   2475.00  2.304e+05
   2485.00  2.023e+05
   2495.00  2.053e+05
   2505.00  3.147e+05
   2513.00  1.455e+05
   2518.00  1.173e+05
   2525.00  1.284e+05
   2535.00  1.671e+05
   2545.00  1.866e+05
   2555.00  2.647e+05
   2565.00  2.029e+05
   2575.00  2.462e+05
   2585.00  2.115e+05
   2595.00  1.815e+05
   2605.00  1.500e+05
   2615.00  1.334e+05
   2625.00  1.986e+05
   2635.00  3.083e+05
   2645.00  4.656e+05
   2655.00  5.332e+05
   2665.00  3.779e+05
   2675.00  4.425e+05
   2685.00  4.523e+05
   2695.00  3.862e+05
   2705.00  4.490e+05
   2715.00  3.515e+05
   2725.00  3.467e+05
   2735.00  3.871e+05
   2745.00  1.798e+05
   2755.00  2.440e+05
   2765.00  3.130e+05
   2775.00  3.752e+05
   2785.00  2.363e+05
   2795.00  7.429e+04
   2805.00  9.861e+04
   2815.00  3.395e+05
   2825.00  5.068e+05
   2835.00  4.959e+05
   2845.00  4.791e+05
   2855.00  3.770e+05
   2865.00  5.497e+05
   2875.00  5.608e+05
   2885.00  5.423e+05
   2895.00  5.341e+05
   2910.00  6.708e+05
   2930.00  6.212e+05
   2950.00  6.120e+05
   2970.00  6.677e+05
   2990.00  6.869e+05
   3010.00  7.294e+05
   3030.00  7.112e+05
   3050.00  7.303e+05
   3070.00  7.431e+05
   3090.00  7.838e+05
   3110.00  7.580e+05
   3130.00  7.498e+05
   3150.00  7.756e+05
   3170.00  7.855e+05
   3190.00  7.094e+05
   3210.00  7.702e+05
   3230.00  6.867e+05
   3250.00  7.767e+05
   3270.00  8.324e+05
   3290.00  8.201e+05
   3310.00  8.555e+05
   3330.00  8.416e+05
   3350.00  8.386e+05
   3370.00  8.005e+05
   3390.00  8.282e+05
   3410.00  8.309e+05
   3430.00  8.412e+05
   3450.00  8.598e+05
   3470.00  8.465e+05
   3490.00  8.560e+05
   3510.00  8.881e+05
   3530.00  8.631e+05
   3550.00  9.439e+05
   3570.00  8.500e+05
   3590.00  8.393e+05
   3610.00  8.620e+05
   3630.00  8.709e+05
   3640.00  8.778e+05
   3650.00  9.417e+05
   3670.00  8.732e+05
   3690.00  8.868e+05
   3710.00  1.086e+06
   3730.00  1.078e+06
   3750.00  1.228e+06
   3770.00  1.309e+06
   3790.00  1.446e+06
   3810.00  1.608e+06
   3830.00  1.333e+06
   3850.00  1.672e+06
   3870.00  1.777e+06
   3890.00  1.387e+06
   3910.00  1.673e+06
   3930.00  9.428e+05
   3950.00  1.452e+06
   3970.00  9.670e+05
   3990.00  1.738e+06
   4010.00  1.856e+06
   4030.00  1.865e+06
   4050.00  1.838e+06
   4070.00  1.816e+06
   4090.00  1.766e+06
   4110.00  1.548e+06
   4130.00  1.836e+06
   4150.00  1.915e+06
   4170.00  1.875e+06
   4190.00  1.881e+06
   4210.00  1.870e+06
   4230.00  1.827e+06
   4250.00  1.857e+06
   4270.00  1.806e+06
   4290.00  1.788e+06
   4310.00  1.665e+06
   4330.00  1.667e+06
   4350.00  1.509e+06
   4370.00  1.855e+06
   4390.00  1.809e+06
   4410.00  1.796e+06
   4430.00  1.779e+06
   4450.00  1.784e+06
   4470.00  1.808e+06
   4490.00  1.795e+06
   4510.00  1.892e+06
   4530.00  1.772e+06
   4550.00  1.775e+06
   4570.00  1.863e+06
   4590.00  1.767e+06
   4610.00  1.813e+06
   4630.00  1.767e+06
   4650.00  1.787e+06
   4670.00  1.804e+06
   4690.00  1.760e+06
   4710.00  1.693e+06
   4730.00  1.768e+06
   4750.00  1.778e+06
   4770.00  1.754e+06
   4790.00  1.747e+06
   4810.00  1.726e+06
   4830.00  1.717e+06
   4850.00  1.540e+06
   4870.00  1.316e+06
   4890.00  1.634e+06
   4910.00  1.646e+06
   4930.00  1.619e+06
   4950.00  1.662e+06
   4970.00  1.672e+06
   4990.00  1.579e+06
   5010.00  1.524e+06
   5030.00  1.589e+06
   5050.00  1.576e+06
   5070.00  1.614e+06
   5090.00  1.579e+06
   5110.00  1.585e+06
   5130.00  1.544e+06
   5150.00  1.511e+06
   5170.00  1.491e+06
   5190.00  1.479e+06
   5210.00  1.487e+06
   5230.00  1.495e+06
   5250.00  1.513e+06
   5270.00  1.407e+06
   5290.00  1.491e+06
   5310.00  1.489e+06
   5330.00  1.425e+06
   5350.00  1.475e+06
   5370.00  1.463e+06
   5390.00  1.447e+06
   5410.00  1.414e+06
   5430.00  1.430e+06
   5450.00  1.449e+06
   5470.00  1.424e+06
   5490.00  1.428e+06
   5510.00  1.413e+06
   5530.00  1.408e+06
   5550.00  1.410e+06
   5570.00  1.383e+06
   5590.00  1.373e+06
   5610.00  1.379e+06
   5630.00  1.380e+06
   5650.00  1.367e+06
   5670.00  1.343e+06
   5690.00  1.353e+06
   5710.00  1.337e+06
   5730.00  1.367e+06
   5750.00  1.338e+06
   5770.00  1.339e+06
   5790.00  1.322e+06
   5810.00  1.322e+06
   5830.00  1.322e+06
   5850.00  1.302e+06
   5870.00  1.299e+06
   5890.00  1.265e+06
   5910.00  1.281e+06
   5930.00  1.273e+06
   5950.00  1.269e+06
   5970.00  1.262e+06
   5990.00  1.248e+06
   6010.00  1.231e+06
   6030.00  1.230e+06
   6050.00  1.233e+06
   6070.00  1.229e+06
   6090.00  1.209e+06
   6110.00  1.197e+06
   6130.00  1.170e+06
   6150.00  1.161e+06
   6170.00  1.155e+06
   6190.00  1.176e+06
   6210.00  1.170e+06
   6230.00  1.151e+06
   6250.00  1.112e+06
   6270.00  1.150e+06
   6290.00  1.144e+06
   6310.00  1.118e+06
   6330.00  1.119e+06
   6350.00  1.113e+06
   6370.00  1.105e+06
   6390.00  1.105e+06
   6410.00  1.082e+06
   6430.00  1.084e+06
   6450.00  1.072e+06
   6470.00  1.072e+06
   6490.00  1.051e+06
   6510.00  1.058e+06
   6530.00  1.049e+06
   6550.00  9.812e+05
   6570.00  8.175e+05
   6590.00  1.012e+06
   6610.00  1.030e+06
   6630.00  1.028e+06
   6650.00  1.022e+06
   6670.00  1.012e+06
   6690.00  1.014e+06
   6710.00  1.003e+06
   6730.00  1.001e+06
   6750.00  9.879e+05
   6770.00  9.892e+05
   6790.00  9.810e+05
   6810.00  9.748e+05
   6830.00  9.685e+05
   6850.00  9.572e+05
   6870.00  9.582e+05
   6890.00  9.540e+05
   6910.00  9.465e+05
   6930.00  9.410e+05
   6950.00  9.358e+05
   6970.00  9.292e+05
   6990.00  9.255e+05
   7010.00  9.062e+05
   7030.00  9.091e+05
   7050.00  9.069e+05
   7070.00  9.009e+05
   7090.00  8.950e+05
   7110.00  8.760e+05
   7130.00  8.768e+05
   7150.00  8.741e+05
   7170.00  8.673e+05
   7190.00  8.561e+05
   7210.00  8.568e+05
   7230.00  8.504e+05
   7250.00  8.490e+05
   7270.00  8.466e+05
   7290.00  8.317e+05
   7310.00  8.311e+05
   7330.00  8.279e+05
   7350.00  8.264e+05
   7370.00  8.236e+05
   7390.00  8.091e+05
   7410.00  7.957e+05
   7430.00  7.971e+05
   7450.00  7.954e+05
   7470.00  7.909e+05
   7490.00  7.860e+05
   7510.00  7.846e+05
   7530.00  7.816e+05
   7550.00  7.817e+05
   7570.00  7.735e+05
   7590.00  7.692e+05
   7610.00  7.645e+05
   7630.00  7.616e+05
   7650.00  7.551e+05
   7670.00  7.421e+05
   7690.00  7.456e+05
   7710.00  7.368e+05
   7730.00  7.374e+05
   7750.00  7.293e+05
   7770.00  7.177e+05
   7790.00  7.281e+05
   7810.00  7.222e+05
   7830.00  7.132e+05
   7850.00  7.069e+05
   7870.00  7.079e+05
   7890.00  7.029e+05
   7910.00  6.968e+05
   7930.00  6.887e+05
   7950.00  6.862e+05
   7970.00  6.904e+05
   7990.00  6.836e+05
   8010.00  6.781e+05
   8030.00  6.742e+05
   8050.00  6.701e+05
   8070.00  6.687e+05
   8090.00  6.614e+05
   8110.00  6.630e+05
   8130.00  6.603e+05
   8150.00  6.556e+05
   8170.00  6.518e+05
   8190.00  6.354e+05
   8210.00  6.357e+05
   8230.00  6.319e+05
   8250.00  6.297e+05
   8270.00  6.337e+05
   8290.00  6.281e+05
   8310.00  6.192e+05
   8330.00  6.079e+05
   8350.00  6.101e+05
   8370.00  6.050e+05
   8390.00  5.962e+05
   8410.00  5.960e+05
   8430.00  5.934e+05
   8450.00  5.857e+05
   8470.00  5.738e+05
   8490.00  5.946e+05
   8510.00  5.472e+05
   8530.00  5.974e+05
   8550.00  5.223e+05
   8570.00  5.997e+05
   8590.00  5.677e+05
   8610.00  5.536e+05
   8630.00  5.914e+05
   8650.00  5.807e+05
   8670.00  4.944e+05
   8690.00  5.664e+05
   8710.00  5.795e+05
   8730.00  5.712e+05
   8750.00  5.068e+05
   8770.00  5.614e+05
   8790.00  5.690e+05
   8810.00  5.631e+05
   8830.00  5.552e+05
   8850.00  5.386e+05
   8870.00  4.886e+05
   8890.00  5.485e+05
   8910.00  5.509e+05
   8930.00  5.446e+05
   8950.00  5.462e+05
   8970.00  5.423e+05
   8990.00  5.362e+05
   9010.00  4.742e+05
   9030.00  5.093e+05
   9050.00  5.320e+05
   9070.00  5.186e+05
   9090.00  5.078e+05
   9110.00  5.174e+05
   9130.00  5.222e+05
   9150.00  5.209e+05
   9170.00  5.159e+05
   9190.00  5.121e+05
   9210.00  4.959e+05
   9230.00  4.360e+05
   9250.00  4.837e+05
   9270.00  4.915e+05
   9290.00  5.001e+05
   9310.00  4.991e+05
   9330.00  4.951e+05
   9350.00  4.928e+05
   9370.00  4.912e+05
   9390.00  4.869e+05
   9410.00  4.681e+05
   9430.00  4.790e+05
   9450.00  4.755e+05
   9470.00  4.775e+05
   9490.00  4.755e+05
   9510.00  4.694e+05
   9530.00  4.573e+05
   9550.00  4.033e+05
   9570.00  4.538e+05
   9590.00  4.606e+05
   9610.00  4.553e+05
   9630.00  4.490e+05
   9650.00  4.515e+05
   9670.00  4.455e+05
   9690.00  4.457e+05
   9710.00  4.484e+05
   9730.00  4.457e+05
   9750.00  4.389e+05
   9770.00  4.404e+05
   9790.00  4.381e+05
   9810.00  4.361e+05
   9830.00  4.339e+05
   9850.00  4.291e+05
   9870.00  4.265e+05
   9890.00  4.235e+05
   9910.00  4.214e+05
   9930.00  4.213e+05
   9950.00  4.195e+05
   9970.00  4.183e+05
   9990.00  4.154e+05
  10025.00  4.004e+05
  10075.00  3.852e+05
  10125.00  3.982e+05
  10175.00  3.944e+05
  10225.00  3.913e+05
  10275.00  3.876e+05
  10325.00  3.800e+05
  10375.00  3.764e+05
  10425.00  3.719e+05
  10475.00  3.631e+05
  10525.00  3.606e+05
  10575.00  3.569e+05
  10625.00  3.518e+05
  10675.00  3.416e+05
  10725.00  3.411e+05
  10775.00  3.371e+05
  10825.00  3.323e+05
  10875.00  3.278e+05
  10925.00  3.027e+05
  10975.00  3.148e+05
  11025.00  3.195e+05
  11075.00  3.165e+05
  11125.00  3.113e+05
  11175.00  3.074e+05
  11225.00  3.049e+05
  11275.00  2.957e+05
  11325.00  2.928e+05
  11375.00  2.921e+05
  11425.00  2.860e+05
  11475.00  2.873e+05
  11525.00  2.841e+05
  11575.00  2.797e+05
  11625.00  2.727e+05
  11675.00  2.685e+05
  11725.00  2.708e+05
  11775.00  2.620e+05
  11825.00  2.611e+05
  11875.00  2.562e+05
  11925.00  2.589e+05
  11975.00  2.516e+05
  12025.00  2.514e+05
  12075.00  2.474e+05
  12125.00  2.453e+05
  12175.00  2.438e+05
  12225.00  2.406e+05
  12275.00  2.376e+05
  12325.00  2.349e+05
  12375.00  2.325e+05
  12425.00  2.303e+05
  12475.00  2.276e+05
  12525.00  2.244e+05
  12575.00  2.208e+05
  12625.00  2.192e+05
  12675.00  2.171e+05
  12725.00  2.152e+05
  12775.00  2.109e+05
  12825.00  1.904e+05
  12875.00  2.064e+05
  12925.00  2.052e+05
  12975.00  2.035e+05
  13025.00  2.011e+05
  13075.00  1.995e+05
  13125.00  1.965e+05
  13175.00  1.937e+05
  13225.00  1.929e+05
  13275.00  1.903e+05
  13325.00  1.886e+05
  13375.00  1.864e+05
  13425.00  1.847e+05
  13475.00  1.827e+05
  13525.00  1.803e+05
  13575.00  1.775e+05
  13625.00  1.766e+05
  13675.00  1.744e+05
  13725.00  1.708e+05
  13775.00  1.703e+05
  13825.00  1.687e+05
  13875.00  1.678e+05
  13925.00  1.651e+05
  13975.00  1.638e+05
  14025.00  1.619e+05
  14075.00  1.607e+05
  14125.00  1.582e+05
  14175.00  1.573e+05
  14225.00  1.546e+05
  14275.00  1.528e+05
  14325.00  1.522e+05
  14375.00  1.511e+05
  14425.00  1.454e+05
  14475.00  1.476e+05
  14525.00  1.440e+05
  14570.00  1.443e+05
  14620.00  1.441e+05
  14675.00  1.451e+05
  14725.00  1.419e+05
  14775.00  1.392e+05
  14825.00  1.376e+05
  14875.00  1.348e+05
  14925.00  1.348e+05
  14975.00  1.321e+05
  15025.00  1.300e+05
  15075.00  1.277e+05
  15125.00  1.275e+05
  15175.00  1.263e+05
  15225.00  1.251e+05
  15275.00  1.232e+05
  15325.00  1.218e+05
  15375.00  1.219e+05
  15425.00  1.181e+05
  15475.00  1.195e+05
  15525.00  1.186e+05
  15575.00  1.136e+05
  15625.00  1.184e+05
  15675.00  1.138e+05
  15725.00  1.101e+05
  15775.00  1.136e+05
  15825.00  1.130e+05
  15875.00  1.034e+05
  15925.00  1.097e+05
  15975.00  1.109e+05
  16050.00  1.077e+05
  16150.00  1.021e+05
  16250.00  1.053e+05
  16350.00  1.012e+05
  16450.00  9.560e+04
  16550.00  9.895e+04
  16650.00  9.713e+04
  16750.00  9.325e+04
  16850.00  8.785e+04
  16950.00  9.137e+04
  17050.00  8.889e+04
  17150.00  8.764e+04
  17250.00  8.488e+04
  17350.00  7.793e+04
  17450.00  8.096e+04
  17550.00  8.024e+04
  17650.00  7.855e+04
  17750.00  7.721e+04
  17850.00  7.568e+04
  17950.00  7.455e+04
  18050.00  7.257e+04
  18150.00  6.715e+04
  18250.00  6.907e+04
  18350.00  6.870e+04
  18450.00  6.726e+04
  18550.00  6.596e+04
  18650.00  6.449e+04
  18750.00  5.916e+04
  18850.00  6.194e+04
  18950.00  6.044e+04
  19050.00  6.031e+04
  19150.00  5.908e+04
  19250.00  5.798e+04
  19350.00  5.655e+04
  19450.00  5.207e+04
  19550.00  5.461e+04
  19650.00  5.382e+04
  19750.00  5.273e+04
  19850.00  5.195e+04
  19950.00  5.104e+04
  20050.00  5.022e+04
  20150.00  4.941e+04
  20250.00  4.836e+04
  20350.00  4.737e+04
  20450.00  4.684e+04
  20550.00  4.598e+04
  20650.00  4.501e+04
  20750.00  4.430e+04
  20850.00  4.357e+04
  20950.00  4.273e+04
  21050.00  4.206e+04
  21150.00  4.125e+04
  21250.00  4.055e+04
  21350.00  3.990e+04
  21450.00  3.935e+04
  21550.00  3.856e+04
  21650.00  3.550e+04
  21750.00  3.709e+04
  21850.00  3.667e+04
  21950.00  3.621e+04
  22050.00  3.544e+04
  22150.00  3.488e+04
  22250.00  3.444e+04
  22350.00  3.388e+04
  22450.00  3.332e+04
  22550.00  3.261e+04
  22650.00  3.219e+04
  22750.00  3.172e+04
  22850.00  3.125e+04
  22950.00  3.096e+04
  23050.00  3.053e+04
  23150.00  2.992e+04
  23250.00  2.944e+04
  23350.00  2.890e+04
  23450.00  2.844e+04
  23550.00  2.795e+04
  23650.00  2.752e+04
  23750.00  2.702e+04
  23850.00  2.656e+04
  23950.00  2.617e+04
  24050.00  2.573e+04
  24150.00  2.530e+04
  24250.00  2.501e+04
  24350.00  2.451e+04
  24450.00  2.415e+04
  24550.00  2.384e+04
  24650.00  2.346e+04
  24750.00  2.309e+04
  24850.00  2.286e+04
  24950.00  2.214e+04
  25050.00  2.242e+04
  25150.00  2.198e+04
  25250.00  2.114e+04
  25350.00  2.130e+04
  25450.00  2.107e+04
  25550.00  2.064e+04
  25650.00  1.974e+04
  25750.00  2.012e+04
  25850.00  1.981e+04
  25950.00  1.962e+04
  26050.00  1.918e+04
  26150.00  1.831e+04
  26250.00  1.754e+04
  26350.00  1.841e+04
  26450.00  1.823e+04
  26550.00  1.798e+04
  26650.00  1.759e+04
  26750.00  1.671e+04
  26850.00  1.721e+04
  26950.00  1.706e+04
  27050.00  1.682e+04
  27150.00  1.659e+04
  27250.00  1.637e+04
  27350.00  1.615e+04
  27450.00  1.591e+04
  27550.00  1.498e+04
  27650.00  1.526e+04
  27750.00  1.528e+04
  27850.00  1.508e+04
  27950.00  1.489e+04
  28050.00  1.469e+04
  28150.00  1.450e+04
  28250.00  1.430e+04
  28350.00  1.413e+04
  28450.00  1.390e+04
  28550.00  1.374e+04
  28650.00  1.344e+04
  28750.00  1.265e+04
  28850.00  1.316e+04
  28950.00  1.303e+04
  29050.00  1.288e+04
  29150.00  1.268e+04
  29250.00  1.253e+04
  29350.00  1.239e+04
  29450.00  1.222e+04
  29550.00  1.207e+04
  29650.00  1.192e+04
  29750.00  1.177e+04
  29850.00  1.162e+04
  29950.00  1.146e+04
  30050.00  1.132e+04
  30150.00  1.118e+04
  30250.00  1.102e+04
  30350.00  1.041e+04
  30450.00  1.054e+04
  30550.00  1.062e+04
  30650.00  1.049e+04
  30750.00  1.038e+04
  30850.00  1.022e+04
  30950.00  1.011e+04
  31050.00  9.991e+03
  31150.00  9.825e+03
  31250.00  9.742e+03
  31350.00  9.630e+03
  31450.00  9.512e+03
  31550.00  9.399e+03
  31650.00  9.302e+03
  31750.00  9.178e+03
  31850.00  9.083e+03
  31950.00  8.978e+03
  32100.00  8.814e+03
  32300.00  8.615e+03
  32500.00  8.411e+03
  32700.00  8.211e+03
  32900.00  7.743e+03
  33100.00  7.811e+03
  33300.00  7.670e+03
  33500.00  7.507e+03
  33700.00  7.308e+03
  33900.00  7.141e+03
  34100.00  6.978e+03
  34300.00  6.834e+03
  34500.00  6.695e+03
  34700.00  6.541e+03
  34900.00  6.400e+03
  35100.00  6.263e+03
  35300.00  6.124e+03
  35500.00  5.992e+03
  35700.00  5.855e+03
  35900.00  5.747e+03
  36100.00  5.610e+03
  36300.00  5.518e+03
  36500.00  5.366e+03
  36700.00  5.289e+03
  36900.00  5.117e+03
  37100.00  5.051e+03
  37300.00  4.892e+03
  37500.00  4.703e+03
  37700.00  4.760e+03
  37900.00  4.669e+03
  38100.00  4.540e+03
  38300.00  4.467e+03
  38500.00  4.408e+03
  38700.00  4.311e+03
  38900.00  4.222e+03
  39100.00  4.084e+03
  39300.00  4.071e+03
  39500.00  3.989e+03
  39700.00  3.916e+03
  39900.00  3.824e+03
  40100.00  3.727e+03
  40300.00  3.643e+03
  40500.00  3.519e+03
  40700.00  3.551e+03
  40900.00  3.484e+03
  41100.00  3.427e+03
  41300.00  3.364e+03
  41500.00  3.295e+03
  41700.00  3.164e+03
  41900.00  3.173e+03
  42100.00  3.112e+03
  42300.00  3.068e+03
  42500.00  3.009e+03
  42700.00  2.958e+03
  42900.00  2.905e+03
  43100.00  2.852e+03
  43300.00  2.799e+03
  43500.00  2.748e+03
  43700.00  2.634e+03
  43900.00  2.642e+03
  44100.00  2.602e+03
  44300.00  2.560e+03
  44500.00  2.516e+03
  44700.00  2.476e+03
  44900.00  2.434e+03
  45100.00  2.393e+03
  45300.00  2.352e+03
  45500.00  2.312e+03
  45700.00  2.272e+03
  45900.00  2.233e+03
  46100.00  2.198e+03
  46300.00  2.160e+03
  46500.00  2.061e+03
  46700.00  2.027e+03
  46900.00  2.052e+03
  47100.00  2.022e+03
  47300.00  1.990e+03
  47500.00  1.956e+03
  47700.00  1.925e+03
  47900.00  1.895e+03
  48100.00  1.864e+03
  48300.00  1.834e+03
  48500.00  1.805e+03
  48700.00  1.776e+03
  48900.00  1.748e+03
  49100.00  1.720e+03
  49300.00  1.693e+03
  49500.00  1.666e+03
  49700.00  1.641e+03
  49900.00  1.615e+03
  50100.00  1.590e+03
  50300.00  1.566e+03
  50500.00  1.541e+03
  50700.00  1.518e+03
  50900.00  1.495e+03
  51100.00  1.469e+03
  51300.00  1.408e+03
  51500.00  1.427e+03
  51700.00  1.407e+03
  51900.00  1.386e+03
  52100.00  1.364e+03
  52300.00  1.344e+03
  52500.00  1.325e+03
  52700.00  1.306e+03
  52900.00  1.286e+03
  53100.00  1.267e+03
  53300.00  1.249e+03
  53500.00  1.231e+03
  53700.00  1.212e+03
  53900.00  1.195e+03
  54100.00  1.179e+03
  54300.00  1.161e+03
  54500.00  1.145e+03
  54700.00  1.127e+03
  54900.00  1.112e+03
  55100.00  1.097e+03
  55300.00  1.081e+03
  55500.00  1.066e+03
  55700.00  1.051e+03
  55900.00  1.035e+03
  56100.00  1.022e+03
  56300.00  1.008e+03
  56500.00  9.947e+02
  56700.00  9.809e+02
  56900.00  9.674e+02
  57100.00  9.544e+02
  57300.00  9.414e+02
  57500.00  9.286e+02
  57700.00  9.159e+02
  57900.00  9.032e+02
  58100.00  8.915e+02
  58300.00  8.797e+02
  58500.00  8.686e+02
  58700.00  8.565e+02
  58900.00  8.426e+02
  59100.00  8.114e+02
  59300.00  8.227e+02
  59500.00  8.105e+02
  59700.00  8.020e+02
  59900.00  7.915e+02
  60100.00  7.808e+02
  60300.00  7.713e+02
  60500.00  7.614e+02
  60700.00  7.513e+02
  60900.00  7.414e+02
  61100.00  7.311e+02
  61300.00  7.229e+02
  61500.00  7.139e+02
  61700.00  7.049e+02
  61900.00  6.959e+02
  62100.00  6.872e+02
  62300.00  6.776e+02
  62500.00  6.699e+02
  62700.00  6.613e+02
  62900.00  6.536e+02
  63100.00  6.447e+02
  63300.00  6.374e+02
  63500.00  6.295e+02
  63700.00  6.218e+02
  63900.00  6.141e+02
  64200.00  6.031e+02
  64600.00  5.884e+02
  65000.00  5.742e+02
  65400.00  5.608e+02
  65800.00  5.475e+02
  66200.00  5.345e+02
  66600.00  5.221e+02
  67000.00  5.099e+02
  67400.00  4.980e+02
  67800.00  4.867e+02
  68200.00  4.756e+02
  68600.00  4.647e+02
  69000.00  4.541e+02
  69400.00  4.438e+02
  69800.00  4.340e+02
  70200.00  4.242e+02
  70600.00  4.149e+02
  71000.00  4.060e+02
  71400.00  3.971e+02
  71800.00  3.884e+02
  72200.00  3.797e+02
  72600.00  3.718e+02
  73000.00  3.640e+02
  73400.00  3.561e+02
  73800.00  3.487e+02
  74200.00  3.412e+02
  74600.00  3.304e+02
  75000.00  3.229e+02
  75400.00  3.203e+02
  75800.00  3.138e+02
  76200.00  3.074e+02
  76600.00  3.011e+02
  77000.00  2.950e+02
  77400.00  2.891e+02
  77800.00  2.833e+02
  78200.00  2.776e+02
  78600.00  2.721e+02
  79000.00  2.667e+02
  79400.00  2.614e+02
  79800.00  2.563e+02
  80200.00  2.513e+02
  80600.00  2.464e+02
  81000.00  2.417e+02
  81400.00  2.369e+02
  81800.00  2.324e+02
  82200.00  2.281e+02
  82600.00  2.237e+02
  83000.00  2.195e+02
  83400.00  2.153e+02
  83800.00  2.112e+02
  84200.00  2.074e+02
  84600.00  2.036e+02
  85000.00  1.999e+02
  85400.00  1.962e+02
  85800.00  1.926e+02
  86200.00  1.891e+02
  86600.00  1.857e+02
  87000.00  1.823e+02
  87400.00  1.791e+02
  87800.00  1.759e+02
  88200.00  1.727e+02
  88600.00  1.697e+02
  89000.00  1.667e+02
  89400.00  1.638e+02
  89800.00  1.609e+02
  90200.00  1.581e+02
  90600.00  1.554e+02
  91000.00  1.526e+02
  91400.00  1.500e+02
  91800.00  1.475e+02
  92200.00  1.450e+02
  92600.00  1.425e+02
  93000.00  1.401e+02
  93400.00  1.378e+02
  93800.00  1.355e+02
  94200.00  1.332e+02
  94600.00  1.310e+02
  95000.00  1.288e+02
  95400.00  1.267e+02
  95800.00  1.247e+02
  96200.00  1.226e+02
  96600.00  1.206e+02
  97000.00  1.187e+02
  97400.00  1.167e+02
  97800.00  1.149e+02
  98200.00  1.130e+02
  98600.00  1.112e+02
  99000.00  1.095e+02
  99400.00  1.077e+02
  99800.00  1.060e+02
 100200.00  1.044e+02
 200000.00  6.718e+00
 400000.00  4.199e-01
 600000.00  8.238e-02
 800000.00  2.589e-02
