     90.90  0.000e+00
     93.50  0.000e+00
     96.10  0.000e+00
     97.70  0.000e+00
     99.60  0.000e+00
    102.00  0.000e+00
    103.80  0.000e+00
    105.60  0.000e+00
    107.70  0.000e+00
    110.40  0.000e+00
    114.00  0.000e+00
    117.80  0.000e+00
    121.30  0.000e+00
    124.80  0.000e+00
    127.10  0.000e+00
    128.40  0.000e+00
    130.50  0.000e+00
    132.40  0.000e+00
    133.90  0.000e+00
    136.60  0.000e+00
    139.80  0.000e+00
    143.30  0.000e+00
    147.20  0.000e+00
    151.00  0.000e+00
    155.20  0.000e+00
    158.80  0.000e+00
    162.00  0.000e+00
    166.00  0.000e+00
    170.30  0.000e+00
    173.40  0.000e+00
    176.80  0.000e+00
    180.20  0.000e+00
    181.70  0.000e+00
    186.10  0.000e+00
    191.00  0.000e+00
    193.90  0.000e+00
    198.40  0.000e+00
    201.80  0.000e+00
    205.00  0.000e+00
    210.50  0.000e+00
    216.20  0.000e+00
    219.80  0.000e+00
    223.00  0.000e+00
    226.80  0.000e+00
    230.00  1.081e-10
    234.00  2.478e-10
    240.00  7.646e-10
    246.50  2.412e-09
    252.40  6.515e-09
    256.80  1.325e-08
    260.00  2.200e-08
    264.00  4.064e-08
    268.50  7.894e-08
    273.50  1.608e-07
    278.50  3.221e-07
    284.00  6.725e-07
    290.00  1.450e-06
    296.00  3.018e-06
    301.00  5.473e-06
    308.00  1.217e-05
    318.00  3.613e-05
    328.00  9.982e-05
    338.00  2.624e-04
    348.00  6.520e-04
    357.00  1.436e-03
    366.00  3.027e-03
    375.00  6.096e-03
    385.00  1.284e-02
    395.00  2.601e-02
    405.00  5.094e-02
    414.00  9.100e-02
    422.00  1.486e-01
    430.00  2.376e-01
    441.00  4.462e-01
    451.00  7.676e-01
    460.00  1.223e+00
    470.00  2.012e+00
    480.00  3.237e+00
    490.00  5.117e+00
    500.00  7.920e+00
    506.00  4.611e+02
    512.00  1.668e+03
    520.00  2.138e+03
    530.00  3.017e+03
    540.00  3.637e+03
    550.00  5.413e+03
    560.00  6.872e+03
    570.00  9.048e+03
    580.00  9.954e+03
    590.00  1.395e+04
    600.00  1.770e+04
    610.00  2.241e+04
    620.00  2.688e+04
    630.00  3.291e+04
    640.00  3.809e+04
    650.00  4.645e+04
    658.00  5.437e+04
    665.00  5.993e+04
    675.00  6.904e+04
    685.00  8.136e+04
    695.00  9.734e+04
    705.00  1.118e+05
    716.00  1.304e+05
    726.00  1.487e+05
    735.00  1.667e+05
    745.00  1.932e+05
    755.00  2.205e+05
    765.00  2.486e+05
    775.00  2.826e+05
    785.00  3.176e+05
    795.00  3.503e+05
    805.00  3.902e+05
    815.00  4.288e+05
    825.00  4.805e+05
    835.00  5.118e+05
    845.00  5.719e+05
    855.00  6.270e+05
    865.00  6.917e+05
    875.00  7.603e+05
    885.00  8.399e+05
    895.00  9.121e+05
    905.00  9.566e+05
    915.00  1.514e+06
    925.00  4.904e+06
    935.00  9.733e+06
    945.00  3.592e+07
    955.00  1.305e+08
    965.00  1.949e+08
    975.00  3.946e+07
    985.00  3.742e+08
    995.00  3.859e+08
   1005.00  5.149e+08
   1015.00  3.411e+08
   1025.00  3.005e+07
   1035.00  2.081e+08
   1045.00  6.148e+08
   1055.00  6.490e+08
   1065.00  5.105e+08
   1075.00  6.258e+08
   1085.00  5.053e+08
   1095.00  6.180e+08
   1105.00  5.637e+08
   1115.00  5.147e+08
   1125.00  4.994e+08
   1135.00  5.916e+08
   1145.00  5.042e+08
   1155.00  5.429e+08
   1165.00  5.750e+08
   1175.00  4.593e+08
   1185.00  5.616e+08
   1195.00  3.446e+08
   1205.00  2.279e+08
   1215.00  4.241e+07
   1225.00  2.133e+08
   1235.00  4.897e+08
   1245.00  5.458e+08
   1255.00  5.118e+08
   1265.00  3.937e+08
   1275.00  5.343e+08
   1285.00  5.465e+08
   1295.00  4.255e+08
   1305.00  4.220e+08
   1315.00  5.149e+08
   1325.00  4.761e+08
   1335.00  4.206e+08
   1345.00  4.838e+08
   1355.00  4.632e+08
   1365.00  4.201e+08
   1375.00  4.341e+08
   1385.00  4.407e+08
   1395.00  4.044e+08
   1405.00  4.168e+08
   1415.00  4.013e+08
   1425.00  4.069e+08
   1435.00  3.999e+08
   1442.00  4.137e+08
   1447.00  4.106e+08
   1455.00  3.990e+08
   1465.00  3.729e+08
   1475.00  3.671e+08
   1485.00  3.571e+08
   1495.00  3.601e+08
   1505.00  3.368e+08
   1512.00  3.058e+08
   1517.00  3.207e+08
   1525.00  3.139e+08
   1535.00  2.806e+08
   1545.00  3.019e+08
   1555.00  2.839e+08
   1565.00  2.845e+08
   1575.00  2.982e+08
   1585.00  3.005e+08
   1595.00  3.040e+08
   1605.00  2.953e+08
   1615.00  2.952e+08
   1625.00  2.817e+08
   1635.00  2.912e+08
   1645.00  2.883e+08
   1655.00  2.686e+08
   1665.00  2.889e+08
   1672.00  2.764e+08
   1677.00  2.802e+08
   1685.00  2.864e+08
   1695.00  2.729e+08
   1705.00  2.591e+08
   1715.00  2.446e+08
   1725.00  2.406e+08
   1735.00  2.507e+08
   1745.00  2.402e+08
   1755.00  2.504e+08
   1765.00  2.301e+08
   1775.00  2.351e+08
   1785.00  2.367e+08
   1795.00  2.432e+08
   1805.00  2.412e+08
   1815.00  2.237e+08
   1825.00  2.286e+08
   1835.00  2.179e+08
   1845.00  2.026e+08
   1855.00  1.976e+08
   1865.00  2.005e+08
   1875.00  2.142e+08
   1885.00  1.958e+08
   1895.00  1.854e+08
   1905.00  1.974e+08
   1915.00  1.867e+08
   1925.00  1.825e+08
   1935.00  1.876e+08
   1945.00  1.908e+08
   1955.00  1.775e+08
   1967.00  1.892e+08
   1976.00  1.948e+08
   1984.00  1.823e+08
   1995.00  1.767e+08
   2005.00  1.804e+08
   2015.00  1.749e+08
   2025.00  1.834e+08
   2035.00  1.714e+08
   2045.00  1.723e+08
   2055.00  1.655e+08
   2065.00  1.684e+08
   2074.00  1.721e+08
   2078.00  1.640e+08
   2085.00  1.680e+08
   2095.00  1.591e+08
   2105.00  1.624e+08
   2115.00  1.612e+08
   2125.00  1.632e+08
   2135.00  1.570e+08
   2145.00  1.545e+08
   2155.00  1.574e+08
   2165.00  1.533e+08
   2175.00  1.513e+08
   2185.00  1.481e+08
   2195.00  1.505e+08
   2205.00  1.460e+08
   2215.00  1.425e+08
   2225.00  1.369e+08
   2235.00  1.415e+08
   2245.00  1.378e+08
   2255.00  1.336e+08
   2265.00  1.352e+08
   2275.00  1.356e+08
   2285.00  1.358e+08
   2295.00  1.309e+08
   2305.00  1.287e+08
   2315.00  1.246e+08
   2325.00  1.053e+08
   2335.00  1.186e+08
   2345.00  1.158e+08
   2355.00  1.174e+08
   2365.00  1.131e+08
   2375.00  1.139e+08
   2385.00  1.098e+08
   2395.00  1.136e+08
   2405.00  1.089e+08
   2415.00  1.095e+08
   2425.00  1.104e+08
   2435.00  1.055e+08
   2445.00  1.083e+08
   2455.00  1.065e+08
   2465.00  1.052e+08
   2475.00  1.026e+08
   2485.00  1.055e+08
   2495.00  1.018e+08
   2505.00  1.043e+08
   2513.00  9.936e+07
   2518.00  1.020e+08
   2525.00  9.796e+07
   2535.00  9.722e+07
   2545.00  9.532e+07
   2555.00  9.725e+07
   2565.00  9.612e+07
   2575.00  9.776e+07
   2585.00  9.751e+07
   2595.00  9.682e+07
   2605.00  9.393e+07
   2615.00  9.340e+07
   2625.00  9.270e+07
   2635.00  9.234e+07
   2645.00  9.429e+07
   2655.00  9.334e+07
   2665.00  9.060e+07
   2675.00  9.145e+07
   2685.00  9.028e+07
   2695.00  8.866e+07
   2705.00  8.829e+07
   2715.00  8.632e+07
   2725.00  8.516e+07
   2735.00  8.631e+07
   2745.00  8.210e+07
   2755.00  8.157e+07
   2765.00  8.194e+07
   2775.00  8.281e+07
   2785.00  8.206e+07
   2795.00  7.496e+07
   2805.00  7.764e+07
   2815.00  8.044e+07
   2825.00  7.919e+07
   2835.00  7.613e+07
   2845.00  7.573e+07
   2855.00  7.597e+07
   2865.00  7.670e+07
   2875.00  7.529e+07
   2885.00  7.478e+07
   2895.00  7.443e+07
   2910.00  7.389e+07
   2930.00  7.206e+07
   2950.00  7.043e+07
   2970.00  6.964e+07
   2990.00  6.824e+07
   3010.00  6.751e+07
   3030.00  6.655e+07
   3050.00  6.521e+07
   3070.00  6.393e+07
   3090.00  6.295e+07
   3110.00  6.167e+07
   3130.00  6.075e+07
   3150.00  5.963e+07
   3170.00  5.853e+07
   3190.00  5.685e+07
   3210.00  5.650e+07
   3230.00  5.565e+07
   3250.00  5.468e+07
   3270.00  5.384e+07
   3290.00  5.292e+07
   3310.00  5.213e+07
   3330.00  5.122e+07
   3350.00  5.027e+07
   3370.00  4.950e+07
   3390.00  4.869e+07
   3410.00  4.792e+07
   3430.00  4.703e+07
   3450.00  4.623e+07
   3470.00  4.553e+07
   3490.00  4.482e+07
   3510.00  4.418e+07
   3530.00  4.349e+07
   3550.00  4.280e+07
   3570.00  4.221e+07
   3590.00  4.136e+07
   3610.00  4.076e+07
   3630.00  4.010e+07
   3640.00  3.996e+07
   3650.00  3.968e+07
   3670.00  3.917e+07
   3690.00  3.785e+07
   3710.00  3.570e+07
   3730.00  3.424e+07
   3750.00  3.601e+07
   3770.00  3.593e+07
   3790.00  3.898e+07
   3810.00  4.234e+07
   3830.00  3.616e+07
   3850.00  4.413e+07
   3870.00  4.675e+07
   3890.00  3.276e+07
   3910.00  4.635e+07
   3930.00  4.689e+07
   3950.00  4.515e+07
   3970.00  3.078e+07
   3990.00  4.288e+07
   4010.00  4.498e+07
   4030.00  4.337e+07
   4050.00  4.417e+07
   4070.00  4.250e+07
   4090.00  3.600e+07
   4110.00  3.025e+07
   4130.00  3.936e+07
   4150.00  4.010e+07
   4170.00  4.000e+07
   4190.00  3.960e+07
   4210.00  3.908e+07
   4230.00  3.840e+07
   4250.00  3.772e+07
   4270.00  3.655e+07
   4290.00  3.634e+07
   4310.00  3.503e+07
   4330.00  2.896e+07
   4350.00  2.599e+07
   4370.00  3.312e+07
   4390.00  3.303e+07
   4410.00  3.318e+07
   4430.00  3.257e+07
   4450.00  3.236e+07
   4470.00  3.049e+07
   4490.00  3.107e+07
   4510.00  3.094e+07
   4530.00  3.040e+07
   4550.00  2.995e+07
   4570.00  2.956e+07
   4590.00  2.911e+07
   4610.00  2.865e+07
   4630.00  2.815e+07
   4650.00  2.776e+07
   4670.00  2.741e+07
   4690.00  2.706e+07
   4710.00  2.612e+07
   4730.00  2.611e+07
   4750.00  2.570e+07
   4770.00  2.549e+07
   4790.00  2.505e+07
   4810.00  2.448e+07
   4830.00  2.369e+07
   4850.00  2.026e+07
   4870.00  1.770e+07
   4890.00  2.245e+07
   4910.00  2.279e+07
   4930.00  2.214e+07
   4950.00  2.238e+07
   4970.00  2.215e+07
   4990.00  2.182e+07
   5010.00  2.104e+07
   5030.00  2.115e+07
   5050.00  2.053e+07
   5070.00  2.063e+07
   5090.00  2.034e+07
   5110.00  2.003e+07
   5130.00  1.975e+07
   5150.00  1.944e+07
   5170.00  1.926e+07
   5190.00  1.901e+07
   5210.00  1.862e+07
   5230.00  1.850e+07
   5250.00  1.827e+07
   5270.00  1.800e+07
   5290.00  1.782e+07
   5310.00  1.756e+07
   5330.00  1.734e+07
   5350.00  1.708e+07
   5370.00  1.691e+07
   5390.00  1.669e+07
   5410.00  1.646e+07
   5430.00  1.622e+07
   5450.00  1.603e+07
   5470.00  1.582e+07
   5490.00  1.565e+07
   5510.00  1.544e+07
   5530.00  1.526e+07
   5550.00  1.508e+07
   5570.00  1.488e+07
   5590.00  1.470e+07
   5610.00  1.452e+07
   5630.00  1.435e+07
   5650.00  1.409e+07
   5670.00  1.393e+07
   5690.00  1.379e+07
   5710.00  1.365e+07
   5730.00  1.349e+07
   5750.00  1.332e+07
   5770.00  1.317e+07
   5790.00  1.300e+07
   5810.00  1.284e+07
   5830.00  1.269e+07
   5850.00  1.254e+07
   5870.00  1.198e+07
   5890.00  1.219e+07
   5910.00  1.210e+07
   5930.00  1.196e+07
   5950.00  1.178e+07
   5970.00  1.168e+07
   5990.00  1.151e+07
   6010.00  1.141e+07
   6030.00  1.128e+07
   6050.00  1.115e+07
   6070.00  1.102e+07
   6090.00  1.089e+07
   6110.00  1.077e+07
   6130.00  1.065e+07
   6150.00  1.048e+07
   6170.00  1.040e+07
   6190.00  1.029e+07
   6210.00  1.017e+07
   6230.00  1.005e+07
   6250.00  9.915e+06
   6270.00  9.824e+06
   6290.00  9.715e+06
   6310.00  9.599e+06
   6330.00  9.500e+06
   6350.00  9.313e+06
   6370.00  9.239e+06
   6390.00  9.183e+06
   6410.00  9.070e+06
   6430.00  8.990e+06
   6450.00  8.882e+06
   6470.00  8.775e+06
   6490.00  8.663e+06
   6510.00  8.533e+06
   6530.00  8.338e+06
   6550.00  7.623e+06
   6570.00  6.616e+06
   6590.00  7.899e+06
   6610.00  8.067e+06
   6630.00  8.030e+06
   6650.00  7.966e+06
   6670.00  7.811e+06
   6690.00  7.731e+06
   6710.00  7.727e+06
   6730.00  7.648e+06
   6750.00  7.569e+06
   6770.00  7.492e+06
   6790.00  7.399e+06
   6810.00  7.332e+06
   6830.00  7.253e+06
   6850.00  7.183e+06
   6870.00  7.110e+06
   6890.00  7.036e+06
   6910.00  6.964e+06
   6930.00  6.882e+06
   6950.00  6.822e+06
   6970.00  6.755e+06
   6990.00  6.685e+06
   7010.00  6.615e+06
   7030.00  6.548e+06
   7050.00  6.475e+06
   7070.00  6.329e+06
   7090.00  6.356e+06
   7110.00  6.283e+06
   7130.00  6.223e+06
   7150.00  6.163e+06
   7170.00  6.104e+06
   7190.00  6.046e+06
   7210.00  5.986e+06
   7230.00  5.888e+06
   7250.00  5.866e+06
   7270.00  5.812e+06
   7290.00  5.718e+06
   7310.00  5.698e+06
   7330.00  5.643e+06
   7350.00  5.589e+06
   7370.00  5.535e+06
   7390.00  5.482e+06
   7410.00  5.429e+06
   7430.00  5.370e+06
   7450.00  5.323e+06
   7470.00  5.267e+06
   7490.00  5.219e+06
   7510.00  5.171e+06
   7530.00  5.124e+06
   7550.00  5.076e+06
   7570.00  5.028e+06
   7590.00  4.979e+06
   7610.00  4.935e+06
   7630.00  4.888e+06
   7650.00  4.842e+06
   7670.00  4.797e+06
   7690.00  4.752e+06
   7710.00  4.708e+06
   7730.00  4.664e+06
   7750.00  4.621e+06
   7770.00  4.537e+06
   7790.00  4.537e+06
   7810.00  4.494e+06
   7830.00  4.455e+06
   7850.00  4.404e+06
   7870.00  4.363e+06
   7890.00  4.315e+06
   7910.00  4.292e+06
   7930.00  4.254e+06
   7950.00  4.204e+06
   7970.00  4.177e+06
   7990.00  4.124e+06
   8010.00  4.102e+06
   8030.00  4.067e+06
   8050.00  4.030e+06
   8070.00  3.997e+06
   8090.00  3.957e+06
   8110.00  3.922e+06
   8130.00  3.890e+06
   8150.00  3.853e+06
   8170.00  3.823e+06
   8190.00  3.787e+06
   8210.00  3.739e+06
   8230.00  3.706e+06
   8250.00  3.688e+06
   8270.00  3.651e+06
   8290.00  3.624e+06
   8310.00  3.595e+06
   8330.00  3.564e+06
   8350.00  3.530e+06
   8370.00  3.496e+06
   8390.00  3.470e+06
   8410.00  3.441e+06
   8430.00  3.388e+06
   8450.00  3.330e+06
   8470.00  3.325e+06
   8490.00  3.270e+06
   8510.00  3.242e+06
   8530.00  3.212e+06
   8550.00  3.143e+06
   8570.00  3.195e+06
   8590.00  3.073e+06
   8610.00  3.057e+06
   8630.00  3.157e+06
   8650.00  3.040e+06
   8670.00  2.873e+06
   8690.00  3.060e+06
   8710.00  3.115e+06
   8730.00  2.986e+06
   8750.00  2.710e+06
   8770.00  2.878e+06
   8790.00  3.030e+06
   8810.00  3.039e+06
   8830.00  2.962e+06
   8850.00  2.730e+06
   8870.00  2.536e+06
   8890.00  2.823e+06
   8910.00  2.916e+06
   8930.00  2.923e+06
   8950.00  2.908e+06
   8970.00  2.855e+06
   8990.00  2.714e+06
   9010.00  2.387e+06
   9030.00  2.482e+06
   9050.00  2.702e+06
   9070.00  2.738e+06
   9090.00  2.748e+06
   9110.00  2.743e+06
   9130.00  2.723e+06
   9150.00  2.699e+06
   9170.00  2.656e+06
   9190.00  2.590e+06
   9210.00  2.422e+06
   9230.00  2.109e+06
   9250.00  2.352e+06
   9270.00  2.478e+06
   9290.00  2.532e+06
   9310.00  2.527e+06
   9330.00  2.518e+06
   9350.00  2.502e+06
   9370.00  2.485e+06
   9390.00  2.465e+06
   9410.00  2.430e+06
   9430.00  2.425e+06
   9450.00  2.403e+06
   9470.00  2.368e+06
   9490.00  2.340e+06
   9510.00  2.265e+06
   9530.00  2.102e+06
   9550.00  1.858e+06
   9570.00  2.110e+06
   9590.00  2.217e+06
   9610.00  2.236e+06
   9630.00  2.219e+06
   9650.00  2.225e+06
   9670.00  2.209e+06
   9690.00  2.196e+06
   9710.00  2.179e+06
   9730.00  2.166e+06
   9750.00  2.149e+06
   9770.00  2.134e+06
   9790.00  2.117e+06
   9810.00  2.101e+06
   9830.00  2.084e+06
   9850.00  2.069e+06
   9870.00  2.053e+06
   9890.00  2.035e+06
   9910.00  2.014e+06
   9930.00  2.002e+06
   9950.00  1.984e+06
   9970.00  1.963e+06
   9990.00  1.936e+06
  10025.00  1.783e+06
  10075.00  1.713e+06
  10125.00  1.842e+06
  10175.00  1.828e+06
  10225.00  1.799e+06
  10275.00  1.768e+06
  10325.00  1.731e+06
  10375.00  1.705e+06
  10425.00  1.675e+06
  10475.00  1.645e+06
  10525.00  1.615e+06
  10575.00  1.587e+06
  10625.00  1.560e+06
  10675.00  1.528e+06
  10725.00  1.505e+06
  10775.00  1.478e+06
  10825.00  1.435e+06
  10875.00  1.407e+06
  10925.00  1.237e+06
  10975.00  1.304e+06
  11025.00  1.343e+06
  11075.00  1.332e+06
  11125.00  1.313e+06
  11175.00  1.291e+06
  11225.00  1.269e+06
  11275.00  1.244e+06
  11325.00  1.225e+06
  11375.00  1.208e+06
  11425.00  1.188e+06
  11475.00  1.169e+06
  11525.00  1.150e+06
  11575.00  1.131e+06
  11625.00  1.112e+06
  11675.00  1.095e+06
  11725.00  1.078e+06
  11775.00  1.058e+06
  11825.00  1.044e+06
  11875.00  1.027e+06
  11925.00  1.012e+06
  11975.00  9.919e+05
  12025.00  9.803e+05
  12075.00  9.650e+05
  12125.00  9.501e+05
  12175.00  9.355e+05
  12225.00  9.212e+05
  12275.00  9.070e+05
  12325.00  8.932e+05
  12375.00  8.797e+05
  12425.00  8.666e+05
  12475.00  8.526e+05
  12525.00  8.397e+05
  12575.00  8.275e+05
  12625.00  8.156e+05
  12675.00  8.018e+05
  12725.00  7.866e+05
  12775.00  7.528e+05
  12825.00  6.787e+05
  12875.00  7.397e+05
  12925.00  7.426e+05
  12975.00  7.326e+05
  13025.00  7.252e+05
  13075.00  7.148e+05
  13125.00  7.046e+05
  13175.00  6.941e+05
  13225.00  6.847e+05
  13275.00  6.750e+05
  13325.00  6.654e+05
  13375.00  6.561e+05
  13425.00  6.466e+05
  13475.00  6.378e+05
  13525.00  6.288e+05
  13575.00  6.202e+05
  13625.00  6.116e+05
  13675.00  6.031e+05
  13725.00  5.948e+05
  13775.00  5.868e+05
  13825.00  5.788e+05
  13875.00  5.710e+05
  13925.00  5.632e+05
  13975.00  5.556e+05
  14025.00  5.482e+05
  14075.00  5.408e+05
  14125.00  5.335e+05
  14175.00  5.265e+05
  14225.00  5.195e+05
  14275.00  5.126e+05
  14325.00  5.059e+05
  14375.00  4.992e+05
  14425.00  4.924e+05
  14475.00  4.862e+05
  14525.00  4.798e+05
  14570.00  4.743e+05
  14620.00  4.722e+05
  14675.00  4.712e+05
  14725.00  4.650e+05
  14775.00  4.577e+05
  14825.00  4.510e+05
  14875.00  4.439e+05
  14925.00  4.372e+05
  14975.00  4.305e+05
  15025.00  4.245e+05
  15075.00  4.178e+05
  15125.00  4.122e+05
  15175.00  4.066e+05
  15225.00  4.008e+05
  15275.00  3.949e+05
  15325.00  3.892e+05
  15375.00  3.850e+05
  15425.00  3.789e+05
  15475.00  3.750e+05
  15525.00  3.694e+05
  15575.00  3.645e+05
  15625.00  3.625e+05
  15675.00  3.550e+05
  15725.00  3.504e+05
  15775.00  3.508e+05
  15825.00  3.454e+05
  15875.00  3.342e+05
  15925.00  3.356e+05
  15975.00  3.373e+05
  16050.00  3.271e+05
  16150.00  3.150e+05
  16250.00  3.164e+05
  16350.00  3.033e+05
  16450.00  2.918e+05
  16550.00  2.957e+05
  16650.00  2.893e+05
  16750.00  2.757e+05
  16850.00  2.643e+05
  16950.00  2.699e+05
  17050.00  2.643e+05
  17150.00  2.590e+05
  17250.00  2.515e+05
  17350.00  2.321e+05
  17450.00  2.384e+05
  17550.00  2.369e+05
  17650.00  2.323e+05
  17750.00  2.272e+05
  17850.00  2.224e+05
  17950.00  2.175e+05
  18050.00  2.115e+05
  18150.00  1.954e+05
  18250.00  1.991e+05
  18350.00  1.993e+05
  18450.00  1.958e+05
  18550.00  1.916e+05
  18650.00  1.858e+05
  18750.00  1.716e+05
  18850.00  1.787e+05
  18950.00  1.765e+05
  19050.00  1.728e+05
  19150.00  1.697e+05
  19250.00  1.660e+05
  19350.00  1.610e+05
  19450.00  1.483e+05
  19550.00  1.547e+05
  19650.00  1.534e+05
  19750.00  1.507e+05
  19850.00  1.478e+05
  19950.00  1.449e+05
  20050.00  1.422e+05
  20150.00  1.395e+05
  20250.00  1.368e+05
  20350.00  1.342e+05
  20450.00  1.317e+05
  20550.00  1.291e+05
  20650.00  1.269e+05
  20750.00  1.245e+05
  20850.00  1.222e+05
  20950.00  1.200e+05
  21050.00  1.178e+05
  21150.00  1.154e+05
  21250.00  1.136e+05
  21350.00  1.115e+05
  21450.00  1.093e+05
  21550.00  1.064e+05
  21650.00  9.818e+04
  21750.00  1.021e+05
  21850.00  1.017e+05
  21950.00  1.002e+05
  22050.00  9.843e+04
  22150.00  9.672e+04
  22250.00  9.504e+04
  22350.00  9.341e+04
  22450.00  9.181e+04
  22550.00  9.024e+04
  22650.00  8.871e+04
  22750.00  8.721e+04
  22850.00  8.587e+04
  22950.00  8.492e+04
  23050.00  8.349e+04
  23150.00  8.210e+04
  23250.00  8.074e+04
  23350.00  7.930e+04
  23450.00  7.788e+04
  23550.00  7.654e+04
  23650.00  7.524e+04
  23750.00  7.396e+04
  23850.00  7.273e+04
  23950.00  7.152e+04
  24050.00  7.030e+04
  24150.00  6.915e+04
  24250.00  6.802e+04
  24350.00  6.696e+04
  24450.00  6.578e+04
  24550.00  6.479e+04
  24650.00  6.370e+04
  24750.00  6.274e+04
  24850.00  6.181e+04
  24950.00  6.076e+04
  25050.00  6.024e+04
  25150.00  5.908e+04
  25250.00  5.783e+04
  25350.00  5.717e+04
  25450.00  5.644e+04
  25550.00  5.536e+04
  25650.00  5.418e+04
  25750.00  5.380e+04
  25850.00  5.319e+04
  25950.00  5.232e+04
  26050.00  5.107e+04
  26150.00  4.959e+04
  26250.00  4.671e+04
  26350.00  4.866e+04
  26450.00  4.860e+04
  26550.00  4.790e+04
  26650.00  4.690e+04
  26750.00  4.546e+04
  26850.00  4.556e+04
  26950.00  4.527e+04
  27050.00  4.475e+04
  27150.00  4.415e+04
  27250.00  4.352e+04
  27350.00  4.278e+04
  27450.00  4.193e+04
  27550.00  4.035e+04
  27650.00  4.026e+04
  27750.00  4.032e+04
  27850.00  3.993e+04
  27950.00  3.942e+04
  28050.00  3.887e+04
  28150.00  3.834e+04
  28250.00  3.781e+04
  28350.00  3.729e+04
  28450.00  3.674e+04
  28550.00  3.609e+04
  28650.00  3.508e+04
  28750.00  3.378e+04
  28850.00  3.445e+04
  28950.00  3.425e+04
  29050.00  3.390e+04
  29150.00  3.345e+04
  29250.00  3.301e+04
  29350.00  3.257e+04
  29450.00  3.214e+04
  29550.00  3.172e+04
  29650.00  3.130e+04
  29750.00  3.089e+04
  29850.00  3.049e+04
  29950.00  3.009e+04
  30050.00  2.970e+04
  30150.00  2.924e+04
  30250.00  2.869e+04
  30350.00  2.734e+04
  30450.00  2.731e+04
  30550.00  2.765e+04
  30650.00  2.744e+04
  30750.00  2.714e+04
  30850.00  2.679e+04
  30950.00  2.646e+04
  31050.00  2.613e+04
  31150.00  2.581e+04
  31250.00  2.548e+04
  31350.00  2.517e+04
  31450.00  2.486e+04
  31550.00  2.455e+04
  31650.00  2.425e+04
  31750.00  2.395e+04
  31850.00  2.366e+04
  31950.00  2.337e+04
  32100.00  2.294e+04
  32300.00  2.239e+04
  32500.00  2.186e+04
  32700.00  2.128e+04
  32900.00  2.002e+04
  33100.00  2.009e+04
  33300.00  1.991e+04
  33500.00  1.947e+04
  33700.00  1.902e+04
  33900.00  1.858e+04
  34100.00  1.816e+04
  34300.00  1.774e+04
  34500.00  1.733e+04
  34700.00  1.692e+04
  34900.00  1.654e+04
  35100.00  1.617e+04
  35300.00  1.581e+04
  35500.00  1.545e+04
  35700.00  1.511e+04
  35900.00  1.478e+04
  36100.00  1.446e+04
  36300.00  1.415e+04
  36500.00  1.384e+04
  36700.00  1.355e+04
  36900.00  1.324e+04
  37100.00  1.296e+04
  37300.00  1.243e+04
  37500.00  1.208e+04
  37700.00  1.217e+04
  37900.00  1.195e+04
  38100.00  1.167e+04
  38300.00  1.144e+04
  38500.00  1.125e+04
  38700.00  1.103e+04
  38900.00  1.077e+04
  39100.00  1.051e+04
  39300.00  1.036e+04
  39500.00  1.019e+04
  39700.00  9.987e+03
  39900.00  9.791e+03
  40100.00  9.511e+03
  40300.00  9.294e+03
  40500.00  8.868e+03
  40700.00  9.008e+03
  40900.00  8.881e+03
  41100.00  8.713e+03
  41300.00  8.540e+03
  41500.00  8.344e+03
  41700.00  8.087e+03
  41900.00  8.030e+03
  42100.00  7.922e+03
  42300.00  7.778e+03
  42500.00  7.634e+03
  42700.00  7.495e+03
  42900.00  7.353e+03
  43100.00  7.224e+03
  43300.00  7.094e+03
  43500.00  6.940e+03
  43700.00  6.701e+03
  43900.00  6.645e+03
  44100.00  6.589e+03
  44300.00  6.483e+03
  44500.00  6.369e+03
  44700.00  6.267e+03
  44900.00  6.157e+03
  45100.00  6.050e+03
  45300.00  5.945e+03
  45500.00  5.843e+03
  45700.00  5.743e+03
  45900.00  5.644e+03
  46100.00  5.543e+03
  46300.00  5.421e+03
  46500.00  5.108e+03
  46700.00  5.087e+03
  46900.00  5.128e+03
  47100.00  5.087e+03
  47300.00  5.013e+03
  47500.00  4.929e+03
  47700.00  4.849e+03
  47900.00  4.769e+03
  48100.00  4.691e+03
  48300.00  4.615e+03
  48500.00  4.540e+03
  48700.00  4.467e+03
  48900.00  4.395e+03
  49100.00  4.325e+03
  49300.00  4.256e+03
  49500.00  4.188e+03
  49700.00  4.122e+03
  49900.00  4.057e+03
  50100.00  3.993e+03
  50300.00  3.931e+03
  50500.00  3.869e+03
  50700.00  3.809e+03
  50900.00  3.745e+03
  51100.00  3.657e+03
  51300.00  3.497e+03
  51500.00  3.554e+03
  51700.00  3.523e+03
  51900.00  3.473e+03
  52100.00  3.420e+03
  52300.00  3.369e+03
  52500.00  3.318e+03
  52700.00  3.269e+03
  52900.00  3.220e+03
  53100.00  3.172e+03
  53300.00  3.125e+03
  53500.00  3.079e+03
  53700.00  3.034e+03
  53900.00  2.990e+03
  54100.00  2.946e+03
  54300.00  2.903e+03
  54500.00  2.862e+03
  54700.00  2.820e+03
  54900.00  2.780e+03
  55100.00  2.740e+03
  55300.00  2.701e+03
  55500.00  2.663e+03
  55700.00  2.625e+03
  55900.00  2.588e+03
  56100.00  2.552e+03
  56300.00  2.516e+03
  56500.00  2.481e+03
  56700.00  2.446e+03
  56900.00  2.412e+03
  57100.00  2.379e+03
  57300.00  2.346e+03
  57500.00  2.314e+03
  57700.00  2.282e+03
  57900.00  2.251e+03
  58100.00  2.221e+03
  58300.00  2.191e+03
  58500.00  2.163e+03
  58700.00  2.129e+03
  58900.00  2.080e+03
  59100.00  1.983e+03
  59300.00  2.032e+03
  59500.00  2.019e+03
  59700.00  1.996e+03
  59900.00  1.969e+03
  60100.00  1.943e+03
  60300.00  1.918e+03
  60500.00  1.893e+03
  60700.00  1.868e+03
  60900.00  1.844e+03
  61100.00  1.820e+03
  61300.00  1.797e+03
  61500.00  1.774e+03
  61700.00  1.751e+03
  61900.00  1.729e+03
  62100.00  1.707e+03
  62300.00  1.685e+03
  62500.00  1.664e+03
  62700.00  1.643e+03
  62900.00  1.622e+03
  63100.00  1.602e+03
  63300.00  1.582e+03
  63500.00  1.562e+03
  63700.00  1.543e+03
  63900.00  1.524e+03
  64200.00  1.496e+03
  64600.00  1.459e+03
  65000.00  1.424e+03
  65400.00  1.389e+03
  65800.00  1.356e+03
  66200.00  1.324e+03
  66600.00  1.293e+03
  67000.00  1.262e+03
  67400.00  1.233e+03
  67800.00  1.204e+03
  68200.00  1.176e+03
  68600.00  1.149e+03
  69000.00  1.123e+03
  69400.00  1.097e+03
  69800.00  1.073e+03
  70200.00  1.048e+03
  70600.00  1.025e+03
  71000.00  1.002e+03
  71400.00  9.801e+02
  71800.00  9.585e+02
  72200.00  9.375e+02
  72600.00  9.172e+02
  73000.00  8.974e+02
  73400.00  8.780e+02
  73800.00  8.592e+02
  74200.00  8.380e+02
  74600.00  7.951e+02
  75000.00  7.777e+02
  75400.00  7.856e+02
  75800.00  7.725e+02
  76200.00  7.565e+02
  76600.00  7.409e+02
  77000.00  7.257e+02
  77400.00  7.109e+02
  77800.00  6.965e+02
  78200.00  6.824e+02
  78600.00  6.687e+02
  79000.00  6.553e+02
  79400.00  6.423e+02
  79800.00  6.295e+02
  80200.00  6.171e+02
  80600.00  6.050e+02
  81000.00  5.932e+02
  81400.00  5.817e+02
  81800.00  5.704e+02
  82200.00  5.594e+02
  82600.00  5.487e+02
  83000.00  5.383e+02
  83400.00  5.280e+02
  83800.00  5.181e+02
  84200.00  5.083e+02
  84600.00  4.988e+02
  85000.00  4.895e+02
  85400.00  4.804e+02
  85800.00  4.716e+02
  86200.00  4.629e+02
  86600.00  4.545e+02
  87000.00  4.462e+02
  87400.00  4.381e+02
  87800.00  4.302e+02
  88200.00  4.225e+02
  88600.00  4.149e+02
  89000.00  4.075e+02
  89400.00  4.003e+02
  89800.00  3.933e+02
  90200.00  3.863e+02
  90600.00  3.796e+02
  91000.00  3.730e+02
  91400.00  3.665e+02
  91800.00  3.602e+02
  92200.00  3.540e+02
  92600.00  3.479e+02
  93000.00  3.420e+02
  93400.00  3.362e+02
  93800.00  3.305e+02
  94200.00  3.249e+02
  94600.00  3.195e+02
  95000.00  3.141e+02
  95400.00  3.089e+02
  95800.00  3.038e+02
  96200.00  2.988e+02
  96600.00  2.939e+02
  97000.00  2.891e+02
  97400.00  2.844e+02
  97800.00  2.797e+02
  98200.00  2.752e+02
  98600.00  2.708e+02
  99000.00  2.664e+02
  99400.00  2.622e+02
  99800.00  2.580e+02
 100200.00  2.539e+02
 200000.00  1.591e+01
 400000.00  9.786e-01
 600000.00  1.912e-01
 800000.00  6.004e-02
