     90.90  0.000e+00
     93.50  0.000e+00
     96.10  0.000e+00
     97.70  0.000e+00
     99.60  0.000e+00
    102.00  0.000e+00
    103.80  0.000e+00
    105.60  0.000e+00
    107.70  0.000e+00
    110.40  0.000e+00
    114.00  0.000e+00
    117.80  0.000e+00
    121.30  0.000e+00
    124.80  0.000e+00
    127.10  0.000e+00
    128.40  0.000e+00
    130.50  0.000e+00
    132.40  0.000e+00
    133.90  0.000e+00
    136.60  0.000e+00
    139.80  0.000e+00
    143.30  0.000e+00
    147.20  0.000e+00
    151.00  0.000e+00
    155.20  0.000e+00
    158.80  0.000e+00
    162.00  0.000e+00
    166.00  0.000e+00
    170.30  0.000e+00
    173.40  0.000e+00
    176.80  0.000e+00
    180.20  0.000e+00
    181.70  0.000e+00
    186.10  0.000e+00
    191.00  0.000e+00
    193.90  0.000e+00
    198.40  0.000e+00
    201.80  0.000e+00
    205.00  0.000e+00
    210.50  0.000e+00
    216.20  0.000e+00
    219.80  0.000e+00
    223.00  0.000e+00
    226.80  0.000e+00
    230.00  6.339e-19
    234.00  1.879e-18
    240.00  9.026e-18
    246.50  4.582e-17
    252.40  1.872e-16
    256.80  5.149e-16
    260.00  1.054e-15
    264.00  2.525e-15
    268.50  6.520e-15
    273.50  1.806e-14
    278.50  4.863e-14
    284.00  1.389e-13
    290.00  4.180e-13
    296.00  1.201e-12
    301.00  2.819e-12
    308.00  8.896e-12
    318.00  4.224e-11
    328.00  1.832e-10
    338.00  7.293e-10
    348.00  2.693e-09
    357.00  8.303e-09
    366.00  2.397e-08
    375.00  6.557e-08
    385.00  1.905e-07
    395.00  5.233e-07
    405.00  1.369e-06
    414.00  3.127e-06
    422.00  6.317e-06
    430.00  1.239e-05
    441.00  3.030e-05
    451.00  6.548e-05
    460.00  1.272e-04
    470.00  2.580e-04
    480.00  5.075e-04
    490.00  9.713e-04
    500.00  1.807e-03
    506.00  7.589e-02
    512.00  1.700e-01
    520.00  2.436e-01
    530.00  3.787e-01
    540.00  5.430e-01
    550.00  8.691e-01
    560.00  1.271e+00
    570.00  1.863e+00
    580.00  2.472e+00
    590.00  3.755e+00
    600.00  5.238e+00
    610.00  7.342e+00
    620.00  9.850e+00
    630.00  1.340e+01
    640.00  1.752e+01
    650.00  2.343e+01
    658.00  2.921e+01
    665.00  3.470e+01
    675.00  4.456e+01
    685.00  5.752e+01
    695.00  7.403e+01
    705.00  9.314e+01
    716.00  1.190e+02
    726.00  1.492e+02
    735.00  1.795e+02
    745.00  2.228e+02
    755.00  2.732e+02
    765.00  3.317e+02
    775.00  4.049e+02
    785.00  4.892e+02
    795.00  5.804e+02
    805.00  6.956e+02
    815.00  8.230e+02
    825.00  9.747e+02
    835.00  1.132e+03
    845.00  1.342e+03
    855.00  1.566e+03
    865.00  1.832e+03
    875.00  2.118e+03
    885.00  2.471e+03
    895.00  2.839e+03
    905.00  3.196e+03
    915.00  2.699e+04
    925.00  1.252e+05
    935.00  2.067e+05
    945.00  6.625e+05
    955.00  4.433e+06
    965.00  6.996e+06
    975.00  1.556e+06
    985.00  1.828e+07
    995.00  1.919e+07
   1005.00  2.897e+07
   1015.00  1.900e+07
   1025.00  9.660e+05
   1035.00  9.268e+06
   1045.00  4.017e+07
   1055.00  5.040e+07
   1065.00  4.147e+07
   1075.00  5.044e+07
   1085.00  3.869e+07
   1095.00  5.111e+07
   1105.00  6.174e+07
   1115.00  5.980e+07
   1125.00  6.293e+07
   1135.00  7.288e+07
   1145.00  6.529e+07
   1155.00  7.343e+07
   1165.00  8.111e+07
   1175.00  7.260e+07
   1185.00  7.211e+07
   1195.00  1.919e+07
   1205.00  2.019e+07
   1215.00  1.772e+06
   1225.00  1.440e+07
   1235.00  6.919e+07
   1245.00  9.282e+07
   1255.00  8.644e+07
   1265.00  5.271e+07
   1275.00  9.995e+07
   1285.00  1.099e+08
   1295.00  8.760e+07
   1305.00  7.749e+07
   1315.00  1.010e+08
   1325.00  9.932e+07
   1335.00  8.341e+07
   1345.00  1.065e+08
   1355.00  1.007e+08
   1365.00  8.740e+07
   1375.00  9.816e+07
   1385.00  1.010e+08
   1395.00  1.003e+08
   1405.00  1.010e+08
   1415.00  9.193e+07
   1425.00  9.573e+07
   1435.00  9.054e+07
   1442.00  9.805e+07
   1447.00  1.017e+08
   1455.00  9.814e+07
   1465.00  9.114e+07
   1475.00  8.686e+07
   1485.00  8.923e+07
   1495.00  9.243e+07
   1505.00  8.907e+07
   1512.00  8.093e+07
   1517.00  8.792e+07
   1525.00  7.939e+07
   1535.00  7.073e+07
   1545.00  8.351e+07
   1555.00  7.629e+07
   1565.00  7.342e+07
   1575.00  7.520e+07
   1585.00  8.045e+07
   1595.00  8.230e+07
   1605.00  7.746e+07
   1615.00  7.844e+07
   1625.00  7.265e+07
   1635.00  7.533e+07
   1645.00  7.616e+07
   1655.00  6.783e+07
   1665.00  7.475e+07
   1672.00  6.524e+07
   1677.00  7.190e+07
   1685.00  7.722e+07
   1695.00  7.279e+07
   1705.00  6.822e+07
   1715.00  6.328e+07
   1725.00  6.243e+07
   1735.00  6.587e+07
   1745.00  6.460e+07
   1755.00  6.982e+07
   1765.00  6.175e+07
   1775.00  6.570e+07
   1785.00  6.650e+07
   1795.00  6.985e+07
   1805.00  6.833e+07
   1815.00  6.474e+07
   1825.00  6.428e+07
   1835.00  6.160e+07
   1845.00  5.738e+07
   1855.00  5.643e+07
   1865.00  5.745e+07
   1875.00  6.273e+07
   1885.00  5.840e+07
   1895.00  5.605e+07
   1905.00  5.852e+07
   1915.00  5.656e+07
   1925.00  5.595e+07
   1935.00  5.749e+07
   1945.00  5.812e+07
   1955.00  5.492e+07
   1967.00  5.905e+07
   1976.00  6.031e+07
   1984.00  5.709e+07
   1995.00  5.440e+07
   2005.00  5.597e+07
   2015.00  5.300e+07
   2025.00  5.626e+07
   2035.00  5.307e+07
   2045.00  5.443e+07
   2055.00  5.168e+07
   2065.00  5.220e+07
   2074.00  5.381e+07
   2078.00  5.249e+07
   2085.00  5.352e+07
   2095.00  5.046e+07
   2105.00  5.067e+07
   2115.00  5.063e+07
   2125.00  5.105e+07
   2135.00  4.680e+07
   2145.00  4.889e+07
   2155.00  5.003e+07
   2165.00  4.778e+07
   2175.00  4.696e+07
   2185.00  4.569e+07
   2195.00  4.788e+07
   2205.00  4.595e+07
   2215.00  4.372e+07
   2225.00  4.147e+07
   2235.00  4.486e+07
   2245.00  4.144e+07
   2255.00  4.035e+07
   2265.00  4.108e+07
   2275.00  4.247e+07
   2285.00  4.309e+07
   2295.00  4.130e+07
   2305.00  3.952e+07
   2315.00  3.767e+07
   2325.00  3.042e+07
   2335.00  3.561e+07
   2345.00  3.433e+07
   2355.00  3.636e+07
   2365.00  3.354e+07
   2375.00  3.426e+07
   2385.00  3.187e+07
   2395.00  3.460e+07
   2405.00  3.260e+07
   2415.00  3.316e+07
   2425.00  3.438e+07
   2435.00  3.258e+07
   2445.00  3.480e+07
   2455.00  3.342e+07
   2465.00  3.361e+07
   2475.00  3.207e+07
   2485.00  3.423e+07
   2495.00  3.315e+07
   2505.00  3.495e+07
   2513.00  3.232e+07
   2518.00  3.345e+07
   2525.00  3.137e+07
   2535.00  3.163e+07
   2545.00  3.072e+07
   2555.00  3.211e+07
   2565.00  3.162e+07
   2575.00  3.346e+07
   2585.00  3.305e+07
   2595.00  3.303e+07
   2605.00  3.153e+07
   2615.00  3.135e+07
   2625.00  3.184e+07
   2635.00  3.196e+07
   2645.00  3.353e+07
   2655.00  3.301e+07
   2665.00  3.122e+07
   2675.00  3.224e+07
   2685.00  3.164e+07
   2695.00  3.093e+07
   2705.00  3.131e+07
   2715.00  3.009e+07
   2725.00  3.014e+07
   2735.00  3.134e+07
   2745.00  2.840e+07
   2755.00  2.819e+07
   2765.00  2.892e+07
   2775.00  2.978e+07
   2785.00  2.975e+07
   2795.00  2.559e+07
   2805.00  2.724e+07
   2815.00  2.967e+07
   2825.00  2.939e+07
   2835.00  2.818e+07
   2845.00  2.729e+07
   2855.00  2.752e+07
   2865.00  2.819e+07
   2875.00  2.753e+07
   2885.00  2.776e+07
   2895.00  2.744e+07
   2910.00  2.830e+07
   2930.00  2.747e+07
   2950.00  2.708e+07
   2970.00  2.682e+07
   2990.00  2.653e+07
   3010.00  2.671e+07
   3030.00  2.634e+07
   3050.00  2.584e+07
   3070.00  2.540e+07
   3090.00  2.531e+07
   3110.00  2.468e+07
   3130.00  2.439e+07
   3150.00  2.417e+07
   3170.00  2.377e+07
   3190.00  2.300e+07
   3210.00  2.310e+07
   3230.00  2.279e+07
   3250.00  2.248e+07
   3270.00  2.230e+07
   3290.00  2.202e+07
   3310.00  2.184e+07
   3330.00  2.148e+07
   3350.00  2.110e+07
   3370.00  2.084e+07
   3390.00  2.053e+07
   3410.00  2.037e+07
   3430.00  2.008e+07
   3450.00  1.984e+07
   3470.00  1.952e+07
   3490.00  1.929e+07
   3510.00  1.915e+07
   3530.00  1.893e+07
   3550.00  1.870e+07
   3570.00  1.844e+07
   3590.00  1.817e+07
   3610.00  1.797e+07
   3630.00  1.772e+07
   3640.00  1.765e+07
   3650.00  1.764e+07
   3670.00  1.721e+07
   3690.00  1.588e+07
   3710.00  1.654e+07
   3730.00  1.679e+07
   3750.00  1.986e+07
   3770.00  2.022e+07
   3790.00  2.286e+07
   3810.00  2.518e+07
   3830.00  2.105e+07
   3850.00  2.620e+07
   3870.00  2.786e+07
   3890.00  1.900e+07
   3910.00  2.737e+07
   3930.00  2.730e+07
   3950.00  2.673e+07
   3970.00  1.789e+07
   3990.00  2.557e+07
   4010.00  2.628e+07
   4030.00  2.553e+07
   4050.00  2.571e+07
   4070.00  2.500e+07
   4090.00  2.171e+07
   4110.00  1.778e+07
   4130.00  2.326e+07
   4150.00  2.365e+07
   4170.00  2.342e+07
   4190.00  2.316e+07
   4210.00  2.285e+07
   4230.00  2.250e+07
   4250.00  2.213e+07
   4270.00  2.161e+07
   4290.00  2.145e+07
   4310.00  2.086e+07
   4330.00  1.756e+07
   4350.00  1.546e+07
   4370.00  1.987e+07
   4390.00  1.966e+07
   4410.00  1.969e+07
   4430.00  1.931e+07
   4450.00  1.917e+07
   4470.00  1.849e+07
   4490.00  1.840e+07
   4510.00  1.830e+07
   4530.00  1.804e+07
   4550.00  1.770e+07
   4570.00  1.762e+07
   4590.00  1.730e+07
   4610.00  1.714e+07
   4630.00  1.677e+07
   4650.00  1.665e+07
   4670.00  1.640e+07
   4690.00  1.620e+07
   4710.00  1.576e+07
   4730.00  1.572e+07
   4750.00  1.548e+07
   4770.00  1.535e+07
   4790.00  1.511e+07
   4810.00  1.482e+07
   4830.00  1.446e+07
   4850.00  1.254e+07
   4870.00  1.070e+07
   4890.00  1.379e+07
   4910.00  1.386e+07
   4930.00  1.356e+07
   4950.00  1.357e+07
   4970.00  1.342e+07
   4990.00  1.322e+07
   5010.00  1.286e+07
   5030.00  1.282e+07
   5050.00  1.246e+07
   5070.00  1.252e+07
   5090.00  1.236e+07
   5110.00  1.217e+07
   5130.00  1.205e+07
   5150.00  1.183e+07
   5170.00  1.169e+07
   5190.00  1.158e+07
   5210.00  1.137e+07
   5230.00  1.125e+07
   5250.00  1.116e+07
   5270.00  1.096e+07
   5290.00  1.092e+07
   5310.00  1.074e+07
   5330.00  1.064e+07
   5350.00  1.051e+07
   5370.00  1.039e+07
   5390.00  1.026e+07
   5410.00  1.012e+07
   5430.00  1.000e+07
   5450.00  9.895e+06
   5470.00  9.761e+06
   5490.00  9.658e+06
   5510.00  9.540e+06
   5530.00  9.443e+06
   5550.00  9.331e+06
   5570.00  9.220e+06
   5590.00  9.113e+06
   5610.00  9.017e+06
   5630.00  8.917e+06
   5650.00  8.769e+06
   5670.00  8.679e+06
   5690.00  8.599e+06
   5710.00  8.503e+06
   5730.00  8.409e+06
   5750.00  8.312e+06
   5770.00  8.217e+06
   5790.00  8.112e+06
   5810.00  8.024e+06
   5830.00  7.937e+06
   5850.00  7.846e+06
   5870.00  7.645e+06
   5890.00  7.653e+06
   5910.00  7.583e+06
   5930.00  7.505e+06
   5950.00  7.382e+06
   5970.00  7.327e+06
   5990.00  7.223e+06
   6010.00  7.175e+06
   6030.00  7.095e+06
   6050.00  7.016e+06
   6070.00  6.937e+06
   6090.00  6.861e+06
   6110.00  6.792e+06
   6130.00  6.716e+06
   6150.00  6.605e+06
   6170.00  6.568e+06
   6190.00  6.502e+06
   6210.00  6.431e+06
   6230.00  6.355e+06
   6250.00  6.261e+06
   6270.00  6.226e+06
   6290.00  6.158e+06
   6310.00  6.086e+06
   6330.00  6.027e+06
   6350.00  5.888e+06
   6370.00  5.850e+06
   6390.00  5.836e+06
   6410.00  5.767e+06
   6430.00  5.719e+06
   6450.00  5.644e+06
   6470.00  5.599e+06
   6490.00  5.525e+06
   6510.00  5.452e+06
   6530.00  5.351e+06
   6550.00  4.929e+06
   6570.00  4.187e+06
   6590.00  5.120e+06
   6610.00  5.177e+06
   6630.00  5.142e+06
   6650.00  5.103e+06
   6670.00  5.033e+06
   6690.00  4.983e+06
   6710.00  4.951e+06
   6730.00  4.901e+06
   6750.00  4.853e+06
   6770.00  4.806e+06
   6790.00  4.755e+06
   6810.00  4.709e+06
   6830.00  4.658e+06
   6850.00  4.615e+06
   6870.00  4.571e+06
   6890.00  4.526e+06
   6910.00  4.481e+06
   6930.00  4.431e+06
   6950.00  4.394e+06
   6970.00  4.353e+06
   6990.00  4.313e+06
   7010.00  4.266e+06
   7030.00  4.228e+06
   7050.00  4.177e+06
   7070.00  4.127e+06
   7090.00  4.109e+06
   7110.00  4.064e+06
   7130.00  4.028e+06
   7150.00  3.990e+06
   7170.00  3.953e+06
   7190.00  3.917e+06
   7210.00  3.881e+06
   7230.00  3.835e+06
   7250.00  3.805e+06
   7270.00  3.772e+06
   7290.00  3.731e+06
   7310.00  3.702e+06
   7330.00  3.668e+06
   7350.00  3.635e+06
   7370.00  3.601e+06
   7390.00  3.568e+06
   7410.00  3.533e+06
   7430.00  3.496e+06
   7450.00  3.467e+06
   7470.00  3.430e+06
   7490.00  3.403e+06
   7510.00  3.372e+06
   7530.00  3.344e+06
   7550.00  3.314e+06
   7570.00  3.284e+06
   7590.00  3.254e+06
   7610.00  3.227e+06
   7630.00  3.197e+06
   7650.00  3.167e+06
   7670.00  3.139e+06
   7690.00  3.111e+06
   7710.00  3.083e+06
   7730.00  3.056e+06
   7750.00  3.029e+06
   7770.00  2.964e+06
   7790.00  2.976e+06
   7810.00  2.951e+06
   7830.00  2.925e+06
   7850.00  2.890e+06
   7870.00  2.862e+06
   7890.00  2.834e+06
   7910.00  2.822e+06
   7930.00  2.800e+06
   7950.00  2.765e+06
   7970.00  2.751e+06
   7990.00  2.709e+06
   8010.00  2.704e+06
   8030.00  2.680e+06
   8050.00  2.657e+06
   8070.00  2.635e+06
   8090.00  2.612e+06
   8110.00  2.589e+06
   8130.00  2.568e+06
   8150.00  2.546e+06
   8170.00  2.526e+06
   8190.00  2.501e+06
   8210.00  2.477e+06
   8230.00  2.452e+06
   8250.00  2.445e+06
   8270.00  2.427e+06
   8290.00  2.402e+06
   8310.00  2.385e+06
   8330.00  2.361e+06
   8350.00  2.331e+06
   8370.00  2.303e+06
   8390.00  2.265e+06
   8410.00  2.233e+06
   8430.00  2.205e+06
   8450.00  2.182e+06
   8470.00  2.129e+06
   8490.00  2.183e+06
   8510.00  2.081e+06
   8530.00  2.193e+06
   8550.00  1.988e+06
   8570.00  2.219e+06
   8590.00  2.045e+06
   8610.00  2.002e+06
   8630.00  2.220e+06
   8650.00  2.107e+06
   8670.00  1.831e+06
   8690.00  2.138e+06
   8710.00  2.197e+06
   8730.00  2.104e+06
   8750.00  1.754e+06
   8770.00  2.008e+06
   8790.00  2.136e+06
   8810.00  2.138e+06
   8830.00  2.089e+06
   8850.00  1.908e+06
   8870.00  1.678e+06
   8890.00  1.997e+06
   8910.00  2.050e+06
   8930.00  2.044e+06
   8950.00  2.036e+06
   8970.00  2.007e+06
   8990.00  1.932e+06
   9010.00  1.620e+06
   9030.00  1.730e+06
   9050.00  1.914e+06
   9070.00  1.923e+06
   9090.00  1.916e+06
   9110.00  1.912e+06
   9130.00  1.897e+06
   9150.00  1.886e+06
   9170.00  1.862e+06
   9190.00  1.824e+06
   9210.00  1.726e+06
   9230.00  1.424e+06
   9250.00  1.668e+06
   9270.00  1.743e+06
   9290.00  1.775e+06
   9310.00  1.771e+06
   9330.00  1.759e+06
   9350.00  1.750e+06
   9370.00  1.737e+06
   9390.00  1.721e+06
   9410.00  1.694e+06
   9430.00  1.696e+06
   9450.00  1.682e+06
   9470.00  1.665e+06
   9490.00  1.647e+06
   9510.00  1.612e+06
   9530.00  1.505e+06
   9550.00  1.272e+06
   9570.00  1.510e+06
   9590.00  1.572e+06
   9610.00  1.575e+06
   9630.00  1.556e+06
   9650.00  1.561e+06
   9670.00  1.547e+06
   9690.00  1.538e+06
   9710.00  1.528e+06
   9730.00  1.517e+06
   9750.00  1.505e+06
   9770.00  1.495e+06
   9790.00  1.483e+06
   9810.00  1.472e+06
   9830.00  1.460e+06
   9850.00  1.450e+06
   9870.00  1.439e+06
   9890.00  1.426e+06
   9910.00  1.418e+06
   9930.00  1.408e+06
   9950.00  1.396e+06
   9970.00  1.383e+06
   9990.00  1.368e+06
  10025.00  1.271e+06
  10075.00  1.213e+06
  10125.00  1.299e+06
  10175.00  1.287e+06
  10225.00  1.266e+06
  10275.00  1.244e+06
  10325.00  1.221e+06
  10375.00  1.201e+06
  10425.00  1.180e+06
  10475.00  1.159e+06
  10525.00  1.138e+06
  10575.00  1.120e+06
  10625.00  1.101e+06
  10675.00  1.078e+06
  10725.00  1.063e+06
  10775.00  1.046e+06
  10825.00  1.022e+06
  10875.00  1.003e+06
  10925.00  8.821e+05
  10975.00  9.370e+05
  11025.00  9.572e+05
  11075.00  9.459e+05
  11125.00  9.307e+05
  11175.00  9.154e+05
  11225.00  9.007e+05
  11275.00  8.812e+05
  11325.00  8.680e+05
  11375.00  8.578e+05
  11425.00  8.441e+05
  11475.00  8.309e+05
  11525.00  8.177e+05
  11575.00  8.048e+05
  11625.00  7.909e+05
  11675.00  7.785e+05
  11725.00  7.674e+05
  11775.00  7.531e+05
  11825.00  7.437e+05
  11875.00  7.318e+05
  11925.00  7.213e+05
  11975.00  7.096e+05
  12025.00  6.995e+05
  12075.00  6.889e+05
  12125.00  6.783e+05
  12175.00  6.682e+05
  12225.00  6.581e+05
  12275.00  6.482e+05
  12325.00  6.386e+05
  12375.00  6.292e+05
  12425.00  6.201e+05
  12475.00  6.099e+05
  12525.00  6.018e+05
  12575.00  5.924e+05
  12625.00  5.843e+05
  12675.00  5.759e+05
  12725.00  5.658e+05
  12775.00  5.478e+05
  12825.00  4.893e+05
  12875.00  5.359e+05
  12925.00  5.346e+05
  12975.00  5.280e+05
  13025.00  5.209e+05
  13075.00  5.135e+05
  13125.00  5.063e+05
  13175.00  4.986e+05
  13225.00  4.923e+05
  13275.00  4.855e+05
  13325.00  4.787e+05
  13375.00  4.721e+05
  13425.00  4.655e+05
  13475.00  4.591e+05
  13525.00  4.528e+05
  13575.00  4.467e+05
  13625.00  4.407e+05
  13675.00  4.345e+05
  13725.00  4.287e+05
  13775.00  4.232e+05
  13825.00  4.175e+05
  13875.00  4.120e+05
  13925.00  4.065e+05
  13975.00  4.011e+05
  14025.00  3.958e+05
  14075.00  3.906e+05
  14125.00  3.855e+05
  14175.00  3.805e+05
  14225.00  3.755e+05
  14275.00  3.707e+05
  14325.00  3.659e+05
  14375.00  3.611e+05
  14425.00  3.560e+05
  14475.00  3.519e+05
  14525.00  3.472e+05
  14570.00  3.435e+05
  14620.00  3.437e+05
  14675.00  3.451e+05
  14725.00  3.393e+05
  14775.00  3.330e+05
  14825.00  3.272e+05
  14875.00  3.214e+05
  14925.00  3.163e+05
  14975.00  3.108e+05
  15025.00  3.062e+05
  15075.00  3.016e+05
  15125.00  2.961e+05
  15175.00  2.921e+05
  15225.00  2.889e+05
  15275.00  2.844e+05
  15325.00  2.804e+05
  15375.00  2.789e+05
  15425.00  2.724e+05
  15475.00  2.726e+05
  15525.00  2.691e+05
  15575.00  2.607e+05
  15625.00  2.673e+05
  15675.00  2.575e+05
  15725.00  2.510e+05
  15775.00  2.593e+05
  15825.00  2.552e+05
  15875.00  2.371e+05
  15925.00  2.457e+05
  15975.00  2.493e+05
  16050.00  2.411e+05
  16150.00  2.287e+05
  16250.00  2.342e+05
  16350.00  2.242e+05
  16450.00  2.129e+05
  16550.00  2.189e+05
  16650.00  2.142e+05
  16750.00  2.043e+05
  16850.00  1.939e+05
  16950.00  1.999e+05
  17050.00  1.959e+05
  17150.00  1.917e+05
  17250.00  1.867e+05
  17350.00  1.710e+05
  17450.00  1.775e+05
  17550.00  1.756e+05
  17650.00  1.719e+05
  17750.00  1.682e+05
  17850.00  1.647e+05
  17950.00  1.613e+05
  18050.00  1.572e+05
  18150.00  1.450e+05
  18250.00  1.487e+05
  18350.00  1.482e+05
  18450.00  1.453e+05
  18550.00  1.423e+05
  18650.00  1.387e+05
  18750.00  1.281e+05
  18850.00  1.331e+05
  18950.00  1.312e+05
  19050.00  1.286e+05
  19150.00  1.261e+05
  19250.00  1.236e+05
  19350.00  1.204e+05
  19450.00  1.108e+05
  19550.00  1.158e+05
  19650.00  1.143e+05
  19750.00  1.122e+05
  19850.00  1.100e+05
  19950.00  1.079e+05
  20050.00  1.059e+05
  20150.00  1.039e+05
  20250.00  1.020e+05
  20350.00  1.001e+05
  20450.00  9.820e+04
  20550.00  9.636e+04
  20650.00  9.462e+04
  20750.00  9.289e+04
  20850.00  9.120e+04
  20950.00  8.955e+04
  21050.00  8.793e+04
  21150.00  8.632e+04
  21250.00  8.480e+04
  21350.00  8.328e+04
  21450.00  8.181e+04
  21550.00  7.992e+04
  21650.00  7.387e+04
  21750.00  7.681e+04
  21850.00  7.619e+04
  21950.00  7.492e+04
  22050.00  7.363e+04
  22150.00  7.237e+04
  22250.00  7.113e+04
  22350.00  6.992e+04
  22450.00  6.874e+04
  22550.00  6.758e+04
  22650.00  6.644e+04
  22750.00  6.533e+04
  22850.00  6.441e+04
  22950.00  6.389e+04
  23050.00  6.283e+04
  23150.00  6.168e+04
  23250.00  6.054e+04
  23350.00  5.944e+04
  23450.00  5.839e+04
  23550.00  5.735e+04
  23650.00  5.639e+04
  23750.00  5.539e+04
  23850.00  5.443e+04
  23950.00  5.355e+04
  24050.00  5.262e+04
  24150.00  5.171e+04
  24250.00  5.092e+04
  24350.00  5.012e+04
  24450.00  4.925e+04
  24550.00  4.863e+04
  24650.00  4.772e+04
  24750.00  4.704e+04
  24850.00  4.657e+04
  24950.00  4.523e+04
  25050.00  4.557e+04
  25150.00  4.460e+04
  25250.00  4.299e+04
  25350.00  4.310e+04
  25450.00  4.273e+04
  25550.00  4.179e+04
  25650.00  4.020e+04
  25750.00  4.067e+04
  25850.00  4.029e+04
  25950.00  3.965e+04
  26050.00  3.856e+04
  26150.00  3.703e+04
  26250.00  3.550e+04
  26350.00  3.703e+04
  26450.00  3.686e+04
  26550.00  3.634e+04
  26650.00  3.554e+04
  26750.00  3.372e+04
  26850.00  3.453e+04
  26950.00  3.435e+04
  27050.00  3.390e+04
  27150.00  3.342e+04
  27250.00  3.295e+04
  27350.00  3.247e+04
  27450.00  3.185e+04
  27550.00  3.014e+04
  27650.00  3.045e+04
  27750.00  3.063e+04
  27850.00  3.029e+04
  27950.00  2.987e+04
  28050.00  2.946e+04
  28150.00  2.906e+04
  28250.00  2.866e+04
  28350.00  2.827e+04
  28450.00  2.789e+04
  28550.00  2.745e+04
  28650.00  2.668e+04
  28750.00  2.533e+04
  28850.00  2.624e+04
  28950.00  2.604e+04
  29050.00  2.572e+04
  29150.00  2.538e+04
  29250.00  2.505e+04
  29350.00  2.472e+04
  29450.00  2.440e+04
  29550.00  2.408e+04
  29650.00  2.377e+04
  29750.00  2.346e+04
  29850.00  2.315e+04
  29950.00  2.286e+04
  30050.00  2.256e+04
  30150.00  2.226e+04
  30250.00  2.188e+04
  30350.00  2.071e+04
  30450.00  2.080e+04
  30550.00  2.108e+04
  30650.00  2.090e+04
  30750.00  2.063e+04
  30850.00  2.037e+04
  30950.00  2.012e+04
  31050.00  1.987e+04
  31150.00  1.962e+04
  31250.00  1.938e+04
  31350.00  1.914e+04
  31450.00  1.891e+04
  31550.00  1.868e+04
  31650.00  1.845e+04
  31750.00  1.822e+04
  31850.00  1.800e+04
  31950.00  1.778e+04
  32100.00  1.746e+04
  32300.00  1.705e+04
  32500.00  1.664e+04
  32700.00  1.623e+04
  32900.00  1.528e+04
  33100.00  1.540e+04
  33300.00  1.521e+04
  33500.00  1.486e+04
  33700.00  1.451e+04
  33900.00  1.416e+04
  34100.00  1.383e+04
  34300.00  1.351e+04
  34500.00  1.320e+04
  34700.00  1.290e+04
  34900.00  1.260e+04
  35100.00  1.232e+04
  35300.00  1.205e+04
  35500.00  1.178e+04
  35700.00  1.152e+04
  35900.00  1.128e+04
  36100.00  1.102e+04
  36300.00  1.081e+04
  36500.00  1.055e+04
  36700.00  1.037e+04
  36900.00  1.009e+04
  37100.00  9.932e+03
  37300.00  9.570e+03
  37500.00  9.246e+03
  37700.00  9.338e+03
  37900.00  9.172e+03
  38100.00  8.900e+03
  38300.00  8.732e+03
  38500.00  8.633e+03
  38700.00  8.464e+03
  38900.00  8.254e+03
  39100.00  7.981e+03
  39300.00  7.952e+03
  39500.00  7.812e+03
  39700.00  7.661e+03
  39900.00  7.512e+03
  40100.00  7.273e+03
  40300.00  7.101e+03
  40500.00  6.847e+03
  40700.00  6.933e+03
  40900.00  6.819e+03
  41100.00  6.690e+03
  41300.00  6.563e+03
  41500.00  6.419e+03
  41700.00  6.148e+03
  41900.00  6.177e+03
  42100.00  6.089e+03
  42300.00  5.977e+03
  42500.00  5.868e+03
  42700.00  5.761e+03
  42900.00  5.656e+03
  43100.00  5.554e+03
  43300.00  5.454e+03
  43500.00  5.348e+03
  43700.00  5.116e+03
  43900.00  5.114e+03
  44100.00  5.075e+03
  44300.00  4.987e+03
  44500.00  4.900e+03
  44700.00  4.826e+03
  44900.00  4.742e+03
  45100.00  4.660e+03
  45300.00  4.579e+03
  45500.00  4.501e+03
  45700.00  4.424e+03
  45900.00  4.349e+03
  46100.00  4.275e+03
  46300.00  4.190e+03
  46500.00  3.967e+03
  46700.00  3.907e+03
  46900.00  3.967e+03
  47100.00  3.929e+03
  47300.00  3.865e+03
  47500.00  3.801e+03
  47700.00  3.739e+03
  47900.00  3.678e+03
  48100.00  3.618e+03
  48300.00  3.560e+03
  48500.00  3.503e+03
  48700.00  3.446e+03
  48900.00  3.391e+03
  49100.00  3.337e+03
  49300.00  3.284e+03
  49500.00  3.232e+03
  49700.00  3.182e+03
  49900.00  3.132e+03
  50100.00  3.083e+03
  50300.00  3.035e+03
  50500.00  2.988e+03
  50700.00  2.942e+03
  50900.00  2.897e+03
  51100.00  2.835e+03
  51300.00  2.699e+03
  51500.00  2.754e+03
  51700.00  2.724e+03
  51900.00  2.683e+03
  52100.00  2.643e+03
  52300.00  2.603e+03
  52500.00  2.564e+03
  52700.00  2.526e+03
  52900.00  2.489e+03
  53100.00  2.452e+03
  53300.00  2.416e+03
  53500.00  2.381e+03
  53700.00  2.346e+03
  53900.00  2.312e+03
  54100.00  2.278e+03
  54300.00  2.245e+03
  54500.00  2.213e+03
  54700.00  2.181e+03
  54900.00  2.150e+03
  55100.00  2.120e+03
  55300.00  2.090e+03
  55500.00  2.060e+03
  55700.00  2.031e+03
  55900.00  2.003e+03
  56100.00  1.975e+03
  56300.00  1.947e+03
  56500.00  1.920e+03
  56700.00  1.893e+03
  56900.00  1.867e+03
  57100.00  1.842e+03
  57300.00  1.816e+03
  57500.00  1.792e+03
  57700.00  1.767e+03
  57900.00  1.743e+03
  58100.00  1.720e+03
  58300.00  1.697e+03
  58500.00  1.676e+03
  58700.00  1.653e+03
  58900.00  1.620e+03
  59100.00  1.542e+03
  59300.00  1.581e+03
  59500.00  1.568e+03
  59700.00  1.547e+03
  59900.00  1.527e+03
  60100.00  1.507e+03
  60300.00  1.487e+03
  60500.00  1.468e+03
  60700.00  1.449e+03
  60900.00  1.430e+03
  61100.00  1.412e+03
  61300.00  1.394e+03
  61500.00  1.376e+03
  61700.00  1.358e+03
  61900.00  1.341e+03
  62100.00  1.324e+03
  62300.00  1.307e+03
  62500.00  1.291e+03
  62700.00  1.275e+03
  62900.00  1.259e+03
  63100.00  1.243e+03
  63300.00  1.228e+03
  63500.00  1.212e+03
  63700.00  1.197e+03
  63900.00  1.183e+03
  64200.00  1.161e+03
  64600.00  1.133e+03
  65000.00  1.105e+03
  65400.00  1.079e+03
  65800.00  1.053e+03
  66200.00  1.028e+03
  66600.00  1.004e+03
  67000.00  9.806e+02
  67400.00  9.578e+02
  67800.00  9.356e+02
  68200.00  9.141e+02
  68600.00  8.931e+02
  69000.00  8.729e+02
  69400.00  8.531e+02
  69800.00  8.339e+02
  70200.00  8.152e+02
  70600.00  7.971e+02
  71000.00  7.795e+02
  71400.00  7.623e+02
  71800.00  7.456e+02
  72200.00  7.294e+02
  72600.00  7.136e+02
  73000.00  6.983e+02
  73400.00  6.833e+02
  73800.00  6.687e+02
  74200.00  6.539e+02
  74600.00  6.254e+02
  75000.00  6.097e+02
  75400.00  6.132e+02
  75800.00  6.016e+02
  76200.00  5.892e+02
  76600.00  5.770e+02
  77000.00  5.653e+02
  77400.00  5.538e+02
  77800.00  5.426e+02
  78200.00  5.317e+02
  78600.00  5.210e+02
  79000.00  5.107e+02
  79400.00  5.005e+02
  79800.00  4.906e+02
  80200.00  4.810e+02
  80600.00  4.716e+02
  81000.00  4.625e+02
  81400.00  4.535e+02
  81800.00  4.448e+02
  82200.00  4.363e+02
  82600.00  4.279e+02
  83000.00  4.198e+02
  83400.00  4.119e+02
  83800.00  4.041e+02
  84200.00  3.966e+02
  84600.00  3.892e+02
  85000.00  3.820e+02
  85400.00  3.749e+02
  85800.00  3.680e+02
  86200.00  3.613e+02
  86600.00  3.547e+02
  87000.00  3.483e+02
  87400.00  3.420e+02
  87800.00  3.359e+02
  88200.00  3.299e+02
  88600.00  3.240e+02
  89000.00  3.182e+02
  89400.00  3.126e+02
  89800.00  3.071e+02
  90200.00  3.017e+02
  90600.00  2.965e+02
  91000.00  2.913e+02
  91400.00  2.863e+02
  91800.00  2.814e+02
  92200.00  2.766e+02
  92600.00  2.718e+02
  93000.00  2.672e+02
  93400.00  2.627e+02
  93800.00  2.583e+02
  94200.00  2.540e+02
  94600.00  2.497e+02
  95000.00  2.456e+02
  95400.00  2.415e+02
  95800.00  2.375e+02
  96200.00  2.336e+02
  96600.00  2.298e+02
  97000.00  2.260e+02
  97400.00  2.224e+02
  97800.00  2.188e+02
  98200.00  2.152e+02
  98600.00  2.118e+02
  99000.00  2.084e+02
  99400.00  2.051e+02
  99800.00  2.018e+02
 100200.00  1.987e+02
 200000.00  1.254e+01
 400000.00  7.712e-01
 600000.00  1.502e-01
 800000.00  4.697e-02
