   850.000 1.231E+01
   850.250 1.236E+01
   850.500 1.242E+01
   850.750 1.249E+01
   851.000 1.256E+01
   851.250 1.263E+01
   851.500 1.271E+01
   851.750 1.278E+01
   852.000 1.285E+01
   852.250 1.292E+01
   852.500 1.299E+01
   852.750 1.306E+01
   853.000 1.314E+01
   853.250 1.321E+01
   853.500 1.328E+01
   853.750 1.336E+01
   854.000 1.343E+01
   854.250 1.350E+01
   854.500 1.358E+01
   854.750 1.365E+01
   855.000 1.373E+01
   855.250 1.381E+01
   855.500 1.388E+01
   855.750 1.396E+01
   856.000 1.404E+01
   856.250 1.411E+01
   856.500 1.419E+01
   856.750 1.427E+01
   857.000 1.435E+01
   857.250 1.443E+01
   857.500 1.450E+01
   857.750 1.454E+01
   858.000 1.452E+01
   858.250 1.457E+01
   858.500 1.462E+01
   858.750 1.478E+01
   859.000 1.497E+01
   859.250 1.507E+01
   859.500 1.514E+01
   859.750 1.522E+01
   860.000 1.531E+01
   860.250 1.540E+01
   860.500 1.549E+01
   860.750 1.557E+01
   861.000 1.566E+01
   861.250 1.574E+01
   861.500 1.582E+01
   861.750 1.590E+01
   862.000 1.599E+01
   862.250 1.608E+01
   862.500 1.614E+01
   862.750 1.608E+01
   863.000 1.606E+01
   863.250 1.621E+01
   863.500 1.636E+01
   863.750 1.657E+01
   864.000 1.670E+01
   864.250 1.680E+01
   864.500 1.689E+01
   864.750 1.698E+01
   865.000 1.707E+01
   865.250 1.716E+01
   865.500 1.726E+01
   865.750 1.735E+01
   866.000 1.744E+01
   866.250 1.753E+01
   866.500 1.762E+01
   866.750 1.770E+01
   867.000 1.780E+01
   867.250 1.791E+01
   867.500 1.801E+01
   867.750 1.811E+01
   868.000 1.821E+01
   868.250 1.830E+01
   868.500 1.840E+01
   868.750 1.850E+01
   869.000 1.860E+01
   869.250 1.870E+01
   869.500 1.880E+01
   869.750 1.890E+01
   870.000 1.900E+01
   870.250 1.910E+01
   870.500 1.920E+01
   870.750 1.930E+01
   871.000 1.941E+01
   871.250 1.951E+01
   871.500 1.961E+01
   871.750 1.972E+01
   872.000 1.982E+01
   872.250 1.993E+01
   872.500 2.003E+01
   872.750 2.014E+01
   873.000 2.025E+01
   873.250 2.035E+01
   873.500 2.046E+01
   873.750 2.057E+01
   874.000 2.068E+01
   874.250 2.079E+01
   874.500 2.089E+01
   874.750 2.100E+01
   875.000 2.108E+01
   875.250 2.105E+01
   875.500 2.106E+01
   875.750 2.126E+01
   876.000 2.144E+01
   876.250 2.163E+01
   876.500 2.178E+01
   876.750 2.190E+01
   877.000 2.202E+01
   877.250 2.213E+01
   877.500 2.222E+01
   877.750 2.225E+01
   878.000 2.238E+01
   878.250 2.257E+01
   878.500 2.271E+01
   878.750 2.280E+01
   879.000 2.286E+01
   879.250 2.300E+01
   879.500 2.315E+01
   879.750 2.329E+01
   880.000 2.343E+01
   880.250 2.356E+01
   880.500 2.368E+01
   880.750 2.380E+01
   881.000 2.393E+01
   881.250 2.405E+01
   881.500 2.418E+01
   881.750 2.430E+01
   882.000 2.443E+01
   882.250 2.455E+01
   882.500 2.468E+01
   882.750 2.481E+01
   883.000 2.494E+01
   883.250 2.506E+01
   883.500 2.519E+01
   883.750 2.532E+01
   884.000 2.545E+01
   884.250 2.558E+01
   884.500 2.572E+01
   884.750 2.585E+01
   885.000 2.598E+01
   885.250 2.611E+01
   885.500 2.625E+01
   885.750 2.638E+01
   886.000 2.651E+01
   886.250 2.665E+01
   886.500 2.678E+01
   886.750 2.692E+01
   887.000 2.706E+01
   887.250 2.720E+01
   887.500 2.734E+01
   887.750 2.748E+01
   888.000 2.762E+01
   888.250 2.776E+01
   888.500 2.790E+01
   888.750 2.805E+01
   889.000 2.819E+01
   889.250 2.833E+01
   889.500 2.845E+01
   889.750 2.858E+01
   890.000 2.875E+01
   890.250 2.891E+01
   890.500 2.906E+01
   890.750 2.920E+01
   891.000 2.935E+01
   891.250 2.950E+01
   891.500 2.965E+01
   891.750 2.976E+01
   892.000 2.987E+01
   892.250 3.006E+01
   892.500 3.025E+01
   892.750 3.041E+01
   893.000 3.056E+01
   893.250 3.071E+01
   893.500 3.087E+01
   893.750 3.102E+01
   894.000 3.118E+01
   894.250 3.133E+01
   894.500 3.149E+01
   894.750 3.165E+01
   895.000 3.181E+01
   895.250 3.197E+01
   895.500 3.213E+01
   895.750 3.229E+01
   896.000 3.245E+01
   896.250 3.261E+01
   896.500 3.278E+01
   896.750 3.294E+01
   897.000 3.310E+01
   897.250 3.327E+01
   897.500 3.343E+01
   897.750 3.360E+01
   898.000 3.377E+01
   898.250 3.394E+01
   898.500 3.410E+01
   898.750 3.427E+01
   899.000 3.444E+01
   899.250 3.461E+01
   899.500 3.477E+01
   899.750 3.494E+01
   900.000 3.512E+01
   900.250 3.530E+01
   900.500 3.548E+01
   900.750 3.565E+01
   901.000 3.583E+01
   901.250 3.601E+01
   901.500 3.618E+01
   901.750 3.635E+01
   902.000 3.654E+01
   902.250 3.672E+01
   902.500 3.690E+01
   902.750 3.709E+01
   903.000 3.726E+01
   903.250 3.734E+01
   903.500 3.713E+01
   903.750 3.687E+01
   904.000 3.665E+01
   904.250 3.699E+01
   904.500 3.766E+01
   904.750 3.832E+01
   905.000 3.872E+01
   905.250 3.893E+01
   905.500 3.913E+01
   905.750 3.932E+01
   906.000 3.950E+01
   906.250 3.958E+01
   906.500 3.958E+01
   906.750 3.978E+01
   907.000 4.010E+01
   907.250 4.042E+01
   907.500 4.062E+01
   907.750 4.082E+01
   908.000 4.106E+01
   908.250 4.127E+01
   908.500 4.148E+01
   908.750 4.168E+01
   909.000 4.189E+01
   909.250 4.209E+01
   909.500 4.229E+01
   909.750 4.249E+01
   910.000 4.269E+01
   910.250 4.281E+01
   910.500 4.294E+01
   910.750 4.323E+01
   911.000 4.353E+01
   911.250 4.398E+01
   911.500 4.556E+01
   911.750 5.003E+01
   912.000 5.753E+01
   912.250 5.855E+01
   912.500 5.000E+01
   912.750 4.619E+01
   913.000 4.904E+01
   913.250 5.901E+01
   913.500 8.012E+01
   913.750 1.120E+02
   914.000 1.528E+02
   914.250 2.020E+02
   914.500 2.584E+02
   914.750 3.206E+02
   915.000 3.919E+02
   915.250 4.341E+02
   915.500 4.657E+02
   915.750 4.355E+02
   916.000 5.715E+02
   916.250 6.704E+02
   916.500 6.697E+02
   916.750 9.650E+02
   917.000 9.066E+02
   917.250 8.981E+02
   917.500 1.516E+03
   917.750 1.640E+03
   918.000 1.044E+03
   918.250 1.094E+03
   918.500 2.001E+03
   918.750 2.479E+03
   919.000 1.950E+03
   919.250 1.050E+03
   919.500 1.097E+03
   919.750 2.131E+03
   920.000 3.185E+03
   920.250 3.415E+03
   920.500 2.704E+03
   920.750 1.520E+03
   921.000 1.023E+03
   921.250 1.900E+03
   921.500 3.058E+03
   921.750 3.640E+03
   922.000 3.822E+03
   922.250 4.141E+03
   922.500 3.772E+03
   922.750 2.517E+03
   923.000 1.241E+03
   923.250 1.150E+03
   923.500 2.321E+03
   923.750 3.591E+03
   924.000 4.838E+03
   924.250 5.910E+03
   924.500 6.195E+03
   924.750 5.698E+03
   925.000 5.391E+03
   925.250 5.357E+03
   925.500 4.642E+03
   925.750 3.307E+03
   926.000 1.764E+03
   926.250 1.075E+03
   926.500 1.965E+03
   926.750 3.272E+03
   927.000 4.474E+03
   927.250 6.015E+03
   927.500 7.482E+03
   927.750 8.482E+03
   928.000 8.783E+03
   928.250 8.670E+03
   928.500 8.822E+03
   928.750 9.243E+03
   929.000 9.218E+03
   929.250 8.396E+03
   929.500 6.826E+03
   929.750 5.764E+03
   930.000 4.795E+03
   930.250 3.383E+03
   930.500 1.880E+03
   930.750 1.083E+03
   931.000 1.991E+03
   931.250 3.599E+03
   931.500 4.972E+03
   931.750 6.453E+03
   932.000 7.553E+03
   932.250 8.821E+03
   932.500 9.930E+03
   932.750 1.082E+04
   933.000 1.228E+04
   933.250 1.348E+04
   933.500 1.450E+04
   933.750 1.484E+04
   934.000 1.544E+04
   934.250 1.666E+04
   934.500 1.639E+04
   934.750 1.524E+04
   935.000 1.491E+04
   935.250 1.410E+04
   935.500 1.246E+04
   935.750 1.116E+04
   936.000 1.056E+04
   936.250 9.364E+03
   936.500 7.591E+03
   936.750 6.435E+03
   937.000 5.928E+03
   937.250 4.440E+03
   937.500 2.403E+03
   937.750 1.124E+03
   938.000 1.716E+03
   938.250 3.719E+03
   938.500 5.530E+03
   938.750 6.990E+03
   939.000 8.630E+03
   939.250 1.031E+04
   939.500 1.198E+04
   939.750 1.367E+04
   940.000 1.463E+04
   940.250 1.699E+04
   940.500 2.010E+04
   940.750 2.227E+04
   941.000 2.527E+04
   941.250 2.603E+04
   941.500 2.831E+04
   941.750 3.262E+04
   942.000 3.532E+04
   942.250 3.930E+04
   942.500 4.203E+04
   942.750 4.625E+04
   943.000 5.337E+04
   943.250 5.681E+04
   943.500 5.585E+04
   943.750 5.454E+04
   944.000 5.731E+04
   944.250 6.221E+04
   944.500 6.148E+04
   944.750 5.544E+04
   945.000 4.130E+04
   945.250 2.868E+04
   945.500 3.156E+04
   945.750 4.007E+04
   946.000 4.384E+04
   946.250 4.100E+04
   946.500 3.597E+04
   946.750 3.067E+04
   947.000 2.992E+04
   947.250 3.156E+04
   947.500 2.986E+04
   947.750 2.591E+04
   948.000 2.372E+04
   948.250 2.097E+04
   948.500 1.609E+04
   948.750 1.275E+04
   949.000 1.077E+04
   949.250 7.595E+03
   949.500 3.940E+03
   949.750 2.098E+03
   950.000 3.942E+03
   950.250 8.000E+03
   950.500 1.168E+04
   950.750 1.539E+04
   951.000 2.093E+04
   951.250 2.673E+04
   951.500 3.307E+04
   951.750 3.901E+04
   952.000 4.210E+04
   952.250 4.028E+04
   952.500 4.684E+04
   952.750 6.232E+04
   953.000 7.016E+04
   953.250 7.248E+04
   953.500 7.341E+04
   953.750 7.909E+04
   954.000 9.336E+04
   954.250 1.282E+05
   954.500 1.602E+05
   954.750 1.744E+05
   955.000 1.922E+05
   955.250 2.061E+05
   955.500 2.247E+05
   955.750 2.931E+05
   956.000 3.821E+05
   956.250 4.862E+05
   956.500 5.641E+05
   956.750 6.077E+05
   957.000 6.686E+05
   957.250 6.823E+05
   957.500 5.448E+05
   957.750 4.656E+05
   958.000 5.693E+05
   958.250 7.951E+05
   958.500 1.251E+06
   958.750 1.601E+06
   959.000 1.639E+06
   959.250 1.737E+06
   959.500 1.744E+06
   959.750 1.948E+06
   960.000 2.147E+06
   960.250 2.256E+06
   960.500 2.346E+06
   960.750 2.507E+06
   961.000 2.478E+06
   961.250 2.291E+06
   961.500 1.988E+06
   961.750 1.899E+06
   962.000 2.250E+06
   962.250 2.570E+06
   962.500 2.273E+06
   962.750 2.126E+06
   963.000 2.308E+06
   963.250 2.080E+06
   963.500 1.742E+06
   963.750 1.169E+06
   964.000 9.938E+05
   964.250 1.336E+06
   964.500 1.266E+06
   964.750 9.665E+05
   965.000 7.667E+05
   965.250 6.783E+05
   965.500 7.098E+05
   965.750 8.511E+05
   966.000 8.102E+05
   966.250 6.246E+05
   966.500 4.933E+05
   966.750 4.748E+05
   967.000 4.275E+05
   967.250 3.529E+05
   967.500 3.107E+05
   967.750 2.682E+05
   968.000 2.179E+05
   968.250 1.868E+05
   968.500 1.833E+05
   968.750 1.742E+05
   969.000 1.538E+05
   969.250 1.334E+05
   969.500 1.221E+05
   969.750 1.152E+05
   970.000 1.042E+05
   970.250 9.386E+04
   970.500 8.345E+04
   970.750 7.345E+04
   971.000 6.424E+04
   971.250 5.532E+04
   971.500 4.406E+04
   971.750 3.189E+04
   972.000 2.289E+04
   972.250 1.350E+04
   972.500 7.752E+03
   972.750 1.367E+04
   973.000 2.612E+04
   973.250 3.918E+04
   973.500 5.398E+04
   973.750 6.739E+04
   974.000 8.627E+04
   974.250 1.078E+05
   974.500 1.288E+05
   974.750 1.489E+05
   975.000 1.622E+05
   975.250 1.759E+05
   975.500 1.968E+05
   975.750 2.237E+05
   976.000 2.481E+05
   976.250 2.797E+05
   976.500 3.143E+05
   976.750 3.343E+05
   977.000 3.500E+05
   977.250 4.077E+05
   977.500 4.817E+05
   977.750 5.500E+05
   978.000 6.334E+05
   978.250 7.322E+05
   978.500 8.379E+05
   978.750 1.000E+06
   979.000 1.277E+06
   979.250 1.547E+06
   979.500 1.671E+06
   979.750 2.084E+06
   980.000 2.867E+06
   980.250 3.466E+06
   980.500 4.442E+06
   980.750 4.874E+06
   981.000 4.650E+06
   981.250 4.450E+06
   981.500 5.162E+06
   981.750 6.493E+06
   982.000 6.612E+06
   982.250 8.128E+06
   982.500 1.072E+07
   982.750 1.078E+07
   983.000 1.012E+07
   983.250 8.736E+06
   983.500 6.682E+06
   983.750 5.391E+06
   984.000 6.092E+06
   984.250 8.163E+06
   984.500 9.751E+06
   984.750 1.019E+07
   985.000 1.262E+07
   985.250 1.443E+07
   985.500 1.065E+07
   985.750 7.164E+06
   986.000 1.095E+07
   986.250 1.383E+07
   986.500 1.324E+07
   986.750 1.761E+07
   987.000 2.116E+07
   987.250 1.713E+07
   987.500 1.118E+07
   987.750 9.761E+06
   988.000 1.031E+07
   988.250 1.037E+07
   988.500 9.042E+06
   988.750 7.868E+06
   989.000 1.102E+07
   989.250 1.001E+07
   989.500 4.419E+06
   989.750 1.021E+06
   990.000 4.299E+05
   990.250 1.404E+06
   990.500 2.930E+06
   990.750 4.189E+06
   991.000 6.819E+06
   991.250 7.309E+06
   991.500 5.412E+06
   991.750 4.731E+06
   992.000 4.394E+06
   992.250 2.666E+06
   992.500 9.155E+05
   992.750 5.283E+05
   993.000 1.611E+06
   993.250 4.278E+06
   993.500 8.498E+06
   993.750 1.268E+07
   994.000 1.148E+07
   994.250 6.920E+06
   994.500 4.955E+06
   994.750 5.108E+06
   995.000 7.826E+06
   995.250 1.378E+07
   995.500 1.895E+07
   995.750 1.829E+07
   996.000 1.693E+07
   996.250 2.337E+07
   996.500 2.720E+07
   996.750 2.532E+07
   997.000 1.797E+07
   997.250 1.302E+07
   997.500 1.405E+07
   997.750 1.790E+07
   998.000 2.127E+07
   998.250 2.697E+07
   998.500 2.805E+07
   998.750 2.290E+07
   999.000 1.959E+07
   999.250 1.903E+07
   999.500 2.050E+07
   999.750 2.651E+07
  1000.000 2.808E+07
  1000.250 2.819E+07
  1000.500 2.583E+07
  1000.750 2.184E+07
  1001.000 2.261E+07
  1001.250 3.032E+07
  1001.500 3.243E+07
  1001.750 3.437E+07
  1002.000 3.376E+07
  1002.250 2.612E+07
  1002.500 2.227E+07
  1002.750 2.389E+07
  1003.000 2.461E+07
  1003.250 2.801E+07
  1003.500 2.845E+07
  1003.750 2.985E+07
  1004.000 3.459E+07
  1004.250 3.539E+07
  1004.500 2.972E+07
  1004.750 2.661E+07
  1005.000 2.171E+07
  1005.250 1.863E+07
  1005.500 2.253E+07
  1005.750 2.297E+07
  1006.000 2.076E+07
  1006.250 1.836E+07
  1006.500 1.709E+07
  1006.750 1.967E+07
  1007.000 2.055E+07
  1007.250 1.927E+07
  1007.500 1.919E+07
  1007.750 2.211E+07
  1008.000 2.355E+07
  1008.250 2.279E+07
  1008.500 1.813E+07
  1008.750 1.177E+07
  1009.000 1.132E+07
  1009.250 1.127E+07
  1009.500 8.773E+06
  1009.750 5.458E+06
  1010.000 2.764E+06
  1010.250 2.844E+06
  1010.500 6.527E+06
  1010.750 1.130E+07
  1011.000 1.375E+07
  1011.250 1.692E+07
  1011.500 1.794E+07
  1011.750 1.590E+07
  1012.000 1.421E+07
  1012.250 1.198E+07
  1012.500 9.079E+06
  1012.750 1.109E+07
  1013.000 1.480E+07
  1013.250 1.501E+07
  1013.500 1.329E+07
  1013.750 1.123E+07
  1014.000 9.183E+06
  1014.250 7.932E+06
  1014.500 8.475E+06
  1014.750 8.241E+06
  1015.000 6.591E+06
  1015.250 5.227E+06
  1015.500 4.229E+06
  1015.750 4.746E+06
  1016.000 5.358E+06
  1016.250 4.781E+06
  1016.500 4.555E+06
  1016.750 4.402E+06
  1017.000 3.389E+06
  1017.250 2.434E+06
  1017.500 2.110E+06
  1017.750 1.936E+06
  1018.000 1.756E+06
  1018.250 1.297E+06
  1018.500 1.201E+06
  1018.750 1.203E+06
  1019.000 1.033E+06
  1019.250 8.503E+05
  1019.500 6.607E+05
  1019.750 5.523E+05
  1020.000 4.952E+05
  1020.250 4.354E+05
  1020.500 3.641E+05
  1020.750 3.154E+05
  1021.000 3.149E+05
  1021.250 2.997E+05
  1021.500 2.696E+05
  1021.750 2.467E+05
  1022.000 2.299E+05
  1022.250 2.074E+05
  1022.500 1.809E+05
  1022.750 1.668E+05
  1023.000 1.546E+05
  1023.250 1.348E+05
  1023.500 1.097E+05
  1023.750 9.172E+04
  1024.000 8.474E+04
  1024.250 7.221E+04
  1024.500 5.611E+04
  1024.750 4.284E+04
  1025.000 3.263E+04
  1025.250 2.297E+04
  1025.500 1.267E+04
  1025.750 7.930E+03
  1026.000 1.484E+04
  1026.250 2.571E+04
  1026.500 3.582E+04
  1026.750 4.862E+04
  1027.000 6.200E+04
  1027.250 7.240E+04
  1027.500 8.620E+04
  1027.750 1.038E+05
  1028.000 1.079E+05
  1028.250 1.181E+05
  1028.500 1.450E+05
  1028.750 1.651E+05
  1029.000 1.870E+05
  1029.250 2.150E+05
  1029.500 2.354E+05
  1029.750 2.491E+05
  1030.000 2.610E+05
  1030.250 2.826E+05
  1030.500 3.036E+05
  1030.750 3.095E+05
  1031.000 3.418E+05
  1031.250 3.919E+05
  1031.500 4.533E+05
  1031.750 5.755E+05
  1032.000 6.450E+05
  1032.250 7.752E+05
  1032.500 1.052E+06
  1032.750 1.295E+06
  1033.000 1.297E+06
  1033.250 1.111E+06
  1033.500 1.120E+06
  1033.750 1.273E+06
  1034.000 1.602E+06
  1034.250 1.679E+06
  1034.500 1.692E+06
  1034.750 1.830E+06
  1035.000 1.875E+06
  1035.250 1.903E+06
  1035.500 1.773E+06
  1035.750 1.246E+06
  1036.000 6.063E+05
  1036.250 2.336E+05
  1036.500 1.752E+05
  1036.750 1.762E+05
  1037.000 1.537E+05
  1037.250 3.924E+05
  1037.500 1.074E+06
  1037.750 2.296E+06
  1038.000 3.590E+06
  1038.250 4.309E+06
  1038.500 5.837E+06
  1038.750 7.179E+06
  1039.000 9.630E+06
  1039.250 1.290E+07
  1039.500 1.511E+07
  1039.750 1.687E+07
  1040.000 1.604E+07
  1040.250 1.448E+07
  1040.500 1.427E+07
  1040.750 1.615E+07
  1041.000 1.836E+07
  1041.250 1.952E+07
  1041.500 2.122E+07
  1041.750 2.489E+07
  1042.000 2.896E+07
  1042.250 3.125E+07
  1042.500 2.818E+07
  1042.750 2.285E+07
  1043.000 2.299E+07
  1043.250 2.521E+07
  1043.500 2.724E+07
  1043.750 3.014E+07
  1044.000 2.536E+07
  1044.250 2.075E+07
  1044.500 2.213E+07
  1044.750 2.093E+07
  1045.000 2.233E+07
  1045.250 2.706E+07
  1045.500 3.081E+07
  1045.750 2.509E+07
  1046.000 2.468E+07
  1046.250 3.128E+07
  1046.500 3.341E+07
  1046.750 3.391E+07
  1047.000 3.538E+07
  1047.250 3.582E+07
  1047.500 3.269E+07
  1047.750 2.987E+07
  1048.000 2.597E+07
  1048.250 2.113E+07
  1048.500 1.909E+07
  1048.750 2.459E+07
  1049.000 2.667E+07
  1049.250 3.254E+07
  1049.500 3.417E+07
  1049.750 3.007E+07
  1050.000 3.149E+07
  1050.250 3.593E+07
  1050.500 3.387E+07
  1050.750 2.944E+07
  1051.000 3.021E+07
  1051.250 3.239E+07
  1051.500 3.459E+07
  1051.750 3.468E+07
  1052.000 3.046E+07
  1052.250 2.700E+07
  1052.500 2.415E+07
  1052.750 2.267E+07
  1053.000 1.854E+07
  1053.250 1.766E+07
  1053.500 2.412E+07
  1053.750 2.815E+07
  1054.000 2.671E+07
  1054.250 2.703E+07
  1054.500 2.642E+07
  1054.750 2.520E+07
  1055.000 2.490E+07
  1055.250 2.142E+07
  1055.500 2.064E+07
  1055.750 2.096E+07
  1056.000 2.275E+07
  1056.250 2.708E+07
  1056.500 3.071E+07
  1056.750 3.034E+07
  1057.000 3.416E+07
  1057.250 3.378E+07
  1057.500 3.204E+07
  1057.750 3.598E+07
  1058.000 4.000E+07
  1058.250 4.096E+07
  1058.500 3.801E+07
  1058.750 4.045E+07
  1059.000 4.097E+07
  1059.250 3.688E+07
  1059.500 3.420E+07
  1059.750 3.629E+07
  1060.000 3.812E+07
  1060.250 3.379E+07
  1060.500 3.341E+07
  1060.750 3.337E+07
  1061.000 3.017E+07
  1061.250 2.995E+07
  1061.500 3.506E+07
  1061.750 3.473E+07
  1062.000 3.510E+07
  1062.250 3.307E+07
  1062.500 2.986E+07
  1062.750 2.722E+07
  1063.000 2.480E+07
  1063.250 2.337E+07
  1063.500 2.784E+07
  1063.750 2.736E+07
  1064.000 2.945E+07
  1064.250 3.411E+07
  1064.500 3.502E+07
  1064.750 3.191E+07
  1065.000 2.945E+07
  1065.250 3.309E+07
  1065.500 2.822E+07
  1065.750 1.589E+07
  1066.000 1.021E+07
  1066.250 1.596E+07
  1066.500 2.572E+07
  1066.750 3.224E+07
  1067.000 3.036E+07
  1067.250 2.397E+07
  1067.500 2.094E+07
  1067.750 2.202E+07
  1068.000 1.998E+07
  1068.250 1.276E+07
  1068.500 1.386E+07
  1068.750 2.536E+07
  1069.000 3.273E+07
  1069.250 3.596E+07
  1069.500 3.924E+07
  1069.750 3.892E+07
  1070.000 3.519E+07
  1070.250 3.522E+07
  1070.500 3.546E+07
  1070.750 3.611E+07
  1071.000 3.822E+07
  1071.250 3.996E+07
  1071.500 3.455E+07
  1071.750 3.454E+07
  1072.000 4.340E+07
  1072.250 4.614E+07
  1072.500 4.677E+07
  1072.750 4.552E+07
  1073.000 3.716E+07
  1073.250 2.800E+07
  1073.500 3.055E+07
  1073.750 3.189E+07
  1074.000 2.929E+07
  1074.250 3.407E+07
  1074.500 3.868E+07
  1074.750 3.731E+07
  1075.000 3.344E+07
  1075.250 3.539E+07
  1075.500 3.479E+07
  1075.750 3.513E+07
  1076.000 3.964E+07
  1076.250 4.182E+07
  1076.500 4.183E+07
  1076.750 3.655E+07
  1077.000 3.245E+07
  1077.250 3.302E+07
  1077.500 3.918E+07
  1077.750 4.703E+07
  1078.000 4.898E+07
  1078.250 4.466E+07
  1078.500 4.219E+07
  1078.750 4.460E+07
  1079.000 3.936E+07
  1079.250 3.348E+07
  1079.500 3.754E+07
  1079.750 4.761E+07
  1080.000 4.893E+07
  1080.250 4.247E+07
  1080.500 4.389E+07
  1080.750 4.824E+07
  1081.000 4.842E+07
  1081.250 5.145E+07
  1081.500 5.119E+07
  1081.750 4.280E+07
  1082.000 3.306E+07
  1082.250 3.537E+07
  1082.500 4.151E+07
  1082.750 4.306E+07
  1083.000 3.836E+07
  1083.250 3.079E+07
  1083.500 3.058E+07
  1083.750 2.677E+07
  1084.000 1.684E+07
  1084.250 1.455E+07
  1084.500 1.087E+07
  1084.750 1.194E+07
  1085.000 1.719E+07
  1085.250 1.459E+07
  1085.500 7.157E+06
  1085.750 8.265E+06
  1086.000 2.224E+07
  1086.250 3.279E+07
  1086.500 3.140E+07
  1086.750 3.335E+07
  1087.000 4.131E+07
  1087.250 4.183E+07
  1087.500 3.878E+07
  1087.750 3.246E+07
  1088.000 2.400E+07
  1088.250 2.930E+07
  1088.500 3.809E+07
  1088.750 3.875E+07
  1089.000 4.117E+07
  1089.250 4.140E+07
  1089.500 3.333E+07
  1089.750 2.541E+07
  1090.000 2.790E+07
  1090.250 3.566E+07
  1090.500 4.107E+07
  1090.750 4.362E+07
  1091.000 4.006E+07
  1091.250 3.263E+07
  1091.500 3.248E+07
  1091.750 3.889E+07
  1092.000 4.036E+07
  1092.250 3.817E+07
  1092.500 3.558E+07
  1092.750 3.801E+07
  1093.000 3.886E+07
  1093.250 3.898E+07
  1093.500 4.783E+07
  1093.750 5.263E+07
  1094.000 5.168E+07
  1094.250 4.539E+07
  1094.500 3.479E+07
  1094.750 3.395E+07
  1095.000 3.802E+07
  1095.250 3.739E+07
  1095.500 3.765E+07
  1095.750 3.600E+07
  1096.000 3.246E+07
  1096.250 3.663E+07
  1096.500 3.223E+07
  1096.750 1.920E+07
  1097.000 2.009E+07
  1097.250 2.885E+07
  1097.500 3.291E+07
  1097.750 3.109E+07
  1098.000 2.858E+07
  1098.250 3.232E+07
  1098.500 3.788E+07
  1098.750 3.245E+07
  1099.000 2.726E+07
  1099.250 2.970E+07
  1099.500 3.177E+07
  1099.750 3.136E+07
  1100.000 3.350E+07
  1100.250 3.266E+07
  1100.500 2.837E+07
  1100.750 3.788E+07
  1101.000 4.523E+07
  1101.250 3.783E+07
  1101.500 3.212E+07
  1101.750 3.121E+07
  1102.000 2.310E+07
  1102.250 1.881E+07
  1102.500 2.333E+07
  1102.750 2.613E+07
  1103.000 2.195E+07
  1103.250 1.990E+07
  1103.500 2.392E+07
  1103.750 2.416E+07
  1104.000 1.713E+07
  1104.250 1.281E+07
  1104.500 1.452E+07
  1104.750 1.502E+07
  1105.000 1.462E+07
  1105.250 1.835E+07
  1105.500 2.279E+07
  1105.750 2.363E+07
  1106.000 1.780E+07
  1106.250 1.210E+07
  1106.500 1.351E+07
  1106.750 1.723E+07
  1107.000 1.820E+07
  1107.250 1.518E+07
  1107.500 1.465E+07
  1107.750 1.706E+07
  1108.000 1.610E+07
  1108.250 8.451E+06
  1108.500 8.138E+06
  1108.750 1.154E+07
  1109.000 1.186E+07
  1109.250 1.604E+07
  1109.500 1.725E+07
  1109.750 1.070E+07
  1110.000 7.506E+06
  1110.250 1.174E+07
  1110.500 1.881E+07
  1110.750 1.955E+07
  1111.000 1.661E+07
  1111.250 1.694E+07
  1111.500 1.640E+07
  1111.750 1.472E+07
  1112.000 1.285E+07
  1112.250 1.567E+07
  1112.500 2.117E+07
  1112.750 1.823E+07
  1113.000 1.088E+07
  1113.250 8.451E+06
  1113.500 1.431E+07
  1113.750 1.743E+07
  1114.000 1.465E+07
  1114.250 1.260E+07
  1114.500 1.169E+07
  1114.750 1.463E+07
  1115.000 1.632E+07
  1115.250 2.093E+07
  1115.500 2.583E+07
  1115.750 3.067E+07
  1116.000 4.023E+07
  1116.250 4.139E+07
  1116.500 4.027E+07
  1116.750 3.513E+07
  1117.000 2.574E+07
  1117.250 2.026E+07
  1117.500 1.714E+07
  1117.750 1.618E+07
  1118.000 1.631E+07
  1118.250 1.848E+07
  1118.500 2.493E+07
  1118.750 3.554E+07
  1119.000 3.677E+07
  1119.250 3.181E+07
  1119.500 3.683E+07
  1119.750 4.246E+07
  1120.000 3.972E+07
  1120.250 3.169E+07
  1120.500 2.871E+07
  1120.750 3.172E+07
  1121.000 2.734E+07
  1121.250 2.183E+07
  1121.500 2.061E+07
  1121.750 1.881E+07
  1122.000 1.052E+07
  1122.250 3.333E+06
  1122.500 2.840E+06
  1122.750 8.779E+06
  1123.000 2.141E+07
  1123.250 3.445E+07
  1123.500 3.721E+07
  1123.750 3.828E+07
  1124.000 3.605E+07
  1124.250 2.773E+07
  1124.500 2.108E+07
  1124.750 1.507E+07
  1125.000 1.409E+07
  1125.250 2.364E+07
  1125.500 2.926E+07
  1125.750 3.275E+07
  1126.000 3.641E+07
  1126.250 3.637E+07
  1126.500 2.689E+07
  1126.750 1.583E+07
  1127.000 2.104E+07
  1127.250 3.414E+07
  1127.500 3.714E+07
  1127.750 2.813E+07
  1128.000 1.810E+07
  1128.250 1.575E+07
  1128.500 1.225E+07
  1128.750 9.026E+06
  1129.000 1.098E+07
  1129.250 1.231E+07
  1129.500 1.671E+07
  1129.750 1.916E+07
  1130.000 2.021E+07
  1130.250 1.952E+07
  1130.500 2.214E+07
  1130.750 2.692E+07
  1131.000 2.036E+07
  1131.250 2.235E+07
  1131.500 2.778E+07
  1131.750 2.352E+07
  1132.000 2.939E+07
  1132.250 4.247E+07
  1132.500 4.547E+07
  1132.750 4.166E+07
  1133.000 3.987E+07
  1133.250 4.186E+07
  1133.500 3.367E+07
  1133.750 2.434E+07
  1134.000 2.608E+07
  1134.250 2.876E+07
  1134.500 3.375E+07
  1134.750 4.080E+07
  1135.000 4.023E+07
  1135.250 3.987E+07
  1135.500 3.664E+07
  1135.750 3.845E+07
  1136.000 4.197E+07
  1136.250 4.200E+07
  1136.500 3.847E+07
  1136.750 3.421E+07
  1137.000 3.255E+07
  1137.250 3.704E+07
  1137.500 4.310E+07
  1137.750 4.343E+07
  1138.000 4.212E+07
  1138.250 3.504E+07
  1138.500 2.464E+07
  1138.750 2.186E+07
  1139.000 1.774E+07
  1139.250 1.282E+07
  1139.500 1.363E+07
  1139.750 1.366E+07
  1140.000 1.282E+07
  1140.250 1.098E+07
  1140.500 1.076E+07
  1140.750 2.245E+07
  1141.000 2.996E+07
  1141.250 2.621E+07
  1141.500 2.689E+07
  1141.750 3.238E+07
  1142.000 3.272E+07
  1142.250 2.714E+07
  1142.500 2.889E+07
  1142.750 3.471E+07
  1143.000 2.778E+07
  1143.250 1.819E+07
  1143.500 2.081E+07
  1143.750 3.025E+07
  1144.000 3.306E+07
  1144.250 2.850E+07
  1144.500 2.844E+07
  1144.750 2.713E+07
  1145.000 2.343E+07
  1145.250 2.670E+07
  1145.500 3.048E+07
  1145.750 3.468E+07
  1146.000 3.830E+07
  1146.250 3.663E+07
  1146.500 3.237E+07
  1146.750 2.588E+07
  1147.000 2.601E+07
  1147.250 2.709E+07
  1147.500 2.325E+07
  1147.750 2.576E+07
  1148.000 2.748E+07
  1148.250 2.632E+07
  1148.500 2.786E+07
  1148.750 2.774E+07
  1149.000 3.518E+07
  1149.250 4.045E+07
  1149.500 3.362E+07
  1149.750 3.037E+07
  1150.000 3.225E+07
  1150.250 3.115E+07
  1150.500 2.523E+07
  1150.750 2.531E+07
  1151.000 2.859E+07
  1151.250 3.537E+07
  1151.500 4.344E+07
  1151.750 3.951E+07
  1152.000 3.150E+07
  1152.250 2.744E+07
  1152.500 2.997E+07
  1152.750 2.661E+07
  1153.000 2.344E+07
  1153.250 2.683E+07
  1153.500 3.164E+07
  1153.750 3.082E+07
  1154.000 2.212E+07
  1154.250 1.854E+07
  1154.500 2.484E+07
  1154.750 3.197E+07
  1155.000 3.438E+07
  1155.250 3.568E+07
  1155.500 3.509E+07
  1155.750 3.172E+07
  1156.000 2.730E+07
  1156.250 2.693E+07
  1156.500 2.270E+07
  1156.750 2.575E+07
  1157.000 3.114E+07
  1157.250 3.313E+07
  1157.500 2.975E+07
  1157.750 1.556E+07
  1158.000 8.032E+06
  1158.250 1.054E+07
  1158.500 1.188E+07
  1158.750 1.123E+07
  1159.000 1.352E+07
  1159.250 2.076E+07
  1159.500 2.596E+07
  1159.750 2.767E+07
  1160.000 2.724E+07
  1160.250 2.854E+07
  1160.500 3.263E+07
  1160.750 3.675E+07
  1161.000 3.955E+07
  1161.250 3.660E+07
  1161.500 2.884E+07
  1161.750 2.773E+07
  1162.000 2.964E+07
  1162.250 3.335E+07
  1162.500 3.407E+07
  1162.750 3.347E+07
  1163.000 3.496E+07
  1163.250 3.311E+07
  1163.500 2.972E+07
  1163.750 2.269E+07
  1164.000 2.110E+07
  1164.250 1.865E+07
  1164.500 2.226E+07
  1164.750 3.266E+07
  1165.000 3.717E+07
  1165.250 3.769E+07
  1165.500 3.268E+07
  1165.750 2.550E+07
  1166.000 2.544E+07
  1166.250 2.692E+07
  1166.500 2.809E+07
  1166.750 2.425E+07
  1167.000 2.108E+07
  1167.250 2.324E+07
  1167.500 2.317E+07
  1167.750 2.692E+07
  1168.000 2.155E+07
  1168.250 1.451E+07
  1168.500 1.819E+07
  1168.750 2.722E+07
  1169.000 2.964E+07
  1169.250 2.676E+07
  1169.500 2.949E+07
  1169.750 2.861E+07
  1170.000 2.473E+07
  1170.250 2.097E+07
  1170.500 1.999E+07
  1170.750 2.234E+07
  1171.000 2.361E+07
  1171.250 2.487E+07
  1171.500 2.958E+07
  1171.750 3.068E+07
  1172.000 2.982E+07
  1172.250 3.048E+07
  1172.500 2.969E+07
  1172.750 2.934E+07
  1173.000 2.879E+07
  1173.250 2.747E+07
  1173.500 3.124E+07
  1173.750 3.087E+07
  1174.000 2.767E+07
  1174.250 3.064E+07
  1174.500 3.224E+07
  1174.750 2.573E+07
  1175.000 1.643E+07
  1175.250 1.398E+07
  1175.500 1.413E+07
  1175.750 1.248E+07
  1176.000 1.495E+07
  1176.250 1.706E+07
  1176.500 1.690E+07
  1176.750 2.630E+07
  1177.000 3.295E+07
  1177.250 3.255E+07
  1177.500 2.933E+07
  1177.750 2.637E+07
  1178.000 2.679E+07
  1178.250 2.927E+07
  1178.500 2.765E+07
  1178.750 2.753E+07
  1179.000 2.779E+07
  1179.250 2.504E+07
  1179.500 2.365E+07
  1179.750 2.284E+07
  1180.000 2.160E+07
  1180.250 2.221E+07
  1180.500 2.167E+07
  1180.750 2.112E+07
  1181.000 2.013E+07
  1181.250 1.839E+07
  1181.500 1.959E+07
  1181.750 2.402E+07
  1182.000 2.696E+07
  1182.250 2.641E+07
  1182.500 2.544E+07
  1182.750 2.617E+07
  1183.000 2.692E+07
  1183.250 2.394E+07
  1183.500 2.028E+07
  1183.750 1.943E+07
  1184.000 2.379E+07
  1184.250 2.489E+07
  1184.500 2.405E+07
  1184.750 2.463E+07
  1185.000 2.402E+07
  1185.250 2.116E+07
  1185.500 1.745E+07
  1185.750 1.750E+07
  1186.000 2.066E+07
  1186.250 2.426E+07
  1186.500 2.554E+07
  1186.750 2.278E+07
  1187.000 1.962E+07
  1187.250 1.425E+07
  1187.500 1.136E+07
  1187.750 1.547E+07
  1188.000 1.798E+07
  1188.250 1.731E+07
  1188.500 1.367E+07
  1188.750 8.649E+06
  1189.000 5.608E+06
  1189.250 4.166E+06
  1189.500 2.831E+06
  1189.750 1.658E+06
  1190.000 7.844E+05
  1190.250 2.422E+05
  1190.500 1.606E+05
  1190.750 4.980E+05
  1191.000 1.477E+06
  1191.250 2.556E+06
  1191.500 2.916E+06
  1191.750 2.471E+06
  1192.000 1.647E+06
  1192.250 1.211E+06
  1192.500 8.364E+05
  1192.750 4.282E+05
  1193.000 1.660E+05
  1193.250 7.021E+04
  1193.500 9.245E+04
  1193.750 1.412E+05
  1194.000 1.294E+05
  1194.250 7.496E+04
  1194.500 4.683E+04
  1194.750 8.830E+04
  1195.000 1.965E+05
  1195.250 3.788E+05
  1195.500 6.430E+05
  1195.750 9.768E+05
  1196.000 1.408E+06
  1196.250 1.670E+06
  1196.500 1.567E+06
  1196.750 1.078E+06
  1197.000 5.408E+05
  1197.250 2.018E+05
  1197.500 2.005E+05
  1197.750 5.709E+05
  1198.000 1.179E+06
  1198.250 1.793E+06
  1198.500 2.709E+06
  1198.750 3.833E+06
  1199.000 4.231E+06
  1199.250 3.485E+06
  1199.500 2.712E+06
  1199.750 3.925E+06
  1200.000 4.677E+06
  1200.250 3.854E+06
  1200.500 3.281E+06
  1200.750 2.883E+06
  1201.000 2.988E+06
  1201.250 2.998E+06
  1201.500 2.780E+06
  1201.750 3.198E+06
  1202.000 3.435E+06
  1202.250 3.437E+06
  1202.500 3.384E+06
  1202.750 3.202E+06
  1203.000 2.884E+06
  1203.250 2.514E+06
  1203.500 2.220E+06
  1203.750 1.933E+06
  1204.000 1.634E+06
  1204.250 1.474E+06
  1204.500 1.322E+06
  1204.750 1.131E+06
  1205.000 9.605E+05
  1205.250 8.580E+05
  1205.500 7.453E+05
  1205.750 6.378E+05
  1206.000 5.265E+05
  1206.250 3.763E+05
  1206.500 2.806E+05
  1206.750 3.523E+05
  1207.000 4.334E+05
  1207.250 4.412E+05
  1207.500 4.292E+05
  1207.750 4.097E+05
  1208.000 3.773E+05
  1208.250 3.542E+05
  1208.500 3.373E+05
  1208.750 3.151E+05
  1209.000 2.847E+05
  1209.250 2.616E+05
  1209.500 2.508E+05
  1209.750 2.456E+05
  1210.000 2.341E+05
  1210.250 2.218E+05
  1210.500 2.095E+05
  1210.750 1.964E+05
  1211.000 1.827E+05
  1211.250 1.695E+05
  1211.500 1.584E+05
  1211.750 1.444E+05
  1212.000 1.299E+05
  1212.250 1.234E+05
  1212.500 1.167E+05
  1212.750 1.049E+05
  1213.000 8.974E+04
  1213.250 7.979E+04
  1213.500 7.195E+04
  1213.750 5.982E+04
  1214.000 4.774E+04
  1214.250 3.854E+04
  1214.500 3.255E+04
  1214.750 2.773E+04
  1215.000 2.289E+04
  1215.250 1.784E+04
  1215.500 1.155E+04
  1215.750 9.111E+03
  1216.000 1.303E+04
  1216.250 1.698E+04
  1216.500 2.110E+04
  1216.750 2.839E+04
  1217.000 3.884E+04
  1217.250 4.814E+04
  1217.500 5.584E+04
  1217.750 6.569E+04
  1218.000 7.842E+04
  1218.250 8.936E+04
  1218.500 9.894E+04
  1218.750 1.101E+05
  1219.000 1.220E+05
  1219.250 1.319E+05
  1219.500 1.390E+05
  1219.750 1.454E+05
  1220.000 1.571E+05
  1220.250 1.720E+05
  1220.500 1.864E+05
  1220.750 1.970E+05
  1221.000 2.093E+05
  1221.250 2.237E+05
  1221.500 2.355E+05
  1221.750 2.518E+05
  1222.000 2.666E+05
  1222.250 2.753E+05
  1222.500 2.872E+05
  1222.750 3.147E+05
  1223.000 3.533E+05
  1223.250 3.872E+05
  1223.500 4.207E+05
  1223.750 4.277E+05
  1224.000 4.186E+05
  1224.250 4.403E+05
  1224.500 5.019E+05
  1224.750 5.553E+05
  1225.000 5.944E+05
  1225.250 6.584E+05
  1225.500 7.472E+05
  1225.750 9.135E+05
  1226.000 9.314E+05
  1226.250 9.642E+05
  1226.500 9.801E+05
  1226.750 7.105E+05
  1227.000 8.003E+05
  1227.250 1.109E+06
  1227.500 1.175E+06
  1227.750 1.472E+06
  1228.000 2.109E+06
  1228.250 2.197E+06
  1228.500 1.416E+06
  1228.750 1.217E+06
  1229.000 1.793E+06
  1229.250 2.033E+06
  1229.500 2.563E+06
  1229.750 3.564E+06
  1230.000 3.780E+06
  1230.250 3.430E+06
  1230.500 3.141E+06
  1230.750 3.390E+06
  1231.000 3.094E+06
  1231.250 2.588E+06
  1231.500 3.714E+06
  1231.750 5.805E+06
  1232.000 6.702E+06
  1232.250 7.315E+06
  1232.500 8.535E+06
  1232.750 9.160E+06
  1233.000 8.184E+06
  1233.250 6.699E+06
  1233.500 6.107E+06
  1233.750 7.297E+06
  1234.000 7.924E+06
  1234.250 9.028E+06
  1234.500 1.143E+07
  1234.750 1.258E+07
  1235.000 1.238E+07
  1235.250 1.218E+07
  1235.500 1.159E+07
  1235.750 1.198E+07
  1236.000 1.175E+07
  1236.250 1.157E+07
  1236.500 1.362E+07
  1236.750 1.552E+07
  1237.000 1.556E+07
  1237.250 1.573E+07
  1237.500 1.809E+07
  1237.750 2.041E+07
  1238.000 2.014E+07
  1238.250 1.712E+07
  1238.500 1.622E+07
  1238.750 1.898E+07
  1239.000 1.867E+07
  1239.250 1.593E+07
  1239.500 1.723E+07
  1239.750 1.820E+07
  1240.000 1.912E+07
  1240.250 2.158E+07
  1240.500 2.285E+07
  1240.750 2.408E+07
  1241.000 2.342E+07
  1241.250 2.351E+07
  1241.500 2.314E+07
  1241.750 2.149E+07
  1242.000 2.013E+07
  1242.250 2.256E+07
  1242.500 2.507E+07
  1242.750 2.497E+07
  1243.000 2.159E+07
  1243.250 1.745E+07
  1243.500 2.082E+07
  1243.750 2.498E+07
  1244.000 2.554E+07
  1244.250 2.423E+07
  1244.500 2.167E+07
  1244.750 2.126E+07
  1245.000 2.356E+07
  1245.250 2.599E+07
  1245.500 2.629E+07
  1245.750 2.338E+07
  1246.000 2.533E+07
  1246.250 2.931E+07
  1246.500 2.716E+07
  1246.750 2.012E+07
  1247.000 2.002E+07
  1247.250 2.155E+07
  1247.500 2.259E+07
  1247.750 2.320E+07
  1248.000 2.111E+07
  1248.250 1.783E+07
  1248.500 1.872E+07
  1248.750 2.645E+07
  1249.000 3.030E+07
  1249.250 2.950E+07
  1249.500 2.809E+07
  1249.750 2.650E+07
  1250.000 2.716E+07
  1250.250 2.588E+07
  1250.500 2.315E+07
  1250.750 2.666E+07
  1251.000 2.406E+07
  1251.250 2.095E+07
  1251.500 2.777E+07
  1251.750 3.294E+07
  1252.000 3.178E+07
  1252.250 2.948E+07
  1252.500 2.948E+07
  1252.750 3.029E+07
  1253.000 3.248E+07
  1253.250 2.839E+07
  1253.500 2.483E+07
  1253.750 2.455E+07
  1254.000 2.828E+07
  1254.250 2.921E+07
  1254.500 2.672E+07
  1254.750 2.992E+07
  1255.000 3.100E+07
  1255.250 2.840E+07
  1255.500 3.028E+07
  1255.750 3.345E+07
  1256.000 3.078E+07
  1256.250 2.545E+07
  1256.500 2.328E+07
  1256.750 2.650E+07
  1257.000 2.930E+07
  1257.250 2.959E+07
  1257.500 2.652E+07
  1257.750 2.506E+07
  1258.000 2.648E+07
  1258.250 2.433E+07
  1258.500 1.924E+07
  1258.750 1.516E+07
  1259.000 1.131E+07
  1259.250 8.375E+06
  1259.500 5.414E+06
  1259.750 2.782E+06
  1260.000 1.274E+06
  1260.250 4.525E+05
  1260.500 2.294E+05
  1260.750 4.312E+05
  1261.000 1.277E+06
  1261.250 2.849E+06
  1261.500 4.811E+06
  1261.750 7.478E+06
  1262.000 7.797E+06
  1262.250 8.424E+06
  1262.500 1.168E+07
  1262.750 1.248E+07
  1263.000 1.035E+07
  1263.250 8.417E+06
  1263.500 6.077E+06
  1263.750 3.438E+06
  1264.000 1.876E+06
  1264.250 9.313E+05
  1264.500 3.727E+05
  1264.750 1.606E+05
  1265.000 2.711E+05
  1265.250 7.237E+05
  1265.500 1.547E+06
  1265.750 3.017E+06
  1266.000 4.792E+06
  1266.250 5.783E+06
  1266.500 7.508E+06
  1266.750 1.370E+07
  1267.000 2.019E+07
  1267.250 1.950E+07
  1267.500 1.596E+07
  1267.750 1.984E+07
  1268.000 2.401E+07
  1268.250 2.702E+07
  1268.500 3.017E+07
  1268.750 2.981E+07
  1269.000 2.522E+07
  1269.250 2.479E+07
  1269.500 3.008E+07
  1269.750 3.236E+07
  1270.000 3.232E+07
  1270.250 3.609E+07
  1270.500 3.619E+07
  1270.750 3.007E+07
  1271.000 2.837E+07
  1271.250 2.849E+07
  1271.500 2.830E+07
  1271.750 2.748E+07
  1272.000 2.588E+07
  1272.250 2.718E+07
  1272.500 2.769E+07
  1272.750 3.056E+07
  1273.000 3.187E+07
  1273.250 3.143E+07
  1273.500 3.533E+07
  1273.750 3.587E+07
  1274.000 3.161E+07
  1274.250 3.142E+07
  1274.500 3.415E+07
  1274.750 3.184E+07
  1275.000 2.687E+07
  1275.250 2.766E+07
  1275.500 3.409E+07
  1275.750 3.290E+07
  1276.000 3.075E+07
  1276.250 3.165E+07
  1276.500 3.396E+07
  1276.750 2.984E+07
  1277.000 2.133E+07
  1277.250 1.656E+07
  1277.500 1.329E+07
  1277.750 1.591E+07
  1278.000 2.921E+07
  1278.250 4.003E+07
  1278.500 4.071E+07
  1278.750 3.497E+07
  1279.000 2.797E+07
  1279.250 2.780E+07
  1279.500 3.339E+07
  1279.750 3.296E+07
  1280.000 2.562E+07
  1280.250 1.727E+07
  1280.500 1.421E+07
  1280.750 2.089E+07
  1281.000 3.307E+07
  1281.250 4.298E+07
  1281.500 4.397E+07
  1281.750 4.108E+07
  1282.000 4.084E+07
  1282.250 4.252E+07
  1282.500 4.105E+07
  1282.750 3.922E+07
  1283.000 3.708E+07
  1283.250 3.951E+07
  1283.500 4.110E+07
  1283.750 4.023E+07
  1284.000 3.464E+07
  1284.250 3.295E+07
  1284.500 4.063E+07
  1284.750 4.528E+07
  1285.000 4.583E+07
  1285.250 4.566E+07
  1285.500 4.368E+07
  1285.750 4.179E+07
  1286.000 3.789E+07
  1286.250 3.267E+07
  1286.500 3.205E+07
  1286.750 3.474E+07
  1287.000 3.417E+07
  1287.250 3.385E+07
  1287.500 3.506E+07
  1287.750 3.445E+07
  1288.000 3.062E+07
  1288.250 2.948E+07
  1288.500 3.014E+07
  1288.750 2.872E+07
  1289.000 2.807E+07
  1289.250 3.098E+07
  1289.500 3.217E+07
  1289.750 2.801E+07
  1290.000 2.238E+07
  1290.250 2.737E+07
  1290.500 3.467E+07
  1290.750 3.521E+07
  1291.000 3.480E+07
  1291.250 3.185E+07
  1291.500 2.655E+07
  1291.750 2.761E+07
  1292.000 3.444E+07
  1292.250 3.550E+07
  1292.500 3.419E+07
  1292.750 3.586E+07
  1293.000 3.474E+07
  1293.250 3.385E+07
  1293.500 3.253E+07
  1293.750 3.189E+07
  1294.000 3.401E+07
  1294.250 2.772E+07
  1294.500 1.647E+07
  1294.750 1.695E+07
  1295.000 2.848E+07
  1295.250 3.458E+07
  1295.500 3.111E+07
  1295.750 2.387E+07
  1296.000 2.010E+07
  1296.250 2.099E+07
  1296.500 2.080E+07
  1296.750 1.964E+07
  1297.000 2.706E+07
  1297.250 3.476E+07
  1297.500 3.639E+07
  1297.750 3.447E+07
  1298.000 3.060E+07
  1298.250 2.786E+07
  1298.500 2.036E+07
  1298.750 1.042E+07
  1299.000 8.979E+06
  1299.250 1.335E+07
  1299.500 1.896E+07
  1299.750 2.565E+07
  1300.000 3.020E+07
  1300.250 3.581E+07
  1300.500 3.578E+07
  1300.750 2.951E+07
  1301.000 2.104E+07
  1301.250 1.900E+07
  1301.500 2.268E+07
  1301.750 2.021E+07
  1302.000 1.302E+07
  1302.250 1.197E+07
  1302.500 2.203E+07
  1302.750 2.509E+07
  1303.000 1.764E+07
  1303.250 1.172E+07
  1303.500 1.606E+07
  1303.750 2.138E+07
  1304.000 1.552E+07
  1304.250 6.190E+06
  1304.500 3.287E+06
  1304.750 6.194E+06
  1305.000 1.407E+07
  1305.250 2.011E+07
  1305.500 1.670E+07
  1305.750 1.475E+07
  1306.000 1.632E+07
  1306.250 2.522E+07
  1306.500 2.961E+07
  1306.750 2.701E+07
  1307.000 2.899E+07
  1307.250 3.300E+07
  1307.500 3.670E+07
  1307.750 3.519E+07
  1308.000 3.245E+07
  1308.250 3.111E+07
  1308.500 2.888E+07
  1308.750 1.894E+07
  1309.000 6.919E+06
  1309.250 2.034E+06
  1309.500 3.692E+06
  1309.750 9.718E+06
  1310.000 1.743E+07
  1310.250 2.261E+07
  1310.500 2.294E+07
  1310.750 2.213E+07
  1311.000 2.111E+07
  1311.250 2.317E+07
  1311.500 2.825E+07
  1311.750 2.936E+07
  1312.000 3.197E+07
  1312.250 3.411E+07
  1312.500 3.196E+07
  1312.750 3.540E+07
  1313.000 3.571E+07
  1313.250 2.901E+07
  1313.500 3.122E+07
  1313.750 3.929E+07
  1314.000 4.333E+07
  1314.250 4.293E+07
  1314.500 4.141E+07
  1314.750 4.147E+07
  1315.000 4.099E+07
  1315.250 3.936E+07
  1315.500 3.789E+07
  1315.750 3.402E+07
  1316.000 2.492E+07
  1316.250 2.215E+07
  1316.500 2.421E+07
  1316.750 3.113E+07
  1317.000 3.172E+07
  1317.250 2.742E+07
  1317.500 3.324E+07
  1317.750 4.049E+07
  1318.000 3.994E+07
  1318.250 3.891E+07
  1318.500 3.749E+07
  1318.750 3.288E+07
  1319.000 3.076E+07
  1319.250 3.270E+07
  1319.500 3.312E+07
  1319.750 3.359E+07
  1320.000 3.712E+07
  1320.250 3.853E+07
  1320.500 3.660E+07
  1320.750 3.704E+07
  1321.000 4.198E+07
  1321.250 4.458E+07
  1321.500 4.435E+07
  1321.750 4.384E+07
  1322.000 4.490E+07
  1322.250 4.535E+07
  1322.500 4.397E+07
  1322.750 4.043E+07
  1323.000 3.517E+07
  1323.250 3.028E+07
  1323.500 2.741E+07
  1323.750 2.169E+07
  1324.000 2.161E+07
  1324.250 3.184E+07
  1324.500 3.934E+07
  1324.750 4.079E+07
  1325.000 4.126E+07
  1325.250 4.147E+07
  1325.500 4.127E+07
  1325.750 4.237E+07
  1326.000 4.374E+07
  1326.250 4.315E+07
  1326.500 3.670E+07
  1326.750 3.659E+07
  1327.000 4.122E+07
  1327.250 3.853E+07
  1327.500 3.364E+07
  1327.750 3.200E+07
  1328.000 3.301E+07
  1328.250 3.828E+07
  1328.500 4.056E+07
  1328.750 3.328E+07
  1329.000 2.667E+07
  1329.250 2.796E+07
  1329.500 2.940E+07
  1329.750 3.345E+07
  1330.000 4.040E+07
  1330.250 4.042E+07
  1330.500 3.905E+07
  1330.750 3.798E+07
  1331.000 3.556E+07
  1331.250 3.457E+07
  1331.500 3.330E+07
  1331.750 3.556E+07
  1332.000 3.759E+07
  1332.250 3.960E+07
  1332.500 3.923E+07
  1332.750 3.421E+07
  1333.000 3.204E+07
  1333.250 3.278E+07
  1333.500 3.189E+07
  1333.750 2.649E+07
  1334.000 1.810E+07
  1334.250 9.011E+06
  1334.500 3.492E+06
  1334.750 4.482E+06
  1335.000 6.655E+06
  1335.250 4.994E+06
  1335.500 2.299E+06
  1335.750 1.856E+06
  1336.000 5.454E+06
  1336.250 1.167E+07
  1336.500 1.795E+07
  1336.750 2.454E+07
  1337.000 3.124E+07
  1337.250 3.370E+07
  1337.500 3.596E+07
  1337.750 3.906E+07
  1338.000 4.011E+07
  1338.250 4.138E+07
  1338.500 4.303E+07
  1338.750 4.311E+07
  1339.000 4.366E+07
  1339.250 4.420E+07
  1339.500 4.145E+07
  1339.750 3.728E+07
  1340.000 3.687E+07
  1340.250 3.860E+07
  1340.500 4.240E+07
  1340.750 4.343E+07
  1341.000 3.961E+07
  1341.250 3.723E+07
  1341.500 3.829E+07
  1341.750 3.897E+07
  1342.000 3.914E+07
  1342.250 3.706E+07
  1342.500 3.462E+07
  1342.750 3.960E+07
  1343.000 4.351E+07
  1343.250 4.174E+07
  1343.500 4.115E+07
  1343.750 4.280E+07
  1344.000 4.045E+07
  1344.250 3.457E+07
  1344.500 3.492E+07
  1344.750 3.801E+07
  1345.000 4.013E+07
  1345.250 3.858E+07
  1345.500 3.811E+07
  1345.750 3.791E+07
  1346.000 3.577E+07
  1346.250 3.679E+07
  1346.500 3.880E+07
  1346.750 3.510E+07
  1347.000 3.099E+07
  1347.250 3.063E+07
  1347.500 3.553E+07
  1347.750 4.082E+07
  1348.000 3.974E+07
  1348.250 3.481E+07
  1348.500 3.193E+07
  1348.750 3.835E+07
  1349.000 4.291E+07
  1349.250 4.172E+07
  1349.500 3.740E+07
  1349.750 3.382E+07
  1350.000 2.988E+07
  1350.250 2.955E+07
  1350.500 3.090E+07
  1350.750 3.597E+07
  1351.000 4.088E+07
  1351.250 3.927E+07
  1351.500 3.898E+07
  1351.750 3.824E+07
  1352.000 3.760E+07
  1352.250 3.591E+07
  1352.500 2.858E+07
  1352.750 2.523E+07
  1353.000 3.273E+07
  1353.250 4.048E+07
  1353.500 3.851E+07
  1353.750 3.243E+07
  1354.000 3.205E+07
  1354.250 3.399E+07
  1354.500 3.655E+07
  1354.750 3.903E+07
  1355.000 4.285E+07
  1355.250 4.078E+07
  1355.500 3.542E+07
  1355.750 3.188E+07
  1356.000 3.071E+07
  1356.250 3.246E+07
  1356.500 3.713E+07
  1356.750 4.082E+07
  1357.000 3.549E+07
  1357.250 3.103E+07
  1357.500 3.275E+07
  1357.750 3.364E+07
  1358.000 4.026E+07
  1358.250 4.487E+07
  1358.500 4.375E+07
  1358.750 3.868E+07
  1359.000 3.038E+07
  1359.250 2.609E+07
  1359.500 2.813E+07
  1359.750 3.606E+07
  1360.000 4.266E+07
  1360.250 4.066E+07
  1360.500 3.255E+07
  1360.750 2.708E+07
  1361.000 2.684E+07
  1361.250 2.710E+07
  1361.500 3.057E+07
  1361.750 3.556E+07
  1362.000 3.540E+07
  1362.250 3.443E+07
  1362.500 3.511E+07
  1362.750 3.723E+07
  1363.000 3.871E+07
  1363.250 3.619E+07
  1363.500 3.212E+07
  1363.750 3.329E+07
  1364.000 3.172E+07
  1364.250 2.537E+07
  1364.500 2.240E+07
  1364.750 2.774E+07
  1365.000 3.389E+07
  1365.250 3.289E+07
  1365.500 2.947E+07
  1365.750 3.074E+07
  1366.000 3.730E+07
  1366.250 3.590E+07
  1366.500 3.061E+07
  1366.750 3.085E+07
  1367.000 2.845E+07
  1367.250 2.478E+07
  1367.500 2.967E+07
  1367.750 3.146E+07
  1368.000 2.618E+07
  1368.250 2.126E+07
  1368.500 2.138E+07
  1368.750 2.828E+07
  1369.000 3.518E+07
  1369.250 3.455E+07
  1369.500 2.697E+07
  1369.750 2.518E+07
  1370.000 2.693E+07
  1370.250 2.822E+07
  1370.500 3.318E+07
  1370.750 3.573E+07
  1371.000 3.318E+07
  1371.250 3.176E+07
  1371.500 3.496E+07
  1371.750 3.889E+07
  1372.000 3.738E+07
  1372.250 3.305E+07
  1372.500 3.794E+07
  1372.750 4.127E+07
  1373.000 3.947E+07
  1373.250 3.960E+07
  1373.500 3.647E+07
  1373.750 2.876E+07
  1374.000 2.864E+07
  1374.250 3.267E+07
  1374.500 3.523E+07
  1374.750 3.079E+07
  1375.000 2.481E+07
  1375.250 2.768E+07
  1375.500 3.312E+07
  1375.750 3.275E+07
  1376.000 3.627E+07
  1376.250 3.924E+07
  1376.500 3.706E+07
  1376.750 3.487E+07
  1377.000 3.554E+07
  1377.250 3.649E+07
  1377.500 3.947E+07
  1377.750 3.821E+07
  1378.000 2.961E+07
  1378.250 2.764E+07
  1378.500 3.237E+07
  1378.750 3.561E+07
  1379.000 3.667E+07
  1379.250 3.309E+07
  1379.500 2.318E+07
  1379.750 2.475E+07
  1380.000 3.341E+07
  1380.250 3.499E+07
  1380.500 3.403E+07
  1380.750 3.404E+07
  1381.000 3.262E+07
  1381.250 2.875E+07
  1381.500 2.786E+07
  1381.750 2.862E+07
  1382.000 3.237E+07
  1382.250 3.101E+07
  1382.500 2.638E+07
  1382.750 2.929E+07
  1383.000 3.567E+07
  1383.250 3.625E+07
  1383.500 3.234E+07
  1383.750 3.272E+07
  1384.000 3.368E+07
  1384.250 3.248E+07
  1384.500 3.426E+07
  1384.750 3.469E+07
  1385.000 3.326E+07
  1385.250 3.196E+07
  1385.500 3.538E+07
  1385.750 3.827E+07
  1386.000 3.665E+07
  1386.250 3.576E+07
  1386.500 3.686E+07
  1386.750 3.768E+07
  1387.000 3.695E+07
  1387.250 3.445E+07
  1387.500 3.422E+07
  1387.750 3.732E+07
  1388.000 3.831E+07
  1388.250 3.517E+07
  1388.500 3.189E+07
  1388.750 3.702E+07
  1389.000 4.191E+07
  1389.250 4.257E+07
  1389.500 4.092E+07
  1389.750 3.799E+07
  1390.000 3.921E+07
  1390.250 4.231E+07
  1390.500 4.400E+07
  1390.750 4.179E+07
  1391.000 3.658E+07
  1391.250 3.534E+07
  1391.500 3.840E+07
  1391.750 3.593E+07
  1392.000 3.134E+07
  1392.250 3.158E+07
  1392.500 3.356E+07
  1392.750 3.238E+07
  1393.000 3.079E+07
  1393.250 2.676E+07
  1393.500 2.550E+07
  1393.750 2.589E+07
  1394.000 3.121E+07
  1394.250 3.579E+07
  1394.500 3.556E+07
  1394.750 3.748E+07
  1395.000 3.928E+07
  1395.250 3.799E+07
  1395.500 3.795E+07
  1395.750 3.723E+07
  1396.000 3.654E+07
  1396.250 3.542E+07
  1396.500 3.438E+07
  1396.750 3.391E+07
  1397.000 3.553E+07
  1397.250 3.636E+07
  1397.500 3.295E+07
  1397.750 3.116E+07
  1398.000 3.350E+07
  1398.250 3.293E+07
  1398.500 2.900E+07
  1398.750 2.656E+07
  1399.000 2.723E+07
  1399.250 3.556E+07
  1399.500 3.787E+07
  1399.750 3.592E+07
  1400.000 3.630E+07
  1400.250 3.631E+07
  1400.500 3.460E+07
  1400.750 3.578E+07
  1401.000 3.723E+07
  1401.250 3.288E+07
  1401.500 2.863E+07
  1401.750 2.874E+07
  1402.000 3.362E+07
  1402.250 3.865E+07
  1402.500 3.767E+07
  1402.750 3.183E+07
  1403.000 2.834E+07
  1403.250 3.245E+07
  1403.500 4.029E+07
  1403.750 4.260E+07
  1404.000 4.061E+07
  1404.250 4.166E+07
  1404.500 4.368E+07
  1404.750 4.154E+07
  1405.000 4.069E+07
  1405.250 4.010E+07
  1405.500 3.387E+07
  1405.750 3.024E+07
  1406.000 3.617E+07
  1406.250 4.156E+07
  1406.500 4.155E+07
  1406.750 3.866E+07
  1407.000 3.739E+07
  1407.250 3.625E+07
  1407.500 3.516E+07
  1407.750 3.870E+07
  1408.000 3.910E+07
  1408.250 3.436E+07
  1408.500 3.155E+07
  1408.750 3.518E+07
  1409.000 3.328E+07
  1409.250 2.943E+07
  1409.500 3.331E+07
  1409.750 3.587E+07
  1410.000 3.086E+07
  1410.250 2.792E+07
  1410.500 2.992E+07
  1410.750 3.256E+07
  1411.000 3.322E+07
  1411.250 3.135E+07
  1411.500 2.959E+07
  1411.750 3.026E+07
  1412.000 2.961E+07
  1412.250 3.523E+07
  1412.500 3.768E+07
  1412.750 3.339E+07
  1413.000 3.485E+07
  1413.250 3.788E+07
  1413.500 3.410E+07
  1413.750 3.252E+07
  1414.000 3.302E+07
  1414.250 3.175E+07
  1414.500 3.272E+07
  1414.750 2.959E+07
  1415.000 2.761E+07
  1415.250 2.987E+07
  1415.500 2.706E+07
  1415.750 2.440E+07
  1416.000 3.291E+07
  1416.250 3.839E+07
  1416.500 3.444E+07
  1416.750 3.039E+07
  1417.000 2.929E+07
  1417.250 2.652E+07
  1417.500 2.812E+07
  1417.750 3.003E+07
  1418.000 3.012E+07
  1418.250 3.095E+07
  1418.500 3.418E+07
  1418.750 3.561E+07
  1419.000 3.547E+07
  1419.250 3.087E+07
  1419.500 3.032E+07
  1419.750 3.256E+07
  1420.000 3.285E+07
  1420.250 3.052E+07
  1420.500 2.669E+07
  1420.750 2.871E+07
  1421.000 3.145E+07
  1421.250 3.101E+07
  1421.500 3.009E+07
  1421.750 3.280E+07
  1422.000 3.459E+07
  1422.250 3.214E+07
  1422.500 3.233E+07
  1422.750 3.846E+07
  1423.000 3.973E+07
  1423.250 3.832E+07
  1423.500 3.915E+07
  1423.750 3.444E+07
  1424.000 2.481E+07
  1424.250 2.406E+07
  1424.500 2.540E+07
  1424.750 2.288E+07
  1425.000 2.481E+07
  1425.250 3.151E+07
  1425.500 3.893E+07
  1425.750 4.196E+07
  1426.000 4.051E+07
  1426.250 3.851E+07
  1426.500 4.025E+07
  1426.750 3.738E+07
  1427.000 3.184E+07
  1427.250 3.110E+07
  1427.500 3.522E+07
  1427.750 3.472E+07
  1428.000 3.593E+07
  1428.250 3.834E+07
  1428.500 3.410E+07
  1428.750 3.248E+07
  1429.000 3.440E+07
  1429.250 3.206E+07
  1429.500 3.363E+07
  1429.750 3.545E+07
  1430.000 3.242E+07
  1430.250 3.405E+07
  1430.500 3.469E+07
  1430.750 2.764E+07
  1431.000 2.660E+07
  1431.250 2.644E+07
  1431.500 2.540E+07
  1431.750 2.616E+07
  1432.000 2.342E+07
  1432.250 2.230E+07
  1432.500 2.365E+07
  1432.750 2.338E+07
  1433.000 2.170E+07
  1433.250 2.381E+07
  1433.500 2.644E+07
  1433.750 2.819E+07
  1434.000 3.471E+07
  1434.250 3.717E+07
  1434.500 3.112E+07
  1434.750 2.701E+07
  1435.000 2.670E+07
  1435.250 2.397E+07
  1435.500 2.415E+07
  1435.750 2.758E+07
  1436.000 3.220E+07
  1436.250 3.656E+07
  1436.500 3.794E+07
  1436.750 3.889E+07
  1437.000 3.718E+07
  1437.250 3.701E+07
  1437.500 3.787E+07
  1437.750 4.043E+07
  1438.000 3.790E+07
  1438.250 3.236E+07
  1438.500 2.848E+07
  1438.750 3.054E+07
  1439.000 3.711E+07
  1439.250 3.790E+07
  1439.500 3.607E+07
  1439.750 3.927E+07
  1440.000 4.232E+07
  1440.250 4.074E+07
  1440.500 3.605E+07
  1440.750 3.116E+07
  1441.000 3.016E+07
  1441.250 3.465E+07
  1441.500 3.572E+07
  1441.750 3.651E+07
  1442.000 3.583E+07
  1442.250 2.899E+07
  1442.500 2.712E+07
  1442.750 3.128E+07
  1443.000 3.493E+07
  1443.250 3.735E+07
  1443.500 3.617E+07
  1443.750 3.244E+07
  1444.000 3.251E+07
  1444.250 3.363E+07
  1444.500 3.755E+07
  1444.750 3.545E+07
  1445.000 3.049E+07
  1445.250 3.380E+07
  1445.500 3.742E+07
  1445.750 4.034E+07
  1446.000 4.118E+07
  1446.250 3.873E+07
  1446.500 3.317E+07
  1446.750 3.338E+07
  1447.000 3.695E+07
  1447.250 3.499E+07
  1447.500 3.525E+07
  1447.750 3.790E+07
  1448.000 3.404E+07
  1448.250 2.780E+07
  1448.500 3.084E+07
  1448.750 3.826E+07
  1449.000 4.069E+07
  1449.250 4.023E+07
  1449.500 3.959E+07
  1449.750 3.801E+07
  1450.000 3.414E+07
  1450.250 3.500E+07
  1450.500 3.758E+07
  1450.750 3.723E+07
  1451.000 3.750E+07
  1451.250 3.699E+07
  1451.500 3.574E+07
  1451.750 3.671E+07
  1452.000 3.754E+07
  1452.250 3.975E+07
  1452.500 3.813E+07
  1452.750 3.414E+07
  1453.000 3.519E+07
  1453.250 3.990E+07
  1453.500 4.094E+07
  1453.750 4.063E+07
  1454.000 3.949E+07
  1454.250 3.680E+07
  1454.500 3.673E+07
  1454.750 3.377E+07
  1455.000 3.076E+07
  1455.250 3.285E+07
  1455.500 3.556E+07
  1455.750 3.447E+07
  1456.000 3.554E+07
  1456.250 3.551E+07
  1456.500 3.343E+07
  1456.750 3.542E+07
  1457.000 3.776E+07
  1457.250 3.815E+07
  1457.500 3.766E+07
  1457.750 3.727E+07
  1458.000 3.908E+07
  1458.250 4.022E+07
  1458.500 4.049E+07
  1458.750 3.880E+07
  1459.000 3.325E+07
  1459.250 3.322E+07
  1459.500 3.800E+07
  1459.750 4.061E+07
  1460.000 3.997E+07
  1460.250 3.893E+07
  1460.500 4.032E+07
  1460.750 3.898E+07
  1461.000 3.235E+07
  1461.250 3.033E+07
  1461.500 3.478E+07
  1461.750 3.473E+07
  1462.000 3.332E+07
  1462.250 3.177E+07
  1462.500 3.302E+07
  1462.750 3.831E+07
  1463.000 3.522E+07
  1463.250 2.647E+07
  1463.500 2.823E+07
  1463.750 3.635E+07
  1464.000 4.096E+07
  1464.250 4.041E+07
  1464.500 3.581E+07
  1464.750 3.133E+07
  1465.000 3.040E+07
  1465.250 3.346E+07
  1465.500 3.587E+07
  1465.750 3.792E+07
  1466.000 3.588E+07
  1466.250 3.217E+07
  1466.500 3.074E+07
  1466.750 2.995E+07
  1467.000 2.577E+07
  1467.250 1.984E+07
  1467.500 1.890E+07
  1467.750 2.276E+07
  1468.000 2.758E+07
  1468.250 2.808E+07
  1468.500 2.835E+07
  1468.750 3.329E+07
  1469.000 3.496E+07
  1469.250 3.209E+07
  1469.500 2.908E+07
  1469.750 2.681E+07
  1470.000 2.327E+07
  1470.250 2.392E+07
  1470.500 2.716E+07
  1470.750 3.003E+07
  1471.000 3.412E+07
  1471.250 3.508E+07
  1471.500 3.263E+07
  1471.750 2.942E+07
  1472.000 2.925E+07
  1472.250 3.391E+07
  1472.500 3.484E+07
  1472.750 3.077E+07
  1473.000 2.958E+07
  1473.250 3.298E+07
  1473.500 3.509E+07
  1473.750 3.210E+07
  1474.000 2.869E+07
  1474.250 2.814E+07
  1474.500 2.869E+07
  1474.750 3.184E+07
  1475.000 3.608E+07
  1475.250 3.662E+07
  1475.500 3.138E+07
  1475.750 2.513E+07
  1476.000 2.720E+07
  1476.250 3.243E+07
  1476.500 3.238E+07
  1476.750 3.388E+07
  1477.000 3.487E+07
  1477.250 3.051E+07
  1477.500 2.713E+07
  1477.750 2.703E+07
  1478.000 2.435E+07
  1478.250 2.457E+07
  1478.500 2.659E+07
  1478.750 3.187E+07
  1479.000 3.638E+07
  1479.250 3.545E+07
  1479.500 3.372E+07
  1479.750 3.411E+07
  1480.000 3.415E+07
  1480.250 3.543E+07
  1480.500 3.743E+07
  1480.750 3.288E+07
  1481.000 2.681E+07
  1481.250 2.598E+07
  1481.500 2.645E+07
  1481.750 2.918E+07
  1482.000 3.349E+07
  1482.250 3.256E+07
  1482.500 3.279E+07
  1482.750 3.133E+07
  1483.000 2.443E+07
  1483.250 2.295E+07
  1483.500 2.384E+07
  1483.750 2.665E+07
  1484.000 3.049E+07
  1484.250 3.393E+07
  1484.500 3.747E+07
  1484.750 3.712E+07
  1485.000 3.221E+07
  1485.250 2.836E+07
  1485.500 2.883E+07
  1485.750 3.524E+07
  1486.000 3.770E+07
  1486.250 3.260E+07
  1486.500 3.007E+07
  1486.750 3.511E+07
  1487.000 3.519E+07
  1487.250 3.175E+07
  1487.500 3.340E+07
  1487.750 3.770E+07
  1488.000 3.884E+07
  1488.250 3.815E+07
  1488.500 3.756E+07
  1488.750 3.733E+07
  1489.000 3.408E+07
  1489.250 3.069E+07
  1489.500 3.215E+07
  1489.750 3.199E+07
  1490.000 3.167E+07
  1490.250 3.381E+07
  1490.500 3.424E+07
  1490.750 3.433E+07
  1491.000 3.704E+07
  1491.250 3.719E+07
  1491.500 3.610E+07
  1491.750 3.373E+07
  1492.000 3.247E+07
  1492.250 3.158E+07
  1492.500 2.296E+07
  1492.750 1.903E+07
  1493.000 2.627E+07
  1493.250 3.024E+07
  1493.500 3.251E+07
  1493.750 3.345E+07
  1494.000 3.227E+07
  1494.250 2.988E+07
  1494.500 2.256E+07
  1494.750 2.279E+07
  1495.000 3.303E+07
  1495.250 3.610E+07
  1495.500 3.648E+07
  1495.750 3.786E+07
  1496.000 3.643E+07
  1496.250 3.326E+07
  1496.500 2.976E+07
  1496.750 3.093E+07
  1497.000 3.333E+07
  1497.250 3.646E+07
  1497.500 3.842E+07
  1497.750 3.971E+07
  1498.000 4.007E+07
  1498.250 3.788E+07
  1498.500 3.552E+07
  1498.750 3.338E+07
  1499.000 3.299E+07
  1499.250 3.274E+07
  1499.500 3.556E+07
  1499.750 3.786E+07
  1500.000 3.725E+07
  1500.250 3.194E+07
  1500.500 3.028E+07
  1500.750 3.310E+07
  1501.000 3.190E+07
  1501.250 3.325E+07
  1501.500 3.495E+07
  1501.750 3.188E+07
  1502.000 2.814E+07
  1502.250 3.036E+07
  1502.500 3.516E+07
  1502.750 3.544E+07
  1503.000 3.501E+07
  1503.250 3.786E+07
  1503.500 3.949E+07
  1503.750 3.848E+07
  1504.000 3.560E+07
  1504.250 3.442E+07
  1504.500 3.513E+07
  1504.750 3.527E+07
  1505.000 3.470E+07
  1505.250 3.652E+07
  1505.500 3.763E+07
  1505.750 3.560E+07
  1506.000 3.582E+07
  1506.250 3.617E+07
  1506.500 3.376E+07
  1506.750 3.151E+07
  1507.000 3.200E+07
  1507.250 3.426E+07
  1507.500 3.456E+07
  1507.750 3.260E+07
  1508.000 3.008E+07
  1508.250 2.832E+07
  1508.500 2.928E+07
  1508.750 2.674E+07
  1509.000 2.273E+07
  1509.250 2.336E+07
  1509.500 3.110E+07
  1509.750 3.563E+07
  1510.000 3.354E+07
  1510.250 3.242E+07
  1510.500 3.070E+07
  1510.750 2.492E+07
  1511.000 2.557E+07
  1511.250 2.916E+07
  1511.500 3.006E+07
  1511.750 2.914E+07
  1512.000 2.533E+07
  1512.250 2.604E+07
  1512.500 3.309E+07
  1512.750 3.396E+07
  1513.000 3.159E+07
  1513.250 2.960E+07
  1513.500 2.892E+07
  1513.750 3.025E+07
  1514.000 3.224E+07
  1514.250 3.080E+07
  1514.500 2.836E+07
  1514.750 3.034E+07
  1515.000 3.280E+07
  1515.250 3.179E+07
  1515.500 2.845E+07
  1515.750 2.467E+07
  1516.000 2.164E+07
  1516.250 2.622E+07
  1516.500 3.159E+07
  1516.750 3.331E+07
  1517.000 3.442E+07
  1517.250 3.663E+07
  1517.500 3.850E+07
  1517.750 3.882E+07
  1518.000 3.811E+07
  1518.250 3.605E+07
  1518.500 3.240E+07
  1518.750 3.323E+07
  1519.000 3.626E+07
  1519.250 3.427E+07
  1519.500 3.119E+07
  1519.750 3.416E+07
  1520.000 3.579E+07
  1520.250 3.483E+07
  1520.500 3.218E+07
  1520.750 3.010E+07
  1521.000 3.249E+07
  1521.250 3.664E+07
  1521.500 3.515E+07
  1521.750 3.381E+07
  1522.000 3.522E+07
  1522.250 3.610E+07
  1522.500 3.531E+07
  1522.750 3.439E+07
  1523.000 3.450E+07
  1523.250 3.111E+07
  1523.500 3.213E+07
  1523.750 3.582E+07
  1524.000 3.631E+07
  1524.250 3.574E+07
  1524.500 3.224E+07
  1524.750 2.923E+07
  1525.000 2.552E+07
  1525.250 2.641E+07
  1525.500 2.866E+07
  1525.750 2.608E+07
  1526.000 2.128E+07
  1526.250 1.296E+07
  1526.500 5.218E+06
  1526.750 3.255E+06
  1527.000 6.499E+06
  1527.250 1.071E+07
  1527.500 1.640E+07
  1527.750 2.288E+07
  1528.000 2.970E+07
  1528.250 3.317E+07
  1528.500 3.358E+07
  1528.750 3.233E+07
  1529.000 3.214E+07
  1529.250 3.234E+07
  1529.500 3.095E+07
  1529.750 3.170E+07
  1530.000 3.309E+07
  1530.250 3.208E+07
  1530.500 3.007E+07
  1530.750 3.125E+07
  1531.000 3.208E+07
  1531.250 3.046E+07
  1531.500 2.790E+07
  1531.750 2.651E+07
  1532.000 2.703E+07
  1532.250 2.485E+07
  1532.500 1.936E+07
  1532.750 1.316E+07
  1533.000 7.037E+06
  1533.250 3.054E+06
  1533.500 2.475E+06
  1533.750 6.292E+06
  1534.000 1.265E+07
  1534.250 1.842E+07
  1534.500 2.337E+07
  1534.750 2.678E+07
  1535.000 2.871E+07
  1535.250 3.019E+07
  1535.500 3.006E+07
  1535.750 2.744E+07
  1536.000 2.768E+07
  1536.250 2.874E+07
  1536.500 2.653E+07
  1536.750 2.473E+07
  1537.000 2.739E+07
  1537.250 3.227E+07
  1537.500 3.428E+07
  1537.750 3.427E+07
  1538.000 3.054E+07
  1538.250 3.099E+07
  1538.500 3.315E+07
  1538.750 3.248E+07
  1539.000 3.058E+07
  1539.250 3.009E+07
  1539.500 2.999E+07
  1539.750 2.946E+07
  1540.000 3.065E+07
  1540.250 3.365E+07
  1540.500 3.444E+07
  1540.750 3.282E+07
  1541.000 3.280E+07
  1541.250 3.298E+07
  1541.500 3.109E+07
  1541.750 3.257E+07
  1542.000 3.154E+07
  1542.250 2.750E+07
  1542.500 2.909E+07
  1542.750 3.123E+07
  1543.000 2.924E+07
  1543.250 2.974E+07
  1543.500 3.277E+07
  1543.750 3.363E+07
  1544.000 3.458E+07
  1544.250 3.637E+07
  1544.500 3.389E+07
  1544.750 2.835E+07
  1545.000 2.724E+07
  1545.250 3.053E+07
  1545.500 3.095E+07
  1545.750 2.810E+07
  1546.000 3.176E+07
  1546.250 3.415E+07
  1546.500 3.212E+07
  1546.750 3.314E+07
  1547.000 3.311E+07
  1547.250 3.225E+07
  1547.500 3.164E+07
  1547.750 2.788E+07
  1548.000 2.432E+07
  1548.250 2.608E+07
  1548.500 2.847E+07
  1548.750 3.053E+07
  1549.000 3.445E+07
  1549.250 3.477E+07
  1549.500 3.329E+07
  1549.750 3.359E+07
  1550.000 2.826E+07
  1550.250 2.170E+07
  1550.500 2.441E+07
  1550.750 2.831E+07
  1551.000 2.709E+07
  1551.250 2.707E+07
  1551.500 3.218E+07
  1551.750 3.280E+07
  1552.000 2.951E+07
  1552.250 2.776E+07
  1552.500 2.546E+07
  1552.750 2.278E+07
  1553.000 2.507E+07
  1553.250 2.867E+07
  1553.500 3.145E+07
  1553.750 3.041E+07
  1554.000 3.105E+07
  1554.250 3.053E+07
  1554.500 2.843E+07
  1554.750 2.729E+07
  1555.000 3.083E+07
  1555.250 2.969E+07
  1555.500 2.560E+07
  1555.750 2.644E+07
  1556.000 2.846E+07
  1556.250 2.763E+07
  1556.500 2.739E+07
  1556.750 2.565E+07
  1557.000 2.559E+07
  1557.250 2.778E+07
  1557.500 2.857E+07
  1557.750 3.083E+07
  1558.000 3.332E+07
  1558.250 3.086E+07
  1558.500 2.247E+07
  1558.750 2.086E+07
  1559.000 2.179E+07
  1559.250 2.326E+07
  1559.500 2.784E+07
  1559.750 2.728E+07
  1560.000 2.114E+07
  1560.250 1.637E+07
  1560.500 1.667E+07
  1560.750 1.544E+07
  1561.000 1.880E+07
  1561.250 1.867E+07
  1561.500 1.954E+07
  1561.750 2.245E+07
  1562.000 2.195E+07
  1562.250 2.614E+07
  1562.500 3.309E+07
  1562.750 3.613E+07
  1563.000 3.503E+07
  1563.250 3.171E+07
  1563.500 2.619E+07
  1563.750 2.206E+07
  1564.000 2.607E+07
  1564.250 3.144E+07
  1564.500 2.999E+07
  1564.750 2.918E+07
  1565.000 3.217E+07
  1565.250 3.123E+07
  1565.500 3.138E+07
  1565.750 3.494E+07
  1566.000 3.406E+07
  1566.250 2.826E+07
  1566.500 2.388E+07
  1566.750 2.355E+07
  1567.000 2.694E+07
  1567.250 3.131E+07
  1567.500 2.968E+07
  1567.750 2.513E+07
  1568.000 2.369E+07
  1568.250 2.882E+07
  1568.500 3.120E+07
  1568.750 3.164E+07
  1569.000 3.465E+07
  1569.250 3.507E+07
  1569.500 3.083E+07
  1569.750 2.957E+07
  1570.000 2.927E+07
  1570.250 2.371E+07
  1570.500 2.487E+07
  1570.750 2.923E+07
  1571.000 2.731E+07
  1571.250 2.943E+07
  1571.500 3.389E+07
  1571.750 3.407E+07
  1572.000 3.491E+07
  1572.250 3.489E+07
  1572.500 2.956E+07
  1572.750 2.291E+07
  1573.000 2.464E+07
  1573.250 3.002E+07
  1573.500 2.967E+07
  1573.750 2.237E+07
  1574.000 1.994E+07
  1574.250 2.624E+07
  1574.500 2.440E+07
  1574.750 1.628E+07
  1575.000 1.510E+07
  1575.250 2.472E+07
  1575.500 2.947E+07
  1575.750 3.062E+07
  1576.000 3.239E+07
  1576.250 3.399E+07
  1576.500 3.296E+07
  1576.750 2.916E+07
  1577.000 2.382E+07
  1577.250 2.690E+07
  1577.500 3.431E+07
  1577.750 3.293E+07
  1578.000 2.590E+07
  1578.250 2.357E+07
  1578.500 2.652E+07
  1578.750 3.082E+07
  1579.000 3.196E+07
  1579.250 3.103E+07
  1579.500 3.239E+07
  1579.750 3.290E+07
  1580.000 3.022E+07
  1580.250 2.641E+07
  1580.500 2.454E+07
  1580.750 2.680E+07
  1581.000 2.991E+07
  1581.250 2.515E+07
  1581.500 2.477E+07
  1581.750 3.090E+07
  1582.000 3.337E+07
  1582.250 3.074E+07
  1582.500 3.168E+07
  1582.750 3.402E+07
  1583.000 3.392E+07
  1583.250 3.426E+07
  1583.500 3.510E+07
  1583.750 3.582E+07
  1584.000 3.457E+07
  1584.250 3.265E+07
  1584.500 3.202E+07
  1584.750 2.832E+07
  1585.000 2.335E+07
  1585.250 2.637E+07
  1585.500 3.025E+07
  1585.750 2.947E+07
  1586.000 2.680E+07
  1586.250 2.817E+07
  1586.500 3.126E+07
  1586.750 3.181E+07
  1587.000 3.238E+07
  1587.250 3.194E+07
  1587.500 3.110E+07
  1587.750 3.151E+07
  1588.000 2.981E+07
  1588.250 2.661E+07
  1588.500 2.809E+07
  1588.750 3.126E+07
  1589.000 3.326E+07
  1589.250 3.197E+07
  1589.500 3.233E+07
  1589.750 3.256E+07
  1590.000 2.976E+07
  1590.250 2.684E+07
  1590.500 2.650E+07
  1590.750 3.038E+07
  1591.000 3.113E+07
  1591.250 3.251E+07
  1591.500 3.358E+07
  1591.750 3.283E+07
  1592.000 3.241E+07
  1592.250 2.885E+07
  1592.500 2.822E+07
  1592.750 3.267E+07
  1593.000 3.453E+07
  1593.250 3.172E+07
  1593.500 2.850E+07
  1593.750 2.919E+07
  1594.000 3.016E+07
  1594.250 3.209E+07
  1594.500 3.410E+07
  1594.750 2.945E+07
  1595.000 2.622E+07
  1595.250 2.771E+07
  1595.500 2.785E+07
  1595.750 2.929E+07
  1596.000 3.332E+07
  1596.250 3.436E+07
  1596.500 3.114E+07
  1596.750 3.103E+07
  1597.000 3.436E+07
  1597.250 3.513E+07
  1597.500 3.461E+07
  1597.750 3.492E+07
  1598.000 3.481E+07
  1598.250 3.374E+07
  1598.500 3.323E+07
  1598.750 3.543E+07
  1599.000 3.607E+07
  1599.250 3.479E+07
  1599.500 3.396E+07
  1599.750 3.255E+07
  1600.000 2.939E+07
  1600.250 2.777E+07
  1600.500 2.563E+07
  1600.750 2.480E+07
  1601.000 2.738E+07
  1601.250 2.771E+07
  1601.500 2.963E+07
  1601.750 3.200E+07
  1602.000 2.961E+07
  1602.250 2.664E+07
  1602.500 2.532E+07
  1602.750 2.577E+07
  1603.000 2.569E+07
  1603.250 2.899E+07
  1603.500 3.242E+07
  1603.750 3.482E+07
  1604.000 3.604E+07
  1604.250 3.505E+07
  1604.500 3.161E+07
  1604.750 3.222E+07
  1605.000 3.145E+07
  1605.250 2.588E+07
  1605.500 2.417E+07
  1605.750 2.292E+07
  1606.000 2.499E+07
  1606.250 3.070E+07
  1606.500 3.414E+07
  1606.750 3.295E+07
  1607.000 3.034E+07
  1607.250 3.033E+07
  1607.500 2.995E+07
  1607.750 2.843E+07
  1608.000 2.664E+07
  1608.250 2.192E+07
  1608.500 2.014E+07
  1608.750 2.702E+07
  1609.000 3.005E+07
  1609.250 3.043E+07
  1609.500 3.120E+07
  1609.750 3.083E+07
  1610.000 2.866E+07
  1610.250 2.760E+07
  1610.500 2.797E+07
  1610.750 2.547E+07
  1611.000 2.366E+07
  1611.250 2.780E+07
  1611.500 2.931E+07
  1611.750 2.349E+07
  1612.000 2.302E+07
  1612.250 2.697E+07
  1612.500 2.618E+07
  1612.750 2.083E+07
  1613.000 2.255E+07
  1613.250 2.863E+07
  1613.500 2.962E+07
  1613.750 2.529E+07
  1614.000 2.600E+07
  1614.250 3.123E+07
  1614.500 3.072E+07
  1614.750 3.150E+07
  1615.000 3.413E+07
  1615.250 3.392E+07
  1615.500 3.217E+07
  1615.750 3.075E+07
  1616.000 3.153E+07
  1616.250 3.241E+07
  1616.500 2.796E+07
  1616.750 2.648E+07
  1617.000 2.904E+07
  1617.250 2.886E+07
  1617.500 3.113E+07
  1617.750 3.434E+07
  1618.000 3.430E+07
  1618.250 3.015E+07
  1618.500 2.648E+07
  1618.750 2.728E+07
  1619.000 2.625E+07
  1619.250 2.802E+07
  1619.500 2.961E+07
  1619.750 3.039E+07
  1620.000 2.791E+07
  1620.250 2.557E+07
  1620.500 2.898E+07
  1620.750 3.266E+07
  1621.000 3.094E+07
  1621.250 2.943E+07
  1621.500 2.679E+07
  1621.750 2.226E+07
  1622.000 2.539E+07
  1622.250 3.004E+07
  1622.500 3.078E+07
  1622.750 2.742E+07
  1623.000 2.396E+07
  1623.250 2.748E+07
  1623.500 2.885E+07
  1623.750 2.704E+07
  1624.000 2.938E+07
  1624.250 3.214E+07
  1624.500 3.233E+07
  1624.750 3.055E+07
  1625.000 3.073E+07
  1625.250 2.778E+07
  1625.500 2.010E+07
  1625.750 1.801E+07
  1626.000 2.391E+07
  1626.250 2.815E+07
  1626.500 2.866E+07
  1626.750 2.924E+07
  1627.000 2.718E+07
  1627.250 2.657E+07
  1627.500 2.898E+07
  1627.750 3.160E+07
  1628.000 3.315E+07
  1628.250 3.183E+07
  1628.500 2.913E+07
  1628.750 2.741E+07
  1629.000 2.305E+07
  1629.250 1.691E+07
  1629.500 2.107E+07
  1629.750 2.654E+07
  1630.000 2.626E+07
  1630.250 2.914E+07
  1630.500 3.172E+07
  1630.750 3.154E+07
  1631.000 2.632E+07
  1631.250 2.418E+07
  1631.500 2.578E+07
  1631.750 2.671E+07
  1632.000 2.818E+07
  1632.250 2.680E+07
  1632.500 2.664E+07
  1632.750 2.757E+07
  1633.000 3.003E+07
  1633.250 2.946E+07
  1633.500 2.742E+07
  1633.750 2.380E+07
  1634.000 2.322E+07
  1634.250 2.672E+07
  1634.500 3.070E+07
  1634.750 3.422E+07
  1635.000 3.266E+07
  1635.250 2.679E+07
  1635.500 2.447E+07
  1635.750 2.684E+07
  1636.000 2.644E+07
  1636.250 2.465E+07
  1636.500 2.843E+07
  1636.750 3.230E+07
  1637.000 3.241E+07
  1637.250 2.797E+07
  1637.500 2.547E+07
  1637.750 2.990E+07
  1638.000 3.296E+07
  1638.250 3.392E+07
  1638.500 3.441E+07
  1638.750 3.281E+07
  1639.000 2.884E+07
  1639.250 2.348E+07
  1639.500 2.226E+07
  1639.750 2.709E+07
  1640.000 2.602E+07
  1640.250 2.518E+07
  1640.500 2.951E+07
  1640.750 2.858E+07
  1641.000 2.920E+07
  1641.250 3.206E+07
  1641.500 3.044E+07
  1641.750 2.714E+07
  1642.000 2.765E+07
  1642.250 2.633E+07
  1642.500 2.549E+07
  1642.750 3.058E+07
  1643.000 3.272E+07
  1643.250 2.903E+07
  1643.500 2.482E+07
  1643.750 2.679E+07
  1644.000 3.020E+07
  1644.250 3.190E+07
  1644.500 3.229E+07
  1644.750 3.032E+07
  1645.000 2.868E+07
  1645.250 3.091E+07
  1645.500 3.254E+07
  1645.750 3.222E+07
  1646.000 2.942E+07
  1646.250 2.801E+07
  1646.500 3.114E+07
  1646.750 3.293E+07
  1647.000 2.997E+07
  1647.250 2.718E+07
  1647.500 2.759E+07
  1647.750 2.987E+07
  1648.000 3.265E+07
  1648.250 3.204E+07
  1648.500 3.205E+07
  1648.750 3.417E+07
  1649.000 3.235E+07
  1649.250 2.407E+07
  1649.500 1.833E+07
  1649.750 2.250E+07
  1650.000 2.886E+07
  1650.250 2.978E+07
  1650.500 2.673E+07
  1650.750 2.600E+07
  1651.000 2.985E+07
  1651.250 3.235E+07
  1651.500 2.972E+07
  1651.750 2.803E+07
  1652.000 2.901E+07
  1652.250 2.975E+07
  1652.500 3.107E+07
  1652.750 3.175E+07
  1653.000 3.050E+07
  1653.250 2.805E+07
  1653.500 2.559E+07
  1653.750 2.445E+07
  1654.000 2.165E+07
  1654.250 1.926E+07
  1654.500 2.065E+07
  1654.750 2.375E+07
  1655.000 2.542E+07
  1655.250 2.635E+07
  1655.500 2.669E+07
  1655.750 2.987E+07
  1656.000 2.812E+07
  1656.250 2.091E+07
  1656.500 2.002E+07
  1656.750 1.589E+07
  1657.000 1.032E+07
  1657.250 1.205E+07
  1657.500 1.685E+07
  1657.750 1.926E+07
  1658.000 1.631E+07
  1658.250 1.968E+07
  1658.500 2.323E+07
  1658.750 2.271E+07
  1659.000 2.404E+07
  1659.250 2.436E+07
  1659.500 2.381E+07
  1659.750 2.956E+07
  1660.000 3.349E+07
  1660.250 3.270E+07
  1660.500 3.058E+07
  1660.750 2.783E+07
  1661.000 2.661E+07
  1661.250 2.545E+07
  1661.500 2.731E+07
  1661.750 3.022E+07
  1662.000 3.059E+07
  1662.250 2.736E+07
  1662.500 2.646E+07
  1662.750 2.884E+07
  1663.000 2.569E+07
  1663.250 2.196E+07
  1663.500 2.344E+07
  1663.750 2.299E+07
  1664.000 2.532E+07
  1664.250 2.750E+07
  1664.500 2.989E+07
  1664.750 3.315E+07
  1665.000 3.333E+07
  1665.250 3.134E+07
  1665.500 2.946E+07
  1665.750 2.922E+07
  1666.000 2.930E+07
  1666.250 2.990E+07
  1666.500 2.801E+07
  1666.750 2.702E+07
  1667.000 3.061E+07
  1667.250 3.183E+07
  1667.500 2.949E+07
  1667.750 2.689E+07
  1668.000 2.744E+07
  1668.250 3.010E+07
  1668.500 3.004E+07
  1668.750 2.949E+07
  1669.000 2.878E+07
  1669.250 2.927E+07
  1669.500 2.670E+07
  1669.750 2.365E+07
  1670.000 2.243E+07
  1670.250 1.788E+07
  1670.500 9.776E+06
  1670.750 3.579E+06
  1671.000 4.077E+06
  1671.250 1.057E+07
  1671.500 1.824E+07
  1671.750 2.437E+07
  1672.000 2.771E+07
  1672.250 2.687E+07
  1672.500 2.490E+07
  1672.750 2.777E+07
  1673.000 3.107E+07
  1673.250 2.852E+07
  1673.500 2.529E+07
  1673.750 2.570E+07
  1674.000 2.248E+07
  1674.250 1.915E+07
  1674.500 1.888E+07
  1674.750 2.175E+07
  1675.000 2.663E+07
  1675.250 2.812E+07
  1675.500 2.948E+07
  1675.750 2.794E+07
  1676.000 2.628E+07
  1676.250 2.550E+07
  1676.500 2.539E+07
  1676.750 2.514E+07
  1677.000 2.817E+07
  1677.250 3.204E+07
  1677.500 3.182E+07
  1677.750 2.879E+07
  1678.000 2.833E+07
  1678.250 2.749E+07
  1678.500 2.639E+07
  1678.750 2.919E+07
  1679.000 2.987E+07
  1679.250 2.328E+07
  1679.500 1.912E+07
  1679.750 2.451E+07
  1680.000 2.906E+07
  1680.250 2.992E+07
  1680.500 3.109E+07
  1680.750 3.188E+07
  1681.000 2.888E+07
  1681.250 2.839E+07
  1681.500 3.158E+07
  1681.750 3.289E+07
  1682.000 3.239E+07
  1682.250 3.190E+07
  1682.500 3.165E+07
  1682.750 3.127E+07
  1683.000 2.947E+07
  1683.250 2.731E+07
  1683.500 2.752E+07
  1683.750 2.798E+07
  1684.000 2.769E+07
  1684.250 2.861E+07
  1684.500 2.989E+07
  1684.750 3.157E+07
  1685.000 3.261E+07
  1685.250 3.198E+07
  1685.500 3.061E+07
  1685.750 2.816E+07
  1686.000 2.603E+07
  1686.250 2.500E+07
  1686.500 2.073E+07
  1686.750 1.880E+07
  1687.000 2.446E+07
  1687.250 3.010E+07
  1687.500 3.013E+07
  1687.750 2.734E+07
  1688.000 2.568E+07
  1688.250 2.387E+07
  1688.500 2.562E+07
  1688.750 2.811E+07
  1689.000 2.870E+07
  1689.250 2.987E+07
  1689.500 2.890E+07
  1689.750 2.738E+07
  1690.000 2.810E+07
  1690.250 2.960E+07
  1690.500 2.846E+07
  1690.750 2.585E+07
  1691.000 2.505E+07
  1691.250 2.380E+07
  1691.500 2.462E+07
  1691.750 2.898E+07
  1692.000 3.059E+07
  1692.250 2.743E+07
  1692.500 2.513E+07
  1692.750 2.873E+07
  1693.000 3.063E+07
  1693.250 2.682E+07
  1693.500 2.325E+07
  1693.750 2.338E+07
  1694.000 2.493E+07
  1694.250 2.607E+07
  1694.500 2.390E+07
  1694.750 2.428E+07
  1695.000 2.701E+07
  1695.250 2.952E+07
  1695.500 2.960E+07
  1695.750 3.006E+07
  1696.000 2.800E+07
  1696.250 2.386E+07
  1696.500 2.164E+07
  1696.750 1.957E+07
  1697.000 2.081E+07
  1697.250 2.564E+07
  1697.500 2.930E+07
  1697.750 2.785E+07
  1698.000 2.310E+07
  1698.250 2.300E+07
  1698.500 2.710E+07
  1698.750 2.985E+07
  1699.000 2.737E+07
  1699.250 2.695E+07
  1699.500 3.062E+07
  1699.750 3.105E+07
  1700.000 2.934E+07
  1700.250 2.560E+07
  1700.500 2.364E+07
  1700.750 2.634E+07
  1701.000 2.813E+07
  1701.250 2.817E+07
  1701.500 2.570E+07
  1701.750 1.946E+07
  1702.000 1.635E+07
  1702.250 2.370E+07
  1702.500 2.897E+07
  1702.750 2.663E+07
  1703.000 2.647E+07
  1703.250 2.617E+07
  1703.500 2.498E+07
  1703.750 2.697E+07
  1704.000 3.045E+07
  1704.250 2.998E+07
  1704.500 2.567E+07
  1704.750 2.648E+07
  1705.000 3.111E+07
  1705.250 3.296E+07
  1705.500 3.258E+07
  1705.750 2.994E+07
  1706.000 2.492E+07
  1706.250 2.421E+07
  1706.500 2.714E+07
  1706.750 2.761E+07
  1707.000 2.776E+07
  1707.250 2.288E+07
  1707.500 1.805E+07
  1707.750 2.183E+07
  1708.000 2.583E+07
  1708.250 2.498E+07
  1708.500 2.331E+07
  1708.750 2.542E+07
  1709.000 3.066E+07
  1709.250 2.892E+07
  1709.500 1.983E+07
  1709.750 1.864E+07
  1710.000 2.618E+07
  1710.250 3.007E+07
  1710.500 3.102E+07
  1710.750 3.099E+07
  1711.000 2.976E+07
  1711.250 2.863E+07
  1711.500 2.450E+07
  1711.750 2.314E+07
  1712.000 2.866E+07
  1712.250 3.125E+07
  1712.500 2.964E+07
  1712.750 2.604E+07
  1713.000 2.126E+07
  1713.250 2.240E+07
  1713.500 2.750E+07
  1713.750 3.049E+07
  1714.000 3.094E+07
  1714.250 2.860E+07
  1714.500 2.499E+07
  1714.750 2.323E+07
  1715.000 2.398E+07
  1715.250 2.419E+07
  1715.500 2.406E+07
  1715.750 2.671E+07
  1716.000 2.824E+07
  1716.250 2.576E+07
  1716.500 2.397E+07
  1716.750 2.497E+07
  1717.000 2.643E+07
  1717.250 2.716E+07
  1717.500 2.406E+07
  1717.750 2.151E+07
  1718.000 2.320E+07
  1718.250 2.443E+07
  1718.500 2.685E+07
  1718.750 2.765E+07
  1719.000 2.575E+07
  1719.250 2.371E+07
  1719.500 2.262E+07
  1719.750 2.492E+07
  1720.000 2.249E+07
  1720.250 1.952E+07
  1720.500 1.775E+07
  1720.750 1.982E+07
  1721.000 2.234E+07
  1721.250 2.035E+07
  1721.500 2.311E+07
  1721.750 2.705E+07
  1722.000 2.726E+07
  1722.250 2.506E+07
  1722.500 2.388E+07
  1722.750 2.412E+07
  1723.000 2.556E+07
  1723.250 2.877E+07
  1723.500 2.924E+07
  1723.750 2.875E+07
  1724.000 2.898E+07
  1724.250 2.767E+07
  1724.500 2.335E+07
  1724.750 1.708E+07
  1725.000 1.284E+07
  1725.250 2.010E+07
  1725.500 2.733E+07
  1725.750 2.680E+07
  1726.000 2.155E+07
  1726.250 1.678E+07
  1726.500 1.662E+07
  1726.750 2.116E+07
  1727.000 2.554E+07
  1727.250 2.705E+07
  1727.500 2.845E+07
  1727.750 3.083E+07
  1728.000 3.083E+07
  1728.250 2.981E+07
  1728.500 2.977E+07
  1728.750 2.833E+07
  1729.000 2.798E+07
  1729.250 2.802E+07
  1729.500 2.915E+07
  1729.750 3.093E+07
  1730.000 2.903E+07
  1730.250 2.514E+07
  1730.500 2.409E+07
  1730.750 2.268E+07
  1731.000 1.886E+07
  1731.250 1.955E+07
  1731.500 2.343E+07
  1731.750 2.421E+07
  1732.000 2.393E+07
  1732.250 2.762E+07
  1732.500 2.849E+07
  1732.750 2.736E+07
  1733.000 2.637E+07
  1733.250 2.532E+07
  1733.500 2.476E+07
  1733.750 2.651E+07
  1734.000 2.694E+07
  1734.250 2.495E+07
  1734.500 2.338E+07
  1734.750 2.253E+07
  1735.000 2.307E+07
  1735.250 2.581E+07
  1735.500 2.478E+07
  1735.750 2.394E+07
  1736.000 2.494E+07
  1736.250 2.680E+07
  1736.500 2.889E+07
  1736.750 2.996E+07
  1737.000 2.830E+07
  1737.250 2.486E+07
  1737.500 2.187E+07
  1737.750 2.143E+07
  1738.000 2.193E+07
  1738.250 2.205E+07
  1738.500 2.367E+07
  1738.750 2.681E+07
  1739.000 2.976E+07
  1739.250 3.096E+07
  1739.500 3.142E+07
  1739.750 3.068E+07
  1740.000 2.710E+07
  1740.250 2.423E+07
  1740.500 2.614E+07
  1740.750 2.893E+07
  1741.000 2.978E+07
  1741.250 2.670E+07
  1741.500 2.007E+07
  1741.750 1.965E+07
  1742.000 2.185E+07
  1742.250 2.514E+07
  1742.500 2.542E+07
  1742.750 2.228E+07
  1743.000 2.304E+07
  1743.250 2.278E+07
  1743.500 2.650E+07
  1743.750 2.976E+07
  1744.000 2.867E+07
  1744.250 2.638E+07
  1744.500 2.575E+07
  1744.750 2.703E+07
  1745.000 2.686E+07
  1745.250 2.450E+07
  1745.500 2.562E+07
  1745.750 2.817E+07
  1746.000 3.073E+07
  1746.250 3.075E+07
  1746.500 2.809E+07
  1746.750 2.148E+07
  1747.000 2.000E+07
  1747.250 2.442E+07
  1747.500 2.693E+07
  1747.750 2.738E+07
  1748.000 2.446E+07
  1748.250 2.125E+07
  1748.500 2.544E+07
  1748.750 2.878E+07
  1749.000 2.556E+07
  1749.250 2.318E+07
  1749.500 2.270E+07
  1749.750 2.303E+07
  1750.000 2.683E+07
  1750.250 2.881E+07
  1750.500 2.717E+07
  1750.750 2.689E+07
  1751.000 2.959E+07
  1751.250 3.065E+07
  1751.500 2.821E+07
  1751.750 2.126E+07
  1752.000 2.139E+07
  1752.250 2.616E+07
  1752.500 2.654E+07
  1752.750 2.719E+07
  1753.000 2.758E+07
  1753.250 2.657E+07
  1753.500 2.552E+07
  1753.750 2.900E+07
  1754.000 3.044E+07
  1754.250 2.991E+07
  1754.500 2.935E+07
  1754.750 2.670E+07
  1755.000 2.773E+07
  1755.250 3.013E+07
  1755.500 3.055E+07
  1755.750 2.950E+07
  1756.000 2.950E+07
  1756.250 3.097E+07
  1756.500 3.156E+07
  1756.750 3.103E+07
  1757.000 3.066E+07
  1757.250 3.046E+07
  1757.500 2.800E+07
  1757.750 2.512E+07
  1758.000 2.407E+07
  1758.250 2.322E+07
  1758.500 2.517E+07
  1758.750 2.739E+07
  1759.000 2.891E+07
  1759.250 2.998E+07
  1759.500 2.881E+07
  1759.750 2.528E+07
  1760.000 2.115E+07
  1760.250 1.827E+07
  1760.500 1.968E+07
  1760.750 2.383E+07
  1761.000 2.772E+07
  1761.250 2.569E+07
  1761.500 2.519E+07
  1761.750 2.565E+07
  1762.000 2.337E+07
  1762.250 2.592E+07
  1762.500 2.810E+07
  1762.750 2.675E+07
  1763.000 2.589E+07
  1763.250 2.833E+07
  1763.500 2.629E+07
  1763.750 1.792E+07
  1764.000 1.425E+07
  1764.250 2.130E+07
  1764.500 2.664E+07
  1764.750 2.729E+07
  1765.000 2.650E+07
  1765.250 2.272E+07
  1765.500 2.060E+07
  1765.750 2.051E+07
  1766.000 2.359E+07
  1766.250 2.546E+07
  1766.500 2.613E+07
  1766.750 2.888E+07
  1767.000 3.031E+07
  1767.250 2.898E+07
  1767.500 2.417E+07
  1767.750 2.128E+07
  1768.000 2.504E+07
  1768.250 2.706E+07
  1768.500 2.537E+07
  1768.750 2.661E+07
  1769.000 2.721E+07
  1769.250 2.490E+07
  1769.500 2.329E+07
  1769.750 2.277E+07
  1770.000 2.494E+07
  1770.250 2.588E+07
  1770.500 2.401E+07
  1770.750 2.351E+07
  1771.000 2.550E+07
  1771.250 2.785E+07
  1771.500 2.779E+07
  1771.750 2.563E+07
  1772.000 2.335E+07
  1772.250 2.139E+07
  1772.500 2.005E+07
  1772.750 2.299E+07
  1773.000 2.608E+07
  1773.250 2.767E+07
  1773.500 2.763E+07
  1773.750 2.442E+07
  1774.000 2.262E+07
  1774.250 2.641E+07
  1774.500 2.913E+07
  1774.750 2.804E+07
  1775.000 2.595E+07
  1775.250 2.491E+07
  1775.500 2.694E+07
  1775.750 2.653E+07
  1776.000 2.502E+07
  1776.250 2.688E+07
  1776.500 2.453E+07
  1776.750 2.015E+07
  1777.000 2.351E+07
  1777.250 2.846E+07
  1777.500 2.790E+07
  1777.750 2.321E+07
  1778.000 2.415E+07
  1778.250 2.708E+07
  1778.500 2.654E+07
  1778.750 2.709E+07
  1779.000 2.885E+07
  1779.250 2.730E+07
  1779.500 2.618E+07
  1779.750 2.759E+07
  1780.000 2.789E+07
  1780.250 2.849E+07
  1780.500 2.973E+07
  1780.750 2.960E+07
  1781.000 2.708E+07
  1781.250 2.273E+07
  1781.500 2.266E+07
  1781.750 2.602E+07
  1782.000 2.662E+07
  1782.250 2.674E+07
  1782.500 2.695E+07
  1782.750 2.562E+07
  1783.000 2.493E+07
  1783.250 2.476E+07
  1783.500 2.643E+07
  1783.750 2.896E+07
  1784.000 2.988E+07
  1784.250 2.933E+07
  1784.500 2.673E+07
  1784.750 2.561E+07
  1785.000 2.345E+07
  1785.250 1.990E+07
  1785.500 2.346E+07
  1785.750 2.636E+07
  1786.000 2.529E+07
  1786.250 2.376E+07
  1786.500 2.132E+07
  1786.750 1.873E+07
  1787.000 2.292E+07
  1787.250 2.798E+07
  1787.500 2.855E+07
  1787.750 2.500E+07
  1788.000 2.006E+07
  1788.250 1.980E+07
  1788.500 2.094E+07
  1788.750 2.435E+07
  1789.000 2.738E+07
  1789.250 2.915E+07
  1789.500 2.886E+07
  1789.750 2.687E+07
  1790.000 2.701E+07
  1790.250 2.824E+07
  1790.500 2.788E+07
  1790.750 2.786E+07
  1791.000 2.742E+07
  1791.250 2.719E+07
  1791.500 2.707E+07
  1791.750 2.786E+07
  1792.000 2.831E+07
  1792.250 2.853E+07
  1792.500 2.895E+07
  1792.750 2.905E+07
  1793.000 2.838E+07
  1793.250 2.574E+07
  1793.500 2.491E+07
  1793.750 2.569E+07
  1794.000 2.702E+07
  1794.250 2.861E+07
  1794.500 2.902E+07
  1794.750 2.747E+07
  1795.000 2.489E+07
  1795.250 2.529E+07
  1795.500 2.624E+07
  1795.750 2.773E+07
  1796.000 2.961E+07
  1796.250 3.041E+07
  1796.500 2.967E+07
  1796.750 2.713E+07
  1797.000 2.581E+07
  1797.250 2.597E+07
  1797.500 2.603E+07
  1797.750 2.670E+07
  1798.000 2.446E+07
  1798.250 2.332E+07
  1798.500 2.779E+07
  1798.750 3.014E+07
  1799.000 2.958E+07
  1799.250 2.800E+07
  1799.500 2.719E+07
  1799.750 2.655E+07
  1800.000 2.774E+07
  1800.250 2.915E+07
  1800.500 2.884E+07
  1800.750 2.859E+07
  1801.000 2.855E+07
  1801.250 2.833E+07
  1801.500 2.851E+07
  1801.750 2.847E+07
  1802.000 2.778E+07
  1802.250 2.762E+07
  1802.500 2.829E+07
  1802.750 2.815E+07
  1803.000 2.885E+07
  1803.250 2.723E+07
  1803.500 2.364E+07
  1803.750 2.499E+07
  1804.000 2.740E+07
  1804.250 2.560E+07
  1804.500 2.352E+07
  1804.750 2.378E+07
  1805.000 2.327E+07
  1805.250 2.290E+07
  1805.500 2.418E+07
  1805.750 2.581E+07
  1806.000 2.822E+07
  1806.250 2.955E+07
  1806.500 2.969E+07
  1806.750 2.934E+07
  1807.000 2.737E+07
  1807.250 2.412E+07
  1807.500 2.385E+07
  1807.750 2.284E+07
  1808.000 2.138E+07
  1808.250 2.412E+07
  1808.500 2.644E+07
  1808.750 2.533E+07
  1809.000 2.224E+07
  1809.250 2.091E+07
  1809.500 2.491E+07
  1809.750 2.841E+07
  1810.000 2.895E+07
  1810.250 2.910E+07
  1810.500 2.874E+07
  1810.750 2.769E+07
  1811.000 2.587E+07
  1811.250 2.661E+07
  1811.500 2.741E+07
  1811.750 2.441E+07
  1812.000 2.080E+07
  1812.250 2.294E+07
  1812.500 2.686E+07
  1812.750 2.689E+07
  1813.000 2.573E+07
  1813.250 2.743E+07
  1813.500 2.870E+07
  1813.750 2.774E+07
  1814.000 2.609E+07
  1814.250 2.667E+07
  1814.500 2.818E+07
  1814.750 2.901E+07
  1815.000 2.737E+07
  1815.250 2.290E+07
  1815.500 2.044E+07
  1815.750 2.097E+07
  1816.000 2.347E+07
  1816.250 2.654E+07
  1816.500 2.665E+07
  1816.750 2.271E+07
  1817.000 2.065E+07
  1817.250 2.069E+07
  1817.500 1.857E+07
  1817.750 2.385E+07
  1818.000 2.750E+07
  1818.250 2.478E+07
  1818.500 2.303E+07
  1818.750 2.654E+07
  1819.000 2.825E+07
  1819.250 2.650E+07
  1819.500 2.467E+07
  1819.750 2.504E+07
  1820.000 2.529E+07
  1820.250 2.151E+07
  1820.500 2.100E+07
  1820.750 2.316E+07
  1821.000 2.371E+07
  1821.250 2.681E+07
  1821.500 2.829E+07
  1821.750 2.614E+07
  1822.000 2.157E+07
  1822.250 2.171E+07
  1822.500 2.655E+07
  1822.750 2.682E+07
  1823.000 2.616E+07
  1823.250 2.760E+07
  1823.500 2.729E+07
  1823.750 2.220E+07
  1824.000 1.902E+07
  1824.250 2.446E+07
  1824.500 2.841E+07
  1824.750 2.690E+07
  1825.000 2.408E+07
  1825.250 2.363E+07
  1825.500 2.564E+07
  1825.750 2.651E+07
  1826.000 2.493E+07
  1826.250 2.360E+07
  1826.500 2.528E+07
  1826.750 2.480E+07
  1827.000 2.248E+07
  1827.250 2.507E+07
  1827.500 2.628E+07
  1827.750 2.486E+07
  1828.000 2.539E+07
  1828.250 2.504E+07
  1828.500 2.509E+07
  1828.750 2.465E+07
  1829.000 2.410E+07
  1829.250 2.553E+07
  1829.500 2.719E+07
  1829.750 2.650E+07
  1830.000 2.351E+07
  1830.250 2.118E+07
  1830.500 2.102E+07
  1830.750 2.142E+07
  1831.000 2.173E+07
  1831.250 2.097E+07
  1831.500 2.068E+07
  1831.750 1.971E+07
  1832.000 1.954E+07
  1832.250 1.994E+07
  1832.500 2.043E+07
  1832.750 2.270E+07
  1833.000 2.253E+07
  1833.250 2.255E+07
  1833.500 2.337E+07
  1833.750 2.377E+07
  1834.000 2.628E+07
  1834.250 2.796E+07
  1834.500 2.818E+07
  1834.750 2.613E+07
  1835.000 2.456E+07
  1835.250 2.466E+07
  1835.500 2.427E+07
  1835.750 2.369E+07
  1836.000 2.410E+07
  1836.250 2.597E+07
  1836.500 2.615E+07
  1836.750 2.688E+07
  1837.000 2.631E+07
  1837.250 2.571E+07
  1837.500 2.581E+07
  1837.750 2.468E+07
  1838.000 2.271E+07
  1838.250 2.393E+07
  1838.500 2.634E+07
  1838.750 2.680E+07
  1839.000 2.623E+07
  1839.250 2.273E+07
  1839.500 1.749E+07
  1839.750 1.619E+07
  1840.000 1.772E+07
  1840.250 2.227E+07
  1840.500 2.660E+07
  1840.750 2.763E+07
  1841.000 2.563E+07
  1841.250 2.172E+07
  1841.500 1.514E+07
  1841.750 1.283E+07
  1842.000 1.605E+07
  1842.250 2.115E+07
  1842.500 2.492E+07
  1842.750 2.271E+07
  1843.000 1.799E+07
  1843.250 1.688E+07
  1843.500 2.008E+07
  1843.750 2.262E+07
  1844.000 2.251E+07
  1844.250 2.281E+07
  1844.500 2.329E+07
  1844.750 2.283E+07
  1845.000 2.223E+07
  1845.250 2.182E+07
  1845.500 2.239E+07
  1845.750 2.478E+07
  1846.000 2.319E+07
  1846.250 2.067E+07
  1846.500 1.953E+07
  1846.750 1.967E+07
  1847.000 2.283E+07
  1847.250 2.381E+07
  1847.500 2.200E+07
  1847.750 2.063E+07
  1848.000 1.972E+07
  1848.250 2.033E+07
  1848.500 2.112E+07
  1848.750 2.083E+07
  1849.000 2.357E+07
  1849.250 2.318E+07
  1849.500 2.275E+07
  1849.750 2.307E+07
  1850.000 1.779E+07
