   850.000 5.479E-18
   850.250 5.552E-18
   850.500 5.650E-18
   850.750 5.753E-18
   851.000 5.857E-18
   851.250 5.965E-18
   851.500 6.076E-18
   851.750 6.187E-18
   852.000 6.299E-18
   852.250 6.414E-18
   852.500 6.533E-18
   852.750 6.652E-18
   853.000 6.772E-18
   853.250 6.896E-18
   853.500 7.023E-18
   853.750 7.151E-18
   854.000 7.281E-18
   854.250 7.412E-18
   854.500 7.548E-18
   854.750 7.687E-18
   855.000 7.826E-18
   855.250 7.966E-18
   855.500 8.112E-18
   855.750 8.261E-18
   856.000 8.410E-18
   856.250 8.560E-18
   856.500 8.715E-18
   856.750 8.875E-18
   857.000 9.036E-18
   857.250 9.197E-18
   857.500 9.363E-18
   857.750 9.534E-18
   858.000 9.707E-18
   858.250 9.880E-18
   858.500 1.006E-17
   858.750 1.024E-17
   859.000 1.042E-17
   859.250 1.061E-17
   859.500 1.080E-17
   859.750 1.100E-17
   860.000 1.119E-17
   860.250 1.139E-17
   860.500 1.160E-17
   860.750 1.181E-17
   861.000 1.202E-17
   861.250 1.223E-17
   861.500 1.245E-17
   861.750 1.267E-17
   862.000 1.290E-17
   862.250 1.313E-17
   862.500 1.336E-17
   862.750 1.360E-17
   863.000 1.385E-17
   863.250 1.409E-17
   863.500 1.434E-17
   863.750 1.460E-17
   864.000 1.486E-17
   864.250 1.513E-17
   864.500 1.539E-17
   864.750 1.566E-17
   865.000 1.594E-17
   865.250 1.623E-17
   865.500 1.651E-17
   865.750 1.680E-17
   866.000 1.710E-17
   866.250 1.741E-17
   866.500 1.771E-17
   866.750 1.802E-17
   867.000 1.834E-17
   867.250 1.867E-17
   867.500 1.900E-17
   867.750 1.933E-17
   868.000 1.967E-17
   868.250 2.002E-17
   868.500 2.037E-17
   868.750 2.073E-17
   869.000 2.109E-17
   869.250 2.147E-17
   869.500 2.184E-17
   869.750 2.222E-17
   870.000 2.261E-17
   870.250 2.301E-17
   870.500 2.341E-17
   870.750 2.382E-17
   871.000 2.423E-17
   871.250 2.466E-17
   871.500 2.510E-17
   871.750 2.553E-17
   872.000 2.597E-17
   872.250 2.643E-17
   872.500 2.689E-17
   872.750 2.736E-17
   873.000 2.783E-17
   873.250 2.831E-17
   873.500 2.881E-17
   873.750 2.931E-17
   874.000 2.982E-17
   874.250 3.033E-17
   874.500 3.086E-17
   874.750 3.140E-17
   875.000 3.194E-17
   875.250 3.249E-17
   875.500 3.305E-17
   875.750 3.363E-17
   876.000 3.420E-17
   876.250 3.479E-17
   876.500 3.539E-17
   876.750 3.601E-17
   877.000 3.663E-17
   877.250 3.726E-17
   877.500 3.790E-17
   877.750 3.856E-17
   878.000 3.923E-17
   878.250 3.989E-17
   878.500 4.057E-17
   878.750 4.127E-17
   879.000 4.198E-17
   879.250 4.270E-17
   879.500 4.341E-17
   879.750 4.416E-17
   880.000 4.493E-17
   880.250 4.570E-17
   880.500 4.647E-17
   880.750 4.726E-17
   881.000 4.808E-17
   881.250 4.890E-17
   881.500 4.973E-17
   881.750 5.057E-17
   882.000 5.144E-17
   882.250 5.232E-17
   882.500 5.321E-17
   882.750 5.410E-17
   883.000 5.502E-17
   883.250 5.597E-17
   883.500 5.692E-17
   883.750 5.788E-17
   884.000 5.885E-17
   884.250 5.985E-17
   884.500 6.088E-17
   884.750 6.190E-17
   885.000 6.294E-17
   885.250 6.400E-17
   885.500 6.509E-17
   885.750 6.619E-17
   886.000 6.730E-17
   886.250 6.843E-17
   886.500 6.959E-17
   886.750 7.076E-17
   887.000 7.194E-17
   887.250 7.315E-17
   887.500 7.440E-17
   887.750 7.565E-17
   888.000 7.691E-17
   888.250 7.819E-17
   888.500 7.951E-17
   888.750 8.085E-17
   889.000 8.219E-17
   889.250 8.356E-17
   889.500 8.497E-17
   889.750 8.641E-17
   890.000 8.784E-17
   890.250 8.929E-17
   890.500 9.079E-17
   890.750 9.232E-17
   891.000 9.386E-17
   891.250 9.541E-17
   891.500 9.699E-17
   891.750 9.862E-17
   892.000 1.003E-16
   892.250 1.019E-16
   892.500 1.036E-16
   892.750 1.053E-16
   893.000 1.071E-16
   893.250 1.089E-16
   893.500 1.107E-16
   893.750 1.125E-16
   894.000 1.143E-16
   894.250 1.162E-16
   894.500 1.181E-16
   894.750 1.201E-16
   895.000 1.221E-16
   895.250 1.241E-16
   895.500 1.262E-16
   895.750 1.282E-16
   896.000 1.304E-16
   896.250 1.325E-16
   896.500 1.347E-16
   896.750 1.369E-16
   897.000 1.391E-16
   897.250 1.415E-16
   897.500 1.438E-16
   897.750 1.461E-16
   898.000 1.485E-16
   898.250 1.510E-16
   898.500 1.534E-16
   898.750 1.559E-16
   899.000 1.585E-16
   899.250 1.611E-16
   899.500 1.637E-16
   899.750 1.664E-16
   900.000 1.691E-16
   900.250 1.718E-16
   900.500 1.747E-16
   900.750 1.775E-16
   901.000 1.804E-16
   901.250 1.833E-16
   901.500 1.863E-16
   901.750 1.893E-16
   902.000 1.924E-16
   902.250 1.955E-16
   902.500 1.987E-16
   902.750 2.019E-16
   903.000 2.052E-16
   903.250 2.085E-16
   903.500 2.119E-16
   903.750 2.153E-16
   904.000 2.188E-16
   904.250 2.223E-16
   904.500 2.259E-16
   904.750 2.296E-16
   905.000 2.332E-16
   905.250 2.370E-16
   905.500 2.408E-16
   905.750 2.447E-16
   906.000 2.486E-16
   906.250 2.526E-16
   906.500 2.567E-16
   906.750 2.609E-16
   907.000 2.650E-16
   907.250 2.693E-16
   907.500 2.736E-16
   907.750 2.781E-16
   908.000 2.837E-16
   908.250 2.926E-16
   908.500 3.048E-16
   908.750 3.179E-16
   909.000 3.304E-16
   909.250 3.402E-16
   909.500 3.467E-16
   909.750 3.519E-16
   910.000 3.569E-16
   910.250 3.620E-16
   910.500 3.673E-16
   910.750 3.726E-16
   911.000 3.782E-16
   911.250 3.855E-16
   911.500 3.994E-16
   911.750 4.368E-16
   912.000 5.348E-16
   912.250 5.995E-16
   912.500 5.126E-16
   912.750 8.166E-16
   913.000 1.339E-14
   913.250 1.936E-13
   913.500 1.060E-12
   913.750 2.666E-12
   914.000 4.906E-12
   914.250 8.580E-12
   914.500 1.298E-11
   914.750 1.794E-11
   915.000 2.589E-11
   915.250 3.911E-11
   915.500 5.593E-11
   915.750 7.473E-11
   916.000 1.023E-10
   916.250 1.447E-10
   916.500 1.957E-10
   916.750 2.514E-10
   917.000 3.248E-10
   917.250 4.335E-10
   917.500 5.732E-10
   917.750 7.179E-10
   918.000 8.650E-10
   918.250 1.078E-09
   918.500 1.420E-09
   918.750 1.761E-09
   919.000 1.988E-09
   919.250 1.945E-09
   919.500 1.462E-09
   919.750 1.697E-09
   920.000 3.352E-09
   920.250 4.806E-09
   920.500 5.304E-09
   920.750 4.450E-09
   921.000 3.458E-09
   921.250 4.410E-09
   921.500 3.521E-09
   921.750 1.873E-09
   922.000 4.553E-09
   922.250 1.142E-08
   922.500 1.618E-08
   922.750 1.482E-08
   923.000 9.355E-09
   923.250 9.325E-09
   923.500 1.485E-08
   923.750 1.707E-08
   924.000 2.687E-08
   924.250 3.576E-08
   924.500 2.887E-08
   924.750 1.311E-08
   925.000 1.161E-08
   925.250 3.202E-08
   925.500 5.416E-08
   925.750 6.053E-08
   926.000 4.346E-08
   926.250 1.981E-08
   926.500 2.066E-08
   926.750 2.840E-08
   927.000 5.127E-08
   927.250 1.036E-07
   927.500 1.509E-07
   927.750 1.783E-07
   928.000 1.749E-07
   928.250 1.631E-07
   928.500 1.616E-07
   928.750 1.529E-07
   929.000 1.123E-07
   929.250 4.886E-08
   929.500 1.597E-08
   929.750 3.296E-08
   930.000 7.529E-08
   930.250 1.050E-07
   930.500 8.682E-08
   930.750 3.613E-08
   931.000 2.501E-08
   931.250 4.324E-08
   931.500 8.945E-08
   931.750 2.478E-07
   932.000 4.003E-07
   932.250 5.000E-07
   932.500 5.559E-07
   932.750 5.512E-07
   933.000 5.833E-07
   933.250 6.207E-07
   933.500 6.967E-07
   933.750 7.158E-07
   934.000 7.778E-07
   934.250 9.384E-07
   934.500 9.073E-07
   934.750 7.207E-07
   935.000 6.148E-07
   935.250 4.917E-07
   935.500 3.666E-07
   935.750 2.881E-07
   936.000 2.116E-07
   936.250 1.048E-07
   936.500 2.578E-08
   936.750 8.624E-09
   937.000 3.605E-08
   937.250 9.931E-08
   937.500 1.118E-07
   937.750 4.740E-08
   938.000 1.025E-08
   938.250 1.064E-08
   938.500 1.951E-08
   938.750 7.109E-08
   939.000 2.204E-07
   939.250 3.793E-07
   939.500 4.461E-07
   939.750 4.885E-07
   940.000 4.438E-07
   940.250 4.111E-07
   940.500 4.406E-07
   940.750 4.160E-07
   941.000 3.893E-07
   941.250 2.903E-07
   941.500 2.088E-07
   941.750 1.852E-07
   942.000 1.566E-07
   942.250 1.257E-07
   942.500 9.130E-08
   942.750 6.058E-08
   943.000 4.178E-08
   943.250 2.464E-08
   943.500 1.165E-08
   943.750 4.751E-09
   944.000 1.819E-09
   944.250 6.465E-10
   944.500 2.024E-10
   944.750 5.260E-11
   945.000 1.085E-11
   945.250 1.644E-12
   945.500 7.364E-13
   945.750 4.060E-12
   946.000 1.922E-11
   946.250 6.850E-11
   946.500 1.764E-10
   946.750 4.186E-10
   947.000 9.825E-10
   947.250 1.712E-09
   947.500 1.896E-09
   947.750 1.526E-09
   948.000 1.188E-09
   948.250 7.176E-10
   948.500 2.215E-10
   948.750 3.403E-11
   949.000 1.113E-11
   949.250 1.010E-11
   949.500 9.849E-12
   949.750 9.921E-12
   950.000 1.051E-11
   950.250 1.790E-11
   950.500 2.962E-11
   950.750 8.273E-11
   951.000 4.789E-10
   951.250 2.422E-09
   951.500 6.725E-09
   951.750 1.053E-08
   952.000 1.030E-08
   952.250 6.294E-09
   952.500 9.948E-09
   952.750 2.061E-08
   953.000 1.764E-08
   953.250 6.301E-09
   953.500 9.605E-10
   953.750 1.636E-10
   954.000 1.848E-09
   954.250 1.471E-08
   954.500 5.606E-08
   954.750 1.252E-07
   955.000 1.821E-07
   955.250 1.601E-07
   955.500 1.839E-07
   955.750 3.469E-07
   956.000 7.540E-07
   956.250 1.305E-06
   956.500 1.563E-06
   956.750 1.643E-06
   957.000 1.715E-06
   957.250 1.753E-06
   957.500 1.839E-06
   957.750 2.063E-06
   958.000 2.112E-06
   958.250 1.860E-06
   958.500 1.768E-06
   958.750 2.009E-06
   959.000 2.076E-06
   959.250 1.764E-06
   959.500 1.344E-06
   959.750 1.370E-06
   960.000 1.108E-06
   960.250 8.402E-07
   960.500 1.244E-06
   960.750 1.680E-06
   961.000 1.743E-06
   961.250 1.570E-06
   961.500 1.418E-06
   961.750 1.305E-06
   962.000 1.209E-06
   962.250 1.105E-06
   962.500 9.913E-07
   962.750 8.208E-07
   963.000 6.412E-07
   963.250 4.164E-07
   963.500 1.926E-07
   963.750 5.251E-08
   964.000 7.812E-09
   964.250 2.884E-09
   964.500 2.144E-09
   964.750 1.711E-09
   965.000 9.510E-09
   965.250 4.602E-08
   965.500 1.110E-07
   965.750 1.608E-07
   966.000 1.722E-07
   966.250 1.567E-07
   966.500 1.386E-07
   966.750 1.192E-07
   967.000 9.348E-08
   967.250 6.921E-08
   967.500 5.156E-08
   967.750 3.683E-08
   968.000 2.557E-08
   968.250 1.867E-08
   968.500 1.406E-08
   968.750 9.406E-09
   969.000 5.491E-09
   969.250 3.263E-09
   969.500 2.059E-09
   969.750 1.165E-09
   970.000 5.486E-10
   970.250 2.825E-10
   970.500 1.635E-10
   970.750 1.139E-10
   971.000 2.061E-09
   971.250 4.561E-08
   971.500 3.926E-07
   971.750 1.537E-06
   972.000 2.965E-06
   972.250 3.379E-06
   972.500 3.229E-06
   972.750 4.533E-06
   973.000 6.342E-06
   973.250 1.001E-05
   973.500 2.038E-05
   973.750 3.553E-05
   974.000 5.899E-05
   974.250 9.571E-05
   974.500 1.525E-04
   974.750 2.298E-04
   975.000 3.022E-04
   975.250 3.659E-04
   975.500 4.443E-04
   975.750 5.520E-04
   976.000 6.630E-04
   976.250 7.572E-04
   976.500 8.744E-04
   976.750 1.043E-03
   977.000 1.215E-03
   977.250 1.372E-03
   977.500 1.486E-03
   977.750 1.596E-03
   978.000 1.713E-03
   978.250 1.626E-03
   978.500 1.424E-03
   978.750 1.644E-03
   979.000 2.137E-03
   979.250 2.449E-03
   979.500 2.653E-03
   979.750 2.918E-03
   980.000 3.129E-03
   980.250 2.952E-03
   980.500 2.742E-03
   980.750 2.471E-03
   981.000 2.559E-03
   981.250 3.387E-03
   981.500 3.650E-03
   981.750 3.289E-03
   982.000 3.025E-03
   982.250 3.571E-03
   982.500 4.517E-03
   982.750 4.730E-03
   983.000 4.675E-03
   983.250 5.064E-03
   983.500 5.354E-03
   983.750 5.352E-03
   984.000 4.824E-03
   984.250 4.034E-03
   984.500 3.963E-03
   984.750 4.016E-03
   985.000 4.572E-03
   985.250 4.875E-03
   985.500 4.073E-03
   985.750 4.148E-03
   986.000 5.424E-03
   986.250 6.048E-03
   986.500 6.058E-03
   986.750 5.753E-03
   987.000 5.187E-03
   987.250 4.233E-03
   987.500 2.990E-03
   987.750 2.241E-03
   988.000 1.901E-03
   988.250 1.414E-03
   988.500 6.076E-04
   988.750 2.734E-04
   989.000 6.498E-04
   989.250 1.112E-03
   989.500 9.934E-04
   989.750 6.958E-04
   990.000 3.548E-04
   990.250 2.520E-04
   990.500 4.055E-04
   990.750 6.511E-04
   991.000 1.573E-03
   991.250 2.657E-03
   991.500 3.065E-03
   991.750 3.567E-03
   992.000 4.643E-03
   992.250 5.003E-03
   992.500 3.792E-03
   992.750 2.956E-03
   993.000 3.903E-03
   993.250 5.427E-03
   993.500 6.097E-03
   993.750 5.727E-03
   994.000 4.429E-03
   994.250 3.093E-03
   994.500 2.544E-03
   994.750 2.735E-03
   995.000 3.686E-03
   995.250 4.656E-03
   995.500 4.549E-03
   995.750 4.754E-03
   996.000 5.413E-03
   996.250 5.498E-03
   996.500 4.790E-03
   996.750 4.489E-03
   997.000 4.029E-03
   997.250 3.731E-03
   997.500 4.046E-03
   997.750 4.600E-03
   998.000 4.335E-03
   998.250 3.610E-03
   998.500 3.855E-03
   998.750 4.246E-03
   999.000 4.328E-03
   999.250 4.356E-03
   999.500 4.205E-03
   999.750 4.488E-03
  1000.000 4.406E-03
  1000.250 4.368E-03
  1000.500 4.502E-03
  1000.750 4.331E-03
  1001.000 4.330E-03
  1001.250 4.371E-03
  1001.500 4.040E-03
  1001.750 3.942E-03
  1002.000 3.922E-03
  1002.250 3.407E-03
  1002.500 3.389E-03
  1002.750 3.578E-03
  1003.000 3.304E-03
  1003.250 3.197E-03
  1003.500 3.384E-03
  1003.750 3.502E-03
  1004.000 3.607E-03
  1004.250 3.470E-03
  1004.500 2.769E-03
  1004.750 2.452E-03
  1005.000 2.958E-03
  1005.250 3.332E-03
  1005.500 3.313E-03
  1005.750 3.039E-03
  1006.000 2.820E-03
  1006.250 2.575E-03
  1006.500 2.308E-03
  1006.750 2.577E-03
  1007.000 2.565E-03
  1007.250 2.158E-03
  1007.500 2.100E-03
  1007.750 2.326E-03
  1008.000 2.379E-03
  1008.250 2.301E-03
  1008.500 2.236E-03
  1008.750 2.166E-03
  1009.000 1.988E-03
  1009.250 1.871E-03
  1009.500 1.960E-03
  1009.750 2.064E-03
  1010.000 2.036E-03
  1010.250 1.899E-03
  1010.500 1.853E-03
  1010.750 1.818E-03
  1011.000 1.701E-03
  1011.250 1.660E-03
  1011.500 1.597E-03
  1011.750 1.426E-03
  1012.000 1.296E-03
  1012.250 1.258E-03
  1012.500 1.267E-03
  1012.750 1.297E-03
  1013.000 1.293E-03
  1013.250 1.204E-03
  1013.500 1.067E-03
  1013.750 9.943E-04
  1014.000 1.017E-03
  1014.250 1.003E-03
  1014.500 9.839E-04
  1014.750 9.070E-04
  1015.000 8.287E-04
  1015.250 8.043E-04
  1015.500 7.566E-04
  1015.750 7.492E-04
  1016.000 7.285E-04
  1016.250 6.699E-04
  1016.500 6.359E-04
  1016.750 6.215E-04
  1017.000 5.910E-04
  1017.250 5.534E-04
  1017.500 5.175E-04
  1017.750 4.849E-04
  1018.000 4.506E-04
  1018.250 4.156E-04
  1018.500 3.876E-04
  1018.750 3.597E-04
  1019.000 3.315E-04
  1019.250 2.988E-04
  1019.500 2.723E-04
  1019.750 2.501E-04
  1020.000 2.273E-04
  1020.250 2.128E-04
  1020.500 1.913E-04
  1020.750 1.688E-04
  1021.000 1.559E-04
  1021.250 1.430E-04
  1021.500 1.271E-04
  1021.750 1.074E-04
  1022.000 8.747E-05
  1022.250 7.711E-05
  1022.500 7.038E-05
  1022.750 5.947E-05
  1023.000 4.806E-05
  1023.250 3.932E-05
  1023.500 3.193E-05
  1023.750 2.366E-05
  1024.000 1.599E-05
  1024.250 1.098E-05
  1024.500 8.016E-06
  1024.750 5.258E-06
  1025.000 2.412E-06
  1025.250 9.005E-07
  1025.500 4.180E-07
  1025.750 2.482E-07
  1026.000 2.826E-07
  1026.250 3.833E-07
  1026.500 6.149E-07
  1026.750 1.740E-06
  1027.000 5.636E-06
  1027.250 1.125E-05
  1027.500 1.667E-05
  1027.750 2.298E-05
  1028.000 2.847E-05
  1028.250 3.755E-05
  1028.500 4.834E-05
  1028.750 5.542E-05
  1029.000 6.748E-05
  1029.250 8.482E-05
  1029.500 1.031E-04
  1029.750 1.197E-04
  1030.000 1.357E-04
  1030.250 1.547E-04
  1030.500 1.732E-04
  1030.750 1.836E-04
  1031.000 1.984E-04
  1031.250 2.089E-04
  1031.500 2.133E-04
  1031.750 2.573E-04
  1032.000 3.104E-04
  1032.250 3.457E-04
  1032.500 3.781E-04
  1032.750 4.119E-04
  1033.000 4.444E-04
  1033.250 4.768E-04
  1033.500 5.116E-04
  1033.750 5.476E-04
  1034.000 5.874E-04
  1034.250 6.275E-04
  1034.500 6.669E-04
  1034.750 7.098E-04
  1035.000 7.389E-04
  1035.250 7.718E-04
  1035.500 8.415E-04
  1035.750 9.014E-04
  1036.000 9.463E-04
  1036.250 9.726E-04
  1036.500 9.709E-04
  1036.750 1.049E-03
  1037.000 1.161E-03
  1037.250 1.195E-03
  1037.500 1.158E-03
  1037.750 1.228E-03
  1038.000 1.377E-03
  1038.250 1.464E-03
  1038.500 1.494E-03
  1038.750 1.491E-03
  1039.000 1.575E-03
  1039.250 1.678E-03
  1039.500 1.790E-03
  1039.750 1.894E-03
  1040.000 1.908E-03
  1040.250 1.808E-03
  1040.500 1.881E-03
  1040.750 2.079E-03
  1041.000 2.089E-03
  1041.250 2.152E-03
  1041.500 2.274E-03
  1041.750 2.326E-03
  1042.000 2.527E-03
  1042.250 2.661E-03
  1042.500 2.566E-03
  1042.750 2.392E-03
  1043.000 2.602E-03
  1043.250 2.833E-03
  1043.500 2.872E-03
  1043.750 2.845E-03
  1044.000 2.714E-03
  1044.250 2.898E-03
  1044.500 3.193E-03
  1044.750 3.317E-03
  1045.000 3.398E-03
  1045.250 3.539E-03
  1045.500 3.675E-03
  1045.750 3.638E-03
  1046.000 3.701E-03
  1046.250 3.874E-03
  1046.500 3.835E-03
  1046.750 3.941E-03
  1047.000 4.090E-03
  1047.250 4.099E-03
  1047.500 3.871E-03
  1047.750 3.130E-03
  1048.000 1.840E-03
  1048.250 1.229E-03
  1048.500 2.201E-03
  1048.750 3.404E-03
  1049.000 3.957E-03
  1049.250 4.421E-03
  1049.500 4.708E-03
  1049.750 4.704E-03
  1050.000 4.907E-03
  1050.250 5.047E-03
  1050.500 5.012E-03
  1050.750 5.218E-03
  1051.000 5.258E-03
  1051.250 4.996E-03
  1051.500 5.131E-03
  1051.750 5.318E-03
  1052.000 5.272E-03
  1052.250 5.006E-03
  1052.500 4.804E-03
  1052.750 5.279E-03
  1053.000 5.470E-03
  1053.250 5.476E-03
  1053.500 5.578E-03
  1053.750 5.665E-03
  1054.000 5.989E-03
  1054.250 6.400E-03
  1054.500 6.584E-03
  1054.750 6.557E-03
  1055.000 6.284E-03
  1055.250 6.068E-03
  1055.500 6.526E-03
  1055.750 6.964E-03
  1056.000 7.044E-03
  1056.250 7.148E-03
  1056.500 7.260E-03
  1056.750 7.357E-03
  1057.000 7.411E-03
  1057.250 7.426E-03
  1057.500 7.459E-03
  1057.750 7.513E-03
  1058.000 7.503E-03
  1058.250 7.412E-03
  1058.500 7.294E-03
  1058.750 7.226E-03
  1059.000 7.464E-03
  1059.250 7.368E-03
  1059.500 6.635E-03
  1059.750 6.500E-03
  1060.000 7.142E-03
  1060.250 6.925E-03
  1060.500 6.774E-03
  1060.750 7.217E-03
  1061.000 7.678E-03
  1061.250 7.913E-03
  1061.500 7.837E-03
  1061.750 7.736E-03
  1062.000 7.397E-03
  1062.250 7.097E-03
  1062.500 7.098E-03
  1062.750 6.396E-03
  1063.000 5.441E-03
  1063.250 5.571E-03
  1063.500 6.472E-03
  1063.750 6.406E-03
  1064.000 6.418E-03
  1064.250 7.305E-03
  1064.500 8.217E-03
  1064.750 8.138E-03
  1065.000 7.953E-03
  1065.250 8.196E-03
  1065.500 7.669E-03
  1065.750 6.762E-03
  1066.000 6.958E-03
  1066.250 6.325E-03
  1066.500 3.942E-03
  1066.750 3.474E-03
  1067.000 5.591E-03
  1067.250 6.527E-03
  1067.500 6.160E-03
  1067.750 7.080E-03
  1068.000 7.800E-03
  1068.250 6.802E-03
  1068.500 6.285E-03
  1068.750 7.030E-03
  1069.000 7.511E-03
  1069.250 7.799E-03
  1069.500 8.067E-03
  1069.750 8.015E-03
  1070.000 7.794E-03
  1070.250 8.144E-03
  1070.500 8.785E-03
  1070.750 8.831E-03
  1071.000 8.634E-03
  1071.250 8.034E-03
  1071.500 7.350E-03
  1071.750 7.916E-03
  1072.000 8.887E-03
  1072.250 9.156E-03
  1072.500 9.149E-03
  1072.750 8.914E-03
  1073.000 7.958E-03
  1073.250 6.392E-03
  1073.500 6.860E-03
  1073.750 8.006E-03
  1074.000 8.028E-03
  1074.250 8.281E-03
  1074.500 8.391E-03
  1074.750 8.364E-03
  1075.000 8.555E-03
  1075.250 8.188E-03
  1075.500 7.253E-03
  1075.750 7.601E-03
  1076.000 8.683E-03
  1076.250 8.779E-03
  1076.500 8.426E-03
  1076.750 7.922E-03
  1077.000 8.112E-03
  1077.250 8.634E-03
  1077.500 8.886E-03
  1077.750 9.060E-03
  1078.000 8.815E-03
  1078.250 8.254E-03
  1078.500 8.264E-03
  1078.750 8.777E-03
  1079.000 8.517E-03
  1079.250 7.740E-03
  1079.500 7.949E-03
  1079.750 8.055E-03
  1080.000 8.249E-03
  1080.250 8.660E-03
  1080.500 8.614E-03
  1080.750 8.646E-03
  1081.000 8.869E-03
  1081.250 8.799E-03
  1081.500 8.347E-03
  1081.750 7.385E-03
  1082.000 6.945E-03
  1082.250 8.037E-03
  1082.500 8.684E-03
  1082.750 8.733E-03
  1083.000 8.405E-03
  1083.250 7.772E-03
  1083.500 7.816E-03
  1083.750 8.405E-03
  1084.000 8.263E-03
  1084.250 7.649E-03
  1084.500 7.091E-03
  1084.750 6.656E-03
  1085.000 6.233E-03
  1085.250 6.225E-03
  1085.500 7.059E-03
  1085.750 7.812E-03
  1086.000 8.350E-03
  1086.250 8.133E-03
  1086.500 7.605E-03
  1086.750 7.952E-03
  1087.000 8.406E-03
  1087.250 8.410E-03
  1087.500 7.778E-03
  1087.750 6.499E-03
  1088.000 5.542E-03
  1088.250 6.677E-03
  1088.500 7.951E-03
  1088.750 8.313E-03
  1089.000 8.383E-03
  1089.250 8.014E-03
  1089.500 7.293E-03
  1089.750 7.226E-03
  1090.000 7.256E-03
  1090.250 6.645E-03
  1090.500 6.219E-03
  1090.750 5.692E-03
  1091.000 5.860E-03
  1091.250 6.285E-03
  1091.500 6.216E-03
  1091.750 6.828E-03
  1092.000 6.862E-03
  1092.250 6.317E-03
  1092.500 6.688E-03
  1092.750 7.331E-03
  1093.000 7.161E-03
  1093.250 7.357E-03
  1093.500 7.725E-03
  1093.750 7.595E-03
  1094.000 7.587E-03
  1094.250 7.735E-03
  1094.500 7.335E-03
  1094.750 6.867E-03
  1095.000 6.734E-03
  1095.250 6.761E-03
  1095.500 6.681E-03
  1095.750 5.905E-03
  1096.000 6.018E-03
  1096.250 6.491E-03
  1096.500 5.480E-03
  1096.750 3.720E-03
  1097.000 3.582E-03
  1097.250 3.961E-03
  1097.500 4.886E-03
  1097.750 6.091E-03
  1098.000 5.685E-03
  1098.250 5.509E-03
  1098.500 6.376E-03
  1098.750 6.513E-03
  1099.000 5.933E-03
  1099.250 5.591E-03
  1099.500 5.858E-03
  1099.750 6.341E-03
  1100.000 6.261E-03
  1100.250 5.581E-03
  1100.500 3.920E-03
  1100.750 1.744E-03
  1101.000 3.334E-04
  1101.250 3.201E-05
  1101.500 1.140E-05
  1101.750 1.012E-05
  1102.000 1.059E-05
  1102.250 2.138E-05
  1102.500 8.954E-05
  1102.750 1.915E-04
  1103.000 1.874E-04
  1103.250 3.360E-04
  1103.500 7.848E-04
  1103.750 8.338E-04
  1104.000 4.918E-04
  1104.250 5.172E-04
  1104.500 1.244E-03
  1104.750 2.017E-03
  1105.000 1.874E-03
  1105.250 1.543E-03
  1105.500 1.642E-03
  1105.750 2.125E-03
  1106.000 1.994E-03
  1106.250 1.570E-03
  1106.500 2.151E-03
  1106.750 2.649E-03
  1107.000 1.899E-03
  1107.250 1.069E-03
  1107.500 1.061E-03
  1107.750 1.793E-03
  1108.000 2.253E-03
  1108.250 1.771E-03
  1108.500 1.903E-03
  1108.750 2.294E-03
  1109.000 2.558E-03
  1109.250 2.898E-03
  1109.500 2.610E-03
  1109.750 1.846E-03
  1110.000 1.815E-03
  1110.250 2.072E-03
  1110.500 2.610E-03
  1110.750 2.888E-03
  1111.000 2.933E-03
  1111.250 2.963E-03
  1111.500 2.033E-03
  1111.750 1.444E-03
  1112.000 1.525E-03
  1112.250 2.089E-03
  1112.500 2.691E-03
  1112.750 2.989E-03
  1113.000 3.735E-03
  1113.250 4.486E-03
  1113.500 4.267E-03
  1113.750 2.841E-03
  1114.000 1.303E-03
  1114.250 9.819E-04
  1114.500 1.405E-03
  1114.750 2.074E-03
  1115.000 2.328E-03
  1115.250 2.876E-03
  1115.500 3.928E-03
  1115.750 4.546E-03
  1116.000 5.139E-03
  1116.250 5.446E-03
  1116.500 5.267E-03
  1116.750 4.480E-03
  1117.000 2.752E-03
  1117.250 1.358E-03
  1117.500 9.084E-04
  1117.750 1.215E-03
  1118.000 2.006E-03
  1118.250 2.368E-03
  1118.500 2.702E-03
  1118.750 3.834E-03
  1119.000 4.668E-03
  1119.250 4.780E-03
  1119.500 4.890E-03
  1119.750 5.014E-03
  1120.000 4.969E-03
  1120.250 4.875E-03
  1120.500 4.641E-03
  1120.750 4.455E-03
  1121.000 4.248E-03
  1121.250 3.599E-03
  1121.500 2.134E-03
  1121.750 1.022E-03
  1122.000 4.927E-04
  1122.250 2.348E-04
  1122.500 3.046E-04
  1122.750 6.756E-04
  1123.000 1.411E-03
  1123.250 2.634E-03
  1123.500 3.713E-03
  1123.750 4.274E-03
  1124.000 4.249E-03
  1124.250 4.257E-03
  1124.500 4.389E-03
  1124.750 4.335E-03
  1125.000 4.402E-03
  1125.250 4.238E-03
  1125.500 4.090E-03
  1125.750 4.355E-03
  1126.000 4.421E-03
  1126.250 4.056E-03
  1126.500 3.537E-03
  1126.750 3.291E-03
  1127.000 3.351E-03
  1127.250 3.886E-03
  1127.500 4.098E-03
  1127.750 3.473E-03
  1128.000 2.137E-03
  1128.250 1.104E-03
  1128.500 7.522E-04
  1128.750 5.423E-04
  1129.000 5.361E-04
  1129.250 6.150E-04
  1129.500 8.096E-04
  1129.750 1.162E-03
  1130.000 1.722E-03
  1130.250 2.209E-03
  1130.500 2.529E-03
  1130.750 3.313E-03
  1131.000 3.798E-03
  1131.250 3.861E-03
  1131.500 3.698E-03
  1131.750 3.483E-03
  1132.000 3.452E-03
  1132.250 3.694E-03
  1132.500 3.803E-03
  1132.750 3.700E-03
  1133.000 3.531E-03
  1133.250 3.324E-03
  1133.500 3.003E-03
  1133.750 2.678E-03
  1134.000 2.103E-03
  1134.250 1.431E-03
  1134.500 1.539E-03
  1134.750 1.778E-03
  1135.000 1.657E-03
  1135.250 2.018E-03
  1135.500 2.342E-03
  1135.750 2.878E-03
  1136.000 3.316E-03
  1136.250 3.412E-03
  1136.500 3.324E-03
  1136.750 3.093E-03
  1137.000 2.959E-03
  1137.250 3.037E-03
  1137.500 3.162E-03
  1137.750 3.100E-03
  1138.000 2.779E-03
  1138.250 2.041E-03
  1138.500 1.095E-03
  1138.750 7.162E-04
  1139.000 5.956E-04
  1139.250 4.742E-04
  1139.500 3.125E-04
  1139.750 1.959E-04
  1140.000 2.045E-04
  1140.250 2.230E-04
  1140.500 3.811E-04
  1140.750 1.136E-03
  1141.000 1.985E-03
  1141.250 2.167E-03
  1141.500 2.179E-03
  1141.750 2.382E-03
  1142.000 2.578E-03
  1142.250 2.439E-03
  1142.500 2.511E-03
  1142.750 2.748E-03
  1143.000 2.661E-03
  1143.250 2.457E-03
  1143.500 2.606E-03
  1143.750 2.770E-03
  1144.000 2.711E-03
  1144.250 2.562E-03
  1144.500 2.571E-03
  1144.750 2.415E-03
  1145.000 2.286E-03
  1145.250 2.460E-03
  1145.500 2.527E-03
  1145.750 2.605E-03
  1146.000 2.639E-03
  1146.250 2.631E-03
  1146.500 2.552E-03
  1146.750 2.306E-03
  1147.000 2.217E-03
  1147.250 2.283E-03
  1147.500 2.313E-03
  1147.750 2.384E-03
  1148.000 2.191E-03
  1148.250 2.039E-03
  1148.500 2.193E-03
  1148.750 2.240E-03
  1149.000 2.254E-03
  1149.250 2.312E-03
  1149.500 2.235E-03
  1149.750 2.235E-03
  1150.000 2.248E-03
  1150.250 2.048E-03
  1150.500 1.906E-03
  1150.750 1.960E-03
  1151.000 2.007E-03
  1151.250 2.055E-03
  1151.500 2.189E-03
  1151.750 2.186E-03
  1152.000 2.011E-03
  1152.250 1.879E-03
  1152.500 1.937E-03
  1152.750 1.929E-03
  1153.000 1.862E-03
  1153.250 1.874E-03
  1153.500 1.963E-03
  1153.750 1.958E-03
  1154.000 1.881E-03
  1154.250 1.837E-03
  1154.500 1.805E-03
  1154.750 1.891E-03
  1155.000 1.934E-03
  1155.250 1.882E-03
  1155.500 1.651E-03
  1155.750 1.137E-03
  1156.000 7.750E-04
  1156.250 6.241E-04
  1156.500 4.628E-04
  1156.750 6.574E-04
  1157.000 9.101E-04
  1157.250 7.195E-04
  1157.500 4.935E-04
  1157.750 2.636E-04
  1158.000 1.111E-04
  1158.250 1.234E-04
  1158.500 1.621E-04
  1158.750 2.491E-04
  1159.000 5.347E-04
  1159.250 1.063E-03
  1159.500 1.405E-03
  1159.750 1.464E-03
  1160.000 1.482E-03
  1160.250 1.457E-03
  1160.500 1.347E-03
  1160.750 1.270E-03
  1161.000 1.325E-03
  1161.250 1.476E-03
  1161.500 1.516E-03
  1161.750 1.491E-03
  1162.000 1.444E-03
  1162.250 1.466E-03
  1162.500 1.479E-03
  1162.750 1.481E-03
  1163.000 1.470E-03
  1163.250 1.413E-03
  1163.500 1.399E-03
  1163.750 1.395E-03
  1164.000 1.336E-03
  1164.250 1.282E-03
  1164.500 1.329E-03
  1164.750 1.385E-03
  1165.000 1.384E-03
  1165.250 1.359E-03
  1165.500 1.336E-03
  1165.750 1.330E-03
  1166.000 1.333E-03
  1166.250 1.324E-03
  1166.500 1.306E-03
  1166.750 1.248E-03
  1167.000 1.093E-03
  1167.250 1.029E-03
  1167.500 1.138E-03
  1167.750 1.217E-03
  1168.000 1.224E-03
  1168.250 1.189E-03
  1168.500 1.141E-03
  1168.750 1.101E-03
  1169.000 9.968E-04
  1169.250 9.987E-04
  1169.500 1.105E-03
  1169.750 1.135E-03
  1170.000 1.124E-03
  1170.250 1.107E-03
  1170.500 1.097E-03
  1170.750 1.089E-03
  1171.000 1.074E-03
  1171.250 1.056E-03
  1171.500 1.049E-03
  1171.750 1.043E-03
  1172.000 1.034E-03
  1172.250 1.023E-03
  1172.500 1.011E-03
  1172.750 9.992E-04
  1173.000 9.854E-04
  1173.250 9.686E-04
  1173.500 9.562E-04
  1173.750 9.477E-04
  1174.000 9.355E-04
  1174.250 9.260E-04
  1174.500 9.179E-04
  1174.750 9.069E-04
  1175.000 8.920E-04
  1175.250 8.751E-04
  1175.500 8.437E-04
  1175.750 8.230E-04
  1176.000 8.371E-04
  1176.250 8.285E-04
  1176.500 8.055E-04
  1176.750 8.057E-04
  1177.000 8.061E-04
  1177.250 7.962E-04
  1177.500 7.795E-04
  1177.750 7.653E-04
  1178.000 7.639E-04
  1178.250 7.585E-04
  1178.500 7.485E-04
  1178.750 7.352E-04
  1179.000 6.990E-04
  1179.250 6.464E-04
  1179.500 6.623E-04
  1179.750 6.897E-04
  1180.000 6.833E-04
  1180.250 6.723E-04
  1180.500 6.657E-04
  1180.750 6.597E-04
  1181.000 6.502E-04
  1181.250 6.386E-04
  1181.500 6.271E-04
  1181.750 6.104E-04
  1182.000 6.003E-04
  1182.250 6.013E-04
  1182.500 5.963E-04
  1182.750 5.872E-04
  1183.000 5.764E-04
  1183.250 5.601E-04
  1183.500 5.438E-04
  1183.750 5.351E-04
  1184.000 5.337E-04
  1184.250 5.324E-04
  1184.500 5.256E-04
  1184.750 5.174E-04
  1185.000 5.089E-04
  1185.250 4.991E-04
  1185.500 4.827E-04
  1185.750 4.683E-04
  1186.000 4.694E-04
  1186.250 4.671E-04
  1186.500 4.598E-04
  1186.750 4.518E-04
  1187.000 4.433E-04
  1187.250 4.325E-04
  1187.500 4.223E-04
  1187.750 4.168E-04
  1188.000 4.095E-04
  1188.250 3.944E-04
  1188.500 3.400E-04
  1188.750 2.177E-04
  1189.000 1.338E-04
  1189.250 1.301E-04
  1189.500 1.434E-04
  1189.750 1.884E-04
  1190.000 2.176E-04
  1190.250 2.102E-04
  1190.500 2.185E-04
  1190.750 2.626E-04
  1191.000 3.043E-04
  1191.250 3.087E-04
  1191.500 2.975E-04
  1191.750 2.818E-04
  1192.000 2.561E-04
  1192.250 2.188E-04
  1192.500 1.825E-04
  1192.750 1.210E-04
  1193.000 4.912E-05
  1193.250 2.983E-05
  1193.500 6.206E-05
  1193.750 1.004E-04
  1194.000 9.921E-05
  1194.250 8.611E-05
  1194.500 1.002E-04
  1194.750 1.613E-04
  1195.000 2.112E-04
  1195.250 2.209E-04
  1195.500 2.184E-04
  1195.750 2.145E-04
  1196.000 2.098E-04
  1196.250 2.050E-04
  1196.500 2.003E-04
  1196.750 1.939E-04
  1197.000 1.788E-04
  1197.250 1.589E-04
  1197.500 1.599E-04
  1197.750 1.702E-04
  1198.000 1.663E-04
  1198.250 1.564E-04
  1198.500 1.554E-04
  1198.750 1.543E-04
  1199.000 1.455E-04
  1199.250 1.188E-04
  1199.500 8.875E-05
  1199.750 9.703E-05
  1200.000 1.004E-04
  1200.250 8.775E-05
  1200.500 8.943E-05
  1200.750 9.003E-05
  1201.000 9.857E-05
  1201.250 1.012E-04
  1201.500 1.039E-04
  1201.750 1.061E-04
  1202.000 1.037E-04
  1202.250 1.002E-04
  1202.500 9.672E-05
  1202.750 9.323E-05
  1203.000 8.961E-05
  1203.250 8.609E-05
  1203.500 8.279E-05
  1203.750 7.960E-05
  1204.000 7.633E-05
  1204.250 7.302E-05
  1204.500 6.989E-05
  1204.750 6.698E-05
  1205.000 6.409E-05
  1205.250 6.108E-05
  1205.500 5.813E-05
  1205.750 5.541E-05
  1206.000 5.279E-05
  1206.250 5.008E-05
  1206.500 4.739E-05
  1206.750 4.490E-05
  1207.000 4.256E-05
  1207.250 4.015E-05
  1207.500 3.769E-05
  1207.750 3.542E-05
  1208.000 3.335E-05
  1208.250 3.129E-05
  1208.500 2.912E-05
  1208.750 2.705E-05
  1209.000 2.522E-05
  1209.250 2.347E-05
  1209.500 2.160E-05
  1209.750 1.977E-05
  1210.000 1.817E-05
  1210.250 1.673E-05
  1210.500 1.522E-05
  1210.750 1.354E-05
  1211.000 1.212E-05
  1211.250 1.108E-05
  1211.500 9.893E-06
  1211.750 8.592E-06
  1212.000 7.374E-06
  1212.250 6.425E-06
  1212.500 5.470E-06
  1212.750 4.546E-06
  1213.000 3.841E-06
  1213.250 3.236E-06
  1213.500 2.552E-06
  1213.750 1.896E-06
  1214.000 1.424E-06
  1214.250 1.032E-06
  1214.500 6.385E-07
  1214.750 3.636E-07
  1215.000 2.363E-07
  1215.250 1.715E-07
  1215.500 1.212E-07
  1215.750 1.261E-07
  1216.000 2.030E-07
  1216.250 2.868E-07
  1216.500 3.813E-07
  1216.750 5.050E-07
  1217.000 7.150E-07
  1217.250 1.129E-06
  1217.500 1.736E-06
  1217.750 2.304E-06
  1218.000 2.893E-06
  1218.250 3.680E-06
  1218.500 4.558E-06
  1218.750 5.386E-06
  1219.000 6.318E-06
  1219.250 7.436E-06
  1219.500 8.574E-06
  1219.750 9.715E-06
  1220.000 1.102E-05
  1220.250 1.241E-05
  1220.500 1.377E-05
  1220.750 1.518E-05
  1221.000 1.662E-05
  1221.250 1.828E-05
  1221.500 2.020E-05
  1221.750 2.214E-05
  1222.000 2.414E-05
  1222.250 2.612E-05
  1222.500 2.814E-05
  1222.750 3.027E-05
  1223.000 3.241E-05
  1223.250 3.479E-05
  1223.500 3.732E-05
  1223.750 3.989E-05
  1224.000 4.200E-05
  1224.250 4.116E-05
  1224.500 3.893E-05
  1224.750 4.539E-05
  1225.000 5.279E-05
  1225.250 5.660E-05
  1225.500 5.982E-05
  1225.750 6.303E-05
  1226.000 6.617E-05
  1226.250 6.859E-05
  1226.500 6.716E-05
  1226.750 6.557E-05
  1227.000 7.107E-05
  1227.250 8.019E-05
  1227.500 8.689E-05
  1227.750 8.893E-05
  1228.000 9.153E-05
  1228.250 9.738E-05
  1228.500 1.023E-04
  1228.750 1.077E-04
  1229.000 1.127E-04
  1229.250 1.172E-04
  1229.500 1.213E-04
  1229.750 1.234E-04
  1230.000 1.232E-04
  1230.250 1.200E-04
  1230.500 1.198E-04
  1230.750 1.374E-04
  1231.000 1.504E-04
  1231.250 1.568E-04
  1231.500 1.623E-04
  1231.750 1.670E-04
  1232.000 1.705E-04
  1232.250 1.756E-04
  1232.500 1.819E-04
  1232.750 1.831E-04
  1233.000 1.647E-04
  1233.250 1.379E-04
  1233.500 1.582E-04
  1233.750 1.900E-04
  1234.000 2.045E-04
  1234.250 2.198E-04
  1234.500 2.286E-04
  1234.750 2.350E-04
  1235.000 2.405E-04
  1235.250 2.452E-04
  1235.500 2.473E-04
  1235.750 2.519E-04
  1236.000 2.581E-04
  1236.250 2.570E-04
  1236.500 2.693E-04
  1236.750 2.845E-04
  1237.000 2.844E-04
  1237.250 2.838E-04
  1237.500 3.009E-04
  1237.750 3.179E-04
  1238.000 3.311E-04
  1238.250 3.405E-04
  1238.500 3.506E-04
  1238.750 3.568E-04
  1239.000 3.384E-04
  1239.250 2.981E-04
  1239.500 3.115E-04
  1239.750 3.543E-04
  1240.000 3.686E-04
  1240.250 3.828E-04
  1240.500 3.939E-04
  1240.750 4.003E-04
  1241.000 4.109E-04
  1241.250 4.224E-04
  1241.500 4.219E-04
  1241.750 4.085E-04
  1242.000 3.841E-04
  1242.250 4.214E-04
  1242.500 4.720E-04
  1242.750 4.873E-04
  1243.000 4.745E-04
  1243.250 4.507E-04
  1243.500 4.810E-04
  1243.750 5.271E-04
  1244.000 5.445E-04
  1244.250 5.596E-04
  1244.500 5.685E-04
  1244.750 5.815E-04
  1245.000 5.714E-04
  1245.250 5.638E-04
  1245.500 5.950E-04
  1245.750 6.159E-04
  1246.000 6.212E-04
  1246.250 6.467E-04
  1246.500 6.654E-04
  1246.750 5.984E-04
  1247.000 4.553E-04
  1247.250 4.462E-04
  1247.500 6.075E-04
  1247.750 6.709E-04
  1248.000 6.561E-04
  1248.250 6.935E-04
  1248.500 7.361E-04
  1248.750 7.569E-04
  1249.000 7.590E-04
  1249.250 7.603E-04
  1249.500 7.867E-04
  1249.750 8.478E-04
  1250.000 8.734E-04
  1250.250 8.503E-04
  1250.500 8.399E-04
  1250.750 8.844E-04
  1251.000 8.702E-04
  1251.250 8.555E-04
  1251.500 9.283E-04
  1251.750 9.681E-04
  1252.000 9.408E-04
  1252.250 9.083E-04
  1252.500 9.606E-04
  1252.750 9.909E-04
  1253.000 9.064E-04
  1253.250 7.103E-04
  1253.500 7.188E-04
  1253.750 8.891E-04
  1254.000 9.803E-04
  1254.250 9.508E-04
  1254.500 8.273E-04
  1254.750 6.859E-04
  1255.000 4.498E-04
  1255.250 2.545E-04
  1255.500 3.522E-04
  1255.750 4.910E-04
  1256.000 3.953E-04
  1256.250 1.985E-04
  1256.500 1.258E-04
  1256.750 2.721E-04
  1257.000 5.273E-04
  1257.250 7.063E-04
  1257.500 7.431E-04
  1257.750 7.268E-04
  1258.000 6.624E-04
  1258.250 4.781E-04
  1258.500 2.415E-04
  1258.750 1.031E-04
  1259.000 1.672E-04
  1259.250 3.804E-04
  1259.500 6.372E-04
  1259.750 8.558E-04
  1260.000 9.427E-04
  1260.250 7.966E-04
  1260.500 4.519E-04
  1260.750 1.833E-04
  1261.000 9.685E-05
  1261.250 1.140E-04
  1261.500 1.714E-04
  1261.750 4.440E-04
  1262.000 8.531E-04
  1262.250 1.174E-03
  1262.500 1.419E-03
  1262.750 1.589E-03
  1263.000 1.683E-03
  1263.250 1.749E-03
  1263.500 1.793E-03
  1263.750 1.809E-03
  1264.000 1.846E-03
  1264.250 1.861E-03
  1264.500 1.668E-03
  1264.750 1.415E-03
  1265.000 1.562E-03
  1265.250 1.904E-03
  1265.500 2.079E-03
  1265.750 2.126E-03
  1266.000 2.087E-03
  1266.250 1.846E-03
  1266.500 1.603E-03
  1266.750 1.824E-03
  1267.000 2.160E-03
  1267.250 2.069E-03
  1267.500 1.816E-03
  1267.750 1.981E-03
  1268.000 2.209E-03
  1268.250 2.363E-03
  1268.500 2.483E-03
  1268.750 2.527E-03
  1269.000 2.552E-03
  1269.250 2.575E-03
  1269.500 2.593E-03
  1269.750 2.546E-03
  1270.000 2.306E-03
  1270.250 2.048E-03
  1270.500 1.670E-03
  1270.750 1.185E-03
  1271.000 1.527E-03
  1271.250 2.222E-03
  1271.500 2.635E-03
  1271.750 2.695E-03
  1272.000 2.649E-03
  1272.250 2.789E-03
  1272.500 2.804E-03
  1272.750 2.879E-03
  1273.000 3.059E-03
  1273.250 3.135E-03
  1273.500 3.153E-03
  1273.750 3.013E-03
  1274.000 2.628E-03
  1274.250 2.679E-03
  1274.500 2.964E-03
  1274.750 2.794E-03
  1275.000 2.508E-03
  1275.250 2.541E-03
  1275.500 2.901E-03
  1275.750 2.997E-03
  1276.000 2.846E-03
  1276.250 2.358E-03
  1276.500 2.090E-03
  1276.750 1.894E-03
  1277.000 1.216E-03
  1277.250 4.673E-04
  1277.500 2.709E-04
  1277.750 7.015E-04
  1278.000 1.731E-03
  1278.250 2.733E-03
  1278.500 3.087E-03
  1278.750 3.109E-03
  1279.000 2.674E-03
  1279.250 2.355E-03
  1279.500 2.426E-03
  1279.750 1.952E-03
  1280.000 1.035E-03
  1280.250 5.884E-04
  1280.500 7.751E-04
  1280.750 1.427E-03
  1281.000 2.627E-03
  1281.250 3.769E-03
  1281.500 4.237E-03
  1281.750 4.399E-03
  1282.000 4.492E-03
  1282.250 4.474E-03
  1282.500 4.092E-03
  1282.750 3.606E-03
  1283.000 3.756E-03
  1283.250 4.457E-03
  1283.500 4.738E-03
  1283.750 4.506E-03
  1284.000 4.538E-03
  1284.250 4.910E-03
  1284.500 4.948E-03
  1284.750 4.791E-03
  1285.000 4.982E-03
  1285.250 5.219E-03
  1285.500 5.177E-03
  1285.750 4.941E-03
  1286.000 5.004E-03
  1286.250 4.991E-03
  1286.500 4.957E-03
  1286.750 5.332E-03
  1287.000 5.495E-03
  1287.250 5.358E-03
  1287.500 4.789E-03
  1287.750 4.219E-03
  1288.000 4.104E-03
  1288.250 4.370E-03
  1288.500 4.594E-03
  1288.750 4.573E-03
  1289.000 4.853E-03
  1289.250 5.699E-03
  1289.500 5.916E-03
  1289.750 5.310E-03
  1290.000 4.812E-03
  1290.250 5.630E-03
  1290.500 6.349E-03
  1290.750 6.488E-03
  1291.000 6.329E-03
  1291.250 5.981E-03
  1291.500 6.181E-03
  1291.750 6.604E-03
  1292.000 6.791E-03
  1292.250 6.864E-03
  1292.500 6.921E-03
  1292.750 6.982E-03
  1293.000 7.037E-03
  1293.250 7.082E-03
  1293.500 7.112E-03
  1293.750 7.147E-03
  1294.000 7.189E-03
  1294.250 7.197E-03
  1294.500 7.145E-03
  1294.750 6.972E-03
  1295.000 6.510E-03
  1295.250 5.243E-03
  1295.500 3.114E-03
  1295.750 2.159E-03
  1296.000 2.622E-03
  1296.250 3.592E-03
  1296.500 5.675E-03
  1296.750 7.084E-03
  1297.000 7.574E-03
  1297.250 7.789E-03
  1297.500 7.920E-03
  1297.750 8.000E-03
  1298.000 8.067E-03
  1298.250 8.127E-03
  1298.500 8.162E-03
  1298.750 8.176E-03
  1299.000 8.154E-03
  1299.250 7.977E-03
  1299.500 7.739E-03
  1299.750 7.785E-03
  1300.000 7.771E-03
  1300.250 7.574E-03
  1300.500 7.312E-03
  1300.750 6.850E-03
  1301.000 6.119E-03
  1301.250 5.052E-03
  1301.500 3.617E-03
  1301.750 2.010E-03
  1302.000 7.696E-04
  1302.250 4.805E-04
  1302.500 1.136E-03
  1302.750 1.762E-03
  1303.000 2.021E-03
  1303.250 2.517E-03
  1303.500 3.554E-03
  1303.750 4.990E-03
  1304.000 5.113E-03
  1304.250 3.635E-03
  1304.500 1.841E-03
  1304.750 8.361E-04
  1305.000 1.088E-03
  1305.250 2.415E-03
  1305.500 3.182E-03
  1305.750 2.300E-03
  1306.000 1.495E-03
  1306.250 3.001E-03
  1306.500 5.681E-03
  1306.750 7.613E-03
  1307.000 8.746E-03
  1307.250 9.572E-03
  1307.500 1.012E-02
  1307.750 1.048E-02
  1308.000 1.074E-02
  1308.250 1.093E-02
  1308.500 1.085E-02
  1308.750 1.011E-02
  1309.000 8.896E-03
  1309.250 7.938E-03
  1309.500 9.224E-03
  1309.750 1.028E-02
  1310.000 8.662E-03
  1310.250 6.865E-03
  1310.500 6.449E-03
  1310.750 4.400E-03
  1311.000 3.700E-03
  1311.250 5.819E-03
  1311.500 8.620E-03
  1311.750 1.003E-02
  1312.000 1.015E-02
  1312.250 1.106E-02
  1312.500 1.238E-02
  1312.750 1.265E-02
  1313.000 1.144E-02
  1313.250 9.164E-03
  1313.500 1.001E-02
  1313.750 1.293E-02
  1314.000 1.410E-02
  1314.250 1.437E-02
  1314.500 1.434E-02
  1314.750 1.346E-02
  1315.000 1.254E-02
  1315.250 1.361E-02
  1315.500 1.433E-02
  1315.750 1.341E-02
  1316.000 1.270E-02
  1316.250 1.219E-02
  1316.500 9.611E-03
  1316.750 1.060E-02
  1317.000 1.301E-02
  1317.250 1.348E-02
  1317.500 1.502E-02
  1317.750 1.600E-02
  1318.000 1.615E-02
  1318.250 1.584E-02
  1318.500 1.465E-02
  1318.750 1.363E-02
  1319.000 1.406E-02
  1319.250 1.568E-02
  1319.500 1.675E-02
  1319.750 1.691E-02
  1320.000 1.715E-02
  1320.250 1.728E-02
  1320.500 1.724E-02
  1320.750 1.737E-02
  1321.000 1.750E-02
  1321.250 1.700E-02
  1321.500 1.685E-02
  1321.750 1.784E-02
  1322.000 1.837E-02
  1322.250 1.854E-02
  1322.500 1.863E-02
  1322.750 1.863E-02
  1323.000 1.832E-02
  1323.250 1.653E-02
  1323.500 1.403E-02
  1323.750 1.587E-02
  1324.000 1.858E-02
  1324.250 1.936E-02
  1324.500 1.958E-02
  1324.750 1.973E-02
  1325.000 1.985E-02
  1325.250 1.995E-02
  1325.500 2.004E-02
  1325.750 2.009E-02
  1326.000 2.007E-02
  1326.250 1.950E-02
  1326.500 1.736E-02
  1326.750 1.662E-02
  1327.000 1.873E-02
  1327.250 1.958E-02
  1327.500 1.925E-02
  1327.750 1.847E-02
  1328.000 1.718E-02
  1328.250 1.480E-02
  1328.500 1.030E-02
  1328.750 4.682E-03
  1329.000 1.631E-03
  1329.250 1.338E-03
  1329.500 1.629E-03
  1329.750 3.832E-03
  1330.000 8.807E-03
  1330.250 1.377E-02
  1330.500 1.717E-02
  1330.750 1.926E-02
  1331.000 2.061E-02
  1331.250 2.158E-02
  1331.500 2.227E-02
  1331.750 2.283E-02
  1332.000 2.330E-02
  1332.250 2.367E-02
  1332.500 2.400E-02
  1332.750 2.431E-02
  1333.000 2.458E-02
  1333.250 2.464E-02
  1333.500 2.333E-02
  1333.750 2.126E-02
  1334.000 2.301E-02
  1334.250 2.518E-02
  1334.500 2.563E-02
  1334.750 2.551E-02
  1335.000 2.389E-02
  1335.250 2.257E-02
  1335.500 2.230E-02
  1335.750 2.169E-02
  1336.000 2.474E-02
  1336.250 2.701E-02
  1336.500 2.756E-02
  1336.750 2.781E-02
  1337.000 2.802E-02
  1337.250 2.822E-02
  1337.500 2.836E-02
  1337.750 2.852E-02
  1338.000 2.875E-02
  1338.250 2.884E-02
  1338.500 2.905E-02
  1338.750 2.934E-02
  1339.000 2.939E-02
  1339.250 2.966E-02
  1339.500 3.003E-02
  1339.750 3.008E-02
  1340.000 2.998E-02
  1340.250 3.029E-02
  1340.500 2.983E-02
  1340.750 2.757E-02
  1341.000 2.822E-02
  1341.250 3.082E-02
  1341.500 3.094E-02
  1341.750 2.850E-02
  1342.000 2.806E-02
  1342.250 2.966E-02
  1342.500 2.869E-02
  1342.750 3.028E-02
  1343.000 3.265E-02
  1343.250 3.328E-02
  1343.500 3.313E-02
  1343.750 3.160E-02
  1344.000 3.007E-02
  1344.250 3.191E-02
  1344.500 3.354E-02
  1344.750 3.348E-02
  1345.000 3.395E-02
  1345.250 3.472E-02
  1345.500 3.441E-02
  1345.750 3.272E-02
  1346.000 3.288E-02
  1346.250 3.494E-02
  1346.500 3.549E-02
  1346.750 3.395E-02
  1347.000 2.782E-02
  1347.250 2.288E-02
  1347.500 2.894E-02
  1347.750 3.508E-02
  1348.000 3.685E-02
  1348.250 3.744E-02
  1348.500 3.782E-02
  1348.750 3.811E-02
  1349.000 3.839E-02
  1349.250 3.864E-02
  1349.500 3.887E-02
  1349.750 3.911E-02
  1350.000 3.938E-02
  1350.250 3.963E-02
  1350.500 3.986E-02
  1350.750 4.007E-02
  1351.000 4.005E-02
  1351.250 3.849E-02
  1351.500 3.343E-02
  1351.750 3.251E-02
  1352.000 3.820E-02
  1352.250 4.069E-02
  1352.500 3.898E-02
  1352.750 3.578E-02
  1353.000 3.713E-02
  1353.250 4.094E-02
  1353.500 4.266E-02
  1353.750 4.270E-02
  1354.000 4.082E-02
  1354.250 3.812E-02
  1354.500 4.042E-02
  1354.750 4.336E-02
  1355.000 4.376E-02
  1355.250 4.182E-02
  1355.500 3.428E-02
  1355.750 2.556E-02
  1356.000 2.921E-02
  1356.250 3.826E-02
  1356.500 4.275E-02
  1356.750 4.262E-02
  1357.000 3.704E-02
  1357.250 3.592E-02
  1357.500 3.942E-02
  1357.750 3.998E-02
  1358.000 4.183E-02
  1358.250 4.232E-02
  1358.500 4.272E-02
  1358.750 4.383E-02
  1359.000 3.763E-02
  1359.250 2.571E-02
  1359.500 2.603E-02
  1359.750 3.866E-02
  1360.000 4.665E-02
  1360.250 4.912E-02
  1360.500 4.937E-02
  1360.750 4.718E-02
  1361.000 4.583E-02
  1361.250 4.521E-02
  1361.500 4.720E-02
  1361.750 4.982E-02
  1362.000 4.809E-02
  1362.250 4.804E-02
  1362.500 5.063E-02
  1362.750 4.915E-02
  1363.000 4.471E-02
  1363.250 4.232E-02
  1363.500 4.313E-02
  1363.750 4.846E-02
  1364.000 4.661E-02
  1364.250 4.286E-02
  1364.500 4.732E-02
  1364.750 5.335E-02
  1365.000 5.501E-02
  1365.250 5.519E-02
  1365.500 5.640E-02
  1365.750 5.714E-02
  1366.000 5.733E-02
  1366.250 5.661E-02
  1366.500 5.478E-02
  1366.750 5.436E-02
  1367.000 5.490E-02
  1367.250 5.570E-02
  1367.500 5.802E-02
  1367.750 5.851E-02
  1368.000 5.551E-02
  1368.250 4.967E-02
  1368.500 4.551E-02
  1368.750 4.984E-02
  1369.000 5.398E-02
  1369.250 5.428E-02
  1369.500 4.984E-02
  1369.750 4.693E-02
  1370.000 4.469E-02
  1370.250 4.686E-02
  1370.500 5.437E-02
  1370.750 5.584E-02
  1371.000 5.638E-02
  1371.250 5.819E-02
  1371.500 6.113E-02
  1371.750 6.048E-02
  1372.000 5.220E-02
  1372.250 4.957E-02
  1372.500 5.759E-02
  1372.750 6.155E-02
  1373.000 5.814E-02
  1373.250 5.357E-02
  1373.500 4.749E-02
  1373.750 4.895E-02
  1374.000 5.349E-02
  1374.250 5.750E-02
  1374.500 6.175E-02
  1374.750 6.044E-02
  1375.000 5.939E-02
  1375.250 6.266E-02
  1375.500 6.650E-02
  1375.750 6.604E-02
  1376.000 6.697E-02
  1376.250 6.899E-02
  1376.500 6.637E-02
  1376.750 5.895E-02
  1377.000 5.230E-02
  1377.250 5.880E-02
  1377.500 6.772E-02
  1377.750 6.328E-02
  1378.000 5.978E-02
  1378.250 6.685E-02
  1378.500 7.083E-02
  1378.750 7.201E-02
  1379.000 6.804E-02
  1379.250 5.204E-02
  1379.500 4.309E-02
  1379.750 5.924E-02
  1380.000 7.242E-02
  1380.250 7.452E-02
  1380.500 7.349E-02
  1380.750 7.176E-02
  1381.000 6.460E-02
  1381.250 4.259E-02
  1381.500 2.737E-02
  1381.750 4.413E-02
  1382.000 6.533E-02
  1382.250 7.153E-02
  1382.500 7.449E-02
  1382.750 7.813E-02
  1383.000 7.778E-02
  1383.250 7.259E-02
  1383.500 6.980E-02
  1383.750 7.168E-02
  1384.000 7.411E-02
  1384.250 7.140E-02
  1384.500 6.388E-02
  1384.750 4.863E-02
  1385.000 3.529E-02
  1385.250 4.351E-02
  1385.500 5.901E-02
  1385.750 7.243E-02
  1386.000 7.999E-02
  1386.250 8.192E-02
  1386.500 8.246E-02
  1386.750 8.207E-02
  1387.000 8.055E-02
  1387.250 8.015E-02
  1387.500 8.081E-02
  1387.750 8.066E-02
  1388.000 7.910E-02
  1388.250 7.285E-02
  1388.500 6.509E-02
  1388.750 6.360E-02
  1389.000 6.245E-02
  1389.250 5.908E-02
  1389.500 5.506E-02
  1389.750 4.621E-02
  1390.000 3.807E-02
  1390.250 2.977E-02
  1390.500 1.873E-02
  1390.750 8.493E-03
  1391.000 3.055E-03
  1391.250 4.298E-03
  1391.500 1.177E-02
  1391.750 2.267E-02
  1392.000 3.373E-02
  1392.250 4.404E-02
  1392.500 5.145E-02
  1392.750 5.935E-02
  1393.000 6.631E-02
  1393.250 6.648E-02
  1393.500 7.346E-02
  1393.750 7.946E-02
  1394.000 7.605E-02
  1394.250 8.111E-02
  1394.500 8.954E-02
  1394.750 9.246E-02
  1395.000 9.393E-02
  1395.250 9.442E-02
  1395.500 9.467E-02
  1395.750 9.552E-02
  1396.000 8.988E-02
  1396.250 8.757E-02
  1396.500 9.053E-02
  1396.750 9.546E-02
  1397.000 9.895E-02
  1397.250 9.937E-02
  1397.500 9.796E-02
  1397.750 9.944E-02
  1398.000 1.013E-01
  1398.250 1.012E-01
  1398.500 1.004E-01
  1398.750 9.163E-02
  1399.000 8.601E-02
  1399.250 9.520E-02
  1399.500 1.068E-01
  1399.750 1.083E-01
  1400.000 1.068E-01
  1400.250 1.096E-01
  1400.500 1.067E-01
  1400.750 1.007E-01
  1401.000 9.407E-02
  1401.250 6.941E-02
  1401.500 5.084E-02
  1401.750 7.093E-02
  1402.000 9.776E-02
  1402.250 1.116E-01
  1402.500 1.171E-01
  1402.750 1.159E-01
  1403.000 1.082E-01
  1403.250 1.096E-01
  1403.500 1.165E-01
  1403.750 1.148E-01
  1404.000 1.122E-01
  1404.250 1.159E-01
  1404.500 1.231E-01
  1404.750 1.253E-01
  1405.000 1.257E-01
  1405.250 1.218E-01
  1405.500 1.103E-01
  1405.750 1.116E-01
  1406.000 1.238E-01
  1406.250 1.276E-01
  1406.500 1.277E-01
  1406.750 1.289E-01
  1407.000 1.280E-01
  1407.250 1.250E-01
  1407.500 1.229E-01
  1407.750 1.235E-01
  1408.000 1.270E-01
  1408.250 1.216E-01
  1408.500 1.158E-01
  1408.750 1.184E-01
  1409.000 1.080E-01
  1409.250 8.225E-02
  1409.500 8.045E-02
  1409.750 1.061E-01
  1410.000 1.150E-01
  1410.250 1.163E-01
  1410.500 1.234E-01
  1410.750 1.165E-01
  1411.000 9.797E-02
  1411.250 9.759E-02
  1411.500 1.031E-01
  1411.750 1.077E-01
  1412.000 1.144E-01
  1412.250 1.252E-01
  1412.500 1.184E-01
  1412.750 9.622E-02
  1413.000 1.012E-01
  1413.250 1.170E-01
  1413.500 1.070E-01
  1413.750 1.050E-01
  1414.000 1.137E-01
  1414.250 1.181E-01
  1414.500 1.286E-01
  1414.750 1.270E-01
  1415.000 1.203E-01
  1415.250 1.265E-01
  1415.500 1.291E-01
  1415.750 1.173E-01
  1416.000 1.219E-01
  1416.250 1.360E-01
  1416.500 1.337E-01
  1416.750 1.241E-01
  1417.000 1.204E-01
  1417.250 1.316E-01
  1417.500 1.437E-01
  1417.750 1.454E-01
  1418.000 1.394E-01
  1418.250 1.235E-01
  1418.500 1.140E-01
  1418.750 1.073E-01
  1419.000 1.256E-01
  1419.250 1.442E-01
  1419.500 1.524E-01
  1419.750 1.515E-01
  1420.000 1.423E-01
  1420.250 1.403E-01
  1420.500 1.340E-01
  1420.750 1.358E-01
  1421.000 1.494E-01
  1421.250 1.505E-01
  1421.500 1.426E-01
  1421.750 1.455E-01
  1422.000 1.531E-01
  1422.250 1.545E-01
  1422.500 1.552E-01
  1422.750 1.563E-01
  1423.000 1.469E-01
  1423.250 1.353E-01
  1423.500 1.346E-01
  1423.750 1.247E-01
  1424.000 1.019E-01
  1424.250 8.286E-02
  1424.500 5.887E-02
  1424.750 2.570E-02
  1425.000 8.096E-03
  1425.250 1.396E-02
  1425.500 4.234E-02
  1425.750 7.922E-02
  1426.000 1.049E-01
  1426.250 1.225E-01
  1426.500 1.431E-01
  1426.750 1.511E-01
  1427.000 1.408E-01
  1427.250 1.366E-01
  1427.500 1.493E-01
  1427.750 1.585E-01
  1428.000 1.634E-01
  1428.250 1.664E-01
  1428.500 1.662E-01
  1428.750 1.677E-01
  1429.000 1.771E-01
  1429.250 1.806E-01
  1429.500 1.796E-01
  1429.750 1.621E-01
  1430.000 1.351E-01
  1430.250 1.457E-01
  1430.500 1.654E-01
  1430.750 1.551E-01
  1431.000 1.538E-01
  1431.250 1.429E-01
  1431.500 1.344E-01
  1431.750 1.372E-01
  1432.000 1.270E-01
  1432.250 1.161E-01
  1432.500 1.022E-01
  1432.750 8.041E-02
  1433.000 4.077E-02
  1433.250 1.630E-02
  1433.500 2.730E-02
  1433.750 6.675E-02
  1434.000 1.176E-01
  1434.250 1.497E-01
  1434.500 1.476E-01
  1434.750 1.294E-01
  1435.000 1.228E-01
  1435.250 1.258E-01
  1435.500 1.398E-01
  1435.750 1.472E-01
  1436.000 1.602E-01
  1436.250 1.632E-01
  1436.500 1.304E-01
  1436.750 7.662E-02
  1437.000 4.756E-02
  1437.250 8.558E-02
  1437.500 1.413E-01
  1437.750 1.745E-01
  1438.000 1.822E-01
  1438.250 1.809E-01
  1438.500 1.671E-01
  1438.750 1.634E-01
  1439.000 1.954E-01
  1439.250 2.124E-01
  1439.500 2.122E-01
  1439.750 2.061E-01
  1440.000 2.105E-01
  1440.250 2.171E-01
  1440.500 2.074E-01
  1440.750 1.811E-01
  1441.000 1.862E-01
  1441.250 2.140E-01
  1441.500 2.242E-01
  1441.750 2.278E-01
  1442.000 2.255E-01
  1442.250 2.005E-01
  1442.500 1.733E-01
  1442.750 1.842E-01
  1443.000 2.166E-01
  1443.250 2.340E-01
  1443.500 2.327E-01
  1443.750 2.130E-01
  1444.000 1.735E-01
  1444.250 1.392E-01
  1444.500 1.729E-01
  1444.750 2.001E-01
  1445.000 1.844E-01
  1445.250 1.873E-01
  1445.500 1.992E-01
  1445.750 2.196E-01
  1446.000 2.348E-01
  1446.250 2.269E-01
  1446.500 1.967E-01
  1446.750 1.852E-01
  1447.000 2.077E-01
  1447.250 2.063E-01
  1447.500 2.055E-01
  1447.750 2.017E-01
  1448.000 1.585E-01
  1448.250 1.268E-01
  1448.500 1.739E-01
  1448.750 2.300E-01
  1449.000 2.482E-01
  1449.250 2.518E-01
  1449.500 2.531E-01
  1449.750 2.430E-01
  1450.000 2.288E-01
  1450.250 2.379E-01
  1450.500 2.257E-01
  1450.750 2.056E-01
  1451.000 2.229E-01
  1451.250 2.300E-01
  1451.500 2.301E-01
  1451.750 2.536E-01
  1452.000 2.610E-01
  1452.250 2.404E-01
  1452.500 1.983E-01
  1452.750 1.885E-01
  1453.000 2.150E-01
  1453.250 2.467E-01
  1453.500 2.655E-01
  1453.750 2.749E-01
  1454.000 2.767E-01
  1454.250 2.688E-01
  1454.500 2.419E-01
  1454.750 1.984E-01
  1455.000 2.041E-01
  1455.250 2.416E-01
  1455.500 2.664E-01
  1455.750 2.581E-01
  1456.000 2.458E-01
  1456.250 2.505E-01
  1456.500 2.447E-01
  1456.750 2.396E-01
  1457.000 2.588E-01
  1457.250 2.773E-01
  1457.500 2.843E-01
  1457.750 2.845E-01
  1458.000 2.811E-01
  1458.250 2.786E-01
  1458.500 2.668E-01
  1458.750 2.285E-01
  1459.000 1.787E-01
  1459.250 2.115E-01
  1459.500 2.700E-01
  1459.750 2.914E-01
  1460.000 2.842E-01
  1460.250 2.769E-01
  1460.500 2.836E-01
  1460.750 2.813E-01
  1461.000 2.440E-01
  1461.250 2.360E-01
  1461.500 2.699E-01
  1461.750 2.660E-01
  1462.000 2.570E-01
  1462.250 2.678E-01
  1462.500 2.689E-01
  1462.750 2.396E-01
  1463.000 1.651E-01
  1463.250 8.542E-02
  1463.500 9.450E-02
  1463.750 1.824E-01
  1464.000 2.538E-01
  1464.250 2.786E-01
  1464.500 2.783E-01
  1464.750 2.815E-01
  1465.000 2.774E-01
  1465.250 2.773E-01
  1465.500 2.897E-01
  1465.750 3.101E-01
  1466.000 2.963E-01
  1466.250 2.743E-01
  1466.500 2.737E-01
  1466.750 2.771E-01
  1467.000 2.506E-01
  1467.250 1.588E-01
  1467.500 1.151E-01
  1467.750 1.359E-01
  1468.000 1.732E-01
  1468.250 2.059E-01
  1468.500 2.479E-01
  1468.750 3.062E-01
  1469.000 3.278E-01
  1469.250 3.236E-01
  1469.500 3.068E-01
  1469.750 2.784E-01
  1470.000 2.526E-01
  1470.250 2.545E-01
  1470.500 2.804E-01
  1470.750 3.096E-01
  1471.000 3.204E-01
  1471.250 3.102E-01
  1471.500 3.022E-01
  1471.750 2.862E-01
  1472.000 2.666E-01
  1472.250 2.581E-01
  1472.500 2.471E-01
  1472.750 2.333E-01
  1473.000 2.183E-01
  1473.250 2.222E-01
  1473.500 1.883E-01
  1473.750 1.040E-01
  1474.000 3.942E-02
  1474.250 2.974E-02
  1474.500 6.677E-02
  1474.750 1.658E-01
  1475.000 2.691E-01
  1475.250 3.210E-01
  1475.500 3.264E-01
  1475.750 3.086E-01
  1476.000 3.251E-01
  1476.250 3.362E-01
  1476.500 3.205E-01
  1476.750 3.205E-01
  1477.000 3.279E-01
  1477.250 3.122E-01
  1477.500 3.270E-01
  1477.750 3.550E-01
  1478.000 3.684E-01
  1478.250 3.787E-01
  1478.500 3.837E-01
  1478.750 3.876E-01
  1479.000 3.866E-01
  1479.250 3.846E-01
  1479.500 3.889E-01
  1479.750 3.886E-01
  1480.000 3.775E-01
  1480.250 3.690E-01
  1480.500 3.748E-01
  1480.750 3.518E-01
  1481.000 3.123E-01
  1481.250 3.077E-01
  1481.500 2.545E-01
  1481.750 1.928E-01
  1482.000 2.405E-01
  1482.250 2.742E-01
  1482.500 2.463E-01
  1482.750 1.720E-01
  1483.000 7.605E-02
  1483.250 7.605E-02
  1483.500 1.798E-01
  1483.750 2.880E-01
  1484.000 3.586E-01
  1484.250 3.908E-01
  1484.500 4.051E-01
  1484.750 4.111E-01
  1485.000 4.093E-01
  1485.250 3.998E-01
  1485.500 3.685E-01
  1485.750 3.624E-01
  1486.000 3.932E-01
  1486.250 3.886E-01
  1486.500 3.595E-01
  1486.750 3.143E-01
  1487.000 2.046E-01
  1487.250 1.557E-01
  1487.500 2.431E-01
  1487.750 3.244E-01
  1488.000 3.087E-01
  1488.250 2.279E-01
  1488.500 2.329E-01
  1488.750 3.399E-01
  1489.000 3.993E-01
  1489.250 4.215E-01
  1489.500 4.428E-01
  1489.750 4.481E-01
  1490.000 4.469E-01
  1490.250 4.486E-01
  1490.500 4.538E-01
  1490.750 4.530E-01
  1491.000 4.256E-01
  1491.250 3.769E-01
  1491.500 3.926E-01
  1491.750 4.441E-01
  1492.000 4.490E-01
  1492.250 3.915E-01
  1492.500 2.859E-01
  1492.750 2.032E-01
  1493.000 2.366E-01
  1493.250 3.350E-01
  1493.500 4.133E-01
  1493.750 4.499E-01
  1494.000 4.466E-01
  1494.250 4.095E-01
  1494.500 3.231E-01
  1494.750 3.460E-01
  1495.000 4.480E-01
  1495.250 4.858E-01
  1495.500 4.923E-01
  1495.750 4.865E-01
  1496.000 4.492E-01
  1496.250 4.268E-01
  1496.500 4.518E-01
  1496.750 4.694E-01
  1497.000 4.807E-01
  1497.250 4.617E-01
  1497.500 4.478E-01
  1497.750 4.786E-01
  1498.000 5.054E-01
  1498.250 5.103E-01
  1498.500 4.976E-01
  1498.750 4.552E-01
  1499.000 4.517E-01
  1499.250 4.818E-01
  1499.500 4.775E-01
  1499.750 4.923E-01
  1500.000 4.716E-01
  1500.250 3.737E-01
  1500.500 3.692E-01
  1500.750 4.694E-01
  1501.000 5.118E-01
  1501.250 5.061E-01
  1501.500 4.686E-01
  1501.750 3.901E-01
  1502.000 3.111E-01
  1502.250 3.773E-01
  1502.500 4.809E-01
  1502.750 4.761E-01
  1503.000 4.535E-01
  1503.250 4.493E-01
  1503.500 4.108E-01
  1503.750 4.098E-01
  1504.000 4.688E-01
  1504.250 5.107E-01
  1504.500 4.919E-01
  1504.750 4.861E-01
  1505.000 5.301E-01
  1505.250 5.370E-01
  1505.500 5.116E-01
  1505.750 4.887E-01
  1506.000 4.747E-01
  1506.250 4.516E-01
  1506.500 4.718E-01
  1506.750 5.137E-01
  1507.000 5.404E-01
  1507.250 5.565E-01
  1507.500 5.553E-01
  1507.750 5.455E-01
  1508.000 5.513E-01
  1508.250 5.622E-01
  1508.500 5.548E-01
  1508.750 5.361E-01
  1509.000 5.037E-01
  1509.250 4.837E-01
  1509.500 5.322E-01
  1509.750 5.524E-01
  1510.000 5.412E-01
  1510.250 5.490E-01
  1510.500 5.148E-01
  1510.750 4.301E-01
  1511.000 4.456E-01
  1511.250 5.418E-01
  1511.500 5.516E-01
  1511.750 4.949E-01
  1512.000 4.724E-01
  1512.250 5.094E-01
  1512.500 5.587E-01
  1512.750 5.693E-01
  1513.000 5.545E-01
  1513.250 5.486E-01
  1513.500 5.558E-01
  1513.750 5.414E-01
  1514.000 5.419E-01
  1514.250 5.493E-01
  1514.500 5.104E-01
  1514.750 4.193E-01
  1515.000 2.795E-01
  1515.250 1.046E-01
  1515.500 2.590E-02
  1515.750 3.540E-02
  1516.000 6.706E-02
  1516.250 1.060E-01
  1516.500 1.330E-01
  1516.750 1.065E-01
  1517.000 4.053E-02
  1517.250 7.902E-03
  1517.500 8.694E-03
  1517.750 2.133E-02
  1518.000 4.292E-02
  1518.250 6.139E-02
  1518.500 8.259E-02
  1518.750 1.113E-01
  1519.000 1.349E-01
  1519.250 1.464E-01
  1519.500 1.312E-01
  1519.750 1.199E-01
  1520.000 6.381E-02
  1520.250 1.538E-02
  1520.500 2.604E-03
  1520.750 2.214E-03
  1521.000 6.489E-03
  1521.250 1.357E-02
  1521.500 2.438E-02
  1521.750 2.078E-02
  1522.000 6.349E-03
  1522.250 2.436E-03
  1522.500 8.667E-03
  1522.750 1.903E-02
  1523.000 1.781E-02
  1523.250 1.668E-02
  1523.500 1.722E-02
  1523.750 6.384E-03
  1524.000 1.522E-03
  1524.250 1.905E-03
  1524.500 3.413E-03
  1524.750 3.438E-03
  1525.000 4.187E-03
  1525.250 6.405E-03
  1525.500 1.077E-02
  1525.750 1.585E-02
  1526.000 2.130E-02
  1526.250 3.079E-02
  1526.500 2.239E-02
  1526.750 1.182E-02
  1527.000 7.446E-03
  1527.250 2.529E-03
  1527.500 3.108E-03
  1527.750 6.459E-03
  1528.000 4.805E-03
  1528.250 4.310E-03
  1528.500 8.928E-03
  1528.750 1.330E-02
  1529.000 1.959E-02
  1529.250 1.961E-02
  1529.500 1.677E-02
  1529.750 2.767E-02
  1530.000 7.050E-02
  1530.250 1.084E-01
  1530.500 8.666E-02
  1530.750 3.640E-02
  1531.000 2.731E-02
  1531.250 4.544E-02
  1531.500 7.028E-02
  1531.750 1.014E-01
  1532.000 8.632E-02
  1532.250 7.193E-02
  1532.500 7.414E-02
  1532.750 7.012E-02
  1533.000 6.633E-02
  1533.250 5.343E-02
  1533.500 3.911E-02
  1533.750 4.246E-02
  1534.000 5.249E-02
  1534.250 5.709E-02
  1534.500 8.739E-02
  1534.750 7.892E-02
  1535.000 1.052E-01
  1535.250 1.825E-01
  1535.500 2.010E-01
  1535.750 2.166E-01
  1536.000 1.891E-01
  1536.250 1.660E-01
  1536.500 1.855E-01
  1536.750 1.404E-01
  1537.000 8.843E-02
  1537.250 6.959E-02
  1537.500 7.775E-02
  1537.750 1.635E-01
  1538.000 2.092E-01
  1538.250 2.390E-01
  1538.500 3.412E-01
  1538.750 3.431E-01
  1539.000 2.766E-01
  1539.250 3.148E-01
  1539.500 2.782E-01
  1539.750 2.994E-01
  1540.000 3.445E-01
  1540.250 2.551E-01
  1540.500 1.979E-01
  1540.750 1.324E-01
  1541.000 1.166E-01
  1541.250 1.216E-01
  1541.500 1.787E-01
  1541.750 3.722E-01
  1542.000 4.221E-01
  1542.250 2.549E-01
  1542.500 3.401E-01
  1542.750 5.619E-01
  1543.000 5.674E-01
  1543.250 4.819E-01
  1543.500 3.964E-01
  1543.750 3.209E-01
  1544.000 3.837E-01
  1544.250 3.806E-01
  1544.500 3.417E-01
  1544.750 3.520E-01
  1545.000 3.143E-01
  1545.250 2.849E-01
  1545.500 2.390E-01
  1545.750 1.300E-01
  1546.000 1.858E-01
  1546.250 3.076E-01
  1546.500 2.887E-01
  1546.750 2.719E-01
  1547.000 2.309E-01
  1547.250 1.825E-01
  1547.500 2.756E-01
  1547.750 3.251E-01
  1548.000 3.536E-01
  1548.250 3.709E-01
  1548.500 2.375E-01
  1548.750 1.995E-01
  1549.000 3.861E-01
  1549.250 5.933E-01
  1549.500 6.311E-01
  1549.750 6.566E-01
  1550.000 6.052E-01
  1550.250 4.394E-01
  1550.500 4.088E-01
  1550.750 3.884E-01
  1551.000 2.303E-01
  1551.250 1.359E-01
  1551.500 2.231E-01
  1551.750 2.508E-01
  1552.000 1.670E-01
  1552.250 1.643E-01
  1552.500 1.828E-01
  1552.750 1.669E-01
  1553.000 1.674E-01
  1553.250 2.438E-01
  1553.500 2.947E-01
  1553.750 2.192E-01
  1554.000 9.547E-02
  1554.250 3.138E-02
  1554.500 2.555E-02
  1554.750 5.165E-02
  1555.000 8.524E-02
  1555.250 6.381E-02
  1555.500 2.246E-02
  1555.750 7.948E-03
  1556.000 7.382E-03
  1556.250 1.574E-02
  1556.500 5.279E-02
  1556.750 1.142E-01
  1557.000 1.417E-01
  1557.250 1.170E-01
  1557.500 1.262E-01
  1557.750 1.888E-01
  1558.000 1.944E-01
  1558.250 1.315E-01
  1558.500 6.887E-02
  1558.750 4.490E-02
  1559.000 3.447E-02
  1559.250 2.145E-02
  1559.500 1.039E-02
  1559.750 3.553E-03
  1560.000 1.245E-03
  1560.250 8.071E-04
  1560.500 9.664E-04
  1560.750 1.275E-03
  1561.000 2.166E-03
  1561.250 1.952E-03
  1561.500 1.322E-03
  1561.750 1.486E-03
  1562.000 3.686E-03
  1562.250 1.399E-02
  1562.500 3.941E-02
  1562.750 7.110E-02
  1563.000 7.976E-02
  1563.250 5.671E-02
  1563.500 4.372E-02
  1563.750 3.902E-02
  1564.000 4.454E-02
  1564.250 4.894E-02
  1564.500 2.914E-02
  1564.750 4.044E-02
  1565.000 9.181E-02
  1565.250 1.211E-01
  1565.500 1.817E-01
  1565.750 2.826E-01
  1566.000 3.239E-01
  1566.250 2.942E-01
  1566.500 2.580E-01
  1566.750 2.147E-01
  1567.000 2.006E-01
  1567.250 1.505E-01
  1567.500 6.187E-02
  1567.750 2.240E-02
  1568.000 2.743E-02
  1568.250 7.649E-02
  1568.500 2.008E-01
  1568.750 3.994E-01
  1569.000 5.755E-01
  1569.250 6.205E-01
  1569.500 5.263E-01
  1569.750 4.385E-01
  1570.000 3.938E-01
  1570.250 2.793E-01
  1570.500 2.957E-01
  1570.750 3.953E-01
  1571.000 3.931E-01
  1571.250 3.237E-01
  1571.500 2.273E-01
  1571.750 1.370E-01
  1572.000 2.352E-01
  1572.250 4.404E-01
  1572.500 4.624E-01
  1572.750 3.442E-01
  1573.000 3.400E-01
  1573.250 3.155E-01
  1573.500 1.935E-01
  1573.750 7.048E-02
  1574.000 4.013E-02
  1574.250 7.606E-02
  1574.500 7.133E-02
  1574.750 3.243E-02
  1575.000 6.259E-02
  1575.250 1.995E-01
  1575.500 3.882E-01
  1575.750 5.351E-01
  1576.000 6.103E-01
  1576.250 6.549E-01
  1576.500 5.786E-01
  1576.750 3.547E-01
  1577.000 1.814E-01
  1577.250 3.140E-01
  1577.500 6.087E-01
  1577.750 7.280E-01
  1578.000 6.459E-01
  1578.250 6.353E-01
  1578.500 7.056E-01
  1578.750 8.364E-01
  1579.000 9.097E-01
  1579.250 8.481E-01
  1579.500 7.805E-01
  1579.750 7.415E-01
  1580.000 5.577E-01
  1580.250 2.631E-01
  1580.500 1.802E-01
  1580.750 3.602E-01
  1581.000 6.298E-01
  1581.250 7.402E-01
  1581.500 8.593E-01
  1581.750 9.316E-01
  1582.000 8.924E-01
  1582.250 8.131E-01
  1582.500 7.494E-01
  1582.750 8.211E-01
  1583.000 9.455E-01
  1583.250 9.848E-01
  1583.500 8.612E-01
  1583.750 5.694E-01
  1584.000 2.620E-01
  1584.250 1.536E-01
  1584.500 1.889E-01
  1584.750 1.844E-01
  1585.000 2.305E-01
  1585.250 3.915E-01
  1585.500 4.768E-01
  1585.750 3.667E-01
  1586.000 1.556E-01
  1586.250 8.685E-02
  1586.500 9.388E-02
  1586.750 8.199E-02
  1587.000 1.926E-01
  1587.250 3.632E-01
  1587.500 3.771E-01
  1587.750 3.340E-01
  1588.000 4.238E-01
  1588.250 4.714E-01
  1588.500 5.383E-01
  1588.750 5.888E-01
  1589.000 5.654E-01
  1589.250 5.539E-01
  1589.500 6.374E-01
  1589.750 6.258E-01
  1590.000 4.830E-01
  1590.250 2.302E-01
  1590.500 1.188E-01
  1590.750 2.020E-01
  1591.000 2.644E-01
  1591.250 3.556E-01
  1591.500 4.859E-01
  1591.750 4.323E-01
  1592.000 2.477E-01
  1592.250 8.796E-02
  1592.500 4.930E-02
  1592.750 1.511E-01
  1593.000 3.248E-01
  1593.250 4.412E-01
  1593.500 5.301E-01
  1593.750 5.153E-01
  1594.000 3.578E-01
  1594.250 2.388E-01
  1594.500 1.439E-01
  1594.750 5.270E-02
  1595.000 2.727E-02
  1595.250 8.251E-02
  1595.500 2.141E-01
  1595.750 3.921E-01
  1596.000 5.977E-01
  1596.250 7.423E-01
  1596.500 8.174E-01
  1596.750 9.330E-01
  1597.000 1.010E+00
  1597.250 1.018E+00
  1597.500 1.061E+00
  1597.750 1.083E+00
  1598.000 1.057E+00
  1598.250 8.794E-01
  1598.500 5.503E-01
  1598.750 5.828E-01
  1599.000 9.479E-01
  1599.250 1.161E+00
  1599.500 1.196E+00
  1599.750 1.117E+00
  1600.000 1.036E+00
  1600.250 1.003E+00
  1600.500 1.006E+00
  1600.750 1.042E+00
  1601.000 1.165E+00
  1601.250 1.202E+00
  1601.500 1.161E+00
  1601.750 1.330E+00
  1602.000 1.255E+00
  1602.250 1.003E+00
  1602.500 9.794E-01
  1602.750 1.010E+00
  1603.000 1.120E+00
  1603.250 1.342E+00
  1603.500 1.399E+00
  1603.750 1.404E+00
  1604.000 1.454E+00
  1604.250 1.477E+00
  1604.500 1.390E+00
  1604.750 1.387E+00
  1605.000 1.343E+00
  1605.250 1.206E+00
  1605.500 1.077E+00
  1605.750 8.341E-01
  1606.000 9.189E-01
  1606.250 1.292E+00
  1606.500 1.448E+00
  1606.750 1.358E+00
  1607.000 1.275E+00
  1607.250 1.362E+00
  1607.500 1.366E+00
  1607.750 1.202E+00
  1608.000 8.853E-01
  1608.250 4.758E-01
  1608.500 2.656E-01
  1608.750 3.533E-01
  1609.000 6.403E-01
  1609.250 1.018E+00
  1609.500 1.116E+00
  1609.750 1.226E+00
  1610.000 1.362E+00
  1610.250 1.286E+00
  1610.500 1.121E+00
  1610.750 7.490E-01
  1611.000 5.884E-01
  1611.250 9.395E-01
  1611.500 1.327E+00
  1611.750 1.397E+00
  1612.000 1.238E+00
  1612.250 1.009E+00
  1612.500 6.999E-01
  1612.750 4.259E-01
  1613.000 4.476E-01
  1613.250 6.296E-01
  1613.500 8.142E-01
  1613.750 8.751E-01
  1614.000 8.423E-01
  1614.250 6.039E-01
  1614.500 2.840E-01
  1614.750 3.471E-01
  1615.000 6.319E-01
  1615.250 7.445E-01
  1615.500 5.592E-01
  1615.750 2.498E-01
  1616.000 9.309E-02
  1616.250 8.742E-02
  1616.500 8.937E-02
  1616.750 2.218E-01
  1617.000 5.504E-01
  1617.250 8.484E-01
  1617.500 1.048E+00
  1617.750 1.092E+00
  1618.000 8.934E-01
  1618.250 6.426E-01
  1618.500 4.610E-01
  1618.750 4.264E-01
  1619.000 3.752E-01
  1619.250 5.330E-01
  1619.500 6.882E-01
  1619.750 6.919E-01
  1620.000 4.565E-01
  1620.250 1.833E-01
  1620.500 1.523E-01
  1620.750 3.526E-01
  1621.000 5.316E-01
  1621.250 5.344E-01
  1621.500 3.832E-01
  1621.750 1.725E-01
  1622.000 5.389E-02
  1622.250 1.064E-02
  1622.500 1.802E-03
  1622.750 2.171E-03
  1623.000 8.269E-03
  1623.250 2.857E-02
  1623.500 7.645E-02
  1623.750 1.714E-01
  1624.000 3.368E-01
  1624.250 4.912E-01
  1624.500 5.791E-01
  1624.750 6.087E-01
  1625.000 5.853E-01
  1625.250 4.317E-01
  1625.500 1.935E-01
  1625.750 1.266E-01
  1626.000 2.887E-01
  1626.250 4.357E-01
  1626.500 5.265E-01
  1626.750 6.647E-01
  1627.000 5.242E-01
  1627.250 3.456E-01
  1627.500 2.066E-01
  1627.750 1.299E-01
  1628.000 2.044E-01
  1628.250 2.974E-01
  1628.500 2.625E-01
  1628.750 1.434E-01
  1629.000 5.962E-02
  1629.250 1.894E-02
  1629.500 5.196E-03
  1629.750 4.301E-03
  1630.000 9.484E-03
  1630.250 3.003E-02
  1630.500 6.141E-02
  1630.750 7.273E-02
  1631.000 4.683E-02
  1631.250 4.544E-02
  1631.500 1.197E-01
  1631.750 2.910E-01
  1632.000 4.411E-01
  1632.250 4.492E-01
  1632.500 3.947E-01
  1632.750 2.686E-01
  1633.000 1.311E-01
  1633.250 5.199E-02
  1633.500 6.572E-02
  1633.750 7.741E-02
  1634.000 6.967E-02
  1634.250 1.561E-01
  1634.500 3.996E-01
  1634.750 7.341E-01
  1635.000 9.052E-01
  1635.250 8.449E-01
  1635.500 8.585E-01
  1635.750 9.272E-01
  1636.000 7.789E-01
  1636.250 5.876E-01
  1636.500 7.579E-01
  1636.750 1.158E+00
  1637.000 1.055E+00
  1637.250 6.613E-01
  1637.500 6.400E-01
  1637.750 9.695E-01
  1638.000 1.343E+00
  1638.250 1.664E+00
  1638.500 1.744E+00
  1638.750 1.463E+00
  1639.000 1.058E+00
  1639.250 7.887E-01
  1639.500 8.955E-01
  1639.750 1.198E+00
  1640.000 1.011E+00
  1640.250 9.990E-01
  1640.500 1.450E+00
  1640.750 1.613E+00
  1641.000 1.551E+00
  1641.250 1.550E+00
  1641.500 1.518E+00
  1641.750 1.242E+00
  1642.000 1.359E+00
  1642.250 1.632E+00
  1642.500 1.578E+00
  1642.750 1.558E+00
  1643.000 1.460E+00
  1643.250 1.215E+00
  1643.500 8.442E-01
  1643.750 1.077E+00
  1644.000 1.633E+00
  1644.250 1.845E+00
  1644.500 1.742E+00
  1644.750 1.738E+00
  1645.000 1.743E+00
  1645.250 1.904E+00
  1645.500 1.826E+00
  1645.750 1.397E+00
  1646.000 1.101E+00
  1646.250 1.264E+00
  1646.500 1.553E+00
  1646.750 1.592E+00
  1647.000 1.335E+00
  1647.250 1.152E+00
  1647.500 1.256E+00
  1647.750 1.309E+00
  1648.000 1.309E+00
  1648.250 1.191E+00
  1648.500 1.091E+00
  1648.750 1.115E+00
  1649.000 1.008E+00
  1649.250 6.552E-01
  1649.500 4.127E-01
  1649.750 5.143E-01
  1650.000 7.489E-01
  1650.250 8.507E-01
  1650.500 7.507E-01
  1650.750 6.214E-01
  1651.000 5.123E-01
  1651.250 5.280E-01
  1651.500 5.941E-01
  1651.750 5.675E-01
  1652.000 5.008E-01
  1652.250 4.868E-01
  1652.500 4.729E-01
  1652.750 4.449E-01
  1653.000 3.848E-01
  1653.250 2.884E-01
  1653.500 2.276E-01
  1653.750 2.098E-01
  1654.000 1.706E-01
  1654.250 1.161E-01
  1654.500 8.494E-02
  1654.750 7.192E-02
  1655.000 5.665E-02
  1655.250 4.144E-02
  1655.500 2.747E-02
  1655.750 1.437E-02
  1656.000 5.500E-03
  1656.250 1.825E-03
  1656.500 1.275E-03
  1656.750 9.398E-04
  1657.000 4.569E-04
  1657.250 5.559E-04
  1657.500 1.062E-03
  1657.750 1.087E-03
  1658.000 7.946E-04
  1658.250 2.479E-03
  1658.500 7.887E-03
  1658.750 1.759E-02
  1659.000 3.253E-02
  1659.250 4.672E-02
  1659.500 6.479E-02
  1659.750 1.006E-01
  1660.000 1.376E-01
  1660.250 1.580E-01
  1660.500 1.755E-01
  1660.750 2.127E-01
  1661.000 2.427E-01
  1661.250 2.572E-01
  1661.500 3.364E-01
  1661.750 4.108E-01
  1662.000 4.529E-01
  1662.250 4.862E-01
  1662.500 5.404E-01
  1662.750 5.962E-01
  1663.000 5.213E-01
  1663.250 4.500E-01
  1663.500 5.260E-01
  1663.750 5.743E-01
  1664.000 6.378E-01
  1664.250 5.838E-01
  1664.500 5.250E-01
  1664.750 6.854E-01
  1665.000 8.187E-01
  1665.250 8.099E-01
  1665.500 7.387E-01
  1665.750 6.324E-01
  1666.000 4.112E-01
  1666.250 1.642E-01
  1666.500 7.989E-02
  1666.750 1.530E-01
  1667.000 2.835E-01
  1667.250 2.739E-01
  1667.500 1.389E-01
  1667.750 9.968E-02
  1668.000 1.398E-01
  1668.250 1.030E-01
  1668.500 5.291E-02
  1668.750 9.600E-02
  1669.000 1.724E-01
  1669.250 1.819E-01
  1669.500 1.341E-01
  1669.750 8.085E-02
  1670.000 4.326E-02
  1670.250 1.981E-02
  1670.500 8.166E-03
  1670.750 2.528E-03
  1671.000 2.495E-03
  1671.250 7.727E-03
  1671.500 1.644E-02
  1671.750 3.538E-02
  1672.000 6.231E-02
  1672.250 6.829E-02
  1672.500 5.344E-02
  1672.750 1.027E-01
  1673.000 2.317E-01
  1673.250 3.347E-01
  1673.500 4.003E-01
  1673.750 4.517E-01
  1674.000 3.881E-01
  1674.250 2.332E-01
  1674.500 9.834E-02
  1674.750 5.169E-02
  1675.000 3.454E-02
  1675.250 1.779E-02
  1675.500 3.333E-02
  1675.750 6.572E-02
  1676.000 8.842E-02
  1676.250 1.510E-01
  1676.500 2.813E-01
  1676.750 3.657E-01
  1677.000 4.841E-01
  1677.250 5.841E-01
  1677.500 6.145E-01
  1677.750 5.829E-01
  1678.000 6.374E-01
  1678.250 7.714E-01
  1678.500 8.567E-01
  1678.750 8.863E-01
  1679.000 7.388E-01
  1679.250 5.317E-01
  1679.500 2.448E-01
  1679.750 1.920E-01
  1680.000 4.897E-01
  1680.250 7.198E-01
  1680.500 1.005E+00
  1680.750 1.251E+00
  1681.000 9.304E-01
  1681.250 1.148E+00
  1681.500 1.474E+00
  1681.750 1.335E+00
  1682.000 1.485E+00
  1682.250 1.289E+00
  1682.500 7.633E-01
  1682.750 6.211E-01
  1683.000 5.657E-01
  1683.250 2.136E-01
  1683.500 5.408E-02
  1683.750 9.942E-02
  1684.000 1.662E-01
  1684.250 1.939E-01
  1684.500 2.115E-01
  1684.750 2.348E-01
  1685.000 3.521E-01
  1685.250 3.859E-01
  1685.500 4.065E-01
  1685.750 4.272E-01
  1686.000 2.769E-01
  1686.250 2.431E-01
  1686.500 2.790E-01
  1686.750 2.373E-01
  1687.000 3.045E-01
  1687.250 7.051E-01
  1687.500 8.682E-01
  1687.750 6.945E-01
  1688.000 8.588E-01
  1688.250 9.421E-01
  1688.500 7.411E-01
  1688.750 7.339E-01
  1689.000 7.803E-01
  1689.250 7.897E-01
  1689.500 9.809E-01
  1689.750 1.049E+00
  1690.000 1.037E+00
  1690.250 1.416E+00
  1690.500 1.387E+00
  1690.750 8.763E-01
  1691.000 7.069E-01
  1691.250 7.219E-01
  1691.500 7.650E-01
  1691.750 7.473E-01
  1692.000 6.227E-01
  1692.250 5.451E-01
  1692.500 3.710E-01
  1692.750 2.008E-01
  1693.000 9.132E-02
  1693.250 4.239E-02
  1693.500 9.839E-02
  1693.750 2.017E-01
  1694.000 2.510E-01
  1694.250 2.980E-01
  1694.500 2.623E-01
  1694.750 2.388E-01
  1695.000 1.832E-01
  1695.250 8.242E-02
  1695.500 2.708E-02
  1695.750 1.235E-02
  1696.000 7.088E-03
  1696.250 6.694E-03
  1696.500 1.783E-02
  1696.750 3.571E-02
  1697.000 5.660E-02
  1697.250 5.644E-02
  1697.500 3.142E-02
  1697.750 1.026E-02
  1698.000 5.702E-03
  1698.250 1.771E-02
  1698.500 5.194E-02
  1698.750 1.068E-01
  1699.000 1.521E-01
  1699.250 2.143E-01
  1699.500 2.165E-01
  1699.750 1.354E-01
  1700.000 8.755E-02
  1700.250 3.960E-02
  1700.500 1.885E-02
  1700.750 7.367E-02
  1701.000 2.471E-01
  1701.250 4.805E-01
  1701.500 5.924E-01
  1701.750 4.561E-01
  1702.000 2.953E-01
  1702.250 3.912E-01
  1702.500 4.260E-01
  1702.750 2.471E-01
  1703.000 2.543E-01
  1703.250 4.361E-01
  1703.500 5.911E-01
  1703.750 6.607E-01
  1704.000 4.433E-01
  1704.250 1.704E-01
  1704.500 1.132E-01
  1704.750 3.343E-01
  1705.000 6.690E-01
  1705.250 1.105E+00
  1705.500 1.321E+00
  1705.750 9.804E-01
  1706.000 8.667E-01
  1706.250 9.798E-01
  1706.500 9.146E-01
  1706.750 6.038E-01
  1707.000 2.482E-01
  1707.250 2.171E-01
  1707.500 4.013E-01
  1707.750 9.845E-01
  1708.000 1.673E+00
  1708.250 1.571E+00
  1708.500 1.178E+00
  1708.750 1.372E+00
  1709.000 1.903E+00
  1709.250 1.670E+00
  1709.500 1.037E+00
  1709.750 1.310E+00
  1710.000 2.220E+00
  1710.250 2.767E+00
  1710.500 2.780E+00
  1710.750 3.018E+00
  1711.000 3.286E+00
  1711.250 2.944E+00
  1711.500 2.211E+00
  1711.750 2.353E+00
  1712.000 2.899E+00
  1712.250 2.658E+00
  1712.500 2.056E+00
  1712.750 1.258E+00
  1713.000 7.282E-01
  1713.250 8.094E-01
  1713.500 1.239E+00
  1713.750 1.843E+00
  1714.000 2.457E+00
  1714.250 2.862E+00
  1714.500 2.644E+00
  1714.750 2.273E+00
  1715.000 2.700E+00
  1715.250 3.146E+00
  1715.500 3.181E+00
  1715.750 3.540E+00
  1716.000 3.714E+00
  1716.250 3.250E+00
  1716.500 2.789E+00
  1716.750 2.873E+00
  1717.000 3.003E+00
  1717.250 3.314E+00
  1717.500 3.083E+00
  1717.750 2.311E+00
  1718.000 1.907E+00
  1718.250 1.973E+00
  1718.500 2.051E+00
  1718.750 2.360E+00
  1719.000 2.901E+00
  1719.250 3.257E+00
  1719.500 3.513E+00
  1719.750 3.397E+00
  1720.000 2.435E+00
  1720.250 1.457E+00
  1720.500 1.117E+00
  1720.750 1.558E+00
  1721.000 2.255E+00
  1721.250 2.537E+00
  1721.500 3.151E+00
  1721.750 3.307E+00
  1722.000 3.353E+00
  1722.250 3.203E+00
  1722.500 2.754E+00
  1722.750 2.988E+00
  1723.000 3.147E+00
  1723.250 3.361E+00
  1723.500 3.506E+00
  1723.750 3.648E+00
  1724.000 2.975E+00
  1724.250 1.850E+00
  1724.500 1.483E+00
  1724.750 1.363E+00
  1725.000 1.577E+00
  1725.250 2.588E+00
  1725.500 3.234E+00
  1725.750 2.972E+00
  1726.000 2.318E+00
  1726.250 1.518E+00
  1726.500 1.481E+00
  1726.750 2.445E+00
  1727.000 3.247E+00
  1727.250 3.195E+00
  1727.500 2.921E+00
  1727.750 3.336E+00
  1728.000 3.876E+00
  1728.250 4.178E+00
  1728.500 4.158E+00
  1728.750 3.872E+00
  1729.000 3.988E+00
  1729.250 4.358E+00
  1729.500 4.438E+00
  1729.750 4.315E+00
  1730.000 4.227E+00
  1730.250 4.084E+00
  1730.500 3.822E+00
  1730.750 3.900E+00
  1731.000 3.436E+00
  1731.250 3.137E+00
  1731.500 3.543E+00
  1731.750 3.728E+00
  1732.000 3.822E+00
  1732.250 3.789E+00
  1732.500 3.257E+00
  1732.750 3.492E+00
  1733.000 3.995E+00
  1733.250 3.734E+00
  1733.500 3.450E+00
  1733.750 3.970E+00
  1734.000 4.212E+00
  1734.250 4.023E+00
  1734.500 3.427E+00
  1734.750 3.019E+00
  1735.000 3.576E+00
  1735.250 3.775E+00
  1735.500 3.690E+00
  1735.750 4.261E+00
  1736.000 4.451E+00
  1736.250 4.147E+00
  1736.500 3.767E+00
  1736.750 3.867E+00
  1737.000 3.517E+00
  1737.250 2.963E+00
  1737.500 2.913E+00
  1737.750 2.839E+00
  1738.000 3.312E+00
  1738.250 3.896E+00
  1738.500 4.085E+00
  1738.750 3.883E+00
  1739.000 3.885E+00
  1739.250 4.262E+00
  1739.500 4.406E+00
  1739.750 4.047E+00
  1740.000 2.923E+00
  1740.250 1.987E+00
  1740.500 2.287E+00
  1740.750 3.096E+00
  1741.000 3.146E+00
  1741.250 2.137E+00
  1741.500 1.153E+00
  1741.750 1.402E+00
  1742.000 2.293E+00
  1742.250 3.145E+00
  1742.500 3.533E+00
  1742.750 3.403E+00
  1743.000 3.565E+00
  1743.250 3.608E+00
  1743.500 3.544E+00
  1743.750 2.993E+00
  1744.000 2.730E+00
  1744.250 3.514E+00
  1744.500 3.856E+00
  1744.750 3.673E+00
  1745.000 3.082E+00
  1745.250 1.803E+00
  1745.500 1.632E+00
  1745.750 2.581E+00
  1746.000 3.425E+00
  1746.250 3.789E+00
  1746.500 3.508E+00
  1746.750 2.609E+00
  1747.000 1.865E+00
  1747.250 1.245E+00
  1747.500 4.478E-01
  1747.750 1.082E-01
  1748.000 1.713E-01
  1748.250 5.072E-01
  1748.500 1.277E+00
  1748.750 2.354E+00
  1749.000 3.094E+00
  1749.250 3.596E+00
  1749.500 3.812E+00
  1749.750 3.639E+00
  1750.000 4.073E+00
  1750.250 4.524E+00
  1750.500 4.599E+00
  1750.750 4.538E+00
  1751.000 4.494E+00
  1751.250 4.297E+00
  1751.500 3.388E+00
  1751.750 1.988E+00
  1752.000 1.820E+00
  1752.250 2.869E+00
  1752.500 3.448E+00
  1752.750 3.721E+00
  1753.000 3.732E+00
  1753.250 4.052E+00
  1753.500 4.528E+00
  1753.750 4.476E+00
  1754.000 4.272E+00
  1754.250 3.919E+00
  1754.500 3.576E+00
  1754.750 3.035E+00
  1755.000 3.600E+00
  1755.250 4.630E+00
  1755.500 4.903E+00
  1755.750 4.675E+00
  1756.000 4.339E+00
  1756.250 3.201E+00
  1756.500 2.301E+00
  1756.750 3.321E+00
  1757.000 4.234E+00
  1757.250 3.924E+00
  1757.500 3.876E+00
  1757.750 4.289E+00
  1758.000 4.395E+00
  1758.250 4.356E+00
  1758.500 4.250E+00
  1758.750 4.271E+00
  1759.000 4.377E+00
  1759.250 4.130E+00
  1759.500 3.190E+00
  1759.750 2.415E+00
  1760.000 2.695E+00
  1760.250 2.755E+00
  1760.500 2.335E+00
  1760.750 2.378E+00
  1761.000 2.447E+00
  1761.250 2.054E+00
  1761.500 1.785E+00
  1761.750 1.563E+00
  1762.000 1.185E+00
  1762.250 6.649E-01
  1762.500 2.392E-01
  1762.750 5.144E-02
  1763.000 3.161E-02
  1763.250 9.702E-02
  1763.500 1.715E-01
  1763.750 2.941E-01
  1764.000 5.135E-01
  1764.250 6.492E-01
  1764.500 6.053E-01
  1764.750 3.863E-01
  1765.000 1.517E-01
  1765.250 4.657E-02
  1765.500 1.643E-02
  1765.750 5.815E-03
  1766.000 3.194E-03
  1766.250 1.651E-03
  1766.500 2.998E-03
  1766.750 1.226E-02
  1767.000 4.211E-02
  1767.250 1.099E-01
  1767.500 2.341E-01
  1767.750 4.378E-01
  1768.000 6.416E-01
  1768.250 6.874E-01
  1768.500 5.499E-01
  1768.750 3.328E-01
  1769.000 1.204E-01
  1769.250 8.625E-02
  1769.500 1.745E-01
  1769.750 2.172E-01
  1770.000 2.264E-01
  1770.250 1.517E-01
  1770.500 5.082E-02
  1770.750 3.466E-02
  1771.000 1.552E-01
  1771.250 4.798E-01
  1771.500 9.287E-01
  1771.750 1.333E+00
  1772.000 1.407E+00
  1772.250 1.253E+00
  1772.500 1.860E+00
  1772.750 2.811E+00
  1773.000 3.262E+00
  1773.250 3.507E+00
  1773.500 3.359E+00
  1773.750 2.731E+00
  1774.000 2.109E+00
  1774.250 2.349E+00
  1774.500 2.195E+00
  1774.750 1.134E+00
  1775.000 6.651E-01
  1775.250 1.571E+00
  1775.500 2.962E+00
  1775.750 3.647E+00
  1776.000 3.882E+00
  1776.250 3.984E+00
  1776.500 3.119E+00
  1776.750 2.009E+00
  1777.000 2.847E+00
  1777.250 4.427E+00
  1777.500 4.624E+00
  1777.750 4.247E+00
  1778.000 4.789E+00
  1778.250 5.287E+00
  1778.500 5.476E+00
  1778.750 5.728E+00
  1779.000 5.765E+00
  1779.250 5.557E+00
  1779.500 5.683E+00
  1779.750 5.732E+00
  1780.000 5.138E+00
  1780.250 5.007E+00
  1780.500 5.370E+00
  1780.750 5.000E+00
  1781.000 4.847E+00
  1781.250 4.799E+00
  1781.500 4.724E+00
  1781.750 4.974E+00
  1782.000 4.905E+00
  1782.250 3.801E+00
  1782.500 2.164E+00
  1782.750 9.652E-01
  1783.000 9.411E-01
  1783.250 2.019E+00
  1783.500 3.968E+00
  1783.750 5.026E+00
  1784.000 4.937E+00
  1784.250 5.205E+00
  1784.500 5.390E+00
  1784.750 5.521E+00
  1785.000 5.241E+00
  1785.250 3.870E+00
  1785.500 3.703E+00
  1785.750 4.148E+00
  1786.000 4.418E+00
  1786.250 4.705E+00
  1786.500 4.507E+00
  1786.750 4.113E+00
  1787.000 4.410E+00
  1787.250 3.785E+00
  1787.500 2.007E+00
  1787.750 1.519E+00
  1788.000 2.328E+00
  1788.250 2.535E+00
  1788.500 1.930E+00
  1788.750 2.573E+00
  1789.000 4.541E+00
  1789.250 5.831E+00
  1789.500 6.220E+00
  1789.750 5.958E+00
  1790.000 5.608E+00
  1790.250 5.563E+00
  1790.500 6.156E+00
  1790.750 6.602E+00
  1791.000 6.677E+00
  1791.250 6.687E+00
  1791.500 6.716E+00
  1791.750 6.690E+00
  1792.000 6.486E+00
  1792.250 6.303E+00
  1792.500 6.420E+00
  1792.750 6.663E+00
  1793.000 6.552E+00
  1793.250 5.903E+00
  1793.500 5.709E+00
  1793.750 6.052E+00
  1794.000 6.517E+00
  1794.250 6.806E+00
  1794.500 6.802E+00
  1794.750 6.713E+00
  1795.000 6.662E+00
  1795.250 6.663E+00
  1795.500 6.557E+00
  1795.750 6.474E+00
  1796.000 6.479E+00
  1796.250 6.615E+00
  1796.500 6.258E+00
  1796.750 5.560E+00
  1797.000 5.131E+00
  1797.250 4.855E+00
  1797.500 5.035E+00
  1797.750 5.551E+00
  1798.000 5.277E+00
  1798.250 5.385E+00
  1798.500 6.168E+00
  1798.750 6.199E+00
  1799.000 5.421E+00
  1799.250 5.355E+00
  1799.500 5.907E+00
  1799.750 5.907E+00
  1800.000 6.036E+00
  1800.250 6.145E+00
  1800.500 6.046E+00
  1800.750 5.658E+00
  1801.000 5.269E+00
  1801.250 5.721E+00
  1801.500 5.930E+00
  1801.750 5.357E+00
  1802.000 4.203E+00
  1802.250 4.444E+00
  1802.500 5.358E+00
  1802.750 5.485E+00
  1803.000 5.338E+00
  1803.250 4.942E+00
  1803.500 4.516E+00
  1803.750 4.371E+00
  1804.000 3.846E+00
  1804.250 3.117E+00
  1804.500 2.618E+00
  1804.750 2.680E+00
  1805.000 2.710E+00
  1805.250 2.446E+00
  1805.500 2.041E+00
  1805.750 1.526E+00
  1806.000 1.049E+00
  1806.250 6.960E-01
  1806.500 3.882E-01
  1806.750 1.705E-01
  1807.000 5.597E-02
  1807.250 1.466E-02
  1807.500 1.681E-02
  1807.750 5.778E-02
  1808.000 1.736E-01
  1808.250 3.744E-01
  1808.500 6.548E-01
  1808.750 8.716E-01
  1809.000 8.245E-01
  1809.250 1.200E+00
  1809.500 2.171E+00
  1809.750 2.904E+00
  1810.000 3.345E+00
  1810.250 3.827E+00
  1810.500 4.243E+00
  1810.750 4.340E+00
  1811.000 3.867E+00
  1811.250 3.867E+00
  1811.500 4.757E+00
  1811.750 4.914E+00
  1812.000 4.618E+00
  1812.250 5.100E+00
  1812.500 5.678E+00
  1812.750 5.784E+00
  1813.000 5.478E+00
  1813.250 4.886E+00
  1813.500 4.442E+00
  1813.750 3.181E+00
  1814.000 1.592E+00
  1814.250 1.803E+00
  1814.500 3.099E+00
  1814.750 4.252E+00
  1815.000 5.207E+00
  1815.250 4.953E+00
  1815.500 4.775E+00
  1815.750 5.065E+00
  1816.000 5.646E+00
  1816.250 5.964E+00
  1816.500 5.742E+00
  1816.750 4.987E+00
  1817.000 4.298E+00
  1817.250 4.011E+00
  1817.500 3.564E+00
  1817.750 3.539E+00
  1818.000 3.453E+00
  1818.250 3.525E+00
  1818.500 3.117E+00
  1818.750 2.854E+00
  1819.000 2.489E+00
  1819.250 1.822E+00
  1819.500 1.120E+00
  1819.750 5.482E-01
  1820.000 1.952E-01
  1820.250 4.979E-02
  1820.500 4.614E-02
  1820.750 1.760E-01
  1821.000 5.259E-01
  1821.250 1.117E+00
  1821.500 1.827E+00
  1821.750 2.407E+00
  1822.000 2.309E+00
  1822.250 1.746E+00
  1822.500 2.191E+00
  1822.750 3.876E+00
  1823.000 4.981E+00
  1823.250 5.159E+00
  1823.500 4.897E+00
  1823.750 4.548E+00
  1824.000 4.483E+00
  1824.250 5.056E+00
  1824.500 5.186E+00
  1824.750 4.351E+00
  1825.000 2.855E+00
  1825.250 2.200E+00
  1825.500 1.986E+00
  1825.750 1.288E+00
  1826.000 4.953E-01
  1826.250 1.607E-01
  1826.500 3.505E-01
  1826.750 9.459E-01
  1827.000 1.710E+00
  1827.250 2.256E+00
  1827.500 1.825E+00
  1827.750 7.927E-01
  1828.000 4.806E-01
  1828.250 1.326E+00
  1828.500 3.008E+00
  1828.750 4.473E+00
  1829.000 5.523E+00
  1829.250 6.228E+00
  1829.500 6.343E+00
  1829.750 5.588E+00
  1830.000 5.569E+00
  1830.250 6.468E+00
  1830.500 6.151E+00
  1830.750 5.814E+00
  1831.000 6.185E+00
  1831.250 6.285E+00
  1831.500 6.027E+00
  1831.750 6.194E+00
  1832.000 6.828E+00
  1832.250 6.561E+00
  1832.500 5.478E+00
  1832.750 6.112E+00
  1833.000 6.753E+00
  1833.250 7.207E+00
  1833.500 7.872E+00
  1833.750 7.933E+00
  1834.000 7.753E+00
  1834.250 7.373E+00
  1834.500 7.219E+00
  1834.750 6.542E+00
  1835.000 6.640E+00
  1835.250 7.632E+00
  1835.500 7.556E+00
  1835.750 6.658E+00
  1836.000 5.578E+00
  1836.250 3.908E+00
  1836.500 2.524E+00
  1836.750 4.008E+00
  1837.000 6.042E+00
  1837.250 6.618E+00
  1837.500 6.402E+00
  1837.750 5.332E+00
  1838.000 4.424E+00
  1838.250 5.491E+00
  1838.500 6.748E+00
  1838.750 7.447E+00
  1839.000 7.367E+00
  1839.250 6.520E+00
  1839.500 5.645E+00
  1839.750 4.899E+00
  1840.000 4.080E+00
  1840.250 4.431E+00
  1840.500 4.720E+00
  1840.750 3.876E+00
  1841.000 2.129E+00
  1841.250 6.802E-01
  1841.500 6.384E-01
  1841.750 1.980E+00
  1842.000 3.409E+00
  1842.250 3.804E+00
  1842.500 4.153E+00
  1842.750 3.883E+00
  1843.000 3.338E+00
  1843.250 3.025E+00
  1843.500 2.213E+00
  1843.750 1.523E+00
  1844.000 1.754E+00
  1844.250 1.868E+00
  1844.500 1.429E+00
  1844.750 9.064E-01
  1845.000 4.225E-01
  1845.250 1.372E-01
  1845.500 4.223E-02
  1845.750 6.567E-02
  1846.000 1.397E-01
  1846.250 2.559E-01
  1846.500 3.078E-01
  1846.750 2.223E-01
  1847.000 1.109E-01
  1847.250 3.726E-02
  1847.500 1.272E-02
  1847.750 1.606E-02
  1848.000 1.983E-02
  1848.250 4.115E-02
  1848.500 9.850E-02
  1848.750 2.011E-01
  1849.000 3.785E-01
  1849.250 4.699E-01
  1849.500 4.064E-01
  1849.750 2.709E-01
  1850.000 1.674E-01
