   850.000 5.386E-04
   850.250 5.419E-04
   850.500 5.465E-04
   850.750 5.513E-04
   851.000 5.561E-04
   851.250 5.610E-04
   851.500 5.659E-04
   851.750 5.708E-04
   852.000 5.758E-04
   852.250 5.809E-04
   852.500 5.860E-04
   852.750 5.911E-04
   853.000 5.962E-04
   853.250 6.014E-04
   853.500 6.067E-04
   853.750 6.120E-04
   854.000 6.173E-04
   854.250 6.226E-04
   854.500 6.281E-04
   854.750 6.335E-04
   855.000 6.390E-04
   855.250 6.445E-04
   855.500 6.501E-04
   855.750 6.558E-04
   856.000 6.614E-04
   856.250 6.672E-04
   856.500 6.730E-04
   856.750 6.788E-04
   857.000 6.846E-04
   857.250 6.905E-04
   857.500 6.965E-04
   857.750 7.025E-04
   858.000 7.086E-04
   858.250 7.147E-04
   858.500 7.208E-04
   858.750 7.270E-04
   859.000 7.332E-04
   859.250 7.395E-04
   859.500 7.459E-04
   859.750 7.523E-04
   860.000 7.587E-04
   860.250 7.653E-04
   860.500 7.718E-04
   860.750 7.784E-04
   861.000 7.850E-04
   861.250 7.918E-04
   861.500 7.985E-04
   861.750 8.053E-04
   862.000 8.122E-04
   862.250 8.192E-04
   862.500 8.262E-04
   862.750 8.332E-04
   863.000 8.404E-04
   863.250 8.474E-04
   863.500 8.546E-04
   863.750 8.618E-04
   864.000 8.692E-04
   864.250 8.766E-04
   864.500 8.840E-04
   864.750 8.914E-04
   865.000 8.990E-04
   865.250 9.066E-04
   865.500 9.143E-04
   865.750 9.220E-04
   866.000 9.298E-04
   866.250 9.377E-04
   866.500 9.455E-04
   866.750 9.535E-04
   867.000 9.616E-04
   867.250 9.696E-04
   867.500 9.778E-04
   867.750 9.860E-04
   868.000 9.943E-04
   868.250 1.003E-03
   868.500 1.011E-03
   868.750 1.020E-03
   869.000 1.028E-03
   869.250 1.037E-03
   869.500 1.045E-03
   869.750 1.054E-03
   870.000 1.063E-03
   870.250 1.072E-03
   870.500 1.081E-03
   870.750 1.090E-03
   871.000 1.099E-03
   871.250 1.108E-03
   871.500 1.117E-03
   871.750 1.127E-03
   872.000 1.136E-03
   872.250 1.145E-03
   872.500 1.155E-03
   872.750 1.164E-03
   873.000 1.174E-03
   873.250 1.184E-03
   873.500 1.194E-03
   873.750 1.204E-03
   874.000 1.214E-03
   874.250 1.224E-03
   874.500 1.234E-03
   874.750 1.244E-03
   875.000 1.254E-03
   875.250 1.264E-03
   875.500 1.275E-03
   875.750 1.285E-03
   876.000 1.296E-03
   876.250 1.307E-03
   876.500 1.317E-03
   876.750 1.328E-03
   877.000 1.339E-03
   877.250 1.350E-03
   877.500 1.361E-03
   877.750 1.373E-03
   878.000 1.384E-03
   878.250 1.395E-03
   878.500 1.406E-03
   878.750 1.418E-03
   879.000 1.430E-03
   879.250 1.441E-03
   879.500 1.453E-03
   879.750 1.465E-03
   880.000 1.477E-03
   880.250 1.489E-03
   880.500 1.501E-03
   880.750 1.513E-03
   881.000 1.525E-03
   881.250 1.538E-03
   881.500 1.550E-03
   881.750 1.563E-03
   882.000 1.576E-03
   882.250 1.588E-03
   882.500 1.601E-03
   882.750 1.614E-03
   883.000 1.627E-03
   883.250 1.640E-03
   883.500 1.654E-03
   883.750 1.667E-03
   884.000 1.680E-03
   884.250 1.694E-03
   884.500 1.708E-03
   884.750 1.721E-03
   885.000 1.735E-03
   885.250 1.749E-03
   885.500 1.763E-03
   885.750 1.777E-03
   886.000 1.792E-03
   886.250 1.806E-03
   886.500 1.821E-03
   886.750 1.835E-03
   887.000 1.850E-03
   887.250 1.865E-03
   887.500 1.880E-03
   887.750 1.895E-03
   888.000 1.910E-03
   888.250 1.925E-03
   888.500 1.940E-03
   888.750 1.956E-03
   889.000 1.972E-03
   889.250 1.987E-03
   889.500 2.003E-03
   889.750 2.019E-03
   890.000 2.035E-03
   890.250 2.051E-03
   890.500 2.068E-03
   890.750 2.084E-03
   891.000 2.101E-03
   891.250 2.117E-03
   891.500 2.134E-03
   891.750 2.151E-03
   892.000 2.168E-03
   892.250 2.185E-03
   892.500 2.202E-03
   892.750 2.220E-03
   893.000 2.237E-03
   893.250 2.255E-03
   893.500 2.273E-03
   893.750 2.291E-03
   894.000 2.309E-03
   894.250 2.327E-03
   894.500 2.345E-03
   894.750 2.364E-03
   895.000 2.382E-03
   895.250 2.401E-03
   895.500 2.420E-03
   895.750 2.439E-03
   896.000 2.458E-03
   896.250 2.477E-03
   896.500 2.496E-03
   896.750 2.516E-03
   897.000 2.536E-03
   897.250 2.556E-03
   897.500 2.575E-03
   897.750 2.596E-03
   898.000 2.616E-03
   898.250 2.636E-03
   898.500 2.657E-03
   898.750 2.677E-03
   899.000 2.698E-03
   899.250 2.719E-03
   899.500 2.740E-03
   899.750 2.762E-03
   900.000 2.783E-03
   900.250 2.805E-03
   900.500 2.826E-03
   900.750 2.848E-03
   901.000 2.871E-03
   901.250 2.893E-03
   901.500 2.915E-03
   901.750 2.938E-03
   902.000 2.960E-03
   902.250 2.983E-03
   902.500 3.006E-03
   902.750 3.029E-03
   903.000 3.053E-03
   903.250 3.076E-03
   903.500 3.100E-03
   903.750 3.124E-03
   904.000 3.148E-03
   904.250 3.172E-03
   904.500 3.196E-03
   904.750 3.220E-03
   905.000 3.245E-03
   905.250 3.270E-03
   905.500 3.295E-03
   905.750 3.321E-03
   906.000 3.346E-03
   906.250 3.372E-03
   906.500 3.398E-03
   906.750 3.423E-03
   907.000 3.449E-03
   907.250 3.476E-03
   907.500 3.502E-03
   907.750 3.529E-03
   908.000 3.556E-03
   908.250 3.583E-03
   908.500 3.610E-03
   908.750 3.638E-03
   909.000 3.665E-03
   909.250 3.693E-03
   909.500 3.721E-03
   909.750 3.750E-03
   910.000 3.778E-03
   910.250 3.806E-03
   910.500 3.835E-03
   910.750 3.864E-03
   911.000 3.890E-03
   911.250 3.907E-03
   911.500 3.914E-03
   911.750 3.923E-03
   912.000 3.961E-03
   912.250 4.024E-03
   912.500 4.070E-03
   912.750 4.103E-03
   913.000 4.142E-03
   913.250 4.302E-03
   913.500 5.078E-03
   913.750 6.767E-03
   914.000 8.740E-03
   914.250 1.032E-02
   914.500 1.167E-02
   914.750 1.349E-02
   915.000 1.571E-02
   915.250 1.777E-02
   915.500 1.917E-02
   915.750 2.108E-02
   916.000 2.267E-02
   916.250 2.769E-02
   916.500 3.106E-02
   916.750 3.063E-02
   917.000 3.940E-02
   917.250 4.571E-02
   917.500 4.138E-02
   917.750 4.484E-02
   918.000 6.026E-02
   918.250 6.152E-02
   918.500 5.435E-02
   918.750 5.799E-02
   919.000 6.489E-02
   919.250 9.105E-02
   919.500 8.605E-02
   919.750 6.964E-02
   920.000 8.750E-02
   920.250 9.271E-02
   920.500 7.715E-02
   920.750 7.666E-02
   921.000 7.627E-02
   921.250 6.548E-02
   921.500 7.656E-02
   921.750 9.323E-02
   922.000 1.098E-01
   922.250 1.312E-01
   922.500 1.153E-01
   922.750 8.019E-02
   923.000 7.620E-02
   923.250 7.625E-02
   923.500 7.672E-02
   923.750 1.071E-01
   924.000 1.834E-01
   924.250 2.623E-01
   924.500 2.748E-01
   924.750 2.177E-01
   925.000 1.962E-01
   925.250 2.089E-01
   925.500 1.675E-01
   925.750 1.109E-01
   926.000 8.614E-02
   926.250 6.843E-02
   926.500 6.484E-02
   926.750 9.358E-02
   927.000 1.580E-01
   927.250 2.733E-01
   927.500 4.042E-01
   927.750 5.187E-01
   928.000 5.628E-01
   928.250 5.593E-01
   928.500 5.814E-01
   928.750 6.225E-01
   929.000 6.136E-01
   929.250 4.964E-01
   929.500 3.003E-01
   929.750 2.144E-01
   930.000 1.718E-01
   930.250 1.194E-01
   930.500 1.398E-01
   930.750 1.624E-01
   931.000 1.086E-01
   931.250 1.125E-01
   931.500 1.859E-01
   931.750 3.283E-01
   932.000 4.752E-01
   932.250 6.277E-01
   932.500 7.622E-01
   932.750 8.737E-01
   933.000 1.019E+00
   933.250 1.154E+00
   933.500 1.312E+00
   933.750 1.359E+00
   934.000 1.512E+00
   934.250 1.785E+00
   934.500 1.736E+00
   934.750 1.509E+00
   935.000 1.405E+00
   935.250 1.228E+00
   935.500 9.524E-01
   935.750 7.727E-01
   936.000 7.055E-01
   936.250 5.669E-01
   936.500 3.308E-01
   936.750 1.897E-01
   937.000 1.768E-01
   937.250 1.276E-01
   937.500 7.836E-02
   937.750 7.258E-02
   938.000 7.482E-02
   938.250 1.067E-01
   938.500 1.682E-01
   938.750 2.617E-01
   939.000 4.283E-01
   939.250 6.215E-01
   939.500 8.066E-01
   939.750 1.043E+00
   940.000 1.175E+00
   940.250 1.453E+00
   940.500 1.842E+00
   940.750 2.126E+00
   941.000 2.475E+00
   941.250 2.384E+00
   941.500 2.412E+00
   941.750 2.795E+00
   942.000 3.035E+00
   942.250 3.412E+00
   942.500 3.526E+00
   942.750 3.646E+00
   943.000 3.986E+00
   943.250 4.033E+00
   943.500 3.617E+00
   943.750 3.124E+00
   944.000 2.872E+00
   944.250 2.577E+00
   944.500 1.878E+00
   944.750 1.042E+00
   945.000 3.873E-01
   945.250 8.633E-02
   945.500 4.870E-02
   945.750 1.953E-01
   946.000 5.446E-01
   946.250 9.075E-01
   946.500 1.134E+00
   946.750 1.113E+00
   947.000 1.223E+00
   947.250 1.432E+00
   947.500 1.321E+00
   947.750 9.891E-01
   948.000 8.259E-01
   948.250 6.452E-01
   948.500 3.513E-01
   948.750 1.832E-01
   949.000 1.465E-01
   949.250 1.043E-01
   949.500 6.590E-02
   949.750 5.172E-02
   950.000 6.020E-02
   950.250 1.035E-01
   950.500 1.572E-01
   950.750 2.471E-01
   951.000 4.343E-01
   951.250 6.919E-01
   951.500 1.039E+00
   951.750 1.366E+00
   952.000 1.468E+00
   952.250 1.219E+00
   952.500 1.564E+00
   952.750 2.541E+00
   953.000 2.712E+00
   953.250 1.936E+00
   953.500 9.135E-01
   953.750 6.064E-01
   954.000 1.322E+00
   954.250 3.431E+00
   954.500 5.322E+00
   954.750 6.001E+00
   955.000 6.496E+00
   955.250 6.126E+00
   955.500 5.654E+00
   955.750 6.799E+00
   956.000 8.968E+00
   956.250 1.155E+01
   956.500 1.235E+01
   956.750 1.226E+01
   957.000 1.231E+01
   957.250 1.147E+01
   957.500 9.785E+00
   957.750 9.630E+00
   958.000 1.131E+01
   958.250 1.230E+01
   958.500 1.380E+01
   958.750 1.611E+01
   959.000 1.737E+01
   959.250 1.718E+01
   959.500 1.594E+01
   959.750 1.669E+01
   960.000 1.611E+01
   960.250 1.493E+01
   960.500 1.651E+01
   960.750 1.814E+01
   961.000 1.767E+01
   961.250 1.713E+01
   961.500 1.692E+01
   961.750 1.747E+01
   962.000 1.753E+01
   962.250 1.694E+01
   962.500 1.626E+01
   962.750 1.723E+01
   963.000 1.883E+01
   963.250 1.749E+01
   963.500 1.266E+01
   963.750 6.380E+00
   964.000 3.812E+00
   964.250 5.129E+00
   964.500 4.483E+00
   964.750 3.251E+00
   965.000 3.434E+00
   965.250 4.731E+00
   965.500 7.648E+00
   965.750 1.150E+01
   966.000 1.254E+01
   966.250 1.070E+01
   966.500 8.808E+00
   966.750 9.551E+00
   967.000 9.768E+00
   967.250 8.624E+00
   967.500 7.753E+00
   967.750 6.780E+00
   968.000 5.592E+00
   968.250 4.944E+00
   968.500 5.097E+00
   968.750 4.886E+00
   969.000 4.121E+00
   969.250 3.344E+00
   969.500 2.877E+00
   969.750 2.440E+00
   970.000 1.947E+00
   970.250 1.621E+00
   970.500 1.287E+00
   970.750 9.317E-01
   971.000 6.468E-01
   971.250 4.532E-01
   971.500 2.684E-01
   971.750 1.211E-01
   972.000 6.713E-02
   972.250 6.373E-02
   972.500 2.171E-01
   972.750 8.629E-01
   973.000 2.215E+00
   973.250 5.205E+00
   973.500 9.405E+00
   973.750 1.257E+01
   974.000 1.907E+01
   974.250 3.069E+01
   974.500 4.572E+01
   974.750 5.852E+01
   975.000 6.490E+01
   975.250 7.217E+01
   975.500 8.365E+01
   975.750 9.794E+01
   976.000 1.090E+02
   976.250 1.249E+02
   976.500 1.458E+02
   976.750 1.612E+02
   977.000 1.685E+02
   977.250 1.838E+02
   977.500 1.999E+02
   977.750 2.077E+02
   978.000 2.132E+02
   978.250 2.113E+02
   978.500 1.994E+02
   978.750 2.100E+02
   979.000 2.537E+02
   979.250 2.790E+02
   979.500 2.844E+02
   979.750 3.060E+02
   980.000 3.336E+02
   980.250 3.175E+02
   980.500 3.295E+02
   980.750 3.340E+02
   981.000 3.509E+02
   981.250 3.924E+02
   981.500 3.984E+02
   981.750 3.800E+02
   982.000 3.268E+02
   982.250 3.777E+02
   982.500 4.884E+02
   982.750 4.992E+02
   983.000 5.001E+02
   983.250 5.374E+02
   983.500 5.582E+02
   983.750 5.588E+02
   984.000 5.149E+02
   984.250 4.347E+02
   984.500 3.859E+02
   984.750 3.864E+02
   985.000 4.925E+02
   985.250 5.422E+02
   985.500 4.312E+02
   985.750 4.357E+02
   986.000 6.262E+02
   986.250 7.339E+02
   986.500 7.411E+02
   986.750 7.103E+02
   987.000 6.519E+02
   987.250 5.244E+02
   987.500 3.481E+02
   987.750 2.797E+02
   988.000 3.260E+02
   988.250 2.979E+02
   988.500 1.504E+02
   988.750 8.527E+01
   989.000 1.866E+02
   989.250 2.710E+02
   989.500 1.789E+02
   989.750 6.723E+01
   990.000 2.557E+01
   990.250 4.630E+01
   990.500 8.928E+01
   990.750 1.267E+02
   991.000 2.563E+02
   991.250 3.717E+02
   991.500 3.515E+02
   991.750 3.624E+02
   992.000 4.352E+02
   992.250 3.828E+02
   992.500 1.936E+02
   992.750 1.151E+02
   993.000 2.571E+02
   993.250 4.910E+02
   993.500 6.624E+02
   993.750 6.407E+02
   994.000 4.384E+02
   994.250 2.481E+02
   994.500 1.919E+02
   994.750 2.490E+02
   995.000 4.263E+02
   995.250 5.841E+02
   995.500 5.384E+02
   995.750 5.200E+02
   996.000 6.021E+02
   996.250 7.279E+02
   996.500 7.122E+02
   996.750 6.370E+02
   997.000 5.108E+02
   997.250 4.522E+02
   997.500 5.102E+02
   997.750 5.833E+02
   998.000 5.498E+02
   998.250 4.934E+02
   998.500 5.443E+02
   998.750 5.618E+02
   999.000 5.751E+02
   999.250 5.919E+02
   999.500 5.389E+02
   999.750 6.160E+02
  1000.000 6.388E+02
  1000.250 6.464E+02
  1000.500 6.327E+02
  1000.750 6.129E+02
  1001.000 6.795E+02
  1001.250 7.107E+02
  1001.500 6.453E+02
  1001.750 6.545E+02
  1002.000 6.927E+02
  1002.250 6.435E+02
  1002.500 6.290E+02
  1002.750 5.993E+02
  1003.000 5.438E+02
  1003.250 5.739E+02
  1003.500 6.112E+02
  1003.750 6.340E+02
  1004.000 6.601E+02
  1004.250 6.258E+02
  1004.500 5.201E+02
  1004.750 4.717E+02
  1005.000 5.147E+02
  1005.250 5.780E+02
  1005.500 5.511E+02
  1005.750 4.605E+02
  1006.000 3.987E+02
  1006.250 3.550E+02
  1006.500 3.180E+02
  1006.750 3.708E+02
  1007.000 4.067E+02
  1007.250 3.419E+02
  1007.500 2.892E+02
  1007.750 3.303E+02
  1008.000 3.624E+02
  1008.250 3.672E+02
  1008.500 3.496E+02
  1008.750 3.066E+02
  1009.000 2.730E+02
  1009.250 2.517E+02
  1009.500 2.595E+02
  1009.750 2.985E+02
  1010.000 3.014E+02
  1010.250 2.718E+02
  1010.500 2.924E+02
  1010.750 3.023E+02
  1011.000 2.623E+02
  1011.250 2.588E+02
  1011.500 2.588E+02
  1011.750 2.295E+02
  1012.000 2.087E+02
  1012.250 2.040E+02
  1012.500 2.011E+02
  1012.750 2.196E+02
  1013.000 2.330E+02
  1013.250 2.128E+02
  1013.500 1.844E+02
  1013.750 1.673E+02
  1014.000 1.602E+02
  1014.250 1.592E+02
  1014.500 1.718E+02
  1014.750 1.667E+02
  1015.000 1.509E+02
  1015.250 1.409E+02
  1015.500 1.285E+02
  1015.750 1.410E+02
  1016.000 1.431E+02
  1016.250 1.341E+02
  1016.500 1.317E+02
  1016.750 1.320E+02
  1017.000 1.289E+02
  1017.250 1.227E+02
  1017.500 1.156E+02
  1017.750 1.078E+02
  1018.000 9.365E+01
  1018.250 8.056E+01
  1018.500 8.084E+01
  1018.750 7.840E+01
  1019.000 7.100E+01
  1019.250 6.343E+01
  1019.500 5.714E+01
  1019.750 5.671E+01
  1020.000 5.334E+01
  1020.250 4.810E+01
  1020.500 4.221E+01
  1020.750 3.812E+01
  1021.000 3.805E+01
  1021.250 3.516E+01
  1021.500 3.086E+01
  1021.750 2.669E+01
  1022.000 2.248E+01
  1022.250 1.933E+01
  1022.500 1.647E+01
  1022.750 1.462E+01
  1023.000 1.303E+01
  1023.250 1.046E+01
  1023.500 7.541E+00
  1023.750 5.564E+00
  1024.000 4.508E+00
  1024.250 2.936E+00
  1024.500 1.419E+00
  1024.750 7.364E-01
  1025.000 5.042E-01
  1025.250 3.948E-01
  1025.500 3.061E-01
  1025.750 2.881E-01
  1026.000 4.601E-01
  1026.250 6.854E-01
  1026.500 9.363E-01
  1026.750 1.319E+00
  1027.000 1.809E+00
  1027.250 2.637E+00
  1027.500 4.420E+00
  1027.750 6.262E+00
  1028.000 6.913E+00
  1028.250 8.488E+00
  1028.500 1.158E+01
  1028.750 1.404E+01
  1029.000 1.685E+01
  1029.250 2.045E+01
  1029.500 2.457E+01
  1029.750 2.847E+01
  1030.000 3.103E+01
  1030.250 3.497E+01
  1030.500 3.920E+01
  1030.750 4.050E+01
  1031.000 4.334E+01
  1031.250 4.450E+01
  1031.500 4.334E+01
  1031.750 5.223E+01
  1032.000 6.206E+01
  1032.250 7.124E+01
  1032.500 8.136E+01
  1032.750 8.698E+01
  1033.000 9.091E+01
  1033.250 9.176E+01
  1033.500 9.366E+01
  1033.750 1.000E+02
  1034.000 1.074E+02
  1034.250 1.056E+02
  1034.500 1.030E+02
  1034.750 1.095E+02
  1035.000 1.119E+02
  1035.250 1.235E+02
  1035.500 1.334E+02
  1035.750 1.187E+02
  1036.000 7.973E+01
  1036.250 3.897E+01
  1036.500 3.082E+01
  1036.750 3.248E+01
  1037.000 2.761E+01
  1037.250 5.193E+01
  1037.500 9.646E+01
  1037.750 1.440E+02
  1038.000 1.838E+02
  1038.250 1.901E+02
  1038.500 1.882E+02
  1038.750 1.798E+02
  1039.000 1.786E+02
  1039.250 2.199E+02
  1039.500 2.578E+02
  1039.750 2.771E+02
  1040.000 2.821E+02
  1040.250 2.578E+02
  1040.500 2.428E+02
  1040.750 2.726E+02
  1041.000 2.985E+02
  1041.250 3.274E+02
  1041.500 3.494E+02
  1041.750 3.738E+02
  1042.000 4.264E+02
  1042.250 4.490E+02
  1042.500 3.998E+02
  1042.750 3.169E+02
  1043.000 3.036E+02
  1043.250 3.496E+02
  1043.500 3.602E+02
  1043.750 3.439E+02
  1044.000 2.740E+02
  1044.250 2.545E+02
  1044.500 2.963E+02
  1044.750 2.950E+02
  1045.000 3.274E+02
  1045.250 3.851E+02
  1045.500 4.278E+02
  1045.750 4.244E+02
  1046.000 4.851E+02
  1046.250 5.551E+02
  1046.500 5.618E+02
  1046.750 6.101E+02
  1047.000 6.433E+02
  1047.250 6.288E+02
  1047.500 5.585E+02
  1047.750 4.624E+02
  1048.000 2.946E+02
  1048.250 1.752E+02
  1048.500 2.459E+02
  1048.750 3.432E+02
  1049.000 3.548E+02
  1049.250 4.164E+02
  1049.500 4.648E+02
  1049.750 4.841E+02
  1050.000 5.598E+02
  1050.250 6.418E+02
  1050.500 6.831E+02
  1050.750 7.114E+02
  1051.000 7.327E+02
  1051.250 6.889E+02
  1051.500 6.580E+02
  1051.750 6.118E+02
  1052.000 4.847E+02
  1052.250 4.146E+02
  1052.500 4.098E+02
  1052.750 4.278E+02
  1053.000 3.509E+02
  1053.250 3.139E+02
  1053.500 3.539E+02
  1053.750 3.967E+02
  1054.000 4.591E+02
  1054.250 5.497E+02
  1054.500 6.008E+02
  1054.750 6.116E+02
  1055.000 5.715E+02
  1055.250 5.637E+02
  1055.500 6.471E+02
  1055.750 7.305E+02
  1056.000 8.374E+02
  1056.250 8.687E+02
  1056.500 8.427E+02
  1056.750 8.655E+02
  1057.000 8.728E+02
  1057.250 8.032E+02
  1057.500 7.549E+02
  1057.750 7.650E+02
  1058.000 7.610E+02
  1058.250 7.329E+02
  1058.500 7.233E+02
  1058.750 7.452E+02
  1059.000 7.801E+02
  1059.250 7.540E+02
  1059.500 6.669E+02
  1059.750 6.815E+02
  1060.000 7.784E+02
  1060.250 7.396E+02
  1060.500 7.145E+02
  1060.750 7.780E+02
  1061.000 8.725E+02
  1061.250 9.072E+02
  1061.500 8.814E+02
  1061.750 8.611E+02
  1062.000 8.345E+02
  1062.250 7.710E+02
  1062.500 7.119E+02
  1062.750 6.035E+02
  1063.000 4.429E+02
  1063.250 4.297E+02
  1063.500 5.736E+02
  1063.750 6.072E+02
  1064.000 6.486E+02
  1064.250 8.084E+02
  1064.500 8.956E+02
  1064.750 8.101E+02
  1065.000 8.402E+02
  1065.250 9.328E+02
  1065.500 7.818E+02
  1065.750 6.460E+02
  1066.000 7.647E+02
  1066.250 7.614E+02
  1066.500 5.093E+02
  1066.750 4.394E+02
  1067.000 5.442E+02
  1067.250 4.778E+02
  1067.500 3.896E+02
  1067.750 5.383E+02
  1068.000 6.060E+02
  1068.250 4.013E+02
  1068.500 2.848E+02
  1068.750 4.532E+02
  1069.000 6.275E+02
  1069.250 6.752E+02
  1069.500 7.398E+02
  1069.750 7.425E+02
  1070.000 7.379E+02
  1070.250 8.786E+02
  1070.500 9.475E+02
  1070.750 8.423E+02
  1071.000 8.104E+02
  1071.250 7.696E+02
  1071.500 6.361E+02
  1071.750 7.727E+02
  1072.000 1.024E+03
  1072.250 1.113E+03
  1072.500 1.115E+03
  1072.750 1.053E+03
  1073.000 8.689E+02
  1073.250 5.992E+02
  1073.500 6.101E+02
  1073.750 7.507E+02
  1074.000 8.109E+02
  1074.250 9.063E+02
  1074.500 9.391E+02
  1074.750 9.072E+02
  1075.000 8.815E+02
  1075.250 8.040E+02
  1075.500 6.677E+02
  1075.750 7.011E+02
  1076.000 8.593E+02
  1076.250 8.804E+02
  1076.500 8.365E+02
  1076.750 7.439E+02
  1077.000 7.652E+02
  1077.250 8.904E+02
  1077.500 1.001E+03
  1077.750 1.068E+03
  1078.000 1.037E+03
  1078.250 9.325E+02
  1078.500 9.175E+02
  1078.750 9.924E+02
  1079.000 8.931E+02
  1079.250 8.021E+02
  1079.500 8.863E+02
  1079.750 9.550E+02
  1080.000 1.010E+03
  1080.250 1.018E+03
  1080.500 1.028E+03
  1080.750 1.070E+03
  1081.000 1.081E+03
  1081.250 1.093E+03
  1081.500 1.043E+03
  1081.750 8.855E+02
  1082.000 8.427E+02
  1082.250 1.067E+03
  1082.500 1.195E+03
  1082.750 1.247E+03
  1083.000 1.152E+03
  1083.250 9.642E+02
  1083.500 9.871E+02
  1083.750 1.099E+03
  1084.000 1.056E+03
  1084.250 9.824E+02
  1084.500 8.206E+02
  1084.750 8.048E+02
  1085.000 8.097E+02
  1085.250 6.951E+02
  1085.500 6.283E+02
  1085.750 7.874E+02
  1086.000 1.192E+03
  1086.250 1.329E+03
  1086.500 1.168E+03
  1086.750 1.222E+03
  1087.000 1.357E+03
  1087.250 1.347E+03
  1087.500 1.122E+03
  1087.750 8.336E+02
  1088.000 7.600E+02
  1088.250 1.088E+03
  1088.500 1.411E+03
  1088.750 1.536E+03
  1089.000 1.620E+03
  1089.250 1.487E+03
  1089.500 1.167E+03
  1089.750 1.049E+03
  1090.000 1.130E+03
  1090.250 1.165E+03
  1090.500 1.108E+03
  1090.750 1.002E+03
  1091.000 9.955E+02
  1091.250 9.274E+02
  1091.500 8.798E+02
  1091.750 1.178E+03
  1092.000 1.304E+03
  1092.250 1.182E+03
  1092.500 1.251E+03
  1092.750 1.335E+03
  1093.000 1.145E+03
  1093.250 1.102E+03
  1093.500 1.262E+03
  1093.750 1.254E+03
  1094.000 1.212E+03
  1094.250 1.200E+03
  1094.500 9.683E+02
  1094.750 8.177E+02
  1095.000 8.124E+02
  1095.250 7.906E+02
  1095.500 7.807E+02
  1095.750 6.021E+02
  1096.000 4.742E+02
  1096.250 4.888E+02
  1096.500 3.925E+02
  1096.750 2.025E+02
  1097.000 1.884E+02
  1097.250 2.835E+02
  1097.500 3.873E+02
  1097.750 4.073E+02
  1098.000 3.204E+02
  1098.250 3.199E+02
  1098.500 3.812E+02
  1098.750 3.364E+02
  1099.000 2.718E+02
  1099.250 2.442E+02
  1099.500 2.520E+02
  1099.750 2.505E+02
  1100.000 2.061E+02
  1100.250 1.473E+02
  1100.500 7.873E+01
  1100.750 3.352E+01
  1101.000 1.059E+01
  1101.250 3.710E+00
  1101.500 2.458E+00
  1101.750 2.252E+00
  1102.000 2.192E+00
  1102.250 2.370E+00
  1102.500 4.066E+00
  1102.750 6.647E+00
  1103.000 6.464E+00
  1103.250 9.076E+00
  1103.500 1.930E+01
  1103.750 2.280E+01
  1104.000 1.544E+01
  1104.250 1.735E+01
  1104.500 4.075E+01
  1104.750 6.204E+01
  1105.000 4.980E+01
  1105.250 3.920E+01
  1105.500 6.530E+01
  1105.750 9.455E+01
  1106.000 7.610E+01
  1106.250 4.404E+01
  1106.500 6.745E+01
  1106.750 1.006E+02
  1107.000 8.548E+01
  1107.250 5.357E+01
  1107.500 5.850E+01
  1107.750 1.050E+02
  1108.000 1.355E+02
  1108.250 8.925E+01
  1108.500 8.503E+01
  1108.750 1.105E+02
  1109.000 1.242E+02
  1109.250 1.557E+02
  1109.500 1.595E+02
  1109.750 1.172E+02
  1110.000 1.230E+02
  1110.250 1.455E+02
  1110.500 1.896E+02
  1110.750 1.939E+02
  1111.000 1.915E+02
  1111.250 2.078E+02
  1111.500 1.362E+02
  1111.750 9.807E+01
  1112.000 1.069E+02
  1112.250 1.561E+02
  1112.500 2.171E+02
  1112.750 2.466E+02
  1113.000 3.475E+02
  1113.250 4.386E+02
  1113.500 4.140E+02
  1113.750 2.714E+02
  1114.000 1.000E+02
  1114.250 4.947E+01
  1114.500 6.211E+01
  1114.750 1.067E+02
  1115.000 1.432E+02
  1115.250 2.193E+02
  1115.500 3.431E+02
  1115.750 4.722E+02
  1116.000 6.556E+02
  1116.250 6.938E+02
  1116.500 6.217E+02
  1116.750 4.799E+02
  1117.000 2.473E+02
  1117.250 1.015E+02
  1117.500 6.912E+01
  1117.750 9.472E+01
  1118.000 1.543E+02
  1118.250 2.059E+02
  1118.500 2.971E+02
  1118.750 4.612E+02
  1119.000 5.254E+02
  1119.250 5.217E+02
  1119.500 6.103E+02
  1119.750 6.441E+02
  1120.000 6.054E+02
  1120.250 5.496E+02
  1120.500 4.786E+02
  1120.750 4.588E+02
  1121.000 4.345E+02
  1121.250 3.906E+02
  1121.500 2.420E+02
  1121.750 1.158E+02
  1122.000 5.370E+01
  1122.250 2.063E+01
  1122.500 2.791E+01
  1122.750 6.596E+01
  1123.000 1.662E+02
  1123.250 3.369E+02
  1123.500 4.743E+02
  1123.750 5.558E+02
  1124.000 5.244E+02
  1124.250 4.753E+02
  1124.500 4.830E+02
  1124.750 4.838E+02
  1125.000 5.021E+02
  1125.250 5.153E+02
  1125.500 5.058E+02
  1125.750 5.649E+02
  1126.000 5.625E+02
  1126.250 4.714E+02
  1126.500 3.437E+02
  1126.750 2.752E+02
  1127.000 3.188E+02
  1127.250 4.712E+02
  1127.500 5.032E+02
  1127.750 3.871E+02
  1128.000 2.279E+02
  1128.250 1.159E+02
  1128.500 7.295E+01
  1128.750 5.412E+01
  1129.000 6.214E+01
  1129.250 7.069E+01
  1129.500 8.610E+01
  1129.750 1.147E+02
  1130.000 1.684E+02
  1130.250 2.146E+02
  1130.500 2.682E+02
  1130.750 3.659E+02
  1131.000 3.777E+02
  1131.250 3.930E+02
  1131.500 3.989E+02
  1131.750 3.665E+02
  1132.000 3.887E+02
  1132.250 4.428E+02
  1132.500 4.612E+02
  1132.750 4.338E+02
  1133.000 3.841E+02
  1133.250 3.702E+02
  1133.500 3.030E+02
  1133.750 2.318E+02
  1134.000 2.065E+02
  1134.250 1.751E+02
  1134.500 1.997E+02
  1134.750 2.416E+02
  1135.000 2.264E+02
  1135.250 2.529E+02
  1135.500 2.607E+02
  1135.750 3.091E+02
  1136.000 3.803E+02
  1136.250 4.215E+02
  1136.500 4.076E+02
  1136.750 3.360E+02
  1137.000 2.921E+02
  1137.250 3.308E+02
  1137.500 3.757E+02
  1137.750 3.646E+02
  1138.000 3.370E+02
  1138.250 2.556E+02
  1138.500 1.378E+02
  1138.750 1.018E+02
  1139.000 8.602E+01
  1139.250 6.369E+01
  1139.500 4.446E+01
  1139.750 2.700E+01
  1140.000 1.974E+01
  1140.250 1.445E+01
  1140.500 2.047E+01
  1140.750 6.965E+01
  1141.000 1.344E+02
  1141.250 1.652E+02
  1141.500 1.988E+02
  1141.750 2.440E+02
  1142.000 2.554E+02
  1142.250 2.296E+02
  1142.500 2.383E+02
  1142.750 2.826E+02
  1143.000 2.528E+02
  1143.250 1.832E+02
  1143.500 2.239E+02
  1143.750 2.897E+02
  1144.000 2.947E+02
  1144.250 2.608E+02
  1144.500 2.396E+02
  1144.750 1.957E+02
  1145.000 1.746E+02
  1145.250 2.242E+02
  1145.500 2.487E+02
  1145.750 2.694E+02
  1146.000 2.857E+02
  1146.250 2.841E+02
  1146.500 2.633E+02
  1146.750 2.129E+02
  1147.000 1.901E+02
  1147.250 1.892E+02
  1147.500 1.807E+02
  1147.750 2.046E+02
  1148.000 1.940E+02
  1148.250 1.651E+02
  1148.500 1.864E+02
  1148.750 1.937E+02
  1149.000 2.275E+02
  1149.250 2.539E+02
  1149.500 2.230E+02
  1149.750 2.107E+02
  1150.000 2.205E+02
  1150.250 1.988E+02
  1150.500 1.593E+02
  1150.750 1.693E+02
  1151.000 1.939E+02
  1151.250 2.230E+02
  1151.500 2.621E+02
  1151.750 2.453E+02
  1152.000 1.908E+02
  1152.250 1.662E+02
  1152.500 1.918E+02
  1152.750 1.816E+02
  1153.000 1.657E+02
  1153.250 1.836E+02
  1153.500 2.120E+02
  1153.750 2.194E+02
  1154.000 1.891E+02
  1154.250 1.794E+02
  1154.500 1.975E+02
  1154.750 2.269E+02
  1155.000 2.374E+02
  1155.250 2.429E+02
  1155.500 2.233E+02
  1155.750 1.649E+02
  1156.000 1.195E+02
  1156.250 9.755E+01
  1156.500 7.184E+01
  1156.750 9.229E+01
  1157.000 1.197E+02
  1157.250 1.016E+02
  1157.500 7.806E+01
  1157.750 4.174E+01
  1158.000 1.730E+01
  1158.250 1.826E+01
  1158.500 2.157E+01
  1158.750 2.981E+01
  1159.000 6.474E+01
  1159.250 1.319E+02
  1159.500 1.825E+02
  1159.750 1.896E+02
  1160.000 1.727E+02
  1160.250 1.715E+02
  1160.500 1.787E+02
  1160.750 1.821E+02
  1161.000 1.915E+02
  1161.250 1.988E+02
  1161.500 1.922E+02
  1161.750 1.940E+02
  1162.000 1.932E+02
  1162.250 1.959E+02
  1162.500 1.917E+02
  1162.750 1.949E+02
  1163.000 2.030E+02
  1163.250 1.912E+02
  1163.500 1.757E+02
  1163.750 1.541E+02
  1164.000 1.325E+02
  1164.250 1.133E+02
  1164.500 1.342E+02
  1164.750 1.792E+02
  1165.000 1.944E+02
  1165.250 1.895E+02
  1165.500 1.711E+02
  1165.750 1.491E+02
  1166.000 1.539E+02
  1166.250 1.712E+02
  1166.500 1.800E+02
  1166.750 1.638E+02
  1167.000 1.316E+02
  1167.250 1.236E+02
  1167.500 1.347E+02
  1167.750 1.553E+02
  1168.000 1.456E+02
  1168.250 1.132E+02
  1168.500 1.100E+02
  1168.750 1.354E+02
  1169.000 1.331E+02
  1169.250 1.310E+02
  1169.500 1.475E+02
  1169.750 1.445E+02
  1170.000 1.331E+02
  1170.250 1.166E+02
  1170.500 1.135E+02
  1170.750 1.211E+02
  1171.000 1.192E+02
  1171.250 1.164E+02
  1171.500 1.294E+02
  1171.750 1.383E+02
  1172.000 1.403E+02
  1172.250 1.418E+02
  1172.500 1.436E+02
  1172.750 1.423E+02
  1173.000 1.342E+02
  1173.250 1.203E+02
  1173.500 1.213E+02
  1173.750 1.211E+02
  1174.000 1.135E+02
  1174.250 1.221E+02
  1174.500 1.348E+02
  1174.750 1.366E+02
  1175.000 1.272E+02
  1175.250 1.222E+02
  1175.500 1.192E+02
  1175.750 1.095E+02
  1176.000 1.107E+02
  1176.250 1.081E+02
  1176.500 9.428E+01
  1176.750 1.047E+02
  1177.000 1.138E+02
  1177.250 1.110E+02
  1177.500 1.067E+02
  1177.750 1.016E+02
  1178.000 1.043E+02
  1178.250 1.073E+02
  1178.500 1.022E+02
  1178.750 1.002E+02
  1179.000 9.971E+01
  1179.250 9.409E+01
  1179.500 9.504E+01
  1179.750 9.587E+01
  1180.000 8.731E+01
  1180.250 8.049E+01
  1180.500 8.425E+01
  1180.750 8.817E+01
  1181.000 8.131E+01
  1181.250 7.445E+01
  1181.500 7.822E+01
  1181.750 8.232E+01
  1182.000 7.995E+01
  1182.250 7.955E+01
  1182.500 8.062E+01
  1182.750 8.213E+01
  1183.000 8.112E+01
  1183.250 7.274E+01
  1183.500 6.423E+01
  1183.750 6.283E+01
  1184.000 6.895E+01
  1184.250 7.030E+01
  1184.500 6.912E+01
  1184.750 6.844E+01
  1185.000 6.719E+01
  1185.250 6.644E+01
  1185.500 6.139E+01
  1185.750 5.655E+01
  1186.000 5.937E+01
  1186.250 6.329E+01
  1186.500 6.495E+01
  1186.750 6.383E+01
  1187.000 6.013E+01
  1187.250 5.138E+01
  1187.500 4.721E+01
  1187.750 5.276E+01
  1188.000 5.393E+01
  1188.250 4.995E+01
  1188.500 4.162E+01
  1188.750 2.754E+01
  1189.000 1.777E+01
  1189.250 1.690E+01
  1189.500 1.718E+01
  1189.750 1.758E+01
  1190.000 1.424E+01
  1190.250 7.817E+00
  1190.500 6.926E+00
  1190.750 1.373E+01
  1191.000 2.232E+01
  1191.250 2.656E+01
  1191.500 2.735E+01
  1191.750 2.707E+01
  1192.000 2.321E+01
  1192.250 1.884E+01
  1192.500 1.602E+01
  1192.750 1.137E+01
  1193.000 5.811E+00
  1193.250 3.595E+00
  1193.500 4.595E+00
  1193.750 6.249E+00
  1194.000 5.661E+00
  1194.250 3.878E+00
  1194.500 3.351E+00
  1194.750 5.277E+00
  1195.000 9.271E+00
  1195.250 1.365E+01
  1195.500 1.726E+01
  1195.750 2.027E+01
  1196.000 2.177E+01
  1196.250 2.183E+01
  1196.500 2.129E+01
  1196.750 1.897E+01
  1197.000 1.394E+01
  1197.250 8.029E+00
  1197.500 7.821E+00
  1197.750 1.338E+01
  1198.000 1.786E+01
  1198.250 1.908E+01
  1198.500 1.983E+01
  1198.750 2.022E+01
  1199.000 1.955E+01
  1199.250 1.635E+01
  1199.500 1.290E+01
  1199.750 1.481E+01
  1200.000 1.585E+01
  1200.250 1.424E+01
  1200.500 1.435E+01
  1200.750 1.388E+01
  1201.000 1.481E+01
  1201.250 1.556E+01
  1201.500 1.628E+01
  1201.750 1.708E+01
  1202.000 1.702E+01
  1202.250 1.661E+01
  1202.500 1.614E+01
  1202.750 1.566E+01
  1203.000 1.516E+01
  1203.250 1.470E+01
  1203.500 1.426E+01
  1203.750 1.373E+01
  1204.000 1.321E+01
  1204.250 1.288E+01
  1204.500 1.255E+01
  1204.750 1.213E+01
  1205.000 1.169E+01
  1205.250 1.131E+01
  1205.500 1.090E+01
  1205.750 1.051E+01
  1206.000 1.014E+01
  1206.250 9.816E+00
  1206.500 9.513E+00
  1206.750 9.186E+00
  1207.000 8.838E+00
  1207.250 8.477E+00
  1207.500 8.170E+00
  1207.750 7.891E+00
  1208.000 7.592E+00
  1208.250 7.318E+00
  1208.500 7.056E+00
  1208.750 6.779E+00
  1209.000 6.484E+00
  1209.250 6.196E+00
  1209.500 5.961E+00
  1209.750 5.791E+00
  1210.000 5.587E+00
  1210.250 5.368E+00
  1210.500 5.165E+00
  1210.750 4.975E+00
  1211.000 4.786E+00
  1211.250 4.610E+00
  1211.500 4.446E+00
  1211.750 4.268E+00
  1212.000 4.100E+00
  1212.250 3.981E+00
  1212.500 3.865E+00
  1212.750 3.728E+00
  1213.000 3.607E+00
  1213.250 3.524E+00
  1213.500 3.447E+00
  1213.750 3.361E+00
  1214.000 3.296E+00
  1214.250 3.251E+00
  1214.500 3.207E+00
  1214.750 3.170E+00
  1215.000 3.151E+00
  1215.250 3.141E+00
  1215.500 3.132E+00
  1215.750 3.131E+00
  1216.000 3.140E+00
  1216.250 3.149E+00
  1216.500 3.158E+00
  1216.750 3.172E+00
  1217.000 3.199E+00
  1217.250 3.252E+00
  1217.500 3.318E+00
  1217.750 3.379E+00
  1218.000 3.452E+00
  1218.250 3.554E+00
  1218.500 3.660E+00
  1218.750 3.763E+00
  1219.000 3.884E+00
  1219.250 4.021E+00
  1219.500 4.150E+00
  1219.750 4.287E+00
  1220.000 4.450E+00
  1220.250 4.618E+00
  1220.500 4.782E+00
  1220.750 4.958E+00
  1221.000 5.158E+00
  1221.250 5.362E+00
  1221.500 5.563E+00
  1221.750 5.790E+00
  1222.000 6.017E+00
  1222.250 6.236E+00
  1222.500 6.483E+00
  1222.750 6.754E+00
  1223.000 7.015E+00
  1223.250 7.278E+00
  1223.500 7.561E+00
  1223.750 7.820E+00
  1224.000 7.997E+00
  1224.250 7.996E+00
  1224.500 7.932E+00
  1224.750 8.564E+00
  1225.000 9.257E+00
  1225.250 9.620E+00
  1225.500 9.933E+00
  1225.750 1.033E+01
  1226.000 1.070E+01
  1226.250 1.100E+01
  1226.500 1.094E+01
  1226.750 1.074E+01
  1227.000 1.120E+01
  1227.250 1.211E+01
  1227.500 1.279E+01
  1227.750 1.305E+01
  1228.000 1.346E+01
  1228.250 1.403E+01
  1228.500 1.426E+01
  1228.750 1.476E+01
  1229.000 1.545E+01
  1229.250 1.597E+01
  1229.500 1.646E+01
  1229.750 1.697E+01
  1230.000 1.724E+01
  1230.250 1.673E+01
  1230.500 1.628E+01
  1230.750 1.747E+01
  1231.000 1.861E+01
  1231.250 1.967E+01
  1231.500 2.041E+01
  1231.750 2.105E+01
  1232.000 2.142E+01
  1232.250 2.191E+01
  1232.500 2.271E+01
  1232.750 2.309E+01
  1233.000 2.155E+01
  1233.250 1.920E+01
  1233.500 2.074E+01
  1233.750 2.319E+01
  1234.000 2.411E+01
  1234.250 2.549E+01
  1234.500 2.694E+01
  1234.750 2.772E+01
  1235.000 2.817E+01
  1235.250 2.851E+01
  1235.500 2.859E+01
  1235.750 2.910E+01
  1236.000 2.969E+01
  1236.250 2.942E+01
  1236.500 3.067E+01
  1236.750 3.238E+01
  1237.000 3.230E+01
  1237.250 3.211E+01
  1237.500 3.395E+01
  1237.750 3.565E+01
  1238.000 3.642E+01
  1238.250 3.649E+01
  1238.500 3.721E+01
  1238.750 3.807E+01
  1239.000 3.702E+01
  1239.250 3.406E+01
  1239.500 3.458E+01
  1239.750 3.442E+01
  1240.000 3.213E+01
  1240.250 3.264E+01
  1240.500 3.315E+01
  1240.750 3.292E+01
  1241.000 3.293E+01
  1241.250 3.406E+01
  1241.500 3.499E+01
  1241.750 3.448E+01
  1242.000 3.302E+01
  1242.250 3.614E+01
  1242.500 4.024E+01
  1242.750 4.185E+01
  1243.000 3.933E+01
  1243.250 3.530E+01
  1243.500 4.058E+01
  1243.750 4.707E+01
  1244.000 4.878E+01
  1244.250 5.123E+01
  1244.500 5.229E+01
  1244.750 5.391E+01
  1245.000 5.321E+01
  1245.250 5.387E+01
  1245.500 5.461E+01
  1245.750 5.255E+01
  1246.000 5.311E+01
  1246.250 5.944E+01
  1246.500 6.391E+01
  1246.750 5.421E+01
  1247.000 4.384E+01
  1247.250 5.041E+01
  1247.500 6.053E+01
  1247.750 5.798E+01
  1248.000 5.428E+01
  1248.250 6.357E+01
  1248.500 7.058E+01
  1248.750 7.059E+01
  1249.000 6.641E+01
  1249.250 6.531E+01
  1249.500 6.715E+01
  1249.750 7.183E+01
  1250.000 7.734E+01
  1250.250 7.366E+01
  1250.500 6.695E+01
  1250.750 7.571E+01
  1251.000 7.641E+01
  1251.250 7.390E+01
  1251.500 8.570E+01
  1251.750 9.194E+01
  1252.000 8.578E+01
  1252.250 7.842E+01
  1252.500 8.688E+01
  1252.750 9.279E+01
  1253.000 9.009E+01
  1253.250 7.289E+01
  1253.500 6.682E+01
  1253.750 8.041E+01
  1254.000 9.473E+01
  1254.250 9.370E+01
  1254.500 8.301E+01
  1254.750 9.233E+01
  1255.000 1.012E+02
  1255.250 9.506E+01
  1255.500 1.000E+02
  1255.750 1.071E+02
  1256.000 9.674E+01
  1256.250 8.396E+01
  1256.500 8.353E+01
  1256.750 1.034E+02
  1257.000 1.170E+02
  1257.250 1.133E+02
  1257.500 9.767E+01
  1257.750 9.851E+01
  1258.000 1.152E+02
  1258.250 1.214E+02
  1258.500 1.139E+02
  1258.750 9.748E+01
  1259.000 9.165E+01
  1259.250 9.234E+01
  1259.500 8.590E+01
  1259.750 7.686E+01
  1260.000 5.592E+01
  1260.250 2.860E+01
  1260.500 1.420E+01
  1260.750 1.331E+01
  1261.000 1.712E+01
  1261.250 2.284E+01
  1261.500 2.766E+01
  1261.750 4.938E+01
  1262.000 7.511E+01
  1262.250 9.869E+01
  1262.500 1.207E+02
  1262.750 1.267E+02
  1263.000 1.228E+02
  1263.250 1.216E+02
  1263.500 1.170E+02
  1263.750 1.039E+02
  1264.000 8.535E+01
  1264.250 5.841E+01
  1264.500 3.013E+01
  1264.750 1.574E+01
  1265.000 2.353E+01
  1265.250 4.995E+01
  1265.500 7.689E+01
  1265.750 9.700E+01
  1266.000 1.067E+02
  1266.250 9.031E+01
  1266.500 8.110E+01
  1266.750 1.146E+02
  1267.000 1.507E+02
  1267.250 1.368E+02
  1267.500 1.063E+02
  1267.750 1.274E+02
  1268.000 1.538E+02
  1268.250 1.699E+02
  1268.500 1.815E+02
  1268.750 1.829E+02
  1269.000 1.786E+02
  1269.250 1.800E+02
  1269.500 1.876E+02
  1269.750 1.846E+02
  1270.000 1.720E+02
  1270.250 1.740E+02
  1270.500 1.676E+02
  1270.750 1.353E+02
  1271.000 1.417E+02
  1271.250 1.622E+02
  1271.500 1.771E+02
  1271.750 1.779E+02
  1272.000 1.645E+02
  1272.250 1.715E+02
  1272.500 1.806E+02
  1272.750 1.936E+02
  1273.000 2.042E+02
  1273.250 2.152E+02
  1273.500 2.324E+02
  1273.750 2.295E+02
  1274.000 2.011E+02
  1274.250 1.971E+02
  1274.500 2.035E+02
  1274.750 1.763E+02
  1275.000 1.497E+02
  1275.250 1.540E+02
  1275.500 1.910E+02
  1275.750 1.950E+02
  1276.000 1.795E+02
  1276.250 1.503E+02
  1276.500 1.516E+02
  1276.750 1.451E+02
  1277.000 1.018E+02
  1277.250 5.612E+01
  1277.500 4.211E+01
  1277.750 7.922E+01
  1278.000 1.619E+02
  1278.250 2.326E+02
  1278.500 2.492E+02
  1278.750 2.394E+02
  1279.000 1.976E+02
  1279.250 1.757E+02
  1279.500 1.936E+02
  1279.750 1.761E+02
  1280.000 1.190E+02
  1280.250 7.956E+01
  1280.500 8.431E+01
  1280.750 1.308E+02
  1281.000 2.117E+02
  1281.250 2.839E+02
  1281.500 3.036E+02
  1281.750 3.002E+02
  1282.000 3.069E+02
  1282.250 3.194E+02
  1282.500 3.157E+02
  1282.750 2.876E+02
  1283.000 2.661E+02
  1283.250 2.999E+02
  1283.500 3.259E+02
  1283.750 3.151E+02
  1284.000 3.073E+02
  1284.250 3.213E+02
  1284.500 3.301E+02
  1284.750 3.311E+02
  1285.000 3.405E+02
  1285.250 3.500E+02
  1285.500 3.413E+02
  1285.750 3.270E+02
  1286.000 3.284E+02
  1286.250 3.314E+02
  1286.500 3.362E+02
  1286.750 3.478E+02
  1287.000 3.403E+02
  1287.250 3.231E+02
  1287.500 3.004E+02
  1287.750 2.653E+02
  1288.000 2.329E+02
  1288.250 2.297E+02
  1288.500 2.450E+02
  1288.750 2.432E+02
  1289.000 2.506E+02
  1289.250 3.076E+02
  1289.500 3.218E+02
  1289.750 2.703E+02
  1290.000 2.214E+02
  1290.250 2.870E+02
  1290.500 3.637E+02
  1290.750 3.758E+02
  1291.000 3.653E+02
  1291.250 3.381E+02
  1291.500 3.341E+02
  1291.750 3.787E+02
  1292.000 4.099E+02
  1292.250 4.022E+02
  1292.500 3.951E+02
  1292.750 4.167E+02
  1293.000 4.281E+02
  1293.250 4.253E+02
  1293.500 3.984E+02
  1293.750 3.968E+02
  1294.000 4.403E+02
  1294.250 4.587E+02
  1294.500 4.444E+02
  1294.750 4.205E+02
  1295.000 4.251E+02
  1295.250 4.135E+02
  1295.500 3.149E+02
  1295.750 2.353E+02
  1296.000 2.350E+02
  1296.250 2.971E+02
  1296.500 4.247E+02
  1296.750 4.887E+02
  1297.000 4.996E+02
  1297.250 5.105E+02
  1297.500 5.150E+02
  1297.750 4.968E+02
  1298.000 4.801E+02
  1298.250 5.016E+02
  1298.500 5.108E+02
  1298.750 4.988E+02
  1299.000 4.980E+02
  1299.250 4.472E+02
  1299.500 4.073E+02
  1299.750 4.490E+02
  1300.000 4.839E+02
  1300.250 5.069E+02
  1300.500 5.017E+02
  1300.750 4.822E+02
  1301.000 4.569E+02
  1301.250 4.089E+02
  1301.500 3.263E+02
  1301.750 2.053E+02
  1302.000 9.503E+01
  1302.250 7.333E+01
  1302.500 1.514E+02
  1302.750 2.212E+02
  1303.000 2.407E+02
  1303.250 2.537E+02
  1303.500 2.875E+02
  1303.750 3.111E+02
  1304.000 2.316E+02
  1304.250 1.138E+02
  1304.500 6.034E+01
  1304.750 6.087E+01
  1305.000 1.180E+02
  1305.250 2.143E+02
  1305.500 2.415E+02
  1305.750 1.917E+02
  1306.000 1.528E+02
  1306.250 2.512E+02
  1306.500 3.767E+02
  1306.750 4.310E+02
  1307.000 4.756E+02
  1307.250 5.171E+02
  1307.500 5.562E+02
  1307.750 5.612E+02
  1308.000 5.300E+02
  1308.250 4.811E+02
  1308.500 4.158E+02
  1308.750 2.878E+02
  1309.000 1.465E+02
  1309.250 8.205E+01
  1309.500 1.339E+02
  1309.750 2.406E+02
  1310.000 3.088E+02
  1310.250 3.471E+02
  1310.500 3.528E+02
  1310.750 3.379E+02
  1311.000 3.257E+02
  1311.250 3.237E+02
  1311.500 4.071E+02
  1311.750 4.618E+02
  1312.000 4.891E+02
  1312.250 5.873E+02
  1312.500 7.132E+02
  1312.750 7.631E+02
  1313.000 6.866E+02
  1313.250 5.162E+02
  1313.500 5.492E+02
  1313.750 7.824E+02
  1314.000 9.390E+02
  1314.250 1.014E+03
  1314.500 1.048E+03
  1314.750 1.007E+03
  1315.000 9.401E+02
  1315.250 9.686E+02
  1315.500 9.451E+02
  1315.750 7.952E+02
  1316.000 6.349E+02
  1316.250 6.246E+02
  1316.500 5.705E+02
  1316.750 6.736E+02
  1317.000 7.042E+02
  1317.250 6.805E+02
  1317.500 1.012E+03
  1317.750 1.367E+03
  1318.000 1.419E+03
  1318.250 1.342E+03
  1318.500 1.205E+03
  1318.750 1.045E+03
  1319.000 1.150E+03
  1319.250 1.426E+03
  1319.500 1.468E+03
  1319.750 1.485E+03
  1320.000 1.787E+03
  1320.250 1.930E+03
  1320.500 1.819E+03
  1320.750 1.907E+03
  1321.000 2.235E+03
  1321.250 2.390E+03
  1321.500 2.428E+03
  1321.750 2.445E+03
  1322.000 2.602E+03
  1322.250 2.789E+03
  1322.500 2.704E+03
  1322.750 2.419E+03
  1323.000 1.925E+03
  1323.250 1.351E+03
  1323.500 1.044E+03
  1323.750 1.369E+03
  1324.000 2.018E+03
  1324.250 2.570E+03
  1324.500 2.943E+03
  1324.750 2.976E+03
  1325.000 2.818E+03
  1325.250 2.693E+03
  1325.500 2.587E+03
  1325.750 2.710E+03
  1326.000 2.768E+03
  1326.250 2.547E+03
  1326.500 1.834E+03
  1326.750 1.640E+03
  1327.000 2.254E+03
  1327.250 2.478E+03
  1327.500 2.205E+03
  1327.750 1.748E+03
  1328.000 1.399E+03
  1328.250 1.361E+03
  1328.500 1.043E+03
  1328.750 5.267E+02
  1329.000 2.432E+02
  1329.250 2.276E+02
  1329.500 2.552E+02
  1329.750 4.570E+02
  1330.000 9.167E+02
  1330.250 1.397E+03
  1330.500 1.779E+03
  1330.750 1.900E+03
  1331.000 1.903E+03
  1331.250 1.993E+03
  1331.500 1.997E+03
  1331.750 2.294E+03
  1332.000 2.600E+03
  1332.250 2.681E+03
  1332.500 2.603E+03
  1332.750 2.319E+03
  1333.000 2.204E+03
  1333.250 2.276E+03
  1333.500 2.135E+03
  1333.750 1.593E+03
  1334.000 1.134E+03
  1334.250 7.342E+02
  1334.500 4.261E+02
  1334.750 5.203E+02
  1335.000 6.292E+02
  1335.250 5.008E+02
  1335.500 3.263E+02
  1335.750 2.968E+02
  1336.000 5.999E+02
  1336.250 1.038E+03
  1336.500 1.566E+03
  1336.750 2.411E+03
  1337.000 3.343E+03
  1337.250 3.932E+03
  1337.500 4.560E+03
  1337.750 5.106E+03
  1338.000 5.245E+03
  1338.250 5.514E+03
  1338.500 6.543E+03
  1338.750 7.115E+03
  1339.000 7.238E+03
  1339.250 7.563E+03
  1339.500 7.333E+03
  1339.750 6.559E+03
  1340.000 6.330E+03
  1340.250 7.150E+03
  1340.500 8.012E+03
  1340.750 7.497E+03
  1341.000 7.141E+03
  1341.250 8.168E+03
  1341.500 8.721E+03
  1341.750 7.265E+03
  1342.000 7.026E+03
  1342.250 8.117E+03
  1342.500 7.878E+03
  1342.750 8.674E+03
  1343.000 1.029E+04
  1343.250 1.082E+04
  1343.500 1.003E+04
  1343.750 8.183E+03
  1344.000 7.147E+03
  1344.250 7.010E+03
  1344.500 7.400E+03
  1344.750 8.057E+03
  1345.000 8.398E+03
  1345.250 7.755E+03
  1345.500 7.825E+03
  1345.750 7.615E+03
  1346.000 6.864E+03
  1346.250 7.896E+03
  1346.500 8.940E+03
  1346.750 7.494E+03
  1347.000 4.911E+03
  1347.250 3.934E+03
  1347.500 6.029E+03
  1347.750 8.294E+03
  1348.000 8.059E+03
  1348.250 6.677E+03
  1348.500 6.379E+03
  1348.750 8.010E+03
  1349.000 9.361E+03
  1349.250 9.091E+03
  1349.500 8.029E+03
  1349.750 7.549E+03
  1350.000 7.109E+03
  1350.250 7.269E+03
  1350.500 7.899E+03
  1350.750 9.110E+03
  1351.000 9.979E+03
  1351.250 8.946E+03
  1351.500 7.354E+03
  1351.750 6.731E+03
  1352.000 7.615E+03
  1352.250 7.363E+03
  1352.500 5.749E+03
  1352.750 5.060E+03
  1353.000 7.159E+03
  1353.250 1.023E+04
  1353.500 1.043E+04
  1353.750 8.325E+03
  1354.000 6.831E+03
  1354.250 6.562E+03
  1354.500 8.455E+03
  1354.750 9.985E+03
  1355.000 1.032E+04
  1355.250 7.853E+03
  1355.500 3.655E+03
  1355.750 1.306E+03
  1356.000 1.584E+03
  1356.250 3.965E+03
  1356.500 7.338E+03
  1356.750 7.905E+03
  1357.000 4.770E+03
  1357.250 4.051E+03
  1357.500 6.110E+03
  1357.750 7.685E+03
  1358.000 1.101E+04
  1358.250 1.253E+04
  1358.500 1.248E+04
  1358.750 1.035E+04
  1359.000 5.265E+03
  1359.250 1.597E+03
  1359.500 2.397E+03
  1359.750 7.775E+03
  1360.000 1.368E+04
  1360.250 1.494E+04
  1360.500 1.329E+04
  1360.750 1.090E+04
  1361.000 1.037E+04
  1361.250 1.099E+04
  1361.500 1.459E+04
  1361.750 1.864E+04
  1362.000 1.808E+04
  1362.250 1.820E+04
  1362.500 2.022E+04
  1362.750 2.053E+04
  1363.000 1.796E+04
  1363.250 1.511E+04
  1363.500 1.363E+04
  1363.750 1.428E+04
  1364.000 1.069E+04
  1364.250 6.027E+03
  1364.500 7.444E+03
  1364.750 1.376E+04
  1365.000 1.978E+04
  1365.250 2.108E+04
  1365.500 1.781E+04
  1365.750 1.652E+04
  1366.000 2.081E+04
  1366.250 1.926E+04
  1366.500 1.312E+04
  1366.750 1.210E+04
  1367.000 1.180E+04
  1367.250 1.105E+04
  1367.500 1.494E+04
  1367.750 1.591E+04
  1368.000 1.180E+04
  1368.250 6.967E+03
  1368.500 5.685E+03
  1368.750 9.723E+03
  1369.000 1.309E+04
  1369.250 1.138E+04
  1369.500 6.384E+03
  1369.750 4.574E+03
  1370.000 4.109E+03
  1370.250 5.096E+03
  1370.500 8.929E+03
  1370.750 1.138E+04
  1371.000 1.156E+04
  1371.250 1.289E+04
  1371.500 1.574E+04
  1371.750 1.729E+04
  1372.000 1.385E+04
  1372.250 1.163E+04
  1372.500 1.519E+04
  1372.750 1.658E+04
  1373.000 1.651E+04
  1373.250 1.690E+04
  1373.500 1.422E+04
  1373.750 1.080E+04
  1374.000 1.048E+04
  1374.250 1.237E+04
  1374.500 1.576E+04
  1374.750 1.364E+04
  1375.000 9.860E+03
  1375.250 1.239E+04
  1375.500 1.579E+04
  1375.750 1.466E+04
  1376.000 1.681E+04
  1376.250 1.963E+04
  1376.500 1.691E+04
  1376.750 1.272E+04
  1377.000 1.234E+04
  1377.250 1.577E+04
  1377.500 2.122E+04
  1377.750 2.081E+04
  1378.000 1.388E+04
  1378.250 1.128E+04
  1378.500 1.387E+04
  1378.750 1.868E+04
  1379.000 2.108E+04
  1379.250 1.579E+04
  1379.500 9.135E+03
  1379.750 1.278E+04
  1380.000 1.932E+04
  1380.250 1.917E+04
  1380.500 1.731E+04
  1380.750 1.681E+04
  1381.000 1.340E+04
  1381.250 6.607E+03
  1381.500 4.015E+03
  1381.750 8.252E+03
  1382.000 1.365E+04
  1382.250 1.513E+04
  1382.500 1.532E+04
  1382.750 1.683E+04
  1383.000 1.899E+04
  1383.250 1.792E+04
  1383.500 1.515E+04
  1383.750 1.576E+04
  1384.000 1.763E+04
  1384.250 1.516E+04
  1384.500 1.065E+04
  1384.750 5.071E+03
  1385.000 2.050E+03
  1385.250 2.966E+03
  1385.500 7.729E+03
  1385.750 1.337E+04
  1386.000 1.537E+04
  1386.250 1.635E+04
  1386.500 1.732E+04
  1386.750 1.859E+04
  1387.000 1.892E+04
  1387.250 1.919E+04
  1387.500 2.009E+04
  1387.750 2.138E+04
  1388.000 2.021E+04
  1388.250 1.483E+04
  1388.500 1.191E+04
  1388.750 1.666E+04
  1389.000 2.026E+04
  1389.250 1.999E+04
  1389.500 1.842E+04
  1389.750 1.600E+04
  1390.000 1.842E+04
  1390.250 2.192E+04
  1390.500 1.978E+04
  1390.750 1.282E+04
  1391.000 5.935E+03
  1391.250 7.229E+03
  1391.500 1.339E+04
  1391.750 1.386E+04
  1392.000 1.212E+04
  1392.250 1.339E+04
  1392.500 1.466E+04
  1392.750 1.488E+04
  1393.000 1.478E+04
  1393.250 1.196E+04
  1393.500 1.269E+04
  1393.750 1.441E+04
  1394.000 1.670E+04
  1394.250 1.974E+04
  1394.500 1.947E+04
  1394.750 2.147E+04
  1395.000 2.479E+04
  1395.250 2.533E+04
  1395.500 2.373E+04
  1395.750 2.276E+04
  1396.000 2.118E+04
  1396.250 2.055E+04
  1396.500 2.012E+04
  1396.750 2.035E+04
  1397.000 2.243E+04
  1397.250 2.172E+04
  1397.500 1.767E+04
  1397.750 1.791E+04
  1398.000 2.231E+04
  1398.250 2.293E+04
  1398.500 2.000E+04
  1398.750 1.682E+04
  1399.000 1.714E+04
  1399.250 2.589E+04
  1399.500 2.928E+04
  1399.750 2.875E+04
  1400.000 2.949E+04
  1400.250 2.936E+04
  1400.500 2.510E+04
  1400.750 2.376E+04
  1401.000 2.589E+04
  1401.250 1.821E+04
  1401.500 1.188E+04
  1401.750 1.606E+04
  1402.000 2.515E+04
  1402.250 3.633E+04
  1402.500 4.224E+04
  1402.750 3.838E+04
  1403.000 3.128E+04
  1403.250 3.531E+04
  1403.500 4.554E+04
  1403.750 5.252E+04
  1404.000 5.492E+04
  1404.250 5.891E+04
  1404.500 6.355E+04
  1404.750 5.746E+04
  1405.000 5.562E+04
  1405.250 5.538E+04
  1405.500 4.131E+04
  1405.750 3.676E+04
  1406.000 5.503E+04
  1406.250 6.663E+04
  1406.500 6.229E+04
  1406.750 5.741E+04
  1407.000 5.712E+04
  1407.250 5.359E+04
  1407.500 5.698E+04
  1407.750 6.731E+04
  1408.000 6.480E+04
  1408.250 5.503E+04
  1408.500 5.579E+04
  1408.750 6.785E+04
  1409.000 5.959E+04
  1409.250 3.849E+04
  1409.500 3.584E+04
  1409.750 4.989E+04
  1410.000 4.585E+04
  1410.250 3.969E+04
  1410.500 4.301E+04
  1410.750 4.246E+04
  1411.000 3.674E+04
  1411.250 3.326E+04
  1411.500 3.314E+04
  1411.750 4.316E+04
  1412.000 5.255E+04
  1412.250 6.801E+04
  1412.500 6.800E+04
  1412.750 5.346E+04
  1413.000 6.360E+04
  1413.250 7.897E+04
  1413.500 6.081E+04
  1413.750 5.291E+04
  1414.000 6.507E+04
  1414.250 7.226E+04
  1414.500 8.213E+04
  1414.750 7.376E+04
  1415.000 5.958E+04
  1415.250 6.475E+04
  1415.500 6.100E+04
  1415.750 4.733E+04
  1416.000 7.226E+04
  1416.250 9.488E+04
  1416.500 8.623E+04
  1416.750 7.009E+04
  1417.000 6.153E+04
  1417.250 7.113E+04
  1417.500 8.306E+04
  1417.750 8.843E+04
  1418.000 8.081E+04
  1418.250 6.798E+04
  1418.500 6.865E+04
  1418.750 7.152E+04
  1419.000 8.170E+04
  1419.250 7.531E+04
  1419.500 8.939E+04
  1419.750 9.628E+04
  1420.000 8.426E+04
  1420.250 7.537E+04
  1420.500 6.538E+04
  1420.750 8.013E+04
  1421.000 1.018E+05
  1421.250 1.027E+05
  1421.500 9.871E+04
  1421.750 1.133E+05
  1422.000 1.220E+05
  1422.250 1.148E+05
  1422.500 1.208E+05
  1422.750 1.479E+05
  1423.000 1.454E+05
  1423.250 1.226E+05
  1423.500 1.176E+05
  1423.750 9.939E+04
  1424.000 6.804E+04
  1424.250 5.943E+04
  1424.500 4.852E+04
  1424.750 1.924E+04
  1425.000 5.604E+03
  1425.250 1.769E+04
  1425.500 5.860E+04
  1425.750 1.088E+05
  1426.000 1.261E+05
  1426.250 1.265E+05
  1426.500 1.466E+05
  1426.750 1.414E+05
  1427.000 1.112E+05
  1427.250 1.027E+05
  1427.500 1.155E+05
  1427.750 1.078E+05
  1428.000 1.196E+05
  1428.250 1.315E+05
  1428.500 1.158E+05
  1428.750 1.136E+05
  1429.000 1.127E+05
  1429.250 1.006E+05
  1429.500 1.117E+05
  1429.750 1.159E+05
  1430.000 1.018E+05
  1430.250 1.191E+05
  1430.500 1.241E+05
  1430.750 8.860E+04
  1431.000 7.428E+04
  1431.250 6.014E+04
  1431.500 4.339E+04
  1431.750 4.517E+04
  1432.000 3.482E+04
  1432.250 2.220E+04
  1432.500 2.042E+04
  1432.750 2.283E+04
  1433.000 1.465E+04
  1433.250 6.318E+03
  1433.500 7.454E+03
  1433.750 2.641E+04
  1434.000 7.677E+04
  1434.250 1.109E+05
  1434.500 8.856E+04
  1434.750 6.485E+04
  1435.000 6.517E+04
  1435.250 6.281E+04
  1435.500 6.812E+04
  1435.750 8.789E+04
  1436.000 1.110E+05
  1436.250 1.231E+05
  1436.500 1.038E+05
  1436.750 7.093E+04
  1437.000 4.772E+04
  1437.250 7.375E+04
  1437.500 1.146E+05
  1437.750 1.502E+05
  1438.000 1.462E+05
  1438.250 1.144E+05
  1438.500 8.599E+04
  1438.750 9.432E+04
  1439.000 1.308E+05
  1439.250 1.350E+05
  1439.500 1.287E+05
  1439.750 1.403E+05
  1440.000 1.573E+05
  1440.250 1.486E+05
  1440.500 1.270E+05
  1440.750 1.007E+05
  1441.000 9.469E+04
  1441.250 1.263E+05
  1441.500 1.392E+05
  1441.750 1.538E+05
  1442.000 1.537E+05
  1442.250 1.033E+05
  1442.500 7.245E+04
  1442.750 8.733E+04
  1443.000 1.157E+05
  1443.250 1.418E+05
  1443.500 1.417E+05
  1443.750 1.195E+05
  1444.000 1.022E+05
  1444.250 9.576E+04
  1444.500 1.207E+05
  1444.750 1.105E+05
  1445.000 7.456E+04
  1445.250 7.123E+04
  1445.500 7.421E+04
  1445.750 7.763E+04
  1446.000 7.060E+04
  1446.250 5.907E+04
  1446.500 4.548E+04
  1446.750 3.329E+04
  1447.000 3.467E+04
  1447.250 3.407E+04
  1447.500 3.229E+04
  1447.750 3.140E+04
  1448.000 2.185E+04
  1448.250 1.395E+04
  1448.500 2.387E+04
  1448.750 4.358E+04
  1449.000 5.439E+04
  1449.250 5.362E+04
  1449.500 5.141E+04
  1449.750 5.989E+04
  1450.000 5.882E+04
  1450.250 5.808E+04
  1450.500 5.179E+04
  1450.750 5.060E+04
  1451.000 8.307E+04
  1451.250 8.662E+04
  1451.500 7.662E+04
  1451.750 1.014E+05
  1452.000 8.793E+04
  1452.250 6.043E+04
  1452.500 5.061E+04
  1452.750 5.058E+04
  1453.000 6.953E+04
  1453.250 8.188E+04
  1453.500 8.611E+04
  1453.750 1.173E+05
  1454.000 1.508E+05
  1454.250 1.343E+05
  1454.500 7.659E+04
  1454.750 3.846E+04
  1455.000 6.717E+04
  1455.250 1.240E+05
  1455.500 1.465E+05
  1455.750 1.112E+05
  1456.000 6.255E+04
  1456.250 6.999E+04
  1456.500 1.035E+05
  1456.750 1.190E+05
  1457.000 1.246E+05
  1457.250 1.128E+05
  1457.500 1.010E+05
  1457.750 9.890E+04
  1458.000 9.190E+04
  1458.250 1.125E+05
  1458.500 1.241E+05
  1458.750 8.891E+04
  1459.000 3.809E+04
  1459.250 3.829E+04
  1459.500 8.857E+04
  1459.750 1.396E+05
  1460.000 1.368E+05
  1460.250 9.622E+04
  1460.500 9.138E+04
  1460.750 1.246E+05
  1461.000 1.086E+05
  1461.250 9.837E+04
  1461.500 1.156E+05
  1461.750 1.018E+05
  1462.000 8.730E+04
  1462.250 8.271E+04
  1462.500 6.621E+04
  1462.750 4.556E+04
  1463.000 1.829E+04
  1463.250 4.082E+03
  1463.500 5.245E+03
  1463.750 2.430E+04
  1464.000 6.265E+04
  1464.250 9.365E+04
  1464.500 1.013E+05
  1464.750 9.508E+04
  1465.000 9.535E+04
  1465.250 1.215E+05
  1465.500 1.446E+05
  1465.750 1.722E+05
  1466.000 1.551E+05
  1466.250 1.288E+05
  1466.500 1.204E+05
  1466.750 9.538E+04
  1467.000 5.484E+04
  1467.250 1.796E+04
  1467.500 5.345E+03
  1467.750 1.428E+04
  1468.000 3.601E+04
  1468.250 5.142E+04
  1468.500 8.055E+04
  1468.750 1.416E+05
  1469.000 1.443E+05
  1469.250 1.162E+05
  1469.500 1.219E+05
  1469.750 1.166E+05
  1470.000 8.439E+04
  1470.250 6.857E+04
  1470.500 9.234E+04
  1470.750 1.387E+05
  1471.000 1.761E+05
  1471.250 1.728E+05
  1471.500 1.475E+05
  1471.750 1.245E+05
  1472.000 1.122E+05
  1472.250 1.250E+05
  1472.500 1.292E+05
  1472.750 1.172E+05
  1473.000 9.471E+04
  1473.250 8.276E+04
  1473.500 9.207E+04
  1473.750 7.102E+04
  1474.000 3.153E+04
  1474.250 2.618E+04
  1474.500 4.380E+04
  1474.750 8.167E+04
  1475.000 1.528E+05
  1475.250 2.005E+05
  1475.500 1.696E+05
  1475.750 1.247E+05
  1476.000 1.329E+05
  1476.250 1.572E+05
  1476.500 1.635E+05
  1476.750 1.922E+05
  1477.000 2.008E+05
  1477.250 1.501E+05
  1477.500 1.214E+05
  1477.750 1.307E+05
  1478.000 1.207E+05
  1478.250 1.165E+05
  1478.500 1.211E+05
  1478.750 1.693E+05
  1479.000 2.091E+05
  1479.250 1.863E+05
  1479.500 1.854E+05
  1479.750 2.004E+05
  1480.000 1.902E+05
  1480.250 1.788E+05
  1480.500 2.054E+05
  1480.750 1.761E+05
  1481.000 9.242E+04
  1481.250 5.748E+04
  1481.500 3.040E+04
  1481.750 2.203E+04
  1482.000 5.414E+04
  1482.250 8.890E+04
  1482.500 1.036E+05
  1482.750 7.603E+04
  1483.000 3.248E+04
  1483.250 4.085E+04
  1483.500 9.011E+04
  1483.750 1.466E+05
  1484.000 1.987E+05
  1484.250 2.453E+05
  1484.500 2.864E+05
  1484.750 2.582E+05
  1485.000 1.768E+05
  1485.250 1.461E+05
  1485.500 1.491E+05
  1485.750 2.054E+05
  1486.000 2.465E+05
  1486.250 2.150E+05
  1486.500 1.873E+05
  1486.750 2.067E+05
  1487.000 1.578E+05
  1487.250 1.150E+05
  1487.500 1.591E+05
  1487.750 2.123E+05
  1488.000 2.209E+05
  1488.250 1.944E+05
  1488.500 1.903E+05
  1488.750 2.284E+05
  1489.000 2.393E+05
  1489.250 2.258E+05
  1489.500 2.404E+05
  1489.750 2.298E+05
  1490.000 2.144E+05
  1490.250 2.394E+05
  1490.500 2.415E+05
  1490.750 2.232E+05
  1491.000 2.229E+05
  1491.250 2.126E+05
  1491.500 2.137E+05
  1491.750 2.087E+05
  1492.000 1.910E+05
  1492.250 1.424E+05
  1492.500 5.958E+04
  1492.750 2.853E+04
  1493.000 6.772E+04
  1493.250 1.273E+05
  1493.500 1.855E+05
  1493.750 2.001E+05
  1494.000 1.843E+05
  1494.250 1.483E+05
  1494.500 7.862E+04
  1494.750 8.096E+04
  1495.000 1.661E+05
  1495.250 2.222E+05
  1495.500 2.568E+05
  1495.750 2.770E+05
  1496.000 2.620E+05
  1496.250 2.277E+05
  1496.500 2.096E+05
  1496.750 2.274E+05
  1497.000 2.593E+05
  1497.250 2.797E+05
  1497.500 2.787E+05
  1497.750 2.982E+05
  1498.000 3.128E+05
  1498.250 2.799E+05
  1498.500 2.544E+05
  1498.750 2.373E+05
  1499.000 2.478E+05
  1499.250 2.592E+05
  1499.500 2.533E+05
  1499.750 2.692E+05
  1500.000 2.675E+05
  1500.250 2.001E+05
  1500.500 1.684E+05
  1500.750 2.220E+05
  1501.000 2.504E+05
  1501.250 2.735E+05
  1501.500 2.609E+05
  1501.750 1.979E+05
  1502.000 1.568E+05
  1502.250 1.999E+05
  1502.500 2.562E+05
  1502.750 2.523E+05
  1503.000 2.523E+05
  1503.250 2.644E+05
  1503.500 2.539E+05
  1503.750 2.612E+05
  1504.000 2.485E+05
  1504.250 2.385E+05
  1504.500 2.632E+05
  1504.750 2.831E+05
  1505.000 3.125E+05
  1505.250 3.224E+05
  1505.500 2.929E+05
  1505.750 2.546E+05
  1506.000 2.606E+05
  1506.250 2.494E+05
  1506.500 2.194E+05
  1506.750 2.102E+05
  1507.000 2.430E+05
  1507.250 2.914E+05
  1507.500 3.065E+05
  1507.750 2.693E+05
  1508.000 2.253E+05
  1508.250 2.116E+05
  1508.500 2.286E+05
  1508.750 2.142E+05
  1509.000 1.707E+05
  1509.250 1.601E+05
  1509.500 2.306E+05
  1509.750 2.697E+05
  1510.000 2.257E+05
  1510.250 2.157E+05
  1510.500 2.137E+05
  1510.750 1.460E+05
  1511.000 1.556E+05
  1511.250 2.260E+05
  1511.500 2.502E+05
  1511.750 2.057E+05
  1512.000 1.538E+05
  1512.250 2.179E+05
  1512.500 3.001E+05
  1512.750 2.897E+05
  1513.000 2.362E+05
  1513.250 1.949E+05
  1513.500 2.236E+05
  1513.750 2.611E+05
  1514.000 2.666E+05
  1514.250 2.449E+05
  1514.500 2.238E+05
  1514.750 2.385E+05
  1515.000 2.581E+05
  1515.250 2.225E+05
  1515.500 1.876E+05
  1515.750 1.604E+05
  1516.000 1.186E+05
  1516.250 1.293E+05
  1516.500 1.552E+05
  1516.750 1.515E+05
  1517.000 1.574E+05
  1517.250 1.450E+05
  1517.500 1.266E+05
  1517.750 1.127E+05
  1518.000 8.629E+04
  1518.250 6.104E+04
  1518.500 4.077E+04
  1518.750 3.406E+04
  1519.000 3.114E+04
  1519.250 2.509E+04
  1519.500 1.917E+04
  1519.750 1.725E+04
  1520.000 1.492E+04
  1520.250 1.296E+04
  1520.500 1.004E+04
  1520.750 7.860E+03
  1521.000 7.395E+03
  1521.250 6.967E+03
  1521.500 6.272E+03
  1521.750 5.584E+03
  1522.000 4.597E+03
  1522.250 4.346E+03
  1522.500 4.190E+03
  1522.750 4.250E+03
  1523.000 3.966E+03
  1523.250 3.490E+03
  1523.500 3.886E+03
  1523.750 4.170E+03
  1524.000 3.932E+03
  1524.250 3.992E+03
  1524.500 4.128E+03
  1524.750 3.755E+03
  1525.000 3.364E+03
  1525.250 3.493E+03
  1525.500 3.832E+03
  1525.750 3.564E+03
  1526.000 3.086E+03
  1526.250 2.542E+03
  1526.500 1.520E+03
  1526.750 1.192E+03
  1527.000 1.997E+03
  1527.250 2.499E+03
  1527.500 3.078E+03
  1527.750 4.282E+03
  1528.000 4.696E+03
  1528.250 4.392E+03
  1528.500 4.441E+03
  1528.750 4.764E+03
  1529.000 4.530E+03
  1529.250 4.011E+03
  1529.500 4.081E+03
  1529.750 4.840E+03
  1530.000 6.778E+03
  1530.250 7.575E+03
  1530.500 5.815E+03
  1530.750 4.157E+03
  1531.000 3.844E+03
  1531.250 4.169E+03
  1531.500 4.660E+03
  1531.750 5.835E+03
  1532.000 6.346E+03
  1532.250 5.342E+03
  1532.500 3.590E+03
  1532.750 2.608E+03
  1533.000 1.914E+03
  1533.250 1.127E+03
  1533.500 9.826E+02
  1533.750 1.881E+03
  1534.000 2.756E+03
  1534.250 3.482E+03
  1534.500 4.521E+03
  1534.750 5.015E+03
  1535.000 6.475E+03
  1535.250 7.781E+03
  1535.500 8.225E+03
  1535.750 8.537E+03
  1536.000 6.808E+03
  1536.250 5.827E+03
  1536.500 7.186E+03
  1536.750 7.608E+03
  1537.000 6.852E+03
  1537.250 6.284E+03
  1537.500 5.457E+03
  1537.750 5.969E+03
  1538.000 6.642E+03
  1538.250 9.717E+03
  1538.500 1.621E+04
  1538.750 2.036E+04
  1539.000 2.861E+04
  1539.250 3.918E+04
  1539.500 2.815E+04
  1539.750 1.969E+04
  1540.000 2.525E+04
  1540.250 2.178E+04
  1540.500 1.332E+04
  1540.750 7.996E+03
  1541.000 7.484E+03
  1541.250 9.118E+03
  1541.500 2.126E+04
  1541.750 4.475E+04
  1542.000 4.268E+04
  1542.250 2.132E+04
  1542.500 3.150E+04
  1542.750 5.979E+04
  1543.000 5.937E+04
  1543.250 4.484E+04
  1543.500 3.265E+04
  1543.750 1.911E+04
  1544.000 2.359E+04
  1544.250 2.721E+04
  1544.500 2.178E+04
  1544.750 2.370E+04
  1545.000 2.977E+04
  1545.250 3.585E+04
  1545.500 3.091E+04
  1545.750 1.671E+04
  1546.000 3.024E+04
  1546.250 4.957E+04
  1546.500 3.851E+04
  1546.750 3.403E+04
  1547.000 3.010E+04
  1547.250 3.245E+04
  1547.500 5.749E+04
  1547.750 5.537E+04
  1548.000 3.886E+04
  1548.250 3.147E+04
  1548.500 1.740E+04
  1548.750 1.437E+04
  1549.000 4.069E+04
  1549.250 7.915E+04
  1549.500 1.010E+05
  1549.750 1.229E+05
  1550.000 1.048E+05
  1550.250 5.772E+04
  1550.500 5.810E+04
  1550.750 7.445E+04
  1551.000 4.952E+04
  1551.250 2.585E+04
  1551.500 3.940E+04
  1551.750 3.859E+04
  1552.000 1.692E+04
  1552.250 1.238E+04
  1552.500 1.783E+04
  1552.750 1.545E+04
  1553.000 1.477E+04
  1553.250 3.536E+04
  1553.500 6.440E+04
  1553.750 5.418E+04
  1554.000 2.963E+04
  1554.250 1.430E+04
  1554.500 9.430E+03
  1554.750 1.531E+04
  1555.000 2.909E+04
  1555.250 2.487E+04
  1555.500 1.153E+04
  1555.750 9.547E+03
  1556.000 1.047E+04
  1556.250 1.315E+04
  1556.500 2.250E+04
  1556.750 3.118E+04
  1557.000 2.842E+04
  1557.250 1.944E+04
  1557.500 2.289E+04
  1557.750 4.130E+04
  1558.000 4.936E+04
  1558.250 3.781E+04
  1558.500 1.745E+04
  1558.750 7.038E+03
  1559.000 4.916E+03
  1559.250 4.693E+03
  1559.500 5.924E+03
  1559.750 5.377E+03
  1560.000 3.568E+03
  1560.250 1.827E+03
  1560.500 1.217E+03
  1560.750 1.188E+03
  1561.000 1.493E+03
  1561.250 1.307E+03
  1561.500 1.354E+03
  1561.750 2.189E+03
  1562.000 3.288E+03
  1562.250 5.430E+03
  1562.500 9.021E+03
  1562.750 1.266E+04
  1563.000 1.372E+04
  1563.250 1.094E+04
  1563.500 7.124E+03
  1563.750 5.183E+03
  1564.000 7.941E+03
  1564.250 1.211E+04
  1564.500 1.175E+04
  1564.750 1.569E+04
  1565.000 2.668E+04
  1565.250 3.188E+04
  1565.500 4.544E+04
  1565.750 6.495E+04
  1566.000 6.292E+04
  1566.250 4.403E+04
  1566.500 2.539E+04
  1566.750 1.433E+04
  1567.000 1.415E+04
  1567.250 1.553E+04
  1567.500 1.033E+04
  1567.750 7.545E+03
  1568.000 8.876E+03
  1568.250 1.721E+04
  1568.500 3.555E+04
  1568.750 6.847E+04
  1569.000 9.889E+04
  1569.250 1.014E+05
  1569.500 6.994E+04
  1569.750 4.492E+04
  1570.000 3.437E+04
  1570.250 1.778E+04
  1570.500 2.265E+04
  1570.750 4.120E+04
  1571.000 4.447E+04
  1571.250 4.708E+04
  1571.500 4.875E+04
  1571.750 3.797E+04
  1572.000 4.882E+04
  1572.250 6.948E+04
  1572.500 6.091E+04
  1572.750 3.362E+04
  1573.000 2.424E+04
  1573.250 2.071E+04
  1573.500 1.361E+04
  1573.750 7.637E+03
  1574.000 6.558E+03
  1574.250 1.075E+04
  1574.500 1.024E+04
  1574.750 5.855E+03
  1575.000 1.016E+04
  1575.250 2.903E+04
  1575.500 4.785E+04
  1575.750 5.881E+04
  1576.000 6.569E+04
  1576.250 6.906E+04
  1576.500 5.396E+04
  1576.750 3.083E+04
  1577.000 1.566E+04
  1577.250 2.630E+04
  1577.500 5.681E+04
  1577.750 6.868E+04
  1578.000 5.231E+04
  1578.250 4.806E+04
  1578.500 6.229E+04
  1578.750 8.412E+04
  1579.000 9.279E+04
  1579.250 8.428E+04
  1579.500 8.109E+04
  1579.750 7.930E+04
  1580.000 6.285E+04
  1580.250 3.110E+04
  1580.500 1.522E+04
  1580.750 2.866E+04
  1581.000 5.486E+04
  1581.250 5.574E+04
  1581.500 5.600E+04
  1581.750 7.041E+04
  1582.000 7.745E+04
  1582.250 7.164E+04
  1582.500 7.336E+04
  1582.750 8.471E+04
  1583.000 9.644E+04
  1583.250 1.032E+05
  1583.500 9.160E+04
  1583.750 6.825E+04
  1584.000 4.273E+04
  1584.250 3.669E+04
  1584.500 4.434E+04
  1584.750 3.645E+04
  1585.000 2.718E+04
  1585.250 4.550E+04
  1585.500 6.776E+04
  1585.750 6.642E+04
  1586.000 4.241E+04
  1586.250 3.781E+04
  1586.500 4.493E+04
  1586.750 3.875E+04
  1587.000 5.275E+04
  1587.250 6.557E+04
  1587.500 5.007E+04
  1587.750 3.422E+04
  1588.000 3.329E+04
  1588.250 3.382E+04
  1588.500 4.632E+04
  1588.750 6.146E+04
  1589.000 6.330E+04
  1589.250 5.993E+04
  1589.500 7.061E+04
  1589.750 7.543E+04
  1590.000 6.868E+04
  1590.250 5.041E+04
  1590.500 4.064E+04
  1590.750 5.275E+04
  1591.000 4.947E+04
  1591.250 5.376E+04
  1591.500 7.314E+04
  1591.750 7.810E+04
  1592.000 6.703E+04
  1592.250 3.846E+04
  1592.500 2.645E+04
  1592.750 4.649E+04
  1593.000 6.939E+04
  1593.250 7.282E+04
  1593.500 7.346E+04
  1593.750 7.482E+04
  1594.000 6.426E+04
  1594.250 6.970E+04
  1594.500 7.279E+04
  1594.750 4.654E+04
  1595.000 3.107E+04
  1595.250 4.608E+04
  1595.500 6.203E+04
  1595.750 7.253E+04
  1596.000 9.146E+04
  1596.250 9.930E+04
  1596.500 8.850E+04
  1596.750 9.064E+04
  1597.000 1.046E+05
  1597.250 1.041E+05
  1597.500 1.015E+05
  1597.750 1.008E+05
  1598.000 9.990E+04
  1598.250 9.676E+04
  1598.500 8.583E+04
  1598.750 9.376E+04
  1599.000 1.106E+05
  1599.250 1.105E+05
  1599.500 1.068E+05
  1599.750 1.062E+05
  1600.000 1.529E+05
  1600.250 3.099E+05
  1600.500 3.673E+05
  1600.750 3.421E+05
  1601.000 4.976E+05
  1601.250 5.883E+05
  1601.500 6.413E+05
  1601.750 8.267E+05
  1602.000 7.285E+05
  1602.250 4.981E+05
  1602.500 4.237E+05
  1602.750 3.836E+05
  1603.000 3.839E+05
  1603.250 5.868E+05
  1603.500 7.711E+05
  1603.750 8.960E+05
  1604.000 9.996E+05
  1604.250 1.002E+06
  1604.500 8.879E+05
  1604.750 8.780E+05
  1605.000 7.848E+05
  1605.250 5.707E+05
  1605.500 5.456E+05
  1605.750 4.760E+05
  1606.000 4.580E+05
  1606.250 6.271E+05
  1606.500 8.056E+05
  1606.750 7.472E+05
  1607.000 6.062E+05
  1607.250 6.442E+05
  1607.500 7.026E+05
  1607.750 6.168E+05
  1608.000 3.781E+05
  1608.250 1.471E+05
  1608.500 7.751E+04
  1608.750 1.835E+05
  1609.000 3.755E+05
  1609.250 5.401E+05
  1609.500 5.742E+05
  1609.750 6.040E+05
  1610.000 5.917E+05
  1610.250 5.702E+05
  1610.500 5.203E+05
  1610.750 3.061E+05
  1611.000 2.305E+05
  1611.250 5.057E+05
  1611.500 8.171E+05
  1611.750 8.802E+05
  1612.000 7.521E+05
  1612.250 5.236E+05
  1612.500 2.800E+05
  1612.750 1.118E+05
  1613.000 1.355E+05
  1613.250 2.946E+05
  1613.500 4.820E+05
  1613.750 5.005E+05
  1614.000 6.193E+05
  1614.250 6.838E+05
  1614.500 4.271E+05
  1614.750 4.418E+05
  1615.000 7.084E+05
  1615.250 8.664E+05
  1615.500 8.391E+05
  1615.750 6.319E+05
  1616.000 5.182E+05
  1616.250 5.592E+05
  1616.500 4.481E+05
  1616.750 4.542E+05
  1617.000 6.811E+05
  1617.250 7.057E+05
  1617.500 7.775E+05
  1617.750 8.720E+05
  1618.000 6.791E+05
  1618.250 3.839E+05
  1618.500 2.297E+05
  1618.750 2.717E+05
  1619.000 3.594E+05
  1619.250 5.193E+05
  1619.500 6.045E+05
  1619.750 6.690E+05
  1620.000 5.596E+05
  1620.250 4.436E+05
  1620.500 5.438E+05
  1620.750 6.696E+05
  1621.000 5.803E+05
  1621.250 4.064E+05
  1621.500 2.305E+05
  1621.750 1.656E+05
  1622.000 3.733E+05
  1622.250 6.070E+05
  1622.500 6.022E+05
  1622.750 3.570E+05
  1623.000 1.543E+05
  1623.250 1.889E+05
  1623.500 2.603E+05
  1623.750 3.213E+05
  1624.000 5.314E+05
  1624.250 7.411E+05
  1624.500 7.180E+05
  1624.750 6.305E+05
  1625.000 5.450E+05
  1625.250 3.187E+05
  1625.500 9.958E+04
  1625.750 8.601E+04
  1626.000 2.506E+05
  1626.250 3.447E+05
  1626.500 3.958E+05
  1626.750 4.636E+05
  1627.000 3.461E+05
  1627.250 2.704E+05
  1627.500 2.833E+05
  1627.750 3.392E+05
  1628.000 4.725E+05
  1628.250 5.842E+05
  1628.500 5.218E+05
  1628.750 3.157E+05
  1629.000 1.343E+05
  1629.250 3.947E+04
  1629.500 2.130E+04
  1629.750 2.376E+04
  1630.000 3.015E+04
  1630.250 6.871E+04
  1630.500 9.962E+04
  1630.750 7.548E+04
  1631.000 3.144E+04
  1631.250 2.069E+04
  1631.500 5.632E+04
  1631.750 1.707E+05
  1632.000 2.849E+05
  1632.250 2.760E+05
  1632.500 2.244E+05
  1632.750 1.421E+05
  1633.000 7.096E+04
  1633.250 4.130E+04
  1633.500 6.027E+04
  1633.750 7.485E+04
  1634.000 1.120E+05
  1634.250 1.909E+05
  1634.500 3.772E+05
  1634.750 6.200E+05
  1635.000 5.696E+05
  1635.250 3.254E+05
  1635.500 2.378E+05
  1635.750 3.149E+05
  1636.000 2.921E+05
  1636.250 2.059E+05
  1636.500 3.350E+05
  1636.750 5.528E+05
  1637.000 5.120E+05
  1637.250 2.781E+05
  1637.500 2.369E+05
  1637.750 4.417E+05
  1638.000 6.184E+05
  1638.250 7.619E+05
  1638.500 8.449E+05
  1638.750 7.004E+05
  1639.000 4.613E+05
  1639.250 2.822E+05
  1639.500 3.107E+05
  1639.750 4.943E+05
  1640.000 3.900E+05
  1640.250 3.462E+05
  1640.500 5.660E+05
  1640.750 5.980E+05
  1641.000 5.457E+05
  1641.250 5.330E+05
  1641.500 4.773E+05
  1641.750 3.309E+05
  1642.000 3.841E+05
  1642.250 4.940E+05
  1642.500 5.419E+05
  1642.750 7.428E+05
  1643.000 7.433E+05
  1643.250 5.124E+05
  1643.500 2.709E+05
  1643.750 3.537E+05
  1644.000 6.483E+05
  1644.250 8.337E+05
  1644.500 8.672E+05
  1644.750 8.337E+05
  1645.000 8.002E+05
  1645.250 8.628E+05
  1645.500 8.808E+05
  1645.750 7.409E+05
  1646.000 5.206E+05
  1646.250 5.210E+05
  1646.500 6.964E+05
  1646.750 8.188E+05
  1647.000 6.736E+05
  1647.250 5.711E+05
  1647.500 6.937E+05
  1647.750 8.160E+05
  1648.000 8.964E+05
  1648.250 8.286E+05
  1648.500 7.483E+05
  1648.750 8.007E+05
  1649.000 6.974E+05
  1649.250 3.576E+05
  1649.500 1.430E+05
  1649.750 2.679E+05
  1650.000 5.448E+05
  1650.250 6.058E+05
  1650.500 4.453E+05
  1650.750 3.553E+05
  1651.000 4.193E+05
  1651.250 5.438E+05
  1651.500 5.516E+05
  1651.750 4.799E+05
  1652.000 4.931E+05
  1652.250 5.121E+05
  1652.500 5.225E+05
  1652.750 5.435E+05
  1653.000 4.723E+05
  1653.250 3.183E+05
  1653.500 2.214E+05
  1653.750 2.056E+05
  1654.000 1.470E+05
  1654.250 6.437E+04
  1654.500 3.503E+04
  1654.750 4.334E+04
  1655.000 4.069E+04
  1655.250 2.742E+04
  1655.500 1.518E+04
  1655.750 7.766E+03
  1656.000 3.953E+03
  1656.250 1.969E+03
  1656.500 1.707E+03
  1656.750 1.405E+03
  1657.000 9.144E+02
  1657.250 9.692E+02
  1657.500 1.332E+03
  1657.750 1.386E+03
  1658.000 1.158E+03
  1658.250 2.025E+03
  1658.500 4.069E+03
  1658.750 7.110E+03
  1659.000 1.280E+04
  1659.250 1.675E+04
  1659.500 3.075E+04
  1659.750 9.034E+04
  1660.000 1.752E+05
  1660.250 2.142E+05
  1660.500 2.201E+05
  1660.750 2.369E+05
  1661.000 2.645E+05
  1661.250 2.735E+05
  1661.500 3.553E+05
  1661.750 4.936E+05
  1662.000 5.429E+05
  1662.250 4.724E+05
  1662.500 4.712E+05
  1662.750 5.041E+05
  1663.000 3.587E+05
  1663.250 2.085E+05
  1663.500 2.585E+05
  1663.750 3.565E+05
  1664.000 5.000E+05
  1664.250 5.033E+05
  1664.500 4.803E+05
  1664.750 6.678E+05
  1665.000 7.699E+05
  1665.250 7.179E+05
  1665.500 6.340E+05
  1665.750 5.815E+05
  1666.000 4.579E+05
  1666.250 2.919E+05
  1666.500 1.439E+05
  1666.750 1.213E+05
  1667.000 2.935E+05
  1667.250 4.437E+05
  1667.500 3.958E+05
  1667.750 3.439E+05
  1668.000 3.862E+05
  1668.250 3.899E+05
  1668.500 2.948E+05
  1668.750 2.826E+05
  1669.000 2.602E+05
  1669.250 1.992E+05
  1669.500 1.150E+05
  1669.750 4.651E+04
  1670.000 1.782E+04
  1670.250 8.059E+03
  1670.500 3.846E+03
  1670.750 1.690E+03
  1671.000 1.778E+03
  1671.250 3.968E+03
  1671.500 8.226E+03
  1671.750 2.131E+04
  1672.000 5.107E+04
  1672.250 8.022E+04
  1672.500 1.077E+05
  1672.750 2.302E+05
  1673.000 3.577E+05
  1673.250 3.191E+05
  1673.500 2.416E+05
  1673.750 2.469E+05
  1674.000 1.972E+05
  1674.250 1.291E+05
  1674.500 9.262E+04
  1674.750 1.446E+05
  1675.000 2.362E+05
  1675.250 2.770E+05
  1675.500 3.658E+05
  1675.750 4.075E+05
  1676.000 3.809E+05
  1676.250 3.366E+05
  1676.500 2.934E+05
  1676.750 2.545E+05
  1677.000 3.036E+05
  1677.250 3.559E+05
  1677.500 3.357E+05
  1677.750 2.740E+05
  1678.000 2.511E+05
  1678.250 2.515E+05
  1678.500 2.470E+05
  1678.750 2.637E+05
  1679.000 2.297E+05
  1679.250 1.400E+05
  1679.500 6.760E+04
  1679.750 9.762E+04
  1680.000 1.681E+05
  1680.250 1.949E+05
  1680.500 2.816E+05
  1680.750 3.413E+05
  1681.000 2.321E+05
  1681.250 2.269E+05
  1681.500 2.885E+05
  1681.750 2.870E+05
  1682.000 3.787E+05
  1682.250 4.148E+05
  1682.500 2.688E+05
  1682.750 2.522E+05
  1683.000 3.350E+05
  1683.250 2.652E+05
  1683.500 1.807E+05
  1683.750 2.411E+05
  1684.000 3.301E+05
  1684.250 3.269E+05
  1684.500 2.583E+05
  1684.750 2.016E+05
  1685.000 2.929E+05
  1685.250 3.696E+05
  1685.500 3.029E+05
  1685.750 2.145E+05
  1686.000 1.073E+05
  1686.250 4.588E+04
  1686.500 4.407E+04
  1686.750 8.167E+04
  1687.000 1.740E+05
  1687.250 2.816E+05
  1687.500 2.402E+05
  1687.750 1.324E+05
  1688.000 1.156E+05
  1688.250 1.774E+05
  1688.500 2.812E+05
  1688.750 3.073E+05
  1689.000 2.517E+05
  1689.250 2.242E+05
  1689.500 1.918E+05
  1689.750 1.449E+05
  1690.000 1.283E+05
  1690.250 2.553E+05
  1690.500 3.503E+05
  1690.750 2.718E+05
  1691.000 1.906E+05
  1691.250 1.729E+05
  1691.500 2.157E+05
  1691.750 2.574E+05
  1692.000 2.274E+05
  1692.250 1.756E+05
  1692.500 9.953E+04
  1692.750 9.547E+04
  1693.000 1.563E+05
  1693.250 1.582E+05
  1693.500 2.268E+05
  1693.750 3.124E+05
  1694.000 2.816E+05
  1694.250 3.053E+05
  1694.500 2.562E+05
  1694.750 2.308E+05
  1695.000 2.911E+05
  1695.250 2.985E+05
  1695.500 1.788E+05
  1695.750 6.954E+04
  1696.000 2.819E+04
  1696.250 2.985E+04
  1696.500 6.112E+04
  1696.750 9.438E+04
  1697.000 1.971E+05
  1697.250 3.301E+05
  1697.500 3.075E+05
  1697.750 1.449E+05
  1698.000 6.233E+04
  1698.250 9.813E+04
  1698.500 1.789E+05
  1698.750 3.281E+05
  1699.000 3.918E+05
  1699.250 4.616E+05
  1699.500 5.174E+05
  1699.750 3.224E+05
  1700.000 1.312E+05
  1700.250 4.473E+04
  1700.500 5.384E+04
  1700.750 1.927E+05
  1701.000 4.105E+05
  1701.250 5.267E+05
  1701.500 4.337E+05
  1701.750 1.988E+05
  1702.000 7.146E+04
  1702.250 1.694E+05
  1702.500 3.464E+05
  1702.750 3.578E+05
  1703.000 4.060E+05
  1703.250 4.419E+05
  1703.500 4.398E+05
  1703.750 5.439E+05
  1704.000 5.732E+05
  1704.250 4.612E+05
  1704.500 2.684E+05
  1704.750 3.543E+05
  1705.000 5.154E+05
  1705.250 5.163E+05
  1705.500 3.720E+05
  1705.750 1.636E+05
  1706.000 1.698E+05
  1706.250 3.870E+05
  1706.500 6.039E+05
  1706.750 6.212E+05
  1707.000 5.037E+05
  1707.250 3.647E+05
  1707.500 2.314E+05
  1707.750 3.374E+05
  1708.000 5.395E+05
  1708.250 4.478E+05
  1708.500 2.956E+05
  1708.750 3.649E+05
  1709.000 5.952E+05
  1709.250 4.957E+05
  1709.500 2.283E+05
  1709.750 3.243E+05
  1710.000 7.051E+05
  1710.250 9.473E+05
  1710.500 9.454E+05
  1710.750 9.542E+05
  1711.000 9.520E+05
  1711.250 8.864E+05
  1711.500 6.836E+05
  1711.750 6.460E+05
  1712.000 8.658E+05
  1712.250 8.220E+05
  1712.500 5.590E+05
  1712.750 2.708E+05
  1713.000 8.268E+04
  1713.250 3.972E+04
  1713.500 7.675E+04
  1713.750 1.751E+05
  1714.000 3.915E+05
  1714.250 5.796E+05
  1714.500 5.867E+05
  1714.750 5.391E+05
  1715.000 6.322E+05
  1715.250 6.966E+05
  1715.500 6.447E+05
  1715.750 8.347E+05
  1716.000 1.027E+06
  1716.250 8.369E+05
  1716.500 6.662E+05
  1716.750 7.801E+05
  1717.000 9.386E+05
  1717.250 9.777E+05
  1717.500 8.114E+05
  1717.750 5.691E+05
  1718.000 5.095E+05
  1718.250 5.665E+05
  1718.500 7.018E+05
  1718.750 8.513E+05
  1719.000 8.542E+05
  1719.250 7.505E+05
  1719.500 7.715E+05
  1719.750 8.910E+05
  1720.000 5.910E+05
  1720.250 2.400E+05
  1720.500 1.478E+05
  1720.750 2.945E+05
  1721.000 4.650E+05
  1721.250 4.841E+05
  1721.500 6.808E+05
  1721.750 7.588E+05
  1722.000 8.298E+05
  1722.250 7.807E+05
  1722.500 5.456E+05
  1722.750 6.498E+05
  1723.000 7.982E+05
  1723.250 8.853E+05
  1723.500 9.054E+05
  1723.750 8.591E+05
  1724.000 5.890E+05
  1724.250 2.503E+05
  1724.500 1.848E+05
  1724.750 1.884E+05
  1725.000 2.434E+05
  1725.250 5.942E+05
  1725.500 8.148E+05
  1725.750 6.803E+05
  1726.000 4.380E+05
  1726.250 2.068E+05
  1726.500 2.097E+05
  1726.750 4.498E+05
  1727.000 7.351E+05
  1727.250 7.479E+05
  1727.500 7.355E+05
  1727.750 9.854E+05
  1728.000 1.079E+06
  1728.250 1.020E+06
  1728.500 1.071E+06
  1728.750 1.051E+06
  1729.000 1.094E+06
  1729.250 1.157E+06
  1729.500 1.198E+06
  1729.750 1.245E+06
  1730.000 1.162E+06
  1730.250 9.642E+05
  1730.500 8.909E+05
  1730.750 8.696E+05
  1731.000 6.146E+05
  1731.250 5.123E+05
  1731.500 6.707E+05
  1731.750 7.794E+05
  1732.000 8.224E+05
  1732.250 1.044E+06
  1732.500 1.076E+06
  1732.750 9.356E+05
  1733.000 8.948E+05
  1733.250 8.937E+05
  1733.500 8.731E+05
  1733.750 9.307E+05
  1734.000 9.069E+05
  1734.250 8.809E+05
  1734.500 7.392E+05
  1734.750 5.944E+05
  1735.000 6.826E+05
  1735.250 8.621E+05
  1735.500 8.619E+05
  1735.750 8.535E+05
  1736.000 8.688E+05
  1736.250 8.673E+05
  1736.500 8.746E+05
  1736.750 9.776E+05
  1737.000 9.464E+05
  1737.250 7.758E+05
  1737.500 6.173E+05
  1737.750 5.718E+05
  1738.000 6.596E+05
  1738.250 8.114E+05
  1738.500 1.015E+06
  1738.750 1.196E+06
  1739.000 1.233E+06
  1739.250 1.184E+06
  1739.500 1.130E+06
  1739.750 9.921E+05
  1740.000 5.995E+05
  1740.250 2.531E+05
  1740.500 3.299E+05
  1740.750 6.590E+05
  1741.000 7.422E+05
  1741.250 4.610E+05
  1741.500 1.973E+05
  1741.750 2.270E+05
  1742.000 4.116E+05
  1742.250 6.896E+05
  1742.500 7.403E+05
  1742.750 5.990E+05
  1743.000 6.496E+05
  1743.250 6.632E+05
  1743.500 8.460E+05
  1743.750 9.233E+05
  1744.000 9.000E+05
  1744.250 9.442E+05
  1744.500 9.124E+05
  1744.750 9.395E+05
  1745.000 8.953E+05
  1745.250 7.080E+05
  1745.500 8.411E+05
  1745.750 1.087E+06
  1746.000 1.217E+06
  1746.250 1.148E+06
  1746.500 9.305E+05
  1746.750 5.701E+05
  1747.000 5.732E+05
  1747.250 7.961E+05
  1747.500 7.953E+05
  1747.750 6.505E+05
  1748.000 4.193E+05
  1748.250 2.850E+05
  1748.500 4.865E+05
  1748.750 8.134E+05
  1749.000 8.884E+05
  1749.250 8.840E+05
  1749.500 8.292E+05
  1749.750 7.633E+05
  1750.000 1.006E+06
  1750.250 1.203E+06
  1750.500 1.114E+06
  1750.750 1.015E+06
  1751.000 1.119E+06
  1751.250 1.124E+06
  1751.500 7.825E+05
  1751.750 3.490E+05
  1752.000 3.405E+05
  1752.250 6.338E+05
  1752.500 8.273E+05
  1752.750 9.458E+05
  1753.000 9.530E+05
  1753.250 9.191E+05
  1753.500 9.418E+05
  1753.750 1.148E+06
  1754.000 1.172E+06
  1754.250 1.007E+06
  1754.500 9.205E+05
  1754.750 7.636E+05
  1755.000 9.036E+05
  1755.250 1.136E+06
  1755.500 1.222E+06
  1755.750 1.185E+06
  1756.000 1.202E+06
  1756.250 1.191E+06
  1756.500 1.047E+06
  1756.750 1.057E+06
  1757.000 1.183E+06
  1757.250 1.113E+06
  1757.500 9.353E+05
  1757.750 9.159E+05
  1758.000 8.893E+05
  1758.250 7.741E+05
  1758.500 8.959E+05
  1758.750 1.066E+06
  1759.000 1.166E+06
  1759.250 1.147E+06
  1759.500 9.442E+05
  1759.750 7.167E+05
  1760.000 6.675E+05
  1760.250 6.252E+05
  1760.500 6.171E+05
  1760.750 7.896E+05
  1761.000 9.864E+05
  1761.250 7.599E+05
  1761.500 6.257E+05
  1761.750 7.421E+05
  1762.000 8.138E+05
  1762.250 9.373E+05
  1762.500 8.840E+05
  1762.750 6.061E+05
  1763.000 6.251E+05
  1763.250 9.663E+05
  1763.500 8.816E+05
  1763.750 4.537E+05
  1764.000 3.240E+05
  1764.250 6.035E+05
  1764.500 9.290E+05
  1764.750 9.427E+05
  1765.000 6.043E+05
  1765.250 2.449E+05
  1765.500 7.515E+04
  1765.750 5.803E+04
  1766.000 1.010E+05
  1766.250 1.375E+05
  1766.500 2.923E+05
  1766.750 6.402E+05
  1767.000 9.930E+05
  1767.250 1.078E+06
  1767.500 8.517E+05
  1767.750 8.069E+05
  1768.000 1.025E+06
  1768.250 9.641E+05
  1768.500 7.832E+05
  1768.750 7.746E+05
  1769.000 6.998E+05
  1769.250 6.234E+05
  1769.500 6.128E+05
  1769.750 6.415E+05
  1770.000 9.313E+05
  1770.250 1.023E+06
  1770.500 7.082E+05
  1770.750 4.980E+05
  1771.000 6.648E+05
  1771.250 1.033E+06
  1771.500 1.181E+06
  1771.750 9.887E+05
  1772.000 7.231E+05
  1772.250 4.859E+05
  1772.500 4.701E+05
  1772.750 8.201E+05
  1773.000 1.087E+06
  1773.250 1.200E+06
  1773.500 1.243E+06
  1773.750 9.935E+05
  1774.000 6.889E+05
  1774.250 8.838E+05
  1774.500 1.108E+06
  1774.750 8.686E+05
  1775.000 6.752E+05
  1775.250 8.775E+05
  1775.500 1.153E+06
  1775.750 1.175E+06
  1776.000 1.107E+06
  1776.250 1.110E+06
  1776.500 9.136E+05
  1776.750 7.224E+05
  1777.000 1.034E+06
  1777.250 1.335E+06
  1777.500 1.216E+06
  1777.750 8.887E+05
  1778.000 9.047E+05
  1778.250 1.027E+06
  1778.500 1.005E+06
  1778.750 1.081E+06
  1779.000 1.236E+06
  1779.250 1.170E+06
  1779.500 1.145E+06
  1779.750 1.180E+06
  1780.000 1.074E+06
  1780.250 1.072E+06
  1780.500 1.219E+06
  1780.750 1.122E+06
  1781.000 9.444E+05
  1781.250 8.123E+05
  1781.500 8.373E+05
  1781.750 9.768E+05
  1782.000 9.730E+05
  1782.250 8.615E+05
  1782.500 7.661E+05
  1782.750 6.422E+05
  1783.000 6.377E+05
  1783.250 6.834E+05
  1783.500 8.834E+05
  1783.750 1.092E+06
  1784.000 1.133E+06
  1784.250 1.164E+06
  1784.500 1.043E+06
  1784.750 9.223E+05
  1785.000 6.711E+05
  1785.250 3.794E+05
  1785.500 5.429E+05
  1785.750 7.934E+05
  1786.000 8.177E+05
  1786.250 7.042E+05
  1786.500 5.173E+05
  1786.750 3.984E+05
  1787.000 6.693E+05
  1787.250 9.665E+05
  1787.500 8.548E+05
  1787.750 5.460E+05
  1788.000 3.582E+05
  1788.250 3.576E+05
  1788.500 4.050E+05
  1788.750 7.038E+05
  1789.000 1.050E+06
  1789.250 1.214E+06
  1789.500 1.176E+06
  1789.750 1.019E+06
  1790.000 1.084E+06
  1790.250 1.185E+06
  1790.500 1.188E+06
  1790.750 1.248E+06
  1791.000 1.296E+06
  1791.250 1.311E+06
  1791.500 1.276E+06
  1791.750 1.288E+06
  1792.000 1.300E+06
  1792.250 1.321E+06
  1792.500 1.363E+06
  1792.750 1.348E+06
  1793.000 1.258E+06
  1793.250 9.812E+05
  1793.500 9.018E+05
  1793.750 1.057E+06
  1794.000 1.243E+06
  1794.250 1.328E+06
  1794.500 1.307E+06
  1794.750 1.259E+06
  1795.000 1.145E+06
  1795.250 1.125E+06
  1795.500 1.129E+06
  1795.750 1.218E+06
  1796.000 1.320E+06
  1796.250 1.417E+06
  1796.500 1.378E+06
  1796.750 1.145E+06
  1797.000 9.993E+05
  1797.250 9.046E+05
  1797.500 8.504E+05
  1797.750 9.822E+05
  1798.000 9.540E+05
  1798.250 9.583E+05
  1798.500 1.244E+06
  1798.750 1.334E+06
  1799.000 1.182E+06
  1799.250 1.079E+06
  1799.500 1.139E+06
  1799.750 1.145E+06
  1800.000 1.228E+06
  1800.250 1.316E+06
  1800.500 1.265E+06
  1800.750 1.241E+06
  1801.000 1.231E+06
  1801.250 1.217E+06
  1801.500 1.267E+06
  1801.750 1.283E+06
  1802.000 1.232E+06
  1802.250 1.191E+06
  1802.500 1.250E+06
  1802.750 1.279E+06
  1803.000 1.334E+06
  1803.250 1.201E+06
  1803.500 9.647E+05
  1803.750 1.079E+06
  1804.000 1.163E+06
  1804.250 9.733E+05
  1804.500 8.083E+05
  1804.750 8.249E+05
  1805.000 8.001E+05
  1805.250 7.771E+05
  1805.500 8.298E+05
  1805.750 8.489E+05
  1806.000 8.867E+05
  1806.250 8.716E+05
  1806.500 6.864E+05
  1806.750 4.001E+05
  1807.000 1.450E+05
  1807.250 3.270E+04
  1807.500 3.247E+04
  1807.750 1.050E+05
  1808.000 2.590E+05
  1808.250 4.450E+05
  1808.500 5.527E+05
  1808.750 5.100E+05
  1809.000 3.366E+05
  1809.250 3.826E+05
  1809.500 7.869E+05
  1809.750 1.085E+06
  1810.000 1.124E+06
  1810.250 1.194E+06
  1810.500 1.267E+06
  1810.750 1.144E+06
  1811.000 9.036E+05
  1811.250 9.952E+05
  1811.500 1.258E+06
  1811.750 1.114E+06
  1812.000 7.501E+05
  1812.250 8.103E+05
  1812.500 1.157E+06
  1812.750 1.268E+06
  1813.000 1.194E+06
  1813.250 1.238E+06
  1813.500 1.239E+06
  1813.750 1.079E+06
  1814.000 7.987E+05
  1814.250 7.716E+05
  1814.500 8.854E+05
  1814.750 1.034E+06
  1815.000 1.148E+06
  1815.250 9.250E+05
  1815.500 7.206E+05
  1815.750 8.663E+05
  1816.000 1.075E+06
  1816.250 1.137E+06
  1816.500 9.996E+05
  1816.750 6.608E+05
  1817.000 5.246E+05
  1817.250 6.190E+05
  1817.500 6.202E+05
  1817.750 7.504E+05
  1818.000 7.737E+05
  1818.250 7.881E+05
  1818.500 8.014E+05
  1818.750 1.008E+06
  1819.000 1.130E+06
  1819.250 1.074E+06
  1819.500 8.755E+05
  1819.750 6.071E+05
  1820.000 3.290E+05
  1820.250 1.036E+05
  1820.500 6.865E+04
  1820.750 1.706E+05
  1821.000 4.155E+05
  1821.250 8.231E+05
  1821.500 1.110E+06
  1821.750 1.132E+06
  1822.000 8.973E+05
  1822.250 7.241E+05
  1822.500 9.097E+05
  1822.750 1.096E+06
  1823.000 1.205E+06
  1823.250 1.239E+06
  1823.500 1.149E+06
  1823.750 9.058E+05
  1824.000 7.603E+05
  1824.250 1.102E+06
  1824.500 1.366E+06
  1824.750 1.247E+06
  1825.000 9.324E+05
  1825.250 7.978E+05
  1825.500 8.816E+05
  1825.750 7.578E+05
  1826.000 4.159E+05
  1826.250 2.100E+05
  1826.500 3.699E+05
  1826.750 6.566E+05
  1827.000 7.953E+05
  1827.250 1.014E+06
  1827.500 1.068E+06
  1827.750 8.855E+05
  1828.000 8.671E+05
  1828.250 9.303E+05
  1828.500 9.256E+05
  1828.750 9.690E+05
  1829.000 1.060E+06
  1829.250 1.088E+06
  1829.500 1.116E+06
  1829.750 1.109E+06
  1830.000 1.044E+06
  1830.250 9.710E+05
  1830.500 8.876E+05
  1830.750 8.242E+05
  1831.000 8.266E+05
  1831.250 7.706E+05
  1831.500 7.858E+05
  1831.750 7.373E+05
  1832.000 7.727E+05
  1832.250 8.246E+05
  1832.500 7.992E+05
  1832.750 8.964E+05
  1833.000 8.675E+05
  1833.250 8.062E+05
  1833.500 8.715E+05
  1833.750 8.864E+05
  1834.000 1.037E+06
  1834.250 1.228E+06
  1834.500 1.253E+06
  1834.750 1.055E+06
  1835.000 1.073E+06
  1835.250 1.111E+06
  1835.500 9.078E+05
  1835.750 8.154E+05
  1836.000 8.626E+05
  1836.250 9.697E+05
  1836.500 9.772E+05
  1836.750 1.088E+06
  1837.000 1.017E+06
  1837.250 8.648E+05
  1837.500 8.254E+05
  1837.750 6.768E+05
  1838.000 4.655E+05
  1838.250 6.761E+05
  1838.500 1.068E+06
  1838.750 1.206E+06
  1839.000 1.164E+06
  1839.250 9.826E+05
  1839.500 6.781E+05
  1839.750 4.561E+05
  1840.000 3.199E+05
  1840.250 5.430E+05
  1840.500 9.828E+05
  1840.750 1.189E+06
  1841.000 9.561E+05
  1841.250 6.153E+05
  1841.500 3.328E+05
  1841.750 3.147E+05
  1842.000 5.747E+05
  1842.250 8.893E+05
  1842.500 1.170E+06
  1842.750 1.019E+06
  1843.000 6.286E+05
  1843.250 6.111E+05
  1843.500 8.030E+05
  1843.750 8.418E+05
  1844.000 9.017E+05
  1844.250 1.030E+06
  1844.500 1.068E+06
  1844.750 9.871E+05
  1845.000 8.752E+05
  1845.250 7.343E+05
  1845.500 7.182E+05
  1845.750 9.706E+05
  1846.000 9.143E+05
  1846.250 7.273E+05
  1846.500 6.332E+05
  1846.750 6.440E+05
  1847.000 8.033E+05
  1847.250 7.019E+05
  1847.500 5.006E+05
  1847.750 5.255E+05
  1848.000 5.435E+05
  1848.250 6.456E+05
  1848.500 7.459E+05
  1848.750 7.775E+05
  1849.000 1.125E+06
  1849.250 1.252E+06
  1849.500 1.234E+06
  1849.750 1.265E+06
  1850.000 1.062E+06
