   850.000 3.111E+00
   850.250 3.124E+00
   850.500 3.143E+00
   850.750 3.162E+00
   851.000 3.181E+00
   851.250 3.199E+00
   851.500 3.218E+00
   851.750 3.237E+00
   852.000 3.255E+00
   852.250 3.275E+00
   852.500 3.294E+00
   852.750 3.313E+00
   853.000 3.333E+00
   853.250 3.353E+00
   853.500 3.373E+00
   853.750 3.392E+00
   854.000 3.411E+00
   854.250 3.431E+00
   854.500 3.452E+00
   854.750 3.472E+00
   855.000 3.493E+00
   855.250 3.513E+00
   855.500 3.534E+00
   855.750 3.554E+00
   856.000 3.575E+00
   856.250 3.596E+00
   856.500 3.617E+00
   856.750 3.638E+00
   857.000 3.659E+00
   857.250 3.679E+00
   857.500 3.698E+00
   857.750 3.702E+00
   858.000 3.673E+00
   858.250 3.677E+00
   858.500 3.688E+00
   858.750 3.747E+00
   859.000 3.821E+00
   859.250 3.852E+00
   859.500 3.866E+00
   859.750 3.883E+00
   860.000 3.914E+00
   860.250 3.941E+00
   860.500 3.965E+00
   860.750 3.989E+00
   861.000 4.012E+00
   861.250 4.035E+00
   861.500 4.054E+00
   861.750 4.069E+00
   862.000 4.094E+00
   862.250 4.124E+00
   862.500 4.134E+00
   862.750 4.087E+00
   863.000 4.058E+00
   863.250 4.111E+00
   863.500 4.168E+00
   863.750 4.245E+00
   864.000 4.290E+00
   864.250 4.319E+00
   864.500 4.345E+00
   864.750 4.370E+00
   865.000 4.395E+00
   865.250 4.420E+00
   865.500 4.446E+00
   865.750 4.470E+00
   866.000 4.495E+00
   866.250 4.521E+00
   866.500 4.543E+00
   866.750 4.561E+00
   867.000 4.591E+00
   867.250 4.624E+00
   867.500 4.652E+00
   867.750 4.678E+00
   868.000 4.705E+00
   868.250 4.732E+00
   868.500 4.758E+00
   868.750 4.785E+00
   869.000 4.812E+00
   869.250 4.839E+00
   869.500 4.866E+00
   869.750 4.893E+00
   870.000 4.921E+00
   870.250 4.948E+00
   870.500 4.976E+00
   870.750 5.005E+00
   871.000 5.033E+00
   871.250 5.061E+00
   871.500 5.090E+00
   871.750 5.118E+00
   872.000 5.147E+00
   872.250 5.176E+00
   872.500 5.205E+00
   872.750 5.234E+00
   873.000 5.263E+00
   873.250 5.292E+00
   873.500 5.322E+00
   873.750 5.351E+00
   874.000 5.381E+00
   874.250 5.411E+00
   874.500 5.441E+00
   874.750 5.471E+00
   875.000 5.487E+00
   875.250 5.449E+00
   875.500 5.424E+00
   875.750 5.488E+00
   876.000 5.555E+00
   876.250 5.628E+00
   876.500 5.684E+00
   876.750 5.719E+00
   877.000 5.751E+00
   877.250 5.782E+00
   877.500 5.802E+00
   877.750 5.802E+00
   878.000 5.838E+00
   878.250 5.900E+00
   878.500 5.941E+00
   878.750 5.961E+00
   879.000 5.973E+00
   879.250 6.015E+00
   879.500 6.059E+00
   879.750 6.100E+00
   880.000 6.140E+00
   880.250 6.176E+00
   880.500 6.211E+00
   880.750 6.244E+00
   881.000 6.279E+00
   881.250 6.313E+00
   881.500 6.348E+00
   881.750 6.383E+00
   882.000 6.417E+00
   882.250 6.452E+00
   882.500 6.488E+00
   882.750 6.523E+00
   883.000 6.558E+00
   883.250 6.594E+00
   883.500 6.630E+00
   883.750 6.666E+00
   884.000 6.702E+00
   884.250 6.739E+00
   884.500 6.775E+00
   884.750 6.812E+00
   885.000 6.849E+00
   885.250 6.886E+00
   885.500 6.923E+00
   885.750 6.960E+00
   886.000 6.997E+00
   886.250 7.034E+00
   886.500 7.072E+00
   886.750 7.112E+00
   887.000 7.151E+00
   887.250 7.190E+00
   887.500 7.228E+00
   887.750 7.267E+00
   888.000 7.307E+00
   888.250 7.346E+00
   888.500 7.386E+00
   888.750 7.425E+00
   889.000 7.465E+00
   889.250 7.503E+00
   889.500 7.529E+00
   889.750 7.557E+00
   890.000 7.615E+00
   890.250 7.667E+00
   890.500 7.709E+00
   890.750 7.750E+00
   891.000 7.791E+00
   891.250 7.833E+00
   891.500 7.872E+00
   891.750 7.892E+00
   892.000 7.908E+00
   892.250 7.974E+00
   892.500 8.039E+00
   892.750 8.087E+00
   893.000 8.131E+00
   893.250 8.174E+00
   893.500 8.216E+00
   893.750 8.259E+00
   894.000 8.303E+00
   894.250 8.348E+00
   894.500 8.392E+00
   894.750 8.436E+00
   895.000 8.482E+00
   895.250 8.527E+00
   895.500 8.572E+00
   895.750 8.618E+00
   896.000 8.663E+00
   896.250 8.709E+00
   896.500 8.755E+00
   896.750 8.801E+00
   897.000 8.847E+00
   897.250 8.894E+00
   897.500 8.941E+00
   897.750 8.988E+00
   898.000 9.035E+00
   898.250 9.083E+00
   898.500 9.131E+00
   898.750 9.178E+00
   899.000 9.225E+00
   899.250 9.269E+00
   899.500 9.315E+00
   899.750 9.362E+00
   900.000 9.410E+00
   900.250 9.464E+00
   900.500 9.517E+00
   900.750 9.569E+00
   901.000 9.620E+00
   901.250 9.669E+00
   901.500 9.712E+00
   901.750 9.756E+00
   902.000 9.815E+00
   902.250 9.873E+00
   902.500 9.925E+00
   902.750 9.976E+00
   903.000 1.002E+01
   903.250 1.002E+01
   903.500 9.882E+00
   903.750 9.728E+00
   904.000 9.602E+00
   904.250 9.720E+00
   904.500 9.985E+00
   904.750 1.027E+01
   905.000 1.043E+01
   905.250 1.050E+01
   905.500 1.056E+01
   905.750 1.061E+01
   906.000 1.066E+01
   906.250 1.065E+01
   906.500 1.060E+01
   906.750 1.065E+01
   907.000 1.077E+01
   907.250 1.090E+01
   907.500 1.096E+01
   907.750 1.101E+01
   908.000 1.110E+01
   908.250 1.117E+01
   908.500 1.122E+01
   908.750 1.129E+01
   909.000 1.135E+01
   909.250 1.140E+01
   909.500 1.146E+01
   909.750 1.152E+01
   910.000 1.157E+01
   910.250 1.158E+01
   910.500 1.159E+01
   910.750 1.170E+01
   911.000 1.180E+01
   911.250 1.188E+01
   911.500 1.203E+01
   911.750 1.260E+01
   912.000 1.366E+01
   912.250 1.372E+01
   912.500 1.262E+01
   912.750 1.249E+01
   913.000 1.395E+01
   913.250 1.969E+01
   913.500 3.700E+01
   913.750 6.423E+01
   914.000 9.292E+01
   914.250 1.263E+02
   914.500 1.661E+02
   914.750 2.103E+02
   915.000 2.615E+02
   915.250 2.919E+02
   915.500 3.024E+02
   915.750 2.742E+02
   916.000 3.698E+02
   916.250 4.471E+02
   916.500 4.413E+02
   916.750 6.413E+02
   917.000 6.420E+02
   917.250 6.680E+02
   917.500 1.097E+03
   917.750 1.201E+03
   918.000 8.556E+02
   918.250 8.921E+02
   918.500 1.467E+03
   918.750 1.797E+03
   919.000 1.456E+03
   919.250 9.318E+02
   919.500 9.132E+02
   919.750 1.537E+03
   920.000 2.348E+03
   920.250 2.530E+03
   920.500 1.981E+03
   920.750 1.221E+03
   921.000 9.214E+02
   921.250 1.414E+03
   921.500 2.179E+03
   921.750 2.609E+03
   922.000 2.740E+03
   922.250 3.008E+03
   922.500 2.753E+03
   922.750 1.843E+03
   923.000 1.064E+03
   923.250 1.000E+03
   923.500 1.667E+03
   923.750 2.502E+03
   924.000 3.494E+03
   924.250 4.469E+03
   924.500 4.697E+03
   924.750 4.102E+03
   925.000 3.814E+03
   925.250 3.917E+03
   925.500 3.412E+03
   925.750 2.407E+03
   926.000 1.308E+03
   926.250 8.069E+02
   926.500 1.385E+03
   926.750 2.301E+03
   927.000 3.224E+03
   927.250 4.631E+03
   927.500 6.083E+03
   927.750 7.213E+03
   928.000 7.510E+03
   928.250 7.238E+03
   928.500 7.469E+03
   928.750 8.137E+03
   929.000 8.194E+03
   929.250 7.380E+03
   929.500 5.775E+03
   929.750 4.684E+03
   930.000 3.927E+03
   930.250 4.381E+03
   930.500 1.353E+04
   930.750 2.326E+04
   931.000 1.260E+04
   931.250 4.681E+03
   931.500 4.887E+03
   931.750 6.745E+03
   932.000 8.362E+03
   932.250 1.092E+04
   932.500 1.363E+04
   932.750 1.599E+04
   933.000 1.939E+04
   933.250 2.328E+04
   933.500 2.762E+04
   933.750 2.988E+04
   934.000 3.432E+04
   934.250 4.161E+04
   934.500 4.164E+04
   934.750 3.697E+04
   935.000 3.587E+04
   935.250 3.336E+04
   935.500 2.814E+04
   935.750 2.493E+04
   936.000 2.442E+04
   936.250 2.175E+04
   936.500 1.668E+04
   936.750 1.375E+04
   937.000 1.297E+04
   937.250 1.005E+04
   937.500 1.326E+04
   937.750 2.837E+04
   938.000 2.475E+04
   938.250 1.359E+04
   938.500 1.501E+04
   938.750 1.979E+04
   939.000 2.655E+04
   939.250 3.512E+04
   939.500 4.399E+04
   939.750 5.446E+04
   940.000 6.126E+04
   940.250 7.717E+04
   940.500 1.000E+05
   940.750 1.233E+05
   941.000 1.570E+05
   941.250 1.667E+05
   941.500 1.936E+05
   941.750 2.572E+05
   942.000 3.156E+05
   942.250 3.734E+05
   942.500 3.912E+05
   942.750 4.320E+05
   943.000 5.456E+05
   943.250 6.434E+05
   943.500 6.357E+05
   943.750 5.913E+05
   944.000 6.346E+05
   944.250 7.051E+05
   944.500 6.472E+05
   944.750 5.025E+05
   945.000 3.144E+05
   945.250 1.829E+05
   945.500 2.030E+05
   945.750 2.622E+05
   946.000 2.732E+05
   946.250 2.312E+05
   946.500 1.831E+05
   946.750 1.457E+05
   947.000 1.431E+05
   947.250 1.556E+05
   947.500 1.438E+05
   947.750 1.149E+05
   948.000 1.013E+05
   948.250 8.606E+04
   948.500 6.103E+04
   948.750 4.601E+04
   949.000 3.837E+04
   949.250 3.927E+04
   949.500 1.132E+05
   949.750 2.018E+05
   950.000 1.115E+05
   950.250 3.925E+04
   950.500 3.951E+04
   950.750 5.403E+04
   951.000 7.762E+04
   951.250 1.030E+05
   951.500 1.334E+05
   951.750 1.630E+05
   952.000 1.769E+05
   952.250 1.642E+05
   952.500 2.069E+05
   952.750 3.121E+05
   953.000 3.747E+05
   953.250 4.050E+05
   953.500 4.471E+05
   953.750 5.249E+05
   954.000 7.387E+05
   954.250 1.238E+06
   954.500 1.638E+06
   954.750 1.649E+06
   955.000 1.800E+06
   955.250 2.058E+06
   955.500 2.264E+06
   955.750 3.028E+06
   956.000 3.768E+06
   956.250 4.555E+06
   956.500 4.774E+06
   956.750 4.505E+06
   957.000 4.681E+06
   957.250 4.330E+06
   957.500 2.362E+06
   957.750 1.272E+06
   958.000 1.698E+06
   958.250 3.178E+06
   958.500 6.189E+06
   958.750 8.152E+06
   959.000 7.733E+06
   959.250 8.188E+06
   959.500 8.137E+06
   959.750 8.651E+06
   960.000 9.190E+06
   960.250 9.638E+06
   960.500 9.560E+06
   960.750 9.773E+06
   961.000 9.326E+06
   961.250 7.908E+06
   961.500 6.328E+06
   961.750 5.945E+06
   962.000 7.828E+06
   962.250 9.924E+06
   962.500 8.616E+06
   962.750 8.043E+06
   963.000 9.300E+06
   963.250 8.297E+06
   963.500 6.535E+06
   963.750 3.691E+06
   964.000 3.378E+06
   964.250 5.620E+06
   964.500 5.646E+06
   964.750 4.181E+06
   965.000 3.149E+06
   965.250 2.821E+06
   965.500 3.408E+06
   965.750 5.061E+06
   966.000 5.225E+06
   966.250 3.564E+06
   966.500 2.717E+06
   966.750 3.263E+06
   967.000 3.164E+06
   967.250 2.575E+06
   967.500 2.303E+06
   967.750 1.792E+06
   968.000 1.190E+06
   968.250 9.362E+05
   968.500 9.654E+05
   968.750 8.491E+05
   969.000 6.416E+05
   969.250 4.877E+05
   969.500 4.110E+05
   969.750 3.736E+05
   970.000 3.217E+05
   970.250 2.810E+05
   970.500 2.397E+05
   970.750 2.014E+05
   971.000 1.699E+05
   971.250 1.441E+05
   971.500 1.097E+05
   971.750 7.278E+04
   972.000 4.821E+04
   972.250 2.674E+04
   972.500 1.428E+04
   972.750 2.493E+04
   973.000 4.920E+04
   973.250 7.750E+04
   973.500 1.102E+05
   973.750 1.402E+05
   974.000 1.862E+05
   974.250 2.411E+05
   974.500 3.027E+05
   974.750 3.654E+05
   975.000 4.040E+05
   975.250 4.567E+05
   975.500 5.499E+05
   975.750 6.814E+05
   976.000 8.187E+05
   976.250 1.031E+06
   976.500 1.245E+06
   976.750 1.277E+06
   977.000 1.214E+06
   977.250 1.581E+06
   977.500 2.079E+06
   977.750 2.345E+06
   978.000 2.755E+06
   978.250 3.268E+06
   978.500 3.732E+06
   978.750 4.264E+06
   979.000 5.219E+06
   979.250 6.071E+06
   979.500 5.753E+06
   979.750 6.274E+06
   980.000 8.207E+06
   980.250 8.966E+06
   980.500 1.057E+07
   980.750 1.077E+07
   981.000 8.872E+06
   981.250 7.359E+06
   981.500 8.055E+06
   981.750 1.045E+07
   982.000 1.056E+07
   982.250 1.267E+07
   982.500 1.646E+07
   982.750 1.561E+07
   983.000 1.384E+07
   983.250 1.128E+07
   983.500 7.697E+06
   983.750 5.547E+06
   984.000 6.202E+06
   984.250 8.777E+06
   984.500 1.077E+07
   984.750 1.125E+07
   985.000 1.397E+07
   985.250 1.591E+07
   985.500 1.122E+07
   985.750 6.668E+06
   986.000 1.028E+07
   986.250 1.306E+07
   986.500 1.216E+07
   986.750 1.653E+07
   987.000 2.018E+07
   987.250 1.623E+07
   987.500 1.022E+07
   987.750 8.840E+06
   988.000 9.229E+06
   988.250 9.405E+06
   988.500 8.727E+06
   988.750 8.535E+06
   989.000 1.319E+07
   989.250 1.306E+07
   989.500 6.379E+06
   989.750 1.623E+06
   990.000 5.601E+05
   990.250 1.604E+06
   990.500 3.090E+06
   990.750 4.030E+06
   991.000 6.316E+06
   991.250 6.701E+06
   991.500 5.267E+06
   991.750 5.455E+06
   992.000 6.215E+06
   992.250 4.456E+06
   992.500 1.645E+06
   992.750 8.444E+05
   993.000 2.372E+06
   993.250 5.642E+06
   993.500 1.000E+07
   993.750 1.352E+07
   994.000 1.095E+07
   994.250 5.630E+06
   994.500 3.513E+06
   994.750 3.566E+06
   995.000 5.485E+06
   995.250 1.008E+07
   995.500 1.454E+07
   995.750 1.405E+07
   996.000 1.293E+07
   996.250 1.849E+07
   996.500 2.171E+07
   996.750 1.964E+07
   997.000 1.331E+07
   997.250 9.454E+06
   997.500 9.780E+06
   997.750 1.188E+07
   998.000 1.459E+07
   998.250 1.952E+07
   998.500 2.060E+07
   998.750 1.660E+07
   999.000 1.387E+07
   999.250 1.371E+07
   999.500 1.591E+07
   999.750 2.032E+07
  1000.000 2.038E+07
  1000.250 2.017E+07
  1000.500 1.854E+07
  1000.750 1.573E+07
  1001.000 1.638E+07
  1001.250 2.198E+07
  1001.500 2.327E+07
  1001.750 2.434E+07
  1002.000 2.290E+07
  1002.250 1.701E+07
  1002.500 1.459E+07
  1002.750 1.626E+07
  1003.000 1.697E+07
  1003.250 1.928E+07
  1003.500 1.926E+07
  1003.750 2.067E+07
  1004.000 2.485E+07
  1004.250 2.597E+07
  1004.500 2.170E+07
  1004.750 1.914E+07
  1005.000 1.511E+07
  1005.250 1.306E+07
  1005.500 1.646E+07
  1005.750 1.677E+07
  1006.000 1.554E+07
  1006.250 1.381E+07
  1006.500 1.266E+07
  1006.750 1.485E+07
  1007.000 1.574E+07
  1007.250 1.506E+07
  1007.500 1.532E+07
  1007.750 1.790E+07
  1008.000 1.908E+07
  1008.250 1.849E+07
  1008.500 1.452E+07
  1008.750 9.101E+06
  1009.000 8.870E+06
  1009.250 8.751E+06
  1009.500 6.441E+06
  1009.750 3.872E+06
  1010.000 2.009E+06
  1010.250 2.183E+06
  1010.500 5.234E+06
  1010.750 9.479E+06
  1011.000 1.249E+07
  1011.250 1.655E+07
  1011.500 1.816E+07
  1011.750 1.661E+07
  1012.000 1.521E+07
  1012.250 1.293E+07
  1012.500 9.770E+06
  1012.750 1.295E+07
  1013.000 1.868E+07
  1013.250 1.988E+07
  1013.500 1.793E+07
  1013.750 1.515E+07
  1014.000 1.274E+07
  1014.250 1.146E+07
  1014.500 1.276E+07
  1014.750 1.239E+07
  1015.000 9.778E+06
  1015.250 8.071E+06
  1015.500 6.776E+06
  1015.750 8.609E+06
  1016.000 1.119E+07
  1016.250 1.069E+07
  1016.500 1.119E+07
  1016.750 1.160E+07
  1017.000 8.759E+06
  1017.250 6.221E+06
  1017.500 5.776E+06
  1017.750 5.855E+06
  1018.000 6.023E+06
  1018.250 4.577E+06
  1018.500 4.889E+06
  1018.750 5.876E+06
  1019.000 5.385E+06
  1019.250 4.540E+06
  1019.500 3.356E+06
  1019.750 2.363E+06
  1020.000 1.933E+06
  1020.250 1.824E+06
  1020.500 1.497E+06
  1020.750 1.096E+06
  1021.000 1.010E+06
  1021.250 9.282E+05
  1021.500 7.745E+05
  1021.750 6.688E+05
  1022.000 6.101E+05
  1022.250 5.201E+05
  1022.500 4.109E+05
  1022.750 3.545E+05
  1023.000 3.229E+05
  1023.250 2.709E+05
  1023.500 2.059E+05
  1023.750 1.597E+05
  1024.000 1.432E+05
  1024.250 1.170E+05
  1024.500 7.217E+04
  1024.750 3.678E+04
  1025.000 2.162E+04
  1025.250 1.461E+04
  1025.500 8.762E+03
  1025.750 6.591E+03
  1026.000 1.353E+04
  1026.250 2.695E+04
  1026.500 4.809E+04
  1026.750 7.537E+04
  1027.000 1.008E+05
  1027.250 1.215E+05
  1027.500 1.542E+05
  1027.750 1.932E+05
  1028.000 1.983E+05
  1028.250 2.197E+05
  1028.500 2.914E+05
  1028.750 3.631E+05
  1029.000 4.472E+05
  1029.250 5.443E+05
  1029.500 6.080E+05
  1029.750 6.586E+05
  1030.000 7.353E+05
  1030.250 8.981E+05
  1030.500 1.006E+06
  1030.750 9.393E+05
  1031.000 1.016E+06
  1031.250 1.236E+06
  1031.500 1.618E+06
  1031.750 2.395E+06
  1032.000 2.531E+06
  1032.250 2.850E+06
  1032.500 4.234E+06
  1032.750 5.092E+06
  1033.000 4.361E+06
  1033.250 2.924E+06
  1033.500 2.518E+06
  1033.750 2.585E+06
  1034.000 3.121E+06
  1034.250 2.963E+06
  1034.500 2.535E+06
  1034.750 2.513E+06
  1035.000 2.279E+06
  1035.250 1.952E+06
  1035.500 1.531E+06
  1035.750 9.193E+05
  1036.000 3.849E+05
  1036.250 1.320E+05
  1036.500 9.422E+04
  1036.750 9.363E+04
  1037.000 7.935E+04
  1037.250 1.928E+05
  1037.500 5.052E+05
  1037.750 1.052E+06
  1038.000 1.677E+06
  1038.250 2.137E+06
  1038.500 3.092E+06
  1038.750 4.007E+06
  1039.000 5.769E+06
  1039.250 8.079E+06
  1039.500 9.934E+06
  1039.750 1.156E+07
  1040.000 1.103E+07
  1040.250 9.776E+06
  1040.500 9.364E+06
  1040.750 1.076E+07
  1041.000 1.264E+07
  1041.250 1.366E+07
  1041.500 1.492E+07
  1041.750 1.791E+07
  1042.000 2.135E+07
  1042.250 2.331E+07
  1042.500 2.063E+07
  1042.750 1.624E+07
  1043.000 1.651E+07
  1043.250 1.817E+07
  1043.500 1.936E+07
  1043.750 2.164E+07
  1044.000 1.806E+07
  1044.250 1.429E+07
  1044.500 1.483E+07
  1044.750 1.366E+07
  1045.000 1.469E+07
  1045.250 1.821E+07
  1045.500 2.124E+07
  1045.750 1.704E+07
  1046.000 1.621E+07
  1046.250 2.097E+07
  1046.500 2.272E+07
  1046.750 2.284E+07
  1047.000 2.359E+07
  1047.250 2.383E+07
  1047.500 2.163E+07
  1047.750 1.963E+07
  1048.000 1.646E+07
  1048.250 1.288E+07
  1048.500 1.163E+07
  1048.750 1.595E+07
  1049.000 1.771E+07
  1049.250 2.166E+07
  1049.500 2.246E+07
  1049.750 1.957E+07
  1050.000 2.011E+07
  1050.250 2.283E+07
  1050.500 2.181E+07
  1050.750 1.900E+07
  1051.000 1.951E+07
  1051.250 2.069E+07
  1051.500 2.203E+07
  1051.750 2.258E+07
  1052.000 1.981E+07
  1052.250 1.734E+07
  1052.500 1.527E+07
  1052.750 1.393E+07
  1053.000 1.115E+07
  1053.250 1.089E+07
  1053.500 1.558E+07
  1053.750 1.808E+07
  1054.000 1.649E+07
  1054.250 1.677E+07
  1054.500 1.665E+07
  1054.750 1.581E+07
  1055.000 1.542E+07
  1055.250 1.311E+07
  1055.500 1.280E+07
  1055.750 1.305E+07
  1056.000 1.397E+07
  1056.250 1.715E+07
  1056.500 1.990E+07
  1056.750 1.980E+07
  1057.000 2.263E+07
  1057.250 2.216E+07
  1057.500 2.039E+07
  1057.750 2.339E+07
  1058.000 2.664E+07
  1058.250 2.706E+07
  1058.500 2.417E+07
  1058.750 2.619E+07
  1059.000 2.730E+07
  1059.250 2.444E+07
  1059.500 2.234E+07
  1059.750 2.342E+07
  1060.000 2.459E+07
  1060.250 2.147E+07
  1060.500 2.070E+07
  1060.750 2.000E+07
  1061.000 1.784E+07
  1061.250 1.814E+07
  1061.500 2.184E+07
  1061.750 2.162E+07
  1062.000 2.170E+07
  1062.250 1.987E+07
  1062.500 1.753E+07
  1062.750 1.576E+07
  1063.000 1.365E+07
  1063.250 1.213E+07
  1063.500 1.517E+07
  1063.750 1.528E+07
  1064.000 1.690E+07
  1064.250 2.026E+07
  1064.500 2.099E+07
  1064.750 1.881E+07
  1065.000 1.732E+07
  1065.250 2.016E+07
  1065.500 1.724E+07
  1065.750 9.668E+06
  1066.000 6.321E+06
  1066.250 9.536E+06
  1066.500 1.528E+07
  1066.750 1.944E+07
  1067.000 1.805E+07
  1067.250 1.350E+07
  1067.500 1.176E+07
  1067.750 1.259E+07
  1068.000 1.137E+07
  1068.250 6.806E+06
  1068.500 7.158E+06
  1068.750 1.418E+07
  1069.000 1.903E+07
  1069.250 2.163E+07
  1069.500 2.353E+07
  1069.750 2.275E+07
  1070.000 2.070E+07
  1070.250 2.108E+07
  1070.500 2.140E+07
  1070.750 2.160E+07
  1071.000 2.275E+07
  1071.250 2.366E+07
  1071.500 1.975E+07
  1071.750 2.022E+07
  1072.000 2.658E+07
  1072.250 2.840E+07
  1072.500 2.889E+07
  1072.750 2.792E+07
  1073.000 2.221E+07
  1073.250 1.620E+07
  1073.500 1.740E+07
  1073.750 1.781E+07
  1074.000 1.628E+07
  1074.250 1.998E+07
  1074.500 2.352E+07
  1074.750 2.282E+07
  1075.000 1.983E+07
  1075.250 2.111E+07
  1075.500 2.088E+07
  1075.750 2.104E+07
  1076.000 2.415E+07
  1076.250 2.572E+07
  1076.500 2.602E+07
  1076.750 2.254E+07
  1077.000 2.005E+07
  1077.250 2.043E+07
  1077.500 2.409E+07
  1077.750 2.930E+07
  1078.000 3.067E+07
  1078.250 2.766E+07
  1078.500 2.590E+07
  1078.750 2.745E+07
  1079.000 2.349E+07
  1079.250 1.914E+07
  1079.500 2.199E+07
  1079.750 2.881E+07
  1080.000 2.934E+07
  1080.250 2.452E+07
  1080.500 2.563E+07
  1080.750 2.901E+07
  1081.000 2.916E+07
  1081.250 3.079E+07
  1081.500 3.021E+07
  1081.750 2.485E+07
  1082.000 1.841E+07
  1082.250 1.960E+07
  1082.500 2.359E+07
  1082.750 2.468E+07
  1083.000 2.172E+07
  1083.250 1.672E+07
  1083.500 1.548E+07
  1083.750 1.248E+07
  1084.000 6.776E+06
  1084.250 5.194E+06
  1084.500 3.740E+06
  1084.750 4.387E+06
  1085.000 6.722E+06
  1085.250 5.637E+06
  1085.500 2.612E+06
  1085.750 3.127E+06
  1086.000 9.502E+06
  1086.250 1.542E+07
  1086.500 1.566E+07
  1086.750 1.735E+07
  1087.000 2.253E+07
  1087.250 2.312E+07
  1087.500 2.089E+07
  1087.750 1.693E+07
  1088.000 1.259E+07
  1088.250 1.608E+07
  1088.500 2.098E+07
  1088.750 2.112E+07
  1089.000 2.303E+07
  1089.250 2.358E+07
  1089.500 1.847E+07
  1089.750 1.354E+07
  1090.000 1.523E+07
  1090.250 2.029E+07
  1090.500 2.360E+07
  1090.750 2.496E+07
  1091.000 2.236E+07
  1091.250 1.756E+07
  1091.500 1.796E+07
  1091.750 2.248E+07
  1092.000 2.370E+07
  1092.250 2.246E+07
  1092.500 2.065E+07
  1092.750 2.208E+07
  1093.000 2.196E+07
  1093.250 2.132E+07
  1093.500 2.723E+07
  1093.750 3.085E+07
  1094.000 3.016E+07
  1094.250 2.622E+07
  1094.500 1.964E+07
  1094.750 1.918E+07
  1095.000 2.174E+07
  1095.250 2.144E+07
  1095.500 2.153E+07
  1095.750 2.066E+07
  1096.000 1.868E+07
  1096.250 2.111E+07
  1096.500 1.801E+07
  1096.750 1.023E+07
  1097.000 1.081E+07
  1097.250 1.582E+07
  1097.500 1.835E+07
  1097.750 1.762E+07
  1098.000 1.637E+07
  1098.250 1.885E+07
  1098.500 2.211E+07
  1098.750 1.815E+07
  1099.000 1.495E+07
  1099.250 1.686E+07
  1099.500 1.754E+07
  1099.750 1.689E+07
  1100.000 1.885E+07
  1100.250 1.909E+07
  1100.500 1.621E+07
  1100.750 2.126E+07
  1101.000 2.574E+07
  1101.250 2.071E+07
  1101.500 1.575E+07
  1101.750 1.458E+07
  1102.000 1.050E+07
  1102.250 8.133E+06
  1102.500 1.049E+07
  1102.750 1.213E+07
  1103.000 1.020E+07
  1103.250 9.603E+06
  1103.500 1.262E+07
  1103.750 1.320E+07
  1104.000 8.981E+06
  1104.250 6.567E+06
  1104.500 7.875E+06
  1104.750 8.446E+06
  1105.000 8.058E+06
  1105.250 1.035E+07
  1105.500 1.401E+07
  1105.750 1.483E+07
  1106.000 1.052E+07
  1106.250 6.843E+06
  1106.500 7.962E+06
  1106.750 1.042E+07
  1107.000 1.080E+07
  1107.250 8.721E+06
  1107.500 8.145E+06
  1107.750 9.456E+06
  1108.000 8.988E+06
  1108.250 4.675E+06
  1108.500 4.436E+06
  1108.750 6.341E+06
  1109.000 6.407E+06
  1109.250 8.548E+06
  1109.500 9.152E+06
  1109.750 5.686E+06
  1110.000 4.030E+06
  1110.250 6.382E+06
  1110.500 1.029E+07
  1110.750 1.050E+07
  1111.000 8.770E+06
  1111.250 8.897E+06
  1111.500 8.548E+06
  1111.750 7.757E+06
  1112.000 6.988E+06
  1112.250 8.889E+06
  1112.500 1.183E+07
  1112.750 9.748E+06
  1113.000 5.685E+06
  1113.250 4.435E+06
  1113.500 7.624E+06
  1113.750 9.471E+06
  1114.000 8.157E+06
  1114.250 7.181E+06
  1114.500 6.583E+06
  1114.750 8.170E+06
  1115.000 9.013E+06
  1115.250 1.153E+07
  1115.500 1.443E+07
  1115.750 1.785E+07
  1116.000 2.382E+07
  1116.250 2.417E+07
  1116.500 2.381E+07
  1116.750 2.108E+07
  1117.000 1.529E+07
  1117.250 1.197E+07
  1117.500 1.038E+07
  1117.750 1.022E+07
  1118.000 1.002E+07
  1118.250 1.077E+07
  1118.500 1.451E+07
  1118.750 2.085E+07
  1119.000 2.155E+07
  1119.250 1.855E+07
  1119.500 2.148E+07
  1119.750 2.462E+07
  1120.000 2.299E+07
  1120.250 1.815E+07
  1120.500 1.617E+07
  1120.750 1.766E+07
  1121.000 1.479E+07
  1121.250 1.175E+07
  1121.500 1.174E+07
  1121.750 1.147E+07
  1122.000 6.927E+06
  1122.250 2.421E+06
  1122.500 1.590E+06
  1122.750 4.410E+06
  1123.000 1.162E+07
  1123.250 1.946E+07
  1123.500 2.085E+07
  1123.750 2.146E+07
  1124.000 2.052E+07
  1124.250 1.613E+07
  1124.500 1.183E+07
  1124.750 7.619E+06
  1125.000 7.482E+06
  1125.250 1.300E+07
  1125.500 1.614E+07
  1125.750 1.835E+07
  1126.000 2.023E+07
  1126.250 1.983E+07
  1126.500 1.377E+07
  1126.750 7.249E+06
  1127.000 1.062E+07
  1127.250 1.886E+07
  1127.500 2.073E+07
  1127.750 1.450E+07
  1128.000 8.062E+06
  1128.250 7.162E+06
  1128.500 5.674E+06
  1128.750 3.960E+06
  1129.000 4.878E+06
  1129.250 6.065E+06
  1129.500 9.394E+06
  1129.750 1.099E+07
  1130.000 1.109E+07
  1130.250 1.015E+07
  1130.500 1.181E+07
  1130.750 1.541E+07
  1131.000 1.197E+07
  1131.250 1.310E+07
  1131.500 1.688E+07
  1131.750 1.405E+07
  1132.000 1.678E+07
  1132.250 2.510E+07
  1132.500 2.727E+07
  1132.750 2.490E+07
  1133.000 2.383E+07
  1133.250 2.521E+07
  1133.500 2.008E+07
  1133.750 1.376E+07
  1134.000 1.465E+07
  1134.250 1.689E+07
  1134.500 2.017E+07
  1134.750 2.470E+07
  1135.000 2.465E+07
  1135.250 2.454E+07
  1135.500 2.215E+07
  1135.750 2.268E+07
  1136.000 2.470E+07
  1136.250 2.457E+07
  1136.500 2.224E+07
  1136.750 1.946E+07
  1137.000 1.823E+07
  1137.250 2.138E+07
  1137.500 2.530E+07
  1137.750 2.544E+07
  1138.000 2.468E+07
  1138.250 2.043E+07
  1138.500 1.449E+07
  1138.750 1.315E+07
  1139.000 1.090E+07
  1139.250 8.104E+06
  1139.500 8.418E+06
  1139.750 8.266E+06
  1140.000 8.417E+06
  1140.250 7.776E+06
  1140.500 7.373E+06
  1140.750 1.393E+07
  1141.000 1.773E+07
  1141.250 1.521E+07
  1141.500 1.579E+07
  1141.750 1.911E+07
  1142.000 1.924E+07
  1142.250 1.559E+07
  1142.500 1.611E+07
  1142.750 1.925E+07
  1143.000 1.511E+07
  1143.250 9.985E+06
  1143.500 1.201E+07
  1143.750 1.785E+07
  1144.000 1.981E+07
  1144.250 1.684E+07
  1144.500 1.554E+07
  1144.750 1.381E+07
  1145.000 1.186E+07
  1145.250 1.473E+07
  1145.500 1.755E+07
  1145.750 2.010E+07
  1146.000 2.220E+07
  1146.250 2.150E+07
  1146.500 1.896E+07
  1146.750 1.468E+07
  1147.000 1.483E+07
  1147.250 1.567E+07
  1147.500 1.301E+07
  1147.750 1.432E+07
  1148.000 1.500E+07
  1148.250 1.367E+07
  1148.500 1.524E+07
  1148.750 1.632E+07
  1149.000 2.135E+07
  1149.250 2.448E+07
  1149.500 2.022E+07
  1149.750 1.797E+07
  1150.000 1.874E+07
  1150.250 1.801E+07
  1150.500 1.422E+07
  1150.750 1.400E+07
  1151.000 1.572E+07
  1151.250 2.022E+07
  1151.500 2.631E+07
  1151.750 2.412E+07
  1152.000 1.914E+07
  1152.250 1.645E+07
  1152.500 1.759E+07
  1152.750 1.524E+07
  1153.000 1.286E+07
  1153.250 1.467E+07
  1153.500 1.798E+07
  1153.750 1.757E+07
  1154.000 1.188E+07
  1154.250 9.648E+06
  1154.500 1.383E+07
  1154.750 1.855E+07
  1155.000 2.029E+07
  1155.250 2.113E+07
  1155.500 2.071E+07
  1155.750 1.888E+07
  1156.000 1.614E+07
  1156.250 1.601E+07
  1156.500 1.381E+07
  1156.750 1.559E+07
  1157.000 1.828E+07
  1157.250 1.996E+07
  1157.500 1.865E+07
  1157.750 9.797E+06
  1158.000 4.947E+06
  1158.250 6.506E+06
  1158.500 7.026E+06
  1158.750 6.373E+06
  1159.000 7.465E+06
  1159.250 1.141E+07
  1159.500 1.436E+07
  1159.750 1.537E+07
  1160.000 1.554E+07
  1160.250 1.666E+07
  1160.500 1.954E+07
  1160.750 2.234E+07
  1161.000 2.394E+07
  1161.250 2.195E+07
  1161.500 1.711E+07
  1161.750 1.643E+07
  1162.000 1.741E+07
  1162.250 1.973E+07
  1162.500 2.017E+07
  1162.750 1.962E+07
  1163.000 2.069E+07
  1163.250 1.957E+07
  1163.500 1.750E+07
  1163.750 1.327E+07
  1164.000 1.254E+07
  1164.250 1.100E+07
  1164.500 1.307E+07
  1164.750 1.965E+07
  1165.000 2.261E+07
  1165.250 2.303E+07
  1165.500 1.987E+07
  1165.750 1.519E+07
  1166.000 1.502E+07
  1166.250 1.599E+07
  1166.500 1.662E+07
  1166.750 1.370E+07
  1167.000 1.189E+07
  1167.250 1.385E+07
  1167.500 1.364E+07
  1167.750 1.554E+07
  1168.000 1.231E+07
  1168.250 8.412E+06
  1168.500 1.111E+07
  1168.750 1.689E+07
  1169.000 1.824E+07
  1169.250 1.574E+07
  1169.500 1.745E+07
  1169.750 1.670E+07
  1170.000 1.393E+07
  1170.250 1.199E+07
  1170.500 1.144E+07
  1170.750 1.267E+07
  1171.000 1.347E+07
  1171.250 1.468E+07
  1171.500 1.813E+07
  1171.750 1.856E+07
  1172.000 1.767E+07
  1172.250 1.784E+07
  1172.500 1.703E+07
  1172.750 1.728E+07
  1173.000 1.748E+07
  1173.250 1.677E+07
  1173.500 1.926E+07
  1173.750 1.889E+07
  1174.000 1.625E+07
  1174.250 1.738E+07
  1174.500 1.841E+07
  1174.750 1.495E+07
  1175.000 9.486E+06
  1175.250 8.086E+06
  1175.500 8.375E+06
  1175.750 7.306E+06
  1176.000 8.628E+06
  1176.250 1.000E+07
  1176.500 9.646E+06
  1176.750 1.490E+07
  1177.000 1.942E+07
  1177.250 1.984E+07
  1177.500 1.806E+07
  1177.750 1.633E+07
  1178.000 1.630E+07
  1178.250 1.777E+07
  1178.500 1.678E+07
  1178.750 1.660E+07
  1179.000 1.652E+07
  1179.250 1.470E+07
  1179.500 1.382E+07
  1179.750 1.307E+07
  1180.000 1.237E+07
  1180.250 1.329E+07
  1180.500 1.276E+07
  1180.750 1.193E+07
  1181.000 1.153E+07
  1181.250 1.080E+07
  1181.500 1.160E+07
  1181.750 1.450E+07
  1182.000 1.668E+07
  1182.250 1.638E+07
  1182.500 1.561E+07
  1182.750 1.585E+07
  1183.000 1.612E+07
  1183.250 1.418E+07
  1183.500 1.196E+07
  1183.750 1.139E+07
  1184.000 1.394E+07
  1184.250 1.450E+07
  1184.500 1.383E+07
  1184.750 1.415E+07
  1185.000 1.362E+07
  1185.250 1.171E+07
  1185.500 9.432E+06
  1185.750 9.408E+06
  1186.000 1.123E+07
  1186.250 1.327E+07
  1186.500 1.370E+07
  1186.750 1.177E+07
  1187.000 9.902E+06
  1187.250 7.002E+06
  1187.500 5.378E+06
  1187.750 7.322E+06
  1188.000 8.340E+06
  1188.250 7.751E+06
  1188.500 5.834E+06
  1188.750 3.464E+06
  1189.000 2.061E+06
  1189.250 1.332E+06
  1189.500 7.979E+05
  1189.750 4.341E+05
  1190.000 2.200E+05
  1190.250 8.696E+04
  1190.500 6.635E+04
  1190.750 1.574E+05
  1191.000 3.498E+05
  1191.250 5.538E+05
  1191.500 6.492E+05
  1191.750 5.856E+05
  1192.000 4.184E+05
  1192.250 3.268E+05
  1192.500 2.563E+05
  1192.750 1.597E+05
  1193.000 7.222E+04
  1193.250 3.132E+04
  1193.500 4.306E+04
  1193.750 6.770E+04
  1194.000 6.140E+04
  1194.250 3.361E+04
  1194.500 1.942E+04
  1194.750 3.871E+04
  1195.000 8.697E+04
  1195.250 1.527E+05
  1195.500 2.227E+05
  1195.750 2.978E+05
  1196.000 3.855E+05
  1196.250 4.390E+05
  1196.500 4.194E+05
  1196.750 3.157E+05
  1197.000 1.863E+05
  1197.250 8.119E+04
  1197.500 8.082E+04
  1197.750 1.986E+05
  1198.000 3.665E+05
  1198.250 5.599E+05
  1198.500 9.357E+05
  1198.750 1.444E+06
  1199.000 1.712E+06
  1199.250 1.492E+06
  1199.500 1.259E+06
  1199.750 1.954E+06
  1200.000 2.407E+06
  1200.250 2.037E+06
  1200.500 1.744E+06
  1200.750 1.569E+06
  1201.000 1.679E+06
  1201.250 1.707E+06
  1201.500 1.614E+06
  1201.750 1.892E+06
  1202.000 2.026E+06
  1202.250 2.036E+06
  1202.500 2.030E+06
  1202.750 1.940E+06
  1203.000 1.758E+06
  1203.250 1.535E+06
  1203.500 1.358E+06
  1203.750 1.177E+06
  1204.000 1.003E+06
  1204.250 9.194E+05
  1204.500 8.307E+05
  1204.750 7.162E+05
  1205.000 6.213E+05
  1205.250 5.737E+05
  1205.500 5.056E+05
  1205.750 4.312E+05
  1206.000 3.450E+05
  1206.250 2.251E+05
  1206.500 1.543E+05
  1206.750 2.177E+05
  1207.000 3.020E+05
  1207.250 3.278E+05
  1207.500 3.313E+05
  1207.750 3.248E+05
  1208.000 3.035E+05
  1208.250 2.883E+05
  1208.500 2.765E+05
  1208.750 2.567E+05
  1209.000 2.270E+05
  1209.250 2.069E+05
  1209.500 1.997E+05
  1209.750 1.945E+05
  1210.000 1.830E+05
  1210.250 1.731E+05
  1210.500 1.618E+05
  1210.750 1.480E+05
  1211.000 1.346E+05
  1211.250 1.234E+05
  1211.500 1.134E+05
  1211.750 9.990E+04
  1212.000 8.745E+04
  1212.250 8.223E+04
  1212.500 7.529E+04
  1212.750 6.506E+04
  1213.000 5.443E+04
  1213.250 4.744E+04
  1213.500 4.062E+04
  1213.750 3.291E+04
  1214.000 2.687E+04
  1214.250 1.996E+04
  1214.500 1.411E+04
  1214.750 1.084E+04
  1215.000 9.037E+03
  1215.250 7.429E+03
  1215.500 4.958E+03
  1215.750 3.900E+03
  1216.000 5.369E+03
  1216.250 6.576E+03
  1216.500 7.842E+03
  1216.750 1.057E+04
  1217.000 1.654E+04
  1217.250 2.468E+04
  1217.500 3.097E+04
  1217.750 3.715E+04
  1218.000 4.616E+04
  1218.250 5.487E+04
  1218.500 6.205E+04
  1218.750 7.060E+04
  1219.000 8.095E+04
  1219.250 8.978E+04
  1219.500 9.552E+04
  1219.750 1.011E+05
  1220.000 1.112E+05
  1220.250 1.248E+05
  1220.500 1.386E+05
  1220.750 1.477E+05
  1221.000 1.582E+05
  1221.250 1.724E+05
  1221.500 1.833E+05
  1221.750 1.989E+05
  1222.000 2.134E+05
  1222.250 2.218E+05
  1222.500 2.343E+05
  1222.750 2.636E+05
  1223.000 3.052E+05
  1223.250 3.425E+05
  1223.500 3.791E+05
  1223.750 3.834E+05
  1224.000 3.718E+05
  1224.250 3.937E+05
  1224.500 4.640E+05
  1224.750 5.251E+05
  1225.000 5.569E+05
  1225.250 6.019E+05
  1225.500 6.837E+05
  1225.750 8.878E+05
  1226.000 9.058E+05
  1226.250 9.143E+05
  1226.500 9.347E+05
  1226.750 6.493E+05
  1227.000 7.462E+05
  1227.250 1.054E+06
  1227.500 1.117E+06
  1227.750 1.440E+06
  1228.000 2.156E+06
  1228.250 2.324E+06
  1228.500 1.458E+06
  1228.750 1.217E+06
  1229.000 1.848E+06
  1229.250 2.131E+06
  1229.500 2.666E+06
  1229.750 3.626E+06
  1230.000 3.674E+06
  1230.250 3.184E+06
  1230.500 2.842E+06
  1230.750 2.989E+06
  1231.000 2.626E+06
  1231.250 2.196E+06
  1231.500 3.268E+06
  1231.750 5.000E+06
  1232.000 5.543E+06
  1232.250 5.936E+06
  1232.500 7.007E+06
  1232.750 7.540E+06
  1233.000 6.524E+06
  1233.250 5.136E+06
  1233.500 4.313E+06
  1233.750 5.019E+06
  1234.000 5.543E+06
  1234.250 6.392E+06
  1234.500 8.297E+06
  1234.750 9.246E+06
  1235.000 8.946E+06
  1235.250 8.634E+06
  1235.500 8.062E+06
  1235.750 8.305E+06
  1236.000 8.023E+06
  1236.250 7.668E+06
  1236.500 8.971E+06
  1236.750 1.020E+07
  1237.000 1.012E+07
  1237.250 1.043E+07
  1237.500 1.244E+07
  1237.750 1.421E+07
  1238.000 1.379E+07
  1238.250 1.126E+07
  1238.500 1.057E+07
  1238.750 1.246E+07
  1239.000 1.202E+07
  1239.250 1.022E+07
  1239.500 1.139E+07
  1239.750 1.215E+07
  1240.000 1.268E+07
  1240.250 1.426E+07
  1240.500 1.497E+07
  1240.750 1.565E+07
  1241.000 1.485E+07
  1241.250 1.467E+07
  1241.500 1.440E+07
  1241.750 1.347E+07
  1242.000 1.266E+07
  1242.250 1.424E+07
  1242.500 1.582E+07
  1242.750 1.580E+07
  1243.000 1.409E+07
  1243.250 1.160E+07
  1243.500 1.350E+07
  1243.750 1.609E+07
  1244.000 1.643E+07
  1244.250 1.525E+07
  1244.500 1.335E+07
  1244.750 1.309E+07
  1245.000 1.462E+07
  1245.250 1.660E+07
  1245.500 1.698E+07
  1245.750 1.484E+07
  1246.000 1.617E+07
  1246.250 1.924E+07
  1246.500 1.826E+07
  1246.750 1.341E+07
  1247.000 1.310E+07
  1247.250 1.388E+07
  1247.500 1.424E+07
  1247.750 1.457E+07
  1248.000 1.344E+07
  1248.250 1.172E+07
  1248.500 1.248E+07
  1248.750 1.738E+07
  1249.000 1.981E+07
  1249.250 1.929E+07
  1249.500 1.832E+07
  1249.750 1.718E+07
  1250.000 1.760E+07
  1250.250 1.654E+07
  1250.500 1.466E+07
  1250.750 1.772E+07
  1251.000 1.672E+07
  1251.250 1.471E+07
  1251.500 1.888E+07
  1251.750 2.185E+07
  1252.000 2.057E+07
  1252.250 1.879E+07
  1252.500 1.864E+07
  1252.750 1.924E+07
  1253.000 2.116E+07
  1253.250 1.848E+07
  1253.500 1.596E+07
  1253.750 1.563E+07
  1254.000 1.800E+07
  1254.250 1.879E+07
  1254.500 1.731E+07
  1254.750 1.963E+07
  1255.000 2.035E+07
  1255.250 1.864E+07
  1255.500 1.986E+07
  1255.750 2.201E+07
  1256.000 2.042E+07
  1256.250 1.673E+07
  1256.500 1.493E+07
  1256.750 1.695E+07
  1257.000 1.916E+07
  1257.250 1.961E+07
  1257.500 1.752E+07
  1257.750 1.671E+07
  1258.000 1.791E+07
  1258.250 1.630E+07
  1258.500 1.271E+07
  1258.750 1.019E+07
  1259.000 7.649E+06
  1259.250 5.631E+06
  1259.500 3.576E+06
  1259.750 1.744E+06
  1260.000 7.459E+05
  1260.250 2.455E+05
  1260.500 1.227E+05
  1260.750 2.633E+05
  1261.000 8.579E+05
  1261.250 1.996E+06
  1261.500 3.449E+06
  1261.750 5.239E+06
  1262.000 5.089E+06
  1262.250 5.251E+06
  1262.500 7.820E+06
  1262.750 8.629E+06
  1263.000 7.115E+06
  1263.250 5.790E+06
  1263.500 4.072E+06
  1263.750 2.147E+06
  1264.000 1.095E+06
  1264.250 5.135E+05
  1264.500 1.933E+05
  1264.750 7.672E+04
  1265.000 1.382E+05
  1265.250 3.980E+05
  1265.500 9.191E+05
  1265.750 1.877E+06
  1266.000 2.978E+06
  1266.250 3.716E+06
  1266.500 5.007E+06
  1266.750 9.303E+06
  1267.000 1.371E+07
  1267.250 1.278E+07
  1267.500 1.008E+07
  1267.750 1.307E+07
  1268.000 1.596E+07
  1268.250 1.774E+07
  1268.500 2.006E+07
  1268.750 1.982E+07
  1269.000 1.619E+07
  1269.250 1.558E+07
  1269.500 1.952E+07
  1269.750 2.141E+07
  1270.000 2.133E+07
  1270.250 2.398E+07
  1270.500 2.386E+07
  1270.750 1.950E+07
  1271.000 1.823E+07
  1271.250 1.830E+07
  1271.500 1.815E+07
  1271.750 1.715E+07
  1272.000 1.565E+07
  1272.250 1.648E+07
  1272.500 1.676E+07
  1272.750 1.917E+07
  1273.000 2.033E+07
  1273.250 1.982E+07
  1273.500 2.279E+07
  1273.750 2.340E+07
  1274.000 2.037E+07
  1274.250 2.000E+07
  1274.500 2.206E+07
  1274.750 2.070E+07
  1275.000 1.753E+07
  1275.250 1.789E+07
  1275.500 2.176E+07
  1275.750 2.042E+07
  1276.000 1.915E+07
  1276.250 2.062E+07
  1276.500 2.234E+07
  1276.750 1.920E+07
  1277.000 1.376E+07
  1277.250 1.140E+07
  1277.500 9.339E+06
  1277.750 1.028E+07
  1278.000 1.884E+07
  1278.250 2.611E+07
  1278.500 2.633E+07
  1278.750 2.228E+07
  1279.000 1.814E+07
  1279.250 1.841E+07
  1279.500 2.235E+07
  1279.750 2.271E+07
  1280.000 1.855E+07
  1280.250 1.288E+07
  1280.500 9.980E+06
  1280.750 1.408E+07
  1281.000 2.223E+07
  1281.250 2.877E+07
  1281.500 2.891E+07
  1281.750 2.614E+07
  1282.000 2.607E+07
  1282.250 2.773E+07
  1282.500 2.679E+07
  1282.750 2.539E+07
  1283.000 2.371E+07
  1283.250 2.541E+07
  1283.500 2.657E+07
  1283.750 2.596E+07
  1284.000 2.164E+07
  1284.250 2.044E+07
  1284.500 2.645E+07
  1284.750 2.994E+07
  1285.000 3.023E+07
  1285.250 3.028E+07
  1285.500 2.877E+07
  1285.750 2.715E+07
  1286.000 2.413E+07
  1286.250 2.031E+07
  1286.500 1.991E+07
  1286.750 2.166E+07
  1287.000 2.089E+07
  1287.250 2.045E+07
  1287.500 2.161E+07
  1287.750 2.153E+07
  1288.000 1.897E+07
  1288.250 1.876E+07
  1288.500 1.949E+07
  1288.750 1.822E+07
  1289.000 1.789E+07
  1289.250 1.944E+07
  1289.500 1.933E+07
  1289.750 1.670E+07
  1290.000 1.378E+07
  1290.250 1.684E+07
  1290.500 2.129E+07
  1290.750 2.206E+07
  1291.000 2.203E+07
  1291.250 2.028E+07
  1291.500 1.654E+07
  1291.750 1.689E+07
  1292.000 2.153E+07
  1292.250 2.223E+07
  1292.500 2.144E+07
  1292.750 2.257E+07
  1293.000 2.180E+07
  1293.250 2.116E+07
  1293.500 2.015E+07
  1293.750 1.936E+07
  1294.000 2.028E+07
  1294.250 1.604E+07
  1294.500 9.119E+06
  1294.750 9.331E+06
  1295.000 1.669E+07
  1295.250 2.091E+07
  1295.500 1.891E+07
  1295.750 1.410E+07
  1296.000 1.140E+07
  1296.250 1.183E+07
  1296.500 1.159E+07
  1296.750 1.097E+07
  1297.000 1.571E+07
  1297.250 2.096E+07
  1297.500 2.222E+07
  1297.750 2.091E+07
  1298.000 1.828E+07
  1298.250 1.612E+07
  1298.500 1.130E+07
  1298.750 5.508E+06
  1299.000 4.663E+06
  1299.250 7.048E+06
  1299.500 1.046E+07
  1299.750 1.459E+07
  1300.000 1.768E+07
  1300.250 2.169E+07
  1300.500 2.173E+07
  1300.750 1.749E+07
  1301.000 1.195E+07
  1301.250 1.051E+07
  1301.500 1.254E+07
  1301.750 1.097E+07
  1302.000 7.044E+06
  1302.250 6.813E+06
  1302.500 1.278E+07
  1302.750 1.423E+07
  1303.000 9.658E+06
  1303.250 6.052E+06
  1303.500 7.769E+06
  1303.750 9.692E+06
  1304.000 6.129E+06
  1304.250 2.011E+06
  1304.500 9.972E+05
  1304.750 2.582E+06
  1305.000 7.204E+06
  1305.250 1.137E+07
  1305.500 1.037E+07
  1305.750 9.516E+06
  1306.000 9.988E+06
  1306.250 1.549E+07
  1306.500 1.825E+07
  1306.750 1.642E+07
  1307.000 1.757E+07
  1307.250 2.020E+07
  1307.500 2.261E+07
  1307.750 2.127E+07
  1308.000 1.882E+07
  1308.250 1.694E+07
  1308.500 1.420E+07
  1308.750 8.043E+06
  1309.000 2.391E+06
  1309.250 5.984E+05
  1309.500 1.230E+06
  1309.750 3.924E+06
  1310.000 8.395E+06
  1310.250 1.223E+07
  1310.500 1.315E+07
  1310.750 1.317E+07
  1311.000 1.267E+07
  1311.250 1.403E+07
  1311.500 1.777E+07
  1311.750 1.872E+07
  1312.000 2.086E+07
  1312.250 2.241E+07
  1312.500 2.074E+07
  1312.750 2.296E+07
  1313.000 2.316E+07
  1313.250 1.853E+07
  1313.500 1.973E+07
  1313.750 2.514E+07
  1314.000 2.803E+07
  1314.250 2.774E+07
  1314.500 2.692E+07
  1314.750 2.715E+07
  1315.000 2.672E+07
  1315.250 2.569E+07
  1315.500 2.492E+07
  1315.750 2.242E+07
  1316.000 1.580E+07
  1316.250 1.374E+07
  1316.500 1.560E+07
  1316.750 2.032E+07
  1317.000 1.992E+07
  1317.250 1.660E+07
  1317.500 2.131E+07
  1317.750 2.696E+07
  1318.000 2.648E+07
  1318.250 2.542E+07
  1318.500 2.459E+07
  1318.750 2.158E+07
  1319.000 1.987E+07
  1319.250 2.094E+07
  1319.500 2.184E+07
  1319.750 2.245E+07
  1320.000 2.478E+07
  1320.250 2.565E+07
  1320.500 2.384E+07
  1320.750 2.381E+07
  1321.000 2.754E+07
  1321.250 2.958E+07
  1321.500 2.924E+07
  1321.750 2.876E+07
  1322.000 2.993E+07
  1322.250 3.047E+07
  1322.500 2.940E+07
  1322.750 2.655E+07
  1323.000 2.249E+07
  1323.250 1.936E+07
  1323.500 1.800E+07
  1323.750 1.442E+07
  1324.000 1.446E+07
  1324.250 2.118E+07
  1324.500 2.608E+07
  1324.750 2.698E+07
  1325.000 2.721E+07
  1325.250 2.713E+07
  1325.500 2.663E+07
  1325.750 2.744E+07
  1326.000 2.882E+07
  1326.250 2.891E+07
  1326.500 2.432E+07
  1326.750 2.397E+07
  1327.000 2.700E+07
  1327.250 2.494E+07
  1327.500 2.140E+07
  1327.750 2.010E+07
  1328.000 2.104E+07
  1328.250 2.522E+07
  1328.500 2.712E+07
  1328.750 2.242E+07
  1329.000 1.784E+07
  1329.250 1.818E+07
  1329.500 1.915E+07
  1329.750 2.187E+07
  1330.000 2.655E+07
  1330.250 2.660E+07
  1330.500 2.542E+07
  1330.750 2.434E+07
  1331.000 2.218E+07
  1331.250 2.081E+07
  1331.500 1.972E+07
  1331.750 2.153E+07
  1332.000 2.302E+07
  1332.250 2.424E+07
  1332.500 2.366E+07
  1332.750 1.960E+07
  1333.000 1.731E+07
  1333.250 1.706E+07
  1333.500 1.575E+07
  1333.750 1.179E+07
  1334.000 6.942E+06
  1334.250 3.030E+06
  1334.500 1.087E+06
  1334.750 1.344E+06
  1335.000 1.946E+06
  1335.250 1.442E+06
  1335.500 6.850E+05
  1335.750 5.734E+05
  1336.000 1.696E+06
  1336.250 3.981E+06
  1336.500 7.006E+06
  1336.750 1.105E+07
  1337.000 1.558E+07
  1337.250 1.785E+07
  1337.500 2.009E+07
  1337.750 2.273E+07
  1338.000 2.378E+07
  1338.250 2.511E+07
  1338.500 2.693E+07
  1338.750 2.728E+07
  1339.000 2.801E+07
  1339.250 2.869E+07
  1339.500 2.661E+07
  1339.750 2.337E+07
  1340.000 2.299E+07
  1340.250 2.457E+07
  1340.500 2.782E+07
  1340.750 2.880E+07
  1341.000 2.602E+07
  1341.250 2.420E+07
  1341.500 2.509E+07
  1341.750 2.579E+07
  1342.000 2.616E+07
  1342.250 2.471E+07
  1342.500 2.301E+07
  1342.750 2.660E+07
  1343.000 2.949E+07
  1343.250 2.820E+07
  1343.500 2.771E+07
  1343.750 2.876E+07
  1344.000 2.683E+07
  1344.250 2.219E+07
  1344.500 2.211E+07
  1344.750 2.472E+07
  1345.000 2.674E+07
  1345.250 2.562E+07
  1345.500 2.526E+07
  1345.750 2.507E+07
  1346.000 2.346E+07
  1346.250 2.443E+07
  1346.500 2.640E+07
  1346.750 2.456E+07
  1347.000 2.154E+07
  1347.250 2.030E+07
  1347.500 2.335E+07
  1347.750 2.755E+07
  1348.000 2.705E+07
  1348.250 2.359E+07
  1348.500 2.230E+07
  1348.750 2.702E+07
  1349.000 2.988E+07
  1349.250 2.873E+07
  1349.500 2.553E+07
  1349.750 2.368E+07
  1350.000 2.182E+07
  1350.250 2.134E+07
  1350.500 2.205E+07
  1350.750 2.550E+07
  1351.000 2.835E+07
  1351.250 2.665E+07
  1351.500 2.644E+07
  1351.750 2.558E+07
  1352.000 2.460E+07
  1352.250 2.358E+07
  1352.500 1.920E+07
  1352.750 1.712E+07
  1353.000 2.222E+07
  1353.250 2.799E+07
  1353.500 2.710E+07
  1353.750 2.296E+07
  1354.000 2.193E+07
  1354.250 2.303E+07
  1354.500 2.510E+07
  1354.750 2.693E+07
  1355.000 2.969E+07
  1355.250 2.786E+07
  1355.500 2.358E+07
  1355.750 2.133E+07
  1356.000 2.015E+07
  1356.250 2.120E+07
  1356.500 2.507E+07
  1356.750 2.801E+07
  1357.000 2.409E+07
  1357.250 2.069E+07
  1357.500 2.185E+07
  1357.750 2.268E+07
  1358.000 2.761E+07
  1358.250 3.083E+07
  1358.500 2.965E+07
  1358.750 2.622E+07
  1359.000 2.066E+07
  1359.250 1.791E+07
  1359.500 1.944E+07
  1359.750 2.476E+07
  1360.000 2.942E+07
  1360.250 2.797E+07
  1360.500 2.187E+07
  1360.750 1.749E+07
  1361.000 1.710E+07
  1361.250 1.755E+07
  1361.500 2.048E+07
  1361.750 2.420E+07
  1362.000 2.382E+07
  1362.250 2.282E+07
  1362.500 2.324E+07
  1362.750 2.512E+07
  1363.000 2.614E+07
  1363.250 2.430E+07
  1363.500 2.118E+07
  1363.750 2.191E+07
  1364.000 2.103E+07
  1364.250 1.652E+07
  1364.500 1.419E+07
  1364.750 1.782E+07
  1365.000 2.217E+07
  1365.250 2.183E+07
  1365.500 1.977E+07
  1365.750 2.032E+07
  1366.000 2.478E+07
  1366.250 2.359E+07
  1366.500 1.968E+07
  1366.750 2.018E+07
  1367.000 1.866E+07
  1367.250 1.596E+07
  1367.500 1.961E+07
  1367.750 2.113E+07
  1368.000 1.679E+07
  1368.250 1.301E+07
  1368.500 1.347E+07
  1368.750 1.839E+07
  1369.000 2.329E+07
  1369.250 2.341E+07
  1369.500 1.856E+07
  1369.750 1.665E+07
  1370.000 1.657E+07
  1370.250 1.710E+07
  1370.500 2.134E+07
  1370.750 2.374E+07
  1371.000 2.214E+07
  1371.250 2.137E+07
  1371.500 2.339E+07
  1371.750 2.610E+07
  1372.000 2.534E+07
  1372.250 2.233E+07
  1372.500 2.573E+07
  1372.750 2.802E+07
  1373.000 2.681E+07
  1373.250 2.719E+07
  1373.500 2.502E+07
  1373.750 1.926E+07
  1374.000 1.885E+07
  1374.250 2.162E+07
  1374.500 2.369E+07
  1374.750 2.053E+07
  1375.000 1.600E+07
  1375.250 1.805E+07
  1375.500 2.195E+07
  1375.750 2.174E+07
  1376.000 2.453E+07
  1376.250 2.671E+07
  1376.500 2.499E+07
  1376.750 2.300E+07
  1377.000 2.302E+07
  1377.250 2.378E+07
  1377.500 2.671E+07
  1377.750 2.643E+07
  1378.000 1.990E+07
  1378.250 1.801E+07
  1378.500 2.111E+07
  1378.750 2.376E+07
  1379.000 2.481E+07
  1379.250 2.205E+07
  1379.500 1.506E+07
  1379.750 1.633E+07
  1380.000 2.278E+07
  1380.250 2.401E+07
  1380.500 2.299E+07
  1380.750 2.256E+07
  1381.000 2.120E+07
  1381.250 1.830E+07
  1381.500 1.781E+07
  1381.750 1.867E+07
  1382.000 2.129E+07
  1382.250 2.020E+07
  1382.500 1.708E+07
  1382.750 1.922E+07
  1383.000 2.389E+07
  1383.250 2.472E+07
  1383.500 2.197E+07
  1383.750 2.196E+07
  1384.000 2.251E+07
  1384.250 2.131E+07
  1384.500 2.233E+07
  1384.750 2.330E+07
  1385.000 2.325E+07
  1385.250 2.184E+07
  1385.500 2.380E+07
  1385.750 2.589E+07
  1386.000 2.461E+07
  1386.250 2.421E+07
  1386.500 2.497E+07
  1386.750 2.557E+07
  1387.000 2.522E+07
  1387.250 2.369E+07
  1387.500 2.323E+07
  1387.750 2.503E+07
  1388.000 2.552E+07
  1388.250 2.345E+07
  1388.500 2.143E+07
  1388.750 2.557E+07
  1389.000 2.931E+07
  1389.250 2.972E+07
  1389.500 2.810E+07
  1389.750 2.540E+07
  1390.000 2.665E+07
  1390.250 2.960E+07
  1390.500 3.112E+07
  1390.750 2.945E+07
  1391.000 2.567E+07
  1391.250 2.450E+07
  1391.500 2.643E+07
  1391.750 2.417E+07
  1392.000 2.075E+07
  1392.250 2.108E+07
  1392.500 2.251E+07
  1392.750 2.200E+07
  1393.000 2.072E+07
  1393.250 1.724E+07
  1393.500 1.589E+07
  1393.750 1.593E+07
  1394.000 1.981E+07
  1394.250 2.365E+07
  1394.500 2.370E+07
  1394.750 2.520E+07
  1395.000 2.674E+07
  1395.250 2.557E+07
  1395.500 2.536E+07
  1395.750 2.508E+07
  1396.000 2.459E+07
  1396.250 2.360E+07
  1396.500 2.262E+07
  1396.750 2.219E+07
  1397.000 2.351E+07
  1397.250 2.440E+07
  1397.500 2.177E+07
  1397.750 2.029E+07
  1398.000 2.219E+07
  1398.250 2.219E+07
  1398.500 1.954E+07
  1398.750 1.761E+07
  1399.000 1.818E+07
  1399.250 2.441E+07
  1399.500 2.580E+07
  1399.750 2.443E+07
  1400.000 2.453E+07
  1400.250 2.391E+07
  1400.500 2.238E+07
  1400.750 2.354E+07
  1401.000 2.536E+07
  1401.250 2.252E+07
  1401.500 1.939E+07
  1401.750 1.922E+07
  1402.000 2.243E+07
  1402.250 2.614E+07
  1402.500 2.525E+07
  1402.750 2.065E+07
  1403.000 1.841E+07
  1403.250 2.215E+07
  1403.500 2.821E+07
  1403.750 2.987E+07
  1404.000 2.841E+07
  1404.250 2.960E+07
  1404.500 3.118E+07
  1404.750 2.896E+07
  1405.000 2.788E+07
  1405.250 2.730E+07
  1405.500 2.255E+07
  1405.750 2.010E+07
  1406.000 2.471E+07
  1406.250 2.879E+07
  1406.500 2.873E+07
  1406.750 2.644E+07
  1407.000 2.540E+07
  1407.250 2.440E+07
  1407.500 2.383E+07
  1407.750 2.667E+07
  1408.000 2.656E+07
  1408.250 2.289E+07
  1408.500 2.105E+07
  1408.750 2.391E+07
  1409.000 2.289E+07
  1409.250 2.024E+07
  1409.500 2.274E+07
  1409.750 2.402E+07
  1410.000 2.003E+07
  1410.250 1.770E+07
  1410.500 1.857E+07
  1410.750 2.069E+07
  1411.000 2.179E+07
  1411.250 2.059E+07
  1411.500 1.931E+07
  1411.750 2.020E+07
  1412.000 2.001E+07
  1412.250 2.412E+07
  1412.500 2.600E+07
  1412.750 2.289E+07
  1413.000 2.408E+07
  1413.250 2.609E+07
  1413.500 2.287E+07
  1413.750 2.164E+07
  1414.000 2.225E+07
  1414.250 2.145E+07
  1414.500 2.238E+07
  1414.750 2.007E+07
  1415.000 1.806E+07
  1415.250 1.932E+07
  1415.500 1.757E+07
  1415.750 1.586E+07
  1416.000 2.228E+07
  1416.250 2.609E+07
  1416.500 2.321E+07
  1416.750 2.033E+07
  1417.000 1.910E+07
  1417.250 1.685E+07
  1417.500 1.793E+07
  1417.750 1.953E+07
  1418.000 1.974E+07
  1418.250 2.060E+07
  1418.500 2.354E+07
  1418.750 2.490E+07
  1419.000 2.439E+07
  1419.250 2.037E+07
  1419.500 2.020E+07
  1419.750 2.227E+07
  1420.000 2.230E+07
  1420.250 2.019E+07
  1420.500 1.750E+07
  1420.750 1.952E+07
  1421.000 2.158E+07
  1421.250 2.113E+07
  1421.500 2.035E+07
  1421.750 2.242E+07
  1422.000 2.398E+07
  1422.250 2.177E+07
  1422.500 2.183E+07
  1422.750 2.690E+07
  1423.000 2.785E+07
  1423.250 2.657E+07
  1423.500 2.692E+07
  1423.750 2.341E+07
  1424.000 1.645E+07
  1424.250 1.573E+07
  1424.500 1.679E+07
  1424.750 1.523E+07
  1425.000 1.713E+07
  1425.250 2.239E+07
  1425.500 2.768E+07
  1425.750 2.990E+07
  1426.000 2.868E+07
  1426.250 2.677E+07
  1426.500 2.812E+07
  1426.750 2.582E+07
  1427.000 2.159E+07
  1427.250 2.134E+07
  1427.500 2.465E+07
  1427.750 2.418E+07
  1428.000 2.492E+07
  1428.250 2.674E+07
  1428.500 2.346E+07
  1428.750 2.210E+07
  1429.000 2.324E+07
  1429.250 2.146E+07
  1429.500 2.281E+07
  1429.750 2.418E+07
  1430.000 2.199E+07
  1430.250 2.320E+07
  1430.500 2.357E+07
  1430.750 1.863E+07
  1431.000 1.782E+07
  1431.250 1.774E+07
  1431.500 1.748E+07
  1431.750 1.800E+07
  1432.000 1.569E+07
  1432.250 1.489E+07
  1432.500 1.609E+07
  1432.750 1.590E+07
  1433.000 1.479E+07
  1433.250 1.623E+07
  1433.500 1.763E+07
  1433.750 1.891E+07
  1434.000 2.400E+07
  1434.250 2.571E+07
  1434.500 2.093E+07
  1434.750 1.781E+07
  1435.000 1.786E+07
  1435.250 1.599E+07
  1435.500 1.618E+07
  1435.750 1.876E+07
  1436.000 2.174E+07
  1436.250 2.500E+07
  1436.500 2.669E+07
  1436.750 2.784E+07
  1437.000 2.654E+07
  1437.250 2.590E+07
  1437.500 2.643E+07
  1437.750 2.872E+07
  1438.000 2.659E+07
  1438.250 2.169E+07
  1438.500 1.860E+07
  1438.750 2.047E+07
  1439.000 2.576E+07
  1439.250 2.657E+07
  1439.500 2.542E+07
  1439.750 2.798E+07
  1440.000 3.033E+07
  1440.250 2.888E+07
  1440.500 2.523E+07
  1440.750 2.151E+07
  1441.000 2.046E+07
  1441.250 2.384E+07
  1441.500 2.477E+07
  1441.750 2.565E+07
  1442.000 2.522E+07
  1442.250 1.971E+07
  1442.500 1.811E+07
  1442.750 2.136E+07
  1443.000 2.402E+07
  1443.250 2.543E+07
  1443.500 2.450E+07
  1443.750 2.205E+07
  1444.000 2.230E+07
  1444.250 2.332E+07
  1444.500 2.652E+07
  1444.750 2.467E+07
  1445.000 2.057E+07
  1445.250 2.312E+07
  1445.500 2.602E+07
  1445.750 2.851E+07
  1446.000 2.901E+07
  1446.250 2.692E+07
  1446.500 2.239E+07
  1446.750 2.250E+07
  1447.000 2.567E+07
  1447.250 2.428E+07
  1447.500 2.442E+07
  1447.750 2.681E+07
  1448.000 2.401E+07
  1448.250 1.934E+07
  1448.500 2.164E+07
  1448.750 2.714E+07
  1449.000 2.893E+07
  1449.250 2.877E+07
  1449.500 2.838E+07
  1449.750 2.695E+07
  1450.000 2.354E+07
  1450.250 2.351E+07
  1450.500 2.571E+07
  1450.750 2.607E+07
  1451.000 2.652E+07
  1451.250 2.600E+07
  1451.500 2.491E+07
  1451.750 2.592E+07
  1452.000 2.683E+07
  1452.250 2.841E+07
  1452.500 2.663E+07
  1452.750 2.339E+07
  1453.000 2.446E+07
  1453.250 2.809E+07
  1453.500 2.870E+07
  1453.750 2.853E+07
  1454.000 2.788E+07
  1454.250 2.612E+07
  1454.500 2.596E+07
  1454.750 2.296E+07
  1455.000 2.047E+07
  1455.250 2.265E+07
  1455.500 2.468E+07
  1455.750 2.361E+07
  1456.000 2.457E+07
  1456.250 2.455E+07
  1456.500 2.291E+07
  1456.750 2.416E+07
  1457.000 2.578E+07
  1457.250 2.599E+07
  1457.500 2.573E+07
  1457.750 2.607E+07
  1458.000 2.772E+07
  1458.250 2.828E+07
  1458.500 2.846E+07
  1458.750 2.757E+07
  1459.000 2.365E+07
  1459.250 2.365E+07
  1459.500 2.718E+07
  1459.750 2.901E+07
  1460.000 2.832E+07
  1460.250 2.731E+07
  1460.500 2.845E+07
  1460.750 2.739E+07
  1461.000 2.201E+07
  1461.250 2.042E+07
  1461.500 2.408E+07
  1461.750 2.441E+07
  1462.000 2.349E+07
  1462.250 2.225E+07
  1462.500 2.328E+07
  1462.750 2.757E+07
  1463.000 2.534E+07
  1463.250 1.906E+07
  1463.500 2.026E+07
  1463.750 2.600E+07
  1464.000 2.949E+07
  1464.250 2.890E+07
  1464.500 2.505E+07
  1464.750 2.158E+07
  1465.000 2.094E+07
  1465.250 2.325E+07
  1465.500 2.504E+07
  1465.750 2.678E+07
  1466.000 2.514E+07
  1466.250 2.214E+07
  1466.500 2.104E+07
  1466.750 2.015E+07
  1467.000 1.679E+07
  1467.250 1.268E+07
  1467.500 1.210E+07
  1467.750 1.506E+07
  1468.000 1.896E+07
  1468.250 1.898E+07
  1468.500 1.903E+07
  1468.750 2.311E+07
  1469.000 2.443E+07
  1469.250 2.216E+07
  1469.500 1.984E+07
  1469.750 1.812E+07
  1470.000 1.558E+07
  1470.250 1.604E+07
  1470.500 1.853E+07
  1470.750 2.090E+07
  1471.000 2.371E+07
  1471.250 2.401E+07
  1471.500 2.199E+07
  1471.750 1.960E+07
  1472.000 1.988E+07
  1472.250 2.404E+07
  1472.500 2.478E+07
  1472.750 2.134E+07
  1473.000 2.003E+07
  1473.250 2.254E+07
  1473.500 2.446E+07
  1473.750 2.259E+07
  1474.000 1.996E+07
  1474.250 1.948E+07
  1474.500 2.004E+07
  1474.750 2.241E+07
  1475.000 2.560E+07
  1475.250 2.582E+07
  1475.500 2.169E+07
  1475.750 1.719E+07
  1476.000 1.879E+07
  1476.250 2.202E+07
  1476.500 2.164E+07
  1476.750 2.340E+07
  1477.000 2.450E+07
  1477.250 2.117E+07
  1477.500 1.849E+07
  1477.750 1.853E+07
  1478.000 1.672E+07
  1478.250 1.645E+07
  1478.500 1.737E+07
  1478.750 2.173E+07
  1479.000 2.566E+07
  1479.250 2.468E+07
  1479.500 2.320E+07
  1479.750 2.362E+07
  1480.000 2.369E+07
  1480.250 2.458E+07
  1480.500 2.650E+07
  1480.750 2.354E+07
  1481.000 1.867E+07
  1481.250 1.729E+07
  1481.500 1.756E+07
  1481.750 2.044E+07
  1482.000 2.382E+07
  1482.250 2.270E+07
  1482.500 2.308E+07
  1482.750 2.262E+07
  1483.000 1.753E+07
  1483.250 1.603E+07
  1483.500 1.615E+07
  1483.750 1.816E+07
  1484.000 2.108E+07
  1484.250 2.378E+07
  1484.500 2.682E+07
  1484.750 2.652E+07
  1485.000 2.223E+07
  1485.250 1.911E+07
  1485.500 1.951E+07
  1485.750 2.481E+07
  1486.000 2.692E+07
  1486.250 2.283E+07
  1486.500 2.088E+07
  1486.750 2.501E+07
  1487.000 2.526E+07
  1487.250 2.268E+07
  1487.500 2.377E+07
  1487.750 2.708E+07
  1488.000 2.816E+07
  1488.250 2.800E+07
  1488.500 2.746E+07
  1488.750 2.701E+07
  1489.000 2.449E+07
  1489.250 2.169E+07
  1489.500 2.264E+07
  1489.750 2.232E+07
  1490.000 2.197E+07
  1490.250 2.395E+07
  1490.500 2.449E+07
  1490.750 2.412E+07
  1491.000 2.602E+07
  1491.250 2.653E+07
  1491.500 2.588E+07
  1491.750 2.364E+07
  1492.000 2.234E+07
  1492.250 2.206E+07
  1492.500 1.617E+07
  1492.750 1.343E+07
  1493.000 1.852E+07
  1493.250 2.109E+07
  1493.500 2.283E+07
  1493.750 2.390E+07
  1494.000 2.297E+07
  1494.250 2.109E+07
  1494.500 1.582E+07
  1494.750 1.622E+07
  1495.000 2.378E+07
  1495.250 2.593E+07
  1495.500 2.627E+07
  1495.750 2.727E+07
  1496.000 2.589E+07
  1496.250 2.317E+07
  1496.500 2.027E+07
  1496.750 2.114E+07
  1497.000 2.330E+07
  1497.250 2.587E+07
  1497.500 2.714E+07
  1497.750 2.850E+07
  1498.000 2.923E+07
  1498.250 2.724E+07
  1498.500 2.525E+07
  1498.750 2.357E+07
  1499.000 2.292E+07
  1499.250 2.234E+07
  1499.500 2.496E+07
  1499.750 2.726E+07
  1500.000 2.691E+07
  1500.250 2.245E+07
  1500.500 2.090E+07
  1500.750 2.332E+07
  1501.000 2.264E+07
  1501.250 2.372E+07
  1501.500 2.486E+07
  1501.750 2.214E+07
  1502.000 1.904E+07
  1502.250 2.081E+07
  1502.500 2.472E+07
  1502.750 2.492E+07
  1503.000 2.470E+07
  1503.250 2.731E+07
  1503.500 2.871E+07
  1503.750 2.782E+07
  1504.000 2.539E+07
  1504.250 2.454E+07
  1504.500 2.502E+07
  1504.750 2.489E+07
  1505.000 2.443E+07
  1505.250 2.632E+07
  1505.500 2.751E+07
  1505.750 2.573E+07
  1506.000 2.558E+07
  1506.250 2.588E+07
  1506.500 2.399E+07
  1506.750 2.206E+07
  1507.000 2.271E+07
  1507.250 2.460E+07
  1507.500 2.454E+07
  1507.750 2.273E+07
  1508.000 2.065E+07
  1508.250 1.956E+07
  1508.500 2.062E+07
  1508.750 1.877E+07
  1509.000 1.605E+07
  1509.250 1.662E+07
  1509.500 2.224E+07
  1509.750 2.522E+07
  1510.000 2.304E+07
  1510.250 2.219E+07
  1510.500 2.137E+07
  1510.750 1.715E+07
  1511.000 1.743E+07
  1511.250 1.982E+07
  1511.500 2.058E+07
  1511.750 2.035E+07
  1512.000 1.791E+07
  1512.250 1.824E+07
  1512.500 2.351E+07
  1512.750 2.401E+07
  1513.000 2.200E+07
  1513.250 2.037E+07
  1513.500 1.973E+07
  1513.750 2.087E+07
  1514.000 2.253E+07
  1514.250 2.128E+07
  1514.500 1.918E+07
  1514.750 2.046E+07
  1515.000 2.252E+07
  1515.250 2.173E+07
  1515.500 1.932E+07
  1515.750 1.682E+07
  1516.000 1.441E+07
  1516.250 1.778E+07
  1516.500 2.197E+07
  1516.750 2.311E+07
  1517.000 2.404E+07
  1517.250 2.608E+07
  1517.500 2.792E+07
  1517.750 2.828E+07
  1518.000 2.761E+07
  1518.250 2.570E+07
  1518.500 2.248E+07
  1518.750 2.346E+07
  1519.000 2.616E+07
  1519.250 2.459E+07
  1519.500 2.189E+07
  1519.750 2.421E+07
  1520.000 2.558E+07
  1520.250 2.478E+07
  1520.500 2.255E+07
  1520.750 2.109E+07
  1521.000 2.315E+07
  1521.250 2.657E+07
  1521.500 2.525E+07
  1521.750 2.379E+07
  1522.000 2.491E+07
  1522.250 2.589E+07
  1522.500 2.561E+07
  1522.750 2.494E+07
  1523.000 2.483E+07
  1523.250 2.211E+07
  1523.500 2.313E+07
  1523.750 2.604E+07
  1524.000 2.646E+07
  1524.250 2.622E+07
  1524.500 2.325E+07
  1524.750 2.062E+07
  1525.000 1.777E+07
  1525.250 1.864E+07
  1525.500 2.062E+07
  1525.750 1.897E+07
  1526.000 1.566E+07
  1526.250 9.508E+06
  1526.500 3.651E+06
  1526.750 2.155E+06
  1527.000 4.440E+06
  1527.250 7.315E+06
  1527.500 1.142E+07
  1527.750 1.627E+07
  1528.000 2.144E+07
  1528.250 2.392E+07
  1528.500 2.419E+07
  1528.750 2.320E+07
  1529.000 2.290E+07
  1529.250 2.317E+07
  1529.500 2.213E+07
  1529.750 2.272E+07
  1530.000 2.388E+07
  1530.250 2.318E+07
  1530.500 2.159E+07
  1530.750 2.259E+07
  1531.000 2.313E+07
  1531.250 2.188E+07
  1531.500 1.995E+07
  1531.750 1.893E+07
  1532.000 1.972E+07
  1532.250 1.850E+07
  1532.500 1.447E+07
  1532.750 9.718E+06
  1533.000 4.887E+06
  1533.250 1.916E+06
  1533.500 1.561E+06
  1533.750 4.429E+06
  1534.000 9.171E+06
  1534.250 1.318E+07
  1534.500 1.678E+07
  1534.750 1.940E+07
  1535.000 2.058E+07
  1535.250 2.161E+07
  1535.500 2.150E+07
  1535.750 1.911E+07
  1536.000 1.919E+07
  1536.250 2.007E+07
  1536.500 1.829E+07
  1536.750 1.679E+07
  1537.000 1.890E+07
  1537.250 2.291E+07
  1537.500 2.471E+07
  1537.750 2.483E+07
  1538.000 2.163E+07
  1538.250 2.214E+07
  1538.500 2.410E+07
  1538.750 2.332E+07
  1539.000 2.153E+07
  1539.250 2.120E+07
  1539.500 2.121E+07
  1539.750 2.102E+07
  1540.000 2.203E+07
  1540.250 2.430E+07
  1540.500 2.472E+07
  1540.750 2.318E+07
  1541.000 2.347E+07
  1541.250 2.405E+07
  1541.500 2.266E+07
  1541.750 2.366E+07
  1542.000 2.278E+07
  1542.250 1.947E+07
  1542.500 2.051E+07
  1542.750 2.213E+07
  1543.000 2.001E+07
  1543.250 2.013E+07
  1543.500 2.305E+07
  1543.750 2.415E+07
  1544.000 2.514E+07
  1544.250 2.665E+07
  1544.500 2.445E+07
  1544.750 1.959E+07
  1545.000 1.869E+07
  1545.250 2.153E+07
  1545.500 2.196E+07
  1545.750 1.966E+07
  1546.000 2.293E+07
  1546.250 2.509E+07
  1546.500 2.326E+07
  1546.750 2.380E+07
  1547.000 2.371E+07
  1547.250 2.301E+07
  1547.500 2.248E+07
  1547.750 1.949E+07
  1548.000 1.643E+07
  1548.250 1.797E+07
  1548.500 2.015E+07
  1548.750 2.194E+07
  1549.000 2.501E+07
  1549.250 2.493E+07
  1549.500 2.395E+07
  1549.750 2.460E+07
  1550.000 2.009E+07
  1550.250 1.456E+07
  1550.500 1.668E+07
  1550.750 1.995E+07
  1551.000 1.891E+07
  1551.250 1.883E+07
  1551.500 2.300E+07
  1551.750 2.364E+07
  1552.000 2.105E+07
  1552.250 1.968E+07
  1552.500 1.796E+07
  1552.750 1.565E+07
  1553.000 1.760E+07
  1553.250 2.061E+07
  1553.500 2.261E+07
  1553.750 2.200E+07
  1554.000 2.271E+07
  1554.250 2.254E+07
  1554.500 2.111E+07
  1554.750 1.977E+07
  1555.000 2.223E+07
  1555.250 2.132E+07
  1555.500 1.813E+07
  1555.750 1.910E+07
  1556.000 2.084E+07
  1556.250 1.984E+07
  1556.500 1.892E+07
  1556.750 1.715E+07
  1557.000 1.701E+07
  1557.250 1.911E+07
  1557.500 2.012E+07
  1557.750 2.189E+07
  1558.000 2.378E+07
  1558.250 2.186E+07
  1558.500 1.517E+07
  1558.750 1.353E+07
  1559.000 1.383E+07
  1559.250 1.564E+07
  1559.500 2.101E+07
  1559.750 2.254E+07
  1560.000 1.874E+07
  1560.250 1.411E+07
  1560.500 1.351E+07
  1560.750 1.237E+07
  1561.000 1.450E+07
  1561.250 1.401E+07
  1561.500 1.489E+07
  1561.750 1.832E+07
  1562.000 1.881E+07
  1562.250 2.106E+07
  1562.500 2.512E+07
  1562.750 2.693E+07
  1563.000 2.579E+07
  1563.250 2.313E+07
  1563.500 1.784E+07
  1563.750 1.388E+07
  1564.000 1.755E+07
  1564.250 2.282E+07
  1564.500 2.259E+07
  1564.750 2.176E+07
  1565.000 2.352E+07
  1565.250 2.270E+07
  1565.500 2.287E+07
  1565.750 2.574E+07
  1566.000 2.485E+07
  1566.250 2.017E+07
  1566.500 1.637E+07
  1566.750 1.532E+07
  1567.000 1.795E+07
  1567.250 2.211E+07
  1567.500 2.147E+07
  1567.750 1.846E+07
  1568.000 1.742E+07
  1568.250 2.112E+07
  1568.500 2.252E+07
  1568.750 2.281E+07
  1569.000 2.527E+07
  1569.250 2.560E+07
  1569.500 2.196E+07
  1569.750 2.083E+07
  1570.000 2.017E+07
  1570.250 1.517E+07
  1570.500 1.626E+07
  1570.750 2.051E+07
  1571.000 1.947E+07
  1571.250 2.134E+07
  1571.500 2.507E+07
  1571.750 2.555E+07
  1572.000 2.595E+07
  1572.250 2.555E+07
  1572.500 2.125E+07
  1572.750 1.591E+07
  1573.000 1.709E+07
  1573.250 2.121E+07
  1573.500 2.147E+07
  1573.750 1.653E+07
  1574.000 1.486E+07
  1574.250 1.915E+07
  1574.500 1.709E+07
  1574.750 1.101E+07
  1575.000 1.027E+07
  1575.250 1.734E+07
  1575.500 2.090E+07
  1575.750 2.185E+07
  1576.000 2.336E+07
  1576.250 2.481E+07
  1576.500 2.390E+07
  1576.750 2.104E+07
  1577.000 1.694E+07
  1577.250 1.940E+07
  1577.500 2.543E+07
  1577.750 2.425E+07
  1578.000 1.833E+07
  1578.250 1.623E+07
  1578.500 1.831E+07
  1578.750 2.181E+07
  1579.000 2.315E+07
  1579.250 2.234E+07
  1579.500 2.309E+07
  1579.750 2.337E+07
  1580.000 2.128E+07
  1580.250 1.833E+07
  1580.500 1.657E+07
  1580.750 1.833E+07
  1581.000 2.110E+07
  1581.250 1.745E+07
  1581.500 1.728E+07
  1581.750 2.229E+07
  1582.000 2.444E+07
  1582.250 2.229E+07
  1582.500 2.304E+07
  1582.750 2.514E+07
  1583.000 2.515E+07
  1583.250 2.522E+07
  1583.500 2.587E+07
  1583.750 2.661E+07
  1584.000 2.541E+07
  1584.250 2.395E+07
  1584.500 2.335E+07
  1584.750 2.000E+07
  1585.000 1.585E+07
  1585.250 1.865E+07
  1585.500 2.203E+07
  1585.750 2.153E+07
  1586.000 1.965E+07
  1586.250 2.065E+07
  1586.500 2.295E+07
  1586.750 2.355E+07
  1587.000 2.371E+07
  1587.250 2.316E+07
  1587.500 2.296E+07
  1587.750 2.351E+07
  1588.000 2.152E+07
  1588.250 1.864E+07
  1588.500 1.992E+07
  1588.750 2.247E+07
  1589.000 2.413E+07
  1589.250 2.310E+07
  1589.500 2.328E+07
  1589.750 2.337E+07
  1590.000 2.118E+07
  1590.250 1.921E+07
  1590.500 1.941E+07
  1590.750 2.242E+07
  1591.000 2.250E+07
  1591.250 2.360E+07
  1591.500 2.470E+07
  1591.750 2.412E+07
  1592.000 2.393E+07
  1592.250 2.141E+07
  1592.500 2.077E+07
  1592.750 2.400E+07
  1593.000 2.540E+07
  1593.250 2.275E+07
  1593.500 2.000E+07
  1593.750 2.078E+07
  1594.000 2.170E+07
  1594.250 2.354E+07
  1594.500 2.551E+07
  1594.750 2.207E+07
  1595.000 1.937E+07
  1595.250 1.980E+07
  1595.500 1.962E+07
  1595.750 2.079E+07
  1596.000 2.437E+07
  1596.250 2.543E+07
  1596.500 2.273E+07
  1596.750 2.256E+07
  1597.000 2.527E+07
  1597.250 2.574E+07
  1597.500 2.521E+07
  1597.750 2.551E+07
  1598.000 2.537E+07
  1598.250 2.476E+07
  1598.500 2.475E+07
  1598.750 2.680E+07
  1599.000 2.711E+07
  1599.250 2.560E+07
  1599.500 2.464E+07
  1599.750 2.366E+07
  1600.000 2.140E+07
  1600.250 2.004E+07
  1600.500 1.847E+07
  1600.750 1.799E+07
  1601.000 1.974E+07
  1601.250 1.931E+07
  1601.500 2.074E+07
  1601.750 2.305E+07
  1602.000 2.122E+07
  1602.250 1.889E+07
  1602.500 1.813E+07
  1602.750 1.866E+07
  1603.000 1.863E+07
  1603.250 2.121E+07
  1603.500 2.392E+07
  1603.750 2.588E+07
  1604.000 2.713E+07
  1604.250 2.643E+07
  1604.500 2.347E+07
  1604.750 2.386E+07
  1605.000 2.292E+07
  1605.250 1.828E+07
  1605.500 1.693E+07
  1605.750 1.591E+07
  1606.000 1.761E+07
  1606.250 2.244E+07
  1606.500 2.541E+07
  1606.750 2.444E+07
  1607.000 2.203E+07
  1607.250 2.161E+07
  1607.500 2.130E+07
  1607.750 2.001E+07
  1608.000 1.817E+07
  1608.250 1.428E+07
  1608.500 1.338E+07
  1608.750 1.921E+07
  1609.000 2.159E+07
  1609.250 2.161E+07
  1609.500 2.221E+07
  1609.750 2.201E+07
  1610.000 2.023E+07
  1610.250 1.953E+07
  1610.500 1.991E+07
  1610.750 1.752E+07
  1611.000 1.598E+07
  1611.250 1.970E+07
  1611.500 2.119E+07
  1611.750 1.656E+07
  1612.000 1.594E+07
  1612.250 1.836E+07
  1612.500 1.728E+07
  1612.750 1.330E+07
  1613.000 1.483E+07
  1613.250 1.984E+07
  1613.500 2.118E+07
  1613.750 1.797E+07
  1614.000 1.853E+07
  1614.250 2.296E+07
  1614.500 2.263E+07
  1614.750 2.330E+07
  1615.000 2.544E+07
  1615.250 2.528E+07
  1615.500 2.377E+07
  1615.750 2.267E+07
  1616.000 2.365E+07
  1616.250 2.438E+07
  1616.500 2.072E+07
  1616.750 1.913E+07
  1617.000 2.084E+07
  1617.250 2.048E+07
  1617.500 2.242E+07
  1617.750 2.543E+07
  1618.000 2.533E+07
  1618.250 2.160E+07
  1618.500 1.847E+07
  1618.750 1.951E+07
  1619.000 1.910E+07
  1619.250 2.047E+07
  1619.500 2.175E+07
  1619.750 2.240E+07
  1620.000 2.010E+07
  1620.250 1.832E+07
  1620.500 2.134E+07
  1620.750 2.419E+07
  1621.000 2.261E+07
  1621.250 2.135E+07
  1621.500 1.887E+07
  1621.750 1.488E+07
  1622.000 1.767E+07
  1622.250 2.196E+07
  1622.500 2.277E+07
  1622.750 1.991E+07
  1623.000 1.699E+07
  1623.250 2.006E+07
  1623.500 2.127E+07
  1623.750 1.950E+07
  1624.000 2.118E+07
  1624.250 2.364E+07
  1624.500 2.389E+07
  1624.750 2.239E+07
  1625.000 2.248E+07
  1625.250 1.969E+07
  1625.500 1.344E+07
  1625.750 1.203E+07
  1626.000 1.678E+07
  1626.250 2.020E+07
  1626.500 2.091E+07
  1626.750 2.124E+07
  1627.000 1.946E+07
  1627.250 1.934E+07
  1627.500 2.164E+07
  1627.750 2.378E+07
  1628.000 2.484E+07
  1628.250 2.351E+07
  1628.500 2.095E+07
  1628.750 1.901E+07
  1629.000 1.548E+07
  1629.250 1.125E+07
  1629.500 1.524E+07
  1629.750 2.013E+07
  1630.000 1.996E+07
  1630.250 2.164E+07
  1630.500 2.349E+07
  1630.750 2.351E+07
  1631.000 1.970E+07
  1631.250 1.816E+07
  1631.500 1.883E+07
  1631.750 1.904E+07
  1632.000 2.019E+07
  1632.250 1.915E+07
  1632.500 1.914E+07
  1632.750 2.015E+07
  1633.000 2.279E+07
  1633.250 2.288E+07
  1633.500 2.060E+07
  1633.750 1.691E+07
  1634.000 1.646E+07
  1634.250 1.936E+07
  1634.500 2.270E+07
  1634.750 2.571E+07
  1635.000 2.415E+07
  1635.250 1.891E+07
  1635.500 1.684E+07
  1635.750 1.890E+07
  1636.000 1.863E+07
  1636.250 1.710E+07
  1636.500 2.047E+07
  1636.750 2.381E+07
  1637.000 2.380E+07
  1637.250 1.995E+07
  1637.500 1.787E+07
  1637.750 2.181E+07
  1638.000 2.454E+07
  1638.250 2.541E+07
  1638.500 2.591E+07
  1638.750 2.456E+07
  1639.000 2.113E+07
  1639.250 1.655E+07
  1639.500 1.559E+07
  1639.750 1.943E+07
  1640.000 1.835E+07
  1640.250 1.801E+07
  1640.500 2.186E+07
  1640.750 2.103E+07
  1641.000 2.144E+07
  1641.250 2.361E+07
  1641.500 2.223E+07
  1641.750 1.953E+07
  1642.000 2.007E+07
  1642.250 1.916E+07
  1642.500 1.848E+07
  1642.750 2.269E+07
  1643.000 2.430E+07
  1643.250 2.082E+07
  1643.500 1.704E+07
  1643.750 1.873E+07
  1644.000 2.177E+07
  1644.250 2.346E+07
  1644.500 2.398E+07
  1644.750 2.240E+07
  1645.000 2.115E+07
  1645.250 2.294E+07
  1645.500 2.409E+07
  1645.750 2.382E+07
  1646.000 2.162E+07
  1646.250 2.041E+07
  1646.500 2.285E+07
  1646.750 2.453E+07
  1647.000 2.218E+07
  1647.250 1.988E+07
  1647.500 2.035E+07
  1647.750 2.226E+07
  1648.000 2.453E+07
  1648.250 2.378E+07
  1648.500 2.370E+07
  1648.750 2.582E+07
  1649.000 2.421E+07
  1649.250 1.698E+07
  1649.500 1.215E+07
  1649.750 1.575E+07
  1650.000 2.123E+07
  1650.250 2.197E+07
  1650.500 1.947E+07
  1650.750 1.891E+07
  1651.000 2.217E+07
  1651.250 2.442E+07
  1651.500 2.205E+07
  1651.750 2.049E+07
  1652.000 2.140E+07
  1652.250 2.184E+07
  1652.500 2.290E+07
  1652.750 2.347E+07
  1653.000 2.236E+07
  1653.250 2.047E+07
  1653.500 1.828E+07
  1653.750 1.705E+07
  1654.000 1.515E+07
  1654.250 1.337E+07
  1654.500 1.427E+07
  1654.750 1.681E+07
  1655.000 1.846E+07
  1655.250 1.956E+07
  1655.500 2.006E+07
  1655.750 2.278E+07
  1656.000 2.139E+07
  1656.250 1.546E+07
  1656.500 1.456E+07
  1656.750 1.141E+07
  1657.000 7.285E+06
  1657.250 8.680E+06
  1657.500 1.249E+07
  1657.750 1.449E+07
  1658.000 1.230E+07
  1658.250 1.462E+07
  1658.500 1.660E+07
  1658.750 1.567E+07
  1659.000 1.686E+07
  1659.250 1.700E+07
  1659.500 1.631E+07
  1659.750 2.145E+07
  1660.000 2.529E+07
  1660.250 2.472E+07
  1660.500 2.290E+07
  1660.750 2.074E+07
  1661.000 1.978E+07
  1661.250 1.874E+07
  1661.500 1.998E+07
  1661.750 2.223E+07
  1662.000 2.272E+07
  1662.250 2.020E+07
  1662.500 1.949E+07
  1662.750 2.132E+07
  1663.000 1.856E+07
  1663.250 1.534E+07
  1663.500 1.654E+07
  1663.750 1.652E+07
  1664.000 1.858E+07
  1664.250 2.042E+07
  1664.500 2.256E+07
  1664.750 2.518E+07
  1665.000 2.498E+07
  1665.250 2.305E+07
  1665.500 2.133E+07
  1665.750 2.102E+07
  1666.000 2.120E+07
  1666.250 2.225E+07
  1666.500 2.099E+07
  1666.750 1.998E+07
  1667.000 2.270E+07
  1667.250 2.345E+07
  1667.500 2.145E+07
  1667.750 1.952E+07
  1668.000 1.984E+07
  1668.250 2.197E+07
  1668.500 2.197E+07
  1668.750 2.123E+07
  1669.000 2.027E+07
  1669.250 2.014E+07
  1669.500 1.752E+07
  1669.750 1.426E+07
  1670.000 1.203E+07
  1670.250 8.202E+06
  1670.500 3.737E+06
  1670.750 1.244E+06
  1671.000 1.467E+06
  1671.250 4.259E+06
  1671.500 8.891E+06
  1671.750 1.398E+07
  1672.000 1.742E+07
  1672.250 1.764E+07
  1672.500 1.691E+07
  1672.750 1.957E+07
  1673.000 2.231E+07
  1673.250 2.009E+07
  1673.500 1.725E+07
  1673.750 1.739E+07
  1674.000 1.527E+07
  1674.250 1.322E+07
  1674.500 1.293E+07
  1674.750 1.521E+07
  1675.000 1.942E+07
  1675.250 2.081E+07
  1675.500 2.168E+07
  1675.750 2.039E+07
  1676.000 1.903E+07
  1676.250 1.827E+07
  1676.500 1.833E+07
  1676.750 1.825E+07
  1677.000 2.078E+07
  1677.250 2.395E+07
  1677.500 2.388E+07
  1677.750 2.149E+07
  1678.000 2.097E+07
  1678.250 2.002E+07
  1678.500 1.919E+07
  1678.750 2.162E+07
  1679.000 2.201E+07
  1679.250 1.638E+07
  1679.500 1.310E+07
  1679.750 1.768E+07
  1680.000 2.133E+07
  1680.250 2.175E+07
  1680.500 2.299E+07
  1680.750 2.417E+07
  1681.000 2.172E+07
  1681.250 2.105E+07
  1681.500 2.371E+07
  1681.750 2.486E+07
  1682.000 2.425E+07
  1682.250 2.397E+07
  1682.500 2.390E+07
  1682.750 2.364E+07
  1683.000 2.207E+07
  1683.250 2.031E+07
  1683.500 2.036E+07
  1683.750 2.080E+07
  1684.000 2.070E+07
  1684.250 2.121E+07
  1684.500 2.202E+07
  1684.750 2.358E+07
  1685.000 2.470E+07
  1685.250 2.410E+07
  1685.500 2.287E+07
  1685.750 2.093E+07
  1686.000 1.914E+07
  1686.250 1.801E+07
  1686.500 1.458E+07
  1686.750 1.324E+07
  1687.000 1.775E+07
  1687.250 2.260E+07
  1687.500 2.270E+07
  1687.750 1.972E+07
  1688.000 1.831E+07
  1688.250 1.748E+07
  1688.500 1.924E+07
  1688.750 2.115E+07
  1689.000 2.136E+07
  1689.250 2.223E+07
  1689.500 2.139E+07
  1689.750 2.028E+07
  1690.000 2.073E+07
  1690.250 2.179E+07
  1690.500 2.098E+07
  1690.750 1.907E+07
  1691.000 1.839E+07
  1691.250 1.730E+07
  1691.500 1.803E+07
  1691.750 2.176E+07
  1692.000 2.303E+07
  1692.250 2.023E+07
  1692.500 1.848E+07
  1692.750 2.160E+07
  1693.000 2.334E+07
  1693.250 2.042E+07
  1693.500 1.718E+07
  1693.750 1.715E+07
  1694.000 1.843E+07
  1694.250 1.912E+07
  1694.500 1.743E+07
  1694.750 1.774E+07
  1695.000 1.993E+07
  1695.250 2.242E+07
  1695.500 2.268E+07
  1695.750 2.285E+07
  1696.000 2.139E+07
  1696.250 1.846E+07
  1696.500 1.605E+07
  1696.750 1.363E+07
  1697.000 1.425E+07
  1697.250 1.834E+07
  1697.500 2.178E+07
  1697.750 2.112E+07
  1698.000 1.729E+07
  1698.250 1.674E+07
  1698.500 2.020E+07
  1698.750 2.241E+07
  1699.000 1.998E+07
  1699.250 1.987E+07
  1699.500 2.339E+07
  1699.750 2.388E+07
  1700.000 2.227E+07
  1700.250 1.906E+07
  1700.500 1.762E+07
  1700.750 1.986E+07
  1701.000 2.106E+07
  1701.250 2.087E+07
  1701.500 1.843E+07
  1701.750 1.311E+07
  1702.000 1.053E+07
  1702.250 1.648E+07
  1702.500 2.141E+07
  1702.750 2.004E+07
  1703.000 1.980E+07
  1703.250 1.913E+07
  1703.500 1.825E+07
  1703.750 2.025E+07
  1704.000 2.325E+07
  1704.250 2.309E+07
  1704.500 1.949E+07
  1704.750 1.992E+07
  1705.000 2.384E+07
  1705.250 2.557E+07
  1705.500 2.525E+07
  1705.750 2.260E+07
  1706.000 1.796E+07
  1706.250 1.763E+07
  1706.500 2.016E+07
  1706.750 2.026E+07
  1707.000 2.036E+07
  1707.250 1.648E+07
  1707.500 1.256E+07
  1707.750 1.557E+07
  1708.000 1.898E+07
  1708.250 1.852E+07
  1708.500 1.695E+07
  1708.750 1.861E+07
  1709.000 2.326E+07
  1709.250 2.191E+07
  1709.500 1.446E+07
  1709.750 1.325E+07
  1710.000 1.921E+07
  1710.250 2.252E+07
  1710.500 2.335E+07
  1710.750 2.327E+07
  1711.000 2.197E+07
  1711.250 2.100E+07
  1711.500 1.751E+07
  1711.750 1.641E+07
  1712.000 2.154E+07
  1712.250 2.386E+07
  1712.500 2.204E+07
  1712.750 1.850E+07
  1713.000 1.432E+07
  1713.250 1.544E+07
  1713.500 2.017E+07
  1713.750 2.298E+07
  1714.000 2.346E+07
  1714.250 2.137E+07
  1714.500 1.832E+07
  1714.750 1.693E+07
  1715.000 1.752E+07
  1715.250 1.755E+07
  1715.500 1.743E+07
  1715.750 1.958E+07
  1716.000 2.105E+07
  1716.250 1.914E+07
  1716.500 1.759E+07
  1716.750 1.831E+07
  1717.000 1.967E+07
  1717.250 2.035E+07
  1717.500 1.761E+07
  1717.750 1.563E+07
  1718.000 1.691E+07
  1718.250 1.758E+07
  1718.500 1.962E+07
  1718.750 2.056E+07
  1719.000 1.920E+07
  1719.250 1.768E+07
  1719.500 1.674E+07
  1719.750 1.835E+07
  1720.000 1.597E+07
  1720.250 1.339E+07
  1720.500 1.166E+07
  1720.750 1.343E+07
  1721.000 1.591E+07
  1721.250 1.455E+07
  1721.500 1.678E+07
  1721.750 1.981E+07
  1722.000 1.996E+07
  1722.250 1.821E+07
  1722.500 1.752E+07
  1722.750 1.768E+07
  1723.000 1.881E+07
  1723.250 2.161E+07
  1723.500 2.194E+07
  1723.750 2.135E+07
  1724.000 2.148E+07
  1724.250 2.034E+07
  1724.500 1.674E+07
  1724.750 1.200E+07
  1725.000 8.962E+06
  1725.250 1.465E+07
  1725.500 2.050E+07
  1725.750 2.020E+07
  1726.000 1.580E+07
  1726.250 1.157E+07
  1726.500 1.122E+07
  1726.750 1.493E+07
  1727.000 1.896E+07
  1727.250 2.053E+07
  1727.500 2.170E+07
  1727.750 2.362E+07
  1728.000 2.341E+07
  1728.250 2.228E+07
  1728.500 2.247E+07
  1728.750 2.154E+07
  1729.000 2.120E+07
  1729.250 2.100E+07
  1729.500 2.207E+07
  1729.750 2.381E+07
  1730.000 2.206E+07
  1730.250 1.840E+07
  1730.500 1.755E+07
  1730.750 1.665E+07
  1731.000 1.354E+07
  1731.250 1.397E+07
  1731.500 1.691E+07
  1731.750 1.758E+07
  1732.000 1.756E+07
  1732.250 2.073E+07
  1732.500 2.142E+07
  1732.750 2.043E+07
  1733.000 1.942E+07
  1733.250 1.856E+07
  1733.500 1.825E+07
  1733.750 1.972E+07
  1734.000 2.008E+07
  1734.250 1.863E+07
  1734.500 1.765E+07
  1734.750 1.705E+07
  1735.000 1.718E+07
  1735.250 1.934E+07
  1735.500 1.850E+07
  1735.750 1.760E+07
  1736.000 1.816E+07
  1736.250 1.970E+07
  1736.500 2.169E+07
  1736.750 2.277E+07
  1737.000 2.157E+07
  1737.250 1.890E+07
  1737.500 1.672E+07
  1737.750 1.634E+07
  1738.000 1.602E+07
  1738.250 1.560E+07
  1738.500 1.680E+07
  1738.750 1.964E+07
  1739.000 2.258E+07
  1739.250 2.379E+07
  1739.500 2.424E+07
  1739.750 2.352E+07
  1740.000 2.045E+07
  1740.250 1.829E+07
  1740.500 1.982E+07
  1740.750 2.176E+07
  1741.000 2.226E+07
  1741.250 1.942E+07
  1741.500 1.384E+07
  1741.750 1.342E+07
  1742.000 1.515E+07
  1742.250 1.846E+07
  1742.500 1.930E+07
  1742.750 1.672E+07
  1743.000 1.698E+07
  1743.250 1.666E+07
  1743.500 2.002E+07
  1743.750 2.308E+07
  1744.000 2.224E+07
  1744.250 2.021E+07
  1744.500 1.951E+07
  1744.750 2.033E+07
  1745.000 2.046E+07
  1745.250 1.893E+07
  1745.500 1.973E+07
  1745.750 2.172E+07
  1746.000 2.377E+07
  1746.250 2.347E+07
  1746.500 2.109E+07
  1746.750 1.553E+07
  1747.000 1.428E+07
  1747.250 1.755E+07
  1747.500 1.955E+07
  1747.750 2.022E+07
  1748.000 1.753E+07
  1748.250 1.452E+07
  1748.500 1.830E+07
  1748.750 2.165E+07
  1749.000 1.910E+07
  1749.250 1.734E+07
  1749.500 1.698E+07
  1749.750 1.704E+07
  1750.000 2.009E+07
  1750.250 2.181E+07
  1750.500 2.091E+07
  1750.750 2.094E+07
  1751.000 2.287E+07
  1751.250 2.358E+07
  1751.500 2.155E+07
  1751.750 1.568E+07
  1752.000 1.558E+07
  1752.250 1.945E+07
  1752.500 1.992E+07
  1752.750 2.042E+07
  1753.000 2.065E+07
  1753.250 2.022E+07
  1753.500 1.971E+07
  1753.750 2.266E+07
  1754.000 2.360E+07
  1754.250 2.295E+07
  1754.500 2.259E+07
  1754.750 2.018E+07
  1755.000 2.094E+07
  1755.250 2.308E+07
  1755.500 2.355E+07
  1755.750 2.258E+07
  1756.000 2.254E+07
  1756.250 2.407E+07
  1756.500 2.471E+07
  1756.750 2.403E+07
  1757.000 2.360E+07
  1757.250 2.353E+07
  1757.500 2.139E+07
  1757.750 1.911E+07
  1758.000 1.829E+07
  1758.250 1.706E+07
  1758.500 1.820E+07
  1758.750 2.012E+07
  1759.000 2.183E+07
  1759.250 2.302E+07
  1759.500 2.212E+07
  1759.750 1.910E+07
  1760.000 1.554E+07
  1760.250 1.306E+07
  1760.500 1.418E+07
  1760.750 1.780E+07
  1761.000 2.123E+07
  1761.250 1.930E+07
  1761.500 1.879E+07
  1761.750 1.930E+07
  1762.000 1.733E+07
  1762.250 1.926E+07
  1762.500 2.103E+07
  1762.750 2.018E+07
  1763.000 1.974E+07
  1763.250 2.174E+07
  1763.500 1.971E+07
  1763.750 1.260E+07
  1764.000 9.658E+06
  1764.250 1.524E+07
  1764.500 1.974E+07
  1764.750 2.066E+07
  1765.000 2.033E+07
  1765.250 1.709E+07
  1765.500 1.540E+07
  1765.750 1.547E+07
  1766.000 1.819E+07
  1766.250 1.994E+07
  1766.500 2.030E+07
  1766.750 2.228E+07
  1767.000 2.352E+07
  1767.250 2.245E+07
  1767.500 1.816E+07
  1767.750 1.548E+07
  1768.000 1.863E+07
  1768.250 2.048E+07
  1768.500 1.907E+07
  1768.750 2.021E+07
  1769.000 2.109E+07
  1769.250 1.930E+07
  1769.500 1.776E+07
  1769.750 1.722E+07
  1770.000 1.876E+07
  1770.250 1.928E+07
  1770.500 1.786E+07
  1770.750 1.762E+07
  1771.000 1.907E+07
  1771.250 2.086E+07
  1771.500 2.082E+07
  1771.750 1.903E+07
  1772.000 1.697E+07
  1772.250 1.507E+07
  1772.500 1.408E+07
  1772.750 1.676E+07
  1773.000 1.908E+07
  1773.250 2.052E+07
  1773.500 2.062E+07
  1773.750 1.780E+07
  1774.000 1.644E+07
  1774.250 1.991E+07
  1774.500 2.242E+07
  1774.750 2.158E+07
  1775.000 1.990E+07
  1775.250 1.872E+07
  1775.500 2.014E+07
  1775.750 1.957E+07
  1776.000 1.833E+07
  1776.250 2.031E+07
  1776.500 1.864E+07
  1776.750 1.521E+07
  1777.000 1.788E+07
  1777.250 2.192E+07
  1777.500 2.127E+07
  1777.750 1.696E+07
  1778.000 1.791E+07
  1778.250 2.036E+07
  1778.500 1.983E+07
  1778.750 2.046E+07
  1779.000 2.219E+07
  1779.250 2.074E+07
  1779.500 1.978E+07
  1779.750 2.088E+07
  1780.000 2.064E+07
  1780.250 2.121E+07
  1780.500 2.277E+07
  1780.750 2.265E+07
  1781.000 2.017E+07
  1781.250 1.645E+07
  1781.500 1.663E+07
  1781.750 1.969E+07
  1782.000 2.056E+07
  1782.250 2.082E+07
  1782.500 2.065E+07
  1782.750 1.898E+07
  1783.000 1.830E+07
  1783.250 1.842E+07
  1783.500 1.997E+07
  1783.750 2.219E+07
  1784.000 2.305E+07
  1784.250 2.261E+07
  1784.500 2.000E+07
  1784.750 1.881E+07
  1785.000 1.672E+07
  1785.250 1.364E+07
  1785.500 1.694E+07
  1785.750 1.986E+07
  1786.000 1.906E+07
  1786.250 1.741E+07
  1786.500 1.486E+07
  1786.750 1.247E+07
  1787.000 1.615E+07
  1787.250 2.102E+07
  1787.500 2.180E+07
  1787.750 1.859E+07
  1788.000 1.387E+07
  1788.250 1.336E+07
  1788.500 1.459E+07
  1788.750 1.772E+07
  1789.000 2.039E+07
  1789.250 2.218E+07
  1789.500 2.198E+07
  1789.750 2.033E+07
  1790.000 2.070E+07
  1790.250 2.171E+07
  1790.500 2.126E+07
  1790.750 2.122E+07
  1791.000 2.064E+07
  1791.250 2.031E+07
  1791.500 2.029E+07
  1791.750 2.119E+07
  1792.000 2.154E+07
  1792.250 2.163E+07
  1792.500 2.198E+07
  1792.750 2.220E+07
  1793.000 2.189E+07
  1793.250 1.978E+07
  1793.500 1.902E+07
  1793.750 1.946E+07
  1794.000 2.062E+07
  1794.250 2.213E+07
  1794.500 2.245E+07
  1794.750 2.083E+07
  1795.000 1.841E+07
  1795.250 1.896E+07
  1795.500 1.999E+07
  1795.750 2.150E+07
  1796.000 2.325E+07
  1796.250 2.406E+07
  1796.500 2.337E+07
  1796.750 2.099E+07
  1797.000 1.975E+07
  1797.250 1.961E+07
  1797.500 1.944E+07
  1797.750 2.016E+07
  1798.000 1.851E+07
  1798.250 1.760E+07
  1798.500 2.159E+07
  1798.750 2.382E+07
  1799.000 2.338E+07
  1799.250 2.200E+07
  1799.500 2.117E+07
  1799.750 2.042E+07
  1800.000 2.136E+07
  1800.250 2.268E+07
  1800.500 2.235E+07
  1800.750 2.216E+07
  1801.000 2.217E+07
  1801.250 2.188E+07
  1801.500 2.198E+07
  1801.750 2.199E+07
  1802.000 2.148E+07
  1802.250 2.137E+07
  1802.500 2.199E+07
  1802.750 2.189E+07
  1803.000 2.251E+07
  1803.250 2.086E+07
  1803.500 1.762E+07
  1803.750 1.910E+07
  1804.000 2.124E+07
  1804.250 1.952E+07
  1804.500 1.763E+07
  1804.750 1.773E+07
  1805.000 1.716E+07
  1805.250 1.679E+07
  1805.500 1.795E+07
  1805.750 1.947E+07
  1806.000 2.175E+07
  1806.250 2.310E+07
  1806.500 2.323E+07
  1806.750 2.297E+07
  1807.000 2.120E+07
  1807.250 1.860E+07
  1807.500 1.854E+07
  1807.750 1.765E+07
  1808.000 1.643E+07
  1808.250 1.839E+07
  1808.500 2.012E+07
  1808.750 1.895E+07
  1809.000 1.638E+07
  1809.250 1.552E+07
  1809.500 1.908E+07
  1809.750 2.208E+07
  1810.000 2.251E+07
  1810.250 2.270E+07
  1810.500 2.230E+07
  1810.750 2.121E+07
  1811.000 1.955E+07
  1811.250 2.025E+07
  1811.500 2.078E+07
  1811.750 1.784E+07
  1812.000 1.472E+07
  1812.250 1.674E+07
  1812.500 2.036E+07
  1812.750 2.021E+07
  1813.000 1.902E+07
  1813.250 2.090E+07
  1813.500 2.231E+07
  1813.750 2.145E+07
  1814.000 2.019E+07
  1814.250 2.074E+07
  1814.500 2.208E+07
  1814.750 2.280E+07
  1815.000 2.091E+07
  1815.250 1.661E+07
  1815.500 1.457E+07
  1815.750 1.495E+07
  1816.000 1.698E+07
  1816.250 2.010E+07
  1816.500 2.089E+07
  1816.750 1.831E+07
  1817.000 1.681E+07
  1817.250 1.619E+07
  1817.500 1.372E+07
  1817.750 1.816E+07
  1818.000 2.138E+07
  1818.250 1.892E+07
  1818.500 1.750E+07
  1818.750 2.062E+07
  1819.000 2.204E+07
  1819.250 2.024E+07
  1819.500 1.853E+07
  1819.750 1.891E+07
  1820.000 1.927E+07
  1820.250 1.628E+07
  1820.500 1.591E+07
  1820.750 1.735E+07
  1821.000 1.750E+07
  1821.250 2.045E+07
  1821.500 2.196E+07
  1821.750 1.981E+07
  1822.000 1.588E+07
  1822.250 1.639E+07
  1822.500 2.061E+07
  1822.750 2.050E+07
  1823.000 1.979E+07
  1823.250 2.132E+07
  1823.500 2.122E+07
  1823.750 1.694E+07
  1824.000 1.423E+07
  1824.250 1.901E+07
  1824.500 2.242E+07
  1824.750 2.089E+07
  1825.000 1.822E+07
  1825.250 1.780E+07
  1825.500 1.966E+07
  1825.750 2.018E+07
  1826.000 1.879E+07
  1826.250 1.788E+07
  1826.500 1.930E+07
  1826.750 1.905E+07
  1827.000 1.712E+07
  1827.250 1.917E+07
  1827.500 2.036E+07
  1827.750 1.960E+07
  1828.000 2.015E+07
  1828.250 1.937E+07
  1828.500 1.921E+07
  1828.750 1.892E+07
  1829.000 1.842E+07
  1829.250 1.946E+07
  1829.500 2.089E+07
  1829.750 2.015E+07
  1830.000 1.736E+07
  1830.250 1.564E+07
  1830.500 1.562E+07
  1830.750 1.591E+07
  1831.000 1.630E+07
  1831.250 1.556E+07
  1831.500 1.523E+07
  1831.750 1.448E+07
  1832.000 1.441E+07
  1832.250 1.485E+07
  1832.500 1.535E+07
  1832.750 1.719E+07
  1833.000 1.685E+07
  1833.250 1.679E+07
  1833.500 1.771E+07
  1833.750 1.805E+07
  1834.000 2.015E+07
  1834.250 2.177E+07
  1834.500 2.210E+07
  1834.750 2.022E+07
  1835.000 1.890E+07
  1835.250 1.904E+07
  1835.500 1.867E+07
  1835.750 1.817E+07
  1836.000 1.843E+07
  1836.250 1.994E+07
  1836.500 2.013E+07
  1836.750 2.069E+07
  1837.000 1.995E+07
  1837.250 1.931E+07
  1837.500 1.937E+07
  1837.750 1.865E+07
  1838.000 1.730E+07
  1838.250 1.816E+07
  1838.500 2.015E+07
  1838.750 2.052E+07
  1839.000 2.020E+07
  1839.250 1.728E+07
  1839.500 1.277E+07
  1839.750 1.186E+07
  1840.000 1.332E+07
  1840.250 1.680E+07
  1840.500 2.044E+07
  1840.750 2.148E+07
  1841.000 1.962E+07
  1841.250 1.639E+07
  1841.500 1.103E+07
  1841.750 8.896E+06
  1842.000 1.143E+07
  1842.250 1.588E+07
  1842.500 1.926E+07
  1842.750 1.732E+07
  1843.000 1.303E+07
  1843.250 1.201E+07
  1843.500 1.468E+07
  1843.750 1.686E+07
  1844.000 1.664E+07
  1844.250 1.715E+07
  1844.500 1.763E+07
  1844.750 1.724E+07
  1845.000 1.667E+07
  1845.250 1.626E+07
  1845.500 1.707E+07
  1845.750 1.934E+07
  1846.000 1.795E+07
  1846.250 1.552E+07
  1846.500 1.440E+07
  1846.750 1.454E+07
  1847.000 1.729E+07
  1847.250 1.829E+07
  1847.500 1.681E+07
  1847.750 1.544E+07
  1848.000 1.475E+07
  1848.250 1.531E+07
  1848.500 1.575E+07
  1848.750 1.557E+07
  1849.000 1.790E+07
  1849.250 1.729E+07
  1849.500 1.686E+07
  1849.750 1.726E+07
  1850.000 1.243E+07
