   850.000 1.439E-07
   850.250 1.451E-07
   850.500 1.466E-07
   850.750 1.483E-07
   851.000 1.499E-07
   851.250 1.516E-07
   851.500 1.533E-07
   851.750 1.550E-07
   852.000 1.567E-07
   852.250 1.585E-07
   852.500 1.603E-07
   852.750 1.621E-07
   853.000 1.639E-07
   853.250 1.657E-07
   853.500 1.675E-07
   853.750 1.694E-07
   854.000 1.713E-07
   854.250 1.732E-07
   854.500 1.751E-07
   854.750 1.771E-07
   855.000 1.790E-07
   855.250 1.810E-07
   855.500 1.830E-07
   855.750 1.850E-07
   856.000 1.871E-07
   856.250 1.892E-07
   856.500 1.913E-07
   856.750 1.934E-07
   857.000 1.955E-07
   857.250 1.977E-07
   857.500 1.999E-07
   857.750 2.021E-07
   858.000 2.043E-07
   858.250 2.065E-07
   858.500 2.088E-07
   858.750 2.111E-07
   859.000 2.134E-07
   859.250 2.157E-07
   859.500 2.181E-07
   859.750 2.205E-07
   860.000 2.229E-07
   860.250 2.254E-07
   860.500 2.278E-07
   860.750 2.303E-07
   861.000 2.328E-07
   861.250 2.354E-07
   861.500 2.380E-07
   861.750 2.406E-07
   862.000 2.432E-07
   862.250 2.458E-07
   862.500 2.485E-07
   862.750 2.512E-07
   863.000 2.539E-07
   863.250 2.567E-07
   863.500 2.595E-07
   863.750 2.623E-07
   864.000 2.652E-07
   864.250 2.680E-07
   864.500 2.710E-07
   864.750 2.739E-07
   865.000 2.768E-07
   865.250 2.798E-07
   865.500 2.829E-07
   865.750 2.859E-07
   866.000 2.890E-07
   866.250 2.921E-07
   866.500 2.953E-07
   866.750 2.985E-07
   867.000 3.017E-07
   867.250 3.049E-07
   867.500 3.082E-07
   867.750 3.115E-07
   868.000 3.149E-07
   868.250 3.182E-07
   868.500 3.217E-07
   868.750 3.251E-07
   869.000 3.286E-07
   869.250 3.321E-07
   869.500 3.357E-07
   869.750 3.393E-07
   870.000 3.429E-07
   870.250 3.466E-07
   870.500 3.503E-07
   870.750 3.540E-07
   871.000 3.578E-07
   871.250 3.616E-07
   871.500 3.655E-07
   871.750 3.694E-07
   872.000 3.733E-07
   872.250 3.772E-07
   872.500 3.813E-07
   872.750 3.853E-07
   873.000 3.894E-07
   873.250 3.935E-07
   873.500 3.977E-07
   873.750 4.019E-07
   874.000 4.062E-07
   874.250 4.104E-07
   874.500 4.148E-07
   874.750 4.192E-07
   875.000 4.236E-07
   875.250 4.281E-07
   875.500 4.326E-07
   875.750 4.372E-07
   876.000 4.417E-07
   876.250 4.464E-07
   876.500 4.511E-07
   876.750 4.559E-07
   877.000 4.606E-07
   877.250 4.655E-07
   877.500 4.703E-07
   877.750 4.753E-07
   878.000 4.803E-07
   878.250 4.853E-07
   878.500 4.904E-07
   878.750 4.955E-07
   879.000 5.007E-07
   879.250 5.059E-07
   879.500 5.112E-07
   879.750 5.166E-07
   880.000 5.220E-07
   880.250 5.274E-07
   880.500 5.329E-07
   880.750 5.385E-07
   881.000 5.441E-07
   881.250 5.497E-07
   881.500 5.554E-07
   881.750 5.612E-07
   882.000 5.671E-07
   882.250 5.729E-07
   882.500 5.788E-07
   882.750 5.848E-07
   883.000 5.909E-07
   883.250 5.970E-07
   883.500 6.032E-07
   883.750 6.094E-07
   884.000 6.157E-07
   884.250 6.221E-07
   884.500 6.285E-07
   884.750 6.349E-07
   885.000 6.415E-07
   885.250 6.482E-07
   885.500 6.548E-07
   885.750 6.615E-07
   886.000 6.683E-07
   886.250 6.752E-07
   886.500 6.821E-07
   886.750 6.891E-07
   887.000 6.962E-07
   887.250 7.034E-07
   887.500 7.105E-07
   887.750 7.178E-07
   888.000 7.252E-07
   888.250 7.326E-07
   888.500 7.401E-07
   888.750 7.476E-07
   889.000 7.553E-07
   889.250 7.630E-07
   889.500 7.707E-07
   889.750 7.786E-07
   890.000 7.865E-07
   890.250 7.946E-07
   890.500 8.026E-07
   890.750 8.107E-07
   891.000 8.190E-07
   891.250 8.274E-07
   891.500 8.358E-07
   891.750 8.442E-07
   892.000 8.527E-07
   892.250 8.614E-07
   892.500 8.702E-07
   892.750 8.789E-07
   893.000 8.878E-07
   893.250 8.968E-07
   893.500 9.059E-07
   893.750 9.150E-07
   894.000 9.241E-07
   894.250 9.335E-07
   894.500 9.429E-07
   894.750 9.524E-07
   895.000 9.619E-07
   895.250 9.716E-07
   895.500 9.814E-07
   895.750 9.913E-07
   896.000 1.001E-06
   896.250 1.011E-06
   896.500 1.021E-06
   896.750 1.032E-06
   897.000 1.042E-06
   897.250 1.052E-06
   897.500 1.063E-06
   897.750 1.074E-06
   898.000 1.084E-06
   898.250 1.095E-06
   898.500 1.106E-06
   898.750 1.117E-06
   899.000 1.128E-06
   899.250 1.139E-06
   899.500 1.151E-06
   899.750 1.162E-06
   900.000 1.174E-06
   900.250 1.185E-06
   900.500 1.197E-06
   900.750 1.209E-06
   901.000 1.221E-06
   901.250 1.233E-06
   901.500 1.245E-06
   901.750 1.258E-06
   902.000 1.270E-06
   902.250 1.283E-06
   902.500 1.295E-06
   902.750 1.308E-06
   903.000 1.321E-06
   903.250 1.334E-06
   903.500 1.347E-06
   903.750 1.361E-06
   904.000 1.374E-06
   904.250 1.387E-06
   904.500 1.401E-06
   904.750 1.415E-06
   905.000 1.429E-06
   905.250 1.443E-06
   905.500 1.457E-06
   905.750 1.471E-06
   906.000 1.486E-06
   906.250 1.500E-06
   906.500 1.515E-06
   906.750 1.530E-06
   907.000 1.545E-06
   907.250 1.560E-06
   907.500 1.575E-06
   907.750 1.590E-06
   908.000 1.606E-06
   908.250 1.622E-06
   908.500 1.638E-06
   908.750 1.654E-06
   909.000 1.670E-06
   909.250 1.686E-06
   909.500 1.703E-06
   909.750 1.719E-06
   910.000 1.736E-06
   910.250 1.753E-06
   910.500 1.770E-06
   910.750 1.785E-06
   911.000 1.796E-06
   911.250 1.803E-06
   911.500 1.814E-06
   911.750 1.836E-06
   912.000 1.863E-06
   912.250 1.885E-06
   912.500 1.907E-06
   912.750 1.929E-06
   913.000 2.002E-06
   913.250 2.987E-06
   913.500 8.963E-06
   913.750 2.298E-05
   914.000 3.863E-05
   914.250 5.229E-05
   914.500 7.029E-05
   914.750 9.712E-05
   915.000 1.261E-04
   915.250 1.502E-04
   915.500 1.807E-04
   915.750 2.226E-04
   916.000 2.772E-04
   916.250 3.447E-04
   916.500 4.096E-04
   916.750 4.778E-04
   917.000 5.535E-04
   917.250 6.440E-04
   917.500 7.435E-04
   917.750 8.502E-04
   918.000 9.230E-04
   918.250 9.775E-04
   918.500 1.150E-03
   918.750 1.332E-03
   919.000 1.425E-03
   919.250 1.459E-03
   919.500 1.341E-03
   919.750 1.427E-03
   920.000 1.961E-03
   920.250 2.255E-03
   920.500 2.273E-03
   920.750 2.142E-03
   921.000 1.988E-03
   921.250 2.244E-03
   921.500 1.995E-03
   921.750 1.452E-03
   922.000 1.758E-03
   922.250 3.002E-03
   922.500 3.655E-03
   922.750 3.287E-03
   923.000 2.738E-03
   923.250 3.176E-03
   923.500 3.990E-03
   923.750 3.694E-03
   924.000 4.432E-03
   924.250 5.600E-03
   924.500 5.104E-03
   924.750 3.166E-03
   925.000 3.196E-03
   925.250 5.421E-03
   925.500 6.619E-03
   925.750 6.878E-03
   926.000 5.957E-03
   926.250 3.931E-03
   926.500 4.125E-03
   926.750 4.624E-03
   927.000 5.278E-03
   927.250 7.605E-03
   927.500 9.894E-03
   927.750 1.113E-02
   928.000 1.056E-02
   928.250 9.822E-03
   928.500 1.038E-02
   928.750 1.146E-02
   929.000 1.133E-02
   929.250 8.249E-03
   929.500 4.521E-03
   929.750 5.184E-03
   930.000 6.748E-03
   930.250 7.519E-03
   930.500 8.023E-03
   930.750 6.177E-03
   931.000 5.484E-03
   931.250 6.732E-03
   931.500 7.613E-03
   931.750 1.198E-02
   932.000 1.554E-02
   932.250 1.774E-02
   932.500 1.933E-02
   932.750 1.916E-02
   933.000 2.017E-02
   933.250 2.128E-02
   933.500 2.352E-02
   933.750 2.396E-02
   934.000 2.631E-02
   934.250 3.185E-02
   934.500 3.133E-02
   934.750 2.705E-02
   935.000 2.558E-02
   935.250 2.244E-02
   935.500 1.793E-02
   935.750 1.599E-02
   936.000 1.580E-02
   936.250 1.217E-02
   936.500 5.689E-03
   936.750 3.198E-03
   937.000 5.831E-03
   937.250 8.459E-03
   937.500 8.148E-03
   937.750 4.479E-03
   938.000 2.801E-03
   938.250 5.012E-03
   938.500 6.283E-03
   938.750 7.715E-03
   939.000 1.344E-02
   939.250 1.872E-02
   939.500 2.223E-02
   939.750 2.651E-02
   940.000 2.635E-02
   940.250 2.832E-02
   940.500 3.351E-02
   940.750 3.503E-02
   941.000 3.743E-02
   941.250 3.180E-02
   941.500 2.777E-02
   941.750 3.010E-02
   942.000 3.088E-02
   942.250 3.276E-02
   942.500 3.120E-02
   942.750 2.841E-02
   943.000 2.746E-02
   943.250 2.391E-02
   943.500 1.732E-02
   943.750 1.130E-02
   944.000 7.572E-03
   944.250 4.865E-03
   944.500 2.491E-03
   944.750 9.544E-04
   945.000 2.621E-04
   945.250 4.893E-05
   945.500 2.635E-05
   945.750 1.171E-04
   946.000 4.167E-04
   946.250 1.047E-03
   946.500 1.948E-03
   946.750 2.945E-03
   947.000 5.152E-03
   947.250 8.094E-03
   947.500 8.784E-03
   947.750 7.407E-03
   948.000 6.557E-03
   948.250 4.369E-03
   948.500 1.638E-03
   948.750 6.584E-04
   949.000 7.173E-04
   949.250 6.548E-04
   949.500 4.479E-04
   949.750 2.693E-04
   950.000 1.683E-04
   950.250 1.776E-04
   950.500 2.871E-04
   950.750 9.087E-04
   951.000 3.142E-03
   951.250 6.871E-03
   951.500 1.143E-02
   951.750 1.567E-02
   952.000 1.604E-02
   952.250 1.071E-02
   952.500 1.273E-02
   952.750 2.251E-02
   953.000 2.061E-02
   953.250 1.025E-02
   953.500 2.698E-03
   953.750 9.102E-04
   954.000 3.933E-03
   954.250 1.591E-02
   954.500 3.392E-02
   954.750 4.760E-02
   955.000 5.684E-02
   955.250 5.170E-02
   955.500 4.602E-02
   955.750 5.814E-02
   956.000 8.780E-02
   956.250 1.267E-01
   956.500 1.397E-01
   956.750 1.384E-01
   957.000 1.375E-01
   957.250 1.280E-01
   957.500 1.152E-01
   957.750 1.211E-01
   958.000 1.340E-01
   958.250 1.320E-01
   958.500 1.404E-01
   958.750 1.639E-01
   959.000 1.735E-01
   959.250 1.637E-01
   959.500 1.423E-01
   959.750 1.465E-01
   960.000 1.317E-01
   960.250 1.143E-01
   960.500 1.406E-01
   960.750 1.652E-01
   961.000 1.591E-01
   961.250 1.525E-01
   961.500 1.544E-01
   961.750 1.543E-01
   962.000 1.502E-01
   962.250 1.423E-01
   962.500 1.315E-01
   962.750 1.340E-01
   963.000 1.412E-01
   963.250 1.189E-01
   963.500 7.237E-02
   963.750 2.704E-02
   964.000 9.137E-03
   964.250 1.003E-02
   964.500 8.359E-03
   964.750 5.718E-03
   965.000 8.216E-03
   965.250 1.878E-02
   965.500 4.466E-02
   965.750 7.706E-02
   966.000 8.773E-02
   966.250 7.338E-02
   966.500 5.957E-02
   966.750 6.689E-02
   967.000 6.798E-02
   967.250 5.630E-02
   967.500 4.771E-02
   967.750 4.069E-02
   968.000 3.308E-02
   968.250 2.836E-02
   968.500 2.851E-02
   968.750 2.589E-02
   969.000 2.012E-02
   969.250 1.494E-02
   969.500 1.173E-02
   969.750 9.031E-03
   970.000 6.245E-03
   970.250 4.325E-03
   970.500 2.847E-03
   970.750 1.727E-03
   971.000 9.389E-04
   971.250 4.662E-04
   971.500 2.375E-04
   971.750 2.053E-04
   972.000 3.142E-04
   972.250 3.520E-04
   972.500 3.140E-04
   972.750 4.337E-04
   973.000 6.198E-04
   973.250 9.465E-04
   973.500 2.121E-03
   973.750 5.631E-03
   974.000 1.288E-02
   974.250 2.147E-02
   974.500 3.209E-02
   974.750 4.575E-02
   975.000 5.652E-02
   975.250 6.482E-02
   975.500 7.634E-02
   975.750 9.538E-02
   976.000 1.132E-01
   976.250 1.363E-01
   976.500 1.666E-01
   976.750 1.953E-01
   977.000 2.174E-01
   977.250 2.483E-01
   977.500 2.693E-01
   977.750 2.748E-01
   978.000 2.858E-01
   978.250 2.805E-01
   978.500 2.475E-01
   978.750 2.641E-01
   979.000 3.509E-01
   979.250 4.076E-01
   979.500 4.188E-01
   979.750 4.541E-01
   980.000 5.020E-01
   980.250 4.639E-01
   980.500 4.641E-01
   980.750 4.428E-01
   981.000 4.578E-01
   981.250 5.628E-01
   981.500 5.970E-01
   981.750 5.525E-01
   982.000 4.562E-01
   982.250 5.590E-01
   982.500 7.658E-01
   982.750 7.838E-01
   983.000 7.826E-01
   983.250 8.568E-01
   983.500 8.998E-01
   983.750 8.905E-01
   984.000 7.878E-01
   984.250 6.212E-01
   984.500 5.209E-01
   984.750 4.957E-01
   985.000 6.709E-01
   985.250 7.571E-01
   985.500 5.605E-01
   985.750 5.720E-01
   986.000 8.996E-01
   986.250 1.080E+00
   986.500 1.084E+00
   986.750 9.967E-01
   987.000 8.415E-01
   987.250 6.050E-01
   987.500 3.482E-01
   987.750 2.540E-01
   988.000 2.660E-01
   988.250 2.207E-01
   988.500 9.770E-02
   988.750 4.789E-02
   989.000 1.078E-01
   989.250 1.629E-01
   989.500 1.082E-01
   989.750 4.010E-02
   990.000 1.512E-02
   990.250 2.579E-02
   990.500 4.978E-02
   990.750 7.872E-02
   991.000 1.876E-01
   991.250 2.976E-01
   991.500 3.023E-01
   991.750 3.186E-01
   992.000 3.721E-01
   992.250 3.015E-01
   992.500 1.359E-01
   992.750 7.727E-02
   993.000 2.010E-01
   993.250 4.412E-01
   993.500 6.564E-01
   993.750 6.536E-01
   994.000 4.207E-01
   994.250 2.035E-01
   994.500 1.485E-01
   994.750 2.132E-01
   995.000 4.121E-01
   995.250 5.809E-01
   995.500 5.196E-01
   995.750 5.335E-01
   996.000 6.825E-01
   996.250 8.228E-01
   996.500 7.713E-01
   996.750 6.703E-01
   997.000 5.158E-01
   997.250 4.494E-01
   997.500 5.226E-01
   997.750 6.042E-01
   998.000 5.528E-01
   998.250 4.761E-01
   998.500 5.366E-01
   998.750 5.574E-01
   999.000 5.734E-01
   999.250 6.111E-01
   999.500 5.683E-01
   999.750 6.271E-01
  1000.000 6.296E-01
  1000.250 6.363E-01
  1000.500 6.304E-01
  1000.750 6.076E-01
  1001.000 6.603E-01
  1001.250 6.764E-01
  1001.500 5.989E-01
  1001.750 6.045E-01
  1002.000 6.378E-01
  1002.250 5.690E-01
  1002.500 5.500E-01
  1002.750 5.420E-01
  1003.000 4.933E-01
  1003.250 5.098E-01
  1003.500 5.452E-01
  1003.750 5.741E-01
  1004.000 6.021E-01
  1004.250 5.628E-01
  1004.500 4.445E-01
  1004.750 3.935E-01
  1005.000 4.548E-01
  1005.250 5.282E-01
  1005.500 5.084E-01
  1005.750 4.281E-01
  1006.000 3.796E-01
  1006.250 3.407E-01
  1006.500 3.033E-01
  1006.750 3.644E-01
  1007.000 3.955E-01
  1007.250 3.172E-01
  1007.500 2.666E-01
  1007.750 3.061E-01
  1008.000 3.348E-01
  1008.250 3.377E-01
  1008.500 3.205E-01
  1008.750 2.837E-01
  1009.000 2.525E-01
  1009.250 2.326E-01
  1009.500 2.451E-01
  1009.750 2.960E-01
  1010.000 3.124E-01
  1010.250 2.767E-01
  1010.500 2.777E-01
  1010.750 2.760E-01
  1011.000 2.377E-01
  1011.250 2.344E-01
  1011.500 2.351E-01
  1011.750 2.083E-01
  1012.000 1.877E-01
  1012.250 1.829E-01
  1012.500 1.816E-01
  1012.750 1.985E-01
  1013.000 2.092E-01
  1013.250 1.897E-01
  1013.500 1.626E-01
  1013.750 1.479E-01
  1014.000 1.459E-01
  1014.250 1.469E-01
  1014.500 1.558E-01
  1014.750 1.470E-01
  1015.000 1.316E-01
  1015.250 1.245E-01
  1015.500 1.146E-01
  1015.750 1.228E-01
  1016.000 1.230E-01
  1016.250 1.140E-01
  1016.500 1.113E-01
  1016.750 1.114E-01
  1017.000 1.086E-01
  1017.250 1.028E-01
  1017.500 9.608E-02
  1017.750 8.947E-02
  1018.000 7.845E-02
  1018.250 6.771E-02
  1018.500 6.706E-02
  1018.750 6.428E-02
  1019.000 5.817E-02
  1019.250 5.251E-02
  1019.500 4.783E-02
  1019.750 4.627E-02
  1020.000 4.266E-02
  1020.250 3.879E-02
  1020.500 3.393E-02
  1020.750 2.989E-02
  1021.000 2.970E-02
  1021.250 2.795E-02
  1021.500 2.467E-02
  1021.750 2.080E-02
  1022.000 1.717E-02
  1022.250 1.517E-02
  1022.500 1.344E-02
  1022.750 1.168E-02
  1023.000 9.950E-03
  1023.250 8.074E-03
  1023.500 6.161E-03
  1023.750 4.357E-03
  1024.000 3.253E-03
  1024.250 2.540E-03
  1024.500 1.935E-03
  1024.750 1.244E-03
  1025.000 6.857E-04
  1025.250 4.206E-04
  1025.500 2.836E-04
  1025.750 2.207E-04
  1026.000 2.789E-04
  1026.250 3.854E-04
  1026.500 6.153E-04
  1026.750 1.211E-03
  1027.000 1.965E-03
  1027.250 2.448E-03
  1027.500 3.263E-03
  1027.750 4.683E-03
  1028.000 5.825E-03
  1028.250 7.366E-03
  1028.500 9.473E-03
  1028.750 1.126E-02
  1029.000 1.412E-02
  1029.250 1.744E-02
  1029.500 2.049E-02
  1029.750 2.362E-02
  1030.000 2.666E-02
  1030.250 3.013E-02
  1030.500 3.313E-02
  1030.750 3.417E-02
  1031.000 3.722E-02
  1031.250 3.960E-02
  1031.500 3.960E-02
  1031.750 4.718E-02
  1032.000 5.669E-02
  1032.250 6.453E-02
  1032.500 7.177E-02
  1032.750 7.701E-02
  1033.000 8.229E-02
  1033.250 8.702E-02
  1033.500 9.085E-02
  1033.750 9.401E-02
  1034.000 9.990E-02
  1034.250 1.030E-01
  1034.500 1.056E-01
  1034.750 1.143E-01
  1035.000 1.196E-01
  1035.250 1.307E-01
  1035.500 1.449E-01
  1035.750 1.430E-01
  1036.000 1.206E-01
  1036.250 9.228E-02
  1036.500 9.902E-02
  1036.750 1.132E-01
  1037.000 1.087E-01
  1037.250 1.355E-01
  1037.500 1.623E-01
  1037.750 1.837E-01
  1038.000 2.126E-01
  1038.250 2.182E-01
  1038.500 2.142E-01
  1038.750 2.024E-01
  1039.000 2.037E-01
  1039.250 2.423E-01
  1039.500 2.787E-01
  1039.750 2.968E-01
  1040.000 3.001E-01
  1040.250 2.746E-01
  1040.500 2.629E-01
  1040.750 2.951E-01
  1041.000 3.149E-01
  1041.250 3.425E-01
  1041.500 3.665E-01
  1041.750 3.780E-01
  1042.000 4.179E-01
  1042.250 4.407E-01
  1042.500 3.988E-01
  1042.750 3.332E-01
  1043.000 3.455E-01
  1043.250 3.994E-01
  1043.500 4.115E-01
  1043.750 4.010E-01
  1044.000 3.386E-01
  1044.250 3.277E-01
  1044.500 3.743E-01
  1044.750 3.740E-01
  1045.000 3.995E-01
  1045.250 4.601E-01
  1045.500 5.060E-01
  1045.750 4.908E-01
  1046.000 5.339E-01
  1046.250 5.962E-01
  1046.500 5.881E-01
  1046.750 6.272E-01
  1047.000 6.636E-01
  1047.250 6.596E-01
  1047.500 6.010E-01
  1047.750 4.888E-01
  1048.000 2.927E-01
  1048.250 1.765E-01
  1048.500 2.874E-01
  1048.750 4.256E-01
  1049.000 4.547E-01
  1049.250 5.308E-01
  1049.500 5.881E-01
  1049.750 6.044E-01
  1050.000 6.748E-01
  1050.250 7.305E-01
  1050.500 7.517E-01
  1050.750 7.974E-01
  1051.000 8.246E-01
  1051.250 7.707E-01
  1051.500 7.516E-01
  1051.750 7.290E-01
  1052.000 6.323E-01
  1052.250 5.605E-01
  1052.500 5.403E-01
  1052.750 5.811E-01
  1053.000 5.249E-01
  1053.250 4.990E-01
  1053.500 5.454E-01
  1053.750 5.836E-01
  1054.000 6.603E-01
  1054.250 7.797E-01
  1054.500 8.413E-01
  1054.750 8.367E-01
  1055.000 7.578E-01
  1055.250 7.331E-01
  1055.500 8.668E-01
  1055.750 9.883E-01
  1056.000 1.065E+00
  1056.250 1.101E+00
  1056.500 1.101E+00
  1056.750 1.143E+00
  1057.000 1.151E+00
  1057.250 1.081E+00
  1057.500 1.037E+00
  1057.750 1.052E+00
  1058.000 1.046E+00
  1058.250 1.003E+00
  1058.500 9.932E-01
  1058.750 1.027E+00
  1059.000 1.070E+00
  1059.250 1.022E+00
  1059.500 8.831E-01
  1059.750 8.848E-01
  1060.000 9.983E-01
  1060.250 9.072E-01
  1060.500 8.547E-01
  1060.750 9.720E-01
  1061.000 1.115E+00
  1061.250 1.170E+00
  1061.500 1.138E+00
  1061.750 1.103E+00
  1062.000 1.069E+00
  1062.250 9.950E-01
  1062.500 9.154E-01
  1062.750 7.345E-01
  1063.000 4.896E-01
  1063.250 4.554E-01
  1063.500 6.536E-01
  1063.750 7.439E-01
  1064.000 8.104E-01
  1064.250 1.022E+00
  1064.500 1.159E+00
  1064.750 1.063E+00
  1065.000 1.069E+00
  1065.250 1.168E+00
  1065.500 9.863E-01
  1065.750 7.981E-01
  1066.000 9.232E-01
  1066.250 8.922E-01
  1066.500 5.556E-01
  1066.750 4.803E-01
  1067.000 6.801E-01
  1067.250 6.549E-01
  1067.500 5.290E-01
  1067.750 7.204E-01
  1068.000 8.331E-01
  1068.250 5.651E-01
  1068.500 4.280E-01
  1068.750 6.433E-01
  1069.000 8.441E-01
  1069.250 9.266E-01
  1069.500 1.004E+00
  1069.750 9.779E-01
  1070.000 9.462E-01
  1070.250 1.100E+00
  1070.500 1.220E+00
  1070.750 1.156E+00
  1071.000 1.141E+00
  1071.250 1.021E+00
  1071.500 8.018E-01
  1071.750 9.837E-01
  1072.000 1.311E+00
  1072.250 1.423E+00
  1072.500 1.426E+00
  1072.750 1.339E+00
  1073.000 1.087E+00
  1073.250 7.222E-01
  1073.500 7.396E-01
  1073.750 9.552E-01
  1074.000 1.064E+00
  1074.250 1.194E+00
  1074.500 1.211E+00
  1074.750 1.160E+00
  1075.000 1.152E+00
  1075.250 1.057E+00
  1075.500 8.436E-01
  1075.750 9.038E-01
  1076.000 1.166E+00
  1076.250 1.195E+00
  1076.500 1.097E+00
  1076.750 9.510E-01
  1077.000 1.010E+00
  1077.250 1.216E+00
  1077.500 1.348E+00
  1077.750 1.413E+00
  1078.000 1.362E+00
  1078.250 1.225E+00
  1078.500 1.210E+00
  1078.750 1.325E+00
  1079.000 1.237E+00
  1079.250 1.085E+00
  1079.500 1.143E+00
  1079.750 1.204E+00
  1080.000 1.269E+00
  1080.250 1.287E+00
  1080.500 1.275E+00
  1080.750 1.307E+00
  1081.000 1.325E+00
  1081.250 1.312E+00
  1081.500 1.211E+00
  1081.750 9.950E-01
  1082.000 9.273E-01
  1082.250 1.180E+00
  1082.500 1.310E+00
  1082.750 1.331E+00
  1083.000 1.211E+00
  1083.250 1.006E+00
  1083.500 1.016E+00
  1083.750 1.176E+00
  1084.000 1.192E+00
  1084.250 1.083E+00
  1084.500 9.330E-01
  1084.750 8.791E-01
  1085.000 8.342E-01
  1085.250 8.083E-01
  1085.500 8.739E-01
  1085.750 9.839E-01
  1086.000 1.187E+00
  1086.250 1.210E+00
  1086.500 1.056E+00
  1086.750 1.130E+00
  1087.000 1.264E+00
  1087.250 1.261E+00
  1087.500 1.039E+00
  1087.750 7.608E-01
  1088.000 6.832E-01
  1088.250 9.384E-01
  1088.500 1.193E+00
  1088.750 1.286E+00
  1089.000 1.321E+00
  1089.250 1.203E+00
  1089.500 9.821E-01
  1089.750 9.301E-01
  1090.000 9.815E-01
  1090.250 9.382E-01
  1090.500 8.605E-01
  1090.750 7.747E-01
  1091.000 7.748E-01
  1091.250 7.572E-01
  1091.500 7.306E-01
  1091.750 9.388E-01
  1092.000 1.031E+00
  1092.250 9.648E-01
  1092.500 1.063E+00
  1092.750 1.147E+00
  1093.000 1.008E+00
  1093.250 1.018E+00
  1093.500 1.167E+00
  1093.750 1.175E+00
  1094.000 1.166E+00
  1094.250 1.210E+00
  1094.500 1.100E+00
  1094.750 1.019E+00
  1095.000 1.051E+00
  1095.250 1.060E+00
  1095.500 1.033E+00
  1095.750 8.139E-01
  1096.000 7.042E-01
  1096.250 7.316E-01
  1096.500 5.384E-01
  1096.750 2.649E-01
  1097.000 2.816E-01
  1097.250 4.444E-01
  1097.500 6.524E-01
  1097.750 7.582E-01
  1098.000 6.528E-01
  1098.250 6.713E-01
  1098.500 8.300E-01
  1098.750 7.720E-01
  1099.000 6.573E-01
  1099.250 6.509E-01
  1099.500 7.376E-01
  1099.750 7.910E-01
  1100.000 7.036E-01
  1100.250 5.741E-01
  1100.500 3.395E-01
  1100.750 1.373E-01
  1101.000 2.920E-02
  1101.250 4.784E-03
  1101.500 2.630E-03
  1101.750 2.449E-03
  1102.000 2.457E-03
  1102.250 3.305E-03
  1102.500 9.168E-03
  1102.750 1.746E-02
  1103.000 1.689E-02
  1103.250 3.271E-02
  1103.500 8.070E-02
  1103.750 8.878E-02
  1104.000 4.865E-02
  1104.250 5.477E-02
  1104.500 1.466E-01
  1104.750 2.244E-01
  1105.000 1.720E-01
  1105.250 1.187E-01
  1105.500 1.763E-01
  1105.750 2.643E-01
  1106.000 2.197E-01
  1106.250 1.228E-01
  1106.500 1.863E-01
  1106.750 2.646E-01
  1107.000 1.991E-01
  1107.250 1.121E-01
  1107.500 1.196E-01
  1107.750 2.236E-01
  1108.000 2.871E-01
  1108.250 1.927E-01
  1108.500 1.793E-01
  1108.750 2.324E-01
  1109.000 2.677E-01
  1109.250 3.257E-01
  1109.500 3.252E-01
  1109.750 2.392E-01
  1110.000 2.382E-01
  1110.250 2.733E-01
  1110.500 3.492E-01
  1110.750 3.463E-01
  1111.000 3.265E-01
  1111.250 3.473E-01
  1111.500 2.334E-01
  1111.750 1.760E-01
  1112.000 1.933E-01
  1112.250 2.773E-01
  1112.500 3.707E-01
  1112.750 3.881E-01
  1113.000 5.038E-01
  1113.250 6.230E-01
  1113.500 5.961E-01
  1113.750 4.089E-01
  1114.000 1.686E-01
  1114.250 9.912E-02
  1114.500 1.301E-01
  1114.750 2.083E-01
  1115.000 2.573E-01
  1115.250 3.650E-01
  1115.500 5.372E-01
  1115.750 6.652E-01
  1116.000 8.440E-01
  1116.250 8.993E-01
  1116.500 8.163E-01
  1116.750 6.395E-01
  1117.000 3.420E-01
  1117.250 1.531E-01
  1117.500 1.142E-01
  1117.750 1.656E-01
  1118.000 2.612E-01
  1118.250 3.269E-01
  1118.500 4.318E-01
  1118.750 6.327E-01
  1119.000 7.058E-01
  1119.250 6.904E-01
  1119.500 7.830E-01
  1119.750 8.235E-01
  1120.000 7.890E-01
  1120.250 7.428E-01
  1120.500 6.660E-01
  1120.750 6.353E-01
  1121.000 6.146E-01
  1121.250 5.626E-01
  1121.500 3.488E-01
  1121.750 1.651E-01
  1122.000 7.584E-02
  1122.250 3.050E-02
  1122.500 3.979E-02
  1122.750 9.017E-02
  1123.000 2.221E-01
  1123.250 4.584E-01
  1123.500 6.544E-01
  1123.750 7.471E-01
  1124.000 6.902E-01
  1124.250 6.456E-01
  1124.500 6.834E-01
  1124.750 6.935E-01
  1125.000 7.073E-01
  1125.250 6.677E-01
  1125.500 6.373E-01
  1125.750 7.344E-01
  1126.000 7.477E-01
  1126.250 6.134E-01
  1126.500 4.353E-01
  1126.750 3.613E-01
  1127.000 4.236E-01
  1127.250 6.206E-01
  1127.500 6.763E-01
  1127.750 5.272E-01
  1128.000 2.995E-01
  1128.250 1.513E-01
  1128.500 9.773E-02
  1128.750 7.141E-02
  1129.000 8.099E-02
  1129.250 9.610E-02
  1129.500 1.225E-01
  1129.750 1.688E-01
  1130.000 2.435E-01
  1130.250 2.996E-01
  1130.500 3.682E-01
  1130.750 5.233E-01
  1131.000 5.827E-01
  1131.250 6.045E-01
  1131.500 5.989E-01
  1131.750 5.497E-01
  1132.000 5.631E-01
  1132.250 6.355E-01
  1132.500 6.625E-01
  1132.750 6.225E-01
  1133.000 5.515E-01
  1133.250 5.185E-01
  1133.500 4.308E-01
  1133.750 3.484E-01
  1134.000 3.018E-01
  1134.250 2.371E-01
  1134.500 2.652E-01
  1134.750 3.202E-01
  1135.000 2.998E-01
  1135.250 3.429E-01
  1135.500 3.643E-01
  1135.750 4.465E-01
  1136.000 5.600E-01
  1136.250 6.142E-01
  1136.500 5.911E-01
  1136.750 4.903E-01
  1137.000 4.291E-01
  1137.250 4.825E-01
  1137.500 5.420E-01
  1137.750 5.251E-01
  1138.000 4.742E-01
  1138.250 3.516E-01
  1138.500 1.818E-01
  1138.750 1.209E-01
  1139.000 9.927E-02
  1139.250 7.442E-02
  1139.500 5.156E-02
  1139.750 3.185E-02
  1140.000 2.654E-02
  1140.250 2.291E-02
  1140.500 3.579E-02
  1140.750 1.184E-01
  1141.000 2.268E-01
  1141.250 2.753E-01
  1141.500 3.137E-01
  1141.750 3.746E-01
  1142.000 3.945E-01
  1142.250 3.475E-01
  1142.500 3.575E-01
  1142.750 4.239E-01
  1143.000 3.790E-01
  1143.250 2.786E-01
  1143.500 3.451E-01
  1143.750 4.442E-01
  1144.000 4.449E-01
  1144.250 3.899E-01
  1144.500 3.548E-01
  1144.750 2.781E-01
  1145.000 2.423E-01
  1145.250 3.279E-01
  1145.500 3.865E-01
  1145.750 4.293E-01
  1146.000 4.468E-01
  1146.250 4.421E-01
  1146.500 4.152E-01
  1146.750 3.365E-01
  1147.000 2.968E-01
  1147.250 2.936E-01
  1147.500 2.860E-01
  1147.750 3.229E-01
  1148.000 2.884E-01
  1148.250 2.366E-01
  1148.500 2.806E-01
  1148.750 3.079E-01
  1149.000 3.555E-01
  1149.250 3.949E-01
  1149.500 3.565E-01
  1149.750 3.373E-01
  1150.000 3.443E-01
  1150.250 3.008E-01
  1150.500 2.423E-01
  1150.750 2.505E-01
  1151.000 2.748E-01
  1151.250 3.161E-01
  1151.500 3.876E-01
  1151.750 3.894E-01
  1152.000 3.297E-01
  1152.250 2.930E-01
  1152.500 3.136E-01
  1152.750 2.857E-01
  1153.000 2.508E-01
  1153.250 2.716E-01
  1153.500 3.181E-01
  1153.750 3.301E-01
  1154.000 2.976E-01
  1154.250 2.892E-01
  1154.500 2.953E-01
  1154.750 3.292E-01
  1155.000 3.451E-01
  1155.250 3.491E-01
  1155.500 3.158E-01
  1155.750 2.222E-01
  1156.000 1.515E-01
  1156.250 1.211E-01
  1156.500 8.910E-02
  1156.750 1.174E-01
  1157.000 1.559E-01
  1157.250 1.291E-01
  1157.500 9.530E-02
  1157.750 5.209E-02
  1158.000 2.274E-02
  1158.250 2.405E-02
  1158.500 2.864E-02
  1158.750 4.047E-02
  1159.000 9.169E-02
  1159.250 1.868E-01
  1159.500 2.539E-01
  1159.750 2.702E-01
  1160.000 2.547E-01
  1160.250 2.517E-01
  1160.500 2.575E-01
  1160.750 2.567E-01
  1161.000 2.675E-01
  1161.250 2.848E-01
  1161.500 2.823E-01
  1161.750 2.814E-01
  1162.000 2.742E-01
  1162.250 2.748E-01
  1162.500 2.708E-01
  1162.750 2.747E-01
  1163.000 2.879E-01
  1163.250 2.752E-01
  1163.500 2.571E-01
  1163.750 2.374E-01
  1164.000 2.084E-01
  1164.250 1.803E-01
  1164.500 2.041E-01
  1164.750 2.556E-01
  1165.000 2.717E-01
  1165.250 2.633E-01
  1165.500 2.487E-01
  1165.750 2.339E-01
  1166.000 2.426E-01
  1166.250 2.616E-01
  1166.500 2.664E-01
  1166.750 2.439E-01
  1167.000 2.001E-01
  1167.250 1.895E-01
  1167.500 2.127E-01
  1167.750 2.355E-01
  1168.000 2.247E-01
  1168.250 1.934E-01
  1168.500 1.840E-01
  1168.750 2.028E-01
  1169.000 1.909E-01
  1169.250 1.906E-01
  1169.500 2.186E-01
  1169.750 2.199E-01
  1170.000 2.050E-01
  1170.250 1.855E-01
  1170.500 1.881E-01
  1170.750 1.986E-01
  1171.000 1.938E-01
  1171.250 1.880E-01
  1171.500 2.000E-01
  1171.750 2.106E-01
  1172.000 2.149E-01
  1172.250 2.140E-01
  1172.500 2.141E-01
  1172.750 2.119E-01
  1173.000 2.022E-01
  1173.250 1.834E-01
  1173.500 1.804E-01
  1173.750 1.825E-01
  1174.000 1.736E-01
  1174.250 1.797E-01
  1174.500 1.928E-01
  1174.750 1.951E-01
  1175.000 1.856E-01
  1175.250 1.796E-01
  1175.500 1.740E-01
  1175.750 1.644E-01
  1176.000 1.687E-01
  1176.250 1.633E-01
  1176.500 1.468E-01
  1176.750 1.572E-01
  1177.000 1.643E-01
  1177.250 1.610E-01
  1177.500 1.586E-01
  1177.750 1.560E-01
  1178.000 1.609E-01
  1178.250 1.623E-01
  1178.500 1.564E-01
  1178.750 1.550E-01
  1179.000 1.517E-01
  1179.250 1.415E-01
  1179.500 1.442E-01
  1179.750 1.468E-01
  1180.000 1.352E-01
  1180.250 1.257E-01
  1180.500 1.313E-01
  1180.750 1.378E-01
  1181.000 1.308E-01
  1181.250 1.231E-01
  1181.500 1.260E-01
  1181.750 1.270E-01
  1182.000 1.223E-01
  1182.250 1.239E-01
  1182.500 1.273E-01
  1182.750 1.281E-01
  1183.000 1.250E-01
  1183.250 1.139E-01
  1183.500 1.032E-01
  1183.750 1.013E-01
  1184.000 1.085E-01
  1184.250 1.119E-01
  1184.500 1.102E-01
  1184.750 1.088E-01
  1185.000 1.072E-01
  1185.250 1.053E-01
  1185.500 9.790E-02
  1185.750 9.001E-02
  1186.000 9.310E-02
  1186.250 9.776E-02
  1186.500 9.955E-02
  1186.750 9.836E-02
  1187.000 9.408E-02
  1187.250 8.327E-02
  1187.500 7.734E-02
  1187.750 8.388E-02
  1188.000 8.483E-02
  1188.250 7.904E-02
  1188.500 6.658E-02
  1188.750 4.451E-02
  1189.000 2.891E-02
  1189.250 2.743E-02
  1189.500 2.810E-02
  1189.750 2.942E-02
  1190.000 2.481E-02
  1190.250 1.496E-02
  1190.500 1.375E-02
  1190.750 2.518E-02
  1191.000 3.902E-02
  1191.250 4.522E-02
  1191.500 4.648E-02
  1191.750 4.634E-02
  1192.000 4.065E-02
  1192.250 3.347E-02
  1192.500 2.814E-02
  1192.750 2.028E-02
  1193.000 1.159E-02
  1193.250 8.352E-03
  1193.500 1.003E-02
  1193.750 1.268E-02
  1194.000 1.182E-02
  1194.250 9.047E-03
  1194.500 8.246E-03
  1194.750 1.149E-02
  1195.000 1.818E-02
  1195.250 2.535E-02
  1195.500 3.123E-02
  1195.750 3.610E-02
  1196.000 3.847E-02
  1196.250 3.865E-02
  1196.500 3.811E-02
  1196.750 3.456E-02
  1197.000 2.602E-02
  1197.250 1.618E-02
  1197.500 1.589E-02
  1197.750 2.505E-02
  1198.000 3.252E-02
  1198.250 3.483E-02
  1198.500 3.605E-02
  1198.750 3.670E-02
  1199.000 3.590E-02
  1199.250 3.074E-02
  1199.500 2.501E-02
  1199.750 2.795E-02
  1200.000 2.935E-02
  1200.250 2.670E-02
  1200.500 2.697E-02
  1200.750 2.630E-02
  1201.000 2.788E-02
  1201.250 2.938E-02
  1201.500 3.082E-02
  1201.750 3.183E-02
  1202.000 3.153E-02
  1202.250 3.080E-02
  1202.500 3.007E-02
  1202.750 2.937E-02
  1203.000 2.864E-02
  1203.250 2.791E-02
  1203.500 2.718E-02
  1203.750 2.643E-02
  1204.000 2.575E-02
  1204.250 2.517E-02
  1204.500 2.457E-02
  1204.750 2.394E-02
  1205.000 2.334E-02
  1205.250 2.271E-02
  1205.500 2.203E-02
  1205.750 2.141E-02
  1206.000 2.086E-02
  1206.250 2.035E-02
  1206.500 1.984E-02
  1206.750 1.932E-02
  1207.000 1.880E-02
  1207.250 1.825E-02
  1207.500 1.772E-02
  1207.750 1.728E-02
  1208.000 1.686E-02
  1208.250 1.644E-02
  1208.500 1.598E-02
  1208.750 1.553E-02
  1209.000 1.512E-02
  1209.250 1.472E-02
  1209.500 1.434E-02
  1209.750 1.401E-02
  1210.000 1.370E-02
  1210.250 1.339E-02
  1210.500 1.308E-02
  1210.750 1.277E-02
  1211.000 1.250E-02
  1211.250 1.224E-02
  1211.500 1.197E-02
  1211.750 1.172E-02
  1212.000 1.148E-02
  1212.250 1.126E-02
  1212.500 1.106E-02
  1212.750 1.089E-02
  1213.000 1.072E-02
  1213.250 1.056E-02
  1213.500 1.042E-02
  1213.750 1.031E-02
  1214.000 1.021E-02
  1214.250 1.010E-02
  1214.500 1.003E-02
  1214.750 9.985E-03
  1215.000 9.960E-03
  1215.250 9.937E-03
  1215.500 9.916E-03
  1215.750 9.906E-03
  1216.000 9.906E-03
  1216.250 9.906E-03
  1216.500 9.912E-03
  1216.750 9.938E-03
  1217.000 1.001E-02
  1217.250 1.012E-02
  1217.500 1.021E-02
  1217.750 1.032E-02
  1218.000 1.046E-02
  1218.250 1.059E-02
  1218.500 1.073E-02
  1218.750 1.091E-02
  1219.000 1.111E-02
  1219.250 1.130E-02
  1219.500 1.151E-02
  1219.750 1.175E-02
  1220.000 1.200E-02
  1220.250 1.225E-02
  1220.500 1.254E-02
  1220.750 1.282E-02
  1221.000 1.310E-02
  1221.250 1.342E-02
  1221.500 1.378E-02
  1221.750 1.413E-02
  1222.000 1.448E-02
  1222.250 1.487E-02
  1222.500 1.530E-02
  1222.750 1.573E-02
  1223.000 1.615E-02
  1223.250 1.661E-02
  1223.500 1.707E-02
  1223.750 1.752E-02
  1224.000 1.793E-02
  1224.250 1.794E-02
  1224.500 1.774E-02
  1224.750 1.882E-02
  1225.000 2.007E-02
  1225.250 2.075E-02
  1225.500 2.130E-02
  1225.750 2.193E-02
  1226.000 2.258E-02
  1226.250 2.308E-02
  1226.500 2.292E-02
  1226.750 2.275E-02
  1227.000 2.375E-02
  1227.250 2.529E-02
  1227.500 2.641E-02
  1227.750 2.678E-02
  1228.000 2.733E-02
  1228.250 2.840E-02
  1228.500 2.919E-02
  1228.750 3.024E-02
  1229.000 3.127E-02
  1229.250 3.211E-02
  1229.500 3.287E-02
  1229.750 3.337E-02
  1230.000 3.350E-02
  1230.250 3.298E-02
  1230.500 3.276E-02
  1230.750 3.525E-02
  1231.000 3.737E-02
  1231.250 3.903E-02
  1231.500 4.024E-02
  1231.750 4.115E-02
  1232.000 4.171E-02
  1232.250 4.264E-02
  1232.500 4.392E-02
  1232.750 4.434E-02
  1233.000 4.135E-02
  1233.250 3.700E-02
  1233.500 4.019E-02
  1233.750 4.505E-02
  1234.000 4.702E-02
  1234.250 4.979E-02
  1234.500 5.194E-02
  1234.750 5.321E-02
  1235.000 5.412E-02
  1235.250 5.485E-02
  1235.500 5.518E-02
  1235.750 5.604E-02
  1236.000 5.711E-02
  1236.250 5.680E-02
  1236.500 5.895E-02
  1236.750 6.172E-02
  1237.000 6.165E-02
  1237.250 6.143E-02
  1237.500 6.455E-02
  1237.750 6.748E-02
  1238.000 6.933E-02
  1238.250 7.023E-02
  1238.500 7.150E-02
  1238.750 7.256E-02
  1239.000 7.024E-02
  1239.250 6.449E-02
  1239.500 6.587E-02
  1239.750 6.821E-02
  1240.000 6.626E-02
  1240.250 6.763E-02
  1240.500 6.879E-02
  1240.750 6.895E-02
  1241.000 6.966E-02
  1241.250 7.166E-02
  1241.500 7.278E-02
  1241.750 7.123E-02
  1242.000 6.773E-02
  1242.250 7.380E-02
  1242.500 8.165E-02
  1242.750 8.407E-02
  1243.000 7.970E-02
  1243.250 7.260E-02
  1243.500 8.121E-02
  1243.750 9.260E-02
  1244.000 9.580E-02
  1244.250 9.989E-02
  1244.500 1.020E-01
  1244.750 1.048E-01
  1245.000 1.028E-01
  1245.250 1.025E-01
  1245.500 1.050E-01
  1245.750 1.039E-01
  1246.000 1.047E-01
  1246.250 1.140E-01
  1246.500 1.209E-01
  1246.750 1.047E-01
  1247.000 8.201E-02
  1247.250 8.852E-02
  1247.500 1.114E-01
  1247.750 1.127E-01
  1248.000 1.075E-01
  1248.250 1.221E-01
  1248.500 1.328E-01
  1248.750 1.332E-01
  1249.000 1.281E-01
  1249.250 1.268E-01
  1249.500 1.304E-01
  1249.750 1.397E-01
  1250.000 1.485E-01
  1250.250 1.423E-01
  1250.500 1.323E-01
  1250.750 1.459E-01
  1251.000 1.467E-01
  1251.250 1.433E-01
  1251.500 1.629E-01
  1251.750 1.730E-01
  1252.000 1.635E-01
  1252.250 1.524E-01
  1252.500 1.652E-01
  1252.750 1.730E-01
  1253.000 1.650E-01
  1253.250 1.327E-01
  1253.500 1.249E-01
  1253.750 1.511E-01
  1254.000 1.786E-01
  1254.250 1.806E-01
  1254.500 1.643E-01
  1254.750 1.767E-01
  1255.000 1.844E-01
  1255.250 1.683E-01
  1255.500 1.818E-01
  1255.750 1.968E-01
  1256.000 1.747E-01
  1256.250 1.501E-01
  1256.500 1.500E-01
  1256.750 1.886E-01
  1257.000 2.174E-01
  1257.250 2.138E-01
  1257.500 1.895E-01
  1257.750 1.911E-01
  1258.000 2.168E-01
  1258.250 2.229E-01
  1258.500 1.983E-01
  1258.750 1.577E-01
  1259.000 1.576E-01
  1259.250 1.712E-01
  1259.500 1.631E-01
  1259.750 1.482E-01
  1260.000 1.099E-01
  1260.250 6.185E-02
  1260.500 3.728E-02
  1260.750 3.527E-02
  1261.000 3.956E-02
  1261.250 4.679E-02
  1261.500 5.535E-02
  1261.750 9.437E-02
  1262.000 1.460E-01
  1262.250 1.886E-01
  1262.500 2.252E-01
  1262.750 2.403E-01
  1263.000 2.374E-01
  1263.250 2.345E-01
  1263.500 2.248E-01
  1263.750 2.011E-01
  1264.000 1.649E-01
  1264.250 1.160E-01
  1264.500 6.629E-02
  1264.750 4.145E-02
  1265.000 5.555E-02
  1265.250 1.041E-01
  1265.500 1.576E-01
  1265.750 1.969E-01
  1266.000 2.148E-01
  1266.250 1.914E-01
  1266.500 1.736E-01
  1266.750 2.260E-01
  1267.000 2.884E-01
  1267.250 2.644E-01
  1267.500 2.152E-01
  1267.750 2.570E-01
  1268.000 3.053E-01
  1268.250 3.349E-01
  1268.500 3.566E-01
  1268.750 3.596E-01
  1269.000 3.533E-01
  1269.250 3.561E-01
  1269.500 3.674E-01
  1269.750 3.619E-01
  1270.000 3.359E-01
  1270.250 3.248E-01
  1270.500 2.924E-01
  1270.750 2.262E-01
  1271.000 2.527E-01
  1271.250 3.111E-01
  1271.500 3.514E-01
  1271.750 3.507E-01
  1272.000 3.221E-01
  1272.250 3.383E-01
  1272.500 3.560E-01
  1272.750 3.818E-01
  1273.000 4.102E-01
  1273.250 4.312E-01
  1273.500 4.550E-01
  1273.750 4.452E-01
  1274.000 3.943E-01
  1274.250 3.910E-01
  1274.500 4.100E-01
  1274.750 3.648E-01
  1275.000 3.141E-01
  1275.250 3.162E-01
  1275.500 3.773E-01
  1275.750 3.860E-01
  1276.000 3.677E-01
  1276.250 3.133E-01
  1276.500 3.031E-01
  1276.750 2.833E-01
  1277.000 1.966E-01
  1277.250 1.073E-01
  1277.500 8.344E-02
  1277.750 1.524E-01
  1278.000 3.060E-01
  1278.250 4.402E-01
  1278.500 4.719E-01
  1278.750 4.624E-01
  1279.000 3.975E-01
  1279.250 3.572E-01
  1279.500 3.808E-01
  1279.750 3.335E-01
  1280.000 2.147E-01
  1280.250 1.477E-01
  1280.500 1.687E-01
  1280.750 2.562E-01
  1281.000 4.091E-01
  1281.250 5.509E-01
  1281.500 5.935E-01
  1281.750 5.920E-01
  1282.000 6.052E-01
  1282.250 6.246E-01
  1282.500 6.095E-01
  1282.750 5.486E-01
  1283.000 5.154E-01
  1283.250 5.928E-01
  1283.500 6.411E-01
  1283.750 6.114E-01
  1284.000 6.019E-01
  1284.250 6.478E-01
  1284.500 6.606E-01
  1284.750 6.441E-01
  1285.000 6.663E-01
  1285.250 6.928E-01
  1285.500 6.756E-01
  1285.750 6.419E-01
  1286.000 6.490E-01
  1286.250 6.559E-01
  1286.500 6.633E-01
  1286.750 7.004E-01
  1287.000 7.003E-01
  1287.250 6.664E-01
  1287.500 6.071E-01
  1287.750 5.362E-01
  1288.000 4.943E-01
  1288.250 5.049E-01
  1288.500 5.372E-01
  1288.750 5.328E-01
  1289.000 5.473E-01
  1289.250 6.564E-01
  1289.500 6.943E-01
  1289.750 6.073E-01
  1290.000 5.208E-01
  1290.250 6.369E-01
  1290.500 7.654E-01
  1290.750 7.879E-01
  1291.000 7.595E-01
  1291.250 7.044E-01
  1291.500 7.053E-01
  1291.750 7.848E-01
  1292.000 8.385E-01
  1292.250 8.326E-01
  1292.500 8.256E-01
  1292.750 8.570E-01
  1293.000 8.803E-01
  1293.250 8.744E-01
  1293.500 8.291E-01
  1293.750 8.241E-01
  1294.000 8.830E-01
  1294.250 9.086E-01
  1294.500 8.983E-01
  1294.750 8.651E-01
  1295.000 8.441E-01
  1295.250 7.731E-01
  1295.500 5.417E-01
  1295.750 3.952E-01
  1296.000 4.269E-01
  1296.250 5.486E-01
  1296.500 7.998E-01
  1296.750 9.312E-01
  1297.000 9.511E-01
  1297.250 9.668E-01
  1297.500 9.818E-01
  1297.750 9.635E-01
  1298.000 9.490E-01
  1298.250 9.804E-01
  1298.500 9.987E-01
  1298.750 9.903E-01
  1299.000 9.797E-01
  1299.250 9.051E-01
  1299.500 8.455E-01
  1299.750 9.068E-01
  1300.000 9.588E-01
  1300.250 9.914E-01
  1300.500 9.976E-01
  1300.750 9.755E-01
  1301.000 9.272E-01
  1301.250 8.359E-01
  1301.500 6.742E-01
  1301.750 4.340E-01
  1302.000 2.125E-01
  1302.250 1.622E-01
  1302.500 2.996E-01
  1302.750 4.154E-01
  1303.000 4.357E-01
  1303.250 4.641E-01
  1303.500 5.462E-01
  1303.750 6.190E-01
  1304.000 4.793E-01
  1304.250 2.501E-01
  1304.500 1.484E-01
  1304.750 1.493E-01
  1305.000 2.582E-01
  1305.250 4.598E-01
  1305.500 5.391E-01
  1305.750 4.248E-01
  1306.000 3.279E-01
  1306.250 5.366E-01
  1306.500 8.180E-01
  1306.750 9.406E-01
  1307.000 1.013E+00
  1307.250 1.090E+00
  1307.500 1.144E+00
  1307.750 1.157E+00
  1308.000 1.120E+00
  1308.250 1.037E+00
  1308.500 8.840E-01
  1308.750 6.064E-01
  1309.000 3.206E-01
  1309.250 1.955E-01
  1309.500 3.088E-01
  1309.750 5.378E-01
  1310.000 6.729E-01
  1310.250 7.488E-01
  1310.500 8.146E-01
  1310.750 7.891E-01
  1311.000 7.676E-01
  1311.250 7.818E-01
  1311.500 9.524E-01
  1311.750 1.041E+00
  1312.000 1.041E+00
  1312.250 1.174E+00
  1312.500 1.328E+00
  1312.750 1.339E+00
  1313.000 1.220E+00
  1313.250 9.972E-01
  1313.500 1.050E+00
  1313.750 1.358E+00
  1314.000 1.498E+00
  1314.250 1.533E+00
  1314.500 1.535E+00
  1314.750 1.461E+00
  1315.000 1.379E+00
  1315.250 1.429E+00
  1315.500 1.455E+00
  1315.750 1.356E+00
  1316.000 1.255E+00
  1316.250 1.270E+00
  1316.500 1.106E+00
  1316.750 1.162E+00
  1317.000 1.197E+00
  1317.250 1.130E+00
  1317.500 1.398E+00
  1317.750 1.599E+00
  1318.000 1.593E+00
  1318.250 1.513E+00
  1318.500 1.411E+00
  1318.750 1.360E+00
  1319.000 1.437E+00
  1319.250 1.579E+00
  1319.500 1.579E+00
  1319.750 1.525E+00
  1320.000 1.594E+00
  1320.250 1.651E+00
  1320.500 1.641E+00
  1320.750 1.660E+00
  1321.000 1.718E+00
  1321.250 1.719E+00
  1321.500 1.715E+00
  1321.750 1.794E+00
  1322.000 1.838E+00
  1322.250 1.853E+00
  1322.500 1.851E+00
  1322.750 1.804E+00
  1323.000 1.735E+00
  1323.250 1.635E+00
  1323.500 1.506E+00
  1323.750 1.654E+00
  1324.000 1.837E+00
  1324.250 1.865E+00
  1324.500 1.914E+00
  1324.750 1.953E+00
  1325.000 1.966E+00
  1325.250 1.978E+00
  1325.500 1.989E+00
  1325.750 2.002E+00
  1326.000 2.008E+00
  1326.250 1.956E+00
  1326.500 1.744E+00
  1326.750 1.684E+00
  1327.000 1.917E+00
  1327.250 2.006E+00
  1327.500 1.965E+00
  1327.750 1.923E+00
  1328.000 1.900E+00
  1328.250 1.868E+00
  1328.500 1.548E+00
  1328.750 8.952E-01
  1329.000 4.573E-01
  1329.250 4.350E-01
  1329.500 4.835E-01
  1329.750 8.235E-01
  1330.000 1.466E+00
  1330.250 1.899E+00
  1330.500 2.074E+00
  1330.750 2.113E+00
  1331.000 2.126E+00
  1331.250 2.197E+00
  1331.500 2.218E+00
  1331.750 2.251E+00
  1332.000 2.295E+00
  1332.250 2.313E+00
  1332.500 2.324E+00
  1332.750 2.335E+00
  1333.000 2.351E+00
  1333.250 2.355E+00
  1333.500 2.254E+00
  1333.750 2.089E+00
  1334.000 2.189E+00
  1334.250 2.157E+00
  1334.500 1.904E+00
  1334.750 2.026E+00
  1335.000 1.966E+00
  1335.250 1.740E+00
  1335.500 1.656E+00
  1335.750 1.677E+00
  1336.000 2.176E+00
  1336.250 2.456E+00
  1336.500 2.484E+00
  1336.750 2.490E+00
  1337.000 2.524E+00
  1337.250 2.536E+00
  1337.500 2.537E+00
  1337.750 2.549E+00
  1338.000 2.570E+00
  1338.250 2.578E+00
  1338.500 2.590E+00
  1338.750 2.602E+00
  1339.000 2.581E+00
  1339.250 2.606E+00
  1339.500 2.646E+00
  1339.750 2.616E+00
  1340.000 2.558E+00
  1340.250 2.593E+00
  1340.500 2.608E+00
  1340.750 2.456E+00
  1341.000 2.469E+00
  1341.250 2.650E+00
  1341.500 2.687E+00
  1341.750 2.512E+00
  1342.000 2.465E+00
  1342.250 2.584E+00
  1342.500 2.528E+00
  1342.750 2.649E+00
  1343.000 2.816E+00
  1343.250 2.857E+00
  1343.500 2.832E+00
  1343.750 2.693E+00
  1344.000 2.590E+00
  1344.250 2.737E+00
  1344.500 2.836E+00
  1344.750 2.812E+00
  1345.000 2.850E+00
  1345.250 2.897E+00
  1345.500 2.882E+00
  1345.750 2.741E+00
  1346.000 2.723E+00
  1346.250 2.919E+00
  1346.500 3.038E+00
  1346.750 3.022E+00
  1347.000 2.742E+00
  1347.250 2.501E+00
  1347.500 2.834E+00
  1347.750 3.066E+00
  1348.000 3.064E+00
  1348.250 3.113E+00
  1348.500 3.181E+00
  1348.750 3.222E+00
  1349.000 3.245E+00
  1349.250 3.252E+00
  1349.500 3.226E+00
  1349.750 3.233E+00
  1350.000 3.285E+00
  1350.250 3.325E+00
  1350.500 3.356E+00
  1350.750 3.369E+00
  1351.000 3.356E+00
  1351.250 3.269E+00
  1351.500 3.039E+00
  1351.750 3.001E+00
  1352.000 3.286E+00
  1352.250 3.409E+00
  1352.500 3.246E+00
  1352.750 2.901E+00
  1353.000 2.925E+00
  1353.250 3.303E+00
  1353.500 3.497E+00
  1353.750 3.427E+00
  1354.000 3.173E+00
  1354.250 3.027E+00
  1354.500 3.297E+00
  1354.750 3.558E+00
  1355.000 3.633E+00
  1355.250 3.524E+00
  1355.500 2.911E+00
  1355.750 2.103E+00
  1356.000 2.316E+00
  1356.250 2.992E+00
  1356.500 3.392E+00
  1356.750 3.501E+00
  1357.000 3.097E+00
  1357.250 3.024E+00
  1357.500 3.244E+00
  1357.750 3.165E+00
  1358.000 3.300E+00
  1358.250 3.408E+00
  1358.500 3.511E+00
  1358.750 3.453E+00
  1359.000 2.763E+00
  1359.250 1.890E+00
  1359.500 2.027E+00
  1359.750 3.135E+00
  1360.000 3.794E+00
  1360.250 3.879E+00
  1360.500 3.786E+00
  1360.750 3.503E+00
  1361.000 3.356E+00
  1361.250 3.270E+00
  1361.500 3.467E+00
  1361.750 3.765E+00
  1362.000 3.713E+00
  1362.250 3.734E+00
  1362.500 3.832E+00
  1362.750 3.794E+00
  1363.000 3.843E+00
  1363.250 3.754E+00
  1363.500 3.676E+00
  1363.750 3.913E+00
  1364.000 3.676E+00
  1364.250 3.169E+00
  1364.500 3.284E+00
  1364.750 3.874E+00
  1365.000 4.246E+00
  1365.250 4.321E+00
  1365.500 4.298E+00
  1365.750 4.282E+00
  1366.000 4.310E+00
  1366.250 4.148E+00
  1366.500 3.940E+00
  1366.750 3.979E+00
  1367.000 4.073E+00
  1367.250 4.156E+00
  1367.500 4.405E+00
  1367.750 4.425E+00
  1368.000 4.007E+00
  1368.250 3.352E+00
  1368.500 2.989E+00
  1368.750 3.507E+00
  1369.000 4.150E+00
  1369.250 4.257E+00
  1369.500 3.657E+00
  1369.750 3.123E+00
  1370.000 2.816E+00
  1370.250 3.096E+00
  1370.500 3.973E+00
  1370.750 4.248E+00
  1371.000 4.124E+00
  1371.250 4.107E+00
  1371.500 4.455E+00
  1371.750 4.619E+00
  1372.000 4.038E+00
  1372.250 3.684E+00
  1372.500 4.332E+00
  1372.750 4.752E+00
  1373.000 4.580E+00
  1373.250 4.381E+00
  1373.500 3.904E+00
  1373.750 3.656E+00
  1374.000 3.924E+00
  1374.250 4.272E+00
  1374.500 4.572E+00
  1374.750 4.275E+00
  1375.000 3.898E+00
  1375.250 4.208E+00
  1375.500 4.791E+00
  1375.750 4.794E+00
  1376.000 4.916E+00
  1376.250 5.153E+00
  1376.500 4.953E+00
  1376.750 4.611E+00
  1377.000 4.466E+00
  1377.250 4.831E+00
  1377.500 5.249E+00
  1377.750 4.887E+00
  1378.000 4.449E+00
  1378.250 4.814E+00
  1378.500 5.129E+00
  1378.750 5.167E+00
  1379.000 5.108E+00
  1379.250 4.379E+00
  1379.500 3.572E+00
  1379.750 4.432E+00
  1380.000 5.339E+00
  1380.250 5.437E+00
  1380.500 5.398E+00
  1380.750 5.444E+00
  1381.000 4.907E+00
  1381.250 3.311E+00
  1381.500 2.467E+00
  1381.750 3.636E+00
  1382.000 5.136E+00
  1382.250 5.415E+00
  1382.500 5.290E+00
  1382.750 5.540E+00
  1383.000 5.833E+00
  1383.250 5.790E+00
  1383.500 5.393E+00
  1383.750 5.374E+00
  1384.000 5.781E+00
  1384.250 5.792E+00
  1384.500 5.327E+00
  1384.750 4.179E+00
  1385.000 3.066E+00
  1385.250 3.601E+00
  1385.500 4.774E+00
  1385.750 5.756E+00
  1386.000 6.095E+00
  1386.250 6.102E+00
  1386.500 6.277E+00
  1386.750 6.313E+00
  1387.000 6.072E+00
  1387.250 5.946E+00
  1387.500 6.200E+00
  1387.750 6.409E+00
  1388.000 6.424E+00
  1388.250 5.991E+00
  1388.500 5.601E+00
  1388.750 6.067E+00
  1389.000 6.192E+00
  1389.250 6.136E+00
  1389.500 6.293E+00
  1389.750 6.170E+00
  1390.000 6.337E+00
  1390.250 6.792E+00
  1390.500 6.879E+00
  1390.750 5.910E+00
  1391.000 4.137E+00
  1391.250 4.497E+00
  1391.500 6.256E+00
  1391.750 6.739E+00
  1392.000 6.351E+00
  1392.250 6.250E+00
  1392.500 6.226E+00
  1392.750 6.050E+00
  1393.000 6.098E+00
  1393.250 5.741E+00
  1393.500 6.338E+00
  1393.750 7.014E+00
  1394.000 6.921E+00
  1394.250 6.965E+00
  1394.500 7.091E+00
  1394.750 7.126E+00
  1395.000 7.179E+00
  1395.250 7.128E+00
  1395.500 7.077E+00
  1395.750 7.205E+00
  1396.000 6.875E+00
  1396.250 6.684E+00
  1396.500 6.924E+00
  1396.750 7.131E+00
  1397.000 7.209E+00
  1397.250 7.136E+00
  1397.500 6.688E+00
  1397.750 6.738E+00
  1398.000 7.159E+00
  1398.250 7.082E+00
  1398.500 6.757E+00
  1398.750 6.227E+00
  1399.000 5.951E+00
  1399.250 6.883E+00
  1399.500 7.753E+00
  1399.750 7.842E+00
  1400.000 7.790E+00
  1400.250 7.954E+00
  1400.500 7.869E+00
  1400.750 7.619E+00
  1401.000 7.333E+00
  1401.250 6.313E+00
  1401.500 5.474E+00
  1401.750 6.203E+00
  1402.000 7.309E+00
  1402.250 8.041E+00
  1402.500 8.318E+00
  1402.750 8.179E+00
  1403.000 7.499E+00
  1403.250 7.403E+00
  1403.500 8.076E+00
  1403.750 8.215E+00
  1404.000 7.863E+00
  1404.250 7.942E+00
  1404.500 8.427E+00
  1404.750 8.647E+00
  1405.000 8.704E+00
  1405.250 8.489E+00
  1405.500 7.708E+00
  1405.750 7.548E+00
  1406.000 8.344E+00
  1406.250 8.730E+00
  1406.500 8.772E+00
  1406.750 8.796E+00
  1407.000 8.720E+00
  1407.250 8.390E+00
  1407.500 8.234E+00
  1407.750 8.595E+00
  1408.000 8.843E+00
  1408.250 8.490E+00
  1408.500 8.061E+00
  1408.750 8.406E+00
  1409.000 8.484E+00
  1409.250 7.476E+00
  1409.500 7.250E+00
  1409.750 8.189E+00
  1410.000 8.475E+00
  1410.250 8.366E+00
  1410.500 8.429E+00
  1410.750 7.987E+00
  1411.000 6.844E+00
  1411.250 6.639E+00
  1411.500 7.006E+00
  1411.750 7.225E+00
  1412.000 7.507E+00
  1412.250 8.567E+00
  1412.500 8.622E+00
  1412.750 7.608E+00
  1413.000 7.966E+00
  1413.250 8.676E+00
  1413.500 7.947E+00
  1413.750 7.704E+00
  1414.000 7.928E+00
  1414.250 7.963E+00
  1414.500 8.408E+00
  1414.750 8.169E+00
  1415.000 8.030E+00
  1415.250 8.605E+00
  1415.500 8.281E+00
  1415.750 7.333E+00
  1416.000 8.157E+00
  1416.250 9.377E+00
  1416.500 8.944E+00
  1416.750 8.154E+00
  1417.000 8.283E+00
  1417.250 9.221E+00
  1417.500 9.854E+00
  1417.750 9.745E+00
  1418.000 9.463E+00
  1418.250 8.688E+00
  1418.500 8.128E+00
  1418.750 7.597E+00
  1419.000 8.613E+00
  1419.250 9.311E+00
  1419.500 9.878E+00
  1419.750 1.025E+01
  1420.000 9.935E+00
  1420.250 9.653E+00
  1420.500 8.929E+00
  1420.750 8.929E+00
  1421.000 9.825E+00
  1421.250 1.014E+01
  1421.500 9.892E+00
  1421.750 1.013E+01
  1422.000 1.046E+01
  1422.250 1.051E+01
  1422.500 1.066E+01
  1422.750 1.115E+01
  1423.000 1.095E+01
  1423.250 1.049E+01
  1423.500 1.087E+01
  1423.750 1.060E+01
  1424.000 9.307E+00
  1424.250 9.252E+00
  1424.500 8.134E+00
  1424.750 4.546E+00
  1425.000 2.445E+00
  1425.250 3.910E+00
  1425.500 8.176E+00
  1425.750 1.120E+01
  1426.000 1.166E+01
  1426.250 1.143E+01
  1426.500 1.202E+01
  1426.750 1.184E+01
  1427.000 1.055E+01
  1427.250 1.011E+01
  1427.500 1.102E+01
  1427.750 1.163E+01
  1428.000 1.203E+01
  1428.250 1.226E+01
  1428.500 1.199E+01
  1428.750 1.190E+01
  1429.000 1.233E+01
  1429.250 1.217E+01
  1429.500 1.229E+01
  1429.750 1.151E+01
  1430.000 9.907E+00
  1430.250 1.070E+01
  1430.500 1.193E+01
  1430.750 1.065E+01
  1431.000 1.052E+01
  1431.250 1.036E+01
  1431.500 1.005E+01
  1431.750 1.030E+01
  1432.000 9.357E+00
  1432.250 9.106E+00
  1432.500 9.510E+00
  1432.750 8.927E+00
  1433.000 5.877E+00
  1433.250 3.924E+00
  1433.500 5.740E+00
  1433.750 9.289E+00
  1434.000 1.265E+01
  1434.250 1.393E+01
  1434.500 1.248E+01
  1434.750 1.036E+01
  1435.000 9.709E+00
  1435.250 9.543E+00
  1435.500 1.038E+01
  1435.750 1.188E+01
  1436.000 1.358E+01
  1436.250 1.410E+01
  1436.500 1.323E+01
  1436.750 1.075E+01
  1437.000 8.624E+00
  1437.250 1.132E+01
  1437.500 1.371E+01
  1437.750 1.438E+01
  1438.000 1.398E+01
  1438.250 1.317E+01
  1438.500 1.175E+01
  1438.750 1.146E+01
  1439.000 1.378E+01
  1439.250 1.470E+01
  1439.500 1.437E+01
  1439.750 1.433E+01
  1440.000 1.494E+01
  1440.250 1.531E+01
  1440.500 1.437E+01
  1440.750 1.260E+01
  1441.000 1.286E+01
  1441.250 1.465E+01
  1441.500 1.537E+01
  1441.750 1.552E+01
  1442.000 1.504E+01
  1442.250 1.295E+01
  1442.500 1.167E+01
  1442.750 1.314E+01
  1443.000 1.526E+01
  1443.250 1.632E+01
  1443.500 1.608E+01
  1443.750 1.484E+01
  1444.000 1.372E+01
  1444.250 1.263E+01
  1444.500 1.438E+01
  1444.750 1.508E+01
  1445.000 1.349E+01
  1445.250 1.381E+01
  1445.500 1.484E+01
  1445.750 1.639E+01
  1446.000 1.736E+01
  1446.250 1.663E+01
  1446.500 1.425E+01
  1446.750 1.341E+01
  1447.000 1.527E+01
  1447.250 1.531E+01
  1447.500 1.538E+01
  1447.750 1.544E+01
  1448.000 1.275E+01
  1448.250 1.042E+01
  1448.500 1.364E+01
  1448.750 1.725E+01
  1449.000 1.803E+01
  1449.250 1.808E+01
  1449.500 1.802E+01
  1449.750 1.720E+01
  1450.000 1.601E+01
  1450.250 1.678E+01
  1450.500 1.625E+01
  1450.750 1.483E+01
  1451.000 1.588E+01
  1451.250 1.640E+01
  1451.500 1.639E+01
  1451.750 1.766E+01
  1452.000 1.786E+01
  1452.250 1.685E+01
  1452.500 1.472E+01
  1452.750 1.417E+01
  1453.000 1.563E+01
  1453.250 1.759E+01
  1453.500 1.873E+01
  1453.750 1.938E+01
  1454.000 1.938E+01
  1454.250 1.835E+01
  1454.500 1.636E+01
  1454.750 1.358E+01
  1455.000 1.462E+01
  1455.250 1.748E+01
  1455.500 1.913E+01
  1455.750 1.832E+01
  1456.000 1.689E+01
  1456.250 1.685E+01
  1456.500 1.666E+01
  1456.750 1.711E+01
  1457.000 1.897E+01
  1457.250 2.024E+01
  1457.500 2.004E+01
  1457.750 1.943E+01
  1458.000 1.933E+01
  1458.250 2.003E+01
  1458.500 2.019E+01
  1458.750 1.824E+01
  1459.000 1.450E+01
  1459.250 1.589E+01
  1459.500 1.975E+01
  1459.750 2.156E+01
  1460.000 2.099E+01
  1460.250 1.985E+01
  1460.500 1.993E+01
  1460.750 2.035E+01
  1461.000 1.794E+01
  1461.250 1.761E+01
  1461.500 2.043E+01
  1461.750 1.990E+01
  1462.000 1.921E+01
  1462.250 2.027E+01
  1462.500 2.137E+01
  1462.750 2.020E+01
  1463.000 1.442E+01
  1463.250 7.561E+00
  1463.500 7.954E+00
  1463.750 1.539E+01
  1464.000 2.139E+01
  1464.250 2.281E+01
  1464.500 2.189E+01
  1464.750 2.111E+01
  1465.000 2.053E+01
  1465.250 2.129E+01
  1465.500 2.244E+01
  1465.750 2.362E+01
  1466.000 2.262E+01
  1466.250 2.102E+01
  1466.500 2.090E+01
  1466.750 2.130E+01
  1467.000 1.906E+01
  1467.250 1.195E+01
  1467.500 8.037E+00
  1467.750 9.294E+00
  1468.000 1.274E+01
  1468.250 1.555E+01
  1468.500 1.811E+01
  1468.750 2.207E+01
  1469.000 2.347E+01
  1469.250 2.254E+01
  1469.500 2.151E+01
  1469.750 1.992E+01
  1470.000 1.765E+01
  1470.250 1.794E+01
  1470.500 2.042E+01
  1470.750 2.286E+01
  1471.000 2.469E+01
  1471.250 2.526E+01
  1471.500 2.426E+01
  1471.750 2.156E+01
  1472.000 1.931E+01
  1472.250 1.966E+01
  1472.500 2.017E+01
  1472.750 2.025E+01
  1473.000 2.002E+01
  1473.250 2.095E+01
  1473.500 2.123E+01
  1473.750 1.615E+01
  1474.000 1.019E+01
  1474.250 1.003E+01
  1474.500 1.260E+01
  1474.750 1.848E+01
  1475.000 2.475E+01
  1475.250 2.738E+01
  1475.500 2.619E+01
  1475.750 2.344E+01
  1476.000 2.453E+01
  1476.250 2.561E+01
  1476.500 2.443E+01
  1476.750 2.491E+01
  1477.000 2.551E+01
  1477.250 2.336E+01
  1477.500 2.336E+01
  1477.750 2.476E+01
  1478.000 2.510E+01
  1478.250 2.682E+01
  1478.500 2.827E+01
  1478.750 2.883E+01
  1479.000 2.860E+01
  1479.250 2.821E+01
  1479.500 2.868E+01
  1479.750 2.874E+01
  1480.000 2.790E+01
  1480.250 2.809E+01
  1480.500 2.902E+01
  1480.750 2.652E+01
  1481.000 2.285E+01
  1481.250 2.303E+01
  1481.500 2.027E+01
  1481.750 1.722E+01
  1482.000 2.204E+01
  1482.250 2.476E+01
  1482.500 2.403E+01
  1482.750 2.063E+01
  1483.000 1.338E+01
  1483.250 1.354E+01
  1483.500 2.120E+01
  1483.750 2.644E+01
  1484.000 2.975E+01
  1484.250 3.111E+01
  1484.500 3.161E+01
  1484.750 3.163E+01
  1485.000 3.102E+01
  1485.250 2.990E+01
  1485.500 2.786E+01
  1485.750 2.840E+01
  1486.000 3.093E+01
  1486.250 2.951E+01
  1486.500 2.741E+01
  1486.750 2.841E+01
  1487.000 2.447E+01
  1487.250 2.117E+01
  1487.500 2.538E+01
  1487.750 2.997E+01
  1488.000 3.105E+01
  1488.250 2.971E+01
  1488.500 2.956E+01
  1488.750 3.156E+01
  1489.000 3.156E+01
  1489.250 3.174E+01
  1489.500 3.359E+01
  1489.750 3.413E+01
  1490.000 3.396E+01
  1490.250 3.403E+01
  1490.500 3.412E+01
  1490.750 3.454E+01
  1491.000 3.389E+01
  1491.250 3.118E+01
  1491.500 3.155E+01
  1491.750 3.411E+01
  1492.000 3.505E+01
  1492.250 3.280E+01
  1492.500 2.396E+01
  1492.750 1.732E+01
  1493.000 2.163E+01
  1493.250 2.703E+01
  1493.500 3.115E+01
  1493.750 3.332E+01
  1494.000 3.389E+01
  1494.250 3.294E+01
  1494.500 2.669E+01
  1494.750 2.645E+01
  1495.000 3.406E+01
  1495.250 3.714E+01
  1495.500 3.748E+01
  1495.750 3.778E+01
  1496.000 3.757E+01
  1496.250 3.633E+01
  1496.500 3.459E+01
  1496.750 3.490E+01
  1497.000 3.623E+01
  1497.250 3.698E+01
  1497.500 3.655E+01
  1497.750 3.733E+01
  1498.000 3.876E+01
  1498.250 3.911E+01
  1498.500 3.856E+01
  1498.750 3.602E+01
  1499.000 3.576E+01
  1499.250 3.741E+01
  1499.500 3.720E+01
  1499.750 3.864E+01
  1500.000 3.851E+01
  1500.250 3.282E+01
  1500.500 3.097E+01
  1500.750 3.649E+01
  1501.000 3.855E+01
  1501.250 3.994E+01
  1501.500 3.918E+01
  1501.750 3.296E+01
  1502.000 2.740E+01
  1502.250 3.172E+01
  1502.500 3.864E+01
  1502.750 3.826E+01
  1503.000 3.670E+01
  1503.250 3.771E+01
  1503.500 3.836E+01
  1503.750 3.918E+01
  1504.000 3.973E+01
  1504.250 4.016E+01
  1504.500 3.982E+01
  1504.750 3.992E+01
  1505.000 4.203E+01
  1505.250 4.261E+01
  1505.500 4.100E+01
  1505.750 3.925E+01
  1506.000 3.978E+01
  1506.250 3.942E+01
  1506.500 3.940E+01
  1506.750 3.998E+01
  1507.000 4.073E+01
  1507.250 4.258E+01
  1507.500 4.404E+01
  1507.750 4.423E+01
  1508.000 4.330E+01
  1508.250 4.217E+01
  1508.500 4.213E+01
  1508.750 4.168E+01
  1509.000 3.972E+01
  1509.250 3.733E+01
  1509.500 4.054E+01
  1509.750 4.306E+01
  1510.000 4.246E+01
  1510.250 4.323E+01
  1510.500 4.035E+01
  1510.750 3.267E+01
  1511.000 3.425E+01
  1511.250 4.310E+01
  1511.500 4.529E+01
  1511.750 4.105E+01
  1512.000 3.723E+01
  1512.250 4.012E+01
  1512.500 4.536E+01
  1512.750 4.589E+01
  1513.000 4.330E+01
  1513.250 4.274E+01
  1513.500 4.430E+01
  1513.750 4.399E+01
  1514.000 4.518E+01
  1514.250 4.592E+01
  1514.500 4.413E+01
  1514.750 4.281E+01
  1515.000 4.196E+01
  1515.250 3.602E+01
  1515.500 3.106E+01
  1515.750 3.016E+01
  1516.000 3.104E+01
  1516.250 3.538E+01
  1516.500 3.815E+01
  1516.750 3.336E+01
  1517.000 2.405E+01
  1517.250 1.887E+01
  1517.500 1.905E+01
  1517.750 2.148E+01
  1518.000 2.470E+01
  1518.250 2.585E+01
  1518.500 2.686E+01
  1518.750 3.053E+01
  1519.000 3.322E+01
  1519.250 3.398E+01
  1519.500 3.216E+01
  1519.750 3.150E+01
  1520.000 2.563E+01
  1520.250 1.657E+01
  1520.500 1.093E+01
  1520.750 1.042E+01
  1521.000 1.212E+01
  1521.250 1.380E+01
  1521.500 1.621E+01
  1521.750 1.586E+01
  1522.000 1.385E+01
  1522.250 1.405E+01
  1522.500 1.535E+01
  1522.750 1.746E+01
  1523.000 1.475E+01
  1523.250 1.221E+01
  1523.500 1.384E+01
  1523.750 1.296E+01
  1524.000 1.169E+01
  1524.250 1.238E+01
  1524.500 1.348E+01
  1524.750 1.309E+01
  1525.000 1.331E+01
  1525.250 1.500E+01
  1525.500 1.636E+01
  1525.750 1.499E+01
  1526.000 1.282E+01
  1526.250 1.092E+01
  1526.500 6.701E+00
  1526.750 4.975E+00
  1527.000 7.395E+00
  1527.250 8.820E+00
  1527.500 1.161E+01
  1527.750 1.644E+01
  1528.000 1.667E+01
  1528.250 1.624E+01
  1528.500 1.971E+01
  1528.750 2.263E+01
  1529.000 2.095E+01
  1529.250 1.796E+01
  1529.500 1.803E+01
  1529.750 2.186E+01
  1530.000 3.127E+01
  1530.250 3.586E+01
  1530.500 2.841E+01
  1530.750 1.972E+01
  1531.000 1.851E+01
  1531.250 2.202E+01
  1531.500 2.553E+01
  1531.750 3.003E+01
  1532.000 2.840E+01
  1532.250 2.265E+01
  1532.500 1.622E+01
  1532.750 1.202E+01
  1533.000 8.642E+00
  1533.250 5.147E+00
  1533.500 4.383E+00
  1533.750 7.618E+00
  1534.000 1.121E+01
  1534.250 1.483E+01
  1534.500 2.097E+01
  1534.750 2.324E+01
  1535.000 2.981E+01
  1535.250 3.787E+01
  1535.500 3.984E+01
  1535.750 4.046E+01
  1536.000 3.794E+01
  1536.250 3.623E+01
  1536.500 3.539E+01
  1536.750 3.033E+01
  1537.000 2.945E+01
  1537.250 3.139E+01
  1537.500 2.954E+01
  1537.750 3.670E+01
  1538.000 3.931E+01
  1538.250 4.156E+01
  1538.500 5.056E+01
  1538.750 5.228E+01
  1539.000 5.008E+01
  1539.250 5.276E+01
  1539.500 4.908E+01
  1539.750 4.908E+01
  1540.000 5.135E+01
  1540.250 4.874E+01
  1540.500 4.821E+01
  1540.750 4.280E+01
  1541.000 3.953E+01
  1541.250 3.691E+01
  1541.500 3.982E+01
  1541.750 5.486E+01
  1542.000 5.698E+01
  1542.250 4.310E+01
  1542.500 5.122E+01
  1542.750 6.360E+01
  1543.000 5.700E+01
  1543.250 5.184E+01
  1543.500 5.284E+01
  1543.750 5.026E+01
  1544.000 5.405E+01
  1544.250 5.630E+01
  1544.500 5.139E+01
  1544.750 4.660E+01
  1545.000 4.250E+01
  1545.250 4.458E+01
  1545.500 4.440E+01
  1545.750 3.572E+01
  1546.000 4.116E+01
  1546.250 5.087E+01
  1546.500 5.369E+01
  1546.750 5.892E+01
  1547.000 5.610E+01
  1547.250 5.413E+01
  1547.500 6.090E+01
  1547.750 5.627E+01
  1548.000 5.110E+01
  1548.250 4.931E+01
  1548.500 4.187E+01
  1548.750 4.897E+01
  1549.000 6.685E+01
  1549.250 7.686E+01
  1549.500 7.610E+01
  1549.750 7.610E+01
  1550.000 6.863E+01
  1550.250 5.383E+01
  1550.500 5.788E+01
  1550.750 6.432E+01
  1551.000 5.628E+01
  1551.250 5.078E+01
  1551.500 5.666E+01
  1551.750 5.415E+01
  1552.000 4.234E+01
  1552.250 4.649E+01
  1552.500 5.445E+01
  1552.750 5.286E+01
  1553.000 5.310E+01
  1553.250 6.050E+01
  1553.500 6.776E+01
  1553.750 6.211E+01
  1554.000 5.440E+01
  1554.250 4.698E+01
  1554.500 4.384E+01
  1554.750 4.881E+01
  1555.000 6.415E+01
  1555.250 5.917E+01
  1555.500 4.424E+01
  1555.750 4.902E+01
  1556.000 5.332E+01
  1556.250 5.538E+01
  1556.500 6.403E+01
  1556.750 6.879E+01
  1557.000 6.765E+01
  1557.250 6.271E+01
  1557.500 6.229E+01
  1557.750 7.424E+01
  1558.000 7.701E+01
  1558.250 6.216E+01
  1558.500 3.612E+01
  1558.750 2.317E+01
  1559.000 2.056E+01
  1559.250 2.319E+01
  1559.500 3.065E+01
  1559.750 2.727E+01
  1560.000 1.718E+01
  1560.250 8.233E+00
  1560.500 5.295E+00
  1560.750 5.185E+00
  1561.000 6.263E+00
  1561.250 5.712E+00
  1561.500 6.079E+00
  1561.750 1.054E+01
  1562.000 1.886E+01
  1562.250 3.120E+01
  1562.500 4.759E+01
  1562.750 6.231E+01
  1563.000 6.582E+01
  1563.250 5.561E+01
  1563.500 3.967E+01
  1563.750 2.955E+01
  1564.000 4.360E+01
  1564.250 6.388E+01
  1564.500 6.319E+01
  1564.750 6.622E+01
  1565.000 7.354E+01
  1565.250 6.363E+01
  1565.500 6.276E+01
  1565.750 7.596E+01
  1566.000 7.674E+01
  1566.250 6.367E+01
  1566.500 4.765E+01
  1566.750 3.644E+01
  1567.000 4.439E+01
  1567.250 5.667E+01
  1567.500 5.048E+01
  1567.750 3.920E+01
  1568.000 3.948E+01
  1568.250 5.639E+01
  1568.500 7.167E+01
  1568.750 8.494E+01
  1569.000 9.776E+01
  1569.250 9.551E+01
  1569.500 7.647E+01
  1569.750 6.118E+01
  1570.000 5.366E+01
  1570.250 4.040E+01
  1570.500 5.156E+01
  1570.750 6.822E+01
  1571.000 6.620E+01
  1571.250 7.162E+01
  1571.500 8.605E+01
  1571.750 8.646E+01
  1572.000 9.498E+01
  1572.250 1.028E+02
  1572.500 8.578E+01
  1572.750 5.968E+01
  1573.000 6.278E+01
  1573.250 7.630E+01
  1573.500 7.741E+01
  1573.750 5.571E+01
  1574.000 4.658E+01
  1574.250 6.587E+01
  1574.500 5.725E+01
  1574.750 2.905E+01
  1575.000 3.011E+01
  1575.250 6.493E+01
  1575.500 9.139E+01
  1575.750 9.864E+01
  1576.000 9.860E+01
  1576.250 1.023E+02
  1576.500 9.853E+01
  1576.750 8.287E+01
  1577.000 6.394E+01
  1577.250 7.217E+01
  1577.500 1.002E+02
  1577.750 1.055E+02
  1578.000 8.883E+01
  1578.250 8.013E+01
  1578.500 8.776E+01
  1578.750 1.009E+02
  1579.000 1.064E+02
  1579.250 9.880E+01
  1579.500 9.675E+01
  1579.750 1.023E+02
  1580.000 9.572E+01
  1580.250 6.854E+01
  1580.500 4.746E+01
  1580.750 5.621E+01
  1581.000 8.209E+01
  1581.250 8.666E+01
  1581.500 9.439E+01
  1581.750 1.047E+02
  1582.000 1.023E+02
  1582.250 9.305E+01
  1582.500 9.075E+01
  1582.750 1.013E+02
  1583.000 1.140E+02
  1583.250 1.195E+02
  1583.500 1.121E+02
  1583.750 9.247E+01
  1584.000 7.124E+01
  1584.250 7.601E+01
  1584.500 8.802E+01
  1584.750 7.132E+01
  1585.000 5.804E+01
  1585.250 7.886E+01
  1585.500 9.802E+01
  1585.750 9.821E+01
  1586.000 8.276E+01
  1586.250 8.960E+01
  1586.500 9.653E+01
  1586.750 8.446E+01
  1587.000 9.772E+01
  1587.250 1.114E+02
  1587.500 1.043E+02
  1587.750 9.863E+01
  1588.000 9.189E+01
  1588.250 7.465E+01
  1588.500 7.916E+01
  1588.750 9.517E+01
  1589.000 1.070E+02
  1589.250 1.116E+02
  1589.500 1.166E+02
  1589.750 1.181E+02
  1590.000 1.160E+02
  1590.250 1.021E+02
  1590.500 8.896E+01
  1590.750 1.031E+02
  1591.000 1.064E+02
  1591.250 1.083E+02
  1591.500 1.252E+02
  1591.750 1.328E+02
  1592.000 1.291E+02
  1592.250 1.092E+02
  1592.500 9.497E+01
  1592.750 1.073E+02
  1593.000 1.216E+02
  1593.250 1.230E+02
  1593.500 1.278E+02
  1593.750 1.264E+02
  1594.000 1.130E+02
  1594.250 1.185E+02
  1594.500 1.268E+02
  1594.750 1.066E+02
  1595.000 9.342E+01
  1595.250 1.082E+02
  1595.500 1.133E+02
  1595.750 1.169E+02
  1596.000 1.297E+02
  1596.250 1.346E+02
  1596.500 1.288E+02
  1596.750 1.349E+02
  1597.000 1.402E+02
  1597.250 1.367E+02
  1597.500 1.386E+02
  1597.750 1.399E+02
  1598.000 1.384E+02
  1598.250 1.307E+02
  1598.500 1.163E+02
  1598.750 1.233E+02
  1599.000 1.405E+02
  1599.250 1.443E+02
  1599.500 1.441E+02
  1599.750 1.392E+02
  1600.000 1.296E+02
  1600.250 1.261E+02
  1600.500 1.245E+02
  1600.750 1.438E+02
  1601.000 2.185E+02
  1601.250 2.682E+02
  1601.500 3.196E+02
  1601.750 4.254E+02
  1602.000 3.557E+02
  1602.250 2.026E+02
  1602.500 1.577E+02
  1602.750 1.568E+02
  1603.000 1.694E+02
  1603.250 2.546E+02
  1603.500 3.642E+02
  1603.750 4.678E+02
  1604.000 5.454E+02
  1604.250 5.563E+02
  1604.500 4.874E+02
  1604.750 4.812E+02
  1605.000 4.307E+02
  1605.250 3.038E+02
  1605.500 2.729E+02
  1605.750 2.381E+02
  1606.000 2.376E+02
  1606.250 3.204E+02
  1606.500 3.787E+02
  1606.750 3.297E+02
  1607.000 2.585E+02
  1607.250 2.609E+02
  1607.500 2.495E+02
  1607.750 1.976E+02
  1608.000 1.332E+02
  1608.250 7.215E+01
  1608.500 4.702E+01
  1608.750 7.673E+01
  1609.000 1.320E+02
  1609.250 1.891E+02
  1609.500 2.168E+02
  1609.750 2.483E+02
  1610.000 2.613E+02
  1610.250 2.366E+02
  1610.500 1.955E+02
  1610.750 1.195E+02
  1611.000 9.107E+01
  1611.250 1.657E+02
  1611.500 2.753E+02
  1611.750 3.145E+02
  1612.000 2.642E+02
  1612.250 1.731E+02
  1612.500 1.015E+02
  1612.750 5.921E+01
  1613.000 6.545E+01
  1613.250 1.107E+02
  1613.500 1.771E+02
  1613.750 2.196E+02
  1614.000 2.860E+02
  1614.250 2.918E+02
  1614.500 1.919E+02
  1614.750 2.227E+02
  1615.000 3.694E+02
  1615.250 4.876E+02
  1615.500 4.663E+02
  1615.750 3.049E+02
  1616.000 2.024E+02
  1616.250 2.075E+02
  1616.500 1.775E+02
  1616.750 2.225E+02
  1617.000 3.736E+02
  1617.250 4.097E+02
  1617.500 4.303E+02
  1617.750 4.336E+02
  1618.000 2.859E+02
  1618.250 1.391E+02
  1618.500 8.732E+01
  1618.750 9.796E+01
  1619.000 1.314E+02
  1619.250 2.202E+02
  1619.500 3.143E+02
  1619.750 3.891E+02
  1620.000 3.102E+02
  1620.250 2.071E+02
  1620.500 2.155E+02
  1620.750 2.620E+02
  1621.000 2.298E+02
  1621.250 1.558E+02
  1621.500 9.315E+01
  1621.750 6.589E+01
  1622.000 1.064E+02
  1622.250 1.530E+02
  1622.500 1.550E+02
  1622.750 1.137E+02
  1623.000 7.487E+01
  1623.250 8.098E+01
  1623.500 9.476E+01
  1623.750 1.069E+02
  1624.000 1.499E+02
  1624.250 1.951E+02
  1624.500 2.042E+02
  1624.750 2.009E+02
  1625.000 1.838E+02
  1625.250 1.294E+02
  1625.500 6.811E+01
  1625.750 6.171E+01
  1626.000 1.047E+02
  1626.250 1.323E+02
  1626.500 1.634E+02
  1626.750 2.157E+02
  1627.000 1.697E+02
  1627.250 1.216E+02
  1627.500 1.349E+02
  1627.750 1.703E+02
  1628.000 2.181E+02
  1628.250 2.639E+02
  1628.500 2.411E+02
  1628.750 1.666E+02
  1629.000 9.918E+01
  1629.250 6.038E+01
  1629.500 7.741E+01
  1629.750 1.064E+02
  1630.000 1.168E+02
  1630.250 1.537E+02
  1630.500 1.770E+02
  1630.750 1.588E+02
  1631.000 1.139E+02
  1631.250 1.094E+02
  1631.500 1.399E+02
  1631.750 1.812E+02
  1632.000 2.107E+02
  1632.250 1.780E+02
  1632.500 1.498E+02
  1632.750 1.445E+02
  1633.000 1.498E+02
  1633.250 1.281E+02
  1633.500 1.224E+02
  1633.750 1.043E+02
  1634.000 9.042E+01
  1634.250 1.106E+02
  1634.500 1.739E+02
  1634.750 2.584E+02
  1635.000 2.391E+02
  1635.250 1.591E+02
  1635.500 1.341E+02
  1635.750 1.530E+02
  1636.000 1.384E+02
  1636.250 1.101E+02
  1636.500 1.486E+02
  1636.750 2.219E+02
  1637.000 2.039E+02
  1637.250 1.253E+02
  1637.500 1.146E+02
  1637.750 1.988E+02
  1638.000 3.357E+02
  1638.250 5.064E+02
  1638.500 5.956E+02
  1638.750 4.650E+02
  1639.000 2.642E+02
  1639.250 1.465E+02
  1639.500 1.459E+02
  1639.750 2.000E+02
  1640.000 1.674E+02
  1640.250 1.748E+02
  1640.500 3.013E+02
  1640.750 3.763E+02
  1641.000 3.934E+02
  1641.250 3.436E+02
  1641.500 2.644E+02
  1641.750 2.025E+02
  1642.000 2.756E+02
  1642.250 3.718E+02
  1642.500 4.190E+02
  1642.750 5.451E+02
  1643.000 4.757E+02
  1643.250 2.739E+02
  1643.500 1.454E+02
  1643.750 1.942E+02
  1644.000 3.952E+02
  1644.250 6.223E+02
  1644.500 7.412E+02
  1644.750 7.376E+02
  1645.000 6.954E+02
  1645.250 8.484E+02
  1645.500 9.194E+02
  1645.750 7.098E+02
  1646.000 3.855E+02
  1646.250 2.842E+02
  1646.500 3.819E+02
  1646.750 4.431E+02
  1647.000 3.349E+02
  1647.250 2.668E+02
  1647.500 3.351E+02
  1647.750 4.057E+02
  1648.000 4.255E+02
  1648.250 3.691E+02
  1648.500 3.043E+02
  1648.750 2.951E+02
  1649.000 2.545E+02
  1649.250 1.572E+02
  1649.500 9.346E+01
  1649.750 1.266E+02
  1650.000 2.003E+02
  1650.250 2.237E+02
  1650.500 1.885E+02
  1650.750 1.675E+02
  1651.000 1.747E+02
  1651.250 2.004E+02
  1651.500 2.179E+02
  1651.750 2.025E+02
  1652.000 1.818E+02
  1652.250 1.778E+02
  1652.500 1.815E+02
  1652.750 1.901E+02
  1653.000 1.821E+02
  1653.250 1.545E+02
  1653.500 1.339E+02
  1653.750 1.272E+02
  1654.000 1.056E+02
  1654.250 7.161E+01
  1654.500 5.836E+01
  1654.750 6.563E+01
  1655.000 6.727E+01
  1655.250 6.131E+01
  1655.500 5.005E+01
  1655.750 3.513E+01
  1656.000 2.074E+01
  1656.250 1.219E+01
  1656.500 1.097E+01
  1656.750 9.849E+00
  1657.000 8.018E+00
  1657.250 8.261E+00
  1657.500 9.758E+00
  1657.750 9.929E+00
  1658.000 9.050E+00
  1658.250 1.283E+01
  1658.500 2.196E+01
  1658.750 3.367E+01
  1659.000 4.932E+01
  1659.250 5.500E+01
  1659.500 5.871E+01
  1659.750 8.739E+01
  1660.000 1.169E+02
  1660.250 1.275E+02
  1660.500 1.279E+02
  1660.750 1.304E+02
  1661.000 1.340E+02
  1661.250 1.316E+02
  1661.500 1.585E+02
  1661.750 1.935E+02
  1662.000 2.037E+02
  1662.250 1.949E+02
  1662.500 2.028E+02
  1662.750 2.134E+02
  1663.000 1.692E+02
  1663.250 1.327E+02
  1663.500 1.623E+02
  1663.750 1.975E+02
  1664.000 2.396E+02
  1664.250 2.363E+02
  1664.500 2.299E+02
  1664.750 2.746E+02
  1665.000 3.000E+02
  1665.250 2.866E+02
  1665.500 2.614E+02
  1665.750 2.550E+02
  1666.000 2.251E+02
  1666.250 1.618E+02
  1666.500 1.068E+02
  1666.750 9.871E+01
  1667.000 1.589E+02
  1667.250 2.045E+02
  1667.500 1.919E+02
  1667.750 1.849E+02
  1668.000 2.053E+02
  1668.250 1.954E+02
  1668.500 1.585E+02
  1668.750 1.696E+02
  1669.000 1.787E+02
  1669.250 1.582E+02
  1669.500 1.217E+02
  1669.750 8.822E+01
  1670.000 6.677E+01
  1670.250 4.499E+01
  1670.500 2.558E+01
  1670.750 1.357E+01
  1671.000 1.370E+01
  1671.250 2.464E+01
  1671.500 3.779E+01
  1671.750 5.970E+01
  1672.000 9.061E+01
  1672.250 1.086E+02
  1672.500 1.125E+02
  1672.750 1.573E+02
  1673.000 2.052E+02
  1673.250 2.032E+02
  1673.500 1.878E+02
  1673.750 1.863E+02
  1674.000 1.542E+02
  1674.250 1.088E+02
  1674.500 7.630E+01
  1674.750 9.658E+01
  1675.000 1.307E+02
  1675.250 1.288E+02
  1675.500 1.426E+02
  1675.750 1.511E+02
  1676.000 1.525E+02
  1676.250 1.544E+02
  1676.500 1.575E+02
  1676.750 1.553E+02
  1677.000 1.837E+02
  1677.250 2.149E+02
  1677.500 2.235E+02
  1677.750 2.074E+02
  1678.000 2.121E+02
  1678.250 2.327E+02
  1678.500 2.360E+02
  1678.750 2.469E+02
  1679.000 2.316E+02
  1679.250 1.835E+02
  1679.500 1.129E+02
  1679.750 1.181E+02
  1680.000 2.061E+02
  1680.250 2.577E+02
  1680.500 3.058E+02
  1680.750 3.324E+02
  1681.000 2.532E+02
  1681.250 2.696E+02
  1681.500 3.438E+02
  1681.750 3.448E+02
  1682.000 3.852E+02
  1682.250 3.931E+02
  1682.500 3.005E+02
  1682.750 2.688E+02
  1683.000 2.749E+02
  1683.250 2.031E+02
  1683.500 1.703E+02
  1683.750 1.972E+02
  1684.000 2.159E+02
  1684.250 2.241E+02
  1684.500 2.276E+02
  1684.750 2.227E+02
  1685.000 2.516E+02
  1685.250 2.511E+02
  1685.500 2.226E+02
  1685.750 1.963E+02
  1686.000 1.478E+02
  1686.250 1.231E+02
  1686.500 1.086E+02
  1686.750 1.228E+02
  1687.000 1.777E+02
  1687.250 2.446E+02
  1687.500 2.586E+02
  1687.750 2.411E+02
  1688.000 2.551E+02
  1688.250 2.550E+02
  1688.500 2.538E+02
  1688.750 2.525E+02
  1689.000 2.426E+02
  1689.250 2.570E+02
  1689.500 2.970E+02
  1689.750 2.976E+02
  1690.000 2.956E+02
  1690.250 3.986E+02
  1690.500 4.247E+02
  1690.750 2.949E+02
  1691.000 2.122E+02
  1691.250 2.017E+02
  1691.500 2.328E+02
  1691.750 2.758E+02
  1692.000 2.968E+02
  1692.250 2.967E+02
  1692.500 2.427E+02
  1692.750 2.531E+02
  1693.000 2.816E+02
  1693.250 2.539E+02
  1693.500 3.062E+02
  1693.750 3.581E+02
  1694.000 2.817E+02
  1694.250 2.849E+02
  1694.500 2.687E+02
  1694.750 2.989E+02
  1695.000 3.792E+02
  1695.250 3.864E+02
  1695.500 3.048E+02
  1695.750 2.455E+02
  1696.000 1.821E+02
  1696.250 1.429E+02
  1696.500 1.586E+02
  1696.750 1.711E+02
  1697.000 2.721E+02
  1697.250 4.004E+02
  1697.500 3.704E+02
  1697.750 2.237E+02
  1698.000 1.404E+02
  1698.250 1.907E+02
  1698.500 3.095E+02
  1698.750 4.611E+02
  1699.000 4.994E+02
  1699.250 5.966E+02
  1699.500 6.833E+02
  1699.750 5.044E+02
  1700.000 3.672E+02
  1700.250 2.481E+02
  1700.500 1.908E+02
  1700.750 3.153E+02
  1701.000 4.731E+02
  1701.250 4.861E+02
  1701.500 3.629E+02
  1701.750 1.933E+02
  1702.000 1.024E+02
  1702.250 1.606E+02
  1702.500 2.659E+02
  1702.750 2.957E+02
  1703.000 3.559E+02
  1703.250 3.592E+02
  1703.500 3.658E+02
  1703.750 5.181E+02
  1704.000 5.775E+02
  1704.250 4.568E+02
  1704.500 2.965E+02
  1704.750 4.548E+02
  1705.000 7.238E+02
  1705.250 8.543E+02
  1705.500 7.674E+02
  1705.750 4.808E+02
  1706.000 4.146E+02
  1706.250 7.137E+02
  1706.500 1.110E+03
  1706.750 1.131E+03
  1707.000 8.012E+02
  1707.250 5.019E+02
  1707.500 2.973E+02
  1707.750 3.878E+02
  1708.000 6.164E+02
  1708.250 4.885E+02
  1708.500 2.902E+02
  1708.750 3.316E+02
  1709.000 5.093E+02
  1709.250 4.399E+02
  1709.500 2.351E+02
  1709.750 3.191E+02
  1710.000 8.270E+02
  1710.250 1.495E+03
  1710.500 1.858E+03
  1710.750 2.213E+03
  1711.000 2.398E+03
  1711.250 2.224E+03
  1711.500 1.558E+03
  1711.750 1.290E+03
  1712.000 1.639E+03
  1712.250 1.340E+03
  1712.500 7.184E+02
  1712.750 3.244E+02
  1713.000 1.669E+02
  1713.250 2.144E+02
  1713.500 3.620E+02
  1713.750 5.165E+02
  1714.000 7.553E+02
  1714.250 9.708E+02
  1714.500 8.696E+02
  1714.750 6.648E+02
  1715.000 8.751E+02
  1715.250 1.137E+03
  1715.500 1.209E+03
  1715.750 2.118E+03
  1716.000 2.974E+03
  1716.250 2.222E+03
  1716.500 1.591E+03
  1716.750 2.242E+03
  1717.000 2.948E+03
  1717.250 3.001E+03
  1717.500 2.251E+03
  1717.750 1.035E+03
  1718.000 5.571E+02
  1718.250 7.113E+02
  1718.500 1.297E+03
  1718.750 2.013E+03
  1719.000 2.316E+03
  1719.250 2.202E+03
  1719.500 2.191E+03
  1719.750 2.245E+03
  1720.000 1.255E+03
  1720.250 4.055E+02
  1720.500 2.130E+02
  1720.750 3.429E+02
  1721.000 6.097E+02
  1721.250 1.042E+03
  1721.500 1.890E+03
  1721.750 2.183E+03
  1722.000 2.457E+03
  1722.250 2.324E+03
  1722.500 1.642E+03
  1722.750 2.095E+03
  1723.000 2.567E+03
  1723.250 2.806E+03
  1723.500 2.837E+03
  1723.750 2.629E+03
  1724.000 1.739E+03
  1724.250 7.921E+02
  1724.500 4.325E+02
  1724.750 3.102E+02
  1725.000 4.792E+02
  1725.250 1.310E+03
  1725.500 1.969E+03
  1725.750 1.570E+03
  1726.000 8.511E+02
  1726.250 3.565E+02
  1726.500 3.515E+02
  1726.750 9.290E+02
  1727.000 1.960E+03
  1727.250 2.328E+03
  1727.500 2.507E+03
  1727.750 3.593E+03
  1728.000 4.300E+03
  1728.250 4.247E+03
  1728.500 4.378E+03
  1728.750 4.065E+03
  1729.000 4.611E+03
  1729.250 5.428E+03
  1729.500 5.778E+03
  1729.750 5.910E+03
  1730.000 5.522E+03
  1730.250 4.568E+03
  1730.500 4.117E+03
  1730.750 3.952E+03
  1731.000 2.306E+03
  1731.250 1.349E+03
  1731.500 2.073E+03
  1731.750 2.697E+03
  1732.000 3.273E+03
  1732.250 4.670E+03
  1732.500 4.924E+03
  1732.750 4.318E+03
  1733.000 4.080E+03
  1733.250 3.822E+03
  1733.500 3.639E+03
  1733.750 4.169E+03
  1734.000 4.231E+03
  1734.250 4.218E+03
  1734.500 3.412E+03
  1734.750 2.647E+03
  1735.000 3.191E+03
  1735.250 3.816E+03
  1735.500 3.594E+03
  1735.750 3.875E+03
  1736.000 4.031E+03
  1736.250 3.918E+03
  1736.500 3.948E+03
  1736.750 4.429E+03
  1737.000 3.852E+03
  1737.250 2.601E+03
  1737.500 2.140E+03
  1737.750 2.155E+03
  1738.000 2.701E+03
  1738.250 3.614E+03
  1738.500 4.529E+03
  1738.750 5.375E+03
  1739.000 5.562E+03
  1739.250 5.131E+03
  1739.500 4.610E+03
  1739.750 3.761E+03
  1740.000 2.088E+03
  1740.250 9.299E+02
  1740.500 9.184E+02
  1740.750 1.273E+03
  1741.000 1.105E+03
  1741.250 5.501E+02
  1741.500 2.340E+02
  1741.750 2.837E+02
  1742.000 6.754E+02
  1742.250 1.452E+03
  1742.500 1.716E+03
  1742.750 1.595E+03
  1743.000 2.111E+03
  1743.250 2.578E+03
  1743.500 3.491E+03
  1743.750 3.646E+03
  1744.000 3.677E+03
  1744.250 4.287E+03
  1744.500 4.235E+03
  1744.750 4.321E+03
  1745.000 3.929E+03
  1745.250 2.829E+03
  1745.500 3.432E+03
  1745.750 4.738E+03
  1746.000 5.484E+03
  1746.250 4.952E+03
  1746.500 3.327E+03
  1746.750 1.643E+03
  1747.000 1.576E+03
  1747.250 2.219E+03
  1747.500 1.960E+03
  1747.750 1.198E+03
  1748.000 5.172E+02
  1748.250 3.122E+02
  1748.500 6.407E+02
  1748.750 1.487E+03
  1749.000 2.268E+03
  1749.250 3.208E+03
  1749.500 3.663E+03
  1749.750 3.599E+03
  1750.000 5.050E+03
  1750.250 6.176E+03
  1750.500 5.702E+03
  1750.750 4.872E+03
  1751.000 4.598E+03
  1751.250 3.634E+03
  1751.500 1.847E+03
  1751.750 6.069E+02
  1752.000 4.743E+02
  1752.250 1.157E+03
  1752.500 2.367E+03
  1752.750 3.639E+03
  1753.000 4.157E+03
  1753.250 4.378E+03
  1753.500 4.912E+03
  1753.750 6.270E+03
  1754.000 6.113E+03
  1754.250 4.152E+03
  1754.500 2.694E+03
  1754.750 1.691E+03
  1755.000 2.693E+03
  1755.250 5.071E+03
  1755.500 6.847E+03
  1755.750 7.110E+03
  1756.000 7.256E+03
  1756.250 6.457E+03
  1756.500 4.913E+03
  1756.750 5.689E+03
  1757.000 7.185E+03
  1757.250 6.594E+03
  1757.500 5.436E+03
  1757.750 5.459E+03
  1758.000 5.124E+03
  1758.250 4.399E+03
  1758.500 5.411E+03
  1758.750 6.900E+03
  1759.000 7.774E+03
  1759.250 7.259E+03
  1759.500 5.160E+03
  1759.750 3.175E+03
  1760.000 2.973E+03
  1760.250 2.710E+03
  1760.500 2.719E+03
  1760.750 3.970E+03
  1761.000 4.646E+03
  1761.250 2.828E+03
  1761.500 2.055E+03
  1761.750 3.131E+03
  1762.000 4.077E+03
  1762.250 4.553E+03
  1762.500 3.424E+03
  1762.750 1.655E+03
  1763.000 1.608E+03
  1763.250 3.281E+03
  1763.500 3.376E+03
  1763.750 1.688E+03
  1764.000 1.221E+03
  1764.250 2.432E+03
  1764.500 3.868E+03
  1764.750 3.767E+03
  1765.000 2.084E+03
  1765.250 8.334E+02
  1765.500 4.850E+02
  1765.750 4.297E+02
  1766.000 3.872E+02
  1766.250 3.391E+02
  1766.500 5.136E+02
  1766.750 1.284E+03
  1767.000 2.787E+03
  1767.250 3.858E+03
  1767.500 3.446E+03
  1767.750 3.827E+03
  1768.000 5.287E+03
  1768.250 4.791E+03
  1768.500 3.572E+03
  1768.750 3.118E+03
  1769.000 2.208E+03
  1769.250 2.027E+03
  1769.500 2.272E+03
  1769.750 2.520E+03
  1770.000 3.950E+03
  1770.250 3.789E+03
  1770.500 1.700E+03
  1770.750 8.761E+02
  1771.000 2.400E+03
  1771.250 5.448E+03
  1771.500 7.402E+03
  1771.750 6.338E+03
  1772.000 4.128E+03
  1772.250 2.324E+03
  1772.500 2.057E+03
  1772.750 4.509E+03
  1773.000 6.824E+03
  1773.250 7.683E+03
  1773.500 7.289E+03
  1773.750 4.609E+03
  1774.000 2.331E+03
  1774.250 3.161E+03
  1774.500 3.709E+03
  1774.750 1.921E+03
  1775.000 9.375E+02
  1775.250 2.433E+03
  1775.500 5.310E+03
  1775.750 7.024E+03
  1776.000 7.457E+03
  1776.250 7.509E+03
  1776.500 5.625E+03
  1776.750 4.256E+03
  1777.000 7.303E+03
  1777.250 1.051E+04
  1777.500 9.660E+03
  1777.750 6.324E+03
  1778.000 6.375E+03
  1778.250 7.949E+03
  1778.500 8.008E+03
  1778.750 8.567E+03
  1779.000 9.939E+03
  1779.250 9.392E+03
  1779.500 9.286E+03
  1779.750 9.559E+03
  1780.000 8.525E+03
  1780.250 8.688E+03
  1780.500 9.654E+03
  1780.750 7.979E+03
  1781.000 6.410E+03
  1781.250 5.434E+03
  1781.500 5.697E+03
  1781.750 6.685E+03
  1782.000 5.754E+03
  1782.250 3.510E+03
  1782.500 1.776E+03
  1782.750 9.549E+02
  1783.000 1.110E+03
  1783.250 2.294E+03
  1783.500 5.056E+03
  1783.750 7.416E+03
  1784.000 7.891E+03
  1784.250 8.335E+03
  1784.500 7.016E+03
  1784.750 5.178E+03
  1785.000 3.250E+03
  1785.250 1.618E+03
  1785.500 2.341E+03
  1785.750 3.772E+03
  1786.000 4.196E+03
  1786.250 3.496E+03
  1786.500 2.205E+03
  1786.750 1.536E+03
  1787.000 2.592E+03
  1787.250 3.421E+03
  1787.500 2.098E+03
  1787.750 8.843E+02
  1788.000 6.762E+02
  1788.250 6.589E+02
  1788.500 8.186E+02
  1788.750 2.439E+03
  1789.000 5.370E+03
  1789.250 7.764E+03
  1789.500 8.187E+03
  1789.750 7.314E+03
  1790.000 8.522E+03
  1790.250 9.841E+03
  1790.500 1.046E+04
  1790.750 1.130E+04
  1791.000 1.146E+04
  1791.250 1.147E+04
  1791.500 1.122E+04
  1791.750 1.167E+04
  1792.000 1.222E+04
  1792.250 1.252E+04
  1792.500 1.281E+04
  1792.750 1.223E+04
  1793.000 1.031E+04
  1793.250 6.412E+03
  1793.500 5.430E+03
  1793.750 8.053E+03
  1794.000 1.138E+04
  1794.250 1.281E+04
  1794.500 1.229E+04
  1794.750 1.165E+04
  1795.000 1.081E+04
  1795.250 1.097E+04
  1795.500 1.113E+04
  1795.750 1.211E+04
  1796.000 1.290E+04
  1796.250 1.362E+04
  1796.500 1.298E+04
  1796.750 9.917E+03
  1797.000 7.997E+03
  1797.250 7.393E+03
  1797.500 6.979E+03
  1797.750 7.491E+03
  1798.000 6.478E+03
  1798.250 6.614E+03
  1798.500 9.962E+03
  1798.750 1.138E+04
  1799.000 1.007E+04
  1799.250 9.130E+03
  1799.500 9.848E+03
  1799.750 9.744E+03
  1800.000 1.025E+04
  1800.250 1.121E+04
  1800.500 1.092E+04
  1800.750 1.014E+04
  1801.000 9.003E+03
  1801.250 8.918E+03
  1801.500 9.455E+03
  1801.750 9.190E+03
  1802.000 8.252E+03
  1802.250 8.337E+03
  1802.500 9.429E+03
  1802.750 9.567E+03
  1803.000 9.516E+03
  1803.250 8.053E+03
  1803.500 5.922E+03
  1803.750 5.961E+03
  1804.000 5.362E+03
  1804.250 3.165E+03
  1804.500 1.868E+03
  1804.750 2.010E+03
  1805.000 2.116E+03
  1805.250 1.831E+03
  1805.500 1.543E+03
  1805.750 1.196E+03
  1806.000 8.916E+02
  1806.250 6.803E+02
  1806.500 5.008E+02
  1806.750 3.277E+02
  1807.000 1.754E+02
  1807.250 8.544E+01
  1807.500 9.038E+01
  1807.750 1.667E+02
  1808.000 2.908E+02
  1808.250 4.490E+02
  1808.500 6.153E+02
  1808.750 7.629E+02
  1809.000 7.734E+02
  1809.250 1.033E+03
  1809.500 2.029E+03
  1809.750 3.114E+03
  1810.000 3.836E+03
  1810.250 4.847E+03
  1810.500 6.131E+03
  1810.750 6.058E+03
  1811.000 4.939E+03
  1811.250 5.944E+03
  1811.500 8.244E+03
  1811.750 7.332E+03
  1812.000 4.592E+03
  1812.250 5.497E+03
  1812.500 8.943E+03
  1812.750 9.906E+03
  1813.000 8.947E+03
  1813.250 8.664E+03
  1813.500 8.268E+03
  1813.750 6.457E+03
  1814.000 3.861E+03
  1814.250 4.086E+03
  1814.500 5.823E+03
  1814.750 7.567E+03
  1815.000 8.790E+03
  1815.250 6.633E+03
  1815.500 4.426E+03
  1815.750 5.276E+03
  1816.000 7.046E+03
  1816.250 7.575E+03
  1816.500 6.176E+03
  1816.750 3.411E+03
  1817.000 2.274E+03
  1817.250 2.668E+03
  1817.500 2.864E+03
  1817.750 3.443E+03
  1818.000 3.229E+03
  1818.250 2.836E+03
  1818.500 2.212E+03
  1818.750 2.274E+03
  1819.000 2.129E+03
  1819.250 1.493E+03
  1819.500 9.365E+02
  1819.750 5.779E+02
  1820.000 3.253E+02
  1820.250 1.543E+02
  1820.500 1.453E+02
  1820.750 2.796E+02
  1821.000 5.334E+02
  1821.250 9.582E+02
  1821.500 1.562E+03
  1821.750 2.126E+03
  1822.000 2.016E+03
  1822.250 2.055E+03
  1822.500 3.675E+03
  1822.750 5.736E+03
  1823.000 7.150E+03
  1823.250 7.826E+03
  1823.500 7.524E+03
  1823.750 5.889E+03
  1824.000 4.945E+03
  1824.250 7.527E+03
  1824.500 9.091E+03
  1824.750 7.385E+03
  1825.000 4.276E+03
  1825.250 2.247E+03
  1825.500 1.575E+03
  1825.750 1.064E+03
  1826.000 5.188E+02
  1826.250 2.672E+02
  1826.500 4.203E+02
  1826.750 8.455E+02
  1827.000 1.766E+03
  1827.250 3.425E+03
  1827.500 4.283E+03
  1827.750 3.582E+03
  1828.000 4.233E+03
  1828.250 5.880E+03
  1828.500 6.823E+03
  1828.750 7.975E+03
  1829.000 9.809E+03
  1829.250 1.049E+04
  1829.500 1.139E+04
  1829.750 1.164E+04
  1830.000 1.091E+04
  1830.250 1.046E+04
  1830.500 9.462E+03
  1830.750 7.768E+03
  1831.000 7.387E+03
  1831.250 6.928E+03
  1831.500 6.890E+03
  1831.750 6.389E+03
  1832.000 7.694E+03
  1832.250 8.692E+03
  1832.500 7.872E+03
  1832.750 8.739E+03
  1833.000 8.092E+03
  1833.250 7.505E+03
  1833.500 8.920E+03
  1833.750 9.532E+03
  1834.000 1.167E+04
  1834.250 1.442E+04
  1834.500 1.516E+04
  1834.750 1.222E+04
  1835.000 1.300E+04
  1835.250 1.376E+04
  1835.500 8.965E+03
  1835.750 6.082E+03
  1836.000 6.967E+03
  1836.250 8.828E+03
  1836.500 8.558E+03
  1836.750 1.073E+04
  1837.000 1.082E+04
  1837.250 8.127E+03
  1837.500 5.877E+03
  1837.750 3.547E+03
  1838.000 2.197E+03
  1838.250 4.290E+03
  1838.500 9.056E+03
  1838.750 1.213E+04
  1839.000 1.242E+04
  1839.250 1.004E+04
  1839.500 5.693E+03
  1839.750 2.924E+03
  1840.000 1.618E+03
  1840.250 2.982E+03
  1840.500 7.304E+03
  1840.750 1.101E+04
  1841.000 8.600E+03
  1841.250 4.101E+03
  1841.500 1.908E+03
  1841.750 2.775E+03
  1842.000 5.970E+03
  1842.250 9.597E+03
  1842.500 1.362E+04
  1842.750 1.168E+04
  1843.000 6.487E+03
  1843.250 6.587E+03
  1843.500 8.871E+03
  1843.750 9.228E+03
  1844.000 1.014E+04
  1844.250 1.167E+04
  1844.500 1.146E+04
  1844.750 9.093E+03
  1845.000 6.118E+03
  1845.250 3.383E+03
  1845.500 2.174E+03
  1845.750 3.958E+03
  1846.000 5.168E+03
  1846.250 4.845E+03
  1846.500 3.854E+03
  1846.750 3.073E+03
  1847.000 3.027E+03
  1847.250 1.795E+03
  1847.500 8.625E+02
  1847.750 9.454E+02
  1848.000 1.143E+03
  1848.250 2.151E+03
  1848.500 3.485E+03
  1848.750 5.307E+03
  1849.000 1.023E+04
  1849.250 1.260E+04
  1849.500 1.203E+04
  1849.750 1.081E+04
  1850.000 7.283E+03
