   850.000 3.122E-13
   850.250 3.156E-13
   850.500 3.202E-13
   850.750 3.250E-13
   851.000 3.298E-13
   851.250 3.348E-13
   851.500 3.399E-13
   851.750 3.450E-13
   852.000 3.502E-13
   852.250 3.554E-13
   852.500 3.608E-13
   852.750 3.663E-13
   853.000 3.717E-13
   853.250 3.773E-13
   853.500 3.830E-13
   853.750 3.887E-13
   854.000 3.945E-13
   854.250 4.004E-13
   854.500 4.064E-13
   854.750 4.125E-13
   855.000 4.187E-13
   855.250 4.249E-13
   855.500 4.312E-13
   855.750 4.377E-13
   856.000 4.442E-13
   856.250 4.508E-13
   856.500 4.575E-13
   856.750 4.643E-13
   857.000 4.713E-13
   857.250 4.782E-13
   857.500 4.853E-13
   857.750 4.925E-13
   858.000 4.999E-13
   858.250 5.073E-13
   858.500 5.147E-13
   858.750 5.224E-13
   859.000 5.301E-13
   859.250 5.380E-13
   859.500 5.458E-13
   859.750 5.539E-13
   860.000 5.622E-13
   860.250 5.704E-13
   860.500 5.788E-13
   860.750 5.873E-13
   861.000 5.960E-13
   861.250 6.048E-13
   861.500 6.136E-13
   861.750 6.226E-13
   862.000 6.319E-13
   862.250 6.412E-13
   862.500 6.505E-13
   862.750 6.600E-13
   863.000 6.697E-13
   863.250 6.796E-13
   863.500 6.894E-13
   863.750 6.995E-13
   864.000 7.098E-13
   864.250 7.202E-13
   864.500 7.307E-13
   864.750 7.412E-13
   865.000 7.520E-13
   865.250 7.631E-13
   865.500 7.742E-13
   865.750 7.854E-13
   866.000 7.968E-13
   866.250 8.085E-13
   866.500 8.202E-13
   866.750 8.320E-13
   867.000 8.440E-13
   867.250 8.564E-13
   867.500 8.688E-13
   867.750 8.813E-13
   868.000 8.940E-13
   868.250 9.071E-13
   868.500 9.202E-13
   868.750 9.334E-13
   869.000 9.468E-13
   869.250 9.606E-13
   869.500 9.745E-13
   869.750 9.885E-13
   870.000 1.003E-12
   870.250 1.017E-12
   870.500 1.032E-12
   870.750 1.047E-12
   871.000 1.062E-12
   871.250 1.077E-12
   871.500 1.092E-12
   871.750 1.108E-12
   872.000 1.124E-12
   872.250 1.140E-12
   872.500 1.156E-12
   872.750 1.173E-12
   873.000 1.190E-12
   873.250 1.207E-12
   873.500 1.224E-12
   873.750 1.241E-12
   874.000 1.259E-12
   874.250 1.277E-12
   874.500 1.295E-12
   874.750 1.314E-12
   875.000 1.332E-12
   875.250 1.351E-12
   875.500 1.370E-12
   875.750 1.390E-12
   876.000 1.410E-12
   876.250 1.430E-12
   876.500 1.450E-12
   876.750 1.470E-12
   877.000 1.491E-12
   877.250 1.513E-12
   877.500 1.534E-12
   877.750 1.556E-12
   878.000 1.578E-12
   878.250 1.600E-12
   878.500 1.622E-12
   878.750 1.645E-12
   879.000 1.669E-12
   879.250 1.692E-12
   879.500 1.716E-12
   879.750 1.739E-12
   880.000 1.764E-12
   880.250 1.789E-12
   880.500 1.814E-12
   880.750 1.839E-12
   881.000 1.865E-12
   881.250 1.891E-12
   881.500 1.918E-12
   881.750 1.945E-12
   882.000 1.972E-12
   882.250 1.999E-12
   882.500 2.028E-12
   882.750 2.056E-12
   883.000 2.084E-12
   883.250 2.113E-12
   883.500 2.143E-12
   883.750 2.173E-12
   884.000 2.203E-12
   884.250 2.234E-12
   884.500 2.265E-12
   884.750 2.297E-12
   885.000 2.328E-12
   885.250 2.360E-12
   885.500 2.393E-12
   885.750 2.426E-12
   886.000 2.460E-12
   886.250 2.494E-12
   886.500 2.528E-12
   886.750 2.564E-12
   887.000 2.599E-12
   887.250 2.635E-12
   887.500 2.671E-12
   887.750 2.708E-12
   888.000 2.746E-12
   888.250 2.784E-12
   888.500 2.822E-12
   888.750 2.860E-12
   889.000 2.900E-12
   889.250 2.940E-12
   889.500 2.980E-12
   889.750 3.021E-12
   890.000 3.063E-12
   890.250 3.105E-12
   890.500 3.147E-12
   890.750 3.190E-12
   891.000 3.234E-12
   891.250 3.279E-12
   891.500 3.323E-12
   891.750 3.368E-12
   892.000 3.414E-12
   892.250 3.461E-12
   892.500 3.509E-12
   892.750 3.556E-12
   893.000 3.604E-12
   893.250 3.654E-12
   893.500 3.704E-12
   893.750 3.754E-12
   894.000 3.804E-12
   894.250 3.856E-12
   894.500 3.909E-12
   894.750 3.962E-12
   895.000 4.015E-12
   895.250 4.070E-12
   895.500 4.125E-12
   895.750 4.181E-12
   896.000 4.237E-12
   896.250 4.295E-12
   896.500 4.353E-12
   896.750 4.412E-12
   897.000 4.472E-12
   897.250 4.531E-12
   897.500 4.593E-12
   897.750 4.655E-12
   898.000 4.718E-12
   898.250 4.781E-12
   898.500 4.845E-12
   898.750 4.910E-12
   899.000 4.977E-12
   899.250 5.043E-12
   899.500 5.110E-12
   899.750 5.179E-12
   900.000 5.249E-12
   900.250 5.319E-12
   900.500 5.390E-12
   900.750 5.462E-12
   901.000 5.536E-12
   901.250 5.610E-12
   901.500 5.684E-12
   901.750 5.760E-12
   902.000 5.837E-12
   902.250 5.915E-12
   902.500 5.993E-12
   902.750 6.073E-12
   903.000 6.154E-12
   903.250 6.237E-12
   903.500 6.319E-12
   903.750 6.402E-12
   904.000 6.488E-12
   904.250 6.574E-12
   904.500 6.661E-12
   904.750 6.749E-12
   905.000 6.838E-12
   905.250 6.929E-12
   905.500 7.021E-12
   905.750 7.113E-12
   906.000 7.208E-12
   906.250 7.304E-12
   906.500 7.399E-12
   906.750 7.496E-12
   907.000 7.596E-12
   907.250 7.696E-12
   907.500 7.798E-12
   907.750 7.904E-12
   908.000 8.022E-12
   908.250 8.147E-12
   908.500 8.273E-12
   908.750 8.398E-12
   909.000 8.517E-12
   909.250 8.631E-12
   909.500 8.743E-12
   909.750 8.855E-12
   910.000 8.970E-12
   910.250 9.087E-12
   910.500 9.205E-12
   910.750 9.324E-12
   911.000 9.443E-12
   911.250 9.565E-12
   911.500 9.689E-12
   911.750 9.812E-12
   912.000 9.919E-12
   912.250 1.000E-11
   912.500 1.010E-11
   912.750 1.028E-11
   913.000 1.064E-11
   913.250 1.127E-11
   913.500 1.220E-11
   913.750 1.374E-11
   914.000 1.644E-11
   914.250 1.981E-11
   914.500 2.326E-11
   914.750 2.773E-11
   915.000 3.461E-11
   915.250 4.223E-11
   915.500 5.190E-11
   915.750 5.900E-11
   916.000 7.615E-11
   916.250 8.597E-11
   916.500 9.805E-11
   916.750 1.320E-10
   917.000 1.308E-10
   917.250 1.450E-10
   917.500 2.151E-10
   917.750 2.407E-10
   918.000 2.002E-10
   918.250 2.387E-10
   918.500 3.703E-10
   918.750 4.461E-10
   919.000 4.183E-10
   919.250 3.084E-10
   919.500 3.644E-10
   919.750 5.959E-10
   920.000 7.848E-10
   920.250 8.833E-10
   920.500 8.661E-10
   920.750 6.334E-10
   921.000 5.276E-10
   921.250 9.003E-10
   921.500 1.236E-09
   921.750 1.358E-09
   922.000 1.533E-09
   922.250 1.830E-09
   922.500 1.951E-09
   922.750 1.629E-09
   923.000 9.643E-10
   923.250 9.889E-10
   923.500 1.921E-09
   923.750 2.726E-09
   924.000 3.378E-09
   924.250 3.885E-09
   924.500 4.147E-09
   924.750 4.130E-09
   925.000 4.340E-09
   925.250 4.969E-09
   925.500 5.094E-09
   925.750 4.216E-09
   926.000 2.364E-09
   926.250 1.488E-09
   926.500 3.102E-09
   926.750 5.333E-09
   927.000 7.134E-09
   927.250 8.778E-09
   927.500 9.952E-09
   927.750 1.078E-08
   928.000 1.142E-08
   928.250 1.217E-08
   928.500 1.306E-08
   928.750 1.398E-08
   929.000 1.468E-08
   929.250 1.416E-08
   929.500 1.301E-08
   929.750 1.407E-08
   930.000 1.376E-08
   930.250 1.010E-08
   930.500 4.929E-09
   930.750 2.378E-09
   931.000 5.620E-09
   931.250 1.190E-08
   931.500 1.746E-08
   931.750 2.332E-08
   932.000 2.742E-08
   932.250 2.968E-08
   932.500 3.133E-08
   932.750 3.330E-08
   933.000 3.644E-08
   933.250 3.898E-08
   933.500 4.127E-08
   933.750 4.322E-08
   934.000 4.496E-08
   934.250 4.760E-08
   934.500 5.006E-08
   934.750 5.212E-08
   935.000 5.387E-08
   935.250 5.408E-08
   935.500 5.512E-08
   935.750 5.761E-08
   936.000 5.987E-08
   936.250 5.669E-08
   936.500 4.338E-08
   936.750 3.470E-08
   937.000 3.795E-08
   937.250 2.937E-08
   937.500 1.293E-08
   937.750 3.789E-09
   938.000 6.754E-09
   938.250 2.167E-08
   938.500 3.832E-08
   938.750 5.584E-08
   939.000 7.836E-08
   939.250 9.399E-08
   939.500 1.029E-07
   939.750 1.101E-07
   940.000 1.125E-07
   940.250 1.187E-07
   940.500 1.302E-07
   940.750 1.377E-07
   941.000 1.432E-07
   941.250 1.422E-07
   941.500 1.466E-07
   941.750 1.579E-07
   942.000 1.670E-07
   942.250 1.746E-07
   942.500 1.811E-07
   942.750 1.853E-07
   943.000 1.934E-07
   943.250 1.985E-07
   943.500 1.944E-07
   943.750 1.898E-07
   944.000 1.908E-07
   944.250 1.893E-07
   944.500 1.705E-07
   944.750 1.226E-07
   945.000 5.654E-08
   945.250 1.331E-08
   945.500 6.862E-09
   945.750 3.381E-08
   946.000 9.627E-08
   946.250 1.625E-07
   946.500 2.027E-07
   946.750 2.109E-07
   947.000 2.254E-07
   947.250 2.543E-07
   947.500 2.668E-07
   947.750 2.546E-07
   948.000 2.383E-07
   948.250 1.985E-07
   948.500 1.217E-07
   948.750 6.950E-08
   949.000 5.364E-08
   949.250 2.971E-08
   949.500 9.545E-09
   949.750 2.774E-09
   950.000 6.340E-09
   950.250 1.963E-08
   950.500 4.107E-08
   950.750 9.015E-08
   951.000 1.781E-07
   951.250 2.670E-07
   951.500 3.534E-07
   951.750 4.075E-07
   952.000 4.160E-07
   952.250 3.550E-07
   952.500 3.709E-07
   952.750 5.068E-07
   953.000 5.441E-07
   953.250 4.199E-07
   953.500 2.451E-07
   953.750 1.867E-07
   954.000 2.667E-07
   954.250 5.122E-07
   954.500 7.021E-07
   954.750 7.513E-07
   955.000 7.505E-07
   955.250 6.857E-07
   955.500 6.678E-07
   955.750 7.507E-07
   956.000 8.479E-07
   956.250 9.476E-07
   956.500 9.972E-07
   956.750 1.025E-06
   957.000 1.052E-06
   957.250 1.080E-06
   957.500 1.108E-06
   957.750 1.136E-06
   958.000 1.160E-06
   958.250 1.158E-06
   958.500 1.146E-06
   958.750 1.207E-06
   959.000 1.264E-06
   959.250 1.244E-06
   959.500 1.214E-06
   959.750 1.285E-06
   960.000 1.275E-06
   960.250 1.250E-06
   960.500 1.365E-06
   960.750 1.456E-06
   961.000 1.504E-06
   961.250 1.534E-06
   961.500 1.562E-06
   961.750 1.590E-06
   962.000 1.618E-06
   962.250 1.646E-06
   962.500 1.673E-06
   962.750 1.697E-06
   963.000 1.717E-06
   963.250 1.718E-06
   963.500 1.613E-06
   963.750 1.230E-06
   964.000 9.057E-07
   964.250 1.067E-06
   964.500 1.002E-06
   964.750 9.116E-07
   965.000 1.070E-06
   965.250 1.490E-06
   965.500 1.867E-06
   965.750 1.987E-06
   966.000 2.021E-06
   966.250 2.041E-06
   966.500 2.059E-06
   966.750 2.072E-06
   967.000 2.079E-06
   967.250 2.083E-06
   967.500 2.079E-06
   967.750 2.062E-06
   968.000 2.039E-06
   968.250 2.014E-06
   968.500 1.980E-06
   968.750 1.923E-06
   969.000 1.830E-06
   969.250 1.718E-06
   969.500 1.589E-06
   969.750 1.394E-06
   970.000 1.182E-06
   970.250 1.013E-06
   970.500 8.263E-07
   970.750 6.325E-07
   971.000 4.033E-07
   971.250 1.851E-07
   971.500 1.043E-07
   971.750 5.926E-07
   972.000 2.871E-06
   972.250 5.587E-06
   972.500 8.594E-06
   972.750 2.076E-05
   973.000 3.494E-05
   973.250 4.641E-05
   973.500 6.611E-05
   973.750 9.881E-05
   974.000 1.876E-04
   974.250 3.213E-04
   974.500 4.461E-04
   974.750 5.538E-04
   975.000 6.658E-04
   975.250 7.870E-04
   975.500 8.896E-04
   975.750 9.798E-04
   976.000 1.074E-03
   976.250 1.169E-03
   976.500 1.264E-03
   976.750 1.366E-03
   977.000 1.459E-03
   977.250 1.549E-03
   977.500 1.620E-03
   977.750 1.665E-03
   978.000 1.673E-03
   978.250 1.597E-03
   978.500 1.526E-03
   978.750 1.669E-03
   979.000 1.879E-03
   979.250 1.975E-03
   979.500 2.065E-03
   979.750 2.171E-03
   980.000 2.235E-03
   980.250 2.150E-03
   980.500 2.071E-03
   980.750 2.064E-03
   981.000 2.215E-03
   981.250 2.644E-03
   981.500 2.786E-03
   981.750 2.646E-03
   982.000 2.576E-03
   982.250 2.769E-03
   982.500 3.110E-03
   982.750 3.179E-03
   983.000 3.091E-03
   983.250 3.205E-03
   983.500 3.337E-03
   983.750 3.365E-03
   984.000 3.235E-03
   984.250 3.072E-03
   984.500 3.299E-03
   984.750 3.449E-03
   985.000 3.646E-03
   985.250 3.710E-03
   985.500 3.299E-03
   985.750 3.367E-03
   986.000 3.967E-03
   986.250 4.166E-03
   986.500 4.063E-03
   986.750 3.836E-03
   987.000 3.455E-03
   987.250 2.870E-03
   987.500 2.328E-03
   987.750 2.091E-03
   988.000 1.957E-03
   988.250 1.595E-03
   988.500 8.450E-04
   988.750 4.854E-04
   989.000 9.701E-04
   989.250 1.504E-03
   989.500 1.421E-03
   989.750 1.114E-03
   990.000 6.532E-04
   990.250 5.128E-04
   990.500 7.415E-04
   990.750 9.258E-04
   991.000 1.516E-03
   991.250 2.099E-03
   991.500 2.212E-03
   991.750 2.243E-03
   992.000 2.418E-03
   992.250 2.423E-03
   992.500 2.058E-03
   992.750 1.767E-03
   993.000 1.898E-03
   993.250 2.211E-03
   993.500 2.340E-03
   993.750 2.307E-03
   994.000 2.087E-03
   994.250 1.769E-03
   994.500 1.615E-03
   994.750 1.643E-03
   995.000 1.803E-03
   995.250 1.903E-03
   995.500 1.783E-03
   995.750 1.774E-03
   996.000 1.845E-03
   996.250 1.815E-03
   996.500 1.656E-03
   996.750 1.583E-03
   997.000 1.475E-03
   997.250 1.397E-03
   997.500 1.414E-03
   997.750 1.493E-03
   998.000 1.449E-03
   998.250 1.336E-03
   998.500 1.412E-03
   998.750 1.498E-03
   999.000 1.499E-03
   999.250 1.476E-03
   999.500 1.476E-03
   999.750 1.651E-03
  1000.000 1.768E-03
  1000.250 1.861E-03
  1000.500 2.022E-03
  1000.750 2.122E-03
  1001.000 2.198E-03
  1001.250 2.231E-03
  1001.500 2.157E-03
  1001.750 2.116E-03
  1002.000 2.064E-03
  1002.250 1.931E-03
  1002.500 1.949E-03
  1002.750 1.982E-03
  1003.000 1.870E-03
  1003.250 1.801E-03
  1003.500 1.786E-03
  1003.750 1.693E-03
  1004.000 1.616E-03
  1004.250 1.544E-03
  1004.500 1.376E-03
  1004.750 1.264E-03
  1005.000 1.296E-03
  1005.250 1.280E-03
  1005.500 1.216E-03
  1005.750 1.124E-03
  1006.000 1.033E-03
  1006.250 9.443E-04
  1006.500 8.657E-04
  1006.750 8.786E-04
  1007.000 8.419E-04
  1007.250 7.697E-04
  1007.500 7.757E-04
  1007.750 8.088E-04
  1008.000 8.117E-04
  1008.250 7.989E-04
  1008.500 7.899E-04
  1008.750 7.817E-04
  1009.000 7.500E-04
  1009.250 7.200E-04
  1009.500 7.138E-04
  1009.750 6.998E-04
  1010.000 6.735E-04
  1010.250 6.431E-04
  1010.500 6.180E-04
  1010.750 5.941E-04
  1011.000 5.682E-04
  1011.250 5.469E-04
  1011.500 5.214E-04
  1011.750 4.827E-04
  1012.000 4.522E-04
  1012.250 4.445E-04
  1012.500 4.461E-04
  1012.750 4.419E-04
  1013.000 4.335E-04
  1013.250 4.160E-04
  1013.500 3.847E-04
  1013.750 3.639E-04
  1014.000 3.663E-04
  1014.250 3.626E-04
  1014.500 3.563E-04
  1014.750 3.440E-04
  1015.000 3.310E-04
  1015.250 3.233E-04
  1015.500 3.106E-04
  1015.750 3.096E-04
  1016.000 3.065E-04
  1016.250 2.938E-04
  1016.500 2.825E-04
  1016.750 2.740E-04
  1017.000 2.645E-04
  1017.250 2.552E-04
  1017.500 2.464E-04
  1017.750 2.361E-04
  1018.000 2.238E-04
  1018.250 2.112E-04
  1018.500 1.993E-04
  1018.750 1.878E-04
  1019.000 1.771E-04
  1019.250 1.673E-04
  1019.500 1.604E-04
  1019.750 1.539E-04
  1020.000 1.460E-04
  1020.250 1.393E-04
  1020.500 1.309E-04
  1020.750 1.225E-04
  1021.000 1.166E-04
  1021.250 1.100E-04
  1021.500 1.022E-04
  1021.750 9.289E-05
  1022.000 8.231E-05
  1022.250 7.468E-05
  1022.500 6.844E-05
  1022.750 6.097E-05
  1023.000 5.231E-05
  1023.250 4.371E-05
  1023.500 3.627E-05
  1023.750 2.993E-05
  1024.000 2.409E-05
  1024.250 1.713E-05
  1024.500 1.091E-05
  1024.750 7.318E-06
  1025.000 5.474E-06
  1025.250 4.365E-06
  1025.500 3.335E-06
  1025.750 3.066E-06
  1026.000 4.795E-06
  1026.250 6.513E-06
  1026.500 8.072E-06
  1026.750 1.070E-05
  1027.000 1.384E-05
  1027.250 1.728E-05
  1027.500 2.353E-05
  1027.750 3.204E-05
  1028.000 3.648E-05
  1028.250 4.190E-05
  1028.500 5.119E-05
  1028.750 5.845E-05
  1029.000 6.878E-05
  1029.250 8.288E-05
  1029.500 9.763E-05
  1029.750 1.142E-04
  1030.000 1.335E-04
  1030.250 1.519E-04
  1030.500 1.641E-04
  1030.750 1.699E-04
  1031.000 1.807E-04
  1031.250 1.907E-04
  1031.500 1.949E-04
  1031.750 2.236E-04
  1032.000 2.667E-04
  1032.250 3.004E-04
  1032.500 3.074E-04
  1032.750 2.867E-04
  1033.000 2.671E-04
  1033.250 2.700E-04
  1033.500 2.947E-04
  1033.750 3.288E-04
  1034.000 3.607E-04
  1034.250 3.853E-04
  1034.500 4.058E-04
  1034.750 4.200E-04
  1035.000 4.241E-04
  1035.250 4.264E-04
  1035.500 4.319E-04
  1035.750 4.290E-04
  1036.000 4.256E-04
  1036.250 4.312E-04
  1036.500 4.454E-04
  1036.750 4.896E-04
  1037.000 5.343E-04
  1037.250 5.450E-04
  1037.500 5.412E-04
  1037.750 6.034E-04
  1038.000 7.577E-04
  1038.250 9.376E-04
  1038.500 9.665E-04
  1038.750 8.043E-04
  1039.000 6.706E-04
  1039.250 6.291E-04
  1039.500 6.585E-04
  1039.750 7.143E-04
  1040.000 7.318E-04
  1040.250 6.900E-04
  1040.500 6.786E-04
  1040.750 7.258E-04
  1041.000 8.086E-04
  1041.250 9.797E-04
  1041.500 1.190E-03
  1041.750 1.409E-03
  1042.000 1.717E-03
  1042.250 1.838E-03
  1042.500 1.616E-03
  1042.750 1.314E-03
  1043.000 1.173E-03
  1043.250 1.100E-03
  1043.500 1.018E-03
  1043.750 9.344E-04
  1044.000 8.575E-04
  1044.250 8.465E-04
  1044.500 8.601E-04
  1044.750 8.887E-04
  1045.000 9.455E-04
  1045.250 1.044E-03
  1045.500 1.218E-03
  1045.750 1.495E-03
  1046.000 1.904E-03
  1046.250 2.397E-03
  1046.500 3.028E-03
  1046.750 3.676E-03
  1047.000 3.613E-03
  1047.250 3.016E-03
  1047.500 2.404E-03
  1047.750 1.808E-03
  1048.000 1.243E-03
  1048.250 9.100E-04
  1048.500 9.783E-04
  1048.750 1.049E-03
  1049.000 1.041E-03
  1049.250 1.079E-03
  1049.500 1.180E-03
  1049.750 1.339E-03
  1050.000 1.637E-03
  1050.250 2.307E-03
  1050.500 3.653E-03
  1050.750 5.031E-03
  1051.000 5.417E-03
  1051.250 5.107E-03
  1051.500 4.716E-03
  1051.750 4.203E-03
  1052.000 3.503E-03
  1052.250 2.735E-03
  1052.500 1.990E-03
  1052.750 1.612E-03
  1053.000 1.433E-03
  1053.250 1.344E-03
  1053.500 1.313E-03
  1053.750 1.325E-03
  1054.000 1.392E-03
  1054.250 1.496E-03
  1054.500 1.632E-03
  1054.750 1.817E-03
  1055.000 2.036E-03
  1055.250 2.334E-03
  1055.500 2.847E-03
  1055.750 3.469E-03
  1056.000 3.984E-03
  1056.250 3.897E-03
  1056.500 3.327E-03
  1056.750 2.813E-03
  1057.000 2.442E-03
  1057.250 2.170E-03
  1057.500 1.984E-03
  1057.750 1.891E-03
  1058.000 1.858E-03
  1058.250 1.846E-03
  1058.500 1.844E-03
  1058.750 1.876E-03
  1059.000 1.970E-03
  1059.250 2.049E-03
  1059.500 2.075E-03
  1059.750 2.238E-03
  1060.000 2.546E-03
  1060.250 2.685E-03
  1060.500 2.788E-03
  1060.750 2.958E-03
  1061.000 3.012E-03
  1061.250 2.947E-03
  1061.500 2.817E-03
  1061.750 2.683E-03
  1062.000 2.511E-03
  1062.250 2.375E-03
  1062.500 2.312E-03
  1062.750 2.150E-03
  1063.000 2.004E-03
  1063.250 2.023E-03
  1063.500 2.082E-03
  1063.750 2.015E-03
  1064.000 2.040E-03
  1064.250 2.198E-03
  1064.500 2.319E-03
  1064.750 2.333E-03
  1065.000 2.365E-03
  1065.250 2.454E-03
  1065.500 2.446E-03
  1065.750 2.330E-03
  1066.000 2.384E-03
  1066.250 2.378E-03
  1066.500 2.014E-03
  1066.750 1.917E-03
  1067.000 2.214E-03
  1067.250 2.272E-03
  1067.500 2.160E-03
  1067.750 2.253E-03
  1068.000 2.341E-03
  1068.250 2.209E-03
  1068.500 2.135E-03
  1068.750 2.238E-03
  1069.000 2.315E-03
  1069.250 2.351E-03
  1069.500 2.405E-03
  1069.750 2.443E-03
  1070.000 2.414E-03
  1070.250 2.470E-03
  1070.500 2.577E-03
  1070.750 2.590E-03
  1071.000 2.572E-03
  1071.250 2.514E-03
  1071.500 2.418E-03
  1071.750 2.467E-03
  1072.000 2.572E-03
  1072.250 2.603E-03
  1072.500 2.613E-03
  1072.750 2.609E-03
  1073.000 2.489E-03
  1073.250 2.230E-03
  1073.500 2.341E-03
  1073.750 2.609E-03
  1074.000 2.667E-03
  1074.250 2.676E-03
  1074.500 2.628E-03
  1074.750 2.611E-03
  1075.000 2.669E-03
  1075.250 2.611E-03
  1075.500 2.444E-03
  1075.750 2.507E-03
  1076.000 2.689E-03
  1076.250 2.741E-03
  1076.500 2.715E-03
  1076.750 2.625E-03
  1077.000 2.658E-03
  1077.250 2.772E-03
  1077.500 2.815E-03
  1077.750 2.824E-03
  1078.000 2.805E-03
  1078.250 2.770E-03
  1078.500 2.769E-03
  1078.750 2.794E-03
  1079.000 2.758E-03
  1079.250 2.668E-03
  1079.500 2.687E-03
  1079.750 2.664E-03
  1080.000 2.669E-03
  1080.250 2.762E-03
  1080.500 2.789E-03
  1080.750 2.794E-03
  1081.000 2.804E-03
  1081.250 2.807E-03
  1081.500 2.766E-03
  1081.750 2.596E-03
  1082.000 2.502E-03
  1082.250 2.664E-03
  1082.500 2.769E-03
  1082.750 2.778E-03
  1083.000 2.750E-03
  1083.250 2.654E-03
  1083.500 2.624E-03
  1083.750 2.705E-03
  1084.000 2.673E-03
  1084.250 2.607E-03
  1084.500 2.555E-03
  1084.750 2.471E-03
  1085.000 2.368E-03
  1085.250 2.324E-03
  1085.500 2.512E-03
  1085.750 2.660E-03
  1086.000 2.698E-03
  1086.250 2.668E-03
  1086.500 2.638E-03
  1086.750 2.672E-03
  1087.000 2.695E-03
  1087.250 2.694E-03
  1087.500 2.664E-03
  1087.750 2.501E-03
  1088.000 2.311E-03
  1088.250 2.494E-03
  1088.500 2.699E-03
  1088.750 2.746E-03
  1089.000 2.756E-03
  1089.250 2.734E-03
  1089.500 2.643E-03
  1089.750 2.612E-03
  1090.000 2.644E-03
  1090.250 2.580E-03
  1090.500 2.550E-03
  1090.750 2.462E-03
  1091.000 2.500E-03
  1091.250 2.590E-03
  1091.500 2.551E-03
  1091.750 2.664E-03
  1092.000 2.684E-03
  1092.250 2.606E-03
  1092.500 2.682E-03
  1092.750 2.809E-03
  1093.000 2.782E-03
  1093.250 2.848E-03
  1093.500 2.944E-03
  1093.750 2.953E-03
  1094.000 2.968E-03
  1094.250 2.976E-03
  1094.500 2.886E-03
  1094.750 2.812E-03
  1095.000 2.792E-03
  1095.250 2.793E-03
  1095.500 2.772E-03
  1095.750 2.641E-03
  1096.000 2.738E-03
  1096.250 2.859E-03
  1096.500 2.600E-03
  1096.750 2.101E-03
  1097.000 2.115E-03
  1097.250 2.324E-03
  1097.500 2.567E-03
  1097.750 2.768E-03
  1098.000 2.562E-03
  1098.250 2.476E-03
  1098.500 2.693E-03
  1098.750 2.748E-03
  1099.000 2.617E-03
  1099.250 2.524E-03
  1099.500 2.571E-03
  1099.750 2.652E-03
  1100.000 2.569E-03
  1100.250 2.290E-03
  1100.500 1.657E-03
  1100.750 8.122E-04
  1101.000 2.460E-04
  1101.250 8.313E-05
  1101.500 5.520E-05
  1101.750 4.988E-05
  1102.000 5.110E-05
  1102.250 6.240E-05
  1102.500 1.101E-04
  1102.750 1.783E-04
  1103.000 1.702E-04
  1103.250 2.044E-04
  1103.500 3.890E-04
  1103.750 4.694E-04
  1104.000 3.973E-04
  1104.250 4.216E-04
  1104.500 6.770E-04
  1104.750 9.877E-04
  1105.000 9.561E-04
  1105.250 8.319E-04
  1105.500 9.134E-04
  1105.750 1.106E-03
  1106.000 1.076E-03
  1106.250 9.502E-04
  1106.500 1.084E-03
  1106.750 1.263E-03
  1107.000 1.060E-03
  1107.250 7.108E-04
  1107.500 6.833E-04
  1107.750 1.047E-03
  1108.000 1.287E-03
  1108.250 1.043E-03
  1108.500 1.091E-03
  1108.750 1.252E-03
  1109.000 1.373E-03
  1109.250 1.492E-03
  1109.500 1.356E-03
  1109.750 1.019E-03
  1110.000 9.993E-04
  1110.250 1.119E-03
  1110.500 1.364E-03
  1110.750 1.518E-03
  1111.000 1.624E-03
  1111.250 1.617E-03
  1111.500 1.156E-03
  1111.750 8.822E-04
  1112.000 9.133E-04
  1112.250 1.161E-03
  1112.500 1.400E-03
  1112.750 1.574E-03
  1113.000 1.995E-03
  1113.250 2.409E-03
  1113.500 2.288E-03
  1113.750 1.553E-03
  1114.000 8.375E-04
  1114.250 6.811E-04
  1114.500 8.545E-04
  1114.750 1.182E-03
  1115.000 1.367E-03
  1115.250 1.663E-03
  1115.500 2.252E-03
  1115.750 2.646E-03
  1116.000 2.827E-03
  1116.250 2.891E-03
  1116.500 2.860E-03
  1116.750 2.582E-03
  1117.000 1.807E-03
  1117.250 1.047E-03
  1117.500 7.035E-04
  1117.750 8.383E-04
  1118.000 1.305E-03
  1118.250 1.475E-03
  1118.500 1.612E-03
  1118.750 2.224E-03
  1119.000 2.726E-03
  1119.250 2.846E-03
  1119.500 2.875E-03
  1119.750 2.919E-03
  1120.000 2.923E-03
  1120.250 2.893E-03
  1120.500 2.826E-03
  1120.750 2.806E-03
  1121.000 2.752E-03
  1121.250 2.360E-03
  1121.500 1.506E-03
  1121.750 8.854E-04
  1122.000 5.249E-04
  1122.250 3.098E-04
  1122.500 3.724E-04
  1122.750 6.740E-04
  1123.000 1.210E-03
  1123.250 1.960E-03
  1123.500 2.504E-03
  1123.750 2.764E-03
  1124.000 2.772E-03
  1124.250 2.787E-03
  1124.500 2.854E-03
  1124.750 2.842E-03
  1125.000 2.864E-03
  1125.250 2.797E-03
  1125.500 2.735E-03
  1125.750 2.843E-03
  1126.000 2.870E-03
  1126.250 2.713E-03
  1126.500 2.486E-03
  1126.750 2.376E-03
  1127.000 2.396E-03
  1127.250 2.624E-03
  1127.500 2.715E-03
  1127.750 2.427E-03
  1128.000 1.730E-03
  1128.250 1.119E-03
  1128.500 8.741E-04
  1128.750 6.508E-04
  1129.000 5.966E-04
  1129.250 6.561E-04
  1129.500 8.024E-04
  1129.750 1.042E-03
  1130.000 1.402E-03
  1130.250 1.717E-03
  1130.500 1.843E-03
  1130.750 2.176E-03
  1131.000 2.378E-03
  1131.250 2.382E-03
  1131.500 2.328E-03
  1131.750 2.260E-03
  1132.000 2.221E-03
  1132.250 2.269E-03
  1132.500 2.297E-03
  1132.750 2.280E-03
  1133.000 2.238E-03
  1133.250 2.129E-03
  1133.500 1.998E-03
  1133.750 1.943E-03
  1134.000 1.760E-03
  1134.250 1.474E-03
  1134.500 1.556E-03
  1134.750 1.680E-03
  1135.000 1.592E-03
  1135.250 1.706E-03
  1135.500 1.748E-03
  1135.750 1.937E-03
  1136.000 2.107E-03
  1136.250 2.131E-03
  1136.500 2.108E-03
  1136.750 2.065E-03
  1137.000 2.052E-03
  1137.250 2.063E-03
  1137.500 2.072E-03
  1137.750 2.056E-03
  1138.000 1.970E-03
  1138.250 1.658E-03
  1138.500 1.184E-03
  1138.750 1.018E-03
  1139.000 9.702E-04
  1139.250 8.676E-04
  1139.500 6.747E-04
  1139.750 5.125E-04
  1140.000 4.805E-04
  1140.250 4.272E-04
  1140.500 4.960E-04
  1140.750 1.064E-03
  1141.000 1.607E-03
  1141.250 1.661E-03
  1141.500 1.612E-03
  1141.750 1.663E-03
  1142.000 1.740E-03
  1142.250 1.670E-03
  1142.500 1.693E-03
  1142.750 1.779E-03
  1143.000 1.736E-03
  1143.250 1.670E-03
  1143.500 1.717E-03
  1143.750 1.749E-03
  1144.000 1.713E-03
  1144.250 1.650E-03
  1144.500 1.666E-03
  1144.750 1.627E-03
  1145.000 1.586E-03
  1145.250 1.653E-03
  1145.500 1.678E-03
  1145.750 1.687E-03
  1146.000 1.690E-03
  1146.250 1.685E-03
  1146.500 1.651E-03
  1146.750 1.551E-03
  1147.000 1.521E-03
  1147.250 1.557E-03
  1147.500 1.578E-03
  1147.750 1.615E-03
  1148.000 1.537E-03
  1148.250 1.484E-03
  1148.500 1.580E-03
  1148.750 1.632E-03
  1149.000 1.643E-03
  1149.250 1.662E-03
  1149.500 1.640E-03
  1149.750 1.655E-03
  1150.000 1.667E-03
  1150.250 1.585E-03
  1150.500 1.531E-03
  1150.750 1.580E-03
  1151.000 1.622E-03
  1151.250 1.660E-03
  1151.500 1.747E-03
  1151.750 1.756E-03
  1152.000 1.648E-03
  1152.250 1.595E-03
  1152.500 1.689E-03
  1152.750 1.724E-03
  1153.000 1.716E-03
  1153.250 1.739E-03
  1153.500 1.817E-03
  1153.750 1.834E-03
  1154.000 1.809E-03
  1154.250 1.819E-03
  1154.500 1.847E-03
  1154.750 1.934E-03
  1155.000 1.985E-03
  1155.250 1.993E-03
  1155.500 1.883E-03
  1155.750 1.529E-03
  1156.000 1.261E-03
  1156.250 1.143E-03
  1156.500 1.001E-03
  1156.750 1.251E-03
  1157.000 1.527E-03
  1157.250 1.327E-03
  1157.500 1.114E-03
  1157.750 7.062E-04
  1158.000 3.827E-04
  1158.250 4.371E-04
  1158.500 5.228E-04
  1158.750 6.867E-04
  1159.000 1.095E-03
  1159.250 1.776E-03
  1159.500 2.169E-03
  1159.750 2.228E-03
  1160.000 2.272E-03
  1160.250 2.257E-03
  1160.500 2.125E-03
  1160.750 2.064E-03
  1161.000 2.174E-03
  1161.250 2.397E-03
  1161.500 2.479E-03
  1161.750 2.472E-03
  1162.000 2.443E-03
  1162.250 2.495E-03
  1162.500 2.548E-03
  1162.750 2.572E-03
  1163.000 2.576E-03
  1163.250 2.545E-03
  1163.500 2.548E-03
  1163.750 2.514E-03
  1164.000 2.447E-03
  1164.250 2.429E-03
  1164.500 2.535E-03
  1164.750 2.649E-03
  1165.000 2.674E-03
  1165.250 2.653E-03
  1165.500 2.609E-03
  1165.750 2.625E-03
  1166.000 2.681E-03
  1166.250 2.700E-03
  1166.500 2.696E-03
  1166.750 2.632E-03
  1167.000 2.409E-03
  1167.250 2.286E-03
  1167.500 2.439E-03
  1167.750 2.612E-03
  1168.000 2.651E-03
  1168.250 2.564E-03
  1168.500 2.445E-03
  1168.750 2.416E-03
  1169.000 2.244E-03
  1169.250 2.266E-03
  1169.500 2.497E-03
  1169.750 2.572E-03
  1170.000 2.572E-03
  1170.250 2.548E-03
  1170.500 2.537E-03
  1170.750 2.534E-03
  1171.000 2.513E-03
  1171.250 2.491E-03
  1171.500 2.489E-03
  1171.750 2.484E-03
  1172.000 2.472E-03
  1172.250 2.456E-03
  1172.500 2.439E-03
  1172.750 2.421E-03
  1173.000 2.399E-03
  1173.250 2.371E-03
  1173.500 2.352E-03
  1173.750 2.339E-03
  1174.000 2.318E-03
  1174.250 2.301E-03
  1174.500 2.286E-03
  1174.750 2.266E-03
  1175.000 2.240E-03
  1175.250 2.208E-03
  1175.500 2.147E-03
  1175.750 2.106E-03
  1176.000 2.133E-03
  1176.250 2.093E-03
  1176.500 2.009E-03
  1176.750 2.033E-03
  1177.000 2.069E-03
  1177.250 2.051E-03
  1177.500 1.992E-03
  1177.750 1.948E-03
  1178.000 1.971E-03
  1178.250 1.974E-03
  1178.500 1.954E-03
  1178.750 1.926E-03
  1179.000 1.846E-03
  1179.250 1.728E-03
  1179.500 1.764E-03
  1179.750 1.826E-03
  1180.000 1.811E-03
  1180.250 1.786E-03
  1180.500 1.770E-03
  1180.750 1.755E-03
  1181.000 1.733E-03
  1181.250 1.706E-03
  1181.500 1.681E-03
  1181.750 1.649E-03
  1182.000 1.625E-03
  1182.250 1.620E-03
  1182.500 1.606E-03
  1182.750 1.585E-03
  1183.000 1.561E-03
  1183.250 1.527E-03
  1183.500 1.490E-03
  1183.750 1.464E-03
  1184.000 1.458E-03
  1184.250 1.455E-03
  1184.500 1.439E-03
  1184.750 1.418E-03
  1185.000 1.397E-03
  1185.250 1.375E-03
  1185.500 1.339E-03
  1185.750 1.307E-03
  1186.000 1.305E-03
  1186.250 1.298E-03
  1186.500 1.280E-03
  1186.750 1.261E-03
  1187.000 1.240E-03
  1187.250 1.216E-03
  1187.500 1.193E-03
  1187.750 1.179E-03
  1188.000 1.163E-03
  1188.250 1.129E-03
  1188.500 9.947E-04
  1188.750 6.776E-04
  1189.000 4.672E-04
  1189.250 4.778E-04
  1189.500 5.226E-04
  1189.750 6.428E-04
  1190.000 7.087E-04
  1190.250 6.781E-04
  1190.500 6.979E-04
  1190.750 8.095E-04
  1191.000 9.156E-04
  1191.250 9.287E-04
  1191.500 9.054E-04
  1191.750 8.708E-04
  1192.000 8.050E-04
  1192.250 7.103E-04
  1192.500 6.276E-04
  1192.750 4.485E-04
  1193.000 2.020E-04
  1193.250 1.320E-04
  1193.500 2.523E-04
  1193.750 3.810E-04
  1194.000 3.704E-04
  1194.250 3.250E-04
  1194.500 3.633E-04
  1194.750 5.402E-04
  1195.000 6.796E-04
  1195.250 7.031E-04
  1195.500 6.948E-04
  1195.750 6.842E-04
  1196.000 6.726E-04
  1196.250 6.597E-04
  1196.500 6.464E-04
  1196.750 6.290E-04
  1197.000 5.887E-04
  1197.250 5.344E-04
  1197.500 5.365E-04
  1197.750 5.653E-04
  1198.000 5.539E-04
  1198.250 5.267E-04
  1198.500 5.268E-04
  1198.750 5.254E-04
  1199.000 5.015E-04
  1199.250 4.249E-04
  1199.500 3.349E-04
  1199.750 3.631E-04
  1200.000 3.728E-04
  1200.250 3.306E-04
  1200.500 3.351E-04
  1200.750 3.358E-04
  1201.000 3.636E-04
  1201.250 3.692E-04
  1201.500 3.754E-04
  1201.750 3.834E-04
  1202.000 3.769E-04
  1202.250 3.665E-04
  1202.500 3.560E-04
  1202.750 3.449E-04
  1203.000 3.333E-04
  1203.250 3.221E-04
  1203.500 3.114E-04
  1203.750 3.010E-04
  1204.000 2.904E-04
  1204.250 2.793E-04
  1204.500 2.684E-04
  1204.750 2.582E-04
  1205.000 2.485E-04
  1205.250 2.385E-04
  1205.500 2.280E-04
  1205.750 2.178E-04
  1206.000 2.084E-04
  1206.250 1.996E-04
  1206.500 1.904E-04
  1206.750 1.805E-04
  1207.000 1.709E-04
  1207.250 1.622E-04
  1207.500 1.539E-04
  1207.750 1.452E-04
  1208.000 1.362E-04
  1208.250 1.278E-04
  1208.500 1.201E-04
  1208.750 1.127E-04
  1209.000 1.047E-04
  1209.250 9.671E-05
  1209.500 8.946E-05
  1209.750 8.305E-05
  1210.000 7.691E-05
  1210.250 7.020E-05
  1210.500 6.326E-05
  1210.750 5.665E-05
  1211.000 5.128E-05
  1211.250 4.703E-05
  1211.500 4.180E-05
  1211.750 3.605E-05
  1212.000 3.095E-05
  1212.250 2.757E-05
  1212.500 2.427E-05
  1212.750 1.996E-05
  1213.000 1.619E-05
  1213.250 1.354E-05
  1213.500 1.143E-05
  1213.750 8.808E-06
  1214.000 5.775E-06
  1214.250 3.822E-06
  1214.500 2.956E-06
  1214.750 2.528E-06
  1215.000 2.283E-06
  1215.250 2.103E-06
  1215.500 1.823E-06
  1215.750 1.703E-06
  1216.000 1.900E-06
  1216.250 2.046E-06
  1216.500 2.243E-06
  1216.750 2.665E-06
  1217.000 3.640E-06
  1217.250 5.716E-06
  1217.500 8.328E-06
  1217.750 1.043E-05
  1218.000 1.269E-05
  1218.250 1.593E-05
  1218.500 1.989E-05
  1218.750 2.349E-05
  1219.000 2.692E-05
  1219.250 3.113E-05
  1219.500 3.649E-05
  1219.750 4.219E-05
  1220.000 4.736E-05
  1220.250 5.278E-05
  1220.500 5.928E-05
  1220.750 6.635E-05
  1221.000 7.244E-05
  1221.250 7.902E-05
  1221.500 8.747E-05
  1221.750 9.642E-05
  1222.000 1.051E-04
  1222.250 1.133E-04
  1222.500 1.219E-04
  1222.750 1.312E-04
  1223.000 1.404E-04
  1223.250 1.501E-04
  1223.500 1.603E-04
  1223.750 1.711E-04
  1224.000 1.806E-04
  1224.250 1.774E-04
  1224.500 1.675E-04
  1224.750 1.939E-04
  1225.000 2.249E-04
  1225.250 2.401E-04
  1225.500 2.514E-04
  1225.750 2.631E-04
  1226.000 2.760E-04
  1226.250 2.866E-04
  1226.500 2.818E-04
  1226.750 2.762E-04
  1227.000 2.986E-04
  1227.250 3.357E-04
  1227.500 3.615E-04
  1227.750 3.684E-04
  1228.000 3.776E-04
  1228.250 3.992E-04
  1228.500 4.160E-04
  1228.750 4.331E-04
  1229.000 4.491E-04
  1229.250 4.654E-04
  1229.500 4.828E-04
  1229.750 4.931E-04
  1230.000 4.950E-04
  1230.250 4.828E-04
  1230.500 4.786E-04
  1230.750 5.416E-04
  1231.000 5.847E-04
  1231.250 6.024E-04
  1231.500 6.204E-04
  1231.750 6.407E-04
  1232.000 6.595E-04
  1232.250 6.805E-04
  1232.500 7.022E-04
  1232.750 7.072E-04
  1233.000 6.428E-04
  1233.250 5.484E-04
  1233.500 6.252E-04
  1233.750 7.412E-04
  1234.000 7.870E-04
  1234.250 8.327E-04
  1234.500 8.577E-04
  1234.750 8.691E-04
  1235.000 8.760E-04
  1235.250 8.791E-04
  1235.500 8.793E-04
  1235.750 8.983E-04
  1236.000 9.293E-04
  1236.250 9.469E-04
  1236.500 9.959E-04
  1236.750 1.042E-03
  1237.000 1.040E-03
  1237.250 1.033E-03
  1237.500 1.068E-03
  1237.750 1.107E-03
  1238.000 1.134E-03
  1238.250 1.152E-03
  1238.500 1.170E-03
  1238.750 1.184E-03
  1239.000 1.141E-03
  1239.250 1.030E-03
  1239.500 1.084E-03
  1239.750 1.228E-03
  1240.000 1.275E-03
  1240.250 1.310E-03
  1240.500 1.333E-03
  1240.750 1.337E-03
  1241.000 1.340E-03
  1241.250 1.346E-03
  1241.500 1.328E-03
  1241.750 1.270E-03
  1242.000 1.182E-03
  1242.250 1.270E-03
  1242.500 1.408E-03
  1242.750 1.451E-03
  1243.000 1.382E-03
  1243.250 1.278E-03
  1243.500 1.376E-03
  1243.750 1.503E-03
  1244.000 1.529E-03
  1244.250 1.559E-03
  1244.500 1.585E-03
  1244.750 1.633E-03
  1245.000 1.625E-03
  1245.250 1.631E-03
  1245.500 1.717E-03
  1245.750 1.764E-03
  1246.000 1.773E-03
  1246.250 1.855E-03
  1246.500 1.910E-03
  1246.750 1.706E-03
  1247.000 1.330E-03
  1247.250 1.309E-03
  1247.500 1.668E-03
  1247.750 1.775E-03
  1248.000 1.736E-03
  1248.250 1.880E-03
  1248.500 2.036E-03
  1248.750 2.115E-03
  1249.000 2.140E-03
  1249.250 2.192E-03
  1249.500 2.325E-03
  1249.750 2.516E-03
  1250.000 2.519E-03
  1250.250 2.348E-03
  1250.500 2.225E-03
  1250.750 2.295E-03
  1251.000 2.223E-03
  1251.250 2.157E-03
  1251.500 2.334E-03
  1251.750 2.427E-03
  1252.000 2.350E-03
  1252.250 2.271E-03
  1252.500 2.435E-03
  1252.750 2.552E-03
  1253.000 2.384E-03
  1253.250 1.925E-03
  1253.500 1.895E-03
  1253.750 2.247E-03
  1254.000 2.434E-03
  1254.250 2.386E-03
  1254.500 2.176E-03
  1254.750 2.025E-03
  1255.000 1.563E-03
  1255.250 1.047E-03
  1255.500 1.399E-03
  1255.750 1.841E-03
  1256.000 1.537E-03
  1256.250 8.745E-04
  1256.500 5.981E-04
  1256.750 1.118E-03
  1257.000 1.845E-03
  1257.250 2.174E-03
  1257.500 2.135E-03
  1257.750 2.120E-03
  1258.000 2.116E-03
  1258.250 1.750E-03
  1258.500 1.031E-03
  1258.750 5.045E-04
  1259.000 7.866E-04
  1259.250 1.575E-03
  1259.500 2.296E-03
  1259.750 2.787E-03
  1260.000 2.940E-03
  1260.250 2.531E-03
  1260.500 1.551E-03
  1260.750 7.253E-04
  1261.000 4.637E-04
  1261.250 5.598E-04
  1261.500 7.305E-04
  1261.750 1.553E-03
  1262.000 2.598E-03
  1262.250 3.225E-03
  1262.500 3.622E-03
  1262.750 3.871E-03
  1263.000 3.990E-03
  1263.250 4.067E-03
  1263.500 4.122E-03
  1263.750 4.148E-03
  1264.000 4.179E-03
  1264.250 4.152E-03
  1264.500 3.811E-03
  1264.750 3.348E-03
  1265.000 3.486E-03
  1265.250 3.945E-03
  1265.500 4.172E-03
  1265.750 4.214E-03
  1266.000 4.114E-03
  1266.250 3.646E-03
  1266.500 3.221E-03
  1266.750 3.727E-03
  1267.000 4.435E-03
  1267.250 4.336E-03
  1267.500 3.868E-03
  1267.750 4.203E-03
  1268.000 4.704E-03
  1268.250 5.080E-03
  1268.500 5.328E-03
  1268.750 5.304E-03
  1269.000 5.187E-03
  1269.250 5.066E-03
  1269.500 4.941E-03
  1269.750 4.721E-03
  1270.000 4.251E-03
  1270.250 3.902E-03
  1270.500 3.473E-03
  1270.750 2.735E-03
  1271.000 3.139E-03
  1271.250 3.912E-03
  1271.500 4.235E-03
  1271.750 4.230E-03
  1272.000 4.189E-03
  1272.250 4.405E-03
  1272.500 4.507E-03
  1272.750 4.709E-03
  1273.000 5.063E-03
  1273.250 5.334E-03
  1273.500 5.576E-03
  1273.750 5.641E-03
  1274.000 5.340E-03
  1274.250 5.610E-03
  1274.500 6.091E-03
  1274.750 5.741E-03
  1275.000 5.199E-03
  1275.250 5.350E-03
  1275.500 6.169E-03
  1275.750 6.381E-03
  1276.000 5.965E-03
  1276.250 4.916E-03
  1276.500 4.490E-03
  1276.750 4.290E-03
  1277.000 3.004E-03
  1277.250 1.352E-03
  1277.500 8.684E-04
  1277.750 1.740E-03
  1278.000 3.530E-03
  1278.250 4.969E-03
  1278.500 5.288E-03
  1278.750 5.122E-03
  1279.000 4.334E-03
  1279.250 3.852E-03
  1279.500 4.131E-03
  1279.750 3.635E-03
  1280.000 2.288E-03
  1280.250 1.495E-03
  1280.500 1.827E-03
  1280.750 3.032E-03
  1281.000 5.104E-03
  1281.250 7.041E-03
  1281.500 7.904E-03
  1281.750 8.334E-03
  1282.000 8.670E-03
  1282.250 8.779E-03
  1282.500 8.236E-03
  1282.750 7.409E-03
  1283.000 7.472E-03
  1283.250 8.404E-03
  1283.500 8.631E-03
  1283.750 8.042E-03
  1284.000 7.806E-03
  1284.250 8.035E-03
  1284.500 7.844E-03
  1284.750 7.422E-03
  1285.000 7.404E-03
  1285.250 7.449E-03
  1285.500 7.218E-03
  1285.750 6.825E-03
  1286.000 6.813E-03
  1286.250 6.758E-03
  1286.500 6.668E-03
  1286.750 7.014E-03
  1287.000 7.165E-03
  1287.250 7.053E-03
  1287.500 6.517E-03
  1287.750 5.951E-03
  1288.000 5.803E-03
  1288.250 6.086E-03
  1288.500 6.325E-03
  1288.750 6.339E-03
  1289.000 6.807E-03
  1289.250 7.988E-03
  1289.500 8.356E-03
  1289.750 7.606E-03
  1290.000 6.950E-03
  1290.250 8.073E-03
  1290.500 9.039E-03
  1290.750 9.196E-03
  1291.000 8.945E-03
  1291.250 8.435E-03
  1291.500 8.691E-03
  1291.750 9.150E-03
  1292.000 9.235E-03
  1292.250 9.215E-03
  1292.500 9.193E-03
  1292.750 9.188E-03
  1293.000 9.194E-03
  1293.250 9.200E-03
  1293.500 9.205E-03
  1293.750 9.228E-03
  1294.000 9.292E-03
  1294.250 9.374E-03
  1294.500 9.445E-03
  1294.750 9.481E-03
  1295.000 9.373E-03
  1295.250 8.513E-03
  1295.500 6.263E-03
  1295.750 5.241E-03
  1296.000 6.062E-03
  1296.250 7.105E-03
  1296.500 9.436E-03
  1296.750 1.089E-02
  1297.000 1.142E-02
  1297.250 1.175E-02
  1297.500 1.199E-02
  1297.750 1.218E-02
  1298.000 1.235E-02
  1298.250 1.252E-02
  1298.500 1.263E-02
  1298.750 1.264E-02
  1299.000 1.258E-02
  1299.250 1.242E-02
  1299.500 1.224E-02
  1299.750 1.219E-02
  1300.000 1.206E-02
  1300.250 1.183E-02
  1300.500 1.157E-02
  1300.750 1.124E-02
  1301.000 1.076E-02
  1301.250 1.001E-02
  1301.500 8.621E-03
  1301.750 6.077E-03
  1302.000 2.962E-03
  1302.250 1.984E-03
  1302.500 3.958E-03
  1302.750 5.377E-03
  1303.000 5.360E-03
  1303.250 5.775E-03
  1303.500 6.968E-03
  1303.750 8.793E-03
  1304.000 9.201E-03
  1304.250 7.634E-03
  1304.500 5.125E-03
  1304.750 3.061E-03
  1305.000 3.727E-03
  1305.250 6.628E-03
  1305.500 7.779E-03
  1305.750 5.854E-03
  1306.000 4.212E-03
  1306.250 6.710E-03
  1306.500 9.877E-03
  1306.750 1.124E-02
  1307.000 1.175E-02
  1307.250 1.208E-02
  1307.500 1.233E-02
  1307.750 1.252E-02
  1308.000 1.268E-02
  1308.250 1.279E-02
  1308.500 1.279E-02
  1308.750 1.249E-02
  1309.000 1.190E-02
  1309.250 1.131E-02
  1309.500 1.207E-02
  1309.750 1.248E-02
  1310.000 1.089E-02
  1310.250 9.482E-03
  1310.500 9.478E-03
  1310.750 7.444E-03
  1311.000 6.659E-03
  1311.250 8.526E-03
  1311.500 1.044E-02
  1311.750 1.126E-02
  1312.000 1.095E-02
  1312.250 1.142E-02
  1312.500 1.242E-02
  1312.750 1.268E-02
  1313.000 1.177E-02
  1313.250 9.904E-03
  1313.500 1.035E-02
  1313.750 1.249E-02
  1314.000 1.330E-02
  1314.250 1.345E-02
  1314.500 1.345E-02
  1314.750 1.290E-02
  1315.000 1.233E-02
  1315.250 1.312E-02
  1315.500 1.359E-02
  1315.750 1.281E-02
  1316.000 1.238E-02
  1316.250 1.208E-02
  1316.500 9.872E-03
  1316.750 1.079E-02
  1317.000 1.322E-02
  1317.250 1.388E-02
  1317.500 1.485E-02
  1317.750 1.551E-02
  1318.000 1.576E-02
  1318.250 1.578E-02
  1318.500 1.510E-02
  1318.750 1.439E-02
  1319.000 1.469E-02
  1319.250 1.591E-02
  1319.500 1.672E-02
  1319.750 1.698E-02
  1320.000 1.734E-02
  1320.250 1.759E-02
  1320.500 1.773E-02
  1320.750 1.787E-02
  1321.000 1.790E-02
  1321.250 1.746E-02
  1321.500 1.732E-02
  1321.750 1.803E-02
  1322.000 1.838E-02
  1322.250 1.846E-02
  1322.500 1.848E-02
  1322.750 1.843E-02
  1323.000 1.811E-02
  1323.250 1.645E-02
  1323.500 1.415E-02
  1323.750 1.556E-02
  1324.000 1.766E-02
  1324.250 1.811E-02
  1324.500 1.810E-02
  1324.750 1.803E-02
  1325.000 1.793E-02
  1325.250 1.782E-02
  1325.500 1.769E-02
  1325.750 1.755E-02
  1326.000 1.738E-02
  1326.250 1.682E-02
  1326.500 1.516E-02
  1326.750 1.461E-02
  1327.000 1.603E-02
  1327.250 1.655E-02
  1327.500 1.641E-02
  1327.750 1.612E-02
  1328.000 1.569E-02
  1328.250 1.476E-02
  1328.500 1.211E-02
  1328.750 7.202E-03
  1329.000 3.857E-03
  1329.250 3.804E-03
  1329.500 4.130E-03
  1329.750 6.621E-03
  1330.000 1.116E-02
  1330.250 1.395E-02
  1330.500 1.507E-02
  1330.750 1.556E-02
  1331.000 1.582E-02
  1331.250 1.601E-02
  1331.500 1.616E-02
  1331.750 1.629E-02
  1332.000 1.640E-02
  1332.250 1.650E-02
  1332.500 1.661E-02
  1332.750 1.674E-02
  1333.000 1.687E-02
  1333.250 1.692E-02
  1333.500 1.634E-02
  1333.750 1.538E-02
  1334.000 1.631E-02
  1334.250 1.746E-02
  1334.500 1.779E-02
  1334.750 1.787E-02
  1335.000 1.740E-02
  1335.250 1.704E-02
  1335.500 1.707E-02
  1335.750 1.693E-02
  1336.000 1.831E-02
  1336.250 1.933E-02
  1336.500 1.969E-02
  1336.750 1.996E-02
  1337.000 2.024E-02
  1337.250 2.052E-02
  1337.500 2.080E-02
  1337.750 2.109E-02
  1338.000 2.138E-02
  1338.250 2.168E-02
  1338.500 2.198E-02
  1338.750 2.225E-02
  1339.000 2.250E-02
  1339.250 2.275E-02
  1339.500 2.301E-02
  1339.750 2.325E-02
  1340.000 2.346E-02
  1340.250 2.361E-02
  1340.500 2.323E-02
  1340.750 2.191E-02
  1341.000 2.234E-02
  1341.250 2.384E-02
  1341.500 2.374E-02
  1341.750 2.194E-02
  1342.000 2.167E-02
  1342.250 2.274E-02
  1342.500 2.188E-02
  1342.750 2.273E-02
  1343.000 2.412E-02
  1343.250 2.436E-02
  1343.500 2.420E-02
  1343.750 2.340E-02
  1344.000 2.238E-02
  1344.250 2.298E-02
  1344.500 2.363E-02
  1344.750 2.343E-02
  1345.000 2.335E-02
  1345.250 2.340E-02
  1345.500 2.311E-02
  1345.750 2.236E-02
  1346.000 2.222E-02
  1346.250 2.272E-02
  1346.500 2.277E-02
  1346.750 2.235E-02
  1347.000 2.052E-02
  1347.250 1.877E-02
  1347.500 2.050E-02
  1347.750 2.197E-02
  1348.000 2.214E-02
  1348.250 2.208E-02
  1348.500 2.200E-02
  1348.750 2.194E-02
  1349.000 2.190E-02
  1349.250 2.187E-02
  1349.500 2.184E-02
  1349.750 2.182E-02
  1350.000 2.181E-02
  1350.250 2.182E-02
  1350.500 2.184E-02
  1350.750 2.187E-02
  1351.000 2.187E-02
  1351.250 2.150E-02
  1351.500 2.008E-02
  1351.750 1.982E-02
  1352.000 2.145E-02
  1352.250 2.206E-02
  1352.500 2.134E-02
  1352.750 2.022E-02
  1353.000 2.098E-02
  1353.250 2.230E-02
  1353.500 2.284E-02
  1353.750 2.294E-02
  1354.000 2.231E-02
  1354.250 2.122E-02
  1354.500 2.221E-02
  1354.750 2.351E-02
  1355.000 2.384E-02
  1355.250 2.345E-02
  1355.500 2.110E-02
  1355.750 1.800E-02
  1356.000 1.978E-02
  1356.250 2.358E-02
  1356.500 2.490E-02
  1356.750 2.457E-02
  1357.000 2.247E-02
  1357.250 2.228E-02
  1357.500 2.376E-02
  1357.750 2.410E-02
  1358.000 2.527E-02
  1358.250 2.587E-02
  1358.500 2.596E-02
  1358.750 2.641E-02
  1359.000 2.443E-02
  1359.250 1.917E-02
  1359.500 1.873E-02
  1359.750 2.448E-02
  1360.000 2.793E-02
  1360.250 2.867E-02
  1360.500 2.885E-02
  1360.750 2.879E-02
  1361.000 2.869E-02
  1361.250 2.848E-02
  1361.500 2.876E-02
  1361.750 2.940E-02
  1362.000 2.944E-02
  1362.250 2.954E-02
  1362.500 2.976E-02
  1362.750 2.914E-02
  1363.000 2.758E-02
  1363.250 2.668E-02
  1363.500 2.684E-02
  1363.750 2.843E-02
  1364.000 2.731E-02
  1364.250 2.653E-02
  1364.500 2.872E-02
  1364.750 2.995E-02
  1365.000 3.010E-02
  1365.250 3.007E-02
  1365.500 3.010E-02
  1365.750 3.008E-02
  1366.000 3.003E-02
  1366.250 2.995E-02
  1366.500 2.985E-02
  1366.750 2.978E-02
  1367.000 2.975E-02
  1367.250 2.979E-02
  1367.500 2.994E-02
  1367.750 2.987E-02
  1368.000 2.924E-02
  1368.250 2.800E-02
  1368.500 2.742E-02
  1368.750 2.859E-02
  1369.000 2.935E-02
  1369.250 2.885E-02
  1369.500 2.745E-02
  1369.750 2.742E-02
  1370.000 2.717E-02
  1370.250 2.739E-02
  1370.500 2.883E-02
  1370.750 2.917E-02
  1371.000 2.917E-02
  1371.250 2.921E-02
  1371.500 2.945E-02
  1371.750 2.910E-02
  1372.000 2.749E-02
  1372.250 2.659E-02
  1372.500 2.822E-02
  1372.750 2.948E-02
  1373.000 2.916E-02
  1373.250 2.784E-02
  1373.500 2.649E-02
  1373.750 2.770E-02
  1374.000 2.872E-02
  1374.250 2.946E-02
  1374.500 3.004E-02
  1374.750 2.998E-02
  1375.000 3.011E-02
  1375.250 3.049E-02
  1375.500 3.078E-02
  1375.750 3.081E-02
  1376.000 3.099E-02
  1376.250 3.123E-02
  1376.500 3.110E-02
  1376.750 3.000E-02
  1377.000 2.806E-02
  1377.250 2.922E-02
  1377.500 3.112E-02
  1377.750 2.993E-02
  1378.000 2.916E-02
  1378.250 3.127E-02
  1378.500 3.245E-02
  1378.750 3.271E-02
  1379.000 3.206E-02
  1379.250 2.848E-02
  1379.500 2.600E-02
  1379.750 3.010E-02
  1380.000 3.311E-02
  1380.250 3.364E-02
  1380.500 3.370E-02
  1380.750 3.362E-02
  1381.000 3.233E-02
  1381.250 2.689E-02
  1381.500 2.133E-02
  1381.750 2.566E-02
  1382.000 3.252E-02
  1382.250 3.443E-02
  1382.500 3.477E-02
  1382.750 3.494E-02
  1383.000 3.418E-02
  1383.250 3.211E-02
  1383.500 3.258E-02
  1383.750 3.455E-02
  1384.000 3.508E-02
  1384.250 3.481E-02
  1384.500 3.369E-02
  1384.750 2.969E-02
  1385.000 2.454E-02
  1385.250 2.694E-02
  1385.500 3.113E-02
  1385.750 3.406E-02
  1386.000 3.581E-02
  1386.250 3.619E-02
  1386.500 3.629E-02
  1386.750 3.636E-02
  1387.000 3.638E-02
  1387.250 3.641E-02
  1387.500 3.645E-02
  1387.750 3.647E-02
  1388.000 3.614E-02
  1388.250 3.422E-02
  1388.500 3.186E-02
  1388.750 3.197E-02
  1389.000 3.278E-02
  1389.250 3.321E-02
  1389.500 3.384E-02
  1389.750 3.283E-02
  1390.000 3.197E-02
  1390.250 3.073E-02
  1390.500 2.592E-02
  1390.750 1.649E-02
  1391.000 8.066E-03
  1391.250 1.031E-02
  1391.500 2.039E-02
  1391.750 2.840E-02
  1392.000 3.208E-02
  1392.250 3.346E-02
  1392.500 3.317E-02
  1392.750 3.415E-02
  1393.000 3.577E-02
  1393.250 3.516E-02
  1393.500 3.603E-02
  1393.750 3.751E-02
  1394.000 3.774E-02
  1394.250 3.805E-02
  1394.500 3.845E-02
  1394.750 3.866E-02
  1395.000 3.881E-02
  1395.250 3.895E-02
  1395.500 3.903E-02
  1395.750 3.851E-02
  1396.000 3.634E-02
  1396.250 3.568E-02
  1396.500 3.705E-02
  1396.750 3.868E-02
  1397.000 3.975E-02
  1397.250 4.002E-02
  1397.500 4.012E-02
  1397.750 4.026E-02
  1398.000 4.032E-02
  1398.250 4.037E-02
  1398.500 4.017E-02
  1398.750 3.904E-02
  1399.000 3.841E-02
  1399.250 3.976E-02
  1399.500 4.106E-02
  1399.750 4.135E-02
  1400.000 4.141E-02
  1400.250 4.157E-02
  1400.500 4.124E-02
  1400.750 4.091E-02
  1401.000 4.037E-02
  1401.250 3.593E-02
  1401.500 3.104E-02
  1401.750 3.554E-02
  1402.000 4.113E-02
  1402.250 4.267E-02
  1402.500 4.300E-02
  1402.750 4.268E-02
  1403.000 4.145E-02
  1403.250 4.177E-02
  1403.500 4.277E-02
  1403.750 4.244E-02
  1404.000 4.243E-02
  1404.250 4.313E-02
  1404.500 4.403E-02
  1404.750 4.437E-02
  1405.000 4.447E-02
  1405.250 4.393E-02
  1405.500 4.222E-02
  1405.750 4.256E-02
  1406.000 4.448E-02
  1406.250 4.512E-02
  1406.500 4.527E-02
  1406.750 4.539E-02
  1407.000 4.551E-02
  1407.250 4.558E-02
  1407.500 4.552E-02
  1407.750 4.556E-02
  1408.000 4.538E-02
  1408.250 4.332E-02
  1408.500 4.232E-02
  1408.750 4.439E-02
  1409.000 4.329E-02
  1409.250 3.797E-02
  1409.500 3.847E-02
  1409.750 4.402E-02
  1410.000 4.543E-02
  1410.250 4.531E-02
  1410.500 4.626E-02
  1410.750 4.518E-02
  1411.000 4.199E-02
  1411.250 4.211E-02
  1411.500 4.363E-02
  1411.750 4.407E-02
  1412.000 4.501E-02
  1412.250 4.665E-02
  1412.500 4.522E-02
  1412.750 3.930E-02
  1413.000 3.978E-02
  1413.250 4.553E-02
  1413.500 4.675E-02
  1413.750 4.694E-02
  1414.000 4.679E-02
  1414.250 4.627E-02
  1414.500 4.765E-02
  1414.750 4.832E-02
  1415.000 4.835E-02
  1415.250 4.887E-02
  1415.500 4.824E-02
  1415.750 4.653E-02
  1416.000 4.720E-02
  1416.250 4.919E-02
  1416.500 4.932E-02
  1416.750 4.876E-02
  1417.000 4.929E-02
  1417.250 5.025E-02
  1417.500 5.090E-02
  1417.750 5.101E-02
  1418.000 5.006E-02
  1418.250 4.822E-02
  1418.500 4.756E-02
  1418.750 4.638E-02
  1419.000 4.848E-02
  1419.250 5.153E-02
  1419.500 5.233E-02
  1419.750 5.224E-02
  1420.000 5.173E-02
  1420.250 5.170E-02
  1420.500 5.162E-02
  1420.750 5.185E-02
  1421.000 5.271E-02
  1421.250 5.242E-02
  1421.500 5.179E-02
  1421.750 5.247E-02
  1422.000 5.348E-02
  1422.250 5.389E-02
  1422.500 5.401E-02
  1422.750 5.392E-02
  1423.000 5.292E-02
  1423.250 5.219E-02
  1423.500 5.321E-02
  1423.750 5.333E-02
  1424.000 5.214E-02
  1424.250 5.043E-02
  1424.500 4.464E-02
  1424.750 3.079E-02
  1425.000 1.706E-02
  1425.250 2.096E-02
  1425.500 3.861E-02
  1425.750 4.930E-02
  1426.000 5.136E-02
  1426.250 5.167E-02
  1426.500 5.407E-02
  1426.750 5.517E-02
  1427.000 5.420E-02
  1427.250 5.298E-02
  1427.500 5.347E-02
  1427.750 5.461E-02
  1428.000 5.563E-02
  1428.250 5.593E-02
  1428.500 5.494E-02
  1428.750 5.469E-02
  1429.000 5.625E-02
  1429.250 5.695E-02
  1429.500 5.686E-02
  1429.750 5.492E-02
  1430.000 5.088E-02
  1430.250 5.201E-02
  1430.500 5.516E-02
  1430.750 5.414E-02
  1431.000 5.320E-02
  1431.250 5.091E-02
  1431.500 5.052E-02
  1431.750 5.104E-02
  1432.000 5.003E-02
  1432.250 4.947E-02
  1432.500 4.835E-02
  1432.750 4.728E-02
  1433.000 3.672E-02
  1433.250 2.508E-02
  1433.500 3.078E-02
  1433.750 4.327E-02
  1434.000 5.243E-02
  1434.250 5.627E-02
  1434.500 5.523E-02
  1434.750 5.230E-02
  1435.000 4.953E-02
  1435.250 4.928E-02
  1435.500 5.100E-02
  1435.750 5.083E-02
  1436.000 5.319E-02
  1436.250 5.667E-02
  1436.500 5.504E-02
  1436.750 4.563E-02
  1437.000 3.799E-02
  1437.250 4.724E-02
  1437.500 5.625E-02
  1437.750 5.848E-02
  1438.000 5.830E-02
  1438.250 5.829E-02
  1438.500 5.841E-02
  1438.750 5.849E-02
  1439.000 5.966E-02
  1439.250 6.031E-02
  1439.500 6.013E-02
  1439.750 5.947E-02
  1440.000 5.993E-02
  1440.250 6.067E-02
  1440.500 5.990E-02
  1440.750 5.809E-02
  1441.000 5.903E-02
  1441.250 6.102E-02
  1441.500 6.164E-02
  1441.750 6.185E-02
  1442.000 6.186E-02
  1442.250 6.071E-02
  1442.500 5.818E-02
  1442.750 5.802E-02
  1443.000 6.100E-02
  1443.250 6.267E-02
  1443.500 6.285E-02
  1443.750 6.139E-02
  1444.000 5.569E-02
  1444.250 5.119E-02
  1444.500 5.654E-02
  1444.750 6.079E-02
  1445.000 5.962E-02
  1445.250 5.971E-02
  1445.500 6.162E-02
  1445.750 6.361E-02
  1446.000 6.441E-02
  1446.250 6.402E-02
  1446.500 6.230E-02
  1446.750 6.179E-02
  1447.000 6.247E-02
  1447.250 6.135E-02
  1447.500 6.201E-02
  1447.750 6.271E-02
  1448.000 5.758E-02
  1448.250 5.182E-02
  1448.500 5.795E-02
  1448.750 6.484E-02
  1449.000 6.645E-02
  1449.250 6.676E-02
  1449.500 6.679E-02
  1449.750 6.571E-02
  1450.000 6.442E-02
  1450.250 6.544E-02
  1450.500 6.485E-02
  1450.750 6.396E-02
  1451.000 6.531E-02
  1451.250 6.540E-02
  1451.500 6.549E-02
  1451.750 6.736E-02
  1452.000 6.828E-02
  1452.250 6.681E-02
  1452.500 6.163E-02
  1452.750 5.896E-02
  1453.000 6.208E-02
  1453.250 6.672E-02
  1453.500 6.888E-02
  1453.750 6.944E-02
  1454.000 6.965E-02
  1454.250 6.961E-02
  1454.500 6.820E-02
  1454.750 6.482E-02
  1455.000 6.548E-02
  1455.250 6.848E-02
  1455.500 6.963E-02
  1455.750 6.915E-02
  1456.000 6.901E-02
  1456.250 6.961E-02
  1456.500 6.827E-02
  1456.750 6.739E-02
  1457.000 6.961E-02
  1457.250 7.086E-02
  1457.500 7.107E-02
  1457.750 7.112E-02
  1458.000 7.109E-02
  1458.250 7.122E-02
  1458.500 7.073E-02
  1458.750 6.606E-02
  1459.000 5.930E-02
  1459.250 6.412E-02
  1459.500 7.051E-02
  1459.750 7.176E-02
  1460.000 7.130E-02
  1460.250 7.122E-02
  1460.500 7.189E-02
  1460.750 7.218E-02
  1461.000 7.135E-02
  1461.250 7.087E-02
  1461.500 7.195E-02
  1461.750 7.192E-02
  1462.000 7.153E-02
  1462.250 7.237E-02
  1462.500 7.274E-02
  1462.750 7.136E-02
  1463.000 6.347E-02
  1463.250 4.932E-02
  1463.500 5.253E-02
  1463.750 6.682E-02
  1464.000 7.278E-02
  1464.250 7.395E-02
  1464.500 7.411E-02
  1464.750 7.428E-02
  1465.000 7.441E-02
  1465.250 7.452E-02
  1465.500 7.482E-02
  1465.750 7.512E-02
  1466.000 7.350E-02
  1466.250 7.183E-02
  1466.500 7.207E-02
  1466.750 7.285E-02
  1467.000 7.083E-02
  1467.250 6.017E-02
  1467.500 5.648E-02
  1467.750 5.964E-02
  1468.000 6.322E-02
  1468.250 6.620E-02
  1468.500 6.957E-02
  1468.750 7.597E-02
  1469.000 7.832E-02
  1469.250 7.865E-02
  1469.500 7.850E-02
  1469.750 7.635E-02
  1470.000 7.091E-02
  1470.250 6.956E-02
  1470.500 7.320E-02
  1470.750 7.825E-02
  1471.000 8.002E-02
  1471.250 7.924E-02
  1471.500 7.855E-02
  1471.750 7.583E-02
  1472.000 7.357E-02
  1472.250 7.290E-02
  1472.500 7.430E-02
  1472.750 7.377E-02
  1473.000 7.323E-02
  1473.250 7.748E-02
  1473.500 7.601E-02
  1473.750 6.139E-02
  1474.000 4.352E-02
  1474.250 4.132E-02
  1474.500 4.850E-02
  1474.750 6.731E-02
  1475.000 8.150E-02
  1475.250 8.541E-02
  1475.500 8.560E-02
  1475.750 8.461E-02
  1476.000 8.583E-02
  1476.250 8.747E-02
  1476.500 8.736E-02
  1476.750 8.735E-02
  1477.000 8.744E-02
  1477.250 8.674E-02
  1477.500 8.813E-02
  1477.750 8.997E-02
  1478.000 9.077E-02
  1478.250 9.123E-02
  1478.500 9.161E-02
  1478.750 9.198E-02
  1479.000 9.233E-02
  1479.250 9.268E-02
  1479.500 9.304E-02
  1479.750 9.339E-02
  1480.000 9.364E-02
  1480.250 9.389E-02
  1480.500 9.398E-02
  1480.750 9.243E-02
  1481.000 9.078E-02
  1481.250 9.145E-02
  1481.500 8.516E-02
  1481.750 7.606E-02
  1482.000 8.423E-02
  1482.250 9.173E-02
  1482.500 9.072E-02
  1482.750 7.933E-02
  1483.000 5.544E-02
  1483.250 5.397E-02
  1483.500 7.891E-02
  1483.750 9.405E-02
  1484.000 9.781E-02
  1484.250 9.889E-02
  1484.500 9.947E-02
  1484.750 9.989E-02
  1485.000 1.001E-01
  1485.250 9.851E-02
  1485.500 9.208E-02
  1485.750 9.145E-02
  1486.000 9.861E-02
  1486.250 1.012E-01
  1486.500 1.009E-01
  1486.750 9.660E-02
  1487.000 8.200E-02
  1487.250 7.658E-02
  1487.500 9.134E-02
  1487.750 9.979E-02
  1488.000 9.740E-02
  1488.250 8.694E-02
  1488.500 8.713E-02
  1488.750 9.910E-02
  1489.000 1.038E-01
  1489.250 1.046E-01
  1489.500 1.051E-01
  1489.750 1.053E-01
  1490.000 1.056E-01
  1490.250 1.058E-01
  1490.500 1.061E-01
  1490.750 1.061E-01
  1491.000 1.039E-01
  1491.250 9.728E-02
  1491.500 9.829E-02
  1491.750 1.051E-01
  1492.000 1.054E-01
  1492.250 9.799E-02
  1492.500 8.466E-02
  1492.750 7.324E-02
  1493.000 7.697E-02
  1493.250 9.285E-02
  1493.500 1.033E-01
  1493.750 1.081E-01
  1494.000 1.085E-01
  1494.250 1.021E-01
  1494.500 8.787E-02
  1494.750 9.074E-02
  1495.000 1.053E-01
  1495.250 1.103E-01
  1495.500 1.110E-01
  1495.750 1.108E-01
  1496.000 1.089E-01
  1496.250 1.084E-01
  1496.500 1.109E-01
  1496.750 1.122E-01
  1497.000 1.120E-01
  1497.250 1.105E-01
  1497.500 1.107E-01
  1497.750 1.129E-01
  1498.000 1.138E-01
  1498.250 1.141E-01
  1498.500 1.135E-01
  1498.750 1.111E-01
  1499.000 1.115E-01
  1499.250 1.135E-01
  1499.500 1.135E-01
  1499.750 1.145E-01
  1500.000 1.121E-01
  1500.250 1.038E-01
  1500.500 1.051E-01
  1500.750 1.142E-01
  1501.000 1.176E-01
  1501.250 1.173E-01
  1501.500 1.147E-01
  1501.750 1.072E-01
  1502.000 9.950E-02
  1502.250 1.058E-01
  1502.500 1.167E-01
  1502.750 1.197E-01
  1503.000 1.198E-01
  1503.250 1.186E-01
  1503.500 1.128E-01
  1503.750 1.125E-01
  1504.000 1.198E-01
  1504.250 1.228E-01
  1504.500 1.230E-01
  1504.750 1.231E-01
  1505.000 1.242E-01
  1505.250 1.250E-01
  1505.500 1.253E-01
  1505.750 1.255E-01
  1506.000 1.259E-01
  1506.250 1.263E-01
  1506.500 1.267E-01
  1506.750 1.274E-01
  1507.000 1.282E-01
  1507.250 1.288E-01
  1507.500 1.293E-01
  1507.750 1.297E-01
  1508.000 1.302E-01
  1508.250 1.307E-01
  1508.500 1.311E-01
  1508.750 1.312E-01
  1509.000 1.305E-01
  1509.250 1.301E-01
  1509.500 1.320E-01
  1509.750 1.333E-01
  1510.000 1.337E-01
  1510.250 1.339E-01
  1510.500 1.310E-01
  1510.750 1.235E-01
  1511.000 1.237E-01
  1511.250 1.323E-01
  1511.500 1.351E-01
  1511.750 1.333E-01
  1512.000 1.321E-01
  1512.250 1.327E-01
  1512.500 1.337E-01
  1512.750 1.337E-01
  1513.000 1.323E-01
  1513.250 1.304E-01
  1513.500 1.277E-01
  1513.750 1.243E-01
  1514.000 1.213E-01
  1514.250 1.175E-01
  1514.500 1.110E-01
  1514.750 9.890E-02
  1515.000 7.707E-02
  1515.250 4.997E-02
  1515.500 3.317E-02
  1515.750 2.749E-02
  1516.000 2.632E-02
  1516.250 2.668E-02
  1516.500 2.582E-02
  1516.750 2.036E-02
  1517.000 1.150E-02
  1517.250 6.637E-03
  1517.500 6.055E-03
  1517.750 6.987E-03
  1518.000 8.855E-03
  1518.250 1.056E-02
  1518.500 1.288E-02
  1518.750 1.588E-02
  1519.000 1.871E-02
  1519.250 2.105E-02
  1519.500 2.076E-02
  1519.750 1.959E-02
  1520.000 1.370E-02
  1520.250 6.666E-03
  1520.500 3.300E-03
  1520.750 2.668E-03
  1521.000 2.913E-03
  1521.250 3.346E-03
  1521.500 4.124E-03
  1521.750 4.248E-03
  1522.000 4.042E-03
  1522.250 4.311E-03
  1522.500 4.895E-03
  1522.750 5.801E-03
  1523.000 5.183E-03
  1523.250 5.550E-03
  1523.500 6.184E-03
  1523.750 4.673E-03
  1524.000 3.714E-03
  1524.250 3.734E-03
  1524.500 3.979E-03
  1524.750 3.965E-03
  1525.000 4.285E-03
  1525.250 5.258E-03
  1525.500 6.603E-03
  1525.750 6.799E-03
  1526.000 7.616E-03
  1526.250 9.996E-03
  1526.500 9.265E-03
  1526.750 8.466E-03
  1527.000 8.615E-03
  1527.250 6.060E-03
  1527.500 5.489E-03
  1527.750 7.215E-03
  1528.000 6.511E-03
  1528.250 5.938E-03
  1528.500 7.580E-03
  1528.750 9.482E-03
  1529.000 9.427E-03
  1529.250 8.168E-03
  1529.500 8.069E-03
  1529.750 1.131E-02
  1530.000 2.078E-02
  1530.250 2.797E-02
  1530.500 2.336E-02
  1530.750 1.445E-02
  1531.000 1.578E-02
  1531.250 2.049E-02
  1531.500 2.260E-02
  1531.750 2.947E-02
  1532.000 2.884E-02
  1532.250 2.407E-02
  1532.500 2.110E-02
  1532.750 2.056E-02
  1533.000 2.722E-02
  1533.250 3.635E-02
  1533.500 3.507E-02
  1533.750 3.016E-02
  1534.000 2.501E-02
  1534.250 2.474E-02
  1534.500 3.343E-02
  1534.750 3.013E-02
  1535.000 3.587E-02
  1535.250 5.061E-02
  1535.500 5.267E-02
  1535.750 5.407E-02
  1536.000 4.411E-02
  1536.250 3.782E-02
  1536.500 4.304E-02
  1536.750 4.276E-02
  1537.000 4.061E-02
  1537.250 3.457E-02
  1537.500 2.697E-02
  1537.750 3.791E-02
  1538.000 4.978E-02
  1538.250 5.867E-02
  1538.500 7.811E-02
  1538.750 7.959E-02
  1539.000 6.956E-02
  1539.250 8.279E-02
  1539.500 7.928E-02
  1539.750 7.708E-02
  1540.000 8.355E-02
  1540.250 7.040E-02
  1540.500 5.982E-02
  1540.750 4.418E-02
  1541.000 4.028E-02
  1541.250 4.217E-02
  1541.500 5.807E-02
  1541.750 8.855E-02
  1542.000 9.023E-02
  1542.250 5.989E-02
  1542.500 7.706E-02
  1542.750 1.194E-01
  1543.000 1.254E-01
  1543.250 1.117E-01
  1543.500 8.967E-02
  1543.750 7.742E-02
  1544.000 9.218E-02
  1544.250 8.717E-02
  1544.500 7.603E-02
  1544.750 8.035E-02
  1545.000 8.442E-02
  1545.250 9.113E-02
  1545.500 7.758E-02
  1545.750 5.491E-02
  1546.000 6.849E-02
  1546.250 9.349E-02
  1546.500 9.174E-02
  1546.750 8.513E-02
  1547.000 7.633E-02
  1547.250 7.357E-02
  1547.500 9.646E-02
  1547.750 1.015E-01
  1548.000 1.009E-01
  1548.250 1.000E-01
  1548.500 6.874E-02
  1548.750 6.088E-02
  1549.000 9.577E-02
  1549.250 1.277E-01
  1549.500 1.345E-01
  1549.750 1.424E-01
  1550.000 1.430E-01
  1550.250 1.242E-01
  1550.500 1.119E-01
  1550.750 1.087E-01
  1551.000 9.294E-02
  1551.250 8.255E-02
  1551.500 9.998E-02
  1551.750 9.825E-02
  1552.000 7.361E-02
  1552.250 7.494E-02
  1552.500 9.065E-02
  1552.750 9.756E-02
  1553.000 9.460E-02
  1553.250 1.076E-01
  1553.500 1.245E-01
  1553.750 1.151E-01
  1554.000 7.844E-02
  1554.250 5.019E-02
  1554.500 4.792E-02
  1554.750 6.365E-02
  1555.000 9.165E-02
  1555.250 8.239E-02
  1555.500 4.729E-02
  1555.750 3.907E-02
  1556.000 4.217E-02
  1556.250 5.269E-02
  1556.500 8.812E-02
  1556.750 1.202E-01
  1557.000 1.233E-01
  1557.250 9.794E-02
  1557.500 9.706E-02
  1557.750 1.265E-01
  1558.000 1.343E-01
  1558.250 1.165E-01
  1558.500 9.479E-02
  1558.750 8.348E-02
  1559.000 7.421E-02
  1559.250 6.340E-02
  1559.500 4.528E-02
  1559.750 2.579E-02
  1560.000 1.444E-02
  1560.250 1.099E-02
  1560.500 1.224E-02
  1560.750 1.400E-02
  1561.000 2.195E-02
  1561.250 2.127E-02
  1561.500 1.583E-02
  1561.750 1.497E-02
  1562.000 1.943E-02
  1562.250 4.136E-02
  1562.500 7.586E-02
  1562.750 1.035E-01
  1563.000 1.016E-01
  1563.250 7.503E-02
  1563.500 6.545E-02
  1563.750 6.484E-02
  1564.000 7.371E-02
  1564.250 8.274E-02
  1564.500 6.153E-02
  1564.750 6.760E-02
  1565.000 9.993E-02
  1565.250 1.029E-01
  1565.500 1.103E-01
  1565.750 1.276E-01
  1566.000 1.325E-01
  1566.250 1.312E-01
  1566.500 1.366E-01
  1566.750 1.374E-01
  1567.000 1.291E-01
  1567.250 1.032E-01
  1567.500 6.695E-02
  1567.750 4.901E-02
  1568.000 5.719E-02
  1568.250 7.769E-02
  1568.500 1.044E-01
  1568.750 1.304E-01
  1569.000 1.542E-01
  1569.250 1.604E-01
  1569.500 1.542E-01
  1569.750 1.502E-01
  1570.000 1.485E-01
  1570.250 1.283E-01
  1570.500 1.121E-01
  1570.750 1.213E-01
  1571.000 1.323E-01
  1571.250 1.231E-01
  1571.500 1.085E-01
  1571.750 9.213E-02
  1572.000 1.127E-01
  1572.250 1.439E-01
  1572.500 1.437E-01
  1572.750 1.353E-01
  1573.000 1.428E-01
  1573.250 1.390E-01
  1573.500 1.090E-01
  1573.750 6.374E-02
  1574.000 5.235E-02
  1574.250 7.990E-02
  1574.500 8.018E-02
  1574.750 5.167E-02
  1575.000 6.577E-02
  1575.250 1.156E-01
  1575.500 1.467E-01
  1575.750 1.576E-01
  1576.000 1.615E-01
  1576.250 1.625E-01
  1576.500 1.570E-01
  1576.750 1.312E-01
  1577.000 9.818E-02
  1577.250 1.158E-01
  1577.500 1.518E-01
  1577.750 1.600E-01
  1578.000 1.558E-01
  1578.250 1.549E-01
  1578.500 1.547E-01
  1578.750 1.638E-01
  1579.000 1.695E-01
  1579.250 1.697E-01
  1579.500 1.682E-01
  1579.750 1.620E-01
  1580.000 1.374E-01
  1580.250 1.002E-01
  1580.500 9.583E-02
  1580.750 1.230E-01
  1581.000 1.556E-01
  1581.250 1.665E-01
  1581.500 1.701E-01
  1581.750 1.719E-01
  1582.000 1.713E-01
  1582.250 1.702E-01
  1582.500 1.691E-01
  1582.750 1.700E-01
  1583.000 1.719E-01
  1583.250 1.718E-01
  1583.500 1.641E-01
  1583.750 1.326E-01
  1584.000 8.652E-02
  1584.250 7.596E-02
  1584.500 9.734E-02
  1584.750 1.065E-01
  1585.000 1.192E-01
  1585.250 1.493E-01
  1585.500 1.600E-01
  1585.750 1.421E-01
  1586.000 1.017E-01
  1586.250 9.940E-02
  1586.500 1.094E-01
  1586.750 8.920E-02
  1587.000 1.108E-01
  1587.250 1.448E-01
  1587.500 1.338E-01
  1587.750 1.136E-01
  1588.000 1.328E-01
  1588.250 1.495E-01
  1588.500 1.529E-01
  1588.750 1.494E-01
  1589.000 1.424E-01
  1589.250 1.401E-01
  1589.500 1.513E-01
  1589.750 1.590E-01
  1590.000 1.609E-01
  1590.250 1.279E-01
  1590.500 9.484E-02
  1590.750 1.170E-01
  1591.000 1.282E-01
  1591.250 1.386E-01
  1591.500 1.647E-01
  1591.750 1.679E-01
  1592.000 1.445E-01
  1592.250 9.656E-02
  1592.500 7.834E-02
  1592.750 1.189E-01
  1593.000 1.599E-01
  1593.250 1.751E-01
  1593.500 1.781E-01
  1593.750 1.661E-01
  1594.000 1.411E-01
  1594.250 1.412E-01
  1594.500 1.371E-01
  1594.750 9.382E-02
  1595.000 7.379E-02
  1595.250 1.164E-01
  1595.500 1.605E-01
  1595.750 1.807E-01
  1596.000 1.893E-01
  1596.250 1.935E-01
  1596.500 1.958E-01
  1596.750 1.979E-01
  1597.000 1.995E-01
  1597.250 2.007E-01
  1597.500 2.018E-01
  1597.750 2.027E-01
  1598.000 2.007E-01
  1598.250 1.850E-01
  1598.500 1.598E-01
  1598.750 1.650E-01
  1599.000 1.944E-01
  1599.250 2.070E-01
  1599.500 2.087E-01
  1599.750 2.076E-01
  1600.000 2.097E-01
  1600.250 2.474E-01
  1600.500 3.430E-01
  1600.750 3.940E-01
  1601.000 4.109E-01
  1601.250 4.274E-01
  1601.500 4.268E-01
  1601.750 4.168E-01
  1602.000 3.925E-01
  1602.250 3.722E-01
  1602.500 3.627E-01
  1602.750 3.623E-01
  1603.000 3.725E-01
  1603.250 3.864E-01
  1603.500 3.915E-01
  1603.750 3.982E-01
  1604.000 4.014E-01
  1604.250 4.091E-01
  1604.500 4.303E-01
  1604.750 4.549E-01
  1605.000 4.912E-01
  1605.250 5.266E-01
  1605.500 5.026E-01
  1605.750 4.027E-01
  1606.000 4.407E-01
  1606.250 5.494E-01
  1606.500 5.426E-01
  1606.750 4.935E-01
  1607.000 4.648E-01
  1607.250 4.601E-01
  1607.500 4.696E-01
  1607.750 4.959E-01
  1608.000 5.297E-01
  1608.250 5.098E-01
  1608.500 4.303E-01
  1608.750 3.633E-01
  1609.000 3.824E-01
  1609.250 5.212E-01
  1609.500 5.396E-01
  1609.750 5.329E-01
  1610.000 5.454E-01
  1610.250 5.170E-01
  1610.500 4.873E-01
  1610.750 4.415E-01
  1611.000 4.180E-01
  1611.250 4.354E-01
  1611.500 4.464E-01
  1611.750 4.481E-01
  1612.000 4.516E-01
  1612.250 4.772E-01
  1612.500 5.007E-01
  1612.750 5.056E-01
  1613.000 5.289E-01
  1613.250 5.242E-01
  1613.500 5.294E-01
  1613.750 5.579E-01
  1614.000 5.849E-01
  1614.250 4.929E-01
  1614.500 3.004E-01
  1614.750 3.388E-01
  1615.000 5.353E-01
  1615.250 6.188E-01
  1615.500 5.527E-01
  1615.750 3.659E-01
  1616.000 2.453E-01
  1616.250 2.670E-01
  1616.500 2.477E-01
  1616.750 3.474E-01
  1617.000 5.603E-01
  1617.250 6.754E-01
  1617.500 6.963E-01
  1617.750 6.630E-01
  1618.000 6.203E-01
  1618.250 6.271E-01
  1618.500 6.202E-01
  1618.750 5.746E-01
  1619.000 4.619E-01
  1619.250 4.777E-01
  1619.500 5.063E-01
  1619.750 5.481E-01
  1620.000 4.993E-01
  1620.250 3.235E-01
  1620.500 2.824E-01
  1620.750 4.208E-01
  1621.000 4.901E-01
  1621.250 4.505E-01
  1621.500 3.491E-01
  1621.750 2.026E-01
  1622.000 9.247E-02
  1622.250 4.621E-02
  1622.500 3.354E-02
  1622.750 2.900E-02
  1623.000 3.294E-02
  1623.250 4.416E-02
  1623.500 6.353E-02
  1623.750 9.817E-02
  1624.000 1.390E-01
  1624.250 1.775E-01
  1624.500 2.105E-01
  1624.750 2.383E-01
  1625.000 2.655E-01
  1625.250 2.640E-01
  1625.500 1.956E-01
  1625.750 1.773E-01
  1626.000 2.811E-01
  1626.250 3.623E-01
  1626.500 3.928E-01
  1626.750 4.308E-01
  1627.000 3.896E-01
  1627.250 3.660E-01
  1627.500 2.836E-01
  1627.750 2.252E-01
  1628.000 2.972E-01
  1628.250 4.374E-01
  1628.500 4.797E-01
  1628.750 3.649E-01
  1629.000 2.517E-01
  1629.250 1.362E-01
  1629.500 6.912E-02
  1629.750 6.667E-02
  1630.000 9.382E-02
  1630.250 1.795E-01
  1630.500 2.593E-01
  1630.750 2.910E-01
  1631.000 2.157E-01
  1631.250 1.792E-01
  1631.500 2.675E-01
  1631.750 4.388E-01
  1632.000 6.122E-01
  1632.250 6.529E-01
  1632.500 5.794E-01
  1632.750 4.247E-01
  1633.000 2.607E-01
  1633.250 1.846E-01
  1633.500 2.698E-01
  1633.750 2.952E-01
  1634.000 2.442E-01
  1634.250 3.113E-01
  1634.500 4.245E-01
  1634.750 6.374E-01
  1635.000 7.963E-01
  1635.250 7.869E-01
  1635.500 7.761E-01
  1635.750 8.029E-01
  1636.000 7.563E-01
  1636.250 6.265E-01
  1636.500 5.867E-01
  1636.750 7.498E-01
  1637.000 7.733E-01
  1637.250 7.044E-01
  1637.500 6.966E-01
  1637.750 7.141E-01
  1638.000 7.475E-01
  1638.250 8.026E-01
  1638.500 8.160E-01
  1638.750 6.940E-01
  1639.000 6.372E-01
  1639.250 7.104E-01
  1639.500 7.159E-01
  1639.750 6.867E-01
  1640.000 6.203E-01
  1640.250 6.043E-01
  1640.500 6.312E-01
  1640.750 6.388E-01
  1641.000 6.508E-01
  1641.250 7.135E-01
  1641.500 7.647E-01
  1641.750 6.699E-01
  1642.000 6.361E-01
  1642.250 7.824E-01
  1642.500 7.835E-01
  1642.750 6.777E-01
  1643.000 6.113E-01
  1643.250 5.794E-01
  1643.500 5.628E-01
  1643.750 5.519E-01
  1644.000 5.489E-01
  1644.250 5.829E-01
  1644.500 6.276E-01
  1644.750 6.314E-01
  1645.000 6.369E-01
  1645.250 7.365E-01
  1645.500 8.313E-01
  1645.750 7.279E-01
  1646.000 6.403E-01
  1646.250 7.598E-01
  1646.500 7.949E-01
  1646.750 7.558E-01
  1647.000 7.154E-01
  1647.250 6.948E-01
  1647.500 7.233E-01
  1647.750 7.334E-01
  1648.000 7.373E-01
  1648.250 7.501E-01
  1648.500 7.665E-01
  1648.750 7.819E-01
  1649.000 7.800E-01
  1649.250 7.268E-01
  1649.500 7.034E-01
  1649.750 7.552E-01
  1650.000 8.499E-01
  1650.250 9.374E-01
  1650.500 9.351E-01
  1650.750 8.082E-01
  1651.000 5.790E-01
  1651.250 6.004E-01
  1651.500 8.304E-01
  1651.750 9.096E-01
  1652.000 8.933E-01
  1652.250 9.651E-01
  1652.500 1.026E+00
  1652.750 1.034E+00
  1653.000 9.593E-01
  1653.250 7.623E-01
  1653.500 7.373E-01
  1653.750 8.877E-01
  1654.000 8.890E-01
  1654.250 7.852E-01
  1654.500 7.369E-01
  1654.750 7.349E-01
  1655.000 6.866E-01
  1655.250 6.289E-01
  1655.500 5.250E-01
  1655.750 3.495E-01
  1656.000 1.715E-01
  1656.250 7.427E-02
  1656.500 5.983E-02
  1656.750 4.620E-02
  1657.000 2.551E-02
  1657.250 2.950E-02
  1657.500 5.070E-02
  1657.750 5.164E-02
  1658.000 3.710E-02
  1658.250 8.737E-02
  1658.500 2.297E-01
  1658.750 4.008E-01
  1659.000 5.772E-01
  1659.250 6.840E-01
  1659.500 7.489E-01
  1659.750 8.821E-01
  1660.000 9.677E-01
  1660.250 9.143E-01
  1660.500 8.435E-01
  1660.750 9.285E-01
  1661.000 9.920E-01
  1661.250 9.726E-01
  1661.500 1.025E+00
  1661.750 1.069E+00
  1662.000 1.073E+00
  1662.250 1.085E+00
  1662.500 1.092E+00
  1662.750 1.107E+00
  1663.000 1.062E+00
  1663.250 1.014E+00
  1663.500 1.035E+00
  1663.750 1.026E+00
  1664.000 1.062E+00
  1664.250 9.408E-01
  1664.500 7.663E-01
  1664.750 9.564E-01
  1665.000 1.172E+00
  1665.250 1.216E+00
  1665.500 1.220E+00
  1665.750 1.193E+00
  1666.000 9.985E-01
  1666.250 6.311E-01
  1666.500 4.708E-01
  1666.750 6.491E-01
  1667.000 9.309E-01
  1667.250 9.055E-01
  1667.500 6.083E-01
  1667.750 5.744E-01
  1668.000 7.519E-01
  1668.250 6.081E-01
  1668.500 3.978E-01
  1668.750 6.212E-01
  1669.000 1.002E+00
  1669.250 1.159E+00
  1669.500 1.121E+00
  1669.750 1.005E+00
  1670.000 8.127E-01
  1670.250 6.133E-01
  1670.500 3.806E-01
  1670.750 1.494E-01
  1671.000 1.245E-01
  1671.250 3.112E-01
  1671.500 4.988E-01
  1671.750 6.781E-01
  1672.000 8.236E-01
  1672.250 7.246E-01
  1672.500 4.950E-01
  1672.750 6.121E-01
  1673.000 9.785E-01
  1673.250 1.140E+00
  1673.500 1.159E+00
  1673.750 1.210E+00
  1674.000 1.139E+00
  1674.250 8.987E-01
  1674.500 6.039E-01
  1674.750 4.232E-01
  1675.000 2.977E-01
  1675.250 1.885E-01
  1675.500 2.264E-01
  1675.750 2.642E-01
  1676.000 2.351E-01
  1676.250 2.359E-01
  1676.500 2.911E-01
  1676.750 3.289E-01
  1677.000 3.914E-01
  1677.250 4.503E-01
  1677.500 4.850E-01
  1677.750 5.252E-01
  1678.000 5.730E-01
  1678.250 6.375E-01
  1678.500 6.940E-01
  1678.750 7.085E-01
  1679.000 7.008E-01
  1679.250 7.059E-01
  1679.500 5.820E-01
  1679.750 5.977E-01
  1680.000 9.202E-01
  1680.250 9.832E-01
  1680.500 9.586E-01
  1680.750 1.043E+00
  1681.000 8.519E-01
  1681.250 9.632E-01
  1681.500 1.074E+00
  1681.750 9.370E-01
  1682.000 1.006E+00
  1682.250 9.359E-01
  1682.500 6.410E-01
  1682.750 5.976E-01
  1683.000 6.778E-01
  1683.250 4.893E-01
  1683.500 3.448E-01
  1683.750 4.372E-01
  1684.000 5.335E-01
  1684.250 5.067E-01
  1684.500 4.519E-01
  1684.750 4.121E-01
  1685.000 4.925E-01
  1685.250 5.400E-01
  1685.500 4.931E-01
  1685.750 4.387E-01
  1686.000 3.404E-01
  1686.250 3.491E-01
  1686.500 4.606E-01
  1686.750 4.055E-01
  1687.000 3.445E-01
  1687.250 5.235E-01
  1687.500 6.227E-01
  1687.750 5.939E-01
  1688.000 7.440E-01
  1688.250 9.665E-01
  1688.500 8.732E-01
  1688.750 7.301E-01
  1689.000 7.636E-01
  1689.250 7.273E-01
  1689.500 8.077E-01
  1689.750 8.545E-01
  1690.000 8.063E-01
  1690.250 1.089E+00
  1690.500 1.182E+00
  1690.750 9.041E-01
  1691.000 8.113E-01
  1691.250 9.068E-01
  1691.500 1.030E+00
  1691.750 9.567E-01
  1692.000 8.556E-01
  1692.250 9.132E-01
  1692.500 7.630E-01
  1692.750 5.833E-01
  1693.000 4.908E-01
  1693.250 3.810E-01
  1693.500 5.692E-01
  1693.750 9.044E-01
  1694.000 9.720E-01
  1694.250 1.046E+00
  1694.500 9.247E-01
  1694.750 8.833E-01
  1695.000 8.669E-01
  1695.250 6.345E-01
  1695.500 3.815E-01
  1695.750 2.744E-01
  1696.000 1.878E-01
  1696.250 1.908E-01
  1696.500 3.877E-01
  1696.750 5.853E-01
  1697.000 7.583E-01
  1697.250 7.803E-01
  1697.500 5.405E-01
  1697.750 2.496E-01
  1698.000 1.743E-01
  1698.250 3.434E-01
  1698.500 5.895E-01
  1698.750 8.563E-01
  1699.000 9.840E-01
  1699.250 1.091E+00
  1699.500 1.060E+00
  1699.750 8.127E-01
  1700.000 6.418E-01
  1700.250 3.876E-01
  1700.500 2.581E-01
  1700.750 5.392E-01
  1701.000 1.096E+00
  1701.250 1.530E+00
  1701.500 1.711E+00
  1701.750 1.583E+00
  1702.000 1.400E+00
  1702.250 1.561E+00
  1702.500 1.460E+00
  1702.750 9.808E-01
  1703.000 9.807E-01
  1703.250 1.330E+00
  1703.500 1.494E+00
  1703.750 1.602E+00
  1704.000 1.337E+00
  1704.250 8.302E-01
  1704.500 6.158E-01
  1704.750 1.059E+00
  1705.000 1.415E+00
  1705.250 1.559E+00
  1705.500 1.543E+00
  1705.750 1.243E+00
  1706.000 1.387E+00
  1706.250 1.626E+00
  1706.500 1.612E+00
  1706.750 1.391E+00
  1707.000 9.462E-01
  1707.250 1.041E+00
  1707.500 1.242E+00
  1707.750 1.358E+00
  1708.000 1.675E+00
  1708.250 1.697E+00
  1708.500 1.553E+00
  1708.750 1.530E+00
  1709.000 1.585E+00
  1709.250 1.469E+00
  1709.500 1.211E+00
  1709.750 1.362E+00
  1710.000 1.573E+00
  1710.250 1.573E+00
  1710.500 1.563E+00
  1710.750 1.487E+00
  1711.000 1.336E+00
  1711.250 1.297E+00
  1711.500 1.390E+00
  1711.750 1.450E+00
  1712.000 1.443E+00
  1712.250 1.503E+00
  1712.500 1.603E+00
  1712.750 1.596E+00
  1713.000 1.538E+00
  1713.250 1.426E+00
  1713.500 1.330E+00
  1713.750 1.469E+00
  1714.000 1.681E+00
  1714.250 1.746E+00
  1714.500 1.545E+00
  1714.750 1.328E+00
  1715.000 1.214E+00
  1715.250 1.105E+00
  1715.500 1.032E+00
  1715.750 9.500E-01
  1716.000 9.604E-01
  1716.250 1.172E+00
  1716.500 1.388E+00
  1716.750 1.366E+00
  1717.000 1.152E+00
  1717.250 9.309E-01
  1717.500 8.911E-01
  1717.750 9.718E-01
  1718.000 1.099E+00
  1718.250 1.329E+00
  1718.500 1.371E+00
  1718.750 1.199E+00
  1719.000 1.039E+00
  1719.250 9.868E-01
  1719.500 9.446E-01
  1719.750 9.748E-01
  1720.000 1.235E+00
  1720.250 1.435E+00
  1720.500 1.403E+00
  1720.750 1.358E+00
  1721.000 1.466E+00
  1721.250 1.557E+00
  1721.500 1.575E+00
  1721.750 1.656E+00
  1722.000 1.724E+00
  1722.250 1.757E+00
  1722.500 1.771E+00
  1722.750 1.790E+00
  1723.000 1.623E+00
  1723.250 1.495E+00
  1723.500 1.619E+00
  1723.750 1.907E+00
  1724.000 1.956E+00
  1724.250 1.661E+00
  1724.500 1.684E+00
  1724.750 1.719E+00
  1725.000 1.586E+00
  1725.250 1.500E+00
  1725.500 1.558E+00
  1725.750 1.711E+00
  1726.000 1.709E+00
  1726.250 1.567E+00
  1726.500 1.503E+00
  1726.750 1.603E+00
  1727.000 1.875E+00
  1727.250 1.982E+00
  1727.500 1.924E+00
  1727.750 1.909E+00
  1728.000 1.557E+00
  1728.250 1.190E+00
  1728.500 1.007E+00
  1728.750 9.758E-01
  1729.000 8.941E-01
  1729.250 7.737E-01
  1729.500 7.404E-01
  1729.750 7.807E-01
  1730.000 8.976E-01
  1730.250 1.174E+00
  1730.500 1.387E+00
  1730.750 1.211E+00
  1731.000 1.106E+00
  1731.250 1.078E+00
  1731.500 9.227E-01
  1731.750 8.373E-01
  1732.000 8.090E-01
  1732.250 8.390E-01
  1732.500 9.884E-01
  1732.750 9.226E-01
  1733.000 7.970E-01
  1733.250 9.209E-01
  1733.500 1.028E+00
  1733.750 9.007E-01
  1734.000 8.799E-01
  1734.250 1.139E+00
  1734.500 1.603E+00
  1734.750 1.722E+00
  1735.000 1.430E+00
  1735.250 1.196E+00
  1735.500 1.098E+00
  1735.750 9.781E-01
  1736.000 1.084E+00
  1736.250 1.502E+00
  1736.500 1.825E+00
  1736.750 1.673E+00
  1737.000 1.332E+00
  1737.250 1.214E+00
  1737.500 1.233E+00
  1737.750 1.347E+00
  1738.000 1.299E+00
  1738.250 1.184E+00
  1738.500 1.180E+00
  1738.750 1.245E+00
  1739.000 1.380E+00
  1739.250 1.625E+00
  1739.500 1.999E+00
  1739.750 2.375E+00
  1740.000 2.343E+00
  1740.250 1.922E+00
  1740.500 1.985E+00
  1740.750 2.344E+00
  1741.000 2.307E+00
  1741.250 2.047E+00
  1741.500 1.913E+00
  1741.750 1.801E+00
  1742.000 1.657E+00
  1742.250 1.554E+00
  1742.500 1.548E+00
  1742.750 1.682E+00
  1743.000 1.916E+00
  1743.250 2.304E+00
  1743.500 2.594E+00
  1743.750 2.331E+00
  1744.000 2.261E+00
  1744.250 2.590E+00
  1744.500 2.410E+00
  1744.750 2.158E+00
  1745.000 2.152E+00
  1745.250 2.035E+00
  1745.500 2.066E+00
  1745.750 2.200E+00
  1746.000 2.279E+00
  1746.250 2.411E+00
  1746.500 2.598E+00
  1746.750 2.748E+00
  1747.000 2.802E+00
  1747.250 2.282E+00
  1747.500 1.361E+00
  1747.750 9.485E-01
  1748.000 1.418E+00
  1748.250 2.166E+00
  1748.500 2.618E+00
  1748.750 2.781E+00
  1749.000 2.728E+00
  1749.250 2.470E+00
  1749.500 2.182E+00
  1749.750 1.941E+00
  1750.000 1.762E+00
  1750.250 1.617E+00
  1750.500 1.502E+00
  1750.750 1.423E+00
  1751.000 1.351E+00
  1751.250 1.346E+00
  1751.500 1.520E+00
  1751.750 1.658E+00
  1752.000 1.631E+00
  1752.250 1.621E+00
  1752.500 1.794E+00
  1752.750 2.169E+00
  1753.000 2.424E+00
  1753.250 2.364E+00
  1753.500 1.972E+00
  1753.750 1.609E+00
  1754.000 1.479E+00
  1754.250 1.461E+00
  1754.500 1.397E+00
  1754.750 1.356E+00
  1755.000 1.287E+00
  1755.250 1.212E+00
  1755.500 1.268E+00
  1755.750 1.519E+00
  1756.000 1.741E+00
  1756.250 1.751E+00
  1756.500 1.850E+00
  1756.750 2.054E+00
  1757.000 2.056E+00
  1757.250 2.046E+00
  1757.500 2.059E+00
  1757.750 2.068E+00
  1758.000 2.118E+00
  1758.250 2.185E+00
  1758.500 2.277E+00
  1758.750 2.387E+00
  1759.000 2.551E+00
  1759.250 2.734E+00
  1759.500 2.692E+00
  1759.750 2.693E+00
  1760.000 2.848E+00
  1760.250 2.803E+00
  1760.500 2.709E+00
  1760.750 2.844E+00
  1761.000 2.976E+00
  1761.250 2.899E+00
  1761.500 2.785E+00
  1761.750 2.646E+00
  1762.000 2.317E+00
  1762.250 1.715E+00
  1762.500 9.611E-01
  1762.750 3.876E-01
  1763.000 3.287E-01
  1763.250 7.077E-01
  1763.500 1.022E+00
  1763.750 1.316E+00
  1764.000 1.784E+00
  1764.250 1.997E+00
  1764.500 1.869E+00
  1764.750 1.446E+00
  1765.000 8.611E-01
  1765.250 4.934E-01
  1765.500 2.727E-01
  1765.750 1.497E-01
  1766.000 1.085E-01
  1766.250 7.156E-02
  1766.500 9.713E-02
  1766.750 2.444E-01
  1767.000 5.220E-01
  1767.250 8.746E-01
  1767.500 1.240E+00
  1767.750 1.638E+00
  1768.000 1.978E+00
  1768.250 2.125E+00
  1768.500 1.983E+00
  1768.750 1.438E+00
  1769.000 7.374E-01
  1769.250 6.419E-01
  1769.500 1.105E+00
  1769.750 1.484E+00
  1770.000 1.924E+00
  1770.250 1.846E+00
  1770.500 1.065E+00
  1770.750 7.093E-01
  1771.000 1.327E+00
  1771.250 2.461E+00
  1771.500 3.261E+00
  1771.750 3.541E+00
  1772.000 3.232E+00
  1772.250 2.846E+00
  1772.500 3.296E+00
  1772.750 3.706E+00
  1773.000 3.709E+00
  1773.250 3.557E+00
  1773.500 3.351E+00
  1773.750 3.157E+00
  1774.000 3.062E+00
  1774.250 3.332E+00
  1774.500 3.522E+00
  1774.750 3.161E+00
  1775.000 2.871E+00
  1775.250 3.335E+00
  1775.500 3.502E+00
  1775.750 3.523E+00
  1776.000 3.744E+00
  1776.250 3.979E+00
  1776.500 3.607E+00
  1776.750 2.720E+00
  1777.000 3.046E+00
  1777.250 3.828E+00
  1777.500 3.641E+00
  1777.750 3.163E+00
  1778.000 2.759E+00
  1778.250 2.325E+00
  1778.500 2.023E+00
  1778.750 1.817E+00
  1779.000 1.698E+00
  1779.250 1.652E+00
  1779.500 1.543E+00
  1779.750 1.445E+00
  1780.000 1.444E+00
  1780.250 1.410E+00
  1780.500 1.371E+00
  1780.750 1.462E+00
  1781.000 1.482E+00
  1781.250 1.576E+00
  1781.500 1.614E+00
  1781.750 1.565E+00
  1782.000 1.803E+00
  1782.250 2.456E+00
  1782.500 3.091E+00
  1782.750 3.127E+00
  1783.000 3.127E+00
  1783.250 3.006E+00
  1783.500 2.666E+00
  1783.750 2.138E+00
  1784.000 1.875E+00
  1784.250 1.661E+00
  1784.500 1.534E+00
  1784.750 1.665E+00
  1785.000 2.109E+00
  1785.250 2.620E+00
  1785.500 2.919E+00
  1785.750 3.047E+00
  1786.000 2.872E+00
  1786.250 2.645E+00
  1786.500 2.379E+00
  1786.750 2.109E+00
  1787.000 1.844E+00
  1787.250 2.156E+00
  1787.500 2.755E+00
  1787.750 3.018E+00
  1788.000 2.763E+00
  1788.250 2.172E+00
  1788.500 1.999E+00
  1788.750 1.872E+00
  1789.000 1.354E+00
  1789.250 9.792E-01
  1789.500 9.161E-01
  1789.750 1.081E+00
  1790.000 1.385E+00
  1790.250 1.546E+00
  1790.500 1.216E+00
  1790.750 8.926E-01
  1791.000 8.102E-01
  1791.250 7.962E-01
  1791.500 7.910E-01
  1791.750 7.919E-01
  1792.000 8.175E-01
  1792.250 8.702E-01
  1792.500 8.711E-01
  1792.750 8.183E-01
  1793.000 8.867E-01
  1793.250 1.151E+00
  1793.500 1.234E+00
  1793.750 1.150E+00
  1794.000 9.782E-01
  1794.250 8.206E-01
  1794.500 7.930E-01
  1794.750 8.006E-01
  1795.000 8.100E-01
  1795.250 8.199E-01
  1795.500 8.548E-01
  1795.750 9.443E-01
  1796.000 9.807E-01
  1796.250 9.402E-01
  1796.500 1.181E+00
  1796.750 1.610E+00
  1797.000 1.910E+00
  1797.250 2.214E+00
  1797.500 2.148E+00
  1797.750 1.903E+00
  1798.000 2.156E+00
  1798.250 2.306E+00
  1798.500 2.455E+00
  1798.750 3.315E+00
  1799.000 3.995E+00
  1799.250 4.004E+00
  1799.500 3.359E+00
  1799.750 2.461E+00
  1800.000 1.919E+00
  1800.250 1.702E+00
  1800.500 1.668E+00
  1800.750 1.714E+00
  1801.000 1.768E+00
  1801.250 1.720E+00
  1801.500 1.743E+00
  1801.750 1.935E+00
  1802.000 2.134E+00
  1802.250 2.146E+00
  1802.500 2.077E+00
  1802.750 2.133E+00
  1803.000 2.249E+00
  1803.250 2.441E+00
  1803.500 2.656E+00
  1803.750 2.740E+00
  1804.000 2.817E+00
  1804.250 3.031E+00
  1804.500 3.359E+00
  1804.750 3.823E+00
  1805.000 4.213E+00
  1805.250 4.552E+00
  1805.500 4.895E+00
  1805.750 5.170E+00
  1806.000 5.397E+00
  1806.250 5.436E+00
  1806.500 5.001E+00
  1806.750 3.953E+00
  1807.000 2.379E+00
  1807.250 1.103E+00
  1807.500 1.235E+00
  1807.750 2.348E+00
  1808.000 3.555E+00
  1808.250 4.415E+00
  1808.500 4.841E+00
  1808.750 5.009E+00
  1809.000 4.166E+00
  1809.250 4.398E+00
  1809.500 5.527E+00
  1809.750 5.647E+00
  1810.000 5.223E+00
  1810.250 4.823E+00
  1810.500 4.655E+00
  1810.750 4.829E+00
  1811.000 4.935E+00
  1811.250 4.867E+00
  1811.500 4.757E+00
  1811.750 4.381E+00
  1812.000 4.261E+00
  1812.250 4.269E+00
  1812.500 4.432E+00
  1812.750 4.841E+00
  1813.000 5.354E+00
  1813.250 5.824E+00
  1813.500 6.065E+00
  1813.750 5.131E+00
  1814.000 3.389E+00
  1814.250 3.654E+00
  1814.500 5.147E+00
  1814.750 5.694E+00
  1815.000 5.732E+00
  1815.250 5.327E+00
  1815.500 4.825E+00
  1815.750 4.356E+00
  1816.000 3.964E+00
  1816.250 3.748E+00
  1816.500 3.797E+00
  1816.750 4.101E+00
  1817.000 4.426E+00
  1817.250 4.600E+00
  1817.500 4.929E+00
  1817.750 5.289E+00
  1818.000 5.337E+00
  1818.250 5.417E+00
  1818.500 5.251E+00
  1818.750 5.422E+00
  1819.000 5.852E+00
  1819.250 6.235E+00
  1819.500 6.322E+00
  1819.750 5.699E+00
  1820.000 4.016E+00
  1820.250 2.091E+00
  1820.500 2.073E+00
  1820.750 3.904E+00
  1821.000 5.603E+00
  1821.250 6.421E+00
  1821.500 6.475E+00
  1821.750 6.217E+00
  1822.000 5.751E+00
  1822.250 4.858E+00
  1822.500 4.610E+00
  1822.750 5.372E+00
  1823.000 5.558E+00
  1823.250 5.556E+00
  1823.500 5.705E+00
  1823.750 5.927E+00
  1824.000 6.112E+00
  1824.250 6.224E+00
  1824.500 6.402E+00
  1824.750 6.240E+00
  1825.000 5.614E+00
  1825.250 5.910E+00
  1825.500 6.629E+00
  1825.750 6.432E+00
  1826.000 4.728E+00
  1826.250 3.074E+00
  1826.500 3.938E+00
  1826.750 5.333E+00
  1827.000 5.408E+00
  1827.250 4.683E+00
  1827.500 3.389E+00
  1827.750 1.879E+00
  1828.000 1.412E+00
  1828.250 2.454E+00
  1828.500 4.050E+00
  1828.750 5.449E+00
  1829.000 6.402E+00
  1829.250 7.038E+00
  1829.500 7.222E+00
  1829.750 6.622E+00
  1830.000 6.540E+00
  1830.250 7.231E+00
  1830.500 7.206E+00
  1830.750 6.908E+00
  1831.000 6.762E+00
  1831.250 6.532E+00
  1831.500 6.146E+00
  1831.750 5.951E+00
  1832.000 5.786E+00
  1832.250 5.505E+00
  1832.500 5.234E+00
  1832.750 5.131E+00
  1833.000 5.048E+00
  1833.250 4.892E+00
  1833.500 4.738E+00
  1833.750 4.710E+00
  1834.000 4.713E+00
  1834.250 4.666E+00
  1834.500 4.787E+00
  1834.750 5.174E+00
  1835.000 5.397E+00
  1835.250 5.669E+00
  1835.500 6.320E+00
  1835.750 7.007E+00
  1836.000 7.337E+00
  1836.250 6.205E+00
  1836.500 4.803E+00
  1836.750 6.098E+00
  1837.000 7.534E+00
  1837.250 7.540E+00
  1837.500 7.291E+00
  1837.750 6.985E+00
  1838.000 6.592E+00
  1838.250 6.810E+00
  1838.500 6.725E+00
  1838.750 6.527E+00
  1839.000 6.610E+00
  1839.250 6.877E+00
  1839.500 6.967E+00
  1839.750 6.935E+00
  1840.000 6.928E+00
  1840.250 7.533E+00
  1840.500 7.958E+00
  1840.750 7.166E+00
  1841.000 4.893E+00
  1841.250 2.744E+00
  1841.500 2.856E+00
  1841.750 5.264E+00
  1842.000 7.447E+00
  1842.250 8.203E+00
  1842.500 8.429E+00
  1842.750 8.327E+00
  1843.000 8.245E+00
  1843.250 8.043E+00
  1843.500 6.732E+00
  1843.750 5.405E+00
  1844.000 6.500E+00
  1844.250 7.767E+00
  1844.500 7.738E+00
  1844.750 6.952E+00
  1845.000 5.446E+00
  1845.250 3.359E+00
  1845.500 1.929E+00
  1845.750 2.437E+00
  1846.000 3.191E+00
  1846.250 4.164E+00
  1846.500 5.210E+00
  1846.750 4.965E+00
  1847.000 3.689E+00
  1847.250 1.991E+00
  1847.500 1.159E+00
  1847.750 1.549E+00
  1848.000 1.677E+00
  1848.250 2.054E+00
  1848.500 2.995E+00
  1848.750 3.611E+00
  1849.000 5.099E+00
  1849.250 6.243E+00
  1849.500 6.243E+00
  1849.750 5.588E+00
  1850.000 4.913E+00
