   850.000 4.721E-05
   850.250 4.753E-05
   850.500 4.796E-05
   850.750 4.842E-05
   851.000 4.887E-05
   851.250 4.934E-05
   851.500 4.981E-05
   851.750 5.028E-05
   852.000 5.075E-05
   852.250 5.124E-05
   852.500 5.172E-05
   852.750 5.221E-05
   853.000 5.270E-05
   853.250 5.320E-05
   853.500 5.370E-05
   853.750 5.421E-05
   854.000 5.472E-05
   854.250 5.523E-05
   854.500 5.576E-05
   854.750 5.628E-05
   855.000 5.680E-05
   855.250 5.734E-05
   855.500 5.788E-05
   855.750 5.842E-05
   856.000 5.897E-05
   856.250 5.952E-05
   856.500 6.008E-05
   856.750 6.064E-05
   857.000 6.120E-05
   857.250 6.178E-05
   857.500 6.236E-05
   857.750 6.294E-05
   858.000 6.352E-05
   858.250 6.412E-05
   858.500 6.472E-05
   858.750 6.532E-05
   859.000 6.592E-05
   859.250 6.653E-05
   859.500 6.715E-05
   859.750 6.778E-05
   860.000 6.840E-05
   860.250 6.904E-05
   860.500 6.968E-05
   860.750 7.032E-05
   861.000 7.097E-05
   861.250 7.163E-05
   861.500 7.230E-05
   861.750 7.296E-05
   862.000 7.364E-05
   862.250 7.432E-05
   862.500 7.501E-05
   862.750 7.570E-05
   863.000 7.640E-05
   863.250 7.710E-05
   863.500 7.780E-05
   863.750 7.851E-05
   864.000 7.924E-05
   864.250 7.997E-05
   864.500 8.070E-05
   864.750 8.144E-05
   865.000 8.218E-05
   865.250 8.294E-05
   865.500 8.370E-05
   865.750 8.446E-05
   866.000 8.523E-05
   866.250 8.602E-05
   866.500 8.680E-05
   866.750 8.758E-05
   867.000 8.838E-05
   867.250 8.919E-05
   867.500 9.000E-05
   867.750 9.082E-05
   868.000 9.165E-05
   868.250 9.249E-05
   868.500 9.332E-05
   868.750 9.417E-05
   869.000 9.503E-05
   869.250 9.589E-05
   869.500 9.676E-05
   869.750 9.763E-05
   870.000 9.852E-05
   870.250 9.941E-05
   870.500 1.003E-04
   870.750 1.012E-04
   871.000 1.021E-04
   871.250 1.031E-04
   871.500 1.040E-04
   871.750 1.049E-04
   872.000 1.059E-04
   872.250 1.068E-04
   872.500 1.078E-04
   872.750 1.087E-04
   873.000 1.097E-04
   873.250 1.107E-04
   873.500 1.117E-04
   873.750 1.127E-04
   874.000 1.137E-04
   874.250 1.147E-04
   874.500 1.158E-04
   874.750 1.168E-04
   875.000 1.178E-04
   875.250 1.189E-04
   875.500 1.199E-04
   875.750 1.210E-04
   876.000 1.221E-04
   876.250 1.232E-04
   876.500 1.243E-04
   876.750 1.254E-04
   877.000 1.265E-04
   877.250 1.276E-04
   877.500 1.288E-04
   877.750 1.299E-04
   878.000 1.311E-04
   878.250 1.322E-04
   878.500 1.334E-04
   878.750 1.346E-04
   879.000 1.358E-04
   879.250 1.370E-04
   879.500 1.382E-04
   879.750 1.394E-04
   880.000 1.406E-04
   880.250 1.419E-04
   880.500 1.431E-04
   880.750 1.444E-04
   881.000 1.456E-04
   881.250 1.469E-04
   881.500 1.482E-04
   881.750 1.495E-04
   882.000 1.508E-04
   882.250 1.522E-04
   882.500 1.535E-04
   882.750 1.548E-04
   883.000 1.562E-04
   883.250 1.576E-04
   883.500 1.589E-04
   883.750 1.603E-04
   884.000 1.617E-04
   884.250 1.631E-04
   884.500 1.646E-04
   884.750 1.660E-04
   885.000 1.674E-04
   885.250 1.689E-04
   885.500 1.704E-04
   885.750 1.719E-04
   886.000 1.734E-04
   886.250 1.749E-04
   886.500 1.764E-04
   886.750 1.779E-04
   887.000 1.795E-04
   887.250 1.810E-04
   887.500 1.826E-04
   887.750 1.842E-04
   888.000 1.858E-04
   888.250 1.874E-04
   888.500 1.890E-04
   888.750 1.906E-04
   889.000 1.923E-04
   889.250 1.939E-04
   889.500 1.956E-04
   889.750 1.973E-04
   890.000 1.990E-04
   890.250 2.007E-04
   890.500 2.024E-04
   890.750 2.042E-04
   891.000 2.059E-04
   891.250 2.077E-04
   891.500 2.095E-04
   891.750 2.113E-04
   892.000 2.131E-04
   892.250 2.149E-04
   892.500 2.168E-04
   892.750 2.186E-04
   893.000 2.205E-04
   893.250 2.224E-04
   893.500 2.243E-04
   893.750 2.262E-04
   894.000 2.281E-04
   894.250 2.300E-04
   894.500 2.320E-04
   894.750 2.340E-04
   895.000 2.360E-04
   895.250 2.380E-04
   895.500 2.400E-04
   895.750 2.420E-04
   896.000 2.441E-04
   896.250 2.462E-04
   896.500 2.483E-04
   896.750 2.503E-04
   897.000 2.525E-04
   897.250 2.546E-04
   897.500 2.568E-04
   897.750 2.589E-04
   898.000 2.611E-04
   898.250 2.633E-04
   898.500 2.656E-04
   898.750 2.678E-04
   899.000 2.700E-04
   899.250 2.723E-04
   899.500 2.746E-04
   899.750 2.769E-04
   900.000 2.792E-04
   900.250 2.816E-04
   900.500 2.840E-04
   900.750 2.863E-04
   901.000 2.887E-04
   901.250 2.912E-04
   901.500 2.936E-04
   901.750 2.960E-04
   902.000 2.985E-04
   902.250 3.010E-04
   902.500 3.035E-04
   902.750 3.061E-04
   903.000 3.086E-04
   903.250 3.112E-04
   903.500 3.138E-04
   903.750 3.164E-04
   904.000 3.191E-04
   904.250 3.218E-04
   904.500 3.244E-04
   904.750 3.271E-04
   905.000 3.298E-04
   905.250 3.325E-04
   905.500 3.353E-04
   905.750 3.381E-04
   906.000 3.409E-04
   906.250 3.437E-04
   906.500 3.465E-04
   906.750 3.494E-04
   907.000 3.523E-04
   907.250 3.552E-04
   907.500 3.581E-04
   907.750 3.611E-04
   908.000 3.641E-04
   908.250 3.671E-04
   908.500 3.701E-04
   908.750 3.732E-04
   909.000 3.763E-04
   909.250 3.793E-04
   909.500 3.824E-04
   909.750 3.856E-04
   910.000 3.888E-04
   910.250 3.919E-04
   910.500 3.951E-04
   910.750 3.984E-04
   911.000 4.017E-04
   911.250 4.048E-04
   911.500 4.072E-04
   911.750 4.082E-04
   912.000 4.091E-04
   912.250 4.132E-04
   912.500 4.199E-04
   912.750 4.250E-04
   913.000 4.310E-04
   913.250 4.772E-04
   913.500 7.252E-04
   913.750 1.224E-03
   914.000 1.797E-03
   914.250 2.553E-03
   914.500 3.423E-03
   914.750 4.163E-03
   915.000 4.957E-03
   915.250 5.924E-03
   915.500 6.908E-03
   915.750 7.736E-03
   916.000 8.712E-03
   916.250 1.106E-02
   916.500 1.257E-02
   916.750 1.285E-02
   917.000 1.554E-02
   917.250 1.805E-02
   917.500 1.785E-02
   917.750 1.926E-02
   918.000 2.331E-02
   918.250 2.381E-02
   918.500 2.300E-02
   918.750 2.458E-02
   919.000 2.756E-02
   919.250 3.550E-02
   919.500 3.338E-02
   919.750 2.805E-02
   920.000 3.448E-02
   920.250 3.703E-02
   920.500 3.383E-02
   920.750 3.567E-02
   921.000 3.567E-02
   921.250 3.165E-02
   921.500 3.017E-02
   921.750 3.042E-02
   922.000 3.608E-02
   922.250 4.833E-02
   922.500 4.687E-02
   922.750 3.744E-02
   923.000 3.878E-02
   923.250 4.162E-02
   923.500 4.035E-02
   923.750 4.386E-02
   924.000 6.939E-02
   924.250 9.881E-02
   924.500 9.978E-02
   924.750 7.141E-02
   925.000 6.465E-02
   925.250 7.890E-02
   925.500 7.029E-02
   925.750 5.672E-02
   926.000 5.367E-02
   926.250 4.168E-02
   926.500 3.552E-02
   926.750 4.101E-02
   927.000 6.244E-02
   927.250 1.077E-01
   927.500 1.592E-01
   927.750 2.016E-01
   928.000 2.120E-01
   928.250 2.081E-01
   928.500 2.183E-01
   928.750 2.353E-01
   929.000 2.310E-01
   929.250 1.777E-01
   929.500 9.758E-02
   929.750 7.371E-02
   930.000 6.695E-02
   930.250 5.651E-02
   930.500 7.382E-02
   930.750 7.698E-02
   931.000 5.003E-02
   931.250 4.883E-02
   931.500 7.439E-02
   931.750 1.356E-01
   932.000 1.974E-01
   932.250 2.606E-01
   932.500 3.148E-01
   932.750 3.509E-01
   933.000 3.999E-01
   933.250 4.463E-01
   933.500 5.071E-01
   933.750 5.259E-01
   934.000 5.887E-01
   934.250 7.055E-01
   934.500 6.869E-01
   934.750 5.922E-01
   935.000 5.490E-01
   935.250 4.717E-01
   935.500 3.608E-01
   935.750 2.955E-01
   936.000 2.727E-01
   936.250 2.136E-01
   936.500 1.113E-01
   936.750 5.573E-02
   937.000 5.959E-02
   937.250 5.104E-02
   937.500 3.877E-02
   937.750 3.382E-02
   938.000 3.053E-02
   938.250 4.128E-02
   938.500 6.045E-02
   938.750 9.556E-02
   939.000 1.690E-01
   939.250 2.502E-01
   939.500 3.260E-01
   939.750 4.258E-01
   940.000 4.712E-01
   940.250 5.720E-01
   940.500 7.227E-01
   940.750 8.205E-01
   941.000 9.410E-01
   941.250 8.688E-01
   941.500 8.370E-01
   941.750 9.570E-01
   942.000 1.027E+00
   942.250 1.147E+00
   942.500 1.158E+00
   942.750 1.144E+00
   943.000 1.197E+00
   943.250 1.151E+00
   943.500 9.480E-01
   943.750 7.311E-01
   944.000 5.880E-01
   944.250 4.481E-01
   944.500 2.671E-01
   944.750 1.176E-01
   945.000 3.564E-02
   945.250 7.089E-03
   945.500 3.915E-03
   945.750 1.638E-02
   946.000 5.358E-02
   946.250 1.157E-01
   946.500 1.832E-01
   946.750 2.176E-01
   947.000 2.910E-01
   947.250 3.871E-01
   947.500 3.787E-01
   947.750 2.866E-01
   948.000 2.324E-01
   948.250 1.684E-01
   948.500 8.097E-02
   948.750 3.803E-02
   949.000 3.087E-02
   949.250 2.190E-02
   949.500 1.401E-02
   949.750 1.025E-02
   950.000 9.850E-03
   950.250 1.506E-02
   950.500 2.616E-02
   950.750 5.898E-02
   951.000 1.242E-01
   951.250 2.049E-01
   951.500 3.249E-01
   951.750 4.529E-01
   952.000 4.818E-01
   952.250 3.612E-01
   952.500 4.657E-01
   952.750 8.037E-01
   953.000 8.035E-01
   953.250 4.820E-01
   953.500 1.636E-01
   953.750 7.768E-02
   954.000 2.563E-01
   954.250 8.453E-01
   954.500 1.516E+00
   954.750 1.876E+00
   955.000 2.129E+00
   955.250 1.983E+00
   955.500 1.792E+00
   955.750 2.210E+00
   956.000 3.148E+00
   956.250 4.289E+00
   956.500 4.587E+00
   956.750 4.500E+00
   957.000 4.486E+00
   957.250 4.114E+00
   957.500 3.404E+00
   957.750 3.314E+00
   958.000 3.972E+00
   958.250 4.347E+00
   958.500 4.877E+00
   958.750 5.757E+00
   959.000 6.197E+00
   959.250 6.032E+00
   959.500 5.446E+00
   959.750 5.661E+00
   960.000 5.284E+00
   960.250 4.751E+00
   960.500 5.504E+00
   960.750 6.187E+00
   961.000 5.902E+00
   961.250 5.664E+00
   961.500 5.673E+00
   961.750 5.847E+00
   962.000 5.810E+00
   962.250 5.500E+00
   962.500 5.095E+00
   962.750 5.407E+00
   963.000 5.979E+00
   963.250 5.306E+00
   963.500 3.435E+00
   963.750 1.402E+00
   964.000 6.344E-01
   964.250 8.418E-01
   964.500 7.153E-01
   964.750 4.750E-01
   965.000 5.448E-01
   965.250 9.200E-01
   965.500 1.899E+00
   965.750 3.274E+00
   966.000 3.732E+00
   966.250 3.076E+00
   966.500 2.402E+00
   966.750 2.740E+00
   967.000 2.898E+00
   967.250 2.508E+00
   967.500 2.200E+00
   967.750 1.887E+00
   968.000 1.529E+00
   968.250 1.334E+00
   968.500 1.371E+00
   968.750 1.280E+00
   969.000 1.043E+00
   969.250 8.235E-01
   969.500 6.793E-01
   969.750 5.474E-01
   970.000 4.210E-01
   970.250 3.326E-01
   970.500 2.308E-01
   970.750 1.446E-01
   971.000 9.084E-02
   971.250 5.126E-02
   971.500 2.242E-02
   971.750 1.212E-02
   972.000 2.362E-02
   972.250 4.985E-02
   972.500 8.958E-02
   972.750 2.069E-01
   973.000 3.187E-01
   973.250 4.067E-01
   973.500 6.086E-01
   973.750 1.059E+00
   974.000 2.252E+00
   974.250 3.794E+00
   974.500 5.424E+00
   974.750 7.183E+00
   975.000 8.553E+00
   975.250 9.947E+00
   975.500 1.161E+01
   975.750 1.392E+01
   976.000 1.606E+01
   976.250 1.912E+01
   976.500 2.283E+01
   976.750 2.573E+01
   977.000 2.744E+01
   977.250 3.069E+01
   977.500 3.349E+01
   977.750 3.428E+01
   978.000 3.512E+01
   978.250 3.468E+01
   978.500 3.177E+01
   978.750 3.341E+01
   979.000 4.214E+01
   979.250 4.754E+01
   979.500 4.857E+01
   979.750 5.246E+01
   980.000 5.756E+01
   980.250 5.390E+01
   980.500 5.538E+01
   980.750 5.465E+01
   981.000 5.683E+01
   981.250 6.603E+01
   981.500 6.832E+01
   981.750 6.456E+01
   982.000 5.434E+01
   982.250 6.447E+01
   982.500 8.570E+01
   982.750 8.724E+01
   983.000 8.687E+01
   983.250 9.393E+01
   983.500 9.823E+01
   983.750 9.827E+01
   984.000 8.915E+01
   984.250 7.284E+01
   984.500 6.251E+01
   984.750 6.100E+01
   985.000 8.068E+01
   985.250 9.038E+01
   985.500 6.938E+01
   985.750 7.016E+01
   986.000 1.056E+02
   986.250 1.252E+02
   986.500 1.255E+02
   986.750 1.181E+02
   987.000 1.048E+02
   987.250 7.970E+01
   987.500 4.877E+01
   987.750 3.692E+01
   988.000 4.089E+01
   988.250 3.530E+01
   988.500 1.608E+01
   988.750 8.123E+00
   989.000 1.855E+01
   989.250 2.792E+01
   989.500 1.821E+01
   989.750 6.434E+00
   990.000 2.286E+00
   990.250 4.132E+00
   990.500 8.142E+00
   990.750 1.270E+01
   991.000 2.948E+01
   991.250 4.549E+01
   991.500 4.462E+01
   991.750 4.654E+01
   992.000 5.510E+01
   992.250 4.591E+01
   992.500 2.132E+01
   992.750 1.205E+01
   993.000 3.023E+01
   993.250 6.356E+01
   993.500 9.130E+01
   993.750 8.948E+01
   994.000 5.825E+01
   994.250 2.924E+01
   994.500 2.171E+01
   994.750 3.058E+01
   995.000 5.687E+01
   995.250 7.953E+01
   995.500 7.163E+01
   995.750 7.030E+01
   996.000 8.519E+01
   996.250 1.046E+02
   996.500 1.009E+02
   996.750 8.847E+01
   997.000 6.874E+01
   997.250 5.993E+01
   997.500 6.864E+01
   997.750 7.876E+01
   998.000 7.281E+01
   998.250 6.380E+01
   998.500 7.153E+01
   998.750 7.406E+01
   999.000 7.554E+01
   999.250 7.786E+01
   999.500 7.011E+01
   999.750 8.001E+01
  1000.000 8.318E+01
  1000.250 8.474E+01
  1000.500 8.308E+01
  1000.750 8.014E+01
  1001.000 8.870E+01
  1001.250 9.187E+01
  1001.500 8.184E+01
  1001.750 8.283E+01
  1002.000 8.747E+01
  1002.250 7.921E+01
  1002.500 7.691E+01
  1002.750 7.426E+01
  1003.000 6.706E+01
  1003.250 7.043E+01
  1003.500 7.551E+01
  1003.750 7.899E+01
  1004.000 8.238E+01
  1004.250 7.699E+01
  1004.500 6.172E+01
  1004.750 5.481E+01
  1005.000 6.164E+01
  1005.250 7.086E+01
  1005.500 6.755E+01
  1005.750 5.588E+01
  1006.000 4.812E+01
  1006.250 4.244E+01
  1006.500 3.762E+01
  1006.750 4.458E+01
  1007.000 4.906E+01
  1007.250 4.075E+01
  1007.500 3.434E+01
  1007.750 3.941E+01
  1008.000 4.321E+01
  1008.250 4.362E+01
  1008.500 4.140E+01
  1008.750 3.613E+01
  1009.000 3.188E+01
  1009.250 2.919E+01
  1009.500 3.029E+01
  1009.750 3.576E+01
  1010.000 3.674E+01
  1010.250 3.267E+01
  1010.500 3.435E+01
  1010.750 3.509E+01
  1011.000 3.016E+01
  1011.250 2.955E+01
  1011.500 2.945E+01
  1011.750 2.602E+01
  1012.000 2.352E+01
  1012.250 2.292E+01
  1012.500 2.256E+01
  1012.750 2.466E+01
  1013.000 2.618E+01
  1013.250 2.375E+01
  1013.500 2.025E+01
  1013.750 1.818E+01
  1014.000 1.754E+01
  1014.250 1.749E+01
  1014.500 1.881E+01
  1014.750 1.807E+01
  1015.000 1.622E+01
  1015.250 1.510E+01
  1015.500 1.366E+01
  1015.750 1.489E+01
  1016.000 1.504E+01
  1016.250 1.404E+01
  1016.500 1.372E+01
  1016.750 1.366E+01
  1017.000 1.326E+01
  1017.250 1.255E+01
  1017.500 1.177E+01
  1017.750 1.090E+01
  1018.000 9.381E+00
  1018.250 8.010E+00
  1018.500 8.029E+00
  1018.750 7.726E+00
  1019.000 6.888E+00
  1019.250 6.101E+00
  1019.500 5.497E+00
  1019.750 5.421E+00
  1020.000 5.014E+00
  1020.250 4.483E+00
  1020.500 3.916E+00
  1020.750 3.493E+00
  1021.000 3.441E+00
  1021.250 3.157E+00
  1021.500 2.774E+00
  1021.750 2.387E+00
  1022.000 1.960E+00
  1022.250 1.657E+00
  1022.500 1.436E+00
  1022.750 1.294E+00
  1023.000 1.120E+00
  1023.250 8.579E-01
  1023.500 6.259E-01
  1023.750 4.738E-01
  1024.000 3.528E-01
  1024.250 2.137E-01
  1024.500 1.289E-01
  1024.750 9.186E-02
  1025.000 7.244E-02
  1025.250 5.813E-02
  1025.500 4.214E-02
  1025.750 3.046E-02
  1026.000 3.428E-02
  1026.250 4.067E-02
  1026.500 4.921E-02
  1026.750 7.071E-02
  1027.000 1.180E-01
  1027.250 2.131E-01
  1027.500 3.610E-01
  1027.750 4.992E-01
  1028.000 5.744E-01
  1028.250 7.457E-01
  1028.500 1.003E+00
  1028.750 1.185E+00
  1029.000 1.439E+00
  1029.250 1.793E+00
  1029.500 2.184E+00
  1029.750 2.518E+00
  1030.000 2.764E+00
  1030.250 3.147E+00
  1030.500 3.554E+00
  1030.750 3.676E+00
  1031.000 3.949E+00
  1031.250 4.108E+00
  1031.500 4.059E+00
  1031.750 4.917E+00
  1032.000 5.885E+00
  1032.250 6.785E+00
  1032.500 7.777E+00
  1032.750 8.403E+00
  1033.000 8.876E+00
  1033.250 9.093E+00
  1033.500 9.383E+00
  1033.750 9.995E+00
  1034.000 1.072E+01
  1034.250 1.065E+01
  1034.500 1.057E+01
  1034.750 1.139E+01
  1035.000 1.176E+01
  1035.250 1.302E+01
  1035.500 1.421E+01
  1035.750 1.288E+01
  1036.000 8.901E+00
  1036.250 4.575E+00
  1036.500 3.791E+00
  1036.750 4.059E+00
  1037.000 3.507E+00
  1037.250 6.271E+00
  1037.500 1.101E+01
  1037.750 1.584E+01
  1038.000 2.005E+01
  1038.250 2.075E+01
  1038.500 2.051E+01
  1038.750 1.955E+01
  1039.000 1.955E+01
  1039.250 2.424E+01
  1039.500 2.855E+01
  1039.750 3.066E+01
  1040.000 3.119E+01
  1040.250 2.838E+01
  1040.500 2.669E+01
  1040.750 3.017E+01
  1041.000 3.298E+01
  1041.250 3.622E+01
  1041.500 3.865E+01
  1041.750 4.091E+01
  1042.000 4.654E+01
  1042.250 4.921E+01
  1042.500 4.380E+01
  1042.750 3.490E+01
  1043.000 3.428E+01
  1043.250 4.009E+01
  1043.500 4.150E+01
  1043.750 3.979E+01
  1044.000 3.193E+01
  1044.250 3.000E+01
  1044.500 3.492E+01
  1044.750 3.464E+01
  1045.000 3.821E+01
  1045.250 4.500E+01
  1045.500 4.992E+01
  1045.750 4.894E+01
  1046.000 5.530E+01
  1046.250 6.330E+01
  1046.500 6.369E+01
  1046.750 6.883E+01
  1047.000 7.251E+01
  1047.250 7.078E+01
  1047.500 6.253E+01
  1047.750 5.057E+01
  1048.000 3.058E+01
  1048.250 1.764E+01
  1048.500 2.710E+01
  1048.750 3.972E+01
  1049.000 4.190E+01
  1049.250 4.963E+01
  1049.500 5.536E+01
  1049.750 5.739E+01
  1050.000 6.576E+01
  1050.250 7.426E+01
  1050.500 7.849E+01
  1050.750 8.223E+01
  1051.000 8.497E+01
  1051.250 7.957E+01
  1051.500 7.627E+01
  1051.750 7.175E+01
  1052.000 5.769E+01
  1052.250 4.937E+01
  1052.500 4.837E+01
  1052.750 5.128E+01
  1053.000 4.317E+01
  1053.250 3.925E+01
  1053.500 4.433E+01
  1053.750 4.932E+01
  1054.000 5.683E+01
  1054.250 6.849E+01
  1054.500 7.505E+01
  1054.750 7.587E+01
  1055.000 6.961E+01
  1055.250 6.787E+01
  1055.500 7.880E+01
  1055.750 8.955E+01
  1056.000 1.023E+02
  1056.250 1.066E+02
  1056.500 1.042E+02
  1056.750 1.082E+02
  1057.000 1.096E+02
  1057.250 1.009E+02
  1057.500 9.484E+01
  1057.750 9.622E+01
  1058.000 9.591E+01
  1058.250 9.220E+01
  1058.500 9.088E+01
  1058.750 9.393E+01
  1059.000 9.863E+01
  1059.250 9.488E+01
  1059.500 8.263E+01
  1059.750 8.363E+01
  1060.000 9.546E+01
  1060.250 8.864E+01
  1060.500 8.378E+01
  1060.750 9.265E+01
  1061.000 1.061E+02
  1061.250 1.112E+02
  1061.500 1.077E+02
  1061.750 1.045E+02
  1062.000 1.011E+02
  1062.250 9.298E+01
  1062.500 8.486E+01
  1062.750 6.961E+01
  1063.000 4.807E+01
  1063.250 4.522E+01
  1063.500 6.309E+01
  1063.750 6.912E+01
  1064.000 7.485E+01
  1064.250 9.478E+01
  1064.500 1.059E+02
  1064.750 9.504E+01
  1065.000 9.763E+01
  1065.250 1.085E+02
  1065.500 9.034E+01
  1065.750 7.328E+01
  1066.000 8.610E+01
  1066.250 8.399E+01
  1066.500 5.340E+01
  1066.750 4.551E+01
  1067.000 5.983E+01
  1067.250 5.407E+01
  1067.500 4.388E+01
  1067.750 6.150E+01
  1068.000 6.968E+01
  1068.250 4.526E+01
  1068.500 3.221E+01
  1068.750 5.251E+01
  1069.000 7.278E+01
  1069.250 7.927E+01
  1069.500 8.680E+01
  1069.750 8.599E+01
  1070.000 8.472E+01
  1070.250 1.009E+02
  1070.500 1.100E+02
  1070.750 9.900E+01
  1071.000 9.561E+01
  1071.250 8.901E+01
  1071.500 7.159E+01
  1071.750 8.844E+01
  1072.000 1.194E+02
  1072.250 1.304E+02
  1072.500 1.309E+02
  1072.750 1.231E+02
  1073.000 1.003E+02
  1073.250 6.706E+01
  1073.500 6.767E+01
  1073.750 8.556E+01
  1074.000 9.481E+01
  1074.250 1.071E+02
  1074.500 1.101E+02
  1074.750 1.058E+02
  1075.000 1.032E+02
  1075.250 9.393E+01
  1075.500 7.617E+01
  1075.750 8.063E+01
  1076.000 1.018E+02
  1076.250 1.047E+02
  1076.500 9.796E+01
  1076.750 8.532E+01
  1077.000 8.886E+01
  1077.250 1.059E+02
  1077.500 1.192E+02
  1077.750 1.266E+02
  1078.000 1.223E+02
  1078.250 1.094E+02
  1078.500 1.072E+02
  1078.750 1.161E+02
  1079.000 1.047E+02
  1079.250 9.270E+01
  1079.500 1.007E+02
  1079.750 1.073E+02
  1080.000 1.133E+02
  1080.250 1.139E+02
  1080.500 1.135E+02
  1080.750 1.167E+02
  1081.000 1.168E+02
  1081.250 1.162E+02
  1081.500 1.087E+02
  1081.750 9.024E+01
  1082.000 8.420E+01
  1082.250 1.060E+02
  1082.500 1.170E+02
  1082.750 1.196E+02
  1083.000 1.087E+02
  1083.250 8.992E+01
  1083.500 9.084E+01
  1083.750 1.021E+02
  1084.000 9.998E+01
  1084.250 9.202E+01
  1084.500 7.774E+01
  1084.750 7.448E+01
  1085.000 7.224E+01
  1085.250 6.495E+01
  1085.500 6.382E+01
  1085.750 7.594E+01
  1086.000 1.014E+02
  1086.250 1.067E+02
  1086.500 9.303E+01
  1086.750 9.837E+01
  1087.000 1.089E+02
  1087.250 1.080E+02
  1087.500 8.931E+01
  1087.750 6.638E+01
  1088.000 6.066E+01
  1088.250 8.267E+01
  1088.500 1.040E+02
  1088.750 1.119E+02
  1089.000 1.158E+02
  1089.250 1.057E+02
  1089.500 8.585E+01
  1089.750 7.918E+01
  1090.000 8.264E+01
  1090.250 8.098E+01
  1090.500 7.565E+01
  1090.750 6.866E+01
  1091.000 6.815E+01
  1091.250 6.558E+01
  1091.500 6.300E+01
  1091.750 8.103E+01
  1092.000 8.929E+01
  1092.250 8.397E+01
  1092.500 9.222E+01
  1092.750 9.880E+01
  1093.000 8.575E+01
  1093.250 8.536E+01
  1093.500 9.901E+01
  1093.750 1.001E+02
  1094.000 9.870E+01
  1094.250 1.000E+02
  1094.500 8.686E+01
  1094.750 7.953E+01
  1095.000 8.178E+01
  1095.250 8.126E+01
  1095.500 8.105E+01
  1095.750 6.465E+01
  1096.000 5.410E+01
  1096.250 5.626E+01
  1096.500 4.324E+01
  1096.750 2.137E+01
  1097.000 2.105E+01
  1097.250 3.298E+01
  1097.500 4.762E+01
  1097.750 5.289E+01
  1098.000 4.333E+01
  1098.250 4.472E+01
  1098.500 5.485E+01
  1098.750 4.879E+01
  1099.000 4.012E+01
  1099.250 3.805E+01
  1099.500 4.102E+01
  1099.750 4.205E+01
  1100.000 3.529E+01
  1100.250 2.602E+01
  1100.500 1.376E+01
  1100.750 5.194E+00
  1101.000 1.248E+00
  1101.250 3.161E-01
  1101.500 2.033E-01
  1101.750 1.895E-01
  1102.000 1.875E-01
  1102.250 2.209E-01
  1102.500 4.750E-01
  1102.750 8.488E-01
  1103.000 8.157E-01
  1103.250 1.324E+00
  1103.500 3.136E+00
  1103.750 3.627E+00
  1104.000 2.209E+00
  1104.250 2.584E+00
  1104.500 6.739E+00
  1104.750 1.035E+01
  1105.000 7.998E+00
  1105.250 5.857E+00
  1105.500 9.719E+00
  1105.750 1.456E+01
  1106.000 1.182E+01
  1106.250 6.493E+00
  1106.500 9.958E+00
  1106.750 1.480E+01
  1107.000 1.205E+01
  1107.250 7.203E+00
  1107.500 7.842E+00
  1107.750 1.457E+01
  1108.000 1.897E+01
  1108.250 1.242E+01
  1108.500 1.149E+01
  1108.750 1.502E+01
  1109.000 1.706E+01
  1109.250 2.097E+01
  1109.500 2.123E+01
  1109.750 1.584E+01
  1110.000 1.640E+01
  1110.250 1.922E+01
  1110.500 2.494E+01
  1110.750 2.479E+01
  1111.000 2.352E+01
  1111.250 2.522E+01
  1111.500 1.668E+01
  1111.750 1.231E+01
  1112.000 1.359E+01
  1112.250 1.992E+01
  1112.500 2.706E+01
  1112.750 2.904E+01
  1113.000 3.897E+01
  1113.250 4.858E+01
  1113.500 4.634E+01
  1113.750 3.122E+01
  1114.000 1.192E+01
  1114.250 6.110E+00
  1114.500 7.758E+00
  1114.750 1.328E+01
  1115.000 1.740E+01
  1115.250 2.546E+01
  1115.500 3.819E+01
  1115.750 4.939E+01
  1116.000 6.629E+01
  1116.250 7.064E+01
  1116.500 6.416E+01
  1116.750 5.033E+01
  1117.000 2.632E+01
  1117.250 1.116E+01
  1117.500 8.070E+00
  1117.750 1.157E+01
  1118.000 1.836E+01
  1118.250 2.372E+01
  1118.500 3.318E+01
  1118.750 4.997E+01
  1119.000 5.543E+01
  1119.250 5.383E+01
  1119.500 6.229E+01
  1119.750 6.592E+01
  1120.000 6.266E+01
  1120.250 5.774E+01
  1120.500 5.085E+01
  1120.750 4.904E+01
  1121.000 4.728E+01
  1121.250 4.335E+01
  1121.500 2.707E+01
  1121.750 1.286E+01
  1122.000 5.828E+00
  1122.250 2.156E+00
  1122.500 2.887E+00
  1122.750 6.921E+00
  1123.000 1.761E+01
  1123.250 3.617E+01
  1123.500 5.114E+01
  1123.750 5.909E+01
  1124.000 5.469E+01
  1124.250 4.942E+01
  1124.500 5.089E+01
  1124.750 5.141E+01
  1125.000 5.283E+01
  1125.250 5.249E+01
  1125.500 5.094E+01
  1125.750 5.764E+01
  1126.000 5.776E+01
  1126.250 4.771E+01
  1126.500 3.414E+01
  1126.750 2.761E+01
  1127.000 3.234E+01
  1127.250 4.828E+01
  1127.500 5.195E+01
  1127.750 3.985E+01
  1128.000 2.291E+01
  1128.250 1.148E+01
  1128.500 7.221E+00
  1128.750 5.320E+00
  1129.000 6.209E+00
  1129.250 7.254E+00
  1129.500 9.032E+00
  1129.750 1.221E+01
  1130.000 1.792E+01
  1130.250 2.262E+01
  1130.500 2.813E+01
  1130.750 3.871E+01
  1131.000 4.063E+01
  1131.250 4.254E+01
  1131.500 4.300E+01
  1131.750 3.943E+01
  1132.000 4.166E+01
  1132.250 4.748E+01
  1132.500 4.949E+01
  1132.750 4.646E+01
  1133.000 4.101E+01
  1133.250 3.921E+01
  1133.500 3.199E+01
  1133.750 2.450E+01
  1134.000 2.125E+01
  1134.250 1.728E+01
  1134.500 1.977E+01
  1134.750 2.408E+01
  1135.000 2.253E+01
  1135.250 2.580E+01
  1135.500 2.722E+01
  1135.750 3.279E+01
  1136.000 4.078E+01
  1136.250 4.524E+01
  1136.500 4.367E+01
  1136.750 3.584E+01
  1137.000 3.106E+01
  1137.250 3.523E+01
  1137.500 3.988E+01
  1137.750 3.850E+01
  1138.000 3.515E+01
  1138.250 2.613E+01
  1138.500 1.341E+01
  1138.750 9.197E+00
  1139.000 7.595E+00
  1139.250 5.550E+00
  1139.500 3.785E+00
  1139.750 2.255E+00
  1140.000 1.712E+00
  1140.250 1.338E+00
  1140.500 2.013E+00
  1140.750 6.900E+00
  1141.000 1.357E+01
  1141.250 1.709E+01
  1141.500 2.071E+01
  1141.750 2.559E+01
  1142.000 2.703E+01
  1142.250 2.419E+01
  1142.500 2.509E+01
  1142.750 2.982E+01
  1143.000 2.661E+01
  1143.250 1.934E+01
  1143.500 2.404E+01
  1143.750 3.128E+01
  1144.000 3.161E+01
  1144.250 2.765E+01
  1144.500 2.501E+01
  1144.750 1.976E+01
  1145.000 1.735E+01
  1145.250 2.313E+01
  1145.500 2.658E+01
  1145.750 2.930E+01
  1146.000 3.092E+01
  1146.250 3.070E+01
  1146.500 2.849E+01
  1146.750 2.280E+01
  1147.000 2.007E+01
  1147.250 1.988E+01
  1147.500 1.905E+01
  1147.750 2.162E+01
  1148.000 1.997E+01
  1148.250 1.660E+01
  1148.500 1.928E+01
  1148.750 2.064E+01
  1149.000 2.433E+01
  1149.250 2.717E+01
  1149.500 2.392E+01
  1149.750 2.241E+01
  1150.000 2.317E+01
  1150.250 2.062E+01
  1150.500 1.637E+01
  1150.750 1.725E+01
  1151.000 1.955E+01
  1151.250 2.262E+01
  1151.500 2.722E+01
  1151.750 2.604E+01
  1152.000 2.066E+01
  1152.250 1.804E+01
  1152.500 2.039E+01
  1152.750 1.894E+01
  1153.000 1.690E+01
  1153.250 1.864E+01
  1153.500 2.181E+01
  1153.750 2.260E+01
  1154.000 1.963E+01
  1154.250 1.883E+01
  1154.500 2.023E+01
  1154.750 2.296E+01
  1155.000 2.397E+01
  1155.250 2.444E+01
  1155.500 2.225E+01
  1155.750 1.592E+01
  1156.000 1.107E+01
  1156.250 8.860E+00
  1156.500 6.413E+00
  1156.750 8.330E+00
  1157.000 1.099E+01
  1157.250 9.191E+00
  1157.500 6.873E+00
  1157.750 3.678E+00
  1158.000 1.536E+00
  1158.250 1.598E+00
  1158.500 1.902E+00
  1158.750 2.692E+00
  1159.000 6.172E+00
  1159.250 1.286E+01
  1159.500 1.783E+01
  1159.750 1.869E+01
  1160.000 1.715E+01
  1160.250 1.699E+01
  1160.500 1.766E+01
  1160.750 1.786E+01
  1161.000 1.871E+01
  1161.250 1.959E+01
  1161.500 1.906E+01
  1161.750 1.918E+01
  1162.000 1.901E+01
  1162.250 1.918E+01
  1162.500 1.874E+01
  1162.750 1.904E+01
  1163.000 1.990E+01
  1163.250 1.881E+01
  1163.500 1.733E+01
  1163.750 1.543E+01
  1164.000 1.332E+01
  1164.250 1.141E+01
  1164.500 1.332E+01
  1164.750 1.743E+01
  1165.000 1.880E+01
  1165.250 1.829E+01
  1165.500 1.675E+01
  1165.750 1.493E+01
  1166.000 1.542E+01
  1166.250 1.700E+01
  1166.500 1.769E+01
  1166.750 1.608E+01
  1167.000 1.292E+01
  1167.250 1.216E+01
  1167.500 1.344E+01
  1167.750 1.534E+01
  1168.000 1.447E+01
  1168.250 1.161E+01
  1168.500 1.117E+01
  1168.750 1.326E+01
  1169.000 1.285E+01
  1169.250 1.271E+01
  1169.500 1.442E+01
  1169.750 1.424E+01
  1170.000 1.315E+01
  1170.250 1.165E+01
  1170.500 1.152E+01
  1170.750 1.221E+01
  1171.000 1.197E+01
  1171.250 1.169E+01
  1171.500 1.285E+01
  1171.750 1.369E+01
  1172.000 1.391E+01
  1172.250 1.394E+01
  1172.500 1.405E+01
  1172.750 1.390E+01
  1173.000 1.314E+01
  1173.250 1.180E+01
  1173.500 1.178E+01
  1173.750 1.182E+01
  1174.000 1.112E+01
  1174.250 1.180E+01
  1174.500 1.290E+01
  1174.750 1.308E+01
  1175.000 1.228E+01
  1175.250 1.182E+01
  1175.500 1.147E+01
  1175.750 1.062E+01
  1176.000 1.079E+01
  1176.250 1.052E+01
  1176.500 9.257E+00
  1176.750 1.014E+01
  1177.000 1.088E+01
  1177.250 1.062E+01
  1177.500 1.030E+01
  1177.750 9.931E+00
  1178.000 1.022E+01
  1178.250 1.043E+01
  1178.500 9.951E+00
  1178.750 9.807E+00
  1179.000 9.706E+00
  1179.250 9.112E+00
  1179.500 9.231E+00
  1179.750 9.341E+00
  1180.000 8.521E+00
  1180.250 7.868E+00
  1180.500 8.252E+00
  1180.750 8.661E+00
  1181.000 8.070E+00
  1181.250 7.460E+00
  1181.500 7.761E+00
  1181.750 8.033E+00
  1182.000 7.772E+00
  1182.250 7.792E+00
  1182.500 7.946E+00
  1182.750 8.074E+00
  1183.000 7.941E+00
  1183.250 7.150E+00
  1183.500 6.386E+00
  1183.750 6.264E+00
  1184.000 6.792E+00
  1184.250 6.924E+00
  1184.500 6.792E+00
  1184.750 6.709E+00
  1185.000 6.597E+00
  1185.250 6.523E+00
  1185.500 6.045E+00
  1185.750 5.555E+00
  1186.000 5.791E+00
  1186.250 6.138E+00
  1186.500 6.286E+00
  1186.750 6.197E+00
  1187.000 5.875E+00
  1187.250 5.096E+00
  1187.500 4.708E+00
  1187.750 5.185E+00
  1188.000 5.267E+00
  1188.250 4.884E+00
  1188.500 4.089E+00
  1188.750 2.735E+00
  1189.000 1.787E+00
  1189.250 1.697E+00
  1189.500 1.728E+00
  1189.750 1.781E+00
  1190.000 1.485E+00
  1190.250 8.916E-01
  1190.500 8.131E-01
  1190.750 1.469E+00
  1191.000 2.293E+00
  1191.250 2.689E+00
  1191.500 2.768E+00
  1191.750 2.753E+00
  1192.000 2.392E+00
  1192.250 1.958E+00
  1192.500 1.664E+00
  1192.750 1.215E+00
  1193.000 7.025E-01
  1193.250 5.074E-01
  1193.500 6.010E-01
  1193.750 7.521E-01
  1194.000 7.002E-01
  1194.250 5.403E-01
  1194.500 4.941E-01
  1194.750 6.734E-01
  1195.000 1.053E+00
  1195.250 1.476E+00
  1195.500 1.827E+00
  1195.750 2.120E+00
  1196.000 2.266E+00
  1196.250 2.276E+00
  1196.500 2.234E+00
  1196.750 2.013E+00
  1197.000 1.517E+00
  1197.250 9.470E-01
  1197.500 9.307E-01
  1197.750 1.467E+00
  1198.000 1.906E+00
  1198.250 2.036E+00
  1198.500 2.112E+00
  1198.750 2.150E+00
  1199.000 2.088E+00
  1199.250 1.779E+00
  1199.500 1.445E+00
  1199.750 1.629E+00
  1200.000 1.726E+00
  1200.250 1.570E+00
  1200.500 1.584E+00
  1200.750 1.544E+00
  1201.000 1.638E+00
  1201.250 1.718E+00
  1201.500 1.795E+00
  1201.750 1.867E+00
  1202.000 1.856E+00
  1202.250 1.813E+00
  1202.500 1.770E+00
  1202.750 1.727E+00
  1203.000 1.681E+00
  1203.250 1.636E+00
  1203.500 1.593E+00
  1203.750 1.545E+00
  1204.000 1.500E+00
  1204.250 1.467E+00
  1204.500 1.434E+00
  1204.750 1.397E+00
  1205.000 1.359E+00
  1205.250 1.320E+00
  1205.500 1.279E+00
  1205.750 1.244E+00
  1206.000 1.211E+00
  1206.250 1.179E+00
  1206.500 1.149E+00
  1206.750 1.119E+00
  1207.000 1.088E+00
  1207.250 1.053E+00
  1207.500 1.022E+00
  1207.750 9.966E-01
  1208.000 9.716E-01
  1208.250 9.450E-01
  1208.500 9.176E-01
  1208.750 8.920E-01
  1209.000 8.681E-01
  1209.250 8.425E-01
  1209.500 8.177E-01
  1209.750 7.997E-01
  1210.000 7.825E-01
  1210.250 7.646E-01
  1210.500 7.454E-01
  1210.750 7.277E-01
  1211.000 7.120E-01
  1211.250 6.961E-01
  1211.500 6.804E-01
  1211.750 6.659E-01
  1212.000 6.521E-01
  1212.250 6.403E-01
  1212.500 6.301E-01
  1212.750 6.205E-01
  1213.000 6.102E-01
  1213.250 6.017E-01
  1213.500 5.954E-01
  1213.750 5.891E-01
  1214.000 5.829E-01
  1214.250 5.784E-01
  1214.500 5.758E-01
  1214.750 5.740E-01
  1215.000 5.724E-01
  1215.250 5.711E-01
  1215.500 5.699E-01
  1215.750 5.695E-01
  1216.000 5.698E-01
  1216.250 5.703E-01
  1216.500 5.713E-01
  1216.750 5.733E-01
  1217.000 5.758E-01
  1217.250 5.786E-01
  1217.500 5.831E-01
  1217.750 5.893E-01
  1218.000 5.954E-01
  1218.250 6.020E-01
  1218.500 6.107E-01
  1218.750 6.200E-01
  1219.000 6.292E-01
  1219.250 6.399E-01
  1219.500 6.525E-01
  1219.750 6.651E-01
  1220.000 6.783E-01
  1220.250 6.937E-01
  1220.500 7.096E-01
  1220.750 7.247E-01
  1221.000 7.417E-01
  1221.250 7.604E-01
  1221.500 7.787E-01
  1221.750 7.984E-01
  1222.000 8.204E-01
  1222.250 8.427E-01
  1222.500 8.650E-01
  1222.750 8.891E-01
  1223.000 9.138E-01
  1223.250 9.382E-01
  1223.500 9.642E-01
  1223.750 9.904E-01
  1224.000 1.010E+00
  1224.250 1.010E+00
  1224.500 1.005E+00
  1224.750 1.065E+00
  1225.000 1.130E+00
  1225.250 1.164E+00
  1225.500 1.196E+00
  1225.750 1.232E+00
  1226.000 1.267E+00
  1226.250 1.295E+00
  1226.500 1.294E+00
  1226.750 1.283E+00
  1227.000 1.328E+00
  1227.250 1.411E+00
  1227.500 1.475E+00
  1227.750 1.499E+00
  1228.000 1.532E+00
  1228.250 1.589E+00
  1228.500 1.624E+00
  1228.750 1.675E+00
  1229.000 1.734E+00
  1229.250 1.783E+00
  1229.500 1.829E+00
  1229.750 1.869E+00
  1230.000 1.889E+00
  1230.250 1.851E+00
  1230.500 1.825E+00
  1230.750 1.942E+00
  1231.000 2.050E+00
  1231.250 2.149E+00
  1231.500 2.218E+00
  1231.750 2.272E+00
  1232.000 2.306E+00
  1232.250 2.356E+00
  1232.500 2.429E+00
  1232.750 2.461E+00
  1233.000 2.318E+00
  1233.250 2.104E+00
  1233.500 2.261E+00
  1233.750 2.498E+00
  1234.000 2.592E+00
  1234.250 2.727E+00
  1234.500 2.850E+00
  1234.750 2.924E+00
  1235.000 2.974E+00
  1235.250 3.009E+00
  1235.500 3.021E+00
  1235.750 3.071E+00
  1236.000 3.130E+00
  1236.250 3.110E+00
  1236.500 3.227E+00
  1236.750 3.383E+00
  1237.000 3.378E+00
  1237.250 3.362E+00
  1237.500 3.534E+00
  1237.750 3.694E+00
  1238.000 3.779E+00
  1238.250 3.807E+00
  1238.500 3.875E+00
  1238.750 3.946E+00
  1239.000 3.846E+00
  1239.250 3.573E+00
  1239.500 3.635E+00
  1239.750 3.660E+00
  1240.000 3.482E+00
  1240.250 3.549E+00
  1240.500 3.606E+00
  1240.750 3.592E+00
  1241.000 3.605E+00
  1241.250 3.723E+00
  1241.500 3.813E+00
  1241.750 3.758E+00
  1242.000 3.608E+00
  1242.250 3.904E+00
  1242.500 4.299E+00
  1242.750 4.441E+00
  1243.000 4.203E+00
  1243.250 3.832E+00
  1243.500 4.323E+00
  1243.750 4.926E+00
  1244.000 5.091E+00
  1244.250 5.324E+00
  1244.500 5.433E+00
  1244.750 5.595E+00
  1245.000 5.518E+00
  1245.250 5.561E+00
  1245.500 5.651E+00
  1245.750 5.495E+00
  1246.000 5.542E+00
  1246.250 6.111E+00
  1246.500 6.537E+00
  1246.750 5.656E+00
  1247.000 4.604E+00
  1247.250 5.157E+00
  1247.500 6.196E+00
  1247.750 6.030E+00
  1248.000 5.707E+00
  1248.250 6.604E+00
  1248.500 7.261E+00
  1248.750 7.228E+00
  1249.000 6.840E+00
  1249.250 6.745E+00
  1249.500 6.925E+00
  1249.750 7.382E+00
  1250.000 7.909E+00
  1250.250 7.583E+00
  1250.500 6.969E+00
  1250.750 7.778E+00
  1251.000 7.843E+00
  1251.250 7.631E+00
  1251.500 8.758E+00
  1251.750 9.342E+00
  1252.000 8.774E+00
  1252.250 8.107E+00
  1252.500 8.892E+00
  1252.750 9.425E+00
  1253.000 9.132E+00
  1253.250 7.472E+00
  1253.500 6.944E+00
  1253.750 8.276E+00
  1254.000 9.677E+00
  1254.250 9.657E+00
  1254.500 8.685E+00
  1254.750 9.533E+00
  1255.000 1.035E+01
  1255.250 9.782E+00
  1255.500 1.027E+01
  1255.750 1.092E+01
  1256.000 9.884E+00
  1256.250 8.719E+00
  1256.500 8.750E+00
  1256.750 1.067E+01
  1257.000 1.198E+01
  1257.250 1.164E+01
  1257.500 1.018E+01
  1257.750 1.028E+01
  1258.000 1.186E+01
  1258.250 1.245E+01
  1258.500 1.173E+01
  1258.750 1.015E+01
  1259.000 9.646E+00
  1259.250 9.703E+00
  1259.500 9.046E+00
  1259.750 8.178E+00
  1260.000 6.095E+00
  1260.250 3.385E+00
  1260.500 1.959E+00
  1260.750 1.857E+00
  1261.000 2.182E+00
  1261.250 2.681E+00
  1261.500 3.155E+00
  1261.750 5.324E+00
  1262.000 8.026E+00
  1262.250 1.042E+01
  1262.500 1.255E+01
  1262.750 1.323E+01
  1263.000 1.293E+01
  1263.250 1.280E+01
  1263.500 1.234E+01
  1263.750 1.107E+01
  1264.000 9.174E+00
  1264.250 6.446E+00
  1264.500 3.609E+00
  1264.750 2.170E+00
  1265.000 2.965E+00
  1265.250 5.665E+00
  1265.500 8.471E+00
  1265.750 1.054E+01
  1266.000 1.150E+01
  1266.250 9.956E+00
  1266.500 9.002E+00
  1266.750 1.221E+01
  1267.000 1.579E+01
  1267.250 1.443E+01
  1267.500 1.148E+01
  1267.750 1.364E+01
  1268.000 1.630E+01
  1268.250 1.793E+01
  1268.500 1.910E+01
  1268.750 1.925E+01
  1269.000 1.887E+01
  1269.250 1.904E+01
  1269.500 1.976E+01
  1269.750 1.947E+01
  1270.000 1.818E+01
  1270.250 1.819E+01
  1270.500 1.731E+01
  1270.750 1.398E+01
  1271.000 1.489E+01
  1271.250 1.727E+01
  1271.500 1.896E+01
  1271.750 1.898E+01
  1272.000 1.753E+01
  1272.250 1.831E+01
  1272.500 1.928E+01
  1272.750 2.062E+01
  1273.000 2.182E+01
  1273.250 2.295E+01
  1273.500 2.453E+01
  1273.750 2.413E+01
  1274.000 2.131E+01
  1274.250 2.101E+01
  1274.500 2.179E+01
  1274.750 1.913E+01
  1275.000 1.642E+01
  1275.250 1.671E+01
  1275.500 2.034E+01
  1275.750 2.088E+01
  1276.000 1.954E+01
  1276.250 1.649E+01
  1276.500 1.640E+01
  1276.750 1.566E+01
  1277.000 1.112E+01
  1277.250 6.264E+00
  1277.500 4.820E+00
  1277.750 8.696E+00
  1278.000 1.730E+01
  1278.250 2.468E+01
  1278.500 2.642E+01
  1278.750 2.554E+01
  1279.000 2.143E+01
  1279.250 1.922E+01
  1279.500 2.093E+01
  1279.750 1.889E+01
  1280.000 1.275E+01
  1280.250 8.744E+00
  1280.500 9.481E+00
  1280.750 1.435E+01
  1281.000 2.272E+01
  1281.250 3.020E+01
  1281.500 3.227E+01
  1281.750 3.198E+01
  1282.000 3.262E+01
  1282.250 3.381E+01
  1282.500 3.349E+01
  1282.750 3.064E+01
  1283.000 2.840E+01
  1283.250 3.196E+01
  1283.500 3.461E+01
  1283.750 3.342E+01
  1284.000 3.275E+01
  1284.250 3.447E+01
  1284.500 3.538E+01
  1284.750 3.529E+01
  1285.000 3.634E+01
  1285.250 3.742E+01
  1285.500 3.656E+01
  1285.750 3.507E+01
  1286.000 3.538E+01
  1286.250 3.577E+01
  1286.500 3.626E+01
  1286.750 3.774E+01
  1287.000 3.725E+01
  1287.250 3.542E+01
  1287.500 3.272E+01
  1287.750 2.899E+01
  1288.000 2.599E+01
  1288.250 2.604E+01
  1288.500 2.774E+01
  1288.750 2.750E+01
  1289.000 2.813E+01
  1289.250 3.393E+01
  1289.500 3.560E+01
  1289.750 3.056E+01
  1290.000 2.563E+01
  1290.250 3.226E+01
  1290.500 3.982E+01
  1290.750 4.109E+01
  1291.000 3.989E+01
  1291.250 3.703E+01
  1291.500 3.684E+01
  1291.750 4.140E+01
  1292.000 4.448E+01
  1292.250 4.384E+01
  1292.500 4.320E+01
  1292.750 4.527E+01
  1293.000 4.663E+01
  1293.250 4.634E+01
  1293.500 4.358E+01
  1293.750 4.333E+01
  1294.000 4.724E+01
  1294.250 4.888E+01
  1294.500 4.789E+01
  1294.750 4.598E+01
  1295.000 4.605E+01
  1295.250 4.441E+01
  1295.500 3.366E+01
  1295.750 2.545E+01
  1296.000 2.595E+01
  1296.250 3.214E+01
  1296.500 4.499E+01
  1296.750 5.095E+01
  1297.000 5.129E+01
  1297.250 5.186E+01
  1297.500 5.247E+01
  1297.750 5.096E+01
  1298.000 4.944E+01
  1298.250 5.145E+01
  1298.500 5.294E+01
  1298.750 5.252E+01
  1299.000 5.205E+01
  1299.250 4.745E+01
  1299.500 4.399E+01
  1299.750 4.780E+01
  1300.000 5.121E+01
  1300.250 5.373E+01
  1300.500 5.416E+01
  1300.750 5.308E+01
  1301.000 5.096E+01
  1301.250 4.630E+01
  1301.500 3.743E+01
  1301.750 2.386E+01
  1302.000 1.141E+01
  1302.250 8.942E+00
  1302.500 1.746E+01
  1302.750 2.504E+01
  1303.000 2.714E+01
  1303.250 2.873E+01
  1303.500 3.268E+01
  1303.750 3.555E+01
  1304.000 2.676E+01
  1304.250 1.358E+01
  1304.500 7.657E+00
  1304.750 7.707E+00
  1305.000 1.406E+01
  1305.250 2.515E+01
  1305.500 2.897E+01
  1305.750 2.317E+01
  1306.000 1.819E+01
  1306.250 2.939E+01
  1306.500 4.406E+01
  1306.750 5.014E+01
  1307.000 5.399E+01
  1307.250 5.779E+01
  1307.500 6.137E+01
  1307.750 6.248E+01
  1308.000 6.021E+01
  1308.250 5.556E+01
  1308.500 4.815E+01
  1308.750 3.349E+01
  1309.000 1.750E+01
  1309.250 1.028E+01
  1309.500 1.632E+01
  1309.750 2.871E+01
  1310.000 3.653E+01
  1310.250 4.077E+01
  1310.500 4.211E+01
  1310.750 4.085E+01
  1311.000 3.981E+01
  1311.250 3.940E+01
  1311.500 4.822E+01
  1311.750 5.319E+01
  1312.000 5.391E+01
  1312.250 6.147E+01
  1312.500 7.016E+01
  1312.750 7.095E+01
  1313.000 6.450E+01
  1313.250 5.247E+01
  1313.500 5.520E+01
  1313.750 7.219E+01
  1314.000 8.006E+01
  1314.250 8.226E+01
  1314.500 8.250E+01
  1314.750 7.905E+01
  1315.000 7.523E+01
  1315.250 7.690E+01
  1315.500 7.710E+01
  1315.750 7.121E+01
  1316.000 6.465E+01
  1316.250 6.511E+01
  1316.500 5.834E+01
  1316.750 6.294E+01
  1317.000 6.436E+01
  1317.250 6.040E+01
  1317.500 7.406E+01
  1317.750 8.465E+01
  1318.000 8.390E+01
  1318.250 7.977E+01
  1318.500 7.447E+01
  1318.750 7.042E+01
  1319.000 7.477E+01
  1319.250 8.294E+01
  1319.500 8.120E+01
  1319.750 7.793E+01
  1320.000 8.276E+01
  1320.250 8.639E+01
  1320.500 8.555E+01
  1320.750 8.680E+01
  1321.000 9.162E+01
  1321.250 9.355E+01
  1321.500 9.387E+01
  1321.750 9.677E+01
  1322.000 9.864E+01
  1322.250 9.947E+01
  1322.500 9.902E+01
  1322.750 9.535E+01
  1323.000 8.970E+01
  1323.250 8.370E+01
  1323.500 7.898E+01
  1323.750 8.776E+01
  1324.000 9.763E+01
  1324.250 9.887E+01
  1324.500 1.023E+02
  1324.750 1.047E+02
  1325.000 1.050E+02
  1325.250 1.056E+02
  1325.500 1.062E+02
  1325.750 1.072E+02
  1326.000 1.077E+02
  1326.250 1.043E+02
  1326.500 9.129E+01
  1326.750 8.906E+01
  1327.000 1.032E+02
  1327.250 1.080E+02
  1327.500 1.049E+02
  1327.750 1.006E+02
  1328.000 9.889E+01
  1328.250 1.005E+02
  1328.500 8.617E+01
  1328.750 5.155E+01
  1329.000 2.695E+01
  1329.250 2.584E+01
  1329.500 2.874E+01
  1329.750 4.834E+01
  1330.000 8.348E+01
  1330.250 1.043E+02
  1330.500 1.116E+02
  1330.750 1.123E+02
  1331.000 1.121E+02
  1331.250 1.170E+02
  1331.500 1.178E+02
  1331.750 1.204E+02
  1332.000 1.239E+02
  1332.250 1.248E+02
  1332.500 1.246E+02
  1332.750 1.240E+02
  1333.000 1.252E+02
  1333.250 1.263E+02
  1333.500 1.211E+02
  1333.750 1.103E+02
  1334.000 1.073E+02
  1334.250 8.820E+01
  1334.500 6.166E+01
  1334.750 7.433E+01
  1335.000 8.533E+01
  1335.250 7.025E+01
  1335.500 5.049E+01
  1335.750 4.650E+01
  1336.000 8.068E+01
  1336.250 1.117E+02
  1336.500 1.226E+02
  1336.750 1.281E+02
  1337.000 1.340E+02
  1337.250 1.358E+02
  1337.500 1.368E+02
  1337.750 1.386E+02
  1338.000 1.397E+02
  1338.250 1.401E+02
  1338.500 1.426E+02
  1338.750 1.444E+02
  1339.000 1.431E+02
  1339.250 1.451E+02
  1339.500 1.469E+02
  1339.750 1.430E+02
  1340.000 1.393E+02
  1340.250 1.427E+02
  1340.500 1.465E+02
  1340.750 1.385E+02
  1341.000 1.365E+02
  1341.250 1.473E+02
  1341.500 1.519E+02
  1341.750 1.413E+02
  1342.000 1.383E+02
  1342.250 1.462E+02
  1342.500 1.434E+02
  1342.750 1.513E+02
  1343.000 1.630E+02
  1343.250 1.663E+02
  1343.500 1.633E+02
  1343.750 1.519E+02
  1344.000 1.446E+02
  1344.250 1.518E+02
  1344.500 1.583E+02
  1344.750 1.582E+02
  1345.000 1.602E+02
  1345.250 1.596E+02
  1345.500 1.596E+02
  1345.750 1.538E+02
  1346.000 1.495E+02
  1346.250 1.601E+02
  1346.500 1.705E+02
  1346.750 1.666E+02
  1347.000 1.456E+02
  1347.250 1.333E+02
  1347.500 1.555E+02
  1347.750 1.713E+02
  1348.000 1.696E+02
  1348.250 1.685E+02
  1348.500 1.712E+02
  1348.750 1.793E+02
  1349.000 1.856E+02
  1349.250 1.849E+02
  1349.500 1.780E+02
  1349.750 1.767E+02
  1350.000 1.799E+02
  1350.250 1.839E+02
  1350.500 1.881E+02
  1350.750 1.920E+02
  1351.000 1.925E+02
  1351.250 1.835E+02
  1351.500 1.684E+02
  1351.750 1.652E+02
  1352.000 1.814E+02
  1352.250 1.875E+02
  1352.500 1.732E+02
  1352.750 1.515E+02
  1353.000 1.599E+02
  1353.250 1.905E+02
  1353.500 2.012E+02
  1353.750 1.893E+02
  1354.000 1.700E+02
  1354.250 1.609E+02
  1354.500 1.792E+02
  1354.750 1.966E+02
  1355.000 2.043E+02
  1355.250 1.924E+02
  1355.500 1.481E+02
  1355.750 9.939E+01
  1356.000 1.091E+02
  1356.250 1.498E+02
  1356.500 1.814E+02
  1356.750 1.902E+02
  1357.000 1.603E+02
  1357.250 1.544E+02
  1357.500 1.716E+02
  1357.750 1.712E+02
  1358.000 1.896E+02
  1358.250 2.015E+02
  1358.500 2.080E+02
  1358.750 1.960E+02
  1359.000 1.420E+02
  1359.250 8.710E+01
  1359.500 9.714E+01
  1359.750 1.714E+02
  1360.000 2.258E+02
  1360.250 2.339E+02
  1360.500 2.240E+02
  1360.750 2.026E+02
  1361.000 1.908E+02
  1361.250 1.891E+02
  1361.500 2.153E+02
  1361.750 2.489E+02
  1362.000 2.470E+02
  1362.250 2.501E+02
  1362.500 2.632E+02
  1362.750 2.631E+02
  1363.000 2.568E+02
  1363.250 2.368E+02
  1363.500 2.226E+02
  1363.750 2.399E+02
  1364.000 2.170E+02
  1364.250 1.701E+02
  1364.500 1.787E+02
  1364.750 2.371E+02
  1365.000 2.870E+02
  1365.250 2.999E+02
  1365.500 2.839E+02
  1365.750 2.767E+02
  1366.000 3.034E+02
  1366.250 2.894E+02
  1366.500 2.468E+02
  1366.750 2.408E+02
  1367.000 2.405E+02
  1367.250 2.403E+02
  1367.500 2.738E+02
  1367.750 2.842E+02
  1368.000 2.482E+02
  1368.250 1.905E+02
  1368.500 1.640E+02
  1368.750 2.091E+02
  1369.000 2.585E+02
  1369.250 2.559E+02
  1369.500 2.018E+02
  1369.750 1.645E+02
  1370.000 1.500E+02
  1370.250 1.671E+02
  1370.500 2.213E+02
  1370.750 2.484E+02
  1371.000 2.470E+02
  1371.250 2.539E+02
  1371.500 2.879E+02
  1371.750 3.085E+02
  1372.000 2.641E+02
  1372.250 2.323E+02
  1372.500 2.828E+02
  1372.750 3.118E+02
  1373.000 3.040E+02
  1373.250 2.984E+02
  1373.500 2.596E+02
  1373.750 2.230E+02
  1374.000 2.330E+02
  1374.250 2.634E+02
  1374.500 3.018E+02
  1374.750 2.735E+02
  1375.000 2.305E+02
  1375.250 2.641E+02
  1375.500 3.101E+02
  1375.750 2.992E+02
  1376.000 3.244E+02
  1376.250 3.603E+02
  1376.500 3.321E+02
  1376.750 2.858E+02
  1377.000 2.799E+02
  1377.250 3.259E+02
  1377.500 3.853E+02
  1377.750 3.625E+02
  1378.000 2.884E+02
  1378.250 2.846E+02
  1378.500 3.213E+02
  1378.750 3.606E+02
  1379.000 3.764E+02
  1379.250 3.065E+02
  1379.500 2.188E+02
  1379.750 2.823E+02
  1380.000 3.748E+02
  1380.250 3.776E+02
  1380.500 3.605E+02
  1380.750 3.586E+02
  1381.000 3.095E+02
  1381.250 1.963E+02
  1381.500 1.473E+02
  1381.750 2.266E+02
  1382.000 3.314E+02
  1382.250 3.547E+02
  1382.500 3.494E+02
  1382.750 3.771E+02
  1383.000 4.142E+02
  1383.250 4.023E+02
  1383.500 3.560E+02
  1383.750 3.608E+02
  1384.000 3.988E+02
  1384.250 3.757E+02
  1384.500 3.150E+02
  1384.750 2.275E+02
  1385.000 1.604E+02
  1385.250 1.854E+02
  1385.500 2.688E+02
  1385.750 3.589E+02
  1386.000 3.968E+02
  1386.250 4.100E+02
  1386.500 4.303E+02
  1386.750 4.521E+02
  1387.000 4.497E+02
  1387.250 4.453E+02
  1387.500 4.672E+02
  1387.750 4.980E+02
  1388.000 4.927E+02
  1388.250 4.133E+02
  1388.500 3.576E+02
  1388.750 4.316E+02
  1389.000 4.860E+02
  1389.250 4.835E+02
  1389.500 4.680E+02
  1389.750 4.319E+02
  1390.000 4.641E+02
  1390.250 5.156E+02
  1390.500 4.891E+02
  1390.750 3.887E+02
  1391.000 2.651E+02
  1391.250 2.832E+02
  1391.500 3.974E+02
  1391.750 4.198E+02
  1392.000 3.937E+02
  1392.250 4.100E+02
  1392.500 4.265E+02
  1392.750 4.205E+02
  1393.000 4.229E+02
  1393.250 3.753E+02
  1393.500 4.126E+02
  1393.750 4.672E+02
  1394.000 4.895E+02
  1394.250 5.261E+02
  1394.500 5.291E+02
  1394.750 5.632E+02
  1395.000 6.157E+02
  1395.250 6.230E+02
  1395.500 6.004E+02
  1395.750 5.946E+02
  1396.000 5.556E+02
  1396.250 5.366E+02
  1396.500 5.411E+02
  1396.750 5.531E+02
  1397.000 5.821E+02
  1397.250 5.681E+02
  1397.500 4.971E+02
  1397.750 5.018E+02
  1398.000 5.804E+02
  1398.250 5.811E+02
  1398.500 5.170E+02
  1398.750 4.463E+02
  1399.000 4.360E+02
  1399.250 5.987E+02
  1399.500 6.908E+02
  1399.750 6.887E+02
  1400.000 7.019E+02
  1400.250 7.147E+02
  1400.500 6.521E+02
  1400.750 6.134E+02
  1401.000 6.181E+02
  1401.250 4.711E+02
  1401.500 3.572E+02
  1401.750 4.394E+02
  1402.000 6.059E+02
  1402.250 7.933E+02
  1402.500 8.903E+02
  1402.750 8.265E+02
  1403.000 6.868E+02
  1403.250 7.386E+02
  1403.500 9.208E+02
  1403.750 1.035E+03
  1404.000 1.064E+03
  1404.250 1.131E+03
  1404.500 1.220E+03
  1404.750 1.137E+03
  1405.000 1.111E+03
  1405.250 1.081E+03
  1405.500 8.314E+02
  1405.750 7.790E+02
  1406.000 1.100E+03
  1406.250 1.278E+03
  1406.500 1.206E+03
  1406.750 1.142E+03
  1407.000 1.143E+03
  1407.250 1.081E+03
  1407.500 1.139E+03
  1407.750 1.313E+03
  1408.000 1.277E+03
  1408.250 1.111E+03
  1408.500 1.112E+03
  1408.750 1.323E+03
  1409.000 1.191E+03
  1409.250 7.974E+02
  1409.500 7.450E+02
  1409.750 1.016E+03
  1410.000 9.750E+02
  1410.250 8.729E+02
  1410.500 9.268E+02
  1410.750 8.648E+02
  1411.000 6.878E+02
  1411.250 6.218E+02
  1411.500 6.865E+02
  1411.750 8.830E+02
  1412.000 1.063E+03
  1412.250 1.331E+03
  1412.500 1.279E+03
  1412.750 9.712E+02
  1413.000 1.172E+03
  1413.250 1.513E+03
  1413.500 1.223E+03
  1413.750 1.091E+03
  1414.000 1.287E+03
  1414.250 1.391E+03
  1414.500 1.605E+03
  1414.750 1.475E+03
  1415.000 1.237E+03
  1415.250 1.385E+03
  1415.500 1.311E+03
  1415.750 1.020E+03
  1416.000 1.472E+03
  1416.250 1.928E+03
  1416.500 1.779E+03
  1416.750 1.451E+03
  1417.000 1.271E+03
  1417.250 1.472E+03
  1417.500 1.744E+03
  1417.750 1.871E+03
  1418.000 1.747E+03
  1418.250 1.471E+03
  1418.500 1.431E+03
  1418.750 1.452E+03
  1419.000 1.681E+03
  1419.250 1.637E+03
  1419.500 1.998E+03
  1419.750 2.169E+03
  1420.000 1.917E+03
  1420.250 1.707E+03
  1420.500 1.438E+03
  1420.750 1.698E+03
  1421.000 2.215E+03
  1421.250 2.292E+03
  1421.500 2.239E+03
  1421.750 2.567E+03
  1422.000 2.705E+03
  1422.250 2.544E+03
  1422.500 2.705E+03
  1422.750 3.235E+03
  1423.000 3.071E+03
  1423.250 2.498E+03
  1423.500 2.434E+03
  1423.750 2.106E+03
  1424.000 1.412E+03
  1424.250 1.101E+03
  1424.500 8.312E+02
  1424.750 3.786E+02
  1425.000 1.713E+02
  1425.250 3.254E+02
  1425.500 9.388E+02
  1425.750 1.833E+03
  1426.000 2.321E+03
  1426.250 2.553E+03
  1426.500 3.128E+03
  1426.750 3.112E+03
  1427.000 2.482E+03
  1427.250 2.308E+03
  1427.500 2.625E+03
  1427.750 2.502E+03
  1428.000 2.795E+03
  1428.250 3.095E+03
  1428.500 2.770E+03
  1428.750 2.717E+03
  1429.000 2.685E+03
  1429.250 2.449E+03
  1429.500 2.738E+03
  1429.750 2.770E+03
  1430.000 2.371E+03
  1430.250 2.814E+03
  1430.500 2.980E+03
  1430.750 2.154E+03
  1431.000 1.792E+03
  1431.250 1.452E+03
  1431.500 1.098E+03
  1431.750 1.128E+03
  1432.000 8.949E+02
  1432.250 6.858E+02
  1432.500 6.733E+02
  1432.750 6.488E+02
  1433.000 4.004E+02
  1433.250 2.442E+02
  1433.500 3.528E+02
  1433.750 8.136E+02
  1434.000 1.843E+03
  1434.250 2.535E+03
  1434.500 2.035E+03
  1434.750 1.405E+03
  1435.000 1.312E+03
  1435.250 1.337E+03
  1435.500 1.569E+03
  1435.750 2.074E+03
  1436.000 2.672E+03
  1436.250 2.911E+03
  1436.500 2.258E+03
  1436.750 1.355E+03
  1437.000 9.054E+02
  1437.250 1.528E+03
  1437.500 2.612E+03
  1437.750 3.601E+03
  1438.000 3.567E+03
  1438.250 2.867E+03
  1438.500 2.188E+03
  1438.750 2.406E+03
  1439.000 3.369E+03
  1439.250 3.483E+03
  1439.500 3.348E+03
  1439.750 3.676E+03
  1440.000 4.119E+03
  1440.250 3.861E+03
  1440.500 3.257E+03
  1440.750 2.550E+03
  1441.000 2.464E+03
  1441.250 3.347E+03
  1441.500 3.730E+03
  1441.750 4.194E+03
  1442.000 4.210E+03
  1442.250 2.837E+03
  1442.500 1.900E+03
  1442.750 2.190E+03
  1443.000 3.039E+03
  1443.250 3.798E+03
  1443.500 3.731E+03
  1443.750 3.110E+03
  1444.000 2.636E+03
  1444.250 2.327E+03
  1444.500 2.771E+03
  1444.750 2.491E+03
  1445.000 1.569E+03
  1445.250 1.351E+03
  1445.500 1.301E+03
  1445.750 1.311E+03
  1446.000 1.247E+03
  1446.250 1.102E+03
  1446.500 8.995E+02
  1446.750 7.644E+02
  1447.000 8.562E+02
  1447.250 8.823E+02
  1447.500 8.865E+02
  1447.750 8.729E+02
  1448.000 6.850E+02
  1448.250 5.293E+02
  1448.500 7.802E+02
  1448.750 1.259E+03
  1449.000 1.562E+03
  1449.250 1.556E+03
  1449.500 1.505E+03
  1449.750 1.751E+03
  1450.000 1.778E+03
  1450.250 1.794E+03
  1450.500 1.613E+03
  1450.750 1.633E+03
  1451.000 2.613E+03
  1451.250 2.775E+03
  1451.500 2.515E+03
  1451.750 3.225E+03
  1452.000 2.796E+03
  1452.250 1.930E+03
  1452.500 1.570E+03
  1452.750 1.587E+03
  1453.000 2.199E+03
  1453.250 2.637E+03
  1453.500 2.794E+03
  1453.750 3.700E+03
  1454.000 4.663E+03
  1454.250 4.138E+03
  1454.500 2.457E+03
  1454.750 1.275E+03
  1455.000 1.936E+03
  1455.250 3.634E+03
  1455.500 4.415E+03
  1455.750 3.443E+03
  1456.000 2.111E+03
  1456.250 2.360E+03
  1456.500 3.291E+03
  1456.750 3.699E+03
  1457.000 3.830E+03
  1457.250 3.519E+03
  1457.500 3.266E+03
  1457.750 3.238E+03
  1458.000 3.029E+03
  1458.250 3.475E+03
  1458.500 3.447E+03
  1458.750 2.274E+03
  1459.000 1.064E+03
  1459.250 1.215E+03
  1459.500 2.643E+03
  1459.750 4.102E+03
  1460.000 4.124E+03
  1460.250 3.111E+03
  1460.500 3.025E+03
  1460.750 3.903E+03
  1461.000 3.306E+03
  1461.250 2.942E+03
  1461.500 3.416E+03
  1461.750 2.991E+03
  1462.000 2.458E+03
  1462.250 2.195E+03
  1462.500 1.684E+03
  1462.750 1.185E+03
  1463.000 6.526E+02
  1463.250 2.820E+02
  1463.500 3.017E+02
  1463.750 7.608E+02
  1464.000 1.516E+03
  1464.250 2.225E+03
  1464.500 2.625E+03
  1464.750 2.740E+03
  1465.000 2.893E+03
  1465.250 3.625E+03
  1465.500 4.343E+03
  1465.750 5.268E+03
  1466.000 4.734E+03
  1466.250 3.860E+03
  1466.500 3.604E+03
  1466.750 2.861E+03
  1467.000 1.727E+03
  1467.250 6.919E+02
  1467.500 3.297E+02
  1467.750 5.287E+02
  1468.000 1.046E+03
  1468.250 1.478E+03
  1468.500 2.541E+03
  1468.750 4.754E+03
  1469.000 5.059E+03
  1469.250 4.175E+03
  1469.500 4.248E+03
  1469.750 4.010E+03
  1470.000 2.919E+03
  1470.250 2.385E+03
  1470.500 3.249E+03
  1470.750 4.938E+03
  1471.000 6.246E+03
  1471.250 6.076E+03
  1471.500 5.143E+03
  1471.750 4.393E+03
  1472.000 3.918E+03
  1472.250 4.266E+03
  1472.500 4.395E+03
  1472.750 3.957E+03
  1473.000 3.200E+03
  1473.250 2.854E+03
  1473.500 2.927E+03
  1473.750 2.030E+03
  1474.000 8.889E+02
  1474.250 6.916E+02
  1474.500 1.178E+03
  1474.750 2.724E+03
  1475.000 5.563E+03
  1475.250 7.550E+03
  1475.500 6.571E+03
  1475.750 4.894E+03
  1476.000 5.248E+03
  1476.250 6.156E+03
  1476.500 6.383E+03
  1476.750 7.415E+03
  1477.000 7.749E+03
  1477.250 5.845E+03
  1477.500 4.960E+03
  1477.750 5.568E+03
  1478.000 5.249E+03
  1478.250 5.059E+03
  1478.500 5.295E+03
  1478.750 7.340E+03
  1479.000 8.943E+03
  1479.250 7.869E+03
  1479.500 7.668E+03
  1479.750 8.140E+03
  1480.000 7.765E+03
  1480.250 7.278E+03
  1480.500 8.327E+03
  1480.750 7.323E+03
  1481.000 3.900E+03
  1481.250 2.316E+03
  1481.500 1.286E+03
  1481.750 8.792E+02
  1482.000 1.727E+03
  1482.250 2.891E+03
  1482.500 3.603E+03
  1482.750 2.751E+03
  1483.000 1.219E+03
  1483.250 1.456E+03
  1483.500 3.420E+03
  1483.750 6.158E+03
  1484.000 8.788E+03
  1484.250 1.108E+04
  1484.500 1.311E+04
  1484.750 1.188E+04
  1485.000 8.073E+03
  1485.250 6.611E+03
  1485.500 6.741E+03
  1485.750 9.314E+03
  1486.000 1.114E+04
  1486.250 9.701E+03
  1486.500 8.450E+03
  1486.750 8.901E+03
  1487.000 5.997E+03
  1487.250 3.901E+03
  1487.500 6.325E+03
  1487.750 9.194E+03
  1488.000 9.544E+03
  1488.250 7.959E+03
  1488.500 7.950E+03
  1488.750 1.042E+04
  1489.000 1.148E+04
  1489.250 1.099E+04
  1489.500 1.168E+04
  1489.750 1.116E+04
  1490.000 1.036E+04
  1490.250 1.154E+04
  1490.500 1.174E+04
  1490.750 1.063E+04
  1491.000 1.002E+04
  1491.250 9.129E+03
  1491.500 9.471E+03
  1491.750 9.833E+03
  1492.000 9.018E+03
  1492.250 6.403E+03
  1492.500 2.636E+03
  1492.750 1.333E+03
  1493.000 2.968E+03
  1493.250 5.822E+03
  1493.500 8.860E+03
  1493.750 9.695E+03
  1494.000 8.740E+03
  1494.250 6.877E+03
  1494.500 3.714E+03
  1494.750 3.683E+03
  1495.000 7.555E+03
  1495.250 1.055E+04
  1495.500 1.274E+04
  1495.750 1.397E+04
  1496.000 1.328E+04
  1496.250 1.155E+04
  1496.500 1.081E+04
  1496.750 1.184E+04
  1497.000 1.347E+04
  1497.250 1.437E+04
  1497.500 1.405E+04
  1497.750 1.511E+04
  1498.000 1.617E+04
  1498.250 1.439E+04
  1498.500 1.292E+04
  1498.750 1.211E+04
  1499.000 1.281E+04
  1499.250 1.365E+04
  1499.500 1.321E+04
  1499.750 1.381E+04
  1500.000 1.318E+04
  1500.250 9.066E+03
  1500.500 7.428E+03
  1500.750 1.078E+04
  1501.000 1.298E+04
  1501.250 1.448E+04
  1501.500 1.372E+04
  1501.750 9.919E+03
  1502.000 7.181E+03
  1502.250 9.479E+03
  1502.500 1.305E+04
  1502.750 1.320E+04
  1503.000 1.322E+04
  1503.250 1.376E+04
  1503.500 1.290E+04
  1503.750 1.342E+04
  1504.000 1.313E+04
  1504.250 1.275E+04
  1504.500 1.399E+04
  1504.750 1.535E+04
  1505.000 1.759E+04
  1505.250 1.807E+04
  1505.500 1.595E+04
  1505.750 1.356E+04
  1506.000 1.393E+04
  1506.250 1.315E+04
  1506.500 1.167E+04
  1506.750 1.153E+04
  1507.000 1.359E+04
  1507.250 1.656E+04
  1507.500 1.745E+04
  1507.750 1.548E+04
  1508.000 1.307E+04
  1508.250 1.232E+04
  1508.500 1.333E+04
  1508.750 1.276E+04
  1509.000 1.039E+04
  1509.250 9.618E+03
  1509.500 1.370E+04
  1509.750 1.596E+04
  1510.000 1.308E+04
  1510.250 1.240E+04
  1510.500 1.213E+04
  1510.750 7.994E+03
  1511.000 8.659E+03
  1511.250 1.317E+04
  1511.500 1.494E+04
  1511.750 1.230E+04
  1512.000 9.188E+03
  1512.250 1.331E+04
  1512.500 1.823E+04
  1512.750 1.750E+04
  1513.000 1.443E+04
  1513.250 1.183E+04
  1513.500 1.377E+04
  1513.750 1.633E+04
  1514.000 1.624E+04
  1514.250 1.412E+04
  1514.500 1.236E+04
  1514.750 1.285E+04
  1515.000 1.321E+04
  1515.250 1.005E+04
  1515.500 6.880E+03
  1515.750 5.238E+03
  1516.000 3.651E+03
  1516.250 3.294E+03
  1516.500 3.381E+03
  1516.750 2.852E+03
  1517.000 2.436E+03
  1517.250 1.957E+03
  1517.500 1.574E+03
  1517.750 1.434E+03
  1518.000 1.349E+03
  1518.250 1.231E+03
  1518.500 1.141E+03
  1518.750 1.193E+03
  1519.000 1.250E+03
  1519.250 1.223E+03
  1519.500 1.160E+03
  1519.750 1.182E+03
  1520.000 1.093E+03
  1520.250 9.570E+02
  1520.500 8.138E+02
  1520.750 7.308E+02
  1521.000 7.320E+02
  1521.250 7.382E+02
  1521.500 7.429E+02
  1521.750 7.234E+02
  1522.000 6.906E+02
  1522.250 7.115E+02
  1522.500 7.296E+02
  1522.750 7.620E+02
  1523.000 7.145E+02
  1523.250 6.425E+02
  1523.500 7.253E+02
  1523.750 7.820E+02
  1524.000 7.541E+02
  1524.250 7.745E+02
  1524.500 8.055E+02
  1524.750 7.362E+02
  1525.000 6.612E+02
  1525.250 6.801E+02
  1525.500 7.301E+02
  1525.750 6.715E+02
  1526.000 5.765E+02
  1526.250 4.649E+02
  1526.500 2.695E+02
  1526.750 2.044E+02
  1527.000 3.421E+02
  1527.250 4.493E+02
  1527.500 5.919E+02
  1527.750 8.267E+02
  1528.000 8.919E+02
  1528.250 8.620E+02
  1528.500 9.130E+02
  1528.750 9.874E+02
  1529.000 9.254E+02
  1529.250 8.162E+02
  1529.500 8.283E+02
  1529.750 9.423E+02
  1530.000 1.210E+03
  1530.250 1.317E+03
  1530.500 1.077E+03
  1530.750 8.407E+02
  1531.000 8.072E+02
  1531.250 8.956E+02
  1531.500 9.936E+02
  1531.750 1.175E+03
  1532.000 1.181E+03
  1532.250 9.774E+02
  1532.500 6.820E+02
  1532.750 4.929E+02
  1533.000 3.462E+02
  1533.250 1.953E+02
  1533.500 1.676E+02
  1533.750 3.223E+02
  1534.000 4.940E+02
  1534.250 6.525E+02
  1534.500 8.747E+02
  1534.750 9.769E+02
  1535.000 1.213E+03
  1535.250 1.450E+03
  1535.500 1.510E+03
  1535.750 1.507E+03
  1536.000 1.345E+03
  1536.250 1.238E+03
  1536.500 1.266E+03
  1536.750 1.210E+03
  1537.000 1.208E+03
  1537.250 1.265E+03
  1537.500 1.176E+03
  1537.750 1.332E+03
  1538.000 1.396E+03
  1538.250 1.643E+03
  1538.500 2.155E+03
  1538.750 2.348E+03
  1539.000 2.568E+03
  1539.250 2.916E+03
  1539.500 2.358E+03
  1539.750 2.084E+03
  1540.000 2.407E+03
  1540.250 2.282E+03
  1540.500 1.940E+03
  1540.750 1.569E+03
  1541.000 1.497E+03
  1541.250 1.471E+03
  1541.500 1.953E+03
  1541.750 3.282E+03
  1542.000 3.272E+03
  1542.250 2.039E+03
  1542.500 2.649E+03
  1542.750 4.026E+03
  1543.000 3.739E+03
  1543.250 3.077E+03
  1543.500 2.724E+03
  1543.750 2.125E+03
  1544.000 2.370E+03
  1544.250 2.638E+03
  1544.500 2.306E+03
  1544.750 2.142E+03
  1545.000 2.267E+03
  1545.250 2.624E+03
  1545.500 2.456E+03
  1545.750 1.687E+03
  1546.000 2.410E+03
  1546.250 3.439E+03
  1546.500 3.073E+03
  1546.750 3.071E+03
  1547.000 2.837E+03
  1547.250 2.861E+03
  1547.500 3.979E+03
  1547.750 3.671E+03
  1548.000 2.815E+03
  1548.250 2.512E+03
  1548.500 1.822E+03
  1548.750 1.946E+03
  1549.000 3.471E+03
  1549.250 5.144E+03
  1549.500 5.891E+03
  1549.750 6.690E+03
  1550.000 5.639E+03
  1550.250 3.317E+03
  1550.500 3.534E+03
  1550.750 4.550E+03
  1551.000 3.411E+03
  1551.250 2.339E+03
  1551.500 2.983E+03
  1551.750 2.889E+03
  1552.000 1.814E+03
  1552.250 1.744E+03
  1552.500 2.134E+03
  1552.750 1.966E+03
  1553.000 1.957E+03
  1553.250 2.898E+03
  1553.500 4.138E+03
  1553.750 3.625E+03
  1554.000 2.666E+03
  1554.250 1.969E+03
  1554.500 1.671E+03
  1554.750 1.992E+03
  1555.000 2.935E+03
  1555.250 2.623E+03
  1555.500 1.745E+03
  1555.750 1.895E+03
  1556.000 2.078E+03
  1556.250 2.201E+03
  1556.500 2.689E+03
  1556.750 2.971E+03
  1557.000 2.792E+03
  1557.250 2.397E+03
  1557.500 2.502E+03
  1557.750 3.351E+03
  1558.000 3.586E+03
  1558.250 2.790E+03
  1558.500 1.513E+03
  1558.750 8.951E+02
  1559.000 7.678E+02
  1559.250 8.629E+02
  1559.500 1.180E+03
  1559.750 1.102E+03
  1560.000 7.204E+02
  1560.250 3.372E+02
  1560.500 2.006E+02
  1560.750 1.942E+02
  1561.000 2.417E+02
  1561.250 2.126E+02
  1561.500 2.283E+02
  1561.750 4.110E+02
  1562.000 7.008E+02
  1562.250 1.137E+03
  1562.500 1.739E+03
  1562.750 2.262E+03
  1563.000 2.369E+03
  1563.250 1.970E+03
  1563.500 1.358E+03
  1563.750 9.965E+02
  1564.000 1.494E+03
  1564.250 2.238E+03
  1564.500 2.234E+03
  1564.750 2.402E+03
  1565.000 2.871E+03
  1565.250 2.696E+03
  1565.500 3.031E+03
  1565.750 3.940E+03
  1566.000 3.823E+03
  1566.250 2.826E+03
  1566.500 1.835E+03
  1566.750 1.299E+03
  1567.000 1.579E+03
  1567.250 2.002E+03
  1567.500 1.730E+03
  1567.750 1.376E+03
  1568.000 1.408E+03
  1568.250 2.091E+03
  1568.500 3.002E+03
  1568.750 4.263E+03
  1569.000 5.400E+03
  1569.250 5.276E+03
  1569.500 3.728E+03
  1569.750 2.521E+03
  1570.000 2.066E+03
  1570.250 1.465E+03
  1570.500 1.971E+03
  1570.750 2.878E+03
  1571.000 2.914E+03
  1571.250 3.270E+03
  1571.500 3.850E+03
  1571.750 3.607E+03
  1572.000 4.091E+03
  1572.250 4.820E+03
  1572.500 4.086E+03
  1572.750 2.551E+03
  1573.000 2.363E+03
  1573.250 2.641E+03
  1573.500 2.434E+03
  1573.750 1.677E+03
  1574.000 1.442E+03
  1574.250 2.132E+03
  1574.500 1.898E+03
  1574.750 9.866E+02
  1575.000 1.069E+03
  1575.250 2.430E+03
  1575.500 3.575E+03
  1575.750 4.050E+03
  1576.000 4.258E+03
  1576.250 4.499E+03
  1576.500 4.052E+03
  1576.750 3.066E+03
  1577.000 2.148E+03
  1577.250 2.629E+03
  1577.500 4.160E+03
  1577.750 4.539E+03
  1578.000 3.574E+03
  1578.250 3.201E+03
  1578.500 3.768E+03
  1578.750 4.715E+03
  1579.000 5.089E+03
  1579.250 4.631E+03
  1579.500 4.456E+03
  1579.750 4.538E+03
  1580.000 3.983E+03
  1580.250 2.574E+03
  1580.500 1.644E+03
  1580.750 2.069E+03
  1581.000 3.231E+03
  1581.250 3.364E+03
  1581.500 3.572E+03
  1581.750 4.201E+03
  1582.000 4.347E+03
  1582.250 3.995E+03
  1582.500 4.050E+03
  1582.750 4.637E+03
  1583.000 5.253E+03
  1583.250 5.547E+03
  1583.500 5.063E+03
  1583.750 4.058E+03
  1584.000 2.985E+03
  1584.250 2.948E+03
  1584.500 3.310E+03
  1584.750 2.624E+03
  1585.000 2.031E+03
  1585.250 2.905E+03
  1585.500 3.948E+03
  1585.750 4.030E+03
  1586.000 3.201E+03
  1586.250 3.300E+03
  1586.500 3.652E+03
  1586.750 3.284E+03
  1587.000 3.927E+03
  1587.250 4.475E+03
  1587.500 3.919E+03
  1587.750 3.441E+03
  1588.000 3.141E+03
  1588.250 2.600E+03
  1588.500 2.972E+03
  1588.750 3.801E+03
  1589.000 4.268E+03
  1589.250 4.383E+03
  1589.500 4.727E+03
  1589.750 4.823E+03
  1590.000 4.602E+03
  1590.250 3.877E+03
  1590.500 3.365E+03
  1590.750 3.993E+03
  1591.000 3.981E+03
  1591.250 4.131E+03
  1591.500 4.957E+03
  1591.750 5.262E+03
  1592.000 5.000E+03
  1592.250 3.915E+03
  1592.500 3.279E+03
  1592.750 3.944E+03
  1593.000 4.739E+03
  1593.250 4.820E+03
  1593.500 4.960E+03
  1593.750 4.999E+03
  1594.000 4.439E+03
  1594.250 4.718E+03
  1594.500 5.075E+03
  1594.750 4.047E+03
  1595.000 3.400E+03
  1595.250 4.020E+03
  1595.500 4.377E+03
  1595.750 4.668E+03
  1596.000 5.462E+03
  1596.250 5.791E+03
  1596.500 5.333E+03
  1596.750 5.544E+03
  1597.000 6.101E+03
  1597.250 6.025E+03
  1597.500 5.976E+03
  1597.750 5.937E+03
  1598.000 5.869E+03
  1598.250 5.644E+03
  1598.500 5.085E+03
  1598.750 5.533E+03
  1599.000 6.363E+03
  1599.250 6.397E+03
  1599.500 6.263E+03
  1599.750 5.961E+03
  1600.000 5.467E+03
  1600.250 6.619E+03
  1600.500 1.469E+04
  1600.750 3.873E+04
  1601.000 8.329E+04
  1601.250 1.057E+05
  1601.500 1.225E+05
  1601.750 1.656E+05
  1602.000 1.399E+05
  1602.250 8.291E+04
  1602.500 6.439E+04
  1602.750 5.639E+04
  1603.000 5.875E+04
  1603.250 1.026E+05
  1603.500 1.469E+05
  1603.750 1.798E+05
  1604.000 2.064E+05
  1604.250 2.090E+05
  1604.500 1.833E+05
  1604.750 1.813E+05
  1605.000 1.598E+05
  1605.250 1.098E+05
  1605.500 1.035E+05
  1605.750 9.156E+04
  1606.000 8.911E+04
  1606.250 1.230E+05
  1606.500 1.556E+05
  1606.750 1.404E+05
  1607.000 1.096E+05
  1607.250 1.139E+05
  1607.500 1.187E+05
  1607.750 9.255E+04
  1608.000 4.514E+04
  1608.250 1.287E+04
  1608.500 4.940E+03
  1608.750 1.588E+04
  1609.000 4.709E+04
  1609.250 8.194E+04
  1609.500 9.529E+04
  1609.750 1.057E+05
  1610.000 1.051E+05
  1610.250 9.787E+04
  1610.500 8.076E+04
  1610.750 3.872E+04
  1611.000 2.625E+04
  1611.250 7.593E+04
  1611.500 1.409E+05
  1611.750 1.593E+05
  1612.000 1.303E+05
  1612.250 7.593E+04
  1612.500 3.031E+04
  1612.750 8.896E+03
  1613.000 1.136E+04
  1613.250 3.597E+04
  1613.500 7.653E+04
  1613.750 8.909E+04
  1614.000 1.188E+05
  1614.250 1.325E+05
  1614.500 8.168E+04
  1614.750 8.648E+04
  1615.000 1.438E+05
  1615.250 1.806E+05
  1615.500 1.738E+05
  1615.750 1.244E+05
  1616.000 9.752E+04
  1616.250 1.034E+05
  1616.500 7.896E+04
  1616.750 8.322E+04
  1617.000 1.352E+05
  1617.250 1.417E+05
  1617.500 1.565E+05
  1617.750 1.726E+05
  1618.000 1.184E+05
  1618.250 5.069E+04
  1618.500 2.181E+04
  1618.750 2.563E+04
  1619.000 4.705E+04
  1619.250 8.655E+04
  1619.500 1.147E+05
  1619.750 1.351E+05
  1620.000 1.086E+05
  1620.250 8.127E+04
  1620.500 9.873E+04
  1620.750 1.188E+05
  1621.000 9.612E+04
  1621.250 5.573E+04
  1621.500 2.279E+04
  1621.750 1.606E+04
  1622.000 4.637E+04
  1622.250 8.581E+04
  1622.500 8.672E+04
  1622.750 4.738E+04
  1623.000 1.581E+04
  1623.250 1.687E+04
  1623.500 2.642E+04
  1623.750 3.792E+04
  1624.000 7.526E+04
  1624.250 1.096E+05
  1624.500 1.028E+05
  1624.750 8.588E+04
  1625.000 6.871E+04
  1625.250 3.456E+04
  1625.500 9.128E+03
  1625.750 8.378E+03
  1626.000 2.610E+04
  1626.250 3.957E+04
  1626.500 5.477E+04
  1626.750 7.386E+04
  1627.000 5.287E+04
  1627.250 3.292E+04
  1627.500 3.433E+04
  1627.750 4.958E+04
  1628.000 7.458E+04
  1628.250 1.000E+05
  1628.500 9.151E+04
  1628.750 4.905E+04
  1629.000 1.577E+04
  1629.250 4.133E+03
  1629.500 3.506E+03
  1629.750 4.671E+03
  1630.000 5.979E+03
  1630.250 1.177E+04
  1630.500 1.590E+04
  1630.750 1.208E+04
  1631.000 5.590E+03
  1631.250 4.213E+03
  1631.500 1.008E+04
  1631.750 2.968E+04
  1632.000 4.932E+04
  1632.250 4.443E+04
  1632.500 3.084E+04
  1632.750 1.750E+04
  1633.000 9.891E+03
  1633.250 6.676E+03
  1633.500 7.719E+03
  1633.750 7.575E+03
  1634.000 9.299E+03
  1634.250 1.890E+04
  1634.500 5.558E+04
  1634.750 1.027E+05
  1635.000 8.843E+04
  1635.250 4.129E+04
  1635.500 2.577E+04
  1635.750 3.815E+04
  1636.000 3.707E+04
  1636.250 2.469E+04
  1636.500 4.515E+04
  1636.750 8.043E+04
  1637.000 6.958E+04
  1637.250 3.054E+04
  1637.500 2.625E+04
  1637.750 6.491E+04
  1638.000 1.106E+05
  1638.250 1.528E+05
  1638.500 1.765E+05
  1638.750 1.405E+05
  1639.000 8.089E+04
  1639.250 4.078E+04
  1639.500 4.281E+04
  1639.750 7.084E+04
  1640.000 5.263E+04
  1640.250 5.081E+04
  1640.500 9.791E+04
  1640.750 1.117E+05
  1641.000 1.062E+05
  1641.250 9.391E+04
  1641.500 7.376E+04
  1641.750 4.790E+04
  1642.000 6.561E+04
  1642.250 9.350E+04
  1642.500 1.088E+05
  1642.750 1.558E+05
  1643.000 1.470E+05
  1643.250 8.612E+04
  1643.500 3.664E+04
  1643.750 5.178E+04
  1644.000 1.181E+05
  1644.250 1.716E+05
  1644.500 1.873E+05
  1644.750 1.828E+05
  1645.000 1.736E+05
  1645.250 1.900E+05
  1645.500 1.935E+05
  1645.750 1.560E+05
  1646.000 9.605E+04
  1646.250 9.068E+04
  1646.500 1.311E+05
  1646.750 1.545E+05
  1647.000 1.158E+05
  1647.250 9.293E+04
  1647.500 1.259E+05
  1647.750 1.586E+05
  1648.000 1.736E+05
  1648.250 1.538E+05
  1648.500 1.284E+05
  1648.750 1.298E+05
  1649.000 1.042E+05
  1649.250 4.595E+04
  1649.500 1.514E+04
  1649.750 3.211E+04
  1650.000 7.532E+04
  1650.250 8.580E+04
  1650.500 5.776E+04
  1650.750 4.268E+04
  1651.000 5.441E+04
  1651.250 7.505E+04
  1651.500 7.452E+04
  1651.750 5.993E+04
  1652.000 5.732E+04
  1652.250 5.608E+04
  1652.500 5.398E+04
  1652.750 5.290E+04
  1653.000 4.218E+04
  1653.250 2.580E+04
  1653.500 1.519E+04
  1653.750 1.185E+04
  1654.000 7.713E+03
  1654.250 3.423E+03
  1654.500 2.001E+03
  1654.750 2.241E+03
  1655.000 2.292E+03
  1655.250 2.033E+03
  1655.500 1.628E+03
  1655.750 1.145E+03
  1656.000 6.586E+02
  1656.250 3.511E+02
  1656.500 3.077E+02
  1656.750 2.628E+02
  1657.000 1.906E+02
  1657.250 1.993E+02
  1657.500 2.550E+02
  1657.750 2.625E+02
  1658.000 2.289E+02
  1658.250 3.677E+02
  1658.500 6.915E+02
  1658.750 1.074E+03
  1659.000 1.568E+03
  1659.250 1.745E+03
  1659.500 1.982E+03
  1659.750 3.713E+03
  1660.000 6.629E+03
  1660.250 9.032E+03
  1660.500 1.098E+04
  1660.750 1.322E+04
  1661.000 1.609E+04
  1661.250 1.780E+04
  1661.500 2.804E+04
  1661.750 4.575E+04
  1662.000 5.501E+04
  1662.250 4.974E+04
  1662.500 5.202E+04
  1662.750 5.407E+04
  1663.000 3.442E+04
  1663.250 1.822E+04
  1663.500 2.552E+04
  1663.750 4.312E+04
  1664.000 6.971E+04
  1664.250 7.227E+04
  1664.500 7.059E+04
  1664.750 1.011E+05
  1665.000 1.163E+05
  1665.250 1.071E+05
  1665.500 9.250E+04
  1665.750 8.183E+04
  1666.000 5.785E+04
  1666.250 2.958E+04
  1666.500 1.107E+04
  1666.750 8.016E+03
  1667.000 2.330E+04
  1667.250 4.138E+04
  1667.500 3.930E+04
  1667.750 3.385E+04
  1668.000 3.884E+04
  1668.250 3.890E+04
  1668.500 2.523E+04
  1668.750 1.943E+04
  1669.000 1.548E+04
  1669.250 9.958E+03
  1669.500 5.465E+03
  1669.750 2.947E+03
  1670.000 1.978E+03
  1670.250 1.304E+03
  1670.500 7.135E+02
  1670.750 3.430E+02
  1671.000 3.585E+02
  1671.250 7.250E+02
  1671.500 1.191E+03
  1671.750 1.937E+03
  1672.000 3.097E+03
  1672.250 4.169E+03
  1672.500 6.196E+03
  1672.750 1.444E+04
  1673.000 2.381E+04
  1673.250 2.210E+04
  1673.500 1.807E+04
  1673.750 2.020E+04
  1674.000 1.522E+04
  1674.250 8.239E+03
  1674.500 5.134E+03
  1674.750 9.817E+03
  1675.000 1.799E+04
  1675.250 2.259E+04
  1675.500 3.013E+04
  1675.750 3.143E+04
  1676.000 2.497E+04
  1676.250 1.885E+04
  1676.500 1.526E+04
  1676.750 1.265E+04
  1677.000 1.450E+04
  1677.250 1.708E+04
  1677.500 1.636E+04
  1677.750 1.325E+04
  1678.000 1.279E+04
  1678.250 1.433E+04
  1678.500 1.592E+04
  1678.750 1.850E+04
  1679.000 1.634E+04
  1679.250 1.076E+04
  1679.500 5.379E+03
  1679.750 7.737E+03
  1680.000 1.584E+04
  1680.250 1.965E+04
  1680.500 3.249E+04
  1680.750 4.325E+04
  1681.000 2.771E+04
  1681.250 2.855E+04
  1681.500 3.808E+04
  1681.750 3.664E+04
  1682.000 5.566E+04
  1682.250 6.366E+04
  1682.500 3.721E+04
  1682.750 3.567E+04
  1683.000 4.997E+04
  1683.250 3.564E+04
  1683.500 1.832E+04
  1683.750 2.464E+04
  1684.000 3.843E+04
  1684.250 3.843E+04
  1684.500 2.716E+04
  1684.750 1.890E+04
  1685.000 2.918E+04
  1685.250 3.858E+04
  1685.500 2.911E+04
  1685.750 1.807E+04
  1686.000 8.779E+03
  1686.250 4.318E+03
  1686.500 3.713E+03
  1686.750 6.467E+03
  1687.000 1.522E+04
  1687.250 2.614E+04
  1687.500 2.261E+04
  1687.750 1.295E+04
  1688.000 1.303E+04
  1688.250 1.907E+04
  1688.500 2.766E+04
  1688.750 2.794E+04
  1689.000 2.514E+04
  1689.250 2.405E+04
  1689.500 2.171E+04
  1689.750 1.850E+04
  1690.000 1.713E+04
  1690.250 3.629E+04
  1690.500 5.249E+04
  1690.750 3.623E+04
  1691.000 1.791E+04
  1691.250 1.551E+04
  1691.500 2.256E+04
  1691.750 2.496E+04
  1692.000 2.220E+04
  1692.250 2.175E+04
  1692.500 1.393E+04
  1692.750 1.194E+04
  1693.000 1.971E+04
  1693.250 2.407E+04
  1693.500 4.302E+04
  1693.750 5.879E+04
  1694.000 4.560E+04
  1694.250 4.625E+04
  1694.500 3.589E+04
  1694.750 3.095E+04
  1695.000 4.682E+04
  1695.250 5.462E+04
  1695.500 3.348E+04
  1695.750 1.326E+04
  1696.000 6.297E+03
  1696.250 5.660E+03
  1696.500 8.318E+03
  1696.750 1.300E+04
  1697.000 3.392E+04
  1697.250 6.229E+04
  1697.500 5.871E+04
  1697.750 2.685E+04
  1698.000 9.773E+03
  1698.250 1.252E+04
  1698.500 2.650E+04
  1698.750 6.058E+04
  1699.000 8.037E+04
  1699.250 1.045E+05
  1699.500 1.191E+05
  1699.750 6.950E+04
  1700.000 2.721E+04
  1700.250 1.007E+04
  1700.500 1.074E+04
  1700.750 3.638E+04
  1701.000 7.814E+04
  1701.250 9.401E+04
  1701.500 6.542E+04
  1701.750 2.420E+04
  1702.000 6.885E+03
  1702.250 1.659E+04
  1702.500 4.080E+04
  1702.750 5.263E+04
  1703.000 7.107E+04
  1703.250 7.494E+04
  1703.500 7.685E+04
  1703.750 1.068E+05
  1704.000 1.143E+05
  1704.250 9.104E+04
  1704.500 5.174E+04
  1704.750 7.237E+04
  1705.000 1.141E+05
  1705.250 1.214E+05
  1705.500 8.942E+04
  1705.750 3.770E+04
  1706.000 3.827E+04
  1706.250 9.505E+04
  1706.500 1.521E+05
  1706.750 1.539E+05
  1707.000 1.200E+05
  1707.250 8.003E+04
  1707.500 4.344E+04
  1707.750 6.485E+04
  1708.000 1.123E+05
  1708.250 8.550E+04
  1708.500 4.387E+04
  1708.750 6.048E+04
  1709.000 1.123E+05
  1709.250 8.956E+04
  1709.500 3.561E+04
  1709.750 5.547E+04
  1710.000 1.499E+05
  1710.250 2.360E+05
  1710.500 2.543E+05
  1710.750 2.641E+05
  1711.000 2.643E+05
  1711.250 2.442E+05
  1711.500 1.817E+05
  1711.750 1.660E+05
  1712.000 2.252E+05
  1712.250 2.021E+05
  1712.500 1.171E+05
  1712.750 4.394E+04
  1713.000 1.070E+04
  1713.250 7.204E+03
  1713.500 1.597E+04
  1713.750 3.759E+04
  1714.000 8.752E+04
  1714.250 1.330E+05
  1714.500 1.325E+05
  1714.750 1.124E+05
  1715.000 1.366E+05
  1715.250 1.573E+05
  1715.500 1.477E+05
  1715.750 2.183E+05
  1716.000 2.887E+05
  1716.250 2.268E+05
  1716.500 1.740E+05
  1716.750 2.172E+05
  1717.000 2.693E+05
  1717.250 2.783E+05
  1717.500 2.226E+05
  1717.750 1.326E+05
  1718.000 9.837E+04
  1718.250 1.165E+05
  1718.500 1.722E+05
  1718.750 2.293E+05
  1719.000 2.384E+05
  1719.250 2.129E+05
  1719.500 2.170E+05
  1719.750 2.432E+05
  1720.000 1.465E+05
  1720.250 4.457E+04
  1720.500 2.077E+04
  1720.750 5.003E+04
  1721.000 9.071E+04
  1721.250 1.154E+05
  1721.500 1.869E+05
  1721.750 2.116E+05
  1722.000 2.340E+05
  1722.250 2.204E+05
  1722.500 1.516E+05
  1722.750 1.866E+05
  1723.000 2.280E+05
  1723.250 2.494E+05
  1723.500 2.583E+05
  1723.750 2.502E+05
  1724.000 1.676E+05
  1724.250 6.393E+04
  1724.500 3.595E+04
  1724.750 3.451E+04
  1725.000 5.567E+04
  1725.250 1.520E+05
  1725.500 2.160E+05
  1725.750 1.754E+05
  1726.000 1.015E+05
  1726.250 3.685E+04
  1726.500 3.765E+04
  1726.750 1.053E+05
  1727.000 1.997E+05
  1727.250 2.166E+05
  1727.500 2.183E+05
  1727.750 2.932E+05
  1728.000 3.243E+05
  1728.250 3.062E+05
  1728.500 3.206E+05
  1728.750 3.122E+05
  1729.000 3.357E+05
  1729.250 3.654E+05
  1729.500 3.811E+05
  1729.750 3.954E+05
  1730.000 3.680E+05
  1730.250 3.013E+05
  1730.500 2.766E+05
  1730.750 2.685E+05
  1731.000 1.721E+05
  1731.250 1.251E+05
  1731.500 1.777E+05
  1731.750 2.195E+05
  1732.000 2.432E+05
  1732.250 3.235E+05
  1732.500 3.353E+05
  1732.750 2.871E+05
  1733.000 2.723E+05
  1733.250 2.707E+05
  1733.500 2.649E+05
  1733.750 2.861E+05
  1734.000 2.793E+05
  1734.250 2.754E+05
  1734.500 2.308E+05
  1734.750 1.832E+05
  1735.000 2.104E+05
  1735.250 2.602E+05
  1735.500 2.528E+05
  1735.750 2.564E+05
  1736.000 2.650E+05
  1736.250 2.644E+05
  1736.500 2.683E+05
  1736.750 3.021E+05
  1737.000 2.840E+05
  1737.250 2.206E+05
  1737.500 1.748E+05
  1737.750 1.629E+05
  1738.000 1.924E+05
  1738.250 2.448E+05
  1738.500 3.117E+05
  1738.750 3.753E+05
  1739.000 3.890E+05
  1739.250 3.690E+05
  1739.500 3.507E+05
  1739.750 3.069E+05
  1740.000 1.777E+05
  1740.250 6.957E+04
  1740.500 8.671E+04
  1740.750 1.685E+05
  1741.000 1.703E+05
  1741.250 8.428E+04
  1741.500 2.585E+04
  1741.750 3.100E+04
  1742.000 8.302E+04
  1742.250 1.733E+05
  1742.500 1.918E+05
  1742.750 1.539E+05
  1743.000 1.758E+05
  1743.250 1.921E+05
  1743.500 2.588E+05
  1743.750 2.866E+05
  1744.000 2.833E+05
  1744.250 2.969E+05
  1744.500 2.790E+05
  1744.750 2.855E+05
  1745.000 2.701E+05
  1745.250 2.096E+05
  1745.500 2.559E+05
  1745.750 3.385E+05
  1746.000 3.812E+05
  1746.250 3.513E+05
  1746.500 2.637E+05
  1746.750 1.448E+05
  1747.000 1.485E+05
  1747.250 2.180E+05
  1747.500 2.165E+05
  1747.750 1.588E+05
  1748.000 7.659E+04
  1748.250 4.026E+04
  1748.500 8.848E+04
  1748.750 1.899E+05
  1749.000 2.364E+05
  1749.250 2.587E+05
  1749.500 2.538E+05
  1749.750 2.324E+05
  1750.000 3.178E+05
  1750.250 3.889E+05
  1750.500 3.622E+05
  1750.750 3.253E+05
  1751.000 3.463E+05
  1751.250 3.264E+05
  1751.500 1.996E+05
  1751.750 6.976E+04
  1752.000 6.059E+04
  1752.250 1.409E+05
  1752.500 2.224E+05
  1752.750 2.823E+05
  1753.000 2.956E+05
  1753.250 2.906E+05
  1753.500 3.031E+05
  1753.750 3.751E+05
  1754.000 3.753E+05
  1754.250 2.947E+05
  1754.500 2.426E+05
  1754.750 1.824E+05
  1755.000 2.412E+05
  1755.250 3.480E+05
  1755.500 4.006E+05
  1755.750 3.947E+05
  1756.000 3.980E+05
  1756.250 3.750E+05
  1756.500 3.086E+05
  1756.750 3.253E+05
  1757.000 3.851E+05
  1757.250 3.587E+05
  1757.500 2.983E+05
  1757.750 2.955E+05
  1758.000 2.809E+05
  1758.250 2.393E+05
  1758.500 2.876E+05
  1758.750 3.564E+05
  1759.000 3.963E+05
  1759.250 3.833E+05
  1759.500 3.013E+05
  1759.750 2.120E+05
  1760.000 1.968E+05
  1760.250 1.824E+05
  1760.500 1.804E+05
  1760.750 2.435E+05
  1761.000 3.007E+05
  1761.250 2.088E+05
  1761.500 1.610E+05
  1761.750 2.138E+05
  1762.000 2.550E+05
  1762.250 2.969E+05
  1762.500 2.638E+05
  1762.750 1.614E+05
  1763.000 1.661E+05
  1763.250 2.880E+05
  1763.500 2.704E+05
  1763.750 1.289E+05
  1764.000 8.575E+04
  1764.250 1.757E+05
  1764.500 2.860E+05
  1764.750 2.957E+05
  1765.000 1.803E+05
  1765.250 6.450E+04
  1765.500 1.862E+04
  1765.750 1.322E+04
  1766.000 1.731E+04
  1766.250 2.114E+04
  1766.500 5.593E+04
  1766.750 1.569E+05
  1767.000 2.914E+05
  1767.250 3.364E+05
  1767.500 2.601E+05
  1767.750 2.490E+05
  1768.000 3.272E+05
  1768.250 3.002E+05
  1768.500 2.363E+05
  1768.750 2.318E+05
  1769.000 1.987E+05
  1769.250 1.774E+05
  1769.500 1.824E+05
  1769.750 1.994E+05
  1770.000 3.032E+05
  1770.250 3.230E+05
  1770.500 1.924E+05
  1770.750 1.203E+05
  1771.000 1.999E+05
  1771.250 3.467E+05
  1771.500 4.073E+05
  1771.750 3.336E+05
  1772.000 2.306E+05
  1772.250 1.451E+05
  1772.500 1.336E+05
  1772.750 2.584E+05
  1773.000 3.628E+05
  1773.250 4.049E+05
  1773.500 4.137E+05
  1773.750 3.061E+05
  1774.000 1.917E+05
  1774.250 2.681E+05
  1774.500 3.441E+05
  1774.750 2.326E+05
  1775.000 1.518E+05
  1775.250 2.451E+05
  1775.500 3.722E+05
  1775.750 3.994E+05
  1776.000 3.812E+05
  1776.250 3.757E+05
  1776.500 2.982E+05
  1776.750 2.377E+05
  1777.000 3.628E+05
  1777.250 4.778E+05
  1777.500 4.306E+05
  1777.750 2.971E+05
  1778.000 2.994E+05
  1778.250 3.522E+05
  1778.500 3.462E+05
  1778.750 3.722E+05
  1779.000 4.331E+05
  1779.250 4.100E+05
  1779.500 4.017E+05
  1779.750 4.130E+05
  1780.000 3.715E+05
  1780.250 3.744E+05
  1780.500 4.245E+05
  1780.750 3.735E+05
  1781.000 3.082E+05
  1781.250 2.656E+05
  1781.500 2.784E+05
  1781.750 3.284E+05
  1782.000 3.158E+05
  1782.250 2.556E+05
  1782.500 1.957E+05
  1782.750 1.390E+05
  1783.000 1.497E+05
  1783.250 1.940E+05
  1783.500 2.839E+05
  1783.750 3.663E+05
  1784.000 3.788E+05
  1784.250 3.930E+05
  1784.500 3.428E+05
  1784.750 2.815E+05
  1785.000 1.872E+05
  1785.250 9.232E+04
  1785.500 1.420E+05
  1785.750 2.275E+05
  1786.000 2.435E+05
  1786.250 2.024E+05
  1786.500 1.327E+05
  1786.750 9.542E+04
  1787.000 1.822E+05
  1787.250 2.777E+05
  1787.500 2.267E+05
  1787.750 1.189E+05
  1788.000 6.707E+04
  1788.250 6.214E+04
  1788.500 7.679E+04
  1788.750 1.852E+05
  1789.000 3.281E+05
  1789.250 4.029E+05
  1789.500 3.914E+05
  1789.750 3.346E+05
  1790.000 3.689E+05
  1790.250 4.120E+05
  1790.500 4.208E+05
  1790.750 4.477E+05
  1791.000 4.616E+05
  1791.250 4.645E+05
  1791.500 4.504E+05
  1791.750 4.604E+05
  1792.000 4.736E+05
  1792.250 4.835E+05
  1792.500 4.957E+05
  1792.750 4.837E+05
  1793.000 4.365E+05
  1793.250 3.127E+05
  1793.500 2.793E+05
  1793.750 3.564E+05
  1794.000 4.472E+05
  1794.250 4.845E+05
  1794.500 4.701E+05
  1794.750 4.504E+05
  1795.000 4.103E+05
  1795.250 4.064E+05
  1795.500 4.088E+05
  1795.750 4.463E+05
  1796.000 4.881E+05
  1796.250 5.278E+05
  1796.500 5.097E+05
  1796.750 4.070E+05
  1797.000 3.420E+05
  1797.250 3.099E+05
  1797.500 2.903E+05
  1797.750 3.308E+05
  1798.000 3.118E+05
  1798.250 3.164E+05
  1798.500 4.354E+05
  1798.750 4.784E+05
  1799.000 4.253E+05
  1799.250 3.839E+05
  1799.500 4.043E+05
  1799.750 4.041E+05
  1800.000 4.332E+05
  1800.250 4.716E+05
  1800.500 4.570E+05
  1800.750 4.427E+05
  1801.000 4.241E+05
  1801.250 4.159E+05
  1801.500 4.359E+05
  1801.750 4.410E+05
  1802.000 4.222E+05
  1802.250 4.144E+05
  1802.500 4.466E+05
  1802.750 4.606E+05
  1803.000 4.777E+05
  1803.250 4.218E+05
  1803.500 3.280E+05
  1803.750 3.650E+05
  1804.000 3.774E+05
  1804.250 2.830E+05
  1804.500 2.137E+05
  1804.750 2.292E+05
  1805.000 2.300E+05
  1805.250 2.167E+05
  1805.500 2.226E+05
  1805.750 2.105E+05
  1806.000 1.892E+05
  1806.250 1.519E+05
  1806.500 8.882E+04
  1806.750 3.517E+04
  1807.000 1.027E+04
  1807.250 3.061E+03
  1807.500 3.091E+03
  1807.750 8.309E+03
  1808.000 2.634E+04
  1808.250 6.071E+04
  1808.500 9.821E+04
  1808.750 1.060E+05
  1809.000 7.614E+04
  1809.250 9.705E+04
  1809.500 2.245E+05
  1809.750 3.295E+05
  1810.000 3.509E+05
  1810.250 3.813E+05
  1810.500 4.236E+05
  1810.750 3.878E+05
  1811.000 3.031E+05
  1811.250 3.425E+05
  1811.500 4.438E+05
  1811.750 3.857E+05
  1812.000 2.408E+05
  1812.250 2.661E+05
  1812.500 4.093E+05
  1812.750 4.513E+05
  1813.000 4.167E+05
  1813.250 4.264E+05
  1813.500 4.240E+05
  1813.750 3.633E+05
  1814.000 2.561E+05
  1814.250 2.478E+05
  1814.500 2.972E+05
  1814.750 3.538E+05
  1815.000 3.987E+05
  1815.250 3.123E+05
  1815.500 2.299E+05
  1815.750 2.826E+05
  1816.000 3.636E+05
  1816.250 3.922E+05
  1816.500 3.446E+05
  1816.750 2.173E+05
  1817.000 1.650E+05
  1817.250 1.994E+05
  1817.500 2.054E+05
  1817.750 2.495E+05
  1818.000 2.479E+05
  1818.250 2.397E+05
  1818.500 2.290E+05
  1818.750 2.872E+05
  1819.000 3.136E+05
  1819.250 2.698E+05
  1819.500 1.838E+05
  1819.750 8.995E+04
  1820.000 3.221E+04
  1820.250 8.339E+03
  1820.500 5.707E+03
  1820.750 1.844E+04
  1821.000 7.062E+04
  1821.250 1.822E+05
  1821.500 2.869E+05
  1821.750 3.188E+05
  1822.000 2.565E+05
  1822.250 2.081E+05
  1822.500 2.849E+05
  1822.750 3.668E+05
  1823.000 4.126E+05
  1823.250 4.271E+05
  1823.500 3.971E+05
  1823.750 3.089E+05
  1824.000 2.569E+05
  1824.250 3.897E+05
  1824.500 4.888E+05
  1824.750 4.349E+05
  1825.000 3.008E+05
  1825.250 2.245E+05
  1825.500 2.266E+05
  1825.750 1.675E+05
  1826.000 6.454E+04
  1826.250 2.259E+04
  1826.500 5.445E+04
  1826.750 1.302E+05
  1827.000 2.065E+05
  1827.250 3.080E+05
  1827.500 3.402E+05
  1827.750 2.830E+05
  1828.000 2.838E+05
  1828.250 3.118E+05
  1828.500 3.119E+05
  1828.750 3.368E+05
  1829.000 3.822E+05
  1829.250 3.888E+05
  1829.500 4.045E+05
  1829.750 4.117E+05
  1830.000 3.863E+05
  1830.250 3.574E+05
  1830.500 3.239E+05
  1830.750 2.895E+05
  1831.000 2.866E+05
  1831.250 2.630E+05
  1831.500 2.644E+05
  1831.750 2.461E+05
  1832.000 2.703E+05
  1832.250 2.982E+05
  1832.500 2.842E+05
  1832.750 3.176E+05
  1833.000 3.014E+05
  1833.250 2.732E+05
  1833.500 3.010E+05
  1833.750 3.080E+05
  1834.000 3.685E+05
  1834.250 4.540E+05
  1834.500 4.708E+05
  1834.750 3.844E+05
  1835.000 3.992E+05
  1835.250 4.178E+05
  1835.500 3.095E+05
  1835.750 2.544E+05
  1836.000 2.815E+05
  1836.250 3.411E+05
  1836.500 3.460E+05
  1836.750 3.903E+05
  1837.000 3.633E+05
  1837.250 2.887E+05
  1837.500 2.499E+05
  1837.750 1.850E+05
  1838.000 1.187E+05
  1838.250 1.990E+05
  1838.500 3.594E+05
  1838.750 4.337E+05
  1839.000 4.269E+05
  1839.250 3.523E+05
  1839.500 2.186E+05
  1839.750 1.239E+05
  1840.000 7.446E+04
  1840.250 1.489E+05
  1840.500 3.183E+05
  1840.750 4.240E+05
  1841.000 3.419E+05
  1841.250 2.076E+05
  1841.500 1.050E+05
  1841.750 9.992E+04
  1842.000 1.983E+05
  1842.250 3.214E+05
  1842.500 4.405E+05
  1842.750 3.847E+05
  1843.000 2.247E+05
  1843.250 2.153E+05
  1843.500 2.923E+05
  1843.750 3.105E+05
  1844.000 3.333E+05
  1844.250 3.821E+05
  1844.500 3.928E+05
  1844.750 3.541E+05
  1845.000 3.006E+05
  1845.250 2.285E+05
  1845.500 2.108E+05
  1845.750 3.222E+05
  1846.000 3.248E+05
  1846.250 2.514E+05
  1846.500 2.000E+05
  1846.750 1.994E+05
  1847.000 2.542E+05
  1847.250 1.969E+05
  1847.500 1.157E+05
  1847.750 1.326E+05
  1848.000 1.530E+05
  1848.250 2.024E+05
  1848.500 2.487E+05
  1848.750 2.698E+05
  1849.000 4.174E+05
  1849.250 4.775E+05
  1849.500 4.705E+05
  1849.750 4.739E+05
  1850.000 3.690E+05
