   850.000 7.981E-05
   850.250 8.034E-05
   850.500 8.105E-05
   850.750 8.181E-05
   851.000 8.257E-05
   851.250 8.334E-05
   851.500 8.412E-05
   851.750 8.490E-05
   852.000 8.569E-05
   852.250 8.649E-05
   852.500 8.730E-05
   852.750 8.811E-05
   853.000 8.892E-05
   853.250 8.975E-05
   853.500 9.059E-05
   853.750 9.143E-05
   854.000 9.227E-05
   854.250 9.313E-05
   854.500 9.399E-05
   854.750 9.486E-05
   855.000 9.573E-05
   855.250 9.661E-05
   855.500 9.751E-05
   855.750 9.841E-05
   856.000 9.931E-05
   856.250 1.002E-04
   856.500 1.012E-04
   856.750 1.021E-04
   857.000 1.030E-04
   857.250 1.040E-04
   857.500 1.049E-04
   857.750 1.059E-04
   858.000 1.069E-04
   858.250 1.078E-04
   858.500 1.088E-04
   858.750 1.098E-04
   859.000 1.108E-04
   859.250 1.118E-04
   859.500 1.129E-04
   859.750 1.139E-04
   860.000 1.149E-04
   860.250 1.160E-04
   860.500 1.170E-04
   860.750 1.181E-04
   861.000 1.192E-04
   861.250 1.203E-04
   861.500 1.214E-04
   861.750 1.225E-04
   862.000 1.236E-04
   862.250 1.247E-04
   862.500 1.258E-04
   862.750 1.270E-04
   863.000 1.281E-04
   863.250 1.293E-04
   863.500 1.304E-04
   863.750 1.316E-04
   864.000 1.328E-04
   864.250 1.340E-04
   864.500 1.352E-04
   864.750 1.364E-04
   865.000 1.377E-04
   865.250 1.389E-04
   865.500 1.402E-04
   865.750 1.414E-04
   866.000 1.427E-04
   866.250 1.440E-04
   866.500 1.453E-04
   866.750 1.466E-04
   867.000 1.479E-04
   867.250 1.492E-04
   867.500 1.505E-04
   867.750 1.519E-04
   868.000 1.533E-04
   868.250 1.546E-04
   868.500 1.560E-04
   868.750 1.574E-04
   869.000 1.588E-04
   869.250 1.602E-04
   869.500 1.616E-04
   869.750 1.631E-04
   870.000 1.645E-04
   870.250 1.660E-04
   870.500 1.675E-04
   870.750 1.690E-04
   871.000 1.705E-04
   871.250 1.720E-04
   871.500 1.735E-04
   871.750 1.750E-04
   872.000 1.766E-04
   872.250 1.781E-04
   872.500 1.797E-04
   872.750 1.813E-04
   873.000 1.829E-04
   873.250 1.845E-04
   873.500 1.862E-04
   873.750 1.878E-04
   874.000 1.895E-04
   874.250 1.911E-04
   874.500 1.928E-04
   874.750 1.945E-04
   875.000 1.962E-04
   875.250 1.979E-04
   875.500 1.996E-04
   875.750 2.014E-04
   876.000 2.032E-04
   876.250 2.050E-04
   876.500 2.068E-04
   876.750 2.086E-04
   877.000 2.104E-04
   877.250 2.122E-04
   877.500 2.141E-04
   877.750 2.160E-04
   878.000 2.179E-04
   878.250 2.197E-04
   878.500 2.217E-04
   878.750 2.236E-04
   879.000 2.255E-04
   879.250 2.275E-04
   879.500 2.295E-04
   879.750 2.315E-04
   880.000 2.335E-04
   880.250 2.355E-04
   880.500 2.375E-04
   880.750 2.396E-04
   881.000 2.417E-04
   881.250 2.438E-04
   881.500 2.459E-04
   881.750 2.480E-04
   882.000 2.502E-04
   882.250 2.523E-04
   882.500 2.545E-04
   882.750 2.567E-04
   883.000 2.589E-04
   883.250 2.611E-04
   883.500 2.634E-04
   883.750 2.656E-04
   884.000 2.679E-04
   884.250 2.702E-04
   884.500 2.725E-04
   884.750 2.749E-04
   885.000 2.773E-04
   885.250 2.796E-04
   885.500 2.820E-04
   885.750 2.844E-04
   886.000 2.869E-04
   886.250 2.893E-04
   886.500 2.918E-04
   886.750 2.943E-04
   887.000 2.968E-04
   887.250 2.993E-04
   887.500 3.019E-04
   887.750 3.044E-04
   888.000 3.070E-04
   888.250 3.096E-04
   888.500 3.123E-04
   888.750 3.149E-04
   889.000 3.176E-04
   889.250 3.203E-04
   889.500 3.230E-04
   889.750 3.258E-04
   890.000 3.285E-04
   890.250 3.313E-04
   890.500 3.341E-04
   890.750 3.369E-04
   891.000 3.398E-04
   891.250 3.426E-04
   891.500 3.455E-04
   891.750 3.485E-04
   892.000 3.514E-04
   892.250 3.543E-04
   892.500 3.573E-04
   892.750 3.603E-04
   893.000 3.634E-04
   893.250 3.664E-04
   893.500 3.695E-04
   893.750 3.726E-04
   894.000 3.757E-04
   894.250 3.789E-04
   894.500 3.820E-04
   894.750 3.853E-04
   895.000 3.885E-04
   895.250 3.917E-04
   895.500 3.950E-04
   895.750 3.983E-04
   896.000 4.016E-04
   896.250 4.050E-04
   896.500 4.083E-04
   896.750 4.118E-04
   897.000 4.152E-04
   897.250 4.186E-04
   897.500 4.221E-04
   897.750 4.256E-04
   898.000 4.292E-04
   898.250 4.327E-04
   898.500 4.363E-04
   898.750 4.400E-04
   899.000 4.436E-04
   899.250 4.472E-04
   899.500 4.509E-04
   899.750 4.547E-04
   900.000 4.584E-04
   900.250 4.622E-04
   900.500 4.660E-04
   900.750 4.699E-04
   901.000 4.738E-04
   901.250 4.777E-04
   901.500 4.816E-04
   901.750 4.856E-04
   902.000 4.896E-04
   902.250 4.936E-04
   902.500 4.977E-04
   902.750 5.018E-04
   903.000 5.059E-04
   903.250 5.100E-04
   903.500 5.142E-04
   903.750 5.183E-04
   904.000 5.223E-04
   904.250 5.266E-04
   904.500 5.312E-04
   904.750 5.356E-04
   905.000 5.399E-04
   905.250 5.443E-04
   905.500 5.488E-04
   905.750 5.533E-04
   906.000 5.578E-04
   906.250 5.623E-04
   906.500 5.669E-04
   906.750 5.715E-04
   907.000 5.761E-04
   907.250 5.808E-04
   907.500 5.856E-04
   907.750 5.903E-04
   908.000 5.951E-04
   908.250 6.000E-04
   908.500 6.048E-04
   908.750 6.097E-04
   909.000 6.147E-04
   909.250 6.197E-04
   909.500 6.246E-04
   909.750 6.297E-04
   910.000 6.348E-04
   910.250 6.399E-04
   910.500 6.450E-04
   910.750 6.502E-04
   911.000 6.555E-04
   911.250 6.607E-04
   911.500 6.656E-04
   911.750 6.689E-04
   912.000 6.708E-04
   912.250 6.756E-04
   912.500 6.844E-04
   912.750 6.929E-04
   913.000 7.207E-04
   913.250 1.140E-03
   913.500 3.563E-03
   913.750 8.339E-03
   914.000 1.298E-02
   914.250 1.815E-02
   914.500 2.457E-02
   914.750 3.003E-02
   915.000 3.483E-02
   915.250 3.997E-02
   915.500 4.470E-02
   915.750 4.873E-02
   916.000 5.299E-02
   916.250 7.249E-02
   916.500 8.378E-02
   916.750 8.026E-02
   917.000 1.040E-01
   917.250 1.238E-01
   917.500 1.100E-01
   917.750 1.191E-01
   918.000 1.632E-01
   918.250 1.619E-01
   918.500 1.316E-01
   918.750 1.318E-01
   919.000 1.678E-01
   919.250 2.517E-01
   919.500 2.292E-01
   919.750 1.534E-01
   920.000 1.704E-01
   920.250 1.843E-01
   920.500 1.817E-01
   920.750 2.179E-01
   921.000 2.185E-01
   921.250 1.751E-01
   921.500 1.476E-01
   921.750 1.413E-01
   922.000 1.662E-01
   922.250 2.230E-01
   922.500 2.172E-01
   922.750 1.830E-01
   923.000 2.056E-01
   923.250 2.238E-01
   923.500 2.078E-01
   923.750 2.049E-01
   924.000 3.175E-01
   924.250 4.615E-01
   924.500 4.721E-01
   924.750 3.366E-01
   925.000 2.961E-01
   925.250 3.519E-01
   925.500 3.150E-01
   925.750 2.779E-01
   926.000 2.837E-01
   926.250 2.128E-01
   926.500 1.676E-01
   926.750 1.808E-01
   927.000 2.678E-01
   927.250 4.699E-01
   927.500 7.124E-01
   927.750 9.252E-01
   928.000 9.909E-01
   928.250 9.822E-01
   928.500 1.031E+00
   928.750 1.100E+00
   929.000 1.058E+00
   929.250 7.991E-01
   929.500 4.295E-01
   929.750 3.097E-01
   930.000 2.793E-01
   930.250 2.504E-01
   930.500 3.462E-01
   930.750 3.553E-01
   931.000 2.197E-01
   931.250 2.043E-01
   931.500 3.039E-01
   931.750 5.522E-01
   932.000 8.152E-01
   932.250 1.103E+00
   932.500 1.360E+00
   932.750 1.555E+00
   933.000 1.817E+00
   933.250 2.075E+00
   933.500 2.391E+00
   933.750 2.497E+00
   934.000 2.806E+00
   934.250 3.361E+00
   934.500 3.254E+00
   934.750 2.764E+00
   935.000 2.519E+00
   935.250 2.126E+00
   935.500 1.585E+00
   935.750 1.267E+00
   936.000 1.147E+00
   936.250 8.844E-01
   936.500 4.604E-01
   936.750 2.317E-01
   937.000 2.437E-01
   937.250 2.047E-01
   937.500 1.516E-01
   937.750 1.342E-01
   938.000 1.253E-01
   938.250 1.704E-01
   938.500 2.478E-01
   938.750 3.843E-01
   939.000 6.719E-01
   939.250 9.996E-01
   939.500 1.321E+00
   939.750 1.750E+00
   940.000 1.973E+00
   940.250 2.458E+00
   940.500 3.162E+00
   940.750 3.669E+00
   941.000 4.304E+00
   941.250 4.055E+00
   941.500 4.008E+00
   941.750 4.672E+00
   942.000 5.102E+00
   942.250 5.834E+00
   942.500 6.012E+00
   942.750 6.061E+00
   943.000 6.493E+00
   943.250 6.422E+00
   943.500 5.453E+00
   943.750 4.423E+00
   944.000 3.808E+00
   944.250 3.118E+00
   944.500 2.014E+00
   944.750 9.696E-01
   945.000 3.105E-01
   945.250 5.738E-02
   945.500 2.798E-02
   945.750 1.388E-01
   946.000 4.379E-01
   946.250 8.402E-01
   946.500 1.188E+00
   946.750 1.250E+00
   947.000 1.497E+00
   947.250 1.888E+00
   947.500 1.772E+00
   947.750 1.277E+00
   948.000 1.021E+00
   948.250 7.588E-01
   948.500 3.652E-01
   948.750 1.303E-01
   949.000 7.259E-02
   949.250 5.257E-02
   949.500 4.033E-02
   949.750 3.783E-02
   950.000 4.743E-02
   950.250 8.933E-02
   950.500 1.490E-01
   950.750 2.543E-01
   951.000 4.922E-01
   951.250 8.523E-01
   951.500 1.372E+00
   951.750 1.854E+00
   952.000 1.950E+00
   952.250 1.493E+00
   952.500 1.959E+00
   952.750 3.366E+00
   953.000 3.402E+00
   953.250 2.096E+00
   953.500 7.415E-01
   953.750 3.716E-01
   954.000 1.186E+00
   954.250 3.836E+00
   954.500 6.804E+00
   954.750 8.365E+00
   955.000 9.529E+00
   955.250 8.969E+00
   955.500 8.211E+00
   955.750 1.016E+01
   956.000 1.436E+01
   956.250 1.965E+01
   956.500 2.127E+01
   956.750 2.108E+01
   957.000 2.103E+01
   957.250 1.887E+01
   957.500 1.458E+01
   957.750 1.345E+01
   958.000 1.720E+01
   958.250 2.014E+01
   958.500 2.342E+01
   958.750 2.807E+01
   959.000 3.041E+01
   959.250 2.969E+01
   959.500 2.679E+01
   959.750 2.787E+01
   960.000 2.603E+01
   960.250 2.337E+01
   960.500 2.700E+01
   960.750 3.027E+01
   961.000 2.860E+01
   961.250 2.713E+01
   961.500 2.694E+01
   961.750 2.804E+01
   962.000 2.796E+01
   962.250 2.618E+01
   962.500 2.391E+01
   962.750 2.538E+01
   963.000 2.817E+01
   963.250 2.484E+01
   963.500 1.589E+01
   963.750 6.392E+00
   964.000 2.941E+00
   964.250 3.981E+00
   964.500 3.390E+00
   964.750 2.230E+00
   965.000 2.466E+00
   965.250 3.980E+00
   965.500 8.104E+00
   965.750 1.408E+01
   966.000 1.600E+01
   966.250 1.300E+01
   966.500 9.994E+00
   966.750 1.144E+01
   967.000 1.211E+01
   967.250 1.042E+01
   967.500 9.131E+00
   967.750 7.821E+00
   968.000 6.221E+00
   968.250 5.374E+00
   968.500 5.656E+00
   968.750 5.389E+00
   969.000 4.363E+00
   969.250 3.396E+00
   969.500 2.857E+00
   969.750 2.359E+00
   970.000 1.779E+00
   970.250 1.404E+00
   970.500 1.054E+00
   970.750 6.972E-01
   971.000 4.278E-01
   971.250 2.709E-01
   971.500 1.456E-01
   971.750 5.561E-02
   972.000 2.684E-02
   972.250 5.500E-02
   972.500 4.008E-01
   972.750 1.640E+00
   973.000 4.053E+00
   973.250 9.516E+00
   973.500 1.726E+01
   973.750 2.299E+01
   974.000 3.611E+01
   974.250 6.235E+01
   974.500 9.897E+01
   974.750 1.303E+02
   975.000 1.460E+02
   975.250 1.654E+02
   975.500 1.960E+02
   975.750 2.339E+02
   976.000 2.624E+02
   976.250 3.074E+02
   976.500 3.696E+02
   976.750 4.165E+02
   977.000 4.373E+02
   977.250 4.820E+02
   977.500 5.270E+02
   977.750 5.429E+02
   978.000 5.537E+02
   978.250 5.448E+02
   978.500 5.042E+02
   978.750 5.310E+02
   979.000 6.609E+02
   979.250 7.375E+02
   979.500 7.505E+02
   979.750 8.100E+02
   980.000 8.872E+02
   980.250 8.312E+02
   980.500 8.560E+02
   980.750 8.513E+02
   981.000 8.857E+02
   981.250 1.008E+03
   981.500 1.032E+03
   981.750 9.823E+02
   982.000 8.319E+02
   982.250 9.816E+02
   982.500 1.295E+03
   982.750 1.313E+03
   983.000 1.304E+03
   983.250 1.404E+03
   983.500 1.465E+03
   983.750 1.467E+03
   984.000 1.336E+03
   984.250 1.102E+03
   984.500 9.507E+02
   984.750 9.318E+02
   985.000 1.221E+03
   985.250 1.364E+03
   985.500 1.055E+03
   985.750 1.060E+03
   986.000 1.576E+03
   986.250 1.866E+03
   986.500 1.866E+03
   986.750 1.767E+03
   987.000 1.595E+03
   987.250 1.236E+03
   987.500 7.724E+02
   987.750 5.930E+02
   988.000 6.699E+02
   988.250 5.894E+02
   988.500 2.765E+02
   988.750 1.450E+02
   989.000 3.269E+02
   989.250 4.865E+02
   989.500 3.176E+02
   989.750 1.135E+02
   990.000 4.115E+01
   990.250 7.451E+01
   990.500 1.454E+02
   990.750 2.210E+02
   991.000 4.948E+02
   991.250 7.499E+02
   991.500 7.264E+02
   991.750 7.575E+02
   992.000 9.038E+02
   992.250 7.643E+02
   992.500 3.636E+02
   992.750 2.090E+02
   993.000 5.082E+02
   993.250 1.045E+03
   993.500 1.483E+03
   993.750 1.450E+03
   994.000 9.510E+02
   994.250 4.868E+02
   994.500 3.632E+02
   994.750 5.056E+02
   995.000 9.341E+02
   995.250 1.309E+03
   995.500 1.187E+03
   995.750 1.150E+03
   996.000 1.372E+03
   996.250 1.717E+03
   996.500 1.689E+03
   996.750 1.492E+03
   997.000 1.165E+03
   997.250 1.023E+03
   997.500 1.178E+03
   997.750 1.356E+03
   998.000 1.257E+03
   998.250 1.105E+03
   998.500 1.239E+03
   998.750 1.283E+03
   999.000 1.304E+03
   999.250 1.325E+03
   999.500 1.168E+03
   999.750 1.342E+03
  1000.000 1.409E+03
  1000.250 1.433E+03
  1000.500 1.393E+03
  1000.750 1.333E+03
  1001.000 1.474E+03
  1001.250 1.525E+03
  1001.500 1.360E+03
  1001.750 1.384E+03
  1002.000 1.468E+03
  1002.250 1.338E+03
  1002.500 1.303E+03
  1002.750 1.251E+03
  1003.000 1.132E+03
  1003.250 1.201E+03
  1003.500 1.299E+03
  1003.750 1.370E+03
  1004.000 1.441E+03
  1004.250 1.357E+03
  1004.500 1.100E+03
  1004.750 9.872E+02
  1005.000 1.114E+03
  1005.250 1.291E+03
  1005.500 1.236E+03
  1005.750 1.024E+03
  1006.000 8.814E+02
  1006.250 7.789E+02
  1006.500 6.976E+02
  1006.750 8.320E+02
  1007.000 9.247E+02
  1007.250 7.799E+02
  1007.500 6.601E+02
  1007.750 7.629E+02
  1008.000 8.381E+02
  1008.250 8.455E+02
  1008.500 8.019E+02
  1008.750 6.961E+02
  1009.000 6.132E+02
  1009.250 5.609E+02
  1009.500 5.775E+02
  1009.750 6.685E+02
  1010.000 6.764E+02
  1010.250 6.121E+02
  1010.500 6.726E+02
  1010.750 7.052E+02
  1011.000 6.097E+02
  1011.250 5.989E+02
  1011.500 5.973E+02
  1011.750 5.289E+02
  1012.000 4.809E+02
  1012.250 4.705E+02
  1012.500 4.628E+02
  1012.750 5.081E+02
  1013.000 5.430E+02
  1013.250 4.927E+02
  1013.500 4.194E+02
  1013.750 3.762E+02
  1014.000 3.621E+02
  1014.250 3.605E+02
  1014.500 3.901E+02
  1014.750 3.772E+02
  1015.000 3.387E+02
  1015.250 3.128E+02
  1015.500 2.808E+02
  1015.750 3.077E+02
  1016.000 3.119E+02
  1016.250 2.914E+02
  1016.500 2.842E+02
  1016.750 2.828E+02
  1017.000 2.756E+02
  1017.250 2.616E+02
  1017.500 2.445E+02
  1017.750 2.253E+02
  1018.000 1.932E+02
  1018.250 1.651E+02
  1018.500 1.663E+02
  1018.750 1.598E+02
  1019.000 1.423E+02
  1019.250 1.261E+02
  1019.500 1.130E+02
  1019.750 1.106E+02
  1020.000 1.022E+02
  1020.250 9.167E+01
  1020.500 8.027E+01
  1020.750 7.110E+01
  1021.000 6.984E+01
  1021.250 6.464E+01
  1021.500 5.717E+01
  1021.750 4.875E+01
  1022.000 3.995E+01
  1022.250 3.445E+01
  1022.500 3.009E+01
  1022.750 2.645E+01
  1023.000 2.234E+01
  1023.250 1.764E+01
  1023.500 1.335E+01
  1023.750 9.681E+00
  1024.000 7.079E+00
  1024.250 5.169E+00
  1024.500 3.906E+00
  1024.750 2.810E+00
  1025.000 1.704E+00
  1025.250 9.611E-01
  1025.500 5.363E-01
  1025.750 3.209E-01
  1026.000 4.119E-01
  1026.250 6.057E-01
  1026.500 9.737E-01
  1026.750 2.071E+00
  1027.000 3.954E+00
  1027.250 5.430E+00
  1027.500 7.237E+00
  1027.750 1.007E+01
  1028.000 1.219E+01
  1028.250 1.534E+01
  1028.500 2.000E+01
  1028.750 2.421E+01
  1029.000 3.052E+01
  1029.250 3.768E+01
  1029.500 4.417E+01
  1029.750 5.036E+01
  1030.000 5.579E+01
  1030.250 6.399E+01
  1030.500 7.136E+01
  1030.750 7.317E+01
  1031.000 7.923E+01
  1031.250 8.210E+01
  1031.500 7.957E+01
  1031.750 9.596E+01
  1032.000 1.149E+02
  1032.250 1.336E+02
  1032.500 1.549E+02
  1032.750 1.684E+02
  1033.000 1.797E+02
  1033.250 1.835E+02
  1033.500 1.865E+02
  1033.750 1.973E+02
  1034.000 2.102E+02
  1034.250 2.053E+02
  1034.500 1.989E+02
  1034.750 2.110E+02
  1035.000 2.132E+02
  1035.250 2.310E+02
  1035.500 2.410E+02
  1035.750 1.986E+02
  1036.000 1.180E+02
  1036.250 4.909E+01
  1036.500 3.314E+01
  1036.750 3.374E+01
  1037.000 2.911E+01
  1037.250 6.303E+01
  1037.500 1.357E+02
  1037.750 2.271E+02
  1038.000 3.076E+02
  1038.250 3.281E+02
  1038.500 3.378E+02
  1038.750 3.375E+02
  1039.000 3.571E+02
  1039.250 4.626E+02
  1039.500 5.514E+02
  1039.750 5.913E+02
  1040.000 6.019E+02
  1040.250 5.503E+02
  1040.500 5.214E+02
  1040.750 5.939E+02
  1041.000 6.412E+02
  1041.250 6.809E+02
  1041.500 7.028E+02
  1041.750 7.316E+02
  1042.000 8.229E+02
  1042.250 8.658E+02
  1042.500 7.795E+02
  1042.750 6.302E+02
  1043.000 6.290E+02
  1043.250 7.567E+02
  1043.500 8.004E+02
  1043.750 7.775E+02
  1044.000 6.199E+02
  1044.250 5.864E+02
  1044.500 6.954E+02
  1044.750 6.839E+02
  1045.000 7.577E+02
  1045.250 8.835E+02
  1045.500 9.539E+02
  1045.750 9.044E+02
  1046.000 9.791E+02
  1046.250 1.087E+03
  1046.500 1.066E+03
  1046.750 1.131E+03
  1047.000 1.199E+03
  1047.250 1.191E+03
  1047.500 1.072E+03
  1047.750 8.922E+02
  1048.000 5.524E+02
  1048.250 3.247E+02
  1048.500 5.099E+02
  1048.750 7.731E+02
  1049.000 8.324E+02
  1049.250 9.982E+02
  1049.500 1.097E+03
  1049.750 1.104E+03
  1050.000 1.218E+03
  1050.250 1.315E+03
  1050.500 1.307E+03
  1050.750 1.301E+03
  1051.000 1.328E+03
  1051.250 1.247E+03
  1051.500 1.199E+03
  1051.750 1.129E+03
  1052.000 9.051E+02
  1052.250 7.977E+02
  1052.500 8.366E+02
  1052.750 9.251E+02
  1053.000 7.762E+02
  1053.250 7.084E+02
  1053.500 8.285E+02
  1053.750 9.410E+02
  1054.000 1.082E+03
  1054.250 1.298E+03
  1054.500 1.400E+03
  1054.750 1.387E+03
  1055.000 1.235E+03
  1055.250 1.155E+03
  1055.500 1.285E+03
  1055.750 1.412E+03
  1056.000 1.604E+03
  1056.250 1.688E+03
  1056.500 1.689E+03
  1056.750 1.816E+03
  1057.000 1.907E+03
  1057.250 1.797E+03
  1057.500 1.720E+03
  1057.750 1.776E+03
  1058.000 1.789E+03
  1058.250 1.725E+03
  1058.500 1.690E+03
  1058.750 1.736E+03
  1059.000 1.816E+03
  1059.250 1.731E+03
  1059.500 1.478E+03
  1059.750 1.456E+03
  1060.000 1.640E+03
  1060.250 1.513E+03
  1060.500 1.409E+03
  1060.750 1.536E+03
  1061.000 1.770E+03
  1061.250 1.878E+03
  1061.500 1.844E+03
  1061.750 1.818E+03
  1062.000 1.782E+03
  1062.250 1.648E+03
  1062.500 1.512E+03
  1062.750 1.251E+03
  1063.000 8.689E+02
  1063.250 8.191E+02
  1063.500 1.144E+03
  1063.750 1.246E+03
  1064.000 1.382E+03
  1064.250 1.807E+03
  1064.500 2.023E+03
  1064.750 1.798E+03
  1065.000 1.884E+03
  1065.250 2.153E+03
  1065.500 1.767E+03
  1065.750 1.372E+03
  1066.000 1.581E+03
  1066.250 1.538E+03
  1066.500 9.818E+02
  1066.750 8.337E+02
  1067.000 1.072E+03
  1067.250 9.405E+02
  1067.500 7.763E+02
  1067.750 1.157E+03
  1068.000 1.320E+03
  1068.250 8.187E+02
  1068.500 5.682E+02
  1068.750 1.026E+03
  1069.000 1.451E+03
  1069.250 1.559E+03
  1069.500 1.726E+03
  1069.750 1.717E+03
  1070.000 1.681E+03
  1070.250 2.042E+03
  1070.500 2.236E+03
  1070.750 1.941E+03
  1071.000 1.835E+03
  1071.250 1.733E+03
  1071.500 1.352E+03
  1071.750 1.685E+03
  1072.000 2.398E+03
  1072.250 2.678E+03
  1072.500 2.699E+03
  1072.750 2.521E+03
  1073.000 1.994E+03
  1073.250 1.272E+03
  1073.500 1.241E+03
  1073.750 1.576E+03
  1074.000 1.772E+03
  1074.250 2.012E+03
  1074.500 2.061E+03
  1074.750 1.962E+03
  1075.000 1.872E+03
  1075.250 1.679E+03
  1075.500 1.368E+03
  1075.750 1.452E+03
  1076.000 1.831E+03
  1076.250 1.890E+03
  1076.500 1.778E+03
  1076.750 1.522E+03
  1077.000 1.575E+03
  1077.250 1.902E+03
  1077.500 2.190E+03
  1077.750 2.378E+03
  1078.000 2.330E+03
  1078.250 2.087E+03
  1078.500 2.058E+03
  1078.750 2.254E+03
  1079.000 2.005E+03
  1079.250 1.801E+03
  1079.500 2.048E+03
  1079.750 2.271E+03
  1080.000 2.473E+03
  1080.250 2.529E+03
  1080.500 2.659E+03
  1080.750 2.852E+03
  1081.000 2.904E+03
  1081.250 3.002E+03
  1081.500 2.847E+03
  1081.750 2.324E+03
  1082.000 2.204E+03
  1082.250 2.963E+03
  1082.500 3.491E+03
  1082.750 3.745E+03
  1083.000 3.392E+03
  1083.250 2.643E+03
  1083.500 2.546E+03
  1083.750 2.648E+03
  1084.000 2.333E+03
  1084.250 2.129E+03
  1084.500 1.736E+03
  1084.750 1.749E+03
  1085.000 1.864E+03
  1085.250 1.515E+03
  1085.500 1.228E+03
  1085.750 1.621E+03
  1086.000 2.891E+03
  1086.250 3.502E+03
  1086.500 3.096E+03
  1086.750 3.243E+03
  1087.000 3.738E+03
  1087.250 3.710E+03
  1087.500 2.999E+03
  1087.750 2.059E+03
  1088.000 1.711E+03
  1088.250 2.655E+03
  1088.500 3.646E+03
  1088.750 3.937E+03
  1089.000 4.193E+03
  1089.250 3.858E+03
  1089.500 2.806E+03
  1089.750 2.356E+03
  1090.000 2.629E+03
  1090.250 2.816E+03
  1090.500 2.638E+03
  1090.750 2.256E+03
  1091.000 2.169E+03
  1091.250 1.971E+03
  1091.500 1.887E+03
  1091.750 2.708E+03
  1092.000 3.040E+03
  1092.250 2.719E+03
  1092.500 2.899E+03
  1092.750 3.208E+03
  1093.000 2.727E+03
  1093.250 2.615E+03
  1093.500 3.308E+03
  1093.750 3.450E+03
  1094.000 3.308E+03
  1094.250 3.211E+03
  1094.500 2.384E+03
  1094.750 1.988E+03
  1095.000 2.036E+03
  1095.250 1.960E+03
  1095.500 1.942E+03
  1095.750 1.454E+03
  1096.000 1.076E+03
  1096.250 1.054E+03
  1096.500 7.865E+02
  1096.750 3.699E+02
  1097.000 3.422E+02
  1097.250 5.410E+02
  1097.500 7.969E+02
  1097.750 8.756E+02
  1098.000 6.973E+02
  1098.250 7.250E+02
  1098.500 9.007E+02
  1098.750 7.928E+02
  1099.000 6.442E+02
  1099.250 6.115E+02
  1099.500 6.666E+02
  1099.750 6.910E+02
  1100.000 5.846E+02
  1100.250 4.353E+02
  1100.500 2.386E+02
  1100.750 9.955E+01
  1101.000 2.810E+01
  1101.250 8.353E+00
  1101.500 5.228E+00
  1101.750 4.729E+00
  1102.000 4.529E+00
  1102.250 5.104E+00
  1102.500 1.040E+01
  1102.750 1.833E+01
  1103.000 1.749E+01
  1103.250 2.544E+01
  1103.500 5.783E+01
  1103.750 6.809E+01
  1104.000 4.293E+01
  1104.250 4.850E+01
  1104.500 1.184E+02
  1104.750 1.747E+02
  1105.000 1.331E+02
  1105.250 9.922E+01
  1105.500 1.659E+02
  1105.750 2.473E+02
  1106.000 2.001E+02
  1106.250 1.074E+02
  1106.500 1.570E+02
  1106.750 2.360E+02
  1107.000 1.984E+02
  1107.250 1.211E+02
  1107.500 1.300E+02
  1107.750 2.379E+02
  1108.000 3.067E+02
  1108.250 1.983E+02
  1108.500 1.824E+02
  1108.750 2.386E+02
  1109.000 2.684E+02
  1109.250 3.270E+02
  1109.500 3.318E+02
  1109.750 2.510E+02
  1110.000 2.603E+02
  1110.250 3.070E+02
  1110.500 4.014E+02
  1110.750 3.966E+02
  1111.000 3.742E+02
  1111.250 4.020E+02
  1111.500 2.667E+02
  1111.750 1.950E+02
  1112.000 2.135E+02
  1112.250 3.151E+02
  1112.500 4.297E+02
  1112.750 4.603E+02
  1113.000 6.144E+02
  1113.250 7.624E+02
  1113.500 7.324E+02
  1113.750 4.999E+02
  1114.000 1.942E+02
  1114.250 1.009E+02
  1114.500 1.229E+02
  1114.750 2.039E+02
  1115.000 2.644E+02
  1115.250 3.859E+02
  1115.500 5.885E+02
  1115.750 8.058E+02
  1116.000 1.117E+03
  1116.250 1.169E+03
  1116.500 1.051E+03
  1116.750 8.232E+02
  1117.000 4.322E+02
  1117.250 1.851E+02
  1117.500 1.321E+02
  1117.750 1.831E+02
  1118.000 2.800E+02
  1118.250 3.613E+02
  1118.500 5.170E+02
  1118.750 7.836E+02
  1119.000 8.680E+02
  1119.250 8.475E+02
  1119.500 9.920E+02
  1119.750 1.050E+03
  1120.000 9.886E+02
  1120.250 8.956E+02
  1120.500 7.785E+02
  1120.750 7.515E+02
  1121.000 7.228E+02
  1121.250 6.671E+02
  1121.500 4.298E+02
  1121.750 2.207E+02
  1122.000 1.073E+02
  1122.250 4.218E+01
  1122.500 5.602E+01
  1122.750 1.206E+02
  1123.000 2.879E+02
  1123.250 5.674E+02
  1123.500 7.789E+02
  1123.750 8.935E+02
  1124.000 8.254E+02
  1124.250 7.372E+02
  1124.500 7.468E+02
  1124.750 7.380E+02
  1125.000 7.582E+02
  1125.250 7.765E+02
  1125.500 7.593E+02
  1125.750 8.540E+02
  1126.000 8.515E+02
  1126.250 7.048E+02
  1126.500 5.023E+02
  1126.750 3.987E+02
  1127.000 4.735E+02
  1127.250 7.160E+02
  1127.500 7.706E+02
  1127.750 5.923E+02
  1128.000 3.507E+02
  1128.250 1.881E+02
  1128.500 1.227E+02
  1128.750 9.136E+01
  1129.000 1.077E+02
  1129.250 1.272E+02
  1129.500 1.536E+02
  1129.750 1.948E+02
  1130.000 2.713E+02
  1130.250 3.352E+02
  1130.500 4.164E+02
  1130.750 5.708E+02
  1131.000 5.895E+02
  1131.250 6.170E+02
  1131.500 6.269E+02
  1131.750 5.724E+02
  1132.000 6.078E+02
  1132.250 6.980E+02
  1132.500 7.298E+02
  1132.750 6.854E+02
  1133.000 6.054E+02
  1133.250 5.813E+02
  1133.500 4.715E+02
  1133.750 3.551E+02
  1134.000 3.093E+02
  1134.250 2.564E+02
  1134.500 2.943E+02
  1134.750 3.583E+02
  1135.000 3.361E+02
  1135.250 3.832E+02
  1135.500 4.026E+02
  1135.750 4.810E+02
  1136.000 5.946E+02
  1136.250 6.615E+02
  1136.500 6.399E+02
  1136.750 5.244E+02
  1137.000 4.534E+02
  1137.250 5.166E+02
  1137.500 5.891E+02
  1137.750 5.717E+02
  1138.000 5.293E+02
  1138.250 4.041E+02
  1138.500 2.210E+02
  1138.750 1.660E+02
  1139.000 1.415E+02
  1139.250 1.060E+02
  1139.500 7.564E+01
  1139.750 4.714E+01
  1140.000 3.536E+01
  1140.250 2.633E+01
  1140.500 3.575E+01
  1140.750 1.171E+02
  1141.000 2.205E+02
  1141.250 2.659E+02
  1141.500 3.150E+02
  1141.750 3.842E+02
  1142.000 3.990E+02
  1142.250 3.545E+02
  1142.500 3.658E+02
  1142.750 4.341E+02
  1143.000 3.868E+02
  1143.250 2.795E+02
  1143.500 3.453E+02
  1143.750 4.493E+02
  1144.000 4.549E+02
  1144.250 3.975E+02
  1144.500 3.593E+02
  1144.750 2.861E+02
  1145.000 2.521E+02
  1145.250 3.322E+02
  1145.500 3.767E+02
  1145.750 4.121E+02
  1146.000 4.367E+02
  1146.250 4.346E+02
  1146.500 4.022E+02
  1146.750 3.214E+02
  1147.000 2.828E+02
  1147.250 2.801E+02
  1147.500 2.663E+02
  1147.750 3.017E+02
  1148.000 2.820E+02
  1148.250 2.359E+02
  1148.500 2.708E+02
  1148.750 2.862E+02
  1149.000 3.380E+02
  1149.250 3.767E+02
  1149.500 3.293E+02
  1149.750 3.084E+02
  1150.000 3.196E+02
  1150.250 2.856E+02
  1150.500 2.263E+02
  1150.750 2.390E+02
  1151.000 2.719E+02
  1151.250 3.132E+02
  1151.500 3.725E+02
  1151.750 3.494E+02
  1152.000 2.709E+02
  1152.250 2.345E+02
  1152.500 2.687E+02
  1152.750 2.520E+02
  1153.000 2.273E+02
  1153.250 2.510E+02
  1153.500 2.912E+02
  1153.750 3.009E+02
  1154.000 2.581E+02
  1154.250 2.454E+02
  1154.500 2.686E+02
  1154.750 3.072E+02
  1155.000 3.206E+02
  1155.250 3.283E+02
  1155.500 3.038E+02
  1155.750 2.283E+02
  1156.000 1.687E+02
  1156.250 1.395E+02
  1156.500 1.051E+02
  1156.750 1.311E+02
  1157.000 1.655E+02
  1157.250 1.427E+02
  1157.500 1.131E+02
  1157.750 6.182E+01
  1158.000 2.671E+01
  1158.250 2.859E+01
  1158.500 3.302E+01
  1158.750 4.365E+01
  1159.000 8.867E+01
  1159.250 1.738E+02
  1159.500 2.353E+02
  1159.750 2.429E+02
  1160.000 2.213E+02
  1160.250 2.196E+02
  1160.500 2.285E+02
  1160.750 2.314E+02
  1161.000 2.411E+02
  1161.250 2.498E+02
  1161.500 2.418E+02
  1161.750 2.426E+02
  1162.000 2.396E+02
  1162.250 2.416E+02
  1162.500 2.363E+02
  1162.750 2.394E+02
  1163.000 2.488E+02
  1163.250 2.347E+02
  1163.500 2.159E+02
  1163.750 1.900E+02
  1164.000 1.633E+02
  1164.250 1.395E+02
  1164.500 1.636E+02
  1164.750 2.160E+02
  1165.000 2.335E+02
  1165.250 2.271E+02
  1165.500 2.060E+02
  1165.750 1.812E+02
  1166.000 1.866E+02
  1166.250 2.058E+02
  1166.500 2.155E+02
  1166.750 1.965E+02
  1167.000 1.583E+02
  1167.250 1.485E+02
  1167.500 1.619E+02
  1167.750 1.855E+02
  1168.000 1.744E+02
  1168.250 1.376E+02
  1168.500 1.330E+02
  1168.750 1.608E+02
  1169.000 1.570E+02
  1169.250 1.547E+02
  1169.500 1.744E+02
  1169.750 1.714E+02
  1170.000 1.581E+02
  1170.250 1.391E+02
  1170.500 1.363E+02
  1170.750 1.449E+02
  1171.000 1.422E+02
  1171.250 1.386E+02
  1171.500 1.529E+02
  1171.750 1.631E+02
  1172.000 1.654E+02
  1172.250 1.664E+02
  1172.500 1.679E+02
  1172.750 1.660E+02
  1173.000 1.566E+02
  1173.250 1.404E+02
  1173.500 1.407E+02
  1173.750 1.408E+02
  1174.000 1.321E+02
  1174.250 1.409E+02
  1174.500 1.547E+02
  1174.750 1.566E+02
  1175.000 1.463E+02
  1175.250 1.405E+02
  1175.500 1.366E+02
  1175.750 1.259E+02
  1176.000 1.274E+02
  1176.250 1.241E+02
  1176.500 1.085E+02
  1176.750 1.197E+02
  1177.000 1.292E+02
  1177.250 1.260E+02
  1177.500 1.214E+02
  1177.750 1.162E+02
  1178.000 1.194E+02
  1178.250 1.223E+02
  1178.500 1.164E+02
  1178.750 1.144E+02
  1179.000 1.134E+02
  1179.250 1.067E+02
  1179.500 1.077E+02
  1179.750 1.084E+02
  1180.000 9.866E+01
  1180.250 9.095E+01
  1180.500 9.535E+01
  1180.750 9.996E+01
  1181.000 9.251E+01
  1181.250 8.493E+01
  1181.500 8.874E+01
  1181.750 9.256E+01
  1182.000 8.962E+01
  1182.250 8.955E+01
  1182.500 9.110E+01
  1182.750 9.250E+01
  1183.000 9.091E+01
  1183.250 8.164E+01
  1183.500 7.251E+01
  1183.750 7.079E+01
  1184.000 7.703E+01
  1184.250 7.857E+01
  1184.500 7.713E+01
  1184.750 7.618E+01
  1185.000 7.477E+01
  1185.250 7.388E+01
  1185.500 6.821E+01
  1185.750 6.260E+01
  1186.000 6.552E+01
  1186.250 6.964E+01
  1186.500 7.137E+01
  1186.750 7.020E+01
  1187.000 6.619E+01
  1187.250 5.667E+01
  1187.500 5.202E+01
  1187.750 5.796E+01
  1188.000 5.917E+01
  1188.250 5.482E+01
  1188.500 4.578E+01
  1188.750 3.057E+01
  1189.000 2.025E+01
  1189.250 1.966E+01
  1189.500 1.997E+01
  1189.750 1.993E+01
  1190.000 1.550E+01
  1190.250 7.690E+00
  1190.500 6.534E+00
  1190.750 1.447E+01
  1191.000 2.422E+01
  1191.250 2.881E+01
  1191.500 2.970E+01
  1191.750 2.962E+01
  1192.000 2.548E+01
  1192.250 2.065E+01
  1192.500 1.749E+01
  1192.750 1.211E+01
  1193.000 5.415E+00
  1193.250 2.544E+00
  1193.500 3.714E+00
  1193.750 5.711E+00
  1194.000 4.994E+00
  1194.250 2.789E+00
  1194.500 2.058E+00
  1194.750 4.316E+00
  1195.000 8.964E+00
  1195.250 1.390E+01
  1195.500 1.785E+01
  1195.750 2.109E+01
  1196.000 2.266E+01
  1196.250 2.268E+01
  1196.500 2.210E+01
  1196.750 1.954E+01
  1197.000 1.391E+01
  1197.250 7.263E+00
  1197.500 7.027E+00
  1197.750 1.322E+01
  1198.000 1.819E+01
  1198.250 1.959E+01
  1198.500 2.024E+01
  1198.750 2.048E+01
  1199.000 1.971E+01
  1199.250 1.623E+01
  1199.500 1.248E+01
  1199.750 1.452E+01
  1200.000 1.558E+01
  1200.250 1.380E+01
  1200.500 1.391E+01
  1200.750 1.338E+01
  1201.000 1.433E+01
  1201.250 1.515E+01
  1201.500 1.594E+01
  1201.750 1.673E+01
  1202.000 1.659E+01
  1202.250 1.609E+01
  1202.500 1.559E+01
  1202.750 1.507E+01
  1203.000 1.450E+01
  1203.250 1.397E+01
  1203.500 1.348E+01
  1203.750 1.292E+01
  1204.000 1.234E+01
  1204.250 1.195E+01
  1204.500 1.158E+01
  1204.750 1.114E+01
  1205.000 1.066E+01
  1205.250 1.020E+01
  1205.500 9.743E+00
  1205.750 9.322E+00
  1206.000 8.907E+00
  1206.250 8.511E+00
  1206.500 8.152E+00
  1206.750 7.820E+00
  1207.000 7.455E+00
  1207.250 7.041E+00
  1207.500 6.685E+00
  1207.750 6.383E+00
  1208.000 6.054E+00
  1208.250 5.725E+00
  1208.500 5.417E+00
  1208.750 5.127E+00
  1209.000 4.819E+00
  1209.250 4.487E+00
  1209.500 4.200E+00
  1209.750 3.999E+00
  1210.000 3.788E+00
  1210.250 3.545E+00
  1210.500 3.304E+00
  1210.750 3.088E+00
  1211.000 2.873E+00
  1211.250 2.658E+00
  1211.500 2.468E+00
  1211.750 2.282E+00
  1212.000 2.087E+00
  1212.250 1.927E+00
  1212.500 1.793E+00
  1212.750 1.650E+00
  1213.000 1.495E+00
  1213.250 1.374E+00
  1213.500 1.278E+00
  1213.750 1.168E+00
  1214.000 1.069E+00
  1214.250 1.003E+00
  1214.500 9.551E-01
  1214.750 9.094E-01
  1215.000 8.764E-01
  1215.250 8.574E-01
  1215.500 8.425E-01
  1215.750 8.399E-01
  1216.000 8.540E-01
  1216.250 8.714E-01
  1216.500 8.950E-01
  1216.750 9.250E-01
  1217.000 9.619E-01
  1217.250 1.023E+00
  1217.500 1.119E+00
  1217.750 1.220E+00
  1218.000 1.316E+00
  1218.250 1.437E+00
  1218.500 1.574E+00
  1218.750 1.703E+00
  1219.000 1.841E+00
  1219.250 2.007E+00
  1219.500 2.176E+00
  1219.750 2.337E+00
  1220.000 2.523E+00
  1220.250 2.728E+00
  1220.500 2.923E+00
  1220.750 3.118E+00
  1221.000 3.348E+00
  1221.250 3.586E+00
  1221.500 3.811E+00
  1221.750 4.069E+00
  1222.000 4.336E+00
  1222.250 4.588E+00
  1222.500 4.862E+00
  1222.750 5.169E+00
  1223.000 5.471E+00
  1223.250 5.767E+00
  1223.500 6.085E+00
  1223.750 6.387E+00
  1224.000 6.595E+00
  1224.250 6.633E+00
  1224.500 6.615E+00
  1224.750 7.291E+00
  1225.000 8.027E+00
  1225.250 8.429E+00
  1225.500 8.782E+00
  1225.750 9.227E+00
  1226.000 9.644E+00
  1226.250 9.984E+00
  1226.500 9.915E+00
  1226.750 9.662E+00
  1227.000 1.017E+01
  1227.250 1.123E+01
  1227.500 1.202E+01
  1227.750 1.234E+01
  1228.000 1.281E+01
  1228.250 1.344E+01
  1228.500 1.372E+01
  1228.750 1.429E+01
  1229.000 1.505E+01
  1229.250 1.563E+01
  1229.500 1.618E+01
  1229.750 1.678E+01
  1230.000 1.714E+01
  1230.250 1.660E+01
  1230.500 1.612E+01
  1230.750 1.735E+01
  1231.000 1.857E+01
  1231.250 1.979E+01
  1231.500 2.064E+01
  1231.750 2.133E+01
  1232.000 2.170E+01
  1232.250 2.225E+01
  1232.500 2.320E+01
  1232.750 2.369E+01
  1233.000 2.212E+01
  1233.250 1.966E+01
  1233.500 2.123E+01
  1233.750 2.383E+01
  1234.000 2.479E+01
  1234.250 2.626E+01
  1234.500 2.789E+01
  1234.750 2.878E+01
  1235.000 2.929E+01
  1235.250 2.966E+01
  1235.500 2.972E+01
  1235.750 3.028E+01
  1236.000 3.093E+01
  1236.250 3.055E+01
  1236.500 3.200E+01
  1236.750 3.400E+01
  1237.000 3.386E+01
  1237.250 3.359E+01
  1237.500 3.578E+01
  1237.750 3.776E+01
  1238.000 3.865E+01
  1238.250 3.870E+01
  1238.500 3.957E+01
  1238.750 4.062E+01
  1239.000 3.944E+01
  1239.250 3.629E+01
  1239.500 3.706E+01
  1239.750 3.702E+01
  1240.000 3.477E+01
  1240.250 3.566E+01
  1240.500 3.639E+01
  1240.750 3.631E+01
  1241.000 3.659E+01
  1241.250 3.810E+01
  1241.500 3.915E+01
  1241.750 3.843E+01
  1242.000 3.675E+01
  1242.250 4.024E+01
  1242.500 4.467E+01
  1242.750 4.615E+01
  1243.000 4.309E+01
  1243.250 3.854E+01
  1243.500 4.478E+01
  1243.750 5.210E+01
  1244.000 5.397E+01
  1244.250 5.652E+01
  1244.500 5.753E+01
  1244.750 5.947E+01
  1245.000 5.904E+01
  1245.250 5.990E+01
  1245.500 6.051E+01
  1245.750 5.795E+01
  1246.000 5.886E+01
  1246.250 6.615E+01
  1246.500 7.108E+01
  1246.750 6.032E+01
  1247.000 4.937E+01
  1247.250 5.721E+01
  1247.500 6.790E+01
  1247.750 6.473E+01
  1248.000 6.063E+01
  1248.250 7.098E+01
  1248.500 7.905E+01
  1248.750 7.917E+01
  1249.000 7.458E+01
  1249.250 7.333E+01
  1249.500 7.516E+01
  1249.750 8.005E+01
  1250.000 8.649E+01
  1250.250 8.246E+01
  1250.500 7.454E+01
  1250.750 8.479E+01
  1251.000 8.608E+01
  1251.250 8.330E+01
  1251.500 9.682E+01
  1251.750 1.042E+02
  1252.000 9.740E+01
  1252.250 8.909E+01
  1252.500 9.850E+01
  1252.750 1.050E+02
  1253.000 1.026E+02
  1253.250 8.343E+01
  1253.500 7.620E+01
  1253.750 9.124E+01
  1254.000 1.078E+02
  1254.250 1.066E+02
  1254.500 9.443E+01
  1254.750 1.056E+02
  1255.000 1.166E+02
  1255.250 1.102E+02
  1255.500 1.151E+02
  1255.750 1.229E+02
  1256.000 1.112E+02
  1256.250 9.651E+01
  1256.500 9.600E+01
  1256.750 1.187E+02
  1257.000 1.342E+02
  1257.250 1.298E+02
  1257.500 1.115E+02
  1257.750 1.123E+02
  1258.000 1.313E+02
  1258.250 1.384E+02
  1258.500 1.308E+02
  1258.750 1.131E+02
  1259.000 1.035E+02
  1259.250 1.005E+02
  1259.500 9.039E+01
  1259.750 7.717E+01
  1260.000 5.287E+01
  1260.250 2.420E+01
  1260.500 1.025E+01
  1260.750 1.015E+01
  1261.000 1.485E+01
  1261.250 2.168E+01
  1261.500 2.736E+01
  1261.750 5.205E+01
  1262.000 8.085E+01
  1262.250 1.076E+02
  1262.500 1.325E+02
  1262.750 1.383E+02
  1263.000 1.324E+02
  1263.250 1.293E+02
  1263.500 1.220E+02
  1263.750 1.049E+02
  1264.000 8.229E+01
  1264.250 5.294E+01
  1264.500 2.453E+01
  1264.750 1.064E+01
  1265.000 1.811E+01
  1265.250 4.421E+01
  1265.500 7.294E+01
  1265.750 9.676E+01
  1266.000 1.102E+02
  1266.250 9.525E+01
  1266.500 8.653E+01
  1266.750 1.248E+02
  1267.000 1.667E+02
  1267.250 1.500E+02
  1267.500 1.155E+02
  1267.750 1.433E+02
  1268.000 1.760E+02
  1268.250 1.955E+02
  1268.500 2.100E+02
  1268.750 2.119E+02
  1269.000 2.067E+02
  1269.250 2.092E+02
  1269.500 2.197E+02
  1269.750 2.163E+02
  1270.000 2.014E+02
  1270.250 2.055E+02
  1270.500 2.002E+02
  1270.750 1.617E+02
  1271.000 1.668E+02
  1271.250 1.894E+02
  1271.500 2.071E+02
  1271.750 2.069E+02
  1272.000 1.881E+02
  1272.250 1.968E+02
  1272.500 2.079E+02
  1272.750 2.252E+02
  1273.000 2.400E+02
  1273.250 2.549E+02
  1273.500 2.786E+02
  1273.750 2.757E+02
  1274.000 2.388E+02
  1274.250 2.321E+02
  1274.500 2.406E+02
  1274.750 2.077E+02
  1275.000 1.743E+02
  1275.250 1.792E+02
  1275.500 2.234E+02
  1275.750 2.246E+02
  1276.000 2.068E+02
  1276.250 1.753E+02
  1276.500 1.775E+02
  1276.750 1.670E+02
  1277.000 1.134E+02
  1277.250 5.939E+01
  1277.500 4.244E+01
  1277.750 8.650E+01
  1278.000 1.877E+02
  1278.250 2.771E+02
  1278.500 2.999E+02
  1278.750 2.886E+02
  1279.000 2.370E+02
  1279.250 2.095E+02
  1279.500 2.303E+02
  1279.750 2.068E+02
  1280.000 1.364E+02
  1280.250 8.754E+01
  1280.500 9.149E+01
  1280.750 1.476E+02
  1281.000 2.501E+02
  1281.250 3.433E+02
  1281.500 3.678E+02
  1281.750 3.606E+02
  1282.000 3.709E+02
  1282.250 3.907E+02
  1282.500 3.876E+02
  1282.750 3.521E+02
  1283.000 3.240E+02
  1283.250 3.657E+02
  1283.500 3.989E+02
  1283.750 3.864E+02
  1284.000 3.742E+02
  1284.250 3.895E+02
  1284.500 4.023E+02
  1284.750 4.057E+02
  1285.000 4.181E+02
  1285.250 4.316E+02
  1285.500 4.199E+02
  1285.750 4.013E+02
  1286.000 4.012E+02
  1286.250 4.032E+02
  1286.500 4.110E+02
  1286.750 4.254E+02
  1287.000 4.129E+02
  1287.250 3.898E+02
  1287.500 3.639E+02
  1287.750 3.222E+02
  1288.000 2.778E+02
  1288.250 2.701E+02
  1288.500 2.916E+02
  1288.750 2.920E+02
  1289.000 3.008E+02
  1289.250 3.702E+02
  1289.500 3.827E+02
  1289.750 3.168E+02
  1290.000 2.580E+02
  1290.250 3.402E+02
  1290.500 4.369E+02
  1290.750 4.514E+02
  1291.000 4.376E+02
  1291.250 4.057E+02
  1291.500 3.978E+02
  1291.750 4.531E+02
  1292.000 4.939E+02
  1292.250 4.838E+02
  1292.500 4.756E+02
  1292.750 5.048E+02
  1293.000 5.159E+02
  1293.250 5.082E+02
  1293.500 4.728E+02
  1293.750 4.723E+02
  1294.000 5.324E+02
  1294.250 5.556E+02
  1294.500 5.275E+02
  1294.750 4.900E+02
  1295.000 5.056E+02
  1295.250 5.004E+02
  1295.500 3.814E+02
  1295.750 2.793E+02
  1296.000 2.738E+02
  1296.250 3.512E+02
  1296.500 5.045E+02
  1296.750 5.740E+02
  1297.000 5.769E+02
  1297.250 5.833E+02
  1297.500 5.863E+02
  1297.750 5.627E+02
  1298.000 5.389E+02
  1298.250 5.595E+02
  1298.500 5.663E+02
  1298.750 5.541E+02
  1299.000 5.581E+02
  1299.250 4.979E+02
  1299.500 4.492E+02
  1299.750 4.967E+02
  1300.000 5.381E+02
  1300.250 5.660E+02
  1300.500 5.588E+02
  1300.750 5.317E+02
  1301.000 4.937E+02
  1301.250 4.254E+02
  1301.500 3.202E+02
  1301.750 1.857E+02
  1302.000 7.692E+01
  1302.250 5.767E+01
  1302.500 1.322E+02
  1302.750 2.083E+02
  1303.000 2.424E+02
  1303.250 2.620E+02
  1303.500 2.920E+02
  1303.750 3.016E+02
  1304.000 2.092E+02
  1304.250 9.294E+01
  1304.500 4.363E+01
  1304.750 4.400E+01
  1305.000 9.568E+01
  1305.250 1.875E+02
  1305.500 2.193E+02
  1305.750 1.737E+02
  1306.000 1.347E+02
  1306.250 2.359E+02
  1306.500 3.784E+02
  1306.750 4.491E+02
  1307.000 5.038E+02
  1307.250 5.502E+02
  1307.500 5.917E+02
  1307.750 5.949E+02
  1308.000 5.545E+02
  1308.250 4.901E+02
  1308.500 4.068E+02
  1308.750 2.641E+02
  1309.000 1.214E+02
  1309.250 6.154E+01
  1309.500 1.085E+02
  1309.750 2.136E+02
  1310.000 2.984E+02
  1310.250 3.576E+02
  1310.500 3.711E+02
  1310.750 3.630E+02
  1311.000 3.514E+02
  1311.250 3.449E+02
  1311.500 4.408E+02
  1311.750 5.014E+02
  1312.000 5.297E+02
  1312.250 6.255E+02
  1312.500 7.332E+02
  1312.750 7.625E+02
  1313.000 6.916E+02
  1313.250 5.405E+02
  1313.500 5.698E+02
  1313.750 7.798E+02
  1314.000 9.003E+02
  1314.250 9.508E+02
  1314.500 9.649E+02
  1314.750 9.237E+02
  1315.000 8.735E+02
  1315.250 8.899E+02
  1315.500 8.734E+02
  1315.750 7.709E+02
  1316.000 6.534E+02
  1316.250 6.603E+02
  1316.500 6.153E+02
  1316.750 6.876E+02
  1317.000 6.691E+02
  1317.250 5.963E+02
  1317.500 8.098E+02
  1317.750 1.020E+03
  1318.000 1.027E+03
  1318.250 9.604E+02
  1318.500 8.761E+02
  1318.750 7.944E+02
  1319.000 8.633E+02
  1319.250 1.007E+03
  1319.500 1.002E+03
  1319.750 9.730E+02
  1320.000 1.085E+03
  1320.250 1.145E+03
  1320.500 1.093E+03
  1320.750 1.123E+03
  1321.000 1.262E+03
  1321.250 1.335E+03
  1321.500 1.346E+03
  1321.750 1.353E+03
  1322.000 1.411E+03
  1322.250 1.478E+03
  1322.500 1.451E+03
  1322.750 1.340E+03
  1323.000 1.159E+03
  1323.250 9.866E+02
  1323.500 9.182E+02
  1323.750 1.089E+03
  1324.000 1.321E+03
  1324.250 1.461E+03
  1324.500 1.586E+03
  1324.750 1.608E+03
  1325.000 1.571E+03
  1325.250 1.549E+03
  1325.500 1.528E+03
  1325.750 1.601E+03
  1326.000 1.656E+03
  1326.250 1.592E+03
  1326.500 1.277E+03
  1326.750 1.217E+03
  1327.000 1.530E+03
  1327.250 1.622E+03
  1327.500 1.491E+03
  1327.750 1.272E+03
  1328.000 1.123E+03
  1328.250 1.150E+03
  1328.500 9.416E+02
  1328.750 5.087E+02
  1329.000 2.345E+02
  1329.250 2.167E+02
  1329.500 2.465E+02
  1329.750 4.536E+02
  1330.000 8.749E+02
  1330.250 1.223E+03
  1330.500 1.448E+03
  1330.750 1.501E+03
  1331.000 1.479E+03
  1331.250 1.530E+03
  1331.500 1.520E+03
  1331.750 1.675E+03
  1332.000 1.832E+03
  1332.250 1.855E+03
  1332.500 1.781E+03
  1332.750 1.598E+03
  1333.000 1.495E+03
  1333.250 1.465E+03
  1333.500 1.325E+03
  1333.750 1.030E+03
  1334.000 7.852E+02
  1334.250 4.994E+02
  1334.500 2.658E+02
  1334.750 3.413E+02
  1335.000 4.396E+02
  1335.250 3.410E+02
  1335.500 1.978E+02
  1335.750 1.700E+02
  1336.000 3.843E+02
  1336.250 6.804E+02
  1336.500 9.302E+02
  1336.750 1.216E+03
  1337.000 1.537E+03
  1337.250 1.782E+03
  1337.500 2.053E+03
  1337.750 2.299E+03
  1338.000 2.385E+03
  1338.250 2.525E+03
  1338.500 2.955E+03
  1338.750 3.198E+03
  1339.000 3.263E+03
  1339.250 3.387E+03
  1339.500 3.261E+03
  1339.750 2.936E+03
  1340.000 2.872E+03
  1340.250 3.232E+03
  1340.500 3.576E+03
  1340.750 3.353E+03
  1341.000 3.198E+03
  1341.250 3.645E+03
  1341.500 3.990E+03
  1341.750 3.522E+03
  1342.000 3.472E+03
  1342.250 3.851E+03
  1342.500 3.720E+03
  1342.750 4.142E+03
  1343.000 4.867E+03
  1343.250 5.093E+03
  1343.500 4.797E+03
  1343.750 4.043E+03
  1344.000 3.591E+03
  1344.250 3.493E+03
  1344.500 3.766E+03
  1344.750 4.251E+03
  1345.000 4.436E+03
  1345.250 4.085E+03
  1345.500 4.190E+03
  1345.750 4.080E+03
  1346.000 3.753E+03
  1346.250 4.510E+03
  1346.500 5.216E+03
  1346.750 4.460E+03
  1347.000 2.941E+03
  1347.250 2.329E+03
  1347.500 3.639E+03
  1347.750 5.112E+03
  1348.000 5.036E+03
  1348.250 4.287E+03
  1348.500 4.288E+03
  1348.750 5.354E+03
  1349.000 6.217E+03
  1349.250 6.031E+03
  1349.500 5.344E+03
  1349.750 5.255E+03
  1350.000 5.118E+03
  1350.250 5.221E+03
  1350.500 5.734E+03
  1350.750 6.574E+03
  1351.000 7.048E+03
  1351.250 6.147E+03
  1351.500 4.870E+03
  1351.750 4.401E+03
  1352.000 5.172E+03
  1352.250 5.089E+03
  1352.500 4.057E+03
  1352.750 3.670E+03
  1353.000 5.084E+03
  1353.250 7.189E+03
  1353.500 7.421E+03
  1353.750 5.960E+03
  1354.000 4.773E+03
  1354.250 4.532E+03
  1354.500 5.870E+03
  1354.750 6.921E+03
  1355.000 7.138E+03
  1355.250 5.474E+03
  1355.500 2.642E+03
  1355.750 1.051E+03
  1356.000 1.245E+03
  1356.250 2.784E+03
  1356.500 4.903E+03
  1356.750 5.277E+03
  1357.000 3.266E+03
  1357.250 2.640E+03
  1357.500 3.739E+03
  1357.750 4.728E+03
  1358.000 6.748E+03
  1358.250 7.540E+03
  1358.500 7.426E+03
  1358.750 6.211E+03
  1359.000 3.254E+03
  1359.250 1.100E+03
  1359.500 1.571E+03
  1359.750 4.622E+03
  1360.000 7.793E+03
  1360.250 8.307E+03
  1360.500 7.305E+03
  1360.750 5.873E+03
  1361.000 5.375E+03
  1361.250 5.667E+03
  1361.500 7.650E+03
  1361.750 9.964E+03
  1362.000 9.822E+03
  1362.250 9.939E+03
  1362.500 1.110E+04
  1362.750 1.133E+04
  1363.000 9.875E+03
  1363.250 8.238E+03
  1363.500 7.559E+03
  1363.750 8.374E+03
  1364.000 6.695E+03
  1364.250 3.866E+03
  1364.500 4.275E+03
  1364.750 7.817E+03
  1365.000 1.151E+04
  1365.250 1.259E+04
  1365.500 1.095E+04
  1365.750 1.031E+04
  1366.000 1.322E+04
  1366.250 1.211E+04
  1366.500 8.099E+03
  1366.750 7.607E+03
  1367.000 7.361E+03
  1367.250 7.009E+03
  1367.500 9.974E+03
  1367.750 1.074E+04
  1368.000 7.841E+03
  1368.250 4.765E+03
  1368.500 4.141E+03
  1368.750 6.977E+03
  1369.000 9.604E+03
  1369.250 8.962E+03
  1369.500 5.347E+03
  1369.750 3.202E+03
  1370.000 2.344E+03
  1370.250 2.884E+03
  1370.500 5.672E+03
  1370.750 7.692E+03
  1371.000 8.119E+03
  1371.250 9.547E+03
  1371.500 1.201E+04
  1371.750 1.364E+04
  1372.000 1.106E+04
  1372.250 9.238E+03
  1372.500 1.244E+04
  1372.750 1.362E+04
  1373.000 1.380E+04
  1373.250 1.451E+04
  1373.500 1.241E+04
  1373.750 9.204E+03
  1374.000 8.571E+03
  1374.250 1.023E+04
  1374.500 1.357E+04
  1374.750 1.165E+04
  1375.000 7.917E+03
  1375.250 9.934E+03
  1375.500 1.303E+04
  1375.750 1.228E+04
  1376.000 1.444E+04
  1376.250 1.697E+04
  1376.500 1.408E+04
  1376.750 1.011E+04
  1377.000 1.008E+04
  1377.250 1.344E+04
  1377.500 1.872E+04
  1377.750 1.887E+04
  1378.000 1.228E+04
  1378.250 9.296E+03
  1378.500 1.162E+04
  1378.750 1.641E+04
  1379.000 1.915E+04
  1379.250 1.423E+04
  1379.500 7.790E+03
  1379.750 1.092E+04
  1380.000 1.705E+04
  1380.250 1.660E+04
  1380.500 1.469E+04
  1380.750 1.405E+04
  1381.000 1.033E+04
  1381.250 4.510E+03
  1381.500 2.835E+03
  1381.750 6.763E+03
  1382.000 1.168E+04
  1382.250 1.305E+04
  1382.500 1.310E+04
  1382.750 1.486E+04
  1383.000 1.750E+04
  1383.250 1.691E+04
  1383.500 1.380E+04
  1383.750 1.417E+04
  1384.000 1.613E+04
  1384.250 1.440E+04
  1384.500 1.105E+04
  1384.750 5.641E+03
  1385.000 2.413E+03
  1385.250 3.496E+03
  1385.500 8.705E+03
  1385.750 1.437E+04
  1386.000 1.560E+04
  1386.250 1.618E+04
  1386.500 1.709E+04
  1386.750 1.905E+04
  1387.000 2.003E+04
  1387.250 2.041E+04
  1387.500 2.110E+04
  1387.750 2.266E+04
  1388.000 2.107E+04
  1388.250 1.487E+04
  1388.500 1.201E+04
  1388.750 1.791E+04
  1389.000 2.238E+04
  1389.250 2.215E+04
  1389.500 2.000E+04
  1389.750 1.710E+04
  1390.000 2.103E+04
  1390.250 2.626E+04
  1390.500 2.436E+04
  1390.750 1.657E+04
  1391.000 8.006E+03
  1391.250 9.465E+03
  1391.500 1.675E+04
  1391.750 1.619E+04
  1392.000 1.326E+04
  1392.250 1.438E+04
  1392.500 1.612E+04
  1392.750 1.636E+04
  1393.000 1.545E+04
  1393.250 1.163E+04
  1393.500 1.238E+04
  1393.750 1.444E+04
  1394.000 1.764E+04
  1394.250 2.252E+04
  1394.500 2.273E+04
  1394.750 2.544E+04
  1395.000 2.892E+04
  1395.250 2.877E+04
  1395.500 2.667E+04
  1395.750 2.505E+04
  1396.000 2.321E+04
  1396.250 2.307E+04
  1396.500 2.229E+04
  1396.750 2.213E+04
  1397.000 2.433E+04
  1397.250 2.298E+04
  1397.500 1.791E+04
  1397.750 1.811E+04
  1398.000 2.323E+04
  1398.250 2.436E+04
  1398.500 2.124E+04
  1398.750 1.703E+04
  1399.000 1.662E+04
  1399.250 2.667E+04
  1399.500 3.068E+04
  1399.750 2.990E+04
  1400.000 3.012E+04
  1400.250 2.930E+04
  1400.500 2.429E+04
  1400.750 2.324E+04
  1401.000 2.697E+04
  1401.250 2.010E+04
  1401.500 1.441E+04
  1401.750 1.804E+04
  1402.000 2.541E+04
  1402.250 3.620E+04
  1402.500 4.142E+04
  1402.750 3.667E+04
  1403.000 2.861E+04
  1403.250 3.220E+04
  1403.500 4.253E+04
  1403.750 5.046E+04
  1404.000 5.351E+04
  1404.250 5.791E+04
  1404.500 6.232E+04
  1404.750 5.459E+04
  1405.000 5.202E+04
  1405.250 5.087E+04
  1405.500 3.587E+04
  1405.750 3.134E+04
  1406.000 4.960E+04
  1406.250 6.014E+04
  1406.500 5.452E+04
  1406.750 4.973E+04
  1407.000 4.974E+04
  1407.250 4.647E+04
  1407.500 5.025E+04
  1407.750 6.014E+04
  1408.000 5.684E+04
  1408.250 4.675E+04
  1408.500 4.763E+04
  1408.750 5.978E+04
  1409.000 5.408E+04
  1409.250 3.759E+04
  1409.500 3.414E+04
  1409.750 4.181E+04
  1410.000 3.519E+04
  1410.250 2.900E+04
  1410.500 3.128E+04
  1410.750 2.986E+04
  1411.000 2.466E+04
  1411.250 2.275E+04
  1411.500 2.438E+04
  1411.750 3.393E+04
  1412.000 4.261E+04
  1412.250 5.460E+04
  1412.500 5.312E+04
  1412.750 4.053E+04
  1413.000 4.958E+04
  1413.250 6.390E+04
  1413.500 4.900E+04
  1413.750 4.154E+04
  1414.000 5.040E+04
  1414.250 5.459E+04
  1414.500 6.360E+04
  1414.750 5.776E+04
  1415.000 4.541E+04
  1415.250 4.970E+04
  1415.500 4.667E+04
  1415.750 3.568E+04
  1416.000 5.542E+04
  1416.250 7.361E+04
  1416.500 6.690E+04
  1416.750 5.238E+04
  1417.000 4.384E+04
  1417.250 5.093E+04
  1417.500 6.123E+04
  1417.750 6.708E+04
  1418.000 6.183E+04
  1418.250 5.143E+04
  1418.500 5.183E+04
  1418.750 5.403E+04
  1419.000 6.101E+04
  1419.250 5.589E+04
  1419.500 6.873E+04
  1419.750 7.371E+04
  1420.000 6.207E+04
  1420.250 5.342E+04
  1420.500 4.499E+04
  1420.750 5.834E+04
  1421.000 7.676E+04
  1421.250 7.724E+04
  1421.500 7.200E+04
  1421.750 8.273E+04
  1422.000 9.170E+04
  1422.250 8.579E+04
  1422.500 9.169E+04
  1422.750 1.161E+05
  1423.000 1.132E+05
  1423.250 9.234E+04
  1423.500 8.944E+04
  1423.750 7.664E+04
  1424.000 5.128E+04
  1424.250 4.488E+04
  1424.500 3.793E+04
  1424.750 1.545E+04
  1425.000 5.283E+03
  1425.250 1.747E+04
  1425.500 5.369E+04
  1425.750 9.454E+04
  1426.000 1.052E+05
  1426.250 1.023E+05
  1426.500 1.191E+05
  1426.750 1.144E+05
  1427.000 8.694E+04
  1427.250 7.871E+04
  1427.500 8.907E+04
  1427.750 8.203E+04
  1428.000 9.414E+04
  1428.250 1.050E+05
  1428.500 8.970E+04
  1428.750 8.700E+04
  1429.000 8.583E+04
  1429.250 7.681E+04
  1429.500 8.856E+04
  1429.750 9.310E+04
  1430.000 8.128E+04
  1430.250 9.737E+04
  1430.500 1.011E+05
  1430.750 7.021E+04
  1431.000 5.753E+04
  1431.250 4.741E+04
  1431.500 3.866E+04
  1431.750 4.088E+04
  1432.000 3.012E+04
  1432.250 2.119E+04
  1432.500 2.195E+04
  1432.750 2.370E+04
  1433.000 1.441E+04
  1433.250 7.171E+03
  1433.500 1.062E+04
  1433.750 3.115E+04
  1434.000 7.817E+04
  1434.250 1.026E+05
  1434.500 7.461E+04
  1434.750 4.883E+04
  1435.000 4.633E+04
  1435.250 4.563E+04
  1435.500 5.305E+04
  1435.750 7.221E+04
  1436.000 9.494E+04
  1436.250 1.086E+05
  1436.500 9.290E+04
  1436.750 6.655E+04
  1437.000 4.717E+04
  1437.250 6.917E+04
  1437.500 1.040E+05
  1437.750 1.359E+05
  1438.000 1.296E+05
  1438.250 9.826E+04
  1438.500 7.220E+04
  1438.750 8.037E+04
  1439.000 1.123E+05
  1439.250 1.146E+05
  1439.500 1.110E+05
  1439.750 1.253E+05
  1440.000 1.424E+05
  1440.250 1.315E+05
  1440.500 1.084E+05
  1440.750 8.349E+04
  1441.000 7.867E+04
  1441.250 1.087E+05
  1441.500 1.211E+05
  1441.750 1.383E+05
  1442.000 1.402E+05
  1442.250 9.109E+04
  1442.500 5.809E+04
  1442.750 6.762E+04
  1443.000 9.482E+04
  1443.250 1.213E+05
  1443.500 1.229E+05
  1443.750 1.047E+05
  1444.000 9.182E+04
  1444.250 8.674E+04
  1444.500 1.046E+05
  1444.750 8.931E+04
  1445.000 5.421E+04
  1445.250 4.968E+04
  1445.500 4.852E+04
  1445.750 4.812E+04
  1446.000 4.338E+04
  1446.250 3.706E+04
  1446.500 2.921E+04
  1446.750 2.171E+04
  1447.000 2.361E+04
  1447.250 2.460E+04
  1447.500 2.528E+04
  1447.750 2.718E+04
  1448.000 2.178E+04
  1448.250 1.660E+04
  1448.500 2.817E+04
  1448.750 5.010E+04
  1449.000 6.363E+04
  1449.250 6.031E+04
  1449.500 5.456E+04
  1449.750 6.505E+04
  1450.000 6.589E+04
  1450.250 6.355E+04
  1450.500 5.644E+04
  1450.750 5.768E+04
  1451.000 9.510E+04
  1451.250 1.004E+05
  1451.500 8.725E+04
  1451.750 1.109E+05
  1452.000 9.832E+04
  1452.250 7.319E+04
  1452.500 5.914E+04
  1452.750 5.379E+04
  1453.000 7.679E+04
  1453.250 9.734E+04
  1453.500 1.022E+05
  1453.750 1.283E+05
  1454.000 1.552E+05
  1454.250 1.382E+05
  1454.500 8.270E+04
  1454.750 3.707E+04
  1455.000 5.748E+04
  1455.250 1.155E+05
  1455.500 1.393E+05
  1455.750 1.079E+05
  1456.000 6.800E+04
  1456.250 7.664E+04
  1456.500 1.055E+05
  1456.750 1.149E+05
  1457.000 1.167E+05
  1457.250 1.081E+05
  1457.500 1.067E+05
  1457.750 1.125E+05
  1458.000 1.091E+05
  1458.250 1.269E+05
  1458.500 1.312E+05
  1458.750 9.172E+04
  1459.000 3.907E+04
  1459.250 4.209E+04
  1459.500 9.648E+04
  1459.750 1.452E+05
  1460.000 1.419E+05
  1460.250 1.059E+05
  1460.500 1.059E+05
  1460.750 1.352E+05
  1461.000 1.078E+05
  1461.250 9.421E+04
  1461.500 1.162E+05
  1461.750 1.091E+05
  1462.000 9.550E+04
  1462.250 8.685E+04
  1462.500 6.681E+04
  1462.750 4.555E+04
  1463.000 1.785E+04
  1463.250 3.715E+03
  1463.500 4.924E+03
  1463.750 2.399E+04
  1464.000 6.313E+04
  1464.250 9.429E+04
  1464.500 1.024E+05
  1464.750 1.009E+05
  1465.000 1.034E+05
  1465.250 1.255E+05
  1465.500 1.452E+05
  1465.750 1.788E+05
  1466.000 1.605E+05
  1466.250 1.284E+05
  1466.500 1.185E+05
  1466.750 9.230E+04
  1467.000 5.209E+04
  1467.250 1.640E+04
  1467.500 4.662E+03
  1467.750 1.338E+04
  1468.000 3.402E+04
  1468.250 4.795E+04
  1468.500 7.928E+04
  1468.750 1.488E+05
  1469.000 1.563E+05
  1469.250 1.257E+05
  1469.500 1.270E+05
  1469.750 1.210E+05
  1470.000 8.714E+04
  1470.250 6.806E+04
  1470.500 9.337E+04
  1470.750 1.440E+05
  1471.000 1.822E+05
  1471.250 1.763E+05
  1471.500 1.464E+05
  1471.750 1.230E+05
  1472.000 1.139E+05
  1472.250 1.285E+05
  1472.500 1.314E+05
  1472.750 1.162E+05
  1473.000 9.495E+04
  1473.250 9.239E+04
  1473.500 1.056E+05
  1473.750 8.064E+04
  1474.000 3.579E+04
  1474.250 3.092E+04
  1474.500 5.273E+04
  1474.750 9.233E+04
  1475.000 1.618E+05
  1475.250 2.071E+05
  1475.500 1.706E+05
  1475.750 1.218E+05
  1476.000 1.289E+05
  1476.250 1.521E+05
  1476.500 1.600E+05
  1476.750 1.887E+05
  1477.000 1.957E+05
  1477.250 1.437E+05
  1477.500 1.159E+05
  1477.750 1.262E+05
  1478.000 1.152E+05
  1478.250 1.085E+05
  1478.500 1.123E+05
  1478.750 1.650E+05
  1479.000 2.084E+05
  1479.250 1.805E+05
  1479.500 1.743E+05
  1479.750 1.870E+05
  1480.000 1.790E+05
  1480.250 1.685E+05
  1480.500 1.998E+05
  1480.750 1.804E+05
  1481.000 1.007E+05
  1481.250 6.254E+04
  1481.500 2.997E+04
  1481.750 2.000E+04
  1482.000 4.994E+04
  1482.250 8.403E+04
  1482.500 1.051E+05
  1482.750 8.450E+04
  1483.000 3.876E+04
  1483.250 4.334E+04
  1483.500 9.002E+04
  1483.750 1.447E+05
  1484.000 1.972E+05
  1484.250 2.460E+05
  1484.500 2.904E+05
  1484.750 2.588E+05
  1485.000 1.674E+05
  1485.250 1.319E+05
  1485.500 1.357E+05
  1485.750 1.987E+05
  1486.000 2.409E+05
  1486.250 2.072E+05
  1486.500 1.830E+05
  1486.750 2.093E+05
  1487.000 1.646E+05
  1487.250 1.198E+05
  1487.500 1.566E+05
  1487.750 2.079E+05
  1488.000 2.226E+05
  1488.250 2.041E+05
  1488.500 2.011E+05
  1488.750 2.327E+05
  1489.000 2.391E+05
  1489.250 2.191E+05
  1489.500 2.299E+05
  1489.750 2.175E+05
  1490.000 2.045E+05
  1490.250 2.351E+05
  1490.500 2.401E+05
  1490.750 2.178E+05
  1491.000 2.177E+05
  1491.250 2.166E+05
  1491.500 2.183E+05
  1491.750 2.012E+05
  1492.000 1.728E+05
  1492.250 1.258E+05
  1492.500 5.005E+04
  1492.750 2.487E+04
  1493.000 6.509E+04
  1493.250 1.271E+05
  1493.500 1.875E+05
  1493.750 2.002E+05
  1494.000 1.759E+05
  1494.250 1.363E+05
  1494.500 7.106E+04
  1494.750 7.069E+04
  1495.000 1.512E+05
  1495.250 2.130E+05
  1495.500 2.581E+05
  1495.750 2.823E+05
  1496.000 2.672E+05
  1496.250 2.263E+05
  1496.500 2.010E+05
  1496.750 2.260E+05
  1497.000 2.696E+05
  1497.250 2.918E+05
  1497.500 2.866E+05
  1497.750 3.092E+05
  1498.000 3.282E+05
  1498.250 2.847E+05
  1498.500 2.497E+05
  1498.750 2.358E+05
  1499.000 2.450E+05
  1499.250 2.513E+05
  1499.500 2.546E+05
  1499.750 2.738E+05
  1500.000 2.646E+05
  1500.250 1.876E+05
  1500.500 1.534E+05
  1500.750 2.160E+05
  1501.000 2.545E+05
  1501.250 2.822E+05
  1501.500 2.665E+05
  1501.750 1.950E+05
  1502.000 1.438E+05
  1502.250 1.823E+05
  1502.500 2.469E+05
  1502.750 2.508E+05
  1503.000 2.552E+05
  1503.250 2.707E+05
  1503.500 2.581E+05
  1503.750 2.668E+05
  1504.000 2.532E+05
  1504.250 2.405E+05
  1504.500 2.598E+05
  1504.750 2.844E+05
  1505.000 3.259E+05
  1505.250 3.365E+05
  1505.500 2.992E+05
  1505.750 2.524E+05
  1506.000 2.514E+05
  1506.250 2.363E+05
  1506.500 2.085E+05
  1506.750 2.039E+05
  1507.000 2.415E+05
  1507.250 2.917E+05
  1507.500 3.046E+05
  1507.750 2.668E+05
  1508.000 2.201E+05
  1508.250 2.046E+05
  1508.500 2.214E+05
  1508.750 2.050E+05
  1509.000 1.593E+05
  1509.250 1.512E+05
  1509.500 2.273E+05
  1509.750 2.651E+05
  1510.000 2.102E+05
  1510.250 1.976E+05
  1510.500 2.028E+05
  1510.750 1.403E+05
  1511.000 1.521E+05
  1511.250 2.195E+05
  1511.500 2.446E+05
  1511.750 2.024E+05
  1512.000 1.474E+05
  1512.250 2.133E+05
  1512.500 2.984E+05
  1512.750 2.858E+05
  1513.000 2.302E+05
  1513.250 1.823E+05
  1513.500 2.157E+05
  1513.750 2.622E+05
  1514.000 2.620E+05
  1514.250 2.362E+05
  1514.500 2.198E+05
  1514.750 2.385E+05
  1515.000 2.556E+05
  1515.250 2.169E+05
  1515.500 1.848E+05
  1515.750 1.549E+05
  1516.000 1.172E+05
  1516.250 1.454E+05
  1516.500 1.746E+05
  1516.750 1.582E+05
  1517.000 1.652E+05
  1517.250 1.536E+05
  1517.500 1.325E+05
  1517.750 1.230E+05
  1518.000 1.077E+05
  1518.250 8.465E+04
  1518.500 5.762E+04
  1518.750 5.455E+04
  1519.000 5.534E+04
  1519.250 4.387E+04
  1519.500 3.225E+04
  1519.750 3.032E+04
  1520.000 2.571E+04
  1520.250 2.145E+04
  1520.500 1.572E+04
  1520.750 1.120E+04
  1521.000 1.036E+04
  1521.250 9.868E+03
  1521.500 8.541E+03
  1521.750 7.238E+03
  1522.000 5.761E+03
  1522.250 5.496E+03
  1522.500 5.222E+03
  1522.750 5.364E+03
  1523.000 4.855E+03
  1523.250 4.034E+03
  1523.500 4.731E+03
  1523.750 5.228E+03
  1524.000 4.720E+03
  1524.250 4.705E+03
  1524.500 4.850E+03
  1524.750 4.243E+03
  1525.000 3.605E+03
  1525.250 3.670E+03
  1525.500 3.963E+03
  1525.750 3.549E+03
  1526.000 2.839E+03
  1526.250 2.050E+03
  1526.500 1.055E+03
  1526.750 7.553E+02
  1527.000 1.385E+03
  1527.250 2.010E+03
  1527.500 2.890E+03
  1527.750 4.357E+03
  1528.000 5.037E+03
  1528.250 4.929E+03
  1528.500 5.194E+03
  1528.750 5.696E+03
  1529.000 5.303E+03
  1529.250 4.649E+03
  1529.500 5.057E+03
  1529.750 7.578E+03
  1530.000 1.444E+04
  1530.250 1.718E+04
  1530.500 1.083E+04
  1530.750 5.653E+03
  1531.000 4.562E+03
  1531.250 5.010E+03
  1531.500 5.785E+03
  1531.750 7.467E+03
  1532.000 7.537E+03
  1532.250 5.568E+03
  1532.500 3.311E+03
  1532.750 2.090E+03
  1533.000 1.349E+03
  1533.250 7.006E+02
  1533.500 5.833E+02
  1533.750 1.227E+03
  1534.000 2.032E+03
  1534.250 2.918E+03
  1534.500 4.187E+03
  1534.750 5.558E+03
  1535.000 9.653E+03
  1535.250 1.386E+04
  1535.500 1.548E+04
  1535.750 1.647E+04
  1536.000 1.193E+04
  1536.250 9.698E+03
  1536.500 1.514E+04
  1536.750 1.671E+04
  1537.000 1.385E+04
  1537.250 1.185E+04
  1537.500 1.001E+04
  1537.750 1.256E+04
  1538.000 1.702E+04
  1538.250 3.392E+04
  1538.500 6.432E+04
  1538.750 7.883E+04
  1539.000 9.506E+04
  1539.250 1.178E+05
  1539.500 8.155E+04
  1539.750 5.938E+04
  1540.000 8.228E+04
  1540.250 7.399E+04
  1540.500 4.251E+04
  1540.750 2.146E+04
  1541.000 2.134E+04
  1541.250 2.769E+04
  1541.500 6.945E+04
  1541.750 1.530E+05
  1542.000 1.509E+05
  1542.250 7.528E+04
  1542.500 1.026E+05
  1542.750 1.714E+05
  1543.000 1.469E+05
  1543.250 1.247E+05
  1543.500 1.120E+05
  1543.750 6.788E+04
  1544.000 8.778E+04
  1544.250 1.110E+05
  1544.500 8.576E+04
  1544.750 6.715E+04
  1545.000 7.870E+04
  1545.250 1.079E+05
  1545.500 1.007E+05
  1545.750 5.393E+04
  1546.000 9.270E+04
  1546.250 1.514E+05
  1546.500 1.268E+05
  1546.750 1.297E+05
  1547.000 1.174E+05
  1547.250 1.099E+05
  1547.500 1.691E+05
  1547.750 1.475E+05
  1548.000 9.715E+04
  1548.250 9.307E+04
  1548.500 5.551E+04
  1548.750 4.590E+04
  1549.000 1.281E+05
  1549.250 2.089E+05
  1549.500 2.202E+05
  1549.750 2.414E+05
  1550.000 1.922E+05
  1550.250 9.769E+04
  1550.500 1.213E+05
  1550.750 1.869E+05
  1551.000 1.336E+05
  1551.250 7.897E+04
  1551.500 1.243E+05
  1551.750 1.207E+05
  1552.000 5.138E+04
  1552.250 3.972E+04
  1552.500 6.167E+04
  1552.750 4.730E+04
  1553.000 4.018E+04
  1553.250 9.210E+04
  1553.500 1.669E+05
  1553.750 1.500E+05
  1554.000 1.002E+05
  1554.250 5.186E+04
  1554.500 2.925E+04
  1554.750 5.396E+04
  1555.000 1.137E+05
  1555.250 9.571E+04
  1555.500 3.855E+04
  1555.750 3.300E+04
  1556.000 3.778E+04
  1556.250 5.117E+04
  1556.500 8.522E+04
  1556.750 9.578E+04
  1557.000 7.928E+04
  1557.250 5.431E+04
  1557.500 6.746E+04
  1557.750 1.218E+05
  1558.000 1.363E+05
  1558.250 9.592E+04
  1558.500 3.780E+04
  1558.750 9.197E+03
  1559.000 4.304E+03
  1559.250 4.572E+03
  1559.500 6.657E+03
  1559.750 5.815E+03
  1560.000 3.484E+03
  1560.250 1.530E+03
  1560.500 8.618E+02
  1560.750 8.279E+02
  1561.000 1.059E+03
  1561.250 9.079E+02
  1561.500 9.888E+02
  1561.750 1.868E+03
  1562.000 3.319E+03
  1562.250 7.318E+03
  1562.500 1.950E+04
  1562.750 3.792E+04
  1563.000 4.465E+04
  1563.250 3.037E+04
  1563.500 1.170E+04
  1563.750 6.099E+03
  1564.000 1.665E+04
  1564.250 3.381E+04
  1564.500 3.465E+04
  1564.750 5.502E+04
  1565.000 9.741E+04
  1565.250 1.024E+05
  1565.500 1.327E+05
  1565.750 1.827E+05
  1566.000 1.606E+05
  1566.250 9.865E+04
  1566.500 4.481E+04
  1566.750 1.819E+04
  1567.000 2.430E+04
  1567.250 3.831E+04
  1567.500 2.733E+04
  1567.750 1.812E+04
  1568.000 2.188E+04
  1568.250 5.104E+04
  1568.500 1.051E+05
  1568.750 1.835E+05
  1569.000 2.439E+05
  1569.250 2.350E+05
  1569.500 1.409E+05
  1569.750 6.784E+04
  1570.000 4.454E+04
  1570.250 2.445E+04
  1570.500 4.962E+04
  1570.750 9.770E+04
  1571.000 1.102E+05
  1571.250 1.397E+05
  1571.500 1.721E+05
  1571.750 1.492E+05
  1572.000 1.744E+05
  1572.250 2.220E+05
  1572.500 1.859E+05
  1572.750 1.027E+05
  1573.000 8.588E+04
  1573.250 7.948E+04
  1573.500 4.658E+04
  1573.750 1.810E+04
  1574.000 1.549E+04
  1574.250 3.304E+04
  1574.500 2.979E+04
  1574.750 1.226E+04
  1575.000 2.290E+04
  1575.250 7.614E+04
  1575.500 1.319E+05
  1575.750 1.651E+05
  1576.000 1.943E+05
  1576.250 2.180E+05
  1576.500 1.821E+05
  1576.750 1.118E+05
  1577.000 5.090E+04
  1577.250 8.893E+04
  1577.500 1.978E+05
  1577.750 2.201E+05
  1578.000 1.419E+05
  1578.250 1.139E+05
  1578.500 1.528E+05
  1578.750 2.247E+05
  1579.000 2.557E+05
  1579.250 2.284E+05
  1579.500 2.128E+05
  1579.750 2.050E+05
  1580.000 1.658E+05
  1580.250 7.933E+04
  1580.500 2.792E+04
  1580.750 5.328E+04
  1581.000 1.180E+05
  1581.250 1.251E+05
  1581.500 1.280E+05
  1581.750 1.719E+05
  1582.000 2.014E+05
  1582.250 1.926E+05
  1582.500 2.029E+05
  1582.750 2.404E+05
  1583.000 2.802E+05
  1583.250 3.032E+05
  1583.500 2.686E+05
  1583.750 2.115E+05
  1584.000 1.456E+05
  1584.250 1.275E+05
  1584.500 1.290E+05
  1584.750 8.684E+04
  1585.000 5.257E+04
  1585.250 1.047E+05
  1585.500 1.851E+05
  1585.750 1.959E+05
  1586.000 1.337E+05
  1586.250 1.252E+05
  1586.500 1.527E+05
  1586.750 1.399E+05
  1587.000 1.773E+05
  1587.250 2.165E+05
  1587.500 1.827E+05
  1587.750 1.288E+05
  1588.000 9.241E+04
  1588.250 7.129E+04
  1588.500 1.076E+05
  1588.750 1.742E+05
  1589.000 2.079E+05
  1589.250 2.013E+05
  1589.500 2.207E+05
  1589.750 2.250E+05
  1590.000 2.050E+05
  1590.250 1.616E+05
  1590.500 1.478E+05
  1590.750 2.015E+05
  1591.000 1.888E+05
  1591.250 1.971E+05
  1591.500 2.494E+05
  1591.750 2.703E+05
  1592.000 2.527E+05
  1592.250 1.543E+05
  1592.500 1.055E+05
  1592.750 1.700E+05
  1593.000 2.267E+05
  1593.250 2.157E+05
  1593.500 2.084E+05
  1593.750 2.189E+05
  1594.000 1.912E+05
  1594.250 2.245E+05
  1594.500 2.619E+05
  1594.750 1.860E+05
  1595.000 1.264E+05
  1595.250 1.680E+05
  1595.500 1.989E+05
  1595.750 2.131E+05
  1596.000 2.703E+05
  1596.250 2.972E+05
  1596.500 2.599E+05
  1596.750 2.622E+05
  1597.000 3.102E+05
  1597.250 3.056E+05
  1597.500 2.855E+05
  1597.750 2.766E+05
  1598.000 2.749E+05
  1598.250 2.756E+05
  1598.500 2.582E+05
  1598.750 2.905E+05
  1599.000 3.315E+05
  1599.250 3.184E+05
  1599.500 2.969E+05
  1599.750 2.745E+05
  1600.000 2.315E+05
  1600.250 2.017E+05
  1600.500 1.750E+05
  1600.750 1.974E+05
  1601.000 3.181E+05
  1601.250 3.761E+05
  1601.500 4.217E+05
  1601.750 5.427E+05
  1602.000 4.585E+05
  1602.250 2.915E+05
  1602.500 2.509E+05
  1602.750 2.501E+05
  1603.000 2.586E+05
  1603.250 3.836E+05
  1603.500 4.923E+05
  1603.750 5.757E+05
  1604.000 6.545E+05
  1604.250 6.556E+05
  1604.500 5.727E+05
  1604.750 5.673E+05
  1605.000 5.033E+05
  1605.250 3.517E+05
  1605.500 3.421E+05
  1605.750 3.197E+05
  1606.000 3.165E+05
  1606.250 4.102E+05
  1606.500 5.079E+05
  1606.750 4.685E+05
  1607.000 3.756E+05
  1607.250 3.822E+05
  1607.500 4.033E+05
  1607.750 3.347E+05
  1608.000 1.781E+05
  1608.250 5.671E+04
  1608.500 2.811E+04
  1608.750 8.432E+04
  1609.000 1.959E+05
  1609.250 2.964E+05
  1609.500 3.345E+05
  1609.750 3.582E+05
  1610.000 3.441E+05
  1610.250 3.272E+05
  1610.500 2.823E+05
  1610.750 1.468E+05
  1611.000 1.054E+05
  1611.250 2.738E+05
  1611.500 4.676E+05
  1611.750 4.920E+05
  1612.000 4.077E+05
  1612.250 2.668E+05
  1612.500 1.240E+05
  1612.750 4.173E+04
  1613.000 5.290E+04
  1613.250 1.447E+05
  1613.500 2.764E+05
  1613.750 3.038E+05
  1614.000 4.087E+05
  1614.250 4.914E+05
  1614.500 3.458E+05
  1614.750 3.812E+05
  1615.000 5.317E+05
  1615.250 5.843E+05
  1615.500 5.502E+05
  1615.750 4.358E+05
  1616.000 3.861E+05
  1616.250 4.046E+05
  1616.500 3.106E+05
  1616.750 2.873E+05
  1617.000 4.212E+05
  1617.250 4.296E+05
  1617.500 4.760E+05
  1617.750 5.465E+05
  1618.000 4.125E+05
  1618.250 2.050E+05
  1618.500 1.011E+05
  1618.750 1.178E+05
  1619.000 1.848E+05
  1619.250 3.040E+05
  1619.500 3.835E+05
  1619.750 4.326E+05
  1620.000 3.506E+05
  1620.250 2.945E+05
  1620.500 3.801E+05
  1620.750 4.358E+05
  1621.000 3.473E+05
  1621.250 2.185E+05
  1621.500 1.058E+05
  1621.750 7.617E+04
  1622.000 1.989E+05
  1622.250 3.549E+05
  1622.500 3.804E+05
  1622.750 2.426E+05
  1623.000 1.028E+05
  1623.250 1.170E+05
  1623.500 1.636E+05
  1623.750 1.955E+05
  1624.000 3.430E+05
  1624.250 4.993E+05
  1624.500 4.846E+05
  1624.750 4.103E+05
  1625.000 3.352E+05
  1625.250 1.789E+05
  1625.500 4.985E+04
  1625.750 4.648E+04
  1626.000 1.446E+05
  1626.250 2.077E+05
  1626.500 2.526E+05
  1626.750 3.050E+05
  1627.000 2.256E+05
  1627.250 1.766E+05
  1627.500 2.361E+05
  1627.750 3.392E+05
  1628.000 4.210E+05
  1628.250 4.553E+05
  1628.500 3.884E+05
  1628.750 2.251E+05
  1629.000 8.574E+04
  1629.250 3.232E+04
  1629.500 5.579E+04
  1629.750 7.440E+04
  1630.000 8.324E+04
  1630.250 1.768E+05
  1630.500 2.397E+05
  1630.750 1.768E+05
  1631.000 7.097E+04
  1631.250 4.248E+04
  1631.500 9.243E+04
  1631.750 2.135E+05
  1632.000 3.037E+05
  1632.250 2.524E+05
  1632.500 1.845E+05
  1632.750 1.403E+05
  1633.000 1.181E+05
  1633.250 9.177E+04
  1633.500 9.144E+04
  1633.750 6.768E+04
  1634.000 6.783E+04
  1634.250 1.124E+05
  1634.500 2.461E+05
  1634.750 4.013E+05
  1635.000 3.371E+05
  1635.250 1.648E+05
  1635.500 1.052E+05
  1635.750 1.491E+05
  1636.000 1.444E+05
  1636.250 1.018E+05
  1636.500 1.800E+05
  1636.750 2.993E+05
  1637.000 2.651E+05
  1637.250 1.299E+05
  1637.500 1.060E+05
  1637.750 2.278E+05
  1638.000 3.526E+05
  1638.250 4.615E+05
  1638.500 5.352E+05
  1638.750 4.596E+05
  1639.000 2.960E+05
  1639.250 1.566E+05
  1639.500 1.581E+05
  1639.750 2.546E+05
  1640.000 1.930E+05
  1640.250 1.797E+05
  1640.500 3.240E+05
  1640.750 3.577E+05
  1641.000 3.310E+05
  1641.250 3.070E+05
  1641.500 2.545E+05
  1641.750 1.734E+05
  1642.000 2.223E+05
  1642.250 2.891E+05
  1642.500 3.196E+05
  1642.750 4.521E+05
  1643.000 4.372E+05
  1643.250 2.702E+05
  1643.500 1.249E+05
  1643.750 1.721E+05
  1644.000 3.596E+05
  1644.250 5.014E+05
  1644.500 5.414E+05
  1644.750 5.233E+05
  1645.000 4.990E+05
  1645.250 5.405E+05
  1645.500 5.460E+05
  1645.750 4.582E+05
  1646.000 3.091E+05
  1646.250 2.915E+05
  1646.500 4.200E+05
  1646.750 5.213E+05
  1647.000 4.062E+05
  1647.250 3.215E+05
  1647.500 4.104E+05
  1647.750 5.048E+05
  1648.000 5.620E+05
  1648.250 5.182E+05
  1648.500 4.620E+05
  1648.750 4.890E+05
  1649.000 4.039E+05
  1649.250 1.885E+05
  1649.500 7.022E+04
  1649.750 1.499E+05
  1650.000 3.229E+05
  1650.250 3.541E+05
  1650.500 2.451E+05
  1650.750 1.990E+05
  1651.000 2.730E+05
  1651.250 3.688E+05
  1651.500 3.552E+05
  1651.750 2.976E+05
  1652.000 3.084E+05
  1652.250 3.154E+05
  1652.500 3.194E+05
  1652.750 3.408E+05
  1653.000 3.115E+05
  1653.250 2.296E+05
  1653.500 1.576E+05
  1653.750 1.226E+05
  1654.000 7.827E+04
  1654.250 3.015E+04
  1654.500 1.444E+04
  1654.750 1.923E+04
  1655.000 1.924E+04
  1655.250 1.412E+04
  1655.500 8.738E+03
  1655.750 5.056E+03
  1656.000 2.690E+03
  1656.250 1.307E+03
  1656.500 1.127E+03
  1656.750 9.091E+02
  1657.000 5.521E+02
  1657.250 5.950E+02
  1657.500 8.526E+02
  1657.750 8.921E+02
  1658.000 7.294E+02
  1658.250 1.334E+03
  1658.500 2.686E+03
  1658.750 4.336E+03
  1659.000 6.929E+03
  1659.250 8.237E+03
  1659.500 1.375E+04
  1659.750 4.318E+04
  1660.000 9.258E+04
  1660.250 1.198E+05
  1660.500 1.227E+05
  1660.750 1.274E+05
  1661.000 1.395E+05
  1661.250 1.403E+05
  1661.500 1.882E+05
  1661.750 2.809E+05
  1662.000 3.157E+05
  1662.250 2.680E+05
  1662.500 2.638E+05
  1662.750 2.721E+05
  1663.000 1.785E+05
  1663.250 9.335E+04
  1663.500 1.214E+05
  1663.750 1.890E+05
  1664.000 2.913E+05
  1664.250 3.166E+05
  1664.500 3.321E+05
  1664.750 4.354E+05
  1665.000 4.637E+05
  1665.250 4.173E+05
  1665.500 3.678E+05
  1665.750 3.374E+05
  1666.000 2.658E+05
  1666.250 1.839E+05
  1666.500 1.024E+05
  1666.750 7.919E+04
  1667.000 1.688E+05
  1667.250 2.494E+05
  1667.500 2.302E+05
  1667.750 1.912E+05
  1668.000 1.849E+05
  1668.250 1.778E+05
  1668.500 1.313E+05
  1668.750 1.100E+05
  1669.000 8.489E+04
  1669.250 5.513E+04
  1669.500 2.872E+04
  1669.750 1.230E+04
  1670.000 6.568E+03
  1670.250 4.047E+03
  1670.500 2.139E+03
  1670.750 9.288E+02
  1671.000 1.010E+03
  1671.250 2.269E+03
  1671.500 3.989E+03
  1671.750 7.179E+03
  1672.000 1.369E+04
  1672.250 2.167E+04
  1672.500 3.573E+04
  1672.750 8.200E+04
  1673.000 1.286E+05
  1673.250 1.141E+05
  1673.500 9.066E+04
  1673.750 1.030E+05
  1674.000 8.227E+04
  1674.250 5.126E+04
  1674.500 3.911E+04
  1674.750 7.678E+04
  1675.000 1.530E+05
  1675.250 2.013E+05
  1675.500 2.386E+05
  1675.750 2.394E+05
  1676.000 2.167E+05
  1676.250 1.917E+05
  1676.500 1.711E+05
  1676.750 1.518E+05
  1677.000 1.904E+05
  1677.250 2.369E+05
  1677.500 2.335E+05
  1677.750 1.924E+05
  1678.000 1.834E+05
  1678.250 1.905E+05
  1678.500 1.985E+05
  1678.750 2.267E+05
  1679.000 1.952E+05
  1679.250 1.142E+05
  1679.500 5.483E+04
  1679.750 8.607E+04
  1680.000 1.490E+05
  1680.250 1.748E+05
  1680.500 2.731E+05
  1680.750 3.388E+05
  1681.000 2.204E+05
  1681.250 2.099E+05
  1681.500 3.004E+05
  1681.750 3.210E+05
  1682.000 3.993E+05
  1682.250 4.329E+05
  1682.500 2.952E+05
  1682.750 2.637E+05
  1683.000 3.204E+05
  1683.250 2.444E+05
  1683.500 1.781E+05
  1683.750 2.460E+05
  1684.000 3.274E+05
  1684.250 3.171E+05
  1684.500 2.560E+05
  1684.750 2.148E+05
  1685.000 3.005E+05
  1685.250 3.544E+05
  1685.500 2.755E+05
  1685.750 1.776E+05
  1686.000 8.498E+04
  1686.250 3.601E+04
  1686.500 2.784E+04
  1686.750 6.372E+04
  1687.000 1.526E+05
  1687.250 2.558E+05
  1687.500 2.408E+05
  1687.750 1.538E+05
  1688.000 1.389E+05
  1688.250 1.738E+05
  1688.500 2.331E+05
  1688.750 2.544E+05
  1689.000 2.278E+05
  1689.250 2.140E+05
  1689.500 2.021E+05
  1689.750 1.771E+05
  1690.000 1.613E+05
  1690.250 2.799E+05
  1690.500 3.405E+05
  1690.750 2.425E+05
  1691.000 1.506E+05
  1691.250 1.271E+05
  1691.500 1.713E+05
  1691.750 2.265E+05
  1692.000 2.285E+05
  1692.250 2.090E+05
  1692.500 1.368E+05
  1692.750 1.376E+05
  1693.000 2.200E+05
  1693.250 2.226E+05
  1693.500 2.312E+05
  1693.750 2.596E+05
  1694.000 2.290E+05
  1694.250 2.579E+05
  1694.500 2.174E+05
  1694.750 2.173E+05
  1695.000 3.286E+05
  1695.250 4.023E+05
  1695.500 2.993E+05
  1695.750 1.500E+05
  1696.000 5.851E+04
  1696.250 4.693E+04
  1696.500 7.301E+04
  1696.750 8.149E+04
  1697.000 1.517E+05
  1697.250 2.830E+05
  1697.500 3.177E+05
  1697.750 1.915E+05
  1698.000 8.905E+04
  1698.250 1.182E+05
  1698.500 2.088E+05
  1698.750 3.436E+05
  1699.000 3.717E+05
  1699.250 4.187E+05
  1699.500 4.993E+05
  1699.750 3.690E+05
  1700.000 2.009E+05
  1700.250 9.181E+04
  1700.500 9.007E+04
  1700.750 2.297E+05
  1701.000 3.643E+05
  1701.250 3.650E+05
  1701.500 2.473E+05
  1701.750 9.599E+04
  1702.000 2.887E+04
  1702.250 7.379E+04
  1702.500 1.813E+05
  1702.750 2.352E+05
  1703.000 2.862E+05
  1703.250 2.735E+05
  1703.500 2.648E+05
  1703.750 3.699E+05
  1704.000 4.550E+05
  1704.250 4.152E+05
  1704.500 2.449E+05
  1704.750 2.913E+05
  1705.000 4.503E+05
  1705.250 5.182E+05
  1705.500 4.427E+05
  1705.750 2.343E+05
  1706.000 1.823E+05
  1706.250 3.110E+05
  1706.500 4.392E+05
  1706.750 4.165E+05
  1707.000 3.254E+05
  1707.250 2.248E+05
  1707.500 1.362E+05
  1707.750 2.067E+05
  1708.000 3.315E+05
  1708.250 2.580E+05
  1708.500 1.506E+05
  1708.750 2.030E+05
  1709.000 3.757E+05
  1709.250 3.317E+05
  1709.500 1.481E+05
  1709.750 1.815E+05
  1710.000 4.287E+05
  1710.250 6.344E+05
  1710.500 6.796E+05
  1710.750 6.737E+05
  1711.000 6.372E+05
  1711.250 5.869E+05
  1711.500 4.544E+05
  1711.750 4.275E+05
  1712.000 5.840E+05
  1712.250 5.642E+05
  1712.500 3.677E+05
  1712.750 1.597E+05
  1713.000 4.722E+04
  1713.250 5.094E+04
  1713.500 1.391E+05
  1713.750 2.553E+05
  1714.000 4.074E+05
  1714.250 4.644E+05
  1714.500 3.920E+05
  1714.750 3.204E+05
  1715.000 3.649E+05
  1715.250 4.008E+05
  1715.500 3.671E+05
  1715.750 5.113E+05
  1716.000 6.596E+05
  1716.250 5.293E+05
  1716.500 4.293E+05
  1716.750 5.190E+05
  1717.000 6.131E+05
  1717.250 6.241E+05
  1717.500 5.040E+05
  1717.750 3.275E+05
  1718.000 2.725E+05
  1718.250 3.195E+05
  1718.500 4.445E+05
  1718.750 5.580E+05
  1719.000 5.525E+05
  1719.250 4.808E+05
  1719.500 4.846E+05
  1719.750 5.561E+05
  1720.000 3.539E+05
  1720.250 1.251E+05
  1720.500 6.653E+04
  1720.750 1.511E+05
  1721.000 2.691E+05
  1721.250 3.079E+05
  1721.500 4.392E+05
  1721.750 4.993E+05
  1722.000 5.525E+05
  1722.250 5.325E+05
  1722.500 4.115E+05
  1722.750 4.847E+05
  1723.000 5.497E+05
  1723.250 5.978E+05
  1723.500 6.479E+05
  1723.750 6.984E+05
  1724.000 5.862E+05
  1724.250 3.166E+05
  1724.500 1.826E+05
  1724.750 1.246E+05
  1725.000 1.432E+05
  1725.250 3.632E+05
  1725.500 5.175E+05
  1725.750 4.463E+05
  1726.000 2.741E+05
  1726.250 1.053E+05
  1726.500 1.029E+05
  1726.750 2.593E+05
  1727.000 4.718E+05
  1727.250 5.325E+05
  1727.500 5.687E+05
  1727.750 7.079E+05
  1728.000 7.196E+05
  1728.250 6.542E+05
  1728.500 6.860E+05
  1728.750 6.735E+05
  1729.000 7.090E+05
  1729.250 7.532E+05
  1729.500 7.840E+05
  1729.750 8.173E+05
  1730.000 7.581E+05
  1730.250 6.253E+05
  1730.500 5.907E+05
  1730.750 5.651E+05
  1731.000 3.655E+05
  1731.250 2.837E+05
  1731.500 3.944E+05
  1731.750 4.750E+05
  1732.000 5.127E+05
  1732.250 6.702E+05
  1732.500 6.978E+05
  1732.750 6.018E+05
  1733.000 5.697E+05
  1733.250 5.716E+05
  1733.500 5.641E+05
  1733.750 6.060E+05
  1734.000 5.895E+05
  1734.250 5.744E+05
  1734.500 5.051E+05
  1734.750 4.228E+05
  1735.000 4.557E+05
  1735.250 5.571E+05
  1735.500 5.422E+05
  1735.750 5.301E+05
  1736.000 5.435E+05
  1736.250 5.602E+05
  1736.500 5.827E+05
  1736.750 6.458E+05
  1737.000 6.124E+05
  1737.250 4.931E+05
  1737.500 4.014E+05
  1737.750 3.806E+05
  1738.000 4.229E+05
  1738.250 5.117E+05
  1738.500 6.466E+05
  1738.750 7.914E+05
  1739.000 8.339E+05
  1739.250 8.073E+05
  1739.500 8.040E+05
  1739.750 7.758E+05
  1740.000 5.358E+05
  1740.250 2.986E+05
  1740.500 3.675E+05
  1740.750 5.361E+05
  1741.000 4.882E+05
  1741.250 2.501E+05
  1741.500 8.598E+04
  1741.750 9.812E+04
  1742.000 2.162E+05
  1742.250 4.091E+05
  1742.500 4.451E+05
  1742.750 3.528E+05
  1743.000 3.837E+05
  1743.250 4.065E+05
  1743.500 5.652E+05
  1743.750 6.753E+05
  1744.000 6.735E+05
  1744.250 6.479E+05
  1744.500 5.844E+05
  1744.750 5.949E+05
  1745.000 5.691E+05
  1745.250 4.556E+05
  1745.500 5.549E+05
  1745.750 7.247E+05
  1746.000 8.065E+05
  1746.250 7.363E+05
  1746.500 5.644E+05
  1746.750 3.225E+05
  1747.000 3.303E+05
  1747.250 4.798E+05
  1747.500 4.898E+05
  1747.750 3.884E+05
  1748.000 2.153E+05
  1748.250 1.304E+05
  1748.500 2.597E+05
  1748.750 4.756E+05
  1749.000 5.347E+05
  1749.250 5.486E+05
  1749.500 5.254E+05
  1749.750 4.873E+05
  1750.000 6.536E+05
  1750.250 7.885E+05
  1750.500 7.395E+05
  1750.750 6.754E+05
  1751.000 7.383E+05
  1751.250 7.324E+05
  1751.500 4.953E+05
  1751.750 2.056E+05
  1752.000 1.822E+05
  1752.250 3.711E+05
  1752.500 5.275E+05
  1752.750 6.276E+05
  1753.000 6.486E+05
  1753.250 6.227E+05
  1753.500 6.207E+05
  1753.750 7.537E+05
  1754.000 7.624E+05
  1754.250 6.362E+05
  1754.500 5.571E+05
  1754.750 4.328E+05
  1755.000 5.337E+05
  1755.250 7.152E+05
  1755.500 8.011E+05
  1755.750 7.915E+05
  1756.000 8.053E+05
  1756.250 8.099E+05
  1756.500 7.251E+05
  1756.750 7.102E+05
  1757.000 7.825E+05
  1757.250 7.428E+05
  1757.500 6.220E+05
  1757.750 6.062E+05
  1758.000 5.748E+05
  1758.250 4.824E+05
  1758.500 5.742E+05
  1758.750 7.049E+05
  1759.000 7.800E+05
  1759.250 7.691E+05
  1759.500 6.438E+05
  1759.750 4.746E+05
  1760.000 4.128E+05
  1760.250 3.725E+05
  1760.500 3.749E+05
  1760.750 4.985E+05
  1761.000 6.175E+05
  1761.250 4.490E+05
  1761.500 3.651E+05
  1761.750 4.592E+05
  1762.000 5.191E+05
  1762.250 6.132E+05
  1762.500 5.895E+05
  1762.750 4.230E+05
  1763.000 4.392E+05
  1763.250 6.669E+05
  1763.500 6.008E+05
  1763.750 2.904E+05
  1764.000 1.927E+05
  1764.250 3.932E+05
  1764.500 6.544E+05
  1764.750 7.204E+05
  1765.000 5.091E+05
  1765.250 2.376E+05
  1765.500 9.584E+04
  1765.750 9.028E+04
  1766.000 1.467E+05
  1766.250 1.678E+05
  1766.500 2.680E+05
  1766.750 5.083E+05
  1767.000 7.381E+05
  1767.250 7.784E+05
  1767.500 5.907E+05
  1767.750 5.323E+05
  1768.000 6.743E+05
  1768.250 6.340E+05
  1768.500 5.141E+05
  1768.750 5.238E+05
  1769.000 5.022E+05
  1769.250 4.514E+05
  1769.500 4.225E+05
  1769.750 4.349E+05
  1770.000 6.356E+05
  1770.250 7.012E+05
  1770.500 5.066E+05
  1770.750 3.891E+05
  1771.000 4.999E+05
  1771.250 7.267E+05
  1771.500 8.064E+05
  1771.750 6.553E+05
  1772.000 4.666E+05
  1772.250 3.079E+05
  1772.500 2.794E+05
  1772.750 5.089E+05
  1773.000 6.988E+05
  1773.250 7.770E+05
  1773.500 8.113E+05
  1773.750 6.373E+05
  1774.000 4.422E+05
  1774.250 5.889E+05
  1774.500 7.482E+05
  1774.750 5.967E+05
  1775.000 4.682E+05
  1775.250 5.791E+05
  1775.500 7.508E+05
  1775.750 7.679E+05
  1776.000 7.178E+05
  1776.250 7.159E+05
  1776.500 5.837E+05
  1776.750 4.737E+05
  1777.000 6.990E+05
  1777.250 9.036E+05
  1777.500 8.139E+05
  1777.750 5.667E+05
  1778.000 5.686E+05
  1778.250 6.621E+05
  1778.500 6.453E+05
  1778.750 6.935E+05
  1779.000 8.099E+05
  1779.250 7.670E+05
  1779.500 7.470E+05
  1779.750 7.659E+05
  1780.000 6.960E+05
  1780.250 7.056E+05
  1780.500 8.031E+05
  1780.750 7.181E+05
  1781.000 5.927E+05
  1781.250 5.074E+05
  1781.500 5.300E+05
  1781.750 6.322E+05
  1782.000 6.454E+05
  1782.250 5.951E+05
  1782.500 5.162E+05
  1782.750 4.183E+05
  1783.000 4.172E+05
  1783.250 4.364E+05
  1783.500 5.584E+05
  1783.750 7.056E+05
  1784.000 7.454E+05
  1784.250 7.633E+05
  1784.500 6.552E+05
  1784.750 5.454E+05
  1785.000 3.714E+05
  1785.250 1.936E+05
  1785.500 2.981E+05
  1785.750 4.690E+05
  1786.000 4.892E+05
  1786.250 3.997E+05
  1786.500 2.675E+05
  1786.750 1.981E+05
  1787.000 3.719E+05
  1787.250 5.793E+05
  1787.500 5.277E+05
  1787.750 3.191E+05
  1788.000 1.787E+05
  1788.250 1.612E+05
  1788.500 1.933E+05
  1788.750 4.006E+05
  1789.000 6.518E+05
  1789.250 7.720E+05
  1789.500 7.380E+05
  1789.750 6.284E+05
  1790.000 7.002E+05
  1790.250 7.887E+05
  1790.500 7.831E+05
  1790.750 8.135E+05
  1791.000 8.350E+05
  1791.250 8.458E+05
  1791.500 8.199E+05
  1791.750 8.334E+05
  1792.000 8.586E+05
  1792.250 8.801E+05
  1792.500 9.047E+05
  1792.750 8.859E+05
  1793.000 8.097E+05
  1793.250 5.992E+05
  1793.500 5.402E+05
  1793.750 6.622E+05
  1794.000 8.060E+05
  1794.250 8.677E+05
  1794.500 8.492E+05
  1794.750 8.182E+05
  1795.000 7.379E+05
  1795.250 7.230E+05
  1795.500 7.289E+05
  1795.750 8.002E+05
  1796.000 8.797E+05
  1796.250 9.531E+05
  1796.500 9.249E+05
  1796.750 7.492E+05
  1797.000 6.404E+05
  1797.250 5.796E+05
  1797.500 5.411E+05
  1797.750 6.183E+05
  1798.000 5.904E+05
  1798.250 5.976E+05
  1798.500 8.089E+05
  1798.750 8.924E+05
  1799.000 8.169E+05
  1799.250 7.370E+05
  1799.500 7.464E+05
  1799.750 7.392E+05
  1800.000 7.988E+05
  1800.250 8.698E+05
  1800.500 8.402E+05
  1800.750 8.229E+05
  1801.000 7.999E+05
  1801.250 7.736E+05
  1801.500 8.102E+05
  1801.750 8.310E+05
  1802.000 8.076E+05
  1802.250 7.848E+05
  1802.500 8.338E+05
  1802.750 8.594E+05
  1803.000 8.949E+05
  1803.250 7.977E+05
  1803.500 6.258E+05
  1803.750 7.063E+05
  1804.000 7.573E+05
  1804.250 6.048E+05
  1804.500 4.827E+05
  1804.750 5.074E+05
  1805.000 5.037E+05
  1805.250 4.907E+05
  1805.500 5.354E+05
  1805.750 5.610E+05
  1806.000 5.948E+05
  1806.250 5.984E+05
  1806.500 4.816E+05
  1806.750 2.910E+05
  1807.000 1.104E+05
  1807.250 2.622E+04
  1807.500 2.740E+04
  1807.750 8.833E+04
  1808.000 2.059E+05
  1808.250 3.324E+05
  1808.500 4.020E+05
  1808.750 3.800E+05
  1809.000 2.782E+05
  1809.250 2.958E+05
  1809.500 5.408E+05
  1809.750 7.350E+05
  1810.000 7.505E+05
  1810.250 7.902E+05
  1810.500 8.472E+05
  1810.750 7.652E+05
  1811.000 6.066E+05
  1811.250 6.811E+05
  1811.500 8.555E+05
  1811.750 7.385E+05
  1812.000 4.655E+05
  1812.250 5.032E+05
  1812.500 7.574E+05
  1812.750 8.323E+05
  1813.000 7.792E+05
  1813.250 8.207E+05
  1813.500 8.296E+05
  1813.750 7.543E+05
  1814.000 6.178E+05
  1814.250 5.943E+05
  1814.500 6.206E+05
  1814.750 6.902E+05
  1815.000 7.485E+05
  1815.250 5.839E+05
  1815.500 4.391E+05
  1815.750 5.418E+05
  1816.000 6.897E+05
  1816.250 7.549E+05
  1816.500 7.168E+05
  1816.750 5.301E+05
  1817.000 4.423E+05
  1817.250 4.863E+05
  1817.500 4.692E+05
  1817.750 6.059E+05
  1818.000 6.355E+05
  1818.250 5.630E+05
  1818.500 5.125E+05
  1818.750 6.482E+05
  1819.000 7.472E+05
  1819.250 7.230E+05
  1819.500 5.960E+05
  1819.750 4.249E+05
  1820.000 2.406E+05
  1820.250 7.921E+04
  1820.500 5.063E+04
  1820.750 1.138E+05
  1821.000 2.694E+05
  1821.250 5.472E+05
  1821.500 7.429E+05
  1821.750 7.453E+05
  1822.000 5.788E+05
  1822.250 4.747E+05
  1822.500 6.100E+05
  1822.750 7.227E+05
  1823.000 7.833E+05
  1823.250 8.002E+05
  1823.500 7.400E+05
  1823.750 5.755E+05
  1824.000 4.787E+05
  1824.250 7.257E+05
  1824.500 9.160E+05
  1824.750 8.295E+05
  1825.000 6.035E+05
  1825.250 4.976E+05
  1825.500 5.599E+05
  1825.750 4.945E+05
  1826.000 2.827E+05
  1826.250 1.503E+05
  1826.500 2.532E+05
  1826.750 4.323E+05
  1827.000 5.051E+05
  1827.250 6.412E+05
  1827.500 6.877E+05
  1827.750 5.926E+05
  1828.000 5.877E+05
  1828.250 6.010E+05
  1828.500 5.794E+05
  1828.750 6.152E+05
  1829.000 6.880E+05
  1829.250 6.994E+05
  1829.500 7.209E+05
  1829.750 7.326E+05
  1830.000 6.853E+05
  1830.250 6.194E+05
  1830.500 5.570E+05
  1830.750 5.079E+05
  1831.000 5.094E+05
  1831.250 4.665E+05
  1831.500 4.702E+05
  1831.750 4.410E+05
  1832.000 4.739E+05
  1832.250 5.172E+05
  1832.500 5.010E+05
  1832.750 5.608E+05
  1833.000 5.348E+05
  1833.250 4.856E+05
  1833.500 5.287E+05
  1833.750 5.475E+05
  1834.000 6.569E+05
  1834.250 7.898E+05
  1834.500 8.128E+05
  1834.750 6.811E+05
  1835.000 6.988E+05
  1835.250 7.175E+05
  1835.500 5.474E+05
  1835.750 4.690E+05
  1836.000 5.150E+05
  1836.250 6.176E+05
  1836.500 6.364E+05
  1836.750 7.013E+05
  1837.000 6.418E+05
  1837.250 5.228E+05
  1837.500 4.839E+05
  1837.750 3.970E+05
  1838.000 2.728E+05
  1838.250 4.058E+05
  1838.500 6.674E+05
  1838.750 7.749E+05
  1839.000 7.526E+05
  1839.250 6.211E+05
  1839.500 3.988E+05
  1839.750 2.537E+05
  1840.000 1.749E+05
  1840.250 3.139E+05
  1840.500 6.067E+05
  1840.750 7.684E+05
  1841.000 6.265E+05
  1841.250 4.121E+05
  1841.500 2.204E+05
  1841.750 1.822E+05
  1842.000 3.362E+05
  1842.250 5.497E+05
  1842.500 7.538E+05
  1842.750 6.617E+05
  1843.000 3.926E+05
  1843.250 3.702E+05
  1843.500 5.024E+05
  1843.750 5.378E+05
  1844.000 5.740E+05
  1844.250 6.582E+05
  1844.500 6.775E+05
  1844.750 6.207E+05
  1845.000 5.595E+05
  1845.250 4.909E+05
  1845.500 5.196E+05
  1845.750 6.975E+05
  1846.000 6.297E+05
  1846.250 4.698E+05
  1846.500 3.773E+05
  1846.750 3.915E+05
  1847.000 5.459E+05
  1847.250 5.355E+05
  1847.500 4.101E+05
  1847.750 3.910E+05
  1848.000 3.803E+05
  1848.250 4.387E+05
  1848.500 4.931E+05
  1848.750 5.035E+05
  1849.000 7.344E+05
  1849.250 8.199E+05
  1849.500 8.118E+05
  1849.750 8.279E+05
  1850.000 6.513E+05
