   850.000 1.628E+07
   850.250 1.627E+07
   850.500 1.626E+07
   850.750 1.607E+07
   851.000 1.547E+07
   851.250 1.515E+07
   851.500 1.557E+07
   851.750 1.552E+07
   852.000 1.556E+07
   852.250 1.610E+07
   852.500 1.602E+07
   852.750 1.584E+07
   853.000 1.609E+07
   853.250 1.628E+07
   853.500 1.630E+07
   853.750 1.609E+07
   854.000 1.551E+07
   854.250 1.535E+07
   854.500 1.592E+07
   854.750 1.644E+07
   855.000 1.647E+07
   855.250 1.602E+07
   855.500 1.537E+07
   855.750 1.525E+07
   856.000 1.533E+07
   856.250 1.538E+07
   856.500 1.596E+07
   856.750 1.646E+07
   857.000 1.637E+07
   857.250 1.604E+07
   857.500 1.586E+07
   857.750 1.574E+07
   858.000 1.485E+07
   858.250 1.404E+07
   858.500 1.350E+07
   858.750 1.476E+07
   859.000 1.627E+07
   859.250 1.641E+07
   859.500 1.519E+07
   859.750 1.445E+07
   860.000 1.552E+07
   860.250 1.566E+07
   860.500 1.567E+07
   860.750 1.619E+07
   861.000 1.657E+07
   861.250 1.645E+07
   861.500 1.599E+07
   861.750 1.478E+07
   862.000 1.499E+07
   862.250 1.608E+07
   862.500 1.625E+07
   862.750 1.521E+07
   863.000 1.456E+07
   863.250 1.492E+07
   863.500 1.571E+07
   863.750 1.639E+07
   864.000 1.630E+07
   864.250 1.625E+07
   864.500 1.639E+07
   864.750 1.695E+07
   865.000 1.724E+07
   865.250 1.725E+07
   865.500 1.733E+07
   865.750 1.715E+07
   866.000 1.704E+07
   866.250 1.735E+07
   866.500 1.760E+07
   866.750 1.750E+07
   867.000 1.727E+07
   867.250 1.705E+07
   867.500 1.662E+07
   867.750 1.693E+07
   868.000 1.757E+07
   868.250 1.742E+07
   868.500 1.708E+07
   868.750 1.713E+07
   869.000 1.747E+07
   869.250 1.782E+07
   869.500 1.776E+07
   869.750 1.764E+07
   870.000 1.746E+07
   870.250 1.716E+07
   870.500 1.706E+07
   870.750 1.720E+07
   871.000 1.765E+07
   871.250 1.800E+07
   871.500 1.812E+07
   871.750 1.782E+07
   872.000 1.744E+07
   872.250 1.777E+07
   872.500 1.803E+07
   872.750 1.794E+07
   873.000 1.743E+07
   873.250 1.703E+07
   873.500 1.723E+07
   873.750 1.788E+07
   874.000 1.788E+07
   874.250 1.785E+07
   874.500 1.809E+07
   874.750 1.820E+07
   875.000 1.793E+07
   875.250 1.710E+07
   875.500 1.662E+07
   875.750 1.708E+07
   876.000 1.749E+07
   876.250 1.778E+07
   876.500 1.772E+07
   876.750 1.801E+07
   877.000 1.851E+07
   877.250 1.865E+07
   877.500 1.859E+07
   877.750 1.850E+07
   878.000 1.822E+07
   878.250 1.787E+07
   878.500 1.809E+07
   878.750 1.832E+07
   879.000 1.852E+07
   879.250 1.851E+07
   879.500 1.803E+07
   879.750 1.802E+07
   880.000 1.831E+07
   880.250 1.834E+07
   880.500 1.824E+07
   880.750 1.815E+07
   881.000 1.786E+07
   881.250 1.823E+07
   881.500 1.861E+07
   881.750 1.881E+07
   882.000 1.868E+07
   882.250 1.857E+07
   882.500 1.894E+07
   882.750 1.905E+07
   883.000 1.881E+07
   883.250 1.866E+07
   883.500 1.857E+07
   883.750 1.859E+07
   884.000 1.891E+07
   884.250 1.897E+07
   884.500 1.885E+07
   884.750 1.902E+07
   885.000 1.926E+07
   885.250 1.932E+07
   885.500 1.944E+07
   885.750 1.944E+07
   886.000 1.929E+07
   886.250 1.935E+07
   886.500 1.955E+07
   886.750 1.960E+07
   887.000 1.948E+07
   887.250 1.913E+07
   887.500 1.906E+07
   887.750 1.943E+07
   888.000 1.967E+07
   888.250 1.966E+07
   888.500 1.955E+07
   888.750 1.948E+07
   889.000 1.958E+07
   889.250 1.977E+07
   889.500 1.980E+07
   889.750 1.970E+07
   890.000 1.965E+07
   890.250 1.978E+07
   890.500 1.961E+07
   890.750 1.916E+07
   891.000 1.897E+07
   891.250 1.876E+07
   891.500 1.913E+07
   891.750 1.971E+07
   892.000 1.965E+07
   892.250 1.911E+07
   892.500 1.911E+07
   892.750 1.981E+07
   893.000 1.998E+07
   893.250 1.999E+07
   893.500 1.996E+07
   893.750 1.961E+07
   894.000 1.957E+07
   894.250 1.991E+07
   894.500 1.995E+07
   894.750 2.003E+07
   895.000 2.032E+07
   895.250 2.033E+07
   895.500 2.016E+07
   895.750 2.019E+07
   896.000 2.029E+07
   896.250 2.039E+07
   896.500 2.049E+07
   896.750 2.051E+07
   897.000 2.049E+07
   897.250 2.039E+07
   897.500 2.003E+07
   897.750 1.998E+07
   898.000 2.043E+07
   898.250 2.064E+07
   898.500 2.064E+07
   898.750 2.050E+07
   899.000 2.037E+07
   899.250 1.992E+07
   899.500 1.985E+07
   899.750 2.049E+07
   900.000 2.067E+07
   900.250 2.067E+07
   900.500 2.067E+07
   900.750 2.033E+07
   901.000 1.994E+07
   901.250 2.037E+07
   901.500 2.076E+07
   901.750 2.085E+07
   902.000 2.099E+07
   902.250 2.103E+07
   902.500 2.091E+07
   902.750 2.068E+07
   903.000 2.061E+07
   903.250 2.007E+07
   903.500 1.769E+07
   903.750 1.499E+07
   904.000 1.279E+07
   904.250 1.345E+07
   904.500 1.627E+07
   904.750 1.945E+07
   905.000 2.082E+07
   905.250 2.066E+07
   905.500 2.080E+07
   905.750 2.116E+07
   906.000 2.122E+07
   906.250 2.092E+07
   906.500 2.027E+07
   906.750 2.016E+07
   907.000 2.054E+07
   907.250 2.112E+07
   907.500 2.104E+07
   907.750 2.081E+07
   908.000 2.089E+07
   908.250 2.122E+07
   908.500 2.150E+07
   908.750 2.135E+07
   909.000 2.102E+07
   909.250 2.094E+07
   909.500 2.142E+07
   909.750 2.177E+07
   910.000 2.178E+07
   910.250 2.131E+07
   910.500 2.057E+07
   910.750 2.052E+07
   911.000 2.088E+07
   911.250 2.141E+07
   911.500 2.134E+07
   911.750 2.095E+07
   912.000 2.144E+07
   912.250 2.166E+07
   912.500 2.101E+07
   912.750 2.043E+07
   913.000 2.123E+07
   913.250 2.190E+07
   913.500 2.210E+07
   913.750 2.172E+07
   914.000 2.139E+07
   914.250 2.197E+07
   914.500 2.244E+07
   914.750 2.259E+07
   915.000 2.260E+07
   915.250 2.199E+07
   915.500 2.038E+07
   915.750 1.848E+07
   916.000 1.886E+07
   916.250 2.105E+07
   916.500 2.113E+07
   916.750 2.276E+07
   917.000 2.311E+07
   917.250 2.387E+07
   917.500 2.961E+07
   917.750 2.979E+07
   918.000 2.406E+07
   918.250 2.487E+07
   918.500 3.210E+07
   918.750 3.610E+07
   919.000 3.282E+07
   919.250 2.492E+07
   919.500 2.590E+07
   919.750 3.631E+07
   920.000 4.730E+07
   920.250 5.038E+07
   920.500 4.274E+07
   920.750 2.990E+07
   921.000 2.467E+07
   921.250 3.477E+07
   921.500 4.955E+07
   921.750 5.848E+07
   922.000 6.272E+07
   922.250 6.366E+07
   922.500 5.659E+07
   922.750 4.219E+07
   923.000 2.774E+07
   923.250 2.577E+07
   923.500 3.845E+07
   923.750 5.444E+07
   924.000 6.942E+07
   924.250 8.575E+07
   924.500 9.886E+07
   924.750 9.984E+07
   925.000 8.984E+07
   925.250 7.856E+07
   925.500 6.547E+07
   925.750 4.906E+07
   926.000 3.166E+07
   926.250 2.441E+07
   926.500 3.400E+07
   926.750 5.264E+07
   927.000 7.309E+07
   927.250 9.465E+07
   927.500 1.197E+08
   927.750 1.390E+08
   928.000 1.485E+08
   928.250 1.493E+08
   928.500 1.445E+08
   928.750 1.506E+08
   929.000 1.447E+08
   929.250 1.293E+08
   929.500 1.118E+08
   929.750 9.179E+07
   930.000 7.090E+07
   930.250 5.154E+07
   930.500 3.420E+07
   930.750 2.510E+07
   931.000 3.457E+07
   931.250 5.485E+07
   931.500 7.724E+07
   931.750 9.772E+07
   932.000 1.179E+08
   932.250 1.552E+08
   932.500 1.950E+08
   932.750 2.307E+08
   933.000 2.705E+08
   933.250 3.075E+08
   933.500 3.461E+08
   933.750 3.837E+08
   934.000 4.115E+08
   934.250 4.201E+08
   934.500 3.882E+08
   934.750 3.397E+08
   935.000 3.254E+08
   935.250 3.165E+08
   935.500 2.900E+08
   935.750 2.547E+08
   936.000 2.122E+08
   936.250 1.736E+08
   936.500 1.363E+08
   936.750 1.043E+08
   937.000 8.230E+07
   937.250 5.958E+07
   937.500 3.744E+07
   937.750 2.526E+07
   938.000 3.254E+07
   938.250 5.305E+07
   938.500 7.613E+07
   938.750 1.005E+08
   939.000 1.262E+08
   939.250 1.622E+08
   939.500 2.086E+08
   939.750 2.621E+08
   940.000 3.177E+08
   940.250 3.688E+08
   940.500 4.201E+08
   940.750 4.803E+08
   941.000 5.630E+08
   941.250 6.303E+08
   941.500 6.710E+08
   941.750 7.558E+08
   942.000 8.555E+08
   942.250 8.552E+08
   942.500 8.174E+08
   942.750 8.329E+08
   943.000 9.302E+08
   943.250 1.008E+09
   943.500 1.005E+09
   943.750 9.482E+08
   944.000 9.393E+08
   944.250 1.040E+09
   944.500 1.049E+09
   944.750 9.040E+08
   945.000 7.428E+08
   945.250 6.845E+08
   945.500 6.594E+08
   945.750 5.669E+08
   946.000 4.543E+08
   946.250 4.650E+08
   946.500 5.095E+08
   946.750 4.874E+08
   947.000 4.531E+08
   947.250 4.081E+08
   947.500 3.483E+08
   947.750 2.702E+08
   948.000 2.058E+08
   948.250 1.645E+08
   948.500 1.316E+08
   948.750 1.013E+08
   949.000 7.664E+07
   949.250 5.734E+07
   949.500 3.700E+07
   949.750 2.682E+07
   950.000 3.829E+07
   950.250 5.942E+07
   950.500 7.920E+07
   950.750 1.007E+08
   951.000 1.294E+08
   951.250 1.734E+08
   951.500 2.287E+08
   951.750 2.932E+08
   952.000 3.664E+08
   952.250 4.305E+08
   952.500 4.986E+08
   952.750 5.773E+08
   953.000 6.754E+08
   953.250 7.540E+08
   953.500 8.252E+08
   953.750 8.989E+08
   954.000 1.005E+09
   954.250 1.212E+09
   954.500 1.348E+09
   954.750 1.358E+09
   955.000 1.337E+09
   955.250 1.444E+09
   955.500 1.559E+09
   955.750 1.715E+09
   956.000 1.775E+09
   956.250 1.675E+09
   956.500 1.612E+09
   956.750 1.557E+09
   957.000 1.710E+09
   957.250 1.971E+09
   957.500 1.822E+09
   957.750 1.589E+09
   958.000 1.445E+09
   958.250 1.607E+09
   958.500 2.199E+09
   958.750 2.366E+09
   959.000 2.041E+09
   959.250 2.065E+09
   959.500 2.203E+09
   959.750 2.331E+09
   960.000 2.499E+09
   960.250 2.538E+09
   960.500 2.397E+09
   960.750 2.526E+09
   961.000 2.592E+09
   961.250 2.477E+09
   961.500 2.240E+09
   961.750 2.027E+09
   962.000 2.220E+09
   962.250 2.532E+09
   962.500 2.324E+09
   962.750 2.089E+09
   963.000 2.116E+09
   963.250 2.016E+09
   963.500 2.082E+09
   963.750 1.891E+09
   964.000 1.865E+09
   964.250 2.231E+09
   964.500 2.178E+09
   964.750 1.909E+09
   965.000 1.825E+09
   965.250 1.776E+09
   965.500 1.828E+09
   965.750 1.967E+09
   966.000 1.882E+09
   966.250 1.665E+09
   966.500 1.665E+09
   966.750 1.707E+09
   967.000 1.560E+09
   967.250 1.453E+09
   967.500 1.393E+09
   967.750 1.121E+09
   968.000 9.330E+08
   968.250 1.011E+09
   968.500 1.036E+09
   968.750 9.051E+08
   969.000 7.694E+08
   969.250 6.592E+08
   969.500 5.638E+08
   969.750 5.056E+08
   970.000 4.346E+08
   970.250 3.692E+08
   970.500 2.984E+08
   970.750 2.529E+08
   971.000 2.203E+08
   971.250 1.855E+08
   971.500 1.451E+08
   971.750 1.099E+08
   972.000 7.829E+07
   972.250 4.931E+07
   972.500 3.336E+07
   972.750 4.597E+07
   973.000 7.432E+07
   973.250 1.035E+08
   973.500 1.351E+08
   973.750 1.744E+08
   974.000 2.327E+08
   974.250 2.964E+08
   974.500 3.517E+08
   974.750 4.102E+08
   975.000 4.554E+08
   975.250 5.166E+08
   975.500 5.714E+08
   975.750 5.853E+08
   976.000 5.473E+08
   976.250 4.488E+08
   976.500 3.021E+08
   976.750 1.553E+08
   977.000 8.207E+07
   977.250 1.365E+08
   977.500 2.700E+08
   977.750 4.262E+08
   978.000 6.450E+08
   978.250 8.726E+08
   978.500 1.091E+09
   978.750 1.258E+09
   979.000 1.335E+09
   979.250 1.464E+09
   979.500 1.285E+09
   979.750 9.343E+08
   980.000 1.267E+09
   980.250 1.901E+09
   980.500 2.237E+09
   980.750 2.387E+09
   981.000 2.166E+09
   981.250 1.917E+09
   981.500 2.115E+09
   981.750 2.505E+09
   982.000 2.770E+09
   982.250 3.005E+09
   982.500 3.134E+09
   982.750 3.127E+09
   983.000 3.008E+09
   983.250 2.587E+09
   983.500 2.067E+09
   983.750 1.759E+09
   984.000 2.022E+09
   984.250 2.623E+09
   984.500 2.949E+09
   984.750 2.607E+09
   985.000 2.448E+09
   985.250 2.765E+09
   985.500 2.352E+09
   985.750 1.780E+09
   986.000 2.069E+09
   986.250 2.465E+09
   986.500 2.445E+09
   986.750 2.954E+09
   987.000 3.440E+09
   987.250 3.240E+09
   987.500 2.992E+09
   987.750 2.977E+09
   988.000 2.824E+09
   988.250 2.779E+09
   988.500 2.724E+09
   988.750 2.471E+09
   989.000 2.897E+09
   989.250 2.820E+09
   989.500 1.798E+09
   989.750 8.489E+08
   990.000 7.895E+08
   990.250 1.459E+09
   990.500 2.058E+09
   990.750 2.043E+09
   991.000 2.029E+09
   991.250 1.490E+09
   991.500 8.578E+08
   991.750 1.079E+09
   992.000 1.836E+09
   992.250 2.047E+09
   992.500 1.479E+09
   992.750 1.317E+09
   993.000 2.031E+09
   993.250 2.421E+09
   993.500 2.374E+09
   993.750 2.881E+09
   994.000 3.040E+09
   994.250 2.538E+09
   994.500 2.222E+09
   994.750 1.777E+09
   995.000 1.680E+09
   995.250 2.232E+09
   995.500 2.995E+09
   995.750 3.154E+09
   996.000 2.815E+09
   996.250 3.050E+09
   996.500 3.334E+09
   996.750 3.317E+09
   997.000 2.785E+09
   997.250 2.150E+09
   997.500 2.051E+09
   997.750 2.498E+09
   998.000 2.947E+09
   998.250 3.554E+09
   998.500 3.714E+09
   998.750 3.461E+09
   999.000 3.166E+09
   999.250 2.749E+09
   999.500 2.748E+09
   999.750 3.236E+09
  1000.000 3.458E+09
  1000.250 3.341E+09
  1000.500 3.069E+09
  1000.750 2.855E+09
  1001.000 2.764E+09
  1001.250 3.179E+09
  1001.500 3.300E+09
  1001.750 3.178E+09
  1002.000 2.710E+09
  1002.250 2.118E+09
  1002.500 2.323E+09
  1002.750 2.577E+09
  1003.000 2.581E+09
  1003.250 2.851E+09
  1003.500 3.060E+09
  1003.750 3.304E+09
  1004.000 3.668E+09
  1004.250 3.725E+09
  1004.500 3.424E+09
  1004.750 3.235E+09
  1005.000 2.702E+09
  1005.250 1.943E+09
  1005.500 2.283E+09
  1005.750 2.541E+09
  1006.000 2.061E+09
  1006.250 2.162E+09
  1006.500 2.568E+09
  1006.750 2.716E+09
  1007.000 2.693E+09
  1007.250 3.005E+09
  1007.500 3.490E+09
  1007.750 3.528E+09
  1008.000 3.211E+09
  1008.250 3.092E+09
  1008.500 2.901E+09
  1008.750 2.442E+09
  1009.000 2.600E+09
  1009.250 2.892E+09
  1009.500 2.637E+09
  1009.750 1.626E+09
  1010.000 6.762E+08
  1010.250 6.438E+08
  1010.500 1.492E+09
  1010.750 2.625E+09
  1011.000 3.199E+09
  1011.250 3.397E+09
  1011.500 3.361E+09
  1011.750 3.185E+09
  1012.000 3.004E+09
  1012.250 2.528E+09
  1012.500 2.045E+09
  1012.750 2.345E+09
  1013.000 2.911E+09
  1013.250 3.237E+09
  1013.500 3.303E+09
  1013.750 3.168E+09
  1014.000 2.842E+09
  1014.250 2.550E+09
  1014.500 2.488E+09
  1014.750 2.441E+09
  1015.000 2.036E+09
  1015.250 1.792E+09
  1015.500 1.633E+09
  1015.750 1.863E+09
  1016.000 2.286E+09
  1016.250 2.314E+09
  1016.500 2.448E+09
  1016.750 2.544E+09
  1017.000 2.106E+09
  1017.250 1.672E+09
  1017.500 1.639E+09
  1017.750 1.762E+09
  1018.000 1.979E+09
  1018.250 1.739E+09
  1018.500 1.739E+09
  1018.750 2.002E+09
  1019.000 2.020E+09
  1019.250 1.803E+09
  1019.500 1.464E+09
  1019.750 1.112E+09
  1020.000 1.036E+09
  1020.250 1.207E+09
  1020.500 1.180E+09
  1020.750 9.989E+08
  1021.000 8.467E+08
  1021.250 7.119E+08
  1021.500 6.708E+08
  1021.750 7.170E+08
  1022.000 7.830E+08
  1022.250 7.585E+08
  1022.500 6.652E+08
  1022.750 5.588E+08
  1023.000 4.814E+08
  1023.250 4.241E+08
  1023.500 3.425E+08
  1023.750 2.678E+08
  1024.000 2.254E+08
  1024.250 1.954E+08
  1024.500 1.668E+08
  1024.750 1.355E+08
  1025.000 1.071E+08
  1025.250 7.933E+07
  1025.500 4.986E+07
  1025.750 3.663E+07
  1026.000 5.593E+07
  1026.250 8.472E+07
  1026.500 1.084E+08
  1026.750 1.295E+08
  1027.000 1.591E+08
  1027.250 1.909E+08
  1027.500 2.307E+08
  1027.750 2.998E+08
  1028.000 3.469E+08
  1028.250 3.715E+08
  1028.500 4.341E+08
  1028.750 5.387E+08
  1029.000 6.679E+08
  1029.250 7.476E+08
  1029.500 7.582E+08
  1029.750 8.006E+08
  1030.000 8.935E+08
  1030.250 9.649E+08
  1030.500 9.310E+08
  1030.750 8.526E+08
  1031.000 8.122E+08
  1031.250 9.879E+08
  1031.500 1.256E+09
  1031.750 1.449E+09
  1032.000 1.413E+09
  1032.250 1.390E+09
  1032.500 1.669E+09
  1032.750 1.751E+09
  1033.000 1.390E+09
  1033.250 1.123E+09
  1033.500 1.184E+09
  1033.750 1.133E+09
  1034.000 1.216E+09
  1034.250 1.427E+09
  1034.500 1.613E+09
  1034.750 1.800E+09
  1035.000 1.872E+09
  1035.250 1.653E+09
  1035.500 1.354E+09
  1035.750 1.154E+09
  1036.000 9.269E+08
  1036.250 6.184E+08
  1036.500 5.945E+08
  1036.750 5.965E+08
  1037.000 4.870E+08
  1037.250 9.412E+08
  1037.500 1.641E+09
  1037.750 2.037E+09
  1038.000 2.197E+09
  1038.250 2.224E+09
  1038.500 2.408E+09
  1038.750 2.526E+09
  1039.000 2.732E+09
  1039.250 2.951E+09
  1039.500 2.977E+09
  1039.750 2.869E+09
  1040.000 2.629E+09
  1040.250 2.526E+09
  1040.500 2.530E+09
  1040.750 2.580E+09
  1041.000 2.631E+09
  1041.250 2.753E+09
  1041.500 3.064E+09
  1041.750 3.237E+09
  1042.000 3.284E+09
  1042.250 3.351E+09
  1042.500 3.292E+09
  1042.750 3.200E+09
  1043.000 3.209E+09
  1043.250 3.172E+09
  1043.500 3.280E+09
  1043.750 3.436E+09
  1044.000 3.397E+09
  1044.250 3.204E+09
  1044.500 3.049E+09
  1044.750 2.936E+09
  1045.000 2.876E+09
  1045.250 2.991E+09
  1045.500 3.072E+09
  1045.750 2.781E+09
  1046.000 2.812E+09
  1046.250 3.160E+09
  1046.500 3.364E+09
  1046.750 3.314E+09
  1047.000 3.241E+09
  1047.250 3.145E+09
  1047.500 2.977E+09
  1047.750 2.929E+09
  1048.000 3.054E+09
  1048.250 3.284E+09
  1048.500 3.302E+09
  1048.750 3.266E+09
  1049.000 3.085E+09
  1049.250 3.089E+09
  1049.500 3.154E+09
  1049.750 3.014E+09
  1050.000 2.994E+09
  1050.250 3.159E+09
  1050.500 3.130E+09
  1050.750 2.927E+09
  1051.000 2.889E+09
  1051.250 3.026E+09
  1051.500 3.203E+09
  1051.750 3.312E+09
  1052.000 3.294E+09
  1052.250 3.118E+09
  1052.500 2.777E+09
  1052.750 2.728E+09
  1053.000 2.874E+09
  1053.250 2.791E+09
  1053.500 2.923E+09
  1053.750 3.221E+09
  1054.000 3.102E+09
  1054.250 2.840E+09
  1054.500 2.780E+09
  1054.750 2.743E+09
  1055.000 2.707E+09
  1055.250 2.538E+09
  1055.500 2.329E+09
  1055.750 2.113E+09
  1056.000 2.117E+09
  1056.250 2.399E+09
  1056.500 2.832E+09
  1056.750 2.829E+09
  1057.000 2.901E+09
  1057.250 2.935E+09
  1057.500 2.896E+09
  1057.750 2.941E+09
  1058.000 3.041E+09
  1058.250 3.121E+09
  1058.500 3.076E+09
  1058.750 3.163E+09
  1059.000 3.110E+09
  1059.250 2.991E+09
  1059.500 3.052E+09
  1059.750 3.199E+09
  1060.000 3.007E+09
  1060.250 2.697E+09
  1060.500 2.756E+09
  1060.750 2.743E+09
  1061.000 2.485E+09
  1061.250 2.472E+09
  1061.500 2.710E+09
  1061.750 2.602E+09
  1062.000 2.701E+09
  1062.250 2.583E+09
  1062.500 2.162E+09
  1062.750 2.007E+09
  1063.000 2.298E+09
  1063.250 2.352E+09
  1063.500 2.601E+09
  1063.750 2.661E+09
  1064.000 2.689E+09
  1064.250 2.671E+09
  1064.500 2.521E+09
  1064.750 2.535E+09
  1065.000 2.471E+09
  1065.250 2.536E+09
  1065.500 2.276E+09
  1065.750 1.338E+09
  1066.000 6.643E+08
  1066.250 8.805E+08
  1066.500 1.249E+09
  1066.750 1.603E+09
  1067.000 1.995E+09
  1067.250 2.198E+09
  1067.500 2.536E+09
  1067.750 2.600E+09
  1068.000 2.165E+09
  1068.250 1.913E+09
  1068.500 2.459E+09
  1068.750 2.899E+09
  1069.000 2.875E+09
  1069.250 3.015E+09
  1069.500 3.003E+09
  1069.750 2.975E+09
  1070.000 2.831E+09
  1070.250 2.407E+09
  1070.500 2.391E+09
  1070.750 2.782E+09
  1071.000 2.929E+09
  1071.250 3.085E+09
  1071.500 2.915E+09
  1071.750 2.623E+09
  1072.000 2.734E+09
  1072.250 2.763E+09
  1072.500 2.597E+09
  1072.750 2.101E+09
  1073.000 1.616E+09
  1073.250 1.747E+09
  1073.500 1.924E+09
  1073.750 2.168E+09
  1074.000 2.470E+09
  1074.250 2.780E+09
  1074.500 2.951E+09
  1074.750 2.773E+09
  1075.000 2.533E+09
  1075.250 2.820E+09
  1075.500 3.020E+09
  1075.750 3.035E+09
  1076.000 3.047E+09
  1076.250 2.969E+09
  1076.500 2.821E+09
  1076.750 2.674E+09
  1077.000 2.409E+09
  1077.250 2.320E+09
  1077.500 2.693E+09
  1077.750 3.011E+09
  1078.000 3.143E+09
  1078.250 3.178E+09
  1078.500 3.131E+09
  1078.750 3.117E+09
  1079.000 3.068E+09
  1079.250 2.933E+09
  1079.500 2.897E+09
  1079.750 3.100E+09
  1080.000 3.144E+09
  1080.250 3.044E+09
  1080.500 3.108E+09
  1080.750 3.166E+09
  1081.000 3.145E+09
  1081.250 3.222E+09
  1081.500 3.250E+09
  1081.750 3.121E+09
  1082.000 2.925E+09
  1082.250 2.801E+09
  1082.500 2.789E+09
  1082.750 2.628E+09
  1083.000 2.304E+09
  1083.250 2.178E+09
  1083.500 2.552E+09
  1083.750 2.362E+09
  1084.000 1.786E+09
  1084.250 1.754E+09
  1084.500 1.391E+09
  1084.750 1.218E+09
  1085.000 1.586E+09
  1085.250 1.627E+09
  1085.500 9.973E+08
  1085.750 1.110E+09
  1086.000 2.078E+09
  1086.250 2.468E+09
  1086.500 2.275E+09
  1086.750 2.415E+09
  1087.000 2.849E+09
  1087.250 2.946E+09
  1087.500 3.001E+09
  1087.750 2.762E+09
  1088.000 2.079E+09
  1088.250 2.078E+09
  1088.500 2.574E+09
  1088.750 2.662E+09
  1089.000 2.600E+09
  1089.250 2.560E+09
  1089.500 2.372E+09
  1089.750 2.224E+09
  1090.000 2.419E+09
  1090.250 2.737E+09
  1090.500 3.014E+09
  1090.750 3.114E+09
  1091.000 2.994E+09
  1091.250 2.800E+09
  1091.500 2.711E+09
  1091.750 2.582E+09
  1092.000 2.394E+09
  1092.250 2.271E+09
  1092.500 2.063E+09
  1092.750 2.095E+09
  1093.000 2.404E+09
  1093.250 2.590E+09
  1093.500 2.780E+09
  1093.750 3.012E+09
  1094.000 3.072E+09
  1094.250 2.850E+09
  1094.500 2.606E+09
  1094.750 2.643E+09
  1095.000 2.803E+09
  1095.250 2.649E+09
  1095.500 2.520E+09
  1095.750 2.686E+09
  1096.000 2.682E+09
  1096.250 2.716E+09
  1096.500 2.464E+09
  1096.750 2.217E+09
  1097.000 2.542E+09
  1097.250 2.868E+09
  1097.500 2.794E+09
  1097.750 2.732E+09
  1098.000 2.693E+09
  1098.250 2.552E+09
  1098.500 2.762E+09
  1098.750 2.812E+09
  1099.000 2.657E+09
  1099.250 2.770E+09
  1099.500 2.831E+09
  1099.750 2.688E+09
  1100.000 2.719E+09
  1100.250 2.876E+09
  1100.500 2.783E+09
  1100.750 2.869E+09
  1101.000 2.951E+09
  1101.250 2.751E+09
  1101.500 2.698E+09
  1101.750 2.676E+09
  1102.000 2.372E+09
  1102.250 2.260E+09
  1102.500 2.579E+09
  1102.750 2.730E+09
  1103.000 2.708E+09
  1103.250 2.856E+09
  1103.500 2.943E+09
  1103.750 2.924E+09
  1104.000 2.774E+09
  1104.250 2.625E+09
  1104.500 2.715E+09
  1104.750 2.865E+09
  1105.000 2.955E+09
  1105.250 2.929E+09
  1105.500 2.811E+09
  1105.750 2.624E+09
  1106.000 2.415E+09
  1106.250 2.448E+09
  1106.500 2.663E+09
  1106.750 2.719E+09
  1107.000 2.744E+09
  1107.250 2.791E+09
  1107.500 2.622E+09
  1107.750 2.363E+09
  1108.000 1.846E+09
  1108.250 1.105E+09
  1108.500 1.343E+09
  1108.750 2.041E+09
  1109.000 2.259E+09
  1109.250 2.324E+09
  1109.500 2.034E+09
  1109.750 1.231E+09
  1110.000 8.381E+08
  1110.250 1.445E+09
  1110.500 2.167E+09
  1110.750 2.457E+09
  1111.000 2.379E+09
  1111.250 2.394E+09
  1111.500 2.568E+09
  1111.750 2.616E+09
  1112.000 2.469E+09
  1112.250 2.310E+09
  1112.500 2.226E+09
  1112.750 1.809E+09
  1113.000 1.007E+09
  1113.250 6.189E+08
  1113.500 1.165E+09
  1113.750 1.968E+09
  1114.000 2.411E+09
  1114.250 2.546E+09
  1114.500 2.533E+09
  1114.750 2.644E+09
  1115.000 2.622E+09
  1115.250 2.566E+09
  1115.500 2.605E+09
  1115.750 2.642E+09
  1116.000 2.743E+09
  1116.250 2.734E+09
  1116.500 2.704E+09
  1116.750 2.682E+09
  1117.000 2.661E+09
  1117.250 2.514E+09
  1117.500 2.513E+09
  1117.750 2.375E+09
  1118.000 2.190E+09
  1118.250 2.377E+09
  1118.500 2.463E+09
  1118.750 2.611E+09
  1119.000 2.692E+09
  1119.250 2.510E+09
  1119.500 2.521E+09
  1119.750 2.721E+09
  1120.000 2.675E+09
  1120.250 2.463E+09
  1120.500 2.501E+09
  1120.750 2.602E+09
  1121.000 2.390E+09
  1121.250 2.044E+09
  1121.500 2.157E+09
  1121.750 2.244E+09
  1122.000 1.850E+09
  1122.250 1.232E+09
  1122.500 8.885E+08
  1122.750 1.318E+09
  1123.000 1.963E+09
  1123.250 2.332E+09
  1123.500 2.282E+09
  1123.750 2.105E+09
  1124.000 2.215E+09
  1124.250 2.265E+09
  1124.500 2.224E+09
  1124.750 1.886E+09
  1125.000 1.592E+09
  1125.250 1.957E+09
  1125.500 1.931E+09
  1125.750 1.902E+09
  1126.000 2.310E+09
  1126.250 2.461E+09
  1126.500 2.195E+09
  1126.750 1.891E+09
  1127.000 2.014E+09
  1127.250 2.149E+09
  1127.500 2.052E+09
  1127.750 1.667E+09
  1128.000 1.141E+09
  1128.250 8.162E+08
  1128.500 8.448E+08
  1128.750 1.120E+09
  1129.000 1.516E+09
  1129.250 1.850E+09
  1129.500 2.226E+09
  1129.750 2.369E+09
  1130.000 2.423E+09
  1130.250 2.308E+09
  1130.500 2.227E+09
  1130.750 2.332E+09
  1131.000 2.098E+09
  1131.250 2.096E+09
  1131.500 2.319E+09
  1131.750 2.249E+09
  1132.000 2.402E+09
  1132.250 2.698E+09
  1132.500 2.719E+09
  1132.750 2.636E+09
  1133.000 2.712E+09
  1133.250 2.713E+09
  1133.500 2.554E+09
  1133.750 2.452E+09
  1134.000 2.466E+09
  1134.250 2.385E+09
  1134.500 2.412E+09
  1134.750 2.550E+09
  1135.000 2.563E+09
  1135.250 2.703E+09
  1135.500 2.783E+09
  1135.750 2.777E+09
  1136.000 2.739E+09
  1136.250 2.592E+09
  1136.500 2.428E+09
  1136.750 2.458E+09
  1137.000 2.579E+09
  1137.250 2.634E+09
  1137.500 2.685E+09
  1137.750 2.687E+09
  1138.000 2.642E+09
  1138.250 2.484E+09
  1138.500 2.124E+09
  1138.750 1.741E+09
  1139.000 1.499E+09
  1139.250 1.315E+09
  1139.500 1.498E+09
  1139.750 2.059E+09
  1140.000 2.333E+09
  1140.250 2.055E+09
  1140.500 1.590E+09
  1140.750 1.968E+09
  1141.000 2.285E+09
  1141.250 1.901E+09
  1141.500 1.461E+09
  1141.750 1.669E+09
  1142.000 1.980E+09
  1142.250 1.715E+09
  1142.500 1.883E+09
  1142.750 2.256E+09
  1143.000 2.205E+09
  1143.250 2.086E+09
  1143.500 1.818E+09
  1143.750 1.744E+09
  1144.000 1.627E+09
  1144.250 1.260E+09
  1144.500 1.437E+09
  1144.750 1.538E+09
  1145.000 1.137E+09
  1145.250 1.302E+09
  1145.500 1.906E+09
  1145.750 2.257E+09
  1146.000 2.432E+09
  1146.250 2.370E+09
  1146.500 2.421E+09
  1146.750 2.524E+09
  1147.000 2.566E+09
  1147.250 2.495E+09
  1147.500 2.404E+09
  1147.750 2.416E+09
  1148.000 2.321E+09
  1148.250 2.360E+09
  1148.500 2.515E+09
  1148.750 2.579E+09
  1149.000 2.623E+09
  1149.250 2.605E+09
  1149.500 2.411E+09
  1149.750 2.332E+09
  1150.000 2.394E+09
  1150.250 2.428E+09
  1150.500 2.310E+09
  1150.750 2.074E+09
  1151.000 1.972E+09
  1151.250 2.235E+09
  1151.500 2.573E+09
  1151.750 2.620E+09
  1152.000 2.378E+09
  1152.250 2.296E+09
  1152.500 2.477E+09
  1152.750 2.440E+09
  1153.000 2.366E+09
  1153.250 2.335E+09
  1153.500 2.177E+09
  1153.750 1.836E+09
  1154.000 1.817E+09
  1154.250 2.083E+09
  1154.500 2.195E+09
  1154.750 2.122E+09
  1155.000 2.011E+09
  1155.250 2.191E+09
  1155.500 2.309E+09
  1155.750 2.099E+09
  1156.000 1.822E+09
  1156.250 2.142E+09
  1156.500 2.271E+09
  1156.750 2.072E+09
  1157.000 2.231E+09
  1157.250 2.478E+09
  1157.500 2.468E+09
  1157.750 2.223E+09
  1158.000 1.849E+09
  1158.250 1.913E+09
  1158.500 2.361E+09
  1158.750 2.453E+09
  1159.000 2.295E+09
  1159.250 2.241E+09
  1159.500 2.249E+09
  1159.750 2.333E+09
  1160.000 2.227E+09
  1160.250 2.000E+09
  1160.500 2.225E+09
  1160.750 2.453E+09
  1161.000 2.459E+09
  1161.250 2.109E+09
  1161.500 1.596E+09
  1161.750 1.754E+09
  1162.000 2.173E+09
  1162.250 2.345E+09
  1162.500 2.274E+09
  1162.750 2.323E+09
  1163.000 2.519E+09
  1163.250 2.560E+09
  1163.500 2.487E+09
  1163.750 2.317E+09
  1164.000 2.327E+09
  1164.250 2.388E+09
  1164.500 2.330E+09
  1164.750 2.361E+09
  1165.000 2.473E+09
  1165.250 2.446E+09
  1165.500 2.174E+09
  1165.750 1.865E+09
  1166.000 1.911E+09
  1166.250 2.065E+09
  1166.500 2.203E+09
  1166.750 2.259E+09
  1167.000 2.287E+09
  1167.250 2.269E+09
  1167.500 2.136E+09
  1167.750 2.156E+09
  1168.000 2.114E+09
  1168.250 2.139E+09
  1168.500 2.204E+09
  1168.750 2.275E+09
  1169.000 2.319E+09
  1169.250 2.252E+09
  1169.500 2.289E+09
  1169.750 2.346E+09
  1170.000 2.242E+09
  1170.250 2.158E+09
  1170.500 2.181E+09
  1170.750 2.175E+09
  1171.000 2.205E+09
  1171.250 2.212E+09
  1171.500 2.170E+09
  1171.750 2.167E+09
  1172.000 2.183E+09
  1172.250 2.070E+09
  1172.500 1.881E+09
  1172.750 1.829E+09
  1173.000 1.849E+09
  1173.250 1.816E+09
  1173.500 1.731E+09
  1173.750 1.636E+09
  1174.000 1.471E+09
  1174.250 1.216E+09
  1174.500 9.210E+08
  1174.750 5.818E+08
  1175.000 3.326E+08
  1175.250 2.632E+08
  1175.500 2.127E+08
  1175.750 1.816E+08
  1176.000 2.484E+08
  1176.250 3.395E+08
  1176.500 5.401E+08
  1176.750 8.938E+08
  1177.000 1.191E+09
  1177.250 1.402E+09
  1177.500 1.524E+09
  1177.750 1.556E+09
  1178.000 1.590E+09
  1178.250 1.788E+09
  1178.500 1.929E+09
  1178.750 2.021E+09
  1179.000 2.027E+09
  1179.250 1.981E+09
  1179.500 2.024E+09
  1179.750 2.018E+09
  1180.000 2.048E+09
  1180.250 2.157E+09
  1180.500 2.128E+09
  1180.750 2.082E+09
  1181.000 2.178E+09
  1181.250 2.258E+09
  1181.500 2.229E+09
  1181.750 2.148E+09
  1182.000 2.128E+09
  1182.250 2.202E+09
  1182.500 2.194E+09
  1182.750 2.008E+09
  1183.000 1.796E+09
  1183.250 1.945E+09
  1183.500 2.132E+09
  1183.750 2.102E+09
  1184.000 2.123E+09
  1184.250 2.051E+09
  1184.500 1.807E+09
  1184.750 2.000E+09
  1185.000 2.261E+09
  1185.250 2.275E+09
  1185.500 2.275E+09
  1185.750 2.291E+09
  1186.000 2.277E+09
  1186.250 2.304E+09
  1186.500 2.352E+09
  1186.750 2.342E+09
  1187.000 2.295E+09
  1187.250 2.113E+09
  1187.500 1.911E+09
  1187.750 2.087E+09
  1188.000 2.343E+09
  1188.250 2.370E+09
  1188.500 2.301E+09
  1188.750 2.311E+09
  1189.000 2.294E+09
  1189.250 2.213E+09
  1189.500 2.224E+09
  1189.750 2.223E+09
  1190.000 1.901E+09
  1190.250 1.429E+09
  1190.500 1.595E+09
  1190.750 2.070E+09
  1191.000 2.261E+09
  1191.250 2.303E+09
  1191.500 2.217E+09
  1191.750 2.055E+09
  1192.000 1.893E+09
  1192.250 1.753E+09
  1192.500 1.796E+09
  1192.750 1.779E+09
  1193.000 1.567E+09
  1193.250 1.273E+09
  1193.500 1.522E+09
  1193.750 1.802E+09
  1194.000 1.566E+09
  1194.250 1.253E+09
  1194.500 1.089E+09
  1194.750 1.568E+09
  1195.000 2.046E+09
  1195.250 2.158E+09
  1195.500 2.185E+09
  1195.750 2.215E+09
  1196.000 2.147E+09
  1196.250 1.927E+09
  1196.500 1.844E+09
  1196.750 2.067E+09
  1197.000 2.059E+09
  1197.250 1.704E+09
  1197.500 1.662E+09
  1197.750 2.019E+09
  1198.000 2.093E+09
  1198.250 1.929E+09
  1198.500 1.907E+09
  1198.750 1.983E+09
  1199.000 1.960E+09
  1199.250 1.893E+09
  1199.500 1.765E+09
  1199.750 1.868E+09
  1200.000 1.938E+09
  1200.250 1.823E+09
  1200.500 1.742E+09
  1200.750 1.486E+09
  1201.000 1.382E+09
  1201.250 1.531E+09
  1201.500 1.528E+09
  1201.750 1.530E+09
  1202.000 1.619E+09
  1202.250 1.715E+09
  1202.500 1.843E+09
  1202.750 1.893E+09
  1203.000 1.882E+09
  1203.250 1.837E+09
  1203.500 1.755E+09
  1203.750 1.691E+09
  1204.000 1.648E+09
  1204.250 1.560E+09
  1204.500 1.437E+09
  1204.750 1.287E+09
  1205.000 1.123E+09
  1205.250 9.728E+08
  1205.500 7.536E+08
  1205.750 4.940E+08
  1206.000 2.757E+08
  1206.250 1.325E+08
  1206.500 7.842E+07
  1206.750 1.288E+08
  1207.000 2.550E+08
  1207.250 3.960E+08
  1207.500 5.405E+08
  1207.750 7.744E+08
  1208.000 9.712E+08
  1208.250 1.076E+09
  1208.500 1.129E+09
  1208.750 1.153E+09
  1209.000 1.100E+09
  1209.250 1.084E+09
  1209.500 1.143E+09
  1209.750 1.139E+09
  1210.000 1.089E+09
  1210.250 1.041E+09
  1210.500 9.806E+08
  1210.750 9.278E+08
  1211.000 8.542E+08
  1211.250 7.995E+08
  1211.500 7.848E+08
  1211.750 7.310E+08
  1212.000 6.627E+08
  1212.250 6.184E+08
  1212.500 5.725E+08
  1212.750 5.161E+08
  1213.000 4.595E+08
  1213.250 4.108E+08
  1213.500 3.650E+08
  1213.750 3.205E+08
  1214.000 2.789E+08
  1214.250 2.353E+08
  1214.500 1.909E+08
  1214.750 1.585E+08
  1215.000 1.321E+08
  1215.250 9.941E+07
  1215.500 6.243E+07
  1215.750 5.377E+07
  1216.000 8.592E+07
  1216.250 1.231E+08
  1216.500 1.560E+08
  1216.750 1.900E+08
  1217.000 2.266E+08
  1217.250 2.646E+08
  1217.500 3.011E+08
  1217.750 3.470E+08
  1218.000 4.047E+08
  1218.250 4.585E+08
  1218.500 5.106E+08
  1218.750 5.667E+08
  1219.000 6.255E+08
  1219.250 6.837E+08
  1219.500 7.323E+08
  1219.750 7.715E+08
  1220.000 8.421E+08
  1220.250 9.199E+08
  1220.500 9.683E+08
  1220.750 9.642E+08
  1221.000 9.459E+08
  1221.250 1.067E+09
  1221.500 1.186E+09
  1221.750 1.192E+09
  1222.000 1.190E+09
  1222.250 1.218E+09
  1222.500 1.217E+09
  1222.750 1.289E+09
  1223.000 1.432E+09
  1223.250 1.503E+09
  1223.500 1.493E+09
  1223.750 1.364E+09
  1224.000 1.286E+09
  1224.250 1.390E+09
  1224.500 1.554E+09
  1224.750 1.541E+09
  1225.000 1.460E+09
  1225.250 1.517E+09
  1225.500 1.533E+09
  1225.750 1.560E+09
  1226.000 1.607E+09
  1226.250 1.677E+09
  1226.500 1.529E+09
  1226.750 1.116E+09
  1227.000 1.175E+09
  1227.250 1.494E+09
  1227.500 1.486E+09
  1227.750 1.589E+09
  1228.000 1.746E+09
  1228.250 1.601E+09
  1228.500 1.192E+09
  1228.750 1.119E+09
  1229.000 1.412E+09
  1229.250 1.419E+09
  1229.500 1.430E+09
  1229.750 1.530E+09
  1230.000 1.319E+09
  1230.250 1.281E+09
  1230.500 1.476E+09
  1230.750 1.627E+09
  1231.000 1.692E+09
  1231.250 1.584E+09
  1231.500 1.636E+09
  1231.750 1.802E+09
  1232.000 1.886E+09
  1232.250 1.981E+09
  1232.500 2.005E+09
  1232.750 1.936E+09
  1233.000 1.855E+09
  1233.250 1.856E+09
  1233.500 1.822E+09
  1233.750 1.847E+09
  1234.000 1.793E+09
  1234.250 1.854E+09
  1234.500 2.021E+09
  1234.750 2.075E+09
  1235.000 2.052E+09
  1235.250 1.938E+09
  1235.500 1.880E+09
  1235.750 1.976E+09
  1236.000 1.954E+09
  1236.250 1.905E+09
  1236.500 2.007E+09
  1236.750 2.077E+09
  1237.000 2.073E+09
  1237.250 2.078E+09
  1237.500 2.100E+09
  1237.750 2.108E+09
  1238.000 2.096E+09
  1238.250 2.028E+09
  1238.500 1.941E+09
  1238.750 1.989E+09
  1239.000 1.998E+09
  1239.250 1.962E+09
  1239.500 2.029E+09
  1239.750 2.065E+09
  1240.000 2.076E+09
  1240.250 2.098E+09
  1240.500 2.101E+09
  1240.750 2.107E+09
  1241.000 2.113E+09
  1241.250 2.110E+09
  1241.500 2.094E+09
  1241.750 2.072E+09
  1242.000 2.072E+09
  1242.250 2.089E+09
  1242.500 2.102E+09
  1242.750 2.072E+09
  1243.000 1.917E+09
  1243.250 1.781E+09
  1243.500 1.932E+09
  1243.750 2.073E+09
  1244.000 2.095E+09
  1244.250 2.083E+09
  1244.500 2.077E+09
  1244.750 2.061E+09
  1245.000 1.985E+09
  1245.250 1.924E+09
  1245.500 1.948E+09
  1245.750 1.935E+09
  1246.000 1.923E+09
  1246.250 1.905E+09
  1246.500 1.776E+09
  1246.750 1.536E+09
  1247.000 1.302E+09
  1247.250 9.388E+08
  1247.500 8.980E+08
  1247.750 1.250E+09
  1248.000 1.573E+09
  1248.250 1.658E+09
  1248.500 1.677E+09
  1248.750 1.881E+09
  1249.000 2.010E+09
  1249.250 2.040E+09
  1249.500 2.011E+09
  1249.750 1.931E+09
  1250.000 1.943E+09
  1250.250 1.904E+09
  1250.500 1.793E+09
  1250.750 1.879E+09
  1251.000 1.799E+09
  1251.250 1.705E+09
  1251.500 1.881E+09
  1251.750 2.011E+09
  1252.000 1.997E+09
  1252.250 1.960E+09
  1252.500 1.887E+09
  1252.750 1.915E+09
  1253.000 2.032E+09
  1253.250 2.052E+09
  1253.500 1.939E+09
  1253.750 1.758E+09
  1254.000 1.845E+09
  1254.250 2.010E+09
  1254.500 2.058E+09
  1254.750 2.035E+09
  1255.000 1.966E+09
  1255.250 1.948E+09
  1255.500 2.001E+09
  1255.750 2.033E+09
  1256.000 2.036E+09
  1256.250 1.935E+09
  1256.500 1.789E+09
  1256.750 1.865E+09
  1257.000 2.001E+09
  1257.250 2.025E+09
  1257.500 2.012E+09
  1257.750 2.014E+09
  1258.000 2.029E+09
  1258.250 1.953E+09
  1258.500 1.790E+09
  1258.750 1.794E+09
  1259.000 1.783E+09
  1259.250 1.745E+09
  1259.500 1.641E+09
  1259.750 1.655E+09
  1260.000 1.533E+09
  1260.250 1.025E+09
  1260.500 8.395E+08
  1260.750 1.263E+09
  1261.000 1.621E+09
  1261.250 1.773E+09
  1261.500 1.765E+09
  1261.750 1.765E+09
  1262.000 1.783E+09
  1262.250 1.803E+09
  1262.500 1.884E+09
  1262.750 1.956E+09
  1263.000 1.949E+09
  1263.250 1.922E+09
  1263.500 1.838E+09
  1263.750 1.790E+09
  1264.000 1.698E+09
  1264.250 1.384E+09
  1264.500 8.933E+08
  1264.750 4.834E+08
  1265.000 6.653E+08
  1265.250 1.217E+09
  1265.500 1.595E+09
  1265.750 1.727E+09
  1266.000 1.742E+09
  1266.250 1.768E+09
  1266.500 1.825E+09
  1266.750 1.899E+09
  1267.000 1.972E+09
  1267.250 1.957E+09
  1267.500 1.935E+09
  1267.750 1.936E+09
  1268.000 1.886E+09
  1268.250 1.909E+09
  1268.500 1.967E+09
  1268.750 1.932E+09
  1269.000 1.774E+09
  1269.250 1.791E+09
  1269.500 1.948E+09
  1269.750 1.994E+09
  1270.000 1.997E+09
  1270.250 1.990E+09
  1270.500 1.937E+09
  1270.750 1.897E+09
  1271.000 1.939E+09
  1271.250 1.958E+09
  1271.500 1.941E+09
  1271.750 1.857E+09
  1272.000 1.834E+09
  1272.250 1.910E+09
  1272.500 1.938E+09
  1272.750 1.946E+09
  1273.000 1.946E+09
  1273.250 1.902E+09
  1273.500 1.833E+09
  1273.750 1.742E+09
  1274.000 1.808E+09
  1274.250 1.919E+09
  1274.500 1.967E+09
  1274.750 1.964E+09
  1275.000 1.939E+09
  1275.250 1.938E+09
  1275.500 1.944E+09
  1275.750 1.914E+09
  1276.000 1.910E+09
  1276.250 1.939E+09
  1276.500 1.945E+09
  1276.750 1.919E+09
  1277.000 1.832E+09
  1277.250 1.615E+09
  1277.500 1.501E+09
  1277.750 1.672E+09
  1278.000 1.892E+09
  1278.250 1.948E+09
  1278.500 1.904E+09
  1278.750 1.770E+09
  1279.000 1.727E+09
  1279.250 1.842E+09
  1279.500 1.903E+09
  1279.750 1.846E+09
  1280.000 1.724E+09
  1280.250 1.580E+09
  1280.500 1.607E+09
  1280.750 1.777E+09
  1281.000 1.888E+09
  1281.250 1.939E+09
  1281.500 1.929E+09
  1281.750 1.889E+09
  1282.000 1.857E+09
  1282.250 1.860E+09
  1282.500 1.849E+09
  1282.750 1.883E+09
  1283.000 1.896E+09
  1283.250 1.871E+09
  1283.500 1.795E+09
  1283.750 1.778E+09
  1284.000 1.699E+09
  1284.250 1.678E+09
  1284.500 1.850E+09
  1284.750 1.931E+09
  1285.000 1.937E+09
  1285.250 1.936E+09
  1285.500 1.937E+09
  1285.750 1.927E+09
  1286.000 1.862E+09
  1286.250 1.703E+09
  1286.500 1.608E+09
  1286.750 1.677E+09
  1287.000 1.765E+09
  1287.250 1.807E+09
  1287.500 1.776E+09
  1287.750 1.781E+09
  1288.000 1.850E+09
  1288.250 1.864E+09
  1288.500 1.832E+09
  1288.750 1.825E+09
  1289.000 1.853E+09
  1289.250 1.825E+09
  1289.500 1.817E+09
  1289.750 1.813E+09
  1290.000 1.816E+09
  1290.250 1.842E+09
  1290.500 1.840E+09
  1290.750 1.773E+09
  1291.000 1.686E+09
  1291.250 1.564E+09
  1291.500 1.421E+09
  1291.750 1.472E+09
  1292.000 1.673E+09
  1292.250 1.761E+09
  1292.500 1.813E+09
  1292.750 1.811E+09
  1293.000 1.708E+09
  1293.250 1.591E+09
  1293.500 1.564E+09
  1293.750 1.508E+09
  1294.000 1.411E+09
  1294.250 1.005E+09
  1294.500 5.651E+08
  1294.750 7.459E+08
  1295.000 1.289E+09
  1295.250 1.591E+09
  1295.500 1.640E+09
  1295.750 1.525E+09
  1296.000 1.344E+09
  1296.250 1.079E+09
  1296.500 7.307E+08
  1296.750 6.069E+08
  1297.000 9.856E+08
  1297.250 1.400E+09
  1297.500 1.554E+09
  1297.750 1.542E+09
  1298.000 1.426E+09
  1298.250 1.202E+09
  1298.500 7.962E+08
  1298.750 3.777E+08
  1299.000 3.048E+08
  1299.250 6.120E+08
  1299.500 1.011E+09
  1299.750 1.279E+09
  1300.000 1.439E+09
  1300.250 1.523E+09
  1300.500 1.466E+09
  1300.750 1.172E+09
  1301.000 7.320E+08
  1301.250 6.911E+08
  1301.500 1.105E+09
  1301.750 1.319E+09
  1302.000 1.270E+09
  1302.250 1.337E+09
  1302.500 1.525E+09
  1302.750 1.430E+09
  1303.000 1.032E+09
  1303.250 6.231E+08
  1303.500 7.674E+08
  1303.750 1.257E+09
  1304.000 1.506E+09
  1304.250 1.415E+09
  1304.500 1.347E+09
  1304.750 1.364E+09
  1305.000 1.439E+09
  1305.250 1.477E+09
  1305.500 1.343E+09
  1305.750 1.386E+09
  1306.000 1.476E+09
  1306.250 1.615E+09
  1306.500 1.711E+09
  1306.750 1.762E+09
  1307.000 1.798E+09
  1307.250 1.806E+09
  1307.500 1.814E+09
  1307.750 1.808E+09
  1308.000 1.790E+09
  1308.250 1.749E+09
  1308.500 1.646E+09
  1308.750 1.561E+09
  1309.000 1.506E+09
  1309.250 1.186E+09
  1309.500 1.143E+09
  1309.750 1.458E+09
  1310.000 1.696E+09
  1310.250 1.753E+09
  1310.500 1.697E+09
  1310.750 1.657E+09
  1311.000 1.659E+09
  1311.250 1.698E+09
  1311.500 1.740E+09
  1311.750 1.771E+09
  1312.000 1.758E+09
  1312.250 1.655E+09
  1312.500 1.428E+09
  1312.750 1.487E+09
  1313.000 1.699E+09
  1313.250 1.751E+09
  1313.500 1.776E+09
  1313.750 1.801E+09
  1314.000 1.794E+09
  1314.250 1.763E+09
  1314.500 1.710E+09
  1314.750 1.696E+09
  1315.000 1.717E+09
  1315.250 1.716E+09
  1315.500 1.709E+09
  1315.750 1.698E+09
  1316.000 1.604E+09
  1316.250 1.550E+09
  1316.500 1.672E+09
  1316.750 1.757E+09
  1317.000 1.709E+09
  1317.250 1.657E+09
  1317.500 1.724E+09
  1317.750 1.772E+09
  1318.000 1.779E+09
  1318.250 1.765E+09
  1318.500 1.757E+09
  1318.750 1.750E+09
  1319.000 1.703E+09
  1319.250 1.672E+09
  1319.500 1.685E+09
  1319.750 1.677E+09
  1320.000 1.694E+09
  1320.250 1.729E+09
  1320.500 1.740E+09
  1320.750 1.713E+09
  1321.000 1.704E+09
  1321.250 1.694E+09
  1321.500 1.690E+09
  1321.750 1.699E+09
  1322.000 1.716E+09
  1322.250 1.715E+09
  1322.500 1.713E+09
  1322.750 1.693E+09
  1323.000 1.682E+09
  1323.250 1.668E+09
  1323.500 1.506E+09
  1323.750 1.036E+09
  1324.000 8.503E+08
  1324.250 1.248E+09
  1324.500 1.493E+09
  1324.750 1.527E+09
  1325.000 1.597E+09
  1325.250 1.670E+09
  1325.500 1.705E+09
  1325.750 1.708E+09
  1326.000 1.719E+09
  1326.250 1.738E+09
  1326.500 1.712E+09
  1326.750 1.681E+09
  1327.000 1.624E+09
  1327.250 1.510E+09
  1327.500 1.438E+09
  1327.750 1.489E+09
  1328.000 1.560E+09
  1328.250 1.588E+09
  1328.500 1.485E+09
  1328.750 1.220E+09
  1329.000 1.218E+09
  1329.250 1.409E+09
  1329.500 1.458E+09
  1329.750 1.473E+09
  1330.000 1.551E+09
  1330.250 1.543E+09
  1330.500 1.565E+09
  1330.750 1.637E+09
  1331.000 1.639E+09
  1331.250 1.645E+09
  1331.500 1.680E+09
  1331.750 1.678E+09
  1332.000 1.651E+09
  1332.250 1.660E+09
  1332.500 1.679E+09
  1332.750 1.686E+09
  1333.000 1.684E+09
  1333.250 1.686E+09
  1333.500 1.664E+09
  1333.750 1.611E+09
  1334.000 1.476E+09
  1334.250 1.087E+09
  1334.500 6.488E+08
  1334.750 7.461E+08
  1335.000 1.046E+09
  1335.250 9.815E+08
  1335.500 6.281E+08
  1335.750 4.961E+08
  1336.000 8.945E+08
  1336.250 1.323E+09
  1336.500 1.517E+09
  1336.750 1.572E+09
  1337.000 1.615E+09
  1337.250 1.626E+09
  1337.500 1.621E+09
  1337.750 1.629E+09
  1338.000 1.613E+09
  1338.250 1.630E+09
  1338.500 1.666E+09
  1338.750 1.650E+09
  1339.000 1.615E+09
  1339.250 1.632E+09
  1339.500 1.644E+09
  1339.750 1.634E+09
  1340.000 1.650E+09
  1340.250 1.638E+09
  1340.500 1.650E+09
  1340.750 1.660E+09
  1341.000 1.593E+09
  1341.250 1.345E+09
  1341.500 1.192E+09
  1341.750 1.404E+09
  1342.000 1.429E+09
  1342.250 1.144E+09
  1342.500 1.143E+09
  1342.750 1.479E+09
  1343.000 1.549E+09
  1343.250 1.314E+09
  1343.500 1.286E+09
  1343.750 1.533E+09
  1344.000 1.570E+09
  1344.250 1.441E+09
  1344.500 1.464E+09
  1344.750 1.500E+09
  1345.000 1.552E+09
  1345.250 1.641E+09
  1345.500 1.619E+09
  1345.750 1.565E+09
  1346.000 1.564E+09
  1346.250 1.539E+09
  1346.500 1.515E+09
  1346.750 1.484E+09
  1347.000 1.513E+09
  1347.250 1.610E+09
  1347.500 1.612E+09
  1347.750 1.578E+09
  1348.000 1.568E+09
  1348.250 1.546E+09
  1348.500 1.447E+09
  1348.750 1.501E+09
  1349.000 1.612E+09
  1349.250 1.639E+09
  1349.500 1.643E+09
  1349.750 1.578E+09
  1350.000 1.413E+09
  1350.250 1.381E+09
  1350.500 1.433E+09
  1350.750 1.521E+09
  1351.000 1.587E+09
  1351.250 1.565E+09
  1351.500 1.598E+09
  1351.750 1.616E+09
  1352.000 1.582E+09
  1352.250 1.539E+09
  1352.500 1.356E+09
  1352.750 1.173E+09
  1353.000 1.324E+09
  1353.250 1.514E+09
  1353.500 1.472E+09
  1353.750 1.438E+09
  1354.000 1.518E+09
  1354.250 1.554E+09
  1354.500 1.592E+09
  1354.750 1.612E+09
  1355.000 1.612E+09
  1355.250 1.547E+09
  1355.500 1.489E+09
  1355.750 1.491E+09
  1356.000 1.490E+09
  1356.250 1.558E+09
  1356.500 1.612E+09
  1356.750 1.570E+09
  1357.000 1.481E+09
  1357.250 1.508E+09
  1357.500 1.550E+09
  1357.750 1.498E+09
  1358.000 1.526E+09
  1358.250 1.592E+09
  1358.500 1.595E+09
  1358.750 1.554E+09
  1359.000 1.493E+09
  1359.250 1.502E+09
  1359.500 1.565E+09
  1359.750 1.612E+09
  1360.000 1.619E+09
  1360.250 1.595E+09
  1360.500 1.523E+09
  1360.750 1.440E+09
  1361.000 1.403E+09
  1361.250 1.290E+09
  1361.500 1.137E+09
  1361.750 1.248E+09
  1362.000 1.427E+09
  1362.250 1.368E+09
  1362.500 1.380E+09
  1362.750 1.477E+09
  1363.000 1.467E+09
  1363.250 1.305E+09
  1363.500 1.182E+09
  1363.750 1.359E+09
  1364.000 1.502E+09
  1364.250 1.524E+09
  1364.500 1.467E+09
  1364.750 1.402E+09
  1365.000 1.255E+09
  1365.250 1.087E+09
  1365.500 1.277E+09
  1365.750 1.480E+09
  1366.000 1.528E+09
  1366.250 1.513E+09
  1366.500 1.476E+09
  1366.750 1.370E+09
  1367.000 1.219E+09
  1367.250 1.318E+09
  1367.500 1.495E+09
  1367.750 1.532E+09
  1368.000 1.482E+09
  1368.250 1.422E+09
  1368.500 1.413E+09
  1368.750 1.437E+09
  1369.000 1.423E+09
  1369.250 1.312E+09
  1369.500 1.287E+09
  1369.750 1.428E+09
  1370.000 1.469E+09
  1370.250 1.487E+09
  1370.500 1.555E+09
  1370.750 1.553E+09
  1371.000 1.501E+09
  1371.250 1.458E+09
  1371.500 1.357E+09
  1371.750 1.360E+09
  1372.000 1.492E+09
  1372.250 1.527E+09
  1372.500 1.516E+09
  1372.750 1.439E+09
  1373.000 1.322E+09
  1373.250 1.397E+09
  1373.500 1.478E+09
  1373.750 1.409E+09
  1374.000 1.299E+09
  1374.250 1.319E+09
  1374.500 1.347E+09
  1374.750 1.257E+09
  1375.000 1.163E+09
  1375.250 1.245E+09
  1375.500 1.333E+09
  1375.750 1.379E+09
  1376.000 1.459E+09
  1376.250 1.460E+09
  1376.500 1.455E+09
  1376.750 1.373E+09
  1377.000 1.191E+09
  1377.250 1.172E+09
  1377.500 1.345E+09
  1377.750 1.452E+09
  1378.000 1.422E+09
  1378.250 1.414E+09
  1378.500 1.423E+09
  1378.750 1.331E+09
  1379.000 1.324E+09
  1379.250 1.374E+09
  1379.500 1.236E+09
  1379.750 1.227E+09
  1380.000 1.410E+09
  1380.250 1.468E+09
  1380.500 1.434E+09
  1380.750 1.384E+09
  1381.000 1.387E+09
  1381.250 1.358E+09
  1381.500 1.295E+09
  1381.750 1.296E+09
  1382.000 1.393E+09
  1382.250 1.414E+09
  1382.500 1.375E+09
  1382.750 1.411E+09
  1383.000 1.454E+09
  1383.250 1.485E+09
  1383.500 1.422E+09
  1383.750 1.321E+09
  1384.000 1.197E+09
  1384.250 1.194E+09
  1384.500 1.341E+09
  1384.750 1.381E+09
  1385.000 1.435E+09
  1385.250 1.473E+09
  1385.500 1.442E+09
  1385.750 1.340E+09
  1386.000 1.278E+09
  1386.250 1.331E+09
  1386.500 1.397E+09
  1386.750 1.432E+09
  1387.000 1.435E+09
  1387.250 1.340E+09
  1387.500 1.267E+09
  1387.750 1.236E+09
  1388.000 1.213E+09
  1388.250 1.354E+09
  1388.500 1.430E+09
  1388.750 1.442E+09
  1389.000 1.435E+09
  1389.250 1.413E+09
  1389.500 1.366E+09
  1389.750 1.302E+09
  1390.000 1.310E+09
  1390.250 1.328E+09
  1390.500 1.363E+09
  1390.750 1.374E+09
  1391.000 1.362E+09
  1391.250 1.332E+09
  1391.500 1.258E+09
  1391.750 1.152E+09
  1392.000 1.085E+09
  1392.250 1.021E+09
  1392.500 9.761E+08
  1392.750 9.295E+08
  1393.000 8.248E+08
  1393.250 6.845E+08
  1393.500 5.064E+08
  1393.750 3.803E+08
  1394.000 4.779E+08
  1394.250 6.829E+08
  1394.500 8.505E+08
  1394.750 9.496E+08
  1395.000 9.957E+08
  1395.250 1.010E+09
  1395.500 1.063E+09
  1395.750 1.067E+09
  1396.000 1.059E+09
  1396.250 1.085E+09
  1396.500 1.113E+09
  1396.750 1.147E+09
  1397.000 1.167E+09
  1397.250 1.220E+09
  1397.500 1.271E+09
  1397.750 1.281E+09
  1398.000 1.266E+09
  1398.250 1.289E+09
  1398.500 1.347E+09
  1398.750 1.323E+09
  1399.000 1.278E+09
  1399.250 1.322E+09
  1399.500 1.320E+09
  1399.750 1.279E+09
  1400.000 1.304E+09
  1400.250 1.316E+09
  1400.500 1.312E+09
  1400.750 1.288E+09
  1401.000 1.244E+09
  1401.250 1.178E+09
  1401.500 1.127E+09
  1401.750 1.083E+09
  1402.000 9.950E+08
  1402.250 8.411E+08
  1402.500 6.191E+08
  1402.750 4.651E+08
  1403.000 5.756E+08
  1403.250 7.998E+08
  1403.500 9.787E+08
  1403.750 1.095E+09
  1404.000 1.179E+09
  1404.250 1.248E+09
  1404.500 1.288E+09
  1404.750 1.287E+09
  1405.000 1.266E+09
  1405.250 1.231E+09
  1405.500 1.229E+09
  1405.750 1.262E+09
  1406.000 1.252E+09
  1406.250 1.270E+09
  1406.500 1.360E+09
  1406.750 1.392E+09
  1407.000 1.384E+09
  1407.250 1.393E+09
  1407.500 1.387E+09
  1407.750 1.383E+09
  1408.000 1.374E+09
  1408.250 1.371E+09
  1408.500 1.350E+09
  1408.750 1.320E+09
  1409.000 1.303E+09
  1409.250 1.345E+09
  1409.500 1.392E+09
  1409.750 1.377E+09
  1410.000 1.349E+09
  1410.250 1.313E+09
  1410.500 1.283E+09
  1410.750 1.312E+09
  1411.000 1.302E+09
  1411.250 1.295E+09
  1411.500 1.313E+09
  1411.750 1.325E+09
  1412.000 1.289E+09
  1412.250 1.290E+09
  1412.500 1.338E+09
  1412.750 1.309E+09
  1413.000 1.289E+09
  1413.250 1.333E+09
  1413.500 1.343E+09
  1413.750 1.320E+09
  1414.000 1.316E+09
  1414.250 1.292E+09
  1414.500 1.289E+09
  1414.750 1.259E+09
  1415.000 1.211E+09
  1415.250 1.259E+09
  1415.500 1.270E+09
  1415.750 1.256E+09
  1416.000 1.317E+09
  1416.250 1.358E+09
  1416.500 1.312E+09
  1416.750 1.203E+09
  1417.000 9.528E+08
  1417.250 7.902E+08
  1417.500 9.916E+08
  1417.750 1.151E+09
  1418.000 1.256E+09
  1418.250 1.332E+09
  1418.500 1.328E+09
  1418.750 1.336E+09
  1419.000 1.336E+09
  1419.250 1.300E+09
  1419.500 1.284E+09
  1419.750 1.271E+09
  1420.000 1.207E+09
  1420.250 1.187E+09
  1420.500 1.250E+09
  1420.750 1.339E+09
  1421.000 1.337E+09
  1421.250 1.314E+09
  1421.500 1.274E+09
  1421.750 1.237E+09
  1422.000 1.260E+09
  1422.250 1.203E+09
  1422.500 1.218E+09
  1422.750 1.278E+09
  1423.000 1.294E+09
  1423.250 1.331E+09
  1423.500 1.324E+09
  1423.750 1.282E+09
  1424.000 1.217E+09
  1424.250 1.141E+09
  1424.500 1.067E+09
  1424.750 1.055E+09
  1425.000 1.191E+09
  1425.250 1.306E+09
  1425.500 1.298E+09
  1425.750 1.276E+09
  1426.000 1.266E+09
  1426.250 1.188E+09
  1426.500 1.184E+09
  1426.750 1.298E+09
  1427.000 1.315E+09
  1427.250 1.219E+09
  1427.500 1.162E+09
  1427.750 1.153E+09
  1428.000 1.140E+09
  1428.250 1.195E+09
  1428.500 1.202E+09
  1428.750 1.130E+09
  1429.000 1.124E+09
  1429.250 1.211E+09
  1429.500 1.315E+09
  1429.750 1.357E+09
  1430.000 1.293E+09
  1430.250 1.181E+09
  1430.500 1.110E+09
  1430.750 1.127E+09
  1431.000 1.148E+09
  1431.250 1.180E+09
  1431.500 1.203E+09
  1431.750 1.257E+09
  1432.000 1.300E+09
  1432.250 1.284E+09
  1432.500 1.244E+09
  1432.750 1.264E+09
  1433.000 1.283E+09
  1433.250 1.261E+09
  1433.500 1.221E+09
  1433.750 1.233E+09
  1434.000 1.247E+09
  1434.250 1.190E+09
  1434.500 1.250E+09
  1434.750 1.314E+09
  1435.000 1.292E+09
  1435.250 1.250E+09
  1435.500 1.098E+09
  1435.750 9.229E+08
  1436.000 9.528E+08
  1436.250 1.086E+09
  1436.500 1.260E+09
  1436.750 1.337E+09
  1437.000 1.328E+09
  1437.250 1.298E+09
  1437.500 1.296E+09
  1437.750 1.306E+09
  1438.000 1.272E+09
  1438.250 1.249E+09
  1438.500 1.286E+09
  1438.750 1.310E+09
  1439.000 1.320E+09
  1439.250 1.331E+09
  1439.500 1.321E+09
  1439.750 1.324E+09
  1440.000 1.348E+09
  1440.250 1.343E+09
  1440.500 1.325E+09
  1440.750 1.317E+09
  1441.000 1.289E+09
  1441.250 1.264E+09
  1441.500 1.278E+09
  1441.750 1.306E+09
  1442.000 1.277E+09
  1442.250 1.191E+09
  1442.500 1.192E+09
  1442.750 1.258E+09
  1443.000 1.302E+09
  1443.250 1.312E+09
  1443.500 1.311E+09
  1443.750 1.310E+09
  1444.000 1.311E+09
  1444.250 1.279E+09
  1444.500 1.267E+09
  1444.750 1.239E+09
  1445.000 1.194E+09
  1445.250 1.222E+09
  1445.500 1.274E+09
  1445.750 1.315E+09
  1446.000 1.299E+09
  1446.250 1.265E+09
  1446.500 1.208E+09
  1446.750 1.199E+09
  1447.000 1.263E+09
  1447.250 1.304E+09
  1447.500 1.304E+09
  1447.750 1.300E+09
  1448.000 1.269E+09
  1448.250 1.240E+09
  1448.500 1.275E+09
  1448.750 1.283E+09
  1449.000 1.264E+09
  1449.250 1.289E+09
  1449.500 1.311E+09
  1449.750 1.301E+09
  1450.000 1.272E+09
  1450.250 1.226E+09
  1450.500 1.232E+09
  1450.750 1.281E+09
  1451.000 1.301E+09
  1451.250 1.247E+09
  1451.500 1.185E+09
  1451.750 1.200E+09
  1452.000 1.196E+09
  1452.250 1.201E+09
  1452.500 1.236E+09
  1452.750 1.262E+09
  1453.000 1.249E+09
  1453.250 1.257E+09
  1453.500 1.268E+09
  1453.750 1.251E+09
  1454.000 1.220E+09
  1454.250 1.196E+09
  1454.500 1.210E+09
  1454.750 1.208E+09
  1455.000 1.166E+09
  1455.250 1.137E+09
  1455.500 1.175E+09
  1455.750 1.198E+09
  1456.000 1.235E+09
  1456.250 1.241E+09
  1456.500 1.189E+09
  1456.750 1.202E+09
  1457.000 1.239E+09
  1457.250 1.199E+09
  1457.500 1.180E+09
  1457.750 1.213E+09
  1458.000 1.205E+09
  1458.250 1.200E+09
  1458.500 1.214E+09
  1458.750 1.200E+09
  1459.000 1.186E+09
  1459.250 1.206E+09
  1459.500 1.263E+09
  1459.750 1.282E+09
  1460.000 1.243E+09
  1460.250 1.167E+09
  1460.500 1.149E+09
  1460.750 1.208E+09
  1461.000 1.250E+09
  1461.250 1.265E+09
  1461.500 1.262E+09
  1461.750 1.254E+09
  1462.000 1.230E+09
  1462.250 1.225E+09
  1462.500 1.258E+09
  1462.750 1.273E+09
  1463.000 1.217E+09
  1463.250 1.130E+09
  1463.500 1.158E+09
  1463.750 1.228E+09
  1464.000 1.267E+09
  1464.250 1.268E+09
  1464.500 1.244E+09
  1464.750 1.221E+09
  1465.000 1.208E+09
  1465.250 1.156E+09
  1465.500 1.116E+09
  1465.750 1.094E+09
  1466.000 1.166E+09
  1466.250 1.173E+09
  1466.500 1.120E+09
  1466.750 1.125E+09
  1467.000 1.141E+09
  1467.250 1.137E+09
  1467.500 1.110E+09
  1467.750 1.107E+09
  1468.000 1.165E+09
  1468.250 1.170E+09
  1468.500 1.142E+09
  1468.750 1.111E+09
  1469.000 1.056E+09
  1469.250 1.086E+09
  1469.500 1.136E+09
  1469.750 1.118E+09
  1470.000 1.119E+09
  1470.250 1.180E+09
  1470.500 1.172E+09
  1470.750 1.145E+09
  1471.000 1.097E+09
  1471.250 1.115E+09
  1471.500 1.131E+09
  1471.750 1.139E+09
  1472.000 1.175E+09
  1472.250 1.208E+09
  1472.500 1.230E+09
  1472.750 1.227E+09
  1473.000 1.165E+09
  1473.250 1.131E+09
  1473.500 1.187E+09
  1473.750 1.189E+09
  1474.000 1.177E+09
  1474.250 1.203E+09
  1474.500 1.198E+09
  1474.750 1.210E+09
  1475.000 1.211E+09
  1475.250 1.144E+09
  1475.500 1.135E+09
  1475.750 1.164E+09
  1476.000 1.168E+09
  1476.250 1.142E+09
  1476.500 1.093E+09
  1476.750 1.089E+09
  1477.000 1.126E+09
  1477.250 1.183E+09
  1477.500 1.147E+09
  1477.750 1.067E+09
  1478.000 1.032E+09
  1478.250 1.052E+09
  1478.500 1.143E+09
  1478.750 1.209E+09
  1479.000 1.232E+09
  1479.250 1.218E+09
  1479.500 1.152E+09
  1479.750 1.134E+09
  1480.000 1.169E+09
  1480.250 1.187E+09
  1480.500 1.180E+09
  1480.750 1.169E+09
  1481.000 1.123E+09
  1481.250 1.100E+09
  1481.500 1.143E+09
  1481.750 1.157E+09
  1482.000 1.147E+09
  1482.250 1.090E+09
  1482.500 1.113E+09
  1482.750 1.113E+09
  1483.000 1.034E+09
  1483.250 1.058E+09
  1483.500 1.128E+09
  1483.750 1.179E+09
  1484.000 1.147E+09
  1484.250 1.058E+09
  1484.500 1.061E+09
  1484.750 1.137E+09
  1485.000 1.179E+09
  1485.250 1.155E+09
  1485.500 1.132E+09
  1485.750 1.146E+09
  1486.000 1.127E+09
  1486.250 1.079E+09
  1486.500 1.143E+09
  1486.750 1.195E+09
  1487.000 1.202E+09
  1487.250 1.212E+09
  1487.500 1.199E+09
  1487.750 1.185E+09
  1488.000 1.191E+09
  1488.250 1.179E+09
  1488.500 1.123E+09
  1488.750 1.054E+09
  1489.000 1.016E+09
  1489.250 9.708E+08
  1489.500 9.104E+08
  1489.750 8.935E+08
  1490.000 9.844E+08
  1490.250 1.049E+09
  1490.500 1.130E+09
  1490.750 1.153E+09
  1491.000 1.125E+09
  1491.250 1.115E+09
  1491.500 1.086E+09
  1491.750 1.027E+09
  1492.000 1.044E+09
  1492.250 1.124E+09
  1492.500 1.095E+09
  1492.750 1.078E+09
  1493.000 1.130E+09
  1493.250 1.103E+09
  1493.500 1.006E+09
  1493.750 1.023E+09
  1494.000 1.128E+09
  1494.250 1.150E+09
  1494.500 1.100E+09
  1494.750 1.084E+09
  1495.000 1.098E+09
  1495.250 1.054E+09
  1495.500 1.044E+09
  1495.750 1.053E+09
  1496.000 1.051E+09
  1496.250 1.087E+09
  1496.500 1.103E+09
  1496.750 1.085E+09
  1497.000 1.078E+09
  1497.250 1.091E+09
  1497.500 1.100E+09
  1497.750 1.129E+09
  1498.000 1.156E+09
  1498.250 1.139E+09
  1498.500 1.057E+09
  1498.750 9.672E+08
  1499.000 1.012E+09
  1499.250 1.074E+09
  1499.500 1.120E+09
  1499.750 1.102E+09
  1500.000 9.701E+08
  1500.250 8.230E+08
  1500.500 9.176E+08
  1500.750 1.035E+09
  1501.000 9.152E+08
  1501.250 8.020E+08
  1501.500 8.989E+08
  1501.750 8.634E+08
  1502.000 8.617E+08
  1502.250 9.907E+08
  1502.500 1.053E+09
  1502.750 1.032E+09
  1503.000 1.045E+09
  1503.250 1.102E+09
  1503.500 1.100E+09
  1503.750 1.070E+09
  1504.000 1.033E+09
  1504.250 1.077E+09
  1504.500 1.078E+09
  1504.750 1.024E+09
  1505.000 9.862E+08
  1505.250 1.020E+09
  1505.500 1.104E+09
  1505.750 1.067E+09
  1506.000 9.791E+08
  1506.250 1.032E+09
  1506.500 1.120E+09
  1506.750 1.136E+09
  1507.000 1.127E+09
  1507.250 1.068E+09
  1507.500 9.631E+08
  1507.750 9.959E+08
  1508.000 1.061E+09
  1508.250 1.107E+09
  1508.500 1.113E+09
  1508.750 1.031E+09
  1509.000 9.511E+08
  1509.250 9.922E+08
  1509.500 1.094E+09
  1509.750 1.083E+09
  1510.000 1.068E+09
  1510.250 1.117E+09
  1510.500 1.111E+09
  1510.750 1.036E+09
  1511.000 9.324E+08
  1511.250 8.737E+08
  1511.500 8.835E+08
  1511.750 8.947E+08
  1512.000 8.347E+08
  1512.250 7.570E+08
  1512.500 8.359E+08
  1512.750 8.435E+08
  1513.000 8.804E+08
  1513.250 9.174E+08
  1513.500 8.353E+08
  1513.750 8.599E+08
  1514.000 9.774E+08
  1514.250 9.896E+08
  1514.500 9.134E+08
  1514.750 9.219E+08
  1515.000 9.491E+08
  1515.250 9.412E+08
  1515.500 9.053E+08
  1515.750 9.474E+08
  1516.000 9.664E+08
  1516.250 9.309E+08
  1516.500 9.146E+08
  1516.750 9.479E+08
  1517.000 9.468E+08
  1517.250 9.714E+08
  1517.500 1.044E+09
  1517.750 1.061E+09
  1518.000 1.043E+09
  1518.250 1.058E+09
  1518.500 1.019E+09
  1518.750 9.622E+08
  1519.000 1.043E+09
  1519.250 1.106E+09
  1519.500 1.069E+09
  1519.750 1.073E+09
  1520.000 1.100E+09
  1520.250 1.088E+09
  1520.500 1.050E+09
  1520.750 1.032E+09
  1521.000 1.086E+09
  1521.250 1.109E+09
  1521.500 1.089E+09
  1521.750 1.068E+09
  1522.000 1.092E+09
  1522.250 1.130E+09
  1522.500 1.132E+09
  1522.750 1.120E+09
  1523.000 1.117E+09
  1523.250 1.106E+09
  1523.500 1.097E+09
  1523.750 1.078E+09
  1524.000 1.060E+09
  1524.250 1.041E+09
  1524.500 9.357E+08
  1524.750 8.928E+08
  1525.000 8.892E+08
  1525.250 9.122E+08
  1525.500 9.306E+08
  1525.750 8.812E+08
  1526.000 8.854E+08
  1526.250 9.151E+08
  1526.500 7.791E+08
  1526.750 6.822E+08
  1527.000 7.534E+08
  1527.250 7.607E+08
  1527.500 8.320E+08
  1527.750 9.105E+08
  1528.000 9.671E+08
  1528.250 1.016E+09
  1528.500 1.057E+09
  1528.750 1.073E+09
  1529.000 1.078E+09
  1529.250 1.083E+09
  1529.500 1.005E+09
  1529.750 8.805E+08
  1530.000 8.047E+08
  1530.250 7.824E+08
  1530.500 9.120E+08
  1530.750 1.058E+09
  1531.000 1.012E+09
  1531.250 8.257E+08
  1531.500 6.883E+08
  1531.750 7.082E+08
  1532.000 8.819E+08
  1532.250 9.948E+08
  1532.500 9.705E+08
  1532.750 9.337E+08
  1533.000 8.564E+08
  1533.250 6.814E+08
  1533.500 6.405E+08
  1533.750 8.055E+08
  1534.000 8.946E+08
  1534.250 9.647E+08
  1534.500 9.979E+08
  1534.750 1.009E+09
  1535.000 9.912E+08
  1535.250 9.394E+08
  1535.500 9.373E+08
  1535.750 9.726E+08
  1536.000 9.791E+08
  1536.250 9.197E+08
  1536.500 7.688E+08
  1536.750 7.747E+08
  1537.000 9.422E+08
  1537.250 9.845E+08
  1537.500 9.789E+08
  1537.750 1.036E+09
  1538.000 1.033E+09
  1538.250 9.744E+08
  1538.500 8.984E+08
  1538.750 8.412E+08
  1539.000 8.206E+08
  1539.250 8.402E+08
  1539.500 9.065E+08
  1539.750 1.000E+09
  1540.000 9.851E+08
  1540.250 9.362E+08
  1540.500 9.338E+08
  1540.750 8.478E+08
  1541.000 8.350E+08
  1541.250 9.414E+08
  1541.500 9.664E+08
  1541.750 8.682E+08
  1542.000 8.474E+08
  1542.250 8.949E+08
  1542.500 8.673E+08
  1542.750 8.516E+08
  1543.000 9.332E+08
  1543.250 9.658E+08
  1543.500 8.896E+08
  1543.750 8.393E+08
  1544.000 8.356E+08
  1544.250 9.075E+08
  1544.500 9.714E+08
  1544.750 9.942E+08
  1545.000 1.001E+09
  1545.250 9.656E+08
  1545.500 9.722E+08
  1545.750 1.020E+09
  1546.000 9.879E+08
  1546.250 9.461E+08
  1546.500 9.288E+08
  1546.750 8.756E+08
  1547.000 8.751E+08
  1547.250 8.827E+08
  1547.500 7.568E+08
  1547.750 7.152E+08
  1548.000 6.922E+08
  1548.250 6.872E+08
  1548.500 8.225E+08
  1548.750 9.096E+08
  1549.000 9.308E+08
  1549.250 9.487E+08
  1549.500 9.740E+08
  1549.750 9.570E+08
  1550.000 8.303E+08
  1550.250 7.096E+08
  1550.500 6.775E+08
  1550.750 6.046E+08
  1551.000 6.362E+08
  1551.250 7.505E+08
  1551.500 8.461E+08
  1551.750 8.656E+08
  1552.000 7.956E+08
  1552.250 7.867E+08
  1552.500 8.629E+08
  1552.750 8.907E+08
  1553.000 8.894E+08
  1553.250 9.025E+08
  1553.500 9.200E+08
  1553.750 9.552E+08
  1554.000 9.890E+08
  1554.250 9.739E+08
  1554.500 9.155E+08
  1554.750 8.807E+08
  1555.000 9.254E+08
  1555.250 9.452E+08
  1555.500 9.335E+08
  1555.750 8.476E+08
  1556.000 7.804E+08
  1556.250 7.597E+08
  1556.500 7.171E+08
  1556.750 7.747E+08
  1557.000 8.612E+08
  1557.250 9.087E+08
  1557.500 9.292E+08
  1557.750 9.763E+08
  1558.000 9.846E+08
  1558.250 9.135E+08
  1558.500 8.411E+08
  1558.750 8.478E+08
  1559.000 8.389E+08
  1559.250 8.476E+08
  1559.500 8.889E+08
  1559.750 9.382E+08
  1560.000 8.878E+08
  1560.250 7.887E+08
  1560.500 7.742E+08
  1560.750 8.431E+08
  1561.000 8.793E+08
  1561.250 7.672E+08
  1561.500 7.785E+08
  1561.750 9.404E+08
  1562.000 1.006E+09
  1562.250 9.621E+08
  1562.500 9.065E+08
  1562.750 8.819E+08
  1563.000 8.783E+08
  1563.250 9.010E+08
  1563.500 9.187E+08
  1563.750 9.155E+08
  1564.000 9.454E+08
  1564.250 9.094E+08
  1564.500 8.715E+08
  1564.750 9.057E+08
  1565.000 9.598E+08
  1565.250 9.995E+08
  1565.500 1.002E+09
  1565.750 9.755E+08
  1566.000 9.649E+08
  1566.250 9.250E+08
  1566.500 8.826E+08
  1566.750 8.676E+08
  1567.000 9.222E+08
  1567.250 9.944E+08
  1567.500 1.013E+09
  1567.750 9.936E+08
  1568.000 9.510E+08
  1568.250 9.064E+08
  1568.500 8.688E+08
  1568.750 8.348E+08
  1569.000 8.741E+08
  1569.250 9.099E+08
  1569.500 9.483E+08
  1569.750 9.846E+08
  1570.000 9.511E+08
  1570.250 8.575E+08
  1570.500 8.600E+08
  1570.750 9.450E+08
  1571.000 9.781E+08
  1571.250 9.640E+08
  1571.500 9.743E+08
  1571.750 9.891E+08
  1572.000 9.874E+08
  1572.250 9.731E+08
  1572.500 8.977E+08
  1572.750 7.884E+08
  1573.000 8.160E+08
  1573.250 9.490E+08
  1573.500 1.003E+09
  1573.750 9.561E+08
  1574.000 9.155E+08
  1574.250 9.479E+08
  1574.500 9.377E+08
  1574.750 8.601E+08
  1575.000 8.132E+08
  1575.250 8.100E+08
  1575.500 8.677E+08
  1575.750 9.571E+08
  1576.000 1.004E+09
  1576.250 9.786E+08
  1576.500 9.395E+08
  1576.750 9.360E+08
  1577.000 8.681E+08
  1577.250 8.503E+08
  1577.500 9.144E+08
  1577.750 8.783E+08
  1578.000 8.633E+08
  1578.250 9.358E+08
  1578.500 9.344E+08
  1578.750 9.280E+08
  1579.000 9.621E+08
  1579.250 9.292E+08
  1579.500 9.216E+08
  1579.750 9.270E+08
  1580.000 8.332E+08
  1580.250 7.828E+08
  1580.500 7.892E+08
  1580.750 7.488E+08
  1581.000 7.634E+08
  1581.250 8.271E+08
  1581.500 9.362E+08
  1581.750 9.925E+08
  1582.000 9.779E+08
  1582.250 9.045E+08
  1582.500 8.601E+08
  1582.750 9.031E+08
  1583.000 9.078E+08
  1583.250 8.500E+08
  1583.500 8.869E+08
  1583.750 9.348E+08
  1584.000 9.434E+08
  1584.250 9.406E+08
  1584.500 9.083E+08
  1584.750 8.972E+08
  1585.000 8.812E+08
  1585.250 9.112E+08
  1585.500 9.213E+08
  1585.750 8.983E+08
  1586.000 9.338E+08
  1586.250 9.821E+08
  1586.500 1.005E+09
  1586.750 1.004E+09
  1587.000 9.804E+08
  1587.250 9.381E+08
  1587.500 9.260E+08
  1587.750 9.564E+08
  1588.000 9.381E+08
  1588.250 9.059E+08
  1588.500 8.930E+08
  1588.750 8.108E+08
  1589.000 7.948E+08
  1589.250 8.703E+08
  1589.500 9.013E+08
  1589.750 9.335E+08
  1590.000 9.663E+08
  1590.250 9.657E+08
  1590.500 9.240E+08
  1590.750 9.207E+08
  1591.000 9.302E+08
  1591.250 9.003E+08
  1591.500 8.701E+08
  1591.750 8.386E+08
  1592.000 8.195E+08
  1592.250 8.891E+08
  1592.500 9.227E+08
  1592.750 9.161E+08
  1593.000 9.474E+08
  1593.250 9.340E+08
  1593.500 8.703E+08
  1593.750 8.493E+08
  1594.000 9.064E+08
  1594.250 9.608E+08
  1594.500 9.386E+08
  1594.750 8.693E+08
  1595.000 8.253E+08
  1595.250 8.064E+08
  1595.500 8.150E+08
  1595.750 8.698E+08
  1596.000 9.339E+08
  1596.250 9.680E+08
  1596.500 9.739E+08
  1596.750 9.589E+08
  1597.000 9.367E+08
  1597.250 9.186E+08
  1597.500 9.089E+08
  1597.750 9.097E+08
  1598.000 9.198E+08
  1598.250 9.285E+08
  1598.500 9.374E+08
  1598.750 9.654E+08
  1599.000 9.754E+08
  1599.250 9.564E+08
  1599.500 9.438E+08
  1599.750 9.474E+08
  1600.000 9.278E+08
  1600.250 8.823E+08
  1600.500 8.549E+08
  1600.750 8.666E+08
  1601.000 8.079E+08
  1601.250 7.066E+08
  1601.500 7.579E+08
  1601.750 7.633E+08
  1602.000 7.655E+08
  1602.250 8.541E+08
  1602.500 8.994E+08
  1602.750 8.978E+08
  1603.000 8.618E+08
  1603.250 8.821E+08
  1603.500 9.215E+08
  1603.750 9.225E+08
  1604.000 9.414E+08
  1604.250 9.297E+08
  1604.500 8.698E+08
  1604.750 8.430E+08
  1605.000 8.561E+08
  1605.250 8.626E+08
  1605.500 7.535E+08
  1605.750 5.883E+08
  1606.000 6.599E+08
  1606.250 8.458E+08
  1606.500 9.298E+08
  1606.750 9.302E+08
  1607.000 8.951E+08
  1607.250 8.826E+08
  1607.500 8.099E+08
  1607.750 7.585E+08
  1608.000 8.523E+08
  1608.250 8.503E+08
  1608.500 8.109E+08
  1608.750 8.375E+08
  1609.000 8.142E+08
  1609.250 8.398E+08
  1609.500 8.976E+08
  1609.750 8.405E+08
  1610.000 7.790E+08
  1610.250 7.993E+08
  1610.500 8.219E+08
  1610.750 8.290E+08
  1611.000 8.236E+08
  1611.250 8.359E+08
  1611.500 7.289E+08
  1611.750 5.012E+08
  1612.000 5.426E+08
  1612.250 7.407E+08
  1612.500 7.833E+08
  1612.750 7.758E+08
  1613.000 8.675E+08
  1613.250 9.124E+08
  1613.500 8.870E+08
  1613.750 8.550E+08
  1614.000 8.045E+08
  1614.250 8.419E+08
  1614.500 8.761E+08
  1614.750 8.891E+08
  1615.000 9.075E+08
  1615.250 8.903E+08
  1615.500 8.826E+08
  1615.750 9.050E+08
  1616.000 9.311E+08
  1616.250 9.305E+08
  1616.500 9.051E+08
  1616.750 8.842E+08
  1617.000 8.838E+08
  1617.250 8.775E+08
  1617.500 8.861E+08
  1617.750 8.738E+08
  1618.000 8.925E+08
  1618.250 8.876E+08
  1618.500 8.317E+08
  1618.750 8.196E+08
  1619.000 8.458E+08
  1619.250 8.580E+08
  1619.500 8.413E+08
  1619.750 8.566E+08
  1620.000 8.325E+08
  1620.250 7.663E+08
  1620.500 7.287E+08
  1620.750 7.624E+08
  1621.000 8.097E+08
  1621.250 8.465E+08
  1621.500 8.164E+08
  1621.750 7.613E+08
  1622.000 8.225E+08
  1622.250 9.043E+08
  1622.500 9.278E+08
  1622.750 9.143E+08
  1623.000 8.766E+08
  1623.250 8.467E+08
  1623.500 8.026E+08
  1623.750 8.057E+08
  1624.000 8.111E+08
  1624.250 8.244E+08
  1624.500 8.597E+08
  1624.750 8.541E+08
  1625.000 8.757E+08
  1625.250 8.855E+08
  1625.500 8.331E+08
  1625.750 8.141E+08
  1626.000 8.203E+08
  1626.250 8.255E+08
  1626.500 8.486E+08
  1626.750 8.613E+08
  1627.000 8.436E+08
  1627.250 8.277E+08
  1627.500 8.269E+08
  1627.750 8.162E+08
  1628.000 8.126E+08
  1628.250 7.989E+08
  1628.500 8.203E+08
  1628.750 8.324E+08
  1629.000 7.359E+08
  1629.250 6.684E+08
  1629.500 7.457E+08
  1629.750 8.403E+08
  1630.000 8.481E+08
  1630.250 8.347E+08
  1630.500 8.350E+08
  1630.750 8.273E+08
  1631.000 7.921E+08
  1631.250 7.888E+08
  1631.500 8.048E+08
  1631.750 7.985E+08
  1632.000 7.858E+08
  1632.250 7.647E+08
  1632.500 7.678E+08
  1632.750 8.084E+08
  1633.000 8.769E+08
  1633.250 9.039E+08
  1633.500 8.850E+08
  1633.750 8.200E+08
  1634.000 7.894E+08
  1634.250 8.111E+08
  1634.500 8.172E+08
  1634.750 8.441E+08
  1635.000 8.464E+08
  1635.250 8.036E+08
  1635.500 7.877E+08
  1635.750 8.242E+08
  1636.000 8.678E+08
  1636.250 8.573E+08
  1636.500 8.647E+08
  1636.750 8.814E+08
  1637.000 8.601E+08
  1637.250 8.471E+08
  1637.500 8.575E+08
  1637.750 8.929E+08
  1638.000 8.948E+08
  1638.250 8.813E+08
  1638.500 8.917E+08
  1638.750 8.971E+08
  1639.000 8.782E+08
  1639.250 8.467E+08
  1639.500 8.390E+08
  1639.750 8.108E+08
  1640.000 6.942E+08
  1640.250 6.370E+08
  1640.500 6.808E+08
  1640.750 7.757E+08
  1641.000 8.519E+08
  1641.250 8.837E+08
  1641.500 8.553E+08
  1641.750 8.022E+08
  1642.000 8.248E+08
  1642.250 8.565E+08
  1642.500 8.537E+08
  1642.750 8.347E+08
  1643.000 8.439E+08
  1643.250 8.650E+08
  1643.500 8.496E+08
  1643.750 8.534E+08
  1644.000 8.690E+08
  1644.250 8.491E+08
  1644.500 8.267E+08
  1644.750 8.271E+08
  1645.000 8.148E+08
  1645.250 8.460E+08
  1645.500 8.638E+08
  1645.750 8.463E+08
  1646.000 8.360E+08
  1646.250 8.310E+08
  1646.500 8.568E+08
  1646.750 8.616E+08
  1647.000 8.117E+08
  1647.250 8.011E+08
  1647.500 8.367E+08
  1647.750 8.722E+08
  1648.000 8.835E+08
  1648.250 8.670E+08
  1648.500 8.710E+08
  1648.750 8.777E+08
  1649.000 8.607E+08
  1649.250 8.179E+08
  1649.500 7.684E+08
  1649.750 7.687E+08
  1650.000 8.294E+08
  1650.250 8.637E+08
  1650.500 8.430E+08
  1650.750 8.313E+08
  1651.000 8.410E+08
  1651.250 8.394E+08
  1651.500 8.260E+08
  1651.750 8.093E+08
  1652.000 7.818E+08
  1652.250 7.869E+08
  1652.500 8.210E+08
  1652.750 7.495E+08
  1653.000 6.453E+08
  1653.250 6.236E+08
  1653.500 6.221E+08
  1653.750 6.660E+08
  1654.000 7.720E+08
  1654.250 8.140E+08
  1654.500 8.183E+08
  1654.750 8.313E+08
  1655.000 8.510E+08
  1655.250 8.633E+08
  1655.500 8.630E+08
  1655.750 8.522E+08
  1656.000 7.675E+08
  1656.250 6.928E+08
  1656.500 6.961E+08
  1656.750 6.343E+08
  1657.000 6.076E+08
  1657.250 7.035E+08
  1657.500 7.577E+08
  1657.750 7.363E+08
  1658.000 6.948E+08
  1658.250 7.255E+08
  1658.500 7.815E+08
  1658.750 8.110E+08
  1659.000 8.263E+08
  1659.250 7.946E+08
  1659.500 7.552E+08
  1659.750 8.033E+08
  1660.000 8.255E+08
  1660.250 8.373E+08
  1660.500 8.603E+08
  1660.750 8.576E+08
  1661.000 8.246E+08
  1661.250 7.973E+08
  1661.500 7.842E+08
  1661.750 7.559E+08
  1662.000 7.887E+08
  1662.250 8.012E+08
  1662.500 8.007E+08
  1662.750 8.269E+08
  1663.000 8.029E+08
  1663.250 7.861E+08
  1663.500 8.012E+08
  1663.750 8.271E+08
  1664.000 8.534E+08
  1664.250 8.618E+08
  1664.500 8.479E+08
  1664.750 8.290E+08
  1665.000 8.284E+08
  1665.250 8.399E+08
  1665.500 8.485E+08
  1665.750 8.526E+08
  1666.000 8.323E+08
  1666.250 7.968E+08
  1666.500 7.315E+08
  1666.750 7.309E+08
  1667.000 7.948E+08
  1667.250 8.388E+08
  1667.500 8.368E+08
  1667.750 8.081E+08
  1668.000 7.883E+08
  1668.250 8.087E+08
  1668.500 8.363E+08
  1668.750 8.498E+08
  1669.000 8.422E+08
  1669.250 7.969E+08
  1669.500 7.486E+08
  1669.750 7.669E+08
  1670.000 8.218E+08
  1670.250 8.345E+08
  1670.500 7.627E+08
  1670.750 6.081E+08
  1671.000 6.194E+08
  1671.250 7.606E+08
  1671.500 8.308E+08
  1671.750 8.298E+08
  1672.000 7.990E+08
  1672.250 7.652E+08
  1672.500 7.751E+08
  1672.750 7.884E+08
  1673.000 7.825E+08
  1673.250 7.566E+08
  1673.500 7.303E+08
  1673.750 7.634E+08
  1674.000 8.086E+08
  1674.250 8.126E+08
  1674.500 8.081E+08
  1674.750 8.122E+08
  1675.000 8.065E+08
  1675.250 7.831E+08
  1675.500 7.893E+08
  1675.750 7.982E+08
  1676.000 7.916E+08
  1676.250 7.550E+08
  1676.500 7.473E+08
  1676.750 7.800E+08
  1677.000 8.023E+08
  1677.250 8.241E+08
  1677.500 8.325E+08
  1677.750 8.160E+08
  1678.000 8.112E+08
  1678.250 8.160E+08
  1678.500 8.295E+08
  1678.750 8.401E+08
  1679.000 8.249E+08
  1679.250 7.828E+08
  1679.500 7.786E+08
  1679.750 8.161E+08
  1680.000 8.336E+08
  1680.250 8.337E+08
  1680.500 8.151E+08
  1680.750 8.166E+08
  1681.000 8.048E+08
  1681.250 7.821E+08
  1681.500 7.918E+08
  1681.750 7.780E+08
  1682.000 7.654E+08
  1682.250 7.853E+08
  1682.500 7.901E+08
  1682.750 8.206E+08
  1683.000 8.382E+08
  1683.250 8.252E+08
  1683.500 7.931E+08
  1683.750 7.831E+08
  1684.000 8.061E+08
  1684.250 8.233E+08
  1684.500 8.295E+08
  1684.750 8.294E+08
  1685.000 8.230E+08
  1685.250 8.284E+08
  1685.500 8.333E+08
  1685.750 8.094E+08
  1686.000 7.691E+08
  1686.250 7.482E+08
  1686.500 7.455E+08
  1686.750 7.637E+08
  1687.000 8.025E+08
  1687.250 7.990E+08
  1687.500 7.451E+08
  1687.750 6.764E+08
  1688.000 6.944E+08
  1688.250 7.840E+08
  1688.500 8.192E+08
  1688.750 8.236E+08
  1689.000 8.237E+08
  1689.250 8.223E+08
  1689.500 8.071E+08
  1689.750 7.764E+08
  1690.000 7.491E+08
  1690.250 7.277E+08
  1690.500 7.307E+08
  1690.750 7.451E+08
  1691.000 7.538E+08
  1691.250 7.834E+08
  1691.500 7.988E+08
  1691.750 7.868E+08
  1692.000 7.563E+08
  1692.250 7.039E+08
  1692.500 6.698E+08
  1692.750 7.219E+08
  1693.000 7.714E+08
  1693.250 7.812E+08
  1693.500 7.680E+08
  1693.750 7.746E+08
  1694.000 7.786E+08
  1694.250 7.624E+08
  1694.500 7.518E+08
  1694.750 7.439E+08
  1695.000 7.139E+08
  1695.250 7.231E+08
  1695.500 7.143E+08
  1695.750 7.089E+08
  1696.000 7.251E+08
  1696.250 7.616E+08
  1696.500 7.692E+08
  1696.750 7.433E+08
  1697.000 7.728E+08
  1697.250 8.043E+08
  1697.500 7.991E+08
  1697.750 7.795E+08
  1698.000 7.298E+08
  1698.250 7.165E+08
  1698.500 7.627E+08
  1698.750 7.446E+08
  1699.000 6.972E+08
  1699.250 7.105E+08
  1699.500 7.562E+08
  1699.750 7.934E+08
  1700.000 7.966E+08
  1700.250 7.629E+08
  1700.500 7.599E+08
  1700.750 7.637E+08
  1701.000 7.400E+08
  1701.250 7.229E+08
  1701.500 6.730E+08
  1701.750 6.602E+08
  1702.000 6.618E+08
  1702.250 7.156E+08
  1702.500 7.489E+08
  1702.750 7.521E+08
  1703.000 7.758E+08
  1703.250 7.577E+08
  1703.500 7.313E+08
  1703.750 7.520E+08
  1704.000 7.569E+08
  1704.250 7.581E+08
  1704.500 7.446E+08
  1704.750 7.361E+08
  1705.000 7.675E+08
  1705.250 7.998E+08
  1705.500 7.994E+08
  1705.750 7.548E+08
  1706.000 7.029E+08
  1706.250 7.040E+08
  1706.500 7.362E+08
  1706.750 7.673E+08
  1707.000 7.247E+08
  1707.250 5.840E+08
  1707.500 5.837E+08
  1707.750 7.065E+08
  1708.000 7.566E+08
  1708.250 7.486E+08
  1708.500 6.742E+08
  1708.750 6.810E+08
  1709.000 7.596E+08
  1709.250 7.605E+08
  1709.500 6.730E+08
  1709.750 5.796E+08
  1710.000 6.130E+08
  1710.250 6.679E+08
  1710.500 6.990E+08
  1710.750 7.377E+08
  1711.000 7.423E+08
  1711.250 7.205E+08
  1711.500 6.617E+08
  1711.750 6.523E+08
  1712.000 7.287E+08
  1712.250 7.716E+08
  1712.500 7.265E+08
  1712.750 6.666E+08
  1713.000 6.881E+08
  1713.250 7.480E+08
  1713.500 7.486E+08
  1713.750 7.223E+08
  1714.000 7.234E+08
  1714.250 7.272E+08
  1714.500 6.981E+08
  1714.750 6.818E+08
  1715.000 6.822E+08
  1715.250 6.521E+08
  1715.500 6.772E+08
  1715.750 6.859E+08
  1716.000 6.875E+08
  1716.250 7.219E+08
  1716.500 7.232E+08
  1716.750 6.888E+08
  1717.000 6.763E+08
  1717.250 6.837E+08
  1717.500 6.870E+08
  1717.750 7.007E+08
  1718.000 6.494E+08
  1718.250 6.024E+08
  1718.500 6.429E+08
  1718.750 6.779E+08
  1719.000 6.710E+08
  1719.250 6.576E+08
  1719.500 6.291E+08
  1719.750 6.451E+08
  1720.000 6.534E+08
  1720.250 7.019E+08
  1720.500 6.627E+08
  1720.750 6.062E+08
  1721.000 6.208E+08
  1721.250 5.946E+08
  1721.500 6.560E+08
  1721.750 7.244E+08
  1722.000 6.840E+08
  1722.250 6.207E+08
  1722.500 5.945E+08
  1722.750 5.866E+08
  1723.000 6.724E+08
  1723.250 7.484E+08
  1723.500 7.112E+08
  1723.750 6.390E+08
  1724.000 6.103E+08
  1724.250 6.135E+08
  1724.500 6.326E+08
  1724.750 6.526E+08
  1725.000 6.240E+08
  1725.250 6.590E+08
  1725.500 7.074E+08
  1725.750 7.163E+08
  1726.000 7.247E+08
  1726.250 7.075E+08
  1726.500 6.878E+08
  1726.750 7.213E+08
  1727.000 7.400E+08
  1727.250 7.060E+08
  1727.500 6.799E+08
  1727.750 7.028E+08
  1728.000 7.248E+08
  1728.250 7.195E+08
  1728.500 6.987E+08
  1728.750 6.945E+08
  1729.000 7.088E+08
  1729.250 6.816E+08
  1729.500 6.929E+08
  1729.750 7.404E+08
  1730.000 7.387E+08
  1730.250 6.826E+08
  1730.500 6.439E+08
  1730.750 6.490E+08
  1731.000 6.786E+08
  1731.250 6.800E+08
  1731.500 6.631E+08
  1731.750 6.943E+08
  1732.000 7.338E+08
  1732.250 7.277E+08
  1732.500 7.048E+08
  1732.750 7.047E+08
  1733.000 6.758E+08
  1733.250 6.914E+08
  1733.500 7.213E+08
  1733.750 6.916E+08
  1734.000 6.837E+08
  1734.250 7.008E+08
  1734.500 7.073E+08
  1734.750 7.006E+08
  1735.000 7.137E+08
  1735.250 7.238E+08
  1735.500 6.881E+08
  1735.750 6.644E+08
  1736.000 6.581E+08
  1736.250 6.849E+08
  1736.500 7.364E+08
  1736.750 7.622E+08
  1737.000 7.609E+08
  1737.250 7.379E+08
  1737.500 6.958E+08
  1737.750 6.967E+08
  1738.000 6.968E+08
  1738.250 6.176E+08
  1738.500 5.597E+08
  1738.750 5.618E+08
  1739.000 6.390E+08
  1739.250 6.947E+08
  1739.500 7.188E+08
  1739.750 6.990E+08
  1740.000 7.053E+08
  1740.250 7.246E+08
  1740.500 7.028E+08
  1740.750 6.438E+08
  1741.000 6.466E+08
  1741.250 6.904E+08
  1741.500 6.719E+08
  1741.750 6.377E+08
  1742.000 6.149E+08
  1742.250 6.765E+08
  1742.500 6.967E+08
  1742.750 6.559E+08
  1743.000 6.820E+08
  1743.250 7.213E+08
  1743.500 7.321E+08
  1743.750 7.275E+08
  1744.000 6.905E+08
  1744.250 6.643E+08
  1744.500 7.053E+08
  1744.750 7.251E+08
  1745.000 7.118E+08
  1745.250 7.007E+08
  1745.500 6.691E+08
  1745.750 6.728E+08
  1746.000 7.184E+08
  1746.250 7.209E+08
  1746.500 6.840E+08
  1746.750 6.174E+08
  1747.000 5.716E+08
  1747.250 5.908E+08
  1747.500 6.272E+08
  1747.750 6.196E+08
  1748.000 6.073E+08
  1748.250 5.894E+08
  1748.500 6.339E+08
  1748.750 6.868E+08
  1749.000 6.625E+08
  1749.250 6.449E+08
  1749.500 6.612E+08
  1749.750 6.782E+08
  1750.000 6.676E+08
  1750.250 6.332E+08
  1750.500 6.502E+08
  1750.750 6.847E+08
  1751.000 6.599E+08
  1751.250 6.347E+08
  1751.500 6.325E+08
  1751.750 6.092E+08
  1752.000 6.381E+08
  1752.250 6.512E+08
  1752.500 6.528E+08
  1752.750 6.452E+08
  1753.000 5.788E+08
  1753.250 5.738E+08
  1753.500 6.059E+08
  1753.750 6.847E+08
  1754.000 7.283E+08
  1754.250 7.399E+08
  1754.500 7.293E+08
  1754.750 7.019E+08
  1755.000 6.969E+08
  1755.250 7.186E+08
  1755.500 7.237E+08
  1755.750 7.173E+08
  1756.000 7.203E+08
  1756.250 7.316E+08
  1756.500 7.336E+08
  1756.750 7.167E+08
  1757.000 6.996E+08
  1757.250 7.159E+08
  1757.500 7.182E+08
  1757.750 7.034E+08
  1758.000 6.984E+08
  1758.250 6.768E+08
  1758.500 6.370E+08
  1758.750 6.510E+08
  1759.000 6.769E+08
  1759.250 6.992E+08
  1759.500 7.195E+08
  1759.750 7.087E+08
  1760.000 6.444E+08
  1760.250 5.737E+08
  1760.500 5.873E+08
  1760.750 6.645E+08
  1761.000 6.892E+08
  1761.250 6.639E+08
  1761.500 6.646E+08
  1761.750 6.630E+08
  1762.000 6.554E+08
  1762.250 6.685E+08
  1762.500 6.808E+08
  1762.750 6.981E+08
  1763.000 6.936E+08
  1763.250 6.920E+08
  1763.500 6.533E+08
  1763.750 5.698E+08
  1764.000 5.550E+08
  1764.250 6.382E+08
  1764.500 6.273E+08
  1764.750 5.994E+08
  1765.000 6.610E+08
  1765.250 6.931E+08
  1765.500 6.924E+08
  1765.750 6.679E+08
  1766.000 6.760E+08
  1766.250 6.991E+08
  1766.500 7.114E+08
  1766.750 7.204E+08
  1767.000 7.151E+08
  1767.250 7.015E+08
  1767.500 6.676E+08
  1767.750 6.034E+08
  1768.000 6.129E+08
  1768.250 6.800E+08
  1768.500 7.103E+08
  1768.750 7.166E+08
  1769.000 6.970E+08
  1769.250 6.517E+08
  1769.500 5.966E+08
  1769.750 5.877E+08
  1770.000 6.072E+08
  1770.250 5.829E+08
  1770.500 5.833E+08
  1770.750 6.304E+08
  1771.000 6.622E+08
  1771.250 6.544E+08
  1771.500 6.249E+08
  1771.750 6.270E+08
  1772.000 6.192E+08
  1772.250 6.414E+08
  1772.500 6.530E+08
  1772.750 6.486E+08
  1773.000 6.222E+08
  1773.250 6.185E+08
  1773.500 5.936E+08
  1773.750 5.612E+08
  1774.000 6.250E+08
  1774.250 6.809E+08
  1774.500 6.765E+08
  1774.750 6.796E+08
  1775.000 6.685E+08
  1775.250 6.065E+08
  1775.500 5.827E+08
  1775.750 5.519E+08
  1776.000 5.197E+08
  1776.250 5.957E+08
  1776.500 6.516E+08
  1776.750 6.249E+08
  1777.000 6.011E+08
  1777.250 6.353E+08
  1777.500 6.580E+08
  1777.750 6.364E+08
  1778.000 6.609E+08
  1778.250 6.652E+08
  1778.500 5.972E+08
  1778.750 5.483E+08
  1779.000 5.975E+08
  1779.250 6.264E+08
  1779.500 6.329E+08
  1779.750 6.482E+08
  1780.000 6.511E+08
  1780.250 6.676E+08
  1780.500 6.706E+08
  1780.750 6.666E+08
  1781.000 6.400E+08
  1781.250 6.176E+08
  1781.500 6.618E+08
  1781.750 6.899E+08
  1782.000 6.755E+08
  1782.250 6.554E+08
  1782.500 6.339E+08
  1782.750 5.755E+08
  1783.000 5.073E+08
  1783.250 5.518E+08
  1783.500 6.479E+08
  1783.750 6.741E+08
  1784.000 6.754E+08
  1784.250 6.625E+08
  1784.500 6.200E+08
  1784.750 5.960E+08
  1785.000 5.932E+08
  1785.250 6.126E+08
  1785.500 6.608E+08
  1785.750 6.857E+08
  1786.000 6.707E+08
  1786.250 6.017E+08
  1786.500 5.114E+08
  1786.750 5.099E+08
  1787.000 5.651E+08
  1787.250 6.355E+08
  1787.500 6.639E+08
  1787.750 6.535E+08
  1788.000 5.904E+08
  1788.250 5.341E+08
  1788.500 5.479E+08
  1788.750 5.937E+08
  1789.000 6.088E+08
  1789.250 6.375E+08
  1789.500 6.521E+08
  1789.750 6.498E+08
  1790.000 6.367E+08
  1790.250 6.091E+08
  1790.500 6.114E+08
  1790.750 6.156E+08
  1791.000 5.841E+08
  1791.250 5.676E+08
  1791.500 5.647E+08
  1791.750 6.003E+08
  1792.000 6.199E+08
  1792.250 6.145E+08
  1792.500 6.028E+08
  1792.750 6.017E+08
  1793.000 6.045E+08
  1793.250 6.287E+08
  1793.500 6.364E+08
  1793.750 6.054E+08
  1794.000 6.215E+08
  1794.250 6.706E+08
  1794.500 6.714E+08
  1794.750 6.203E+08
  1795.000 6.028E+08
  1795.250 6.456E+08
  1795.500 6.746E+08
  1795.750 6.801E+08
  1796.000 6.869E+08
  1796.250 6.884E+08
  1796.500 6.836E+08
  1796.750 6.722E+08
  1797.000 6.656E+08
  1797.250 6.742E+08
  1797.500 6.698E+08
  1797.750 6.449E+08
  1798.000 6.158E+08
  1798.250 5.970E+08
  1798.500 6.268E+08
  1798.750 6.649E+08
  1799.000 6.718E+08
  1799.250 6.769E+08
  1799.500 6.791E+08
  1799.750 6.647E+08
  1800.000 6.413E+08
  1800.250 6.552E+08
  1800.500 6.720E+08
  1800.750 6.780E+08
  1801.000 6.763E+08
  1801.250 6.504E+08
  1801.500 6.035E+08
  1801.750 5.986E+08
  1802.000 6.460E+08
  1802.250 6.753E+08
  1802.500 6.655E+08
  1802.750 6.434E+08
  1803.000 6.287E+08
  1803.250 6.197E+08
  1803.500 6.316E+08
  1803.750 6.559E+08
  1804.000 6.610E+08
  1804.250 6.355E+08
  1804.500 6.308E+08
  1804.750 6.582E+08
  1805.000 6.340E+08
  1805.250 5.847E+08
  1805.500 6.083E+08
  1805.750 6.551E+08
  1806.000 6.693E+08
  1806.250 6.493E+08
  1806.500 6.215E+08
  1806.750 6.296E+08
  1807.000 6.040E+08
  1807.250 5.867E+08
  1807.500 6.267E+08
  1807.750 6.224E+08
  1808.000 5.776E+08
  1808.250 5.940E+08
  1808.500 6.459E+08
  1808.750 6.669E+08
  1809.000 6.476E+08
  1809.250 6.063E+08
  1809.500 6.129E+08
  1809.750 6.291E+08
  1810.000 6.382E+08
  1810.250 6.271E+08
  1810.500 6.029E+08
  1810.750 6.259E+08
  1811.000 6.345E+08
  1811.250 6.067E+08
  1811.500 5.454E+08
  1811.750 4.881E+08
  1812.000 5.273E+08
  1812.250 5.968E+08
  1812.500 5.952E+08
  1812.750 5.356E+08
  1813.000 5.270E+08
  1813.250 5.876E+08
  1813.500 6.281E+08
  1813.750 6.132E+08
  1814.000 6.118E+08
  1814.250 6.375E+08
  1814.500 6.567E+08
  1814.750 6.462E+08
  1815.000 5.779E+08
  1815.250 4.952E+08
  1815.500 5.154E+08
  1815.750 5.126E+08
  1816.000 4.962E+08
  1816.250 5.627E+08
  1816.500 6.020E+08
  1816.750 5.674E+08
  1817.000 5.565E+08
  1817.250 5.852E+08
  1817.500 5.450E+08
  1817.750 5.610E+08
  1818.000 6.288E+08
  1818.250 6.529E+08
  1818.500 6.526E+08
  1818.750 6.485E+08
  1819.000 6.133E+08
  1819.250 5.332E+08
  1819.500 5.030E+08
  1819.750 5.302E+08
  1820.000 5.731E+08
  1820.250 5.880E+08
  1820.500 5.846E+08
  1820.750 6.067E+08
  1821.000 6.144E+08
  1821.250 6.275E+08
  1821.500 6.208E+08
  1821.750 5.636E+08
  1822.000 5.280E+08
  1822.250 5.619E+08
  1822.500 6.115E+08
  1822.750 5.961E+08
  1823.000 5.520E+08
  1823.250 5.881E+08
  1823.500 6.171E+08
  1823.750 6.055E+08
  1824.000 6.183E+08
  1824.250 6.429E+08
  1824.500 6.247E+08
  1824.750 5.862E+08
  1825.000 5.703E+08
  1825.250 5.986E+08
  1825.500 6.329E+08
  1825.750 6.254E+08
  1826.000 5.720E+08
  1826.250 5.356E+08
  1826.500 5.808E+08
  1826.750 6.224E+08
  1827.000 6.247E+08
  1827.250 6.261E+08
  1827.500 6.343E+08
  1827.750 6.353E+08
  1828.000 6.163E+08
  1828.250 6.060E+08
  1828.500 6.119E+08
  1828.750 6.017E+08
  1829.000 5.822E+08
  1829.250 5.852E+08
  1829.500 6.065E+08
  1829.750 5.563E+08
  1830.000 4.815E+08
  1830.250 5.092E+08
  1830.500 5.352E+08
  1830.750 5.406E+08
  1831.000 5.805E+08
  1831.250 5.904E+08
  1831.500 5.767E+08
  1831.750 5.937E+08
  1832.000 6.062E+08
  1832.250 6.129E+08
  1832.500 5.998E+08
  1832.750 5.907E+08
  1833.000 5.826E+08
  1833.250 5.856E+08
  1833.500 5.945E+08
  1833.750 5.918E+08
  1834.000 5.898E+08
  1834.250 5.991E+08
  1834.500 6.165E+08
  1834.750 5.773E+08
  1835.000 5.502E+08
  1835.250 5.889E+08
  1835.500 6.120E+08
  1835.750 6.159E+08
  1836.000 6.150E+08
  1836.250 6.158E+08
  1836.500 6.155E+08
  1836.750 5.999E+08
  1837.000 5.986E+08
  1837.250 5.906E+08
  1837.500 5.354E+08
  1837.750 5.178E+08
  1838.000 5.461E+08
  1838.250 5.394E+08
  1838.500 5.265E+08
  1838.750 5.418E+08
  1839.000 5.962E+08
  1839.250 6.108E+08
  1839.500 5.946E+08
  1839.750 5.899E+08
  1840.000 5.660E+08
  1840.250 5.517E+08
  1840.500 5.719E+08
  1840.750 5.928E+08
  1841.000 5.982E+08
  1841.250 5.599E+08
  1841.500 5.125E+08
  1841.750 5.518E+08
  1842.000 5.857E+08
  1842.250 5.766E+08
  1842.500 5.281E+08
  1842.750 5.182E+08
  1843.000 5.186E+08
  1843.250 4.862E+08
  1843.500 4.661E+08
  1843.750 5.258E+08
  1844.000 5.297E+08
  1844.250 5.103E+08
  1844.500 5.202E+08
  1844.750 5.396E+08
  1845.000 5.314E+08
  1845.250 5.027E+08
  1845.500 4.932E+08
  1845.750 5.516E+08
  1846.000 5.864E+08
  1846.250 5.722E+08
  1846.500 5.716E+08
  1846.750 5.608E+08
  1847.000 5.208E+08
  1847.250 4.988E+08
  1847.500 5.268E+08
  1847.750 5.503E+08
  1848.000 5.432E+08
  1848.250 5.347E+08
  1848.500 5.399E+08
  1848.750 5.470E+08
  1849.000 5.241E+08
  1849.250 4.415E+08
  1849.500 4.057E+08
  1849.750 4.202E+08
  1850.000 2.907E+08
