   850.000 2.592E+10
   850.250 2.569E+10
   850.500 2.512E+10
   850.750 2.522E+10
   851.000 2.574E+10
   851.250 2.586E+10
   851.500 2.578E+10
   851.750 2.524E+10
   852.000 2.350E+10
   852.250 2.279E+10
   852.500 2.455E+10
   852.750 2.557E+10
   853.000 2.574E+10
   853.250 2.575E+10
   853.500 2.575E+10
   853.750 2.573E+10
   854.000 2.569E+10
   854.250 2.552E+10
   854.500 2.457E+10
   854.750 2.293E+10
   855.000 2.356E+10
   855.250 2.511E+10
   855.500 2.554E+10
   855.750 2.557E+10
   856.000 2.557E+10
   856.250 2.557E+10
   856.500 2.555E+10
   856.750 2.552E+10
   857.000 2.548E+10
   857.250 2.536E+10
   857.500 2.461E+10
   857.750 2.279E+10
   858.000 2.276E+10
   858.250 2.454E+10
   858.500 2.526E+10
   858.750 2.536E+10
   859.000 2.535E+10
   859.250 2.533E+10
   859.500 2.534E+10
   859.750 2.533E+10
   860.000 2.532E+10
   860.250 2.524E+10
   860.500 2.511E+10
   860.750 2.513E+10
   861.000 2.516E+10
   861.250 2.517E+10
   861.500 2.522E+10
   861.750 2.522E+10
   862.000 2.521E+10
   862.250 2.520E+10
   862.500 2.518E+10
   862.750 2.516E+10
   863.000 2.514E+10
   863.250 2.512E+10
   863.500 2.511E+10
   863.750 2.510E+10
   864.000 2.508E+10
   864.250 2.507E+10
   864.500 2.505E+10
   864.750 2.502E+10
   865.000 2.490E+10
   865.250 2.434E+10
   865.500 2.394E+10
   865.750 2.454E+10
   866.000 2.490E+10
   866.250 2.493E+10
   866.500 2.491E+10
   866.750 2.487E+10
   867.000 2.487E+10
   867.250 2.487E+10
   867.500 2.486E+10
   867.750 2.484E+10
   868.000 2.482E+10
   868.250 2.481E+10
   868.500 2.479E+10
   868.750 2.478E+10
   869.000 2.476E+10
   869.250 2.475E+10
   869.500 2.473E+10
   869.750 2.471E+10
   870.000 2.470E+10
   870.250 2.468E+10
   870.500 2.466E+10
   870.750 2.462E+10
   871.000 2.427E+10
   871.250 2.316E+10
   871.500 2.293E+10
   871.750 2.403E+10
   872.000 2.449E+10
   872.250 2.454E+10
   872.500 2.453E+10
   872.750 2.452E+10
   873.000 2.450E+10
   873.250 2.448E+10
   873.500 2.447E+10
   873.750 2.445E+10
   874.000 2.444E+10
   874.250 2.443E+10
   874.500 2.441E+10
   874.750 2.437E+10
   875.000 2.429E+10
   875.250 2.427E+10
   875.500 2.432E+10
   875.750 2.433E+10
   876.000 2.431E+10
   876.250 2.430E+10
   876.500 2.428E+10
   876.750 2.427E+10
   877.000 2.422E+10
   877.250 2.404E+10
   877.500 2.388E+10
   877.750 2.406E+10
   878.000 2.417E+10
   878.250 2.417E+10
   878.500 2.415E+10
   878.750 2.412E+10
   879.000 2.412E+10
   879.250 2.411E+10
   879.500 2.409E+10
   879.750 2.407E+10
   880.000 2.406E+10
   880.250 2.405E+10
   880.500 2.403E+10
   880.750 2.401E+10
   881.000 2.400E+10
   881.250 2.398E+10
   881.500 2.397E+10
   881.750 2.395E+10
   882.000 2.393E+10
   882.250 2.392E+10
   882.500 2.388E+10
   882.750 2.359E+10
   883.000 2.269E+10
   883.250 2.214E+10
   883.500 2.216E+10
   883.750 2.289E+10
   884.000 2.344E+10
   884.250 2.265E+10
   884.500 2.181E+10
   884.750 2.280E+10
   885.000 2.360E+10
   885.250 2.365E+10
   885.500 2.323E+10
   885.750 2.266E+10
   886.000 2.309E+10
   886.250 2.358E+10
   886.500 2.365E+10
   886.750 2.364E+10
   887.000 2.363E+10
   887.250 2.361E+10
   887.500 2.360E+10
   887.750 2.358E+10
   888.000 2.357E+10
   888.250 2.355E+10
   888.500 2.353E+10
   888.750 2.352E+10
   889.000 2.350E+10
   889.250 2.349E+10
   889.500 2.348E+10
   889.750 2.346E+10
   890.000 2.345E+10
   890.250 2.344E+10
   890.500 2.342E+10
   890.750 2.340E+10
   891.000 2.339E+10
   891.250 2.337E+10
   891.500 2.335E+10
   891.750 2.334E+10
   892.000 2.333E+10
   892.250 2.326E+10
   892.500 2.309E+10
   892.750 2.306E+10
   893.000 2.321E+10
   893.250 2.325E+10
   893.500 2.324E+10
   893.750 2.318E+10
   894.000 2.279E+10
   894.250 2.188E+10
   894.500 2.196E+10
   894.750 2.233E+10
   895.000 2.238E+10
   895.250 2.287E+10
   895.500 2.308E+10
   895.750 2.310E+10
   896.000 2.309E+10
   896.250 2.308E+10
   896.500 2.306E+10
   896.750 2.305E+10
   897.000 2.303E+10
   897.250 2.302E+10
   897.500 2.300E+10
   897.750 2.298E+10
   898.000 2.296E+10
   898.250 2.293E+10
   898.500 2.272E+10
   898.750 2.182E+10
   899.000 2.123E+10
   899.250 2.218E+10
   899.500 2.278E+10
   899.750 2.285E+10
   900.000 2.271E+10
   900.250 2.227E+10
   900.500 2.214E+10
   900.750 2.201E+10
   901.000 2.159E+10
   901.250 2.185E+10
   901.500 2.240E+10
   901.750 2.243E+10
   902.000 2.249E+10
   902.250 2.257E+10
   902.500 2.233E+10
   902.750 2.174E+10
   903.000 2.194E+10
   903.250 2.250E+10
   903.500 2.261E+10
   903.750 2.257E+10
   904.000 2.249E+10
   904.250 2.248E+10
   904.500 2.254E+10
   904.750 2.257E+10
   905.000 2.256E+10
   905.250 2.252E+10
   905.500 2.228E+10
   905.750 2.156E+10
   906.000 2.149E+10
   906.250 2.219E+10
   906.500 2.245E+10
   906.750 2.246E+10
   907.000 2.245E+10
   907.250 2.244E+10
   907.500 2.242E+10
   907.750 2.239E+10
   908.000 2.234E+10
   908.250 2.234E+10
   908.500 2.236E+10
   908.750 2.235E+10
   909.000 2.234E+10
   909.250 2.232E+10
   909.500 2.231E+10
   909.750 2.230E+10
   910.000 2.228E+10
   910.250 2.227E+10
   910.500 2.225E+10
   910.750 2.224E+10
   911.000 2.223E+10
   911.250 2.221E+10
   911.500 2.215E+10
   911.750 2.197E+10
   912.000 2.167E+10
   912.250 2.146E+10
   912.500 2.141E+10
   912.750 2.139E+10
   913.000 2.137E+10
   913.250 2.135E+10
   913.500 2.132E+10
   913.750 2.130E+10
   914.000 2.128E+10
   914.250 2.126E+10
   914.500 2.124E+10
   914.750 2.122E+10
   915.000 2.121E+10
   915.250 2.120E+10
   915.500 2.119E+10
   915.750 2.117E+10
   916.000 2.116E+10
   916.250 2.115E+10
   916.500 2.114E+10
   916.750 2.112E+10
   917.000 2.114E+10
   917.250 2.112E+10
   917.500 2.115E+10
   917.750 2.109E+10
   918.000 2.118E+10
   918.250 2.104E+10
   918.500 2.114E+10
   918.750 2.113E+10
   919.000 2.102E+10
   919.250 2.130E+10
   919.500 2.117E+10
   919.750 2.102E+10
   920.000 2.141E+10
   920.250 2.140E+10
   920.500 2.094E+10
   920.750 2.110E+10
   921.000 2.149E+10
   921.250 2.138E+10
   921.500 2.079E+10
   921.750 2.008E+10
   922.000 1.948E+10
   922.250 1.967E+10
   922.500 1.897E+10
   922.750 1.854E+10
   923.000 1.763E+10
   923.250 1.748E+10
   923.500 1.868E+10
   923.750 1.940E+10
   924.000 1.961E+10
   924.250 1.915E+10
   924.500 2.071E+10
   924.750 2.203E+10
   925.000 2.209E+10
   925.250 2.173E+10
   925.500 2.097E+10
   925.750 1.987E+10
   926.000 1.954E+10
   926.250 1.988E+10
   926.500 2.040E+10
   926.750 2.111E+10
   927.000 2.183E+10
   927.250 2.242E+10
   927.500 2.247E+10
   927.750 2.177E+10
   928.000 2.225E+10
   928.250 2.350E+10
   928.500 2.380E+10
   928.750 2.354E+10
   929.000 2.320E+10
   929.250 2.273E+10
   929.500 2.201E+10
   929.750 2.110E+10
   930.000 1.993E+10
   930.250 1.853E+10
   930.500 1.773E+10
   930.750 1.769E+10
   931.000 1.821E+10
   931.250 1.916E+10
   931.500 2.024E+10
   931.750 2.131E+10
   932.000 2.230E+10
   932.250 2.317E+10
   932.500 2.382E+10
   932.750 2.393E+10
   933.000 2.256E+10
   933.250 1.944E+10
   933.500 1.925E+10
   933.750 2.293E+10
   934.000 2.552E+10
   934.250 2.649E+10
   934.500 2.680E+10
   934.750 2.679E+10
   935.000 2.654E+10
   935.250 2.609E+10
   935.500 2.548E+10
   935.750 2.471E+10
   936.000 2.380E+10
   936.250 2.278E+10
   936.500 2.165E+10
   936.750 2.045E+10
   937.000 1.912E+10
   937.250 1.763E+10
   937.500 1.644E+10
   937.750 1.598E+10
   938.000 1.636E+10
   938.250 1.740E+10
   938.500 1.864E+10
   938.750 1.990E+10
   939.000 2.113E+10
   939.250 2.233E+10
   939.500 2.347E+10
   939.750 2.456E+10
   940.000 2.558E+10
   940.250 2.653E+10
   940.500 2.741E+10
   940.750 2.821E+10
   941.000 2.892E+10
   941.250 2.953E+10
   941.500 3.001E+10
   941.750 3.023E+10
   942.000 2.955E+10
   942.250 2.655E+10
   942.500 2.371E+10
   942.750 2.640E+10
   943.000 3.003E+10
   943.250 3.127E+10
   943.500 3.131E+10
   943.750 3.063E+10
   944.000 2.871E+10
   944.250 2.455E+10
   944.500 2.104E+10
   944.750 2.367E+10
   945.000 2.788E+10
   945.250 2.976E+10
   945.500 3.026E+10
   945.750 3.023E+10
   946.000 2.991E+10
   946.250 2.940E+10
   946.500 2.876E+10
   946.750 2.801E+10
   947.000 2.716E+10
   947.250 2.620E+10
   947.500 2.496E+10
   947.750 2.321E+10
   948.000 2.116E+10
   948.250 2.009E+10
   948.500 1.995E+10
   948.750 1.911E+10
   949.000 1.769E+10
   949.250 1.596E+10
   949.500 1.488E+10
   949.750 1.484E+10
   950.000 1.553E+10
   950.250 1.664E+10
   950.500 1.767E+10
   950.750 1.890E+10
   951.000 2.043E+10
   951.250 2.177E+10
   951.500 2.297E+10
   951.750 2.410E+10
   952.000 2.518E+10
   952.250 2.620E+10
   952.500 2.717E+10
   952.750 2.808E+10
   953.000 2.893E+10
   953.250 2.972E+10
   953.500 3.046E+10
   953.750 3.115E+10
   954.000 3.177E+10
   954.250 3.235E+10
   954.500 3.287E+10
   954.750 3.312E+10
   955.000 3.184E+10
   955.250 2.874E+10
   955.500 3.011E+10
   955.750 3.384E+10
   956.000 3.516E+10
   956.250 3.555E+10
   956.500 3.577E+10
   956.750 3.585E+10
   957.000 3.583E+10
   957.250 3.588E+10
   957.500 3.573E+10
   957.750 3.512E+10
   958.000 3.367E+10
   958.250 3.030E+10
   958.500 2.468E+10
   958.750 2.243E+10
   959.000 2.714E+10
   959.250 3.221E+10
   959.500 3.486E+10
   959.750 3.615E+10
   960.000 3.684E+10
   960.250 3.725E+10
   960.500 3.752E+10
   960.750 3.772E+10
   961.000 3.786E+10
   961.250 3.795E+10
   961.500 3.800E+10
   961.750 3.800E+10
   962.000 3.799E+10
   962.250 3.798E+10
   962.500 3.794E+10
   962.750 3.782E+10
   963.000 3.778E+10
   963.250 3.778E+10
   963.500 3.771E+10
   963.750 3.761E+10
   964.000 3.749E+10
   964.250 3.736E+10
   964.500 3.720E+10
   964.750 3.703E+10
   965.000 3.684E+10
   965.250 3.663E+10
   965.500 3.638E+10
   965.750 3.613E+10
   966.000 3.586E+10
   966.250 3.554E+10
   966.500 3.520E+10
   966.750 3.484E+10
   967.000 3.444E+10
   967.250 3.399E+10
   967.500 3.351E+10
   967.750 3.299E+10
   968.000 3.242E+10
   968.250 3.179E+10
   968.500 3.101E+10
   968.750 3.020E+10
   969.000 2.954E+10
   969.250 2.877E+10
   969.500 2.787E+10
   969.750 2.696E+10
   970.000 2.600E+10
   970.250 2.498E+10
   970.500 2.394E+10
   970.750 2.295E+10
   971.000 2.193E+10
   971.250 2.086E+10
   971.500 1.968E+10
   971.750 1.820E+10
   972.000 1.634E+10
   972.250 1.496E+10
   972.500 1.445E+10
   972.750 1.506E+10
   973.000 1.636E+10
   973.250 1.777E+10
   973.500 1.933E+10
   973.750 2.076E+10
   974.000 2.202E+10
   974.250 2.320E+10
   974.500 2.432E+10
   974.750 2.538E+10
   975.000 2.634E+10
   975.250 2.721E+10
   975.500 2.789E+10
   975.750 2.856E+10
   976.000 2.939E+10
   976.250 2.997E+10
   976.500 2.978E+10
   976.750 2.700E+10
   977.000 2.371E+10
   977.250 2.627E+10
   977.500 2.893E+10
   977.750 3.006E+10
   978.000 3.173E+10
   978.250 3.350E+10
   978.500 3.430E+10
   978.750 3.467E+10
   979.000 3.491E+10
   979.250 3.452E+10
   979.500 3.187E+10
   979.750 2.694E+10
   980.000 2.809E+10
   980.250 3.413E+10
   980.500 3.646E+10
   980.750 3.685E+10
   981.000 3.699E+10
   981.250 3.706E+10
   981.500 3.715E+10
   981.750 3.717E+10
   982.000 3.695E+10
   982.250 3.705E+10
   982.500 3.734E+10
   982.750 3.740E+10
   983.000 3.756E+10
   983.250 3.768E+10
   983.500 3.769E+10
   983.750 3.768E+10
   984.000 3.768E+10
   984.250 3.771E+10
   984.500 3.740E+10
   984.750 3.565E+10
   985.000 3.458E+10
   985.250 3.639E+10
   985.500 3.648E+10
   985.750 3.524E+10
   986.000 3.575E+10
   986.250 3.682E+10
   986.500 3.755E+10
   986.750 3.774E+10
   987.000 3.771E+10
   987.250 3.762E+10
   987.500 3.751E+10
   987.750 3.734E+10
   988.000 3.669E+10
   988.250 3.401E+10
   988.500 2.910E+10
   988.750 2.894E+10
   989.000 3.336E+10
   989.250 3.514E+10
   989.500 3.356E+10
   989.750 3.042E+10
   990.000 3.204E+10
   990.250 3.477E+10
   990.500 3.532E+10
   990.750 3.485E+10
   991.000 3.374E+10
   991.250 3.047E+10
   991.500 2.530E+10
   991.750 2.426E+10
   992.000 2.300E+10
   992.250 1.918E+10
   992.500 1.949E+10
   992.750 2.413E+10
   993.000 2.827E+10
   993.250 3.099E+10
   993.500 3.276E+10
   993.750 3.386E+10
   994.000 3.437E+10
   994.250 3.465E+10
   994.500 3.532E+10
   994.750 3.591E+10
   995.000 3.610E+10
   995.250 3.615E+10
   995.500 3.642E+10
   995.750 3.666E+10
   996.000 3.676E+10
   996.250 3.679E+10
   996.500 3.656E+10
   996.750 3.599E+10
   997.000 3.612E+10
   997.250 3.624E+10
   997.500 3.532E+10
   997.750 3.543E+10
   998.000 3.658E+10
   998.250 3.694E+10
   998.500 3.679E+10
   998.750 3.641E+10
   999.000 3.549E+10
   999.250 3.358E+10
   999.500 3.229E+10
   999.750 3.347E+10
  1000.000 3.515E+10
  1000.250 3.540E+10
  1000.500 3.572E+10
  1000.750 3.625E+10
  1001.000 3.641E+10
  1001.250 3.667E+10
  1001.500 3.643E+10
  1001.750 3.565E+10
  1002.000 3.450E+10
  1002.250 3.404E+10
  1002.500 3.441E+10
  1002.750 3.384E+10
  1003.000 3.382E+10
  1003.250 3.461E+10
  1003.500 3.561E+10
  1003.750 3.622E+10
  1004.000 3.632E+10
  1004.250 3.637E+10
  1004.500 3.624E+10
  1004.750 3.627E+10
  1005.000 3.635E+10
  1005.250 3.629E+10
  1005.500 3.599E+10
  1005.750 3.443E+10
  1006.000 3.254E+10
  1006.250 3.410E+10
  1006.500 3.579E+10
  1006.750 3.606E+10
  1007.000 3.603E+10
  1007.250 3.595E+10
  1007.500 3.515E+10
  1007.750 3.297E+10
  1008.000 3.142E+10
  1008.250 3.169E+10
  1008.500 3.324E+10
  1008.750 3.464E+10
  1009.000 3.490E+10
  1009.250 3.533E+10
  1009.500 3.551E+10
  1009.750 3.539E+10
  1010.000 3.511E+10
  1010.250 3.457E+10
  1010.500 3.432E+10
  1010.750 3.485E+10
  1011.000 3.516E+10
  1011.250 3.513E+10
  1011.500 3.502E+10
  1011.750 3.495E+10
  1012.000 3.479E+10
  1012.250 3.450E+10
  1012.500 3.438E+10
  1012.750 3.426E+10
  1013.000 3.404E+10
  1013.250 3.413E+10
  1013.500 3.417E+10
  1013.750 3.384E+10
  1014.000 3.376E+10
  1014.250 3.394E+10
  1014.500 3.385E+10
  1014.750 3.331E+10
  1015.000 3.303E+10
  1015.250 3.329E+10
  1015.500 3.334E+10
  1015.750 3.327E+10
  1016.000 3.313E+10
  1016.250 3.285E+10
  1016.500 3.264E+10
  1016.750 3.255E+10
  1017.000 3.244E+10
  1017.250 3.232E+10
  1017.500 3.213E+10
  1017.750 3.186E+10
  1018.000 3.149E+10
  1018.250 3.123E+10
  1018.500 3.109E+10
  1018.750 3.082E+10
  1019.000 3.059E+10
  1019.250 3.038E+10
  1019.500 3.008E+10
  1019.750 2.971E+10
  1020.000 2.915E+10
  1020.250 2.821E+10
  1020.500 2.771E+10
  1020.750 2.783E+10
  1021.000 2.761E+10
  1021.250 2.715E+10
  1021.500 2.664E+10
  1021.750 2.610E+10
  1022.000 2.545E+10
  1022.250 2.468E+10
  1022.500 2.409E+10
  1022.750 2.350E+10
  1023.000 2.277E+10
  1023.250 2.199E+10
  1023.500 2.116E+10
  1023.750 2.028E+10
  1024.000 1.940E+10
  1024.250 1.849E+10
  1024.500 1.752E+10
  1024.750 1.647E+10
  1025.000 1.515E+10
  1025.250 1.375E+10
  1025.500 1.284E+10
  1025.750 1.259E+10
  1026.000 1.348E+10
  1026.250 1.474E+10
  1026.500 1.583E+10
  1026.750 1.681E+10
  1027.000 1.775E+10
  1027.250 1.867E+10
  1027.500 1.954E+10
  1027.750 2.033E+10
  1028.000 2.098E+10
  1028.250 2.177E+10
  1028.500 2.265E+10
  1028.750 2.338E+10
  1029.000 2.401E+10
  1029.250 2.460E+10
  1029.500 2.509E+10
  1029.750 2.544E+10
  1030.000 2.585E+10
  1030.250 2.587E+10
  1030.500 2.564E+10
  1030.750 2.659E+10
  1031.000 2.738E+10
  1031.250 2.787E+10
  1031.500 2.822E+10
  1031.750 2.779E+10
  1032.000 2.785E+10
  1032.250 2.897E+10
  1032.500 2.954E+10
  1032.750 2.939E+10
  1033.000 2.839E+10
  1033.250 2.804E+10
  1033.500 2.907E+10
  1033.750 3.003E+10
  1034.000 3.041E+10
  1034.250 3.055E+10
  1034.500 3.057E+10
  1034.750 3.059E+10
  1035.000 3.047E+10
  1035.250 3.017E+10
  1035.500 2.995E+10
  1035.750 3.045E+10
  1036.000 3.066E+10
  1036.250 3.065E+10
  1036.500 3.113E+10
  1036.750 3.128E+10
  1037.000 3.089E+10
  1037.250 3.080E+10
  1037.500 3.022E+10
  1037.750 3.028E+10
  1038.000 3.139E+10
  1038.250 3.200E+10
  1038.500 3.205E+10
  1038.750 3.198E+10
  1039.000 3.197E+10
  1039.250 3.214E+10
  1039.500 3.225E+10
  1039.750 3.215E+10
  1040.000 3.197E+10
  1040.250 3.208E+10
  1040.500 3.227E+10
  1040.750 3.232E+10
  1041.000 3.230E+10
  1041.250 3.229E+10
  1041.500 3.229E+10
  1041.750 3.227E+10
  1042.000 3.220E+10
  1042.250 3.194E+10
  1042.500 3.179E+10
  1042.750 3.204E+10
  1043.000 3.220E+10
  1043.250 3.212E+10
  1043.500 3.189E+10
  1043.750 3.188E+10
  1044.000 3.208E+10
  1044.250 3.211E+10
  1044.500 3.212E+10
  1044.750 3.190E+10
  1045.000 3.112E+10
  1045.250 3.000E+10
  1045.500 3.020E+10
  1045.750 3.123E+10
  1046.000 3.078E+10
  1046.250 2.906E+10
  1046.500 2.968E+10
  1046.750 3.142E+10
  1047.000 3.187E+10
  1047.250 3.166E+10
  1047.500 3.152E+10
  1047.750 3.169E+10
  1048.000 3.177E+10
  1048.250 3.162E+10
  1048.500 3.141E+10
  1048.750 3.137E+10
  1049.000 3.159E+10
  1049.250 3.145E+10
  1049.500 3.128E+10
  1049.750 3.151E+10
  1050.000 3.160E+10
  1050.250 3.132E+10
  1050.500 3.121E+10
  1050.750 3.130E+10
  1051.000 3.133E+10
  1051.250 3.140E+10
  1051.500 3.113E+10
  1051.750 3.119E+10
  1052.000 3.150E+10
  1052.250 3.157E+10
  1052.500 3.151E+10
  1052.750 3.149E+10
  1053.000 3.151E+10
  1053.250 3.151E+10
  1053.500 3.150E+10
  1053.750 3.147E+10
  1054.000 3.144E+10
  1054.250 3.141E+10
  1054.500 3.135E+10
  1054.750 3.127E+10
  1055.000 3.118E+10
  1055.250 3.117E+10
  1055.500 3.115E+10
  1055.750 3.094E+10
  1056.000 3.066E+10
  1056.250 3.067E+10
  1056.500 3.085E+10
  1056.750 3.104E+10
  1057.000 3.091E+10
  1057.250 3.085E+10
  1057.500 3.101E+10
  1057.750 3.097E+10
  1058.000 3.071E+10
  1058.250 3.039E+10
  1058.500 3.061E+10
  1058.750 3.090E+10
  1059.000 3.091E+10
  1059.250 3.073E+10
  1059.500 3.007E+10
  1059.750 2.959E+10
  1060.000 3.026E+10
  1060.250 3.041E+10
  1060.500 2.962E+10
  1060.750 2.958E+10
  1061.000 3.030E+10
  1061.250 3.034E+10
  1061.500 2.933E+10
  1061.750 2.683E+10
  1062.000 2.415E+10
  1062.250 2.348E+10
  1062.500 2.433E+10
  1062.750 2.567E+10
  1063.000 2.844E+10
  1063.250 3.002E+10
  1063.500 3.036E+10
  1063.750 3.035E+10
  1064.000 3.032E+10
  1064.250 3.033E+10
  1064.500 3.019E+10
  1064.750 3.015E+10
  1065.000 3.018E+10
  1065.250 3.004E+10
  1065.500 2.977E+10
  1065.750 2.935E+10
  1066.000 2.836E+10
  1066.250 2.557E+10
  1066.500 2.111E+10
  1066.750 2.108E+10
  1067.000 2.541E+10
  1067.250 2.751E+10
  1067.500 2.560E+10
  1067.750 2.189E+10
  1068.000 2.343E+10
  1068.250 2.754E+10
  1068.500 2.923E+10
  1068.750 2.965E+10
  1069.000 2.975E+10
  1069.250 2.967E+10
  1069.500 2.954E+10
  1069.750 2.947E+10
  1070.000 2.936E+10
  1070.250 2.959E+10
  1070.500 2.981E+10
  1070.750 2.987E+10
  1071.000 2.989E+10
  1071.250 2.986E+10
  1071.500 2.978E+10
  1071.750 2.968E+10
  1072.000 2.948E+10
  1072.250 2.933E+10
  1072.500 2.922E+10
  1072.750 2.756E+10
  1073.000 2.569E+10
  1073.250 2.652E+10
  1073.500 2.692E+10
  1073.750 2.825E+10
  1074.000 2.914E+10
  1074.250 2.880E+10
  1074.500 2.873E+10
  1074.750 2.910E+10
  1075.000 2.917E+10
  1075.250 2.913E+10
  1075.500 2.917E+10
  1075.750 2.917E+10
  1076.000 2.912E+10
  1076.250 2.900E+10
  1076.500 2.878E+10
  1076.750 2.868E+10
  1077.000 2.870E+10
  1077.250 2.876E+10
  1077.500 2.879E+10
  1077.750 2.866E+10
  1078.000 2.849E+10
  1078.250 2.840E+10
  1078.500 2.786E+10
  1078.750 2.748E+10
  1079.000 2.773E+10
  1079.250 2.706E+10
  1079.500 2.685E+10
  1079.750 2.774E+10
  1080.000 2.803E+10
  1080.250 2.786E+10
  1080.500 2.726E+10
  1080.750 2.549E+10
  1081.000 2.420E+10
  1081.250 2.554E+10
  1081.500 2.656E+10
  1081.750 2.659E+10
  1082.000 2.632E+10
  1082.250 2.599E+10
  1082.500 2.556E+10
  1082.750 2.479E+10
  1083.000 2.418E+10
  1083.250 2.346E+10
  1083.500 2.251E+10
  1083.750 2.159E+10
  1084.000 2.013E+10
  1084.250 1.834E+10
  1084.500 1.648E+10
  1084.750 1.416E+10
  1085.000 1.337E+10
  1085.250 1.526E+10
  1085.500 1.768E+10
  1085.750 1.964E+10
  1086.000 2.116E+10
  1086.250 2.232E+10
  1086.500 2.323E+10
  1086.750 2.399E+10
  1087.000 2.472E+10
  1087.250 2.529E+10
  1087.500 2.566E+10
  1087.750 2.587E+10
  1088.000 2.609E+10
  1088.250 2.640E+10
  1088.500 2.659E+10
  1088.750 2.677E+10
  1089.000 2.692E+10
  1089.250 2.687E+10
  1089.500 2.664E+10
  1089.750 2.689E+10
  1090.000 2.730E+10
  1090.250 2.743E+10
  1090.500 2.740E+10
  1090.750 2.715E+10
  1091.000 2.697E+10
  1091.250 2.721E+10
  1091.500 2.738E+10
  1091.750 2.744E+10
  1092.000 2.735E+10
  1092.250 2.747E+10
  1092.500 2.759E+10
  1092.750 2.760E+10
  1093.000 2.761E+10
  1093.250 2.755E+10
  1093.500 2.752E+10
  1093.750 2.762E+10
  1094.000 2.767E+10
  1094.250 2.766E+10
  1094.500 2.764E+10
  1094.750 2.760E+10
  1095.000 2.762E+10
  1095.250 2.762E+10
  1095.500 2.760E+10
  1095.750 2.760E+10
  1096.000 2.763E+10
  1096.250 2.770E+10
  1096.500 2.760E+10
  1096.750 2.742E+10
  1097.000 2.754E+10
  1097.250 2.768E+10
  1097.500 2.767E+10
  1097.750 2.764E+10
  1098.000 2.761E+10
  1098.250 2.755E+10
  1098.500 2.755E+10
  1098.750 2.754E+10
  1099.000 2.750E+10
  1099.250 2.745E+10
  1099.500 2.721E+10
  1099.750 2.677E+10
  1100.000 2.690E+10
  1100.250 2.731E+10
  1100.500 2.740E+10
  1100.750 2.739E+10
  1101.000 2.735E+10
  1101.250 2.716E+10
  1101.500 2.676E+10
  1101.750 2.654E+10
  1102.000 2.668E+10
  1102.250 2.708E+10
  1102.500 2.720E+10
  1102.750 2.719E+10
  1103.000 2.715E+10
  1103.250 2.706E+10
  1103.500 2.701E+10
  1103.750 2.703E+10
  1104.000 2.682E+10
  1104.250 2.636E+10
  1104.500 2.643E+10
  1104.750 2.676E+10
  1105.000 2.685E+10
  1105.250 2.682E+10
  1105.500 2.672E+10
  1105.750 2.657E+10
  1106.000 2.636E+10
  1106.250 2.619E+10
  1106.500 2.595E+10
  1106.750 2.544E+10
  1107.000 2.449E+10
  1107.250 2.211E+10
  1107.500 1.815E+10
  1107.750 1.579E+10
  1108.000 1.675E+10
  1108.250 2.039E+10
  1108.500 2.343E+10
  1108.750 2.504E+10
  1109.000 2.574E+10
  1109.250 2.600E+10
  1109.500 2.604E+10
  1109.750 2.583E+10
  1110.000 2.572E+10
  1110.250 2.608E+10
  1110.500 2.614E+10
  1110.750 2.613E+10
  1111.000 2.628E+10
  1111.250 2.634E+10
  1111.500 2.615E+10
  1111.750 2.566E+10
  1112.000 2.566E+10
  1112.250 2.571E+10
  1112.500 2.523E+10
  1112.750 2.526E+10
  1113.000 2.555E+10
  1113.250 2.543E+10
  1113.500 2.592E+10
  1113.750 2.601E+10
  1114.000 2.548E+10
  1114.250 2.530E+10
  1114.500 2.545E+10
  1114.750 2.564E+10
  1115.000 2.539E+10
  1115.250 2.557E+10
  1115.500 2.601E+10
  1115.750 2.592E+10
  1116.000 2.521E+10
  1116.250 2.477E+10
  1116.500 2.495E+10
  1116.750 2.531E+10
  1117.000 2.541E+10
  1117.250 2.496E+10
  1117.500 2.349E+10
  1117.750 2.052E+10
  1118.000 1.865E+10
  1118.250 2.098E+10
  1118.500 2.342E+10
  1118.750 2.478E+10
  1119.000 2.518E+10
  1119.250 2.514E+10
  1119.500 2.548E+10
  1119.750 2.575E+10
  1120.000 2.582E+10
  1120.250 2.579E+10
  1120.500 2.567E+10
  1120.750 2.512E+10
  1121.000 2.443E+10
  1121.250 2.482E+10
  1121.500 2.538E+10
  1121.750 2.527E+10
  1122.000 2.425E+10
  1122.250 2.124E+10
  1122.500 1.907E+10
  1122.750 2.173E+10
  1123.000 2.441E+10
  1123.250 2.511E+10
  1123.500 2.457E+10
  1123.750 2.341E+10
  1124.000 2.401E+10
  1124.250 2.491E+10
  1124.500 2.510E+10
  1124.750 2.514E+10
  1125.000 2.512E+10
  1125.250 2.440E+10
  1125.500 2.230E+10
  1125.750 2.186E+10
  1126.000 2.388E+10
  1126.250 2.489E+10
  1126.500 2.505E+10
  1126.750 2.504E+10
  1127.000 2.492E+10
  1127.250 2.459E+10
  1127.500 2.357E+10
  1127.750 2.122E+10
  1128.000 1.762E+10
  1128.250 1.585E+10
  1128.500 1.830E+10
  1128.750 2.223E+10
  1129.000 2.391E+10
  1129.250 2.430E+10
  1129.500 2.467E+10
  1129.750 2.489E+10
  1130.000 2.495E+10
  1130.250 2.498E+10
  1130.500 2.499E+10
  1130.750 2.484E+10
  1131.000 2.470E+10
  1131.250 2.478E+10
  1131.500 2.480E+10
  1131.750 2.482E+10
  1132.000 2.472E+10
  1132.250 2.468E+10
  1132.500 2.473E+10
  1132.750 2.465E+10
  1133.000 2.446E+10
  1133.250 2.445E+10
  1133.500 2.454E+10
  1133.750 2.465E+10
  1134.000 2.477E+10
  1134.250 2.473E+10
  1134.500 2.468E+10
  1134.750 2.459E+10
  1135.000 2.446E+10
  1135.250 2.441E+10
  1135.500 2.455E+10
  1135.750 2.464E+10
  1136.000 2.459E+10
  1136.250 2.452E+10
  1136.500 2.457E+10
  1136.750 2.461E+10
  1137.000 2.456E+10
  1137.250 2.446E+10
  1137.500 2.436E+10
  1137.750 2.440E+10
  1138.000 2.421E+10
  1138.250 2.296E+10
  1138.500 2.115E+10
  1138.750 2.221E+10
  1139.000 2.395E+10
  1139.250 2.433E+10
  1139.500 2.433E+10
  1139.750 2.433E+10
  1140.000 2.426E+10
  1140.250 2.414E+10
  1140.500 2.403E+10
  1140.750 2.415E+10
  1141.000 2.429E+10
  1141.250 2.428E+10
  1141.500 2.419E+10
  1141.750 2.415E+10
  1142.000 2.412E+10
  1142.250 2.404E+10
  1142.500 2.408E+10
  1142.750 2.412E+10
  1143.000 2.414E+10
  1143.250 2.414E+10
  1143.500 2.405E+10
  1143.750 2.399E+10
  1144.000 2.392E+10
  1144.250 2.378E+10
  1144.500 2.384E+10
  1144.750 2.396E+10
  1145.000 2.395E+10
  1145.250 2.393E+10
  1145.500 2.397E+10
  1145.750 2.399E+10
  1146.000 2.397E+10
  1146.250 2.393E+10
  1146.500 2.386E+10
  1146.750 2.384E+10
  1147.000 2.388E+10
  1147.250 2.389E+10
  1147.500 2.388E+10
  1147.750 2.385E+10
  1148.000 2.382E+10
  1148.250 2.381E+10
  1148.500 2.380E+10
  1148.750 2.369E+10
  1149.000 2.332E+10
  1149.250 2.263E+10
  1149.500 2.115E+10
  1149.750 2.143E+10
  1150.000 2.300E+10
  1150.250 2.341E+10
  1150.500 2.273E+10
  1150.750 2.055E+10
  1151.000 2.036E+10
  1151.250 2.256E+10
  1151.500 2.344E+10
  1151.750 2.347E+10
  1152.000 2.336E+10
  1152.250 2.326E+10
  1152.500 2.295E+10
  1152.750 2.254E+10
  1153.000 2.264E+10
  1153.250 2.267E+10
  1153.500 2.131E+10
  1153.750 1.941E+10
  1154.000 2.091E+10
  1154.250 2.261E+10
  1154.500 2.253E+10
  1154.750 2.255E+10
  1155.000 2.303E+10
  1155.250 2.326E+10
  1155.500 2.328E+10
  1155.750 2.317E+10
  1156.000 2.305E+10
  1156.250 2.308E+10
  1156.500 2.312E+10
  1156.750 2.301E+10
  1157.000 2.245E+10
  1157.250 2.226E+10
  1157.500 2.277E+10
  1157.750 2.301E+10
  1158.000 2.298E+10
  1158.250 2.297E+10
  1158.500 2.305E+10
  1158.750 2.299E+10
  1159.000 2.287E+10
  1159.250 2.290E+10
  1159.500 2.296E+10
  1159.750 2.289E+10
  1160.000 2.252E+10
  1160.250 2.222E+10
  1160.500 2.242E+10
  1160.750 2.273E+10
  1161.000 2.287E+10
  1161.250 2.284E+10
  1161.500 2.275E+10
  1161.750 2.262E+10
  1162.000 2.255E+10
  1162.250 2.259E+10
  1162.500 2.256E+10
  1162.750 2.258E+10
  1163.000 2.264E+10
  1163.250 2.259E+10
  1163.500 2.244E+10
  1163.750 2.220E+10
  1164.000 2.139E+10
  1164.250 1.966E+10
  1164.500 1.900E+10
  1164.750 2.050E+10
  1165.000 2.180E+10
  1165.250 2.185E+10
  1165.500 2.061E+10
  1165.750 1.929E+10
  1166.000 2.018E+10
  1166.250 2.150E+10
  1166.500 2.183E+10
  1166.750 2.179E+10
  1167.000 2.161E+10
  1167.250 2.132E+10
  1167.500 2.081E+10
  1167.750 2.023E+10
  1168.000 1.970E+10
  1168.250 1.855E+10
  1168.500 1.626E+10
  1168.750 1.321E+10
  1169.000 1.241E+10
  1169.250 1.495E+10
  1169.500 1.765E+10
  1169.750 1.928E+10
  1170.000 2.018E+10
  1170.250 2.067E+10
  1170.500 2.101E+10
  1170.750 2.129E+10
  1171.000 2.146E+10
  1171.250 2.144E+10
  1171.500 2.128E+10
  1171.750 2.129E+10
  1172.000 2.146E+10
  1172.250 2.142E+10
  1172.500 2.141E+10
  1172.750 2.169E+10
  1173.000 2.184E+10
  1173.250 2.183E+10
  1173.500 2.176E+10
  1173.750 2.165E+10
  1174.000 2.159E+10
  1174.250 2.130E+10
  1174.500 2.014E+10
  1174.750 1.720E+10
  1175.000 1.441E+10
  1175.250 1.343E+10
  1175.500 1.243E+10
  1175.750 1.172E+10
  1176.000 1.302E+10
  1176.250 1.460E+10
  1176.500 1.696E+10
  1176.750 2.006E+10
  1177.000 2.121E+10
  1177.250 2.149E+10
  1177.500 2.153E+10
  1177.750 2.135E+10
  1178.000 2.138E+10
  1178.250 2.158E+10
  1178.500 2.161E+10
  1178.750 2.142E+10
  1179.000 2.137E+10
  1179.250 2.158E+10
  1179.500 2.163E+10
  1179.750 2.159E+10
  1180.000 2.157E+10
  1180.250 2.158E+10
  1180.500 2.160E+10
  1180.750 2.159E+10
  1181.000 2.159E+10
  1181.250 2.161E+10
  1181.500 2.159E+10
  1181.750 2.154E+10
  1182.000 2.148E+10
  1182.250 2.142E+10
  1182.500 2.121E+10
  1182.750 2.030E+10
  1183.000 1.926E+10
  1183.250 2.022E+10
  1183.500 2.116E+10
  1183.750 2.129E+10
  1184.000 2.116E+10
  1184.250 2.016E+10
  1184.500 1.873E+10
  1184.750 1.975E+10
  1185.000 2.109E+10
  1185.250 2.131E+10
  1185.500 2.128E+10
  1185.750 2.114E+10
  1186.000 2.106E+10
  1186.250 2.118E+10
  1186.500 2.120E+10
  1186.750 2.120E+10
  1187.000 2.120E+10
  1187.250 2.106E+10
  1187.500 2.081E+10
  1187.750 2.074E+10
  1188.000 2.073E+10
  1188.250 2.095E+10
  1188.500 2.109E+10
  1188.750 2.110E+10
  1189.000 2.110E+10
  1189.250 2.105E+10
  1189.500 2.096E+10
  1189.750 2.096E+10
  1190.000 2.091E+10
  1190.250 2.075E+10
  1190.500 2.079E+10
  1190.750 2.091E+10
  1191.000 2.091E+10
  1191.250 2.091E+10
  1191.500 2.091E+10
  1191.750 2.088E+10
  1192.000 2.085E+10
  1192.250 2.080E+10
  1192.500 2.066E+10
  1192.750 2.018E+10
  1193.000 1.973E+10
  1193.250 2.021E+10
  1193.500 2.059E+10
  1193.750 2.040E+10
  1194.000 1.979E+10
  1194.250 1.814E+10
  1194.500 1.698E+10
  1194.750 1.864E+10
  1195.000 1.971E+10
  1195.250 1.995E+10
  1195.500 2.019E+10
  1195.750 2.009E+10
  1196.000 1.968E+10
  1196.250 1.953E+10
  1196.500 1.969E+10
  1196.750 1.992E+10
  1197.000 2.002E+10
  1197.250 1.970E+10
  1197.500 1.964E+10
  1197.750 1.989E+10
  1198.000 1.969E+10
  1198.250 1.837E+10
  1198.500 1.681E+10
  1198.750 1.780E+10
  1199.000 1.943E+10
  1199.250 1.963E+10
  1199.500 1.961E+10
  1199.750 1.991E+10
  1200.000 1.986E+10
  1200.250 1.977E+10
  1200.500 1.986E+10
  1200.750 1.974E+10
  1201.000 1.968E+10
  1201.250 1.975E+10
  1201.500 1.969E+10
  1201.750 1.927E+10
  1202.000 1.910E+10
  1202.250 1.947E+10
  1202.500 1.946E+10
  1202.750 1.944E+10
  1203.000 1.954E+10
  1203.250 1.926E+10
  1203.500 1.918E+10
  1203.750 1.931E+10
  1204.000 1.949E+10
  1204.250 1.957E+10
  1204.500 1.947E+10
  1204.750 1.936E+10
  1205.000 1.924E+10
  1205.250 1.903E+10
  1205.500 1.893E+10
  1205.750 1.887E+10
  1206.000 1.872E+10
  1206.250 1.840E+10
  1206.500 1.796E+10
  1206.750 1.835E+10
  1207.000 1.869E+10
  1207.250 1.849E+10
  1207.500 1.830E+10
  1207.750 1.836E+10
  1208.000 1.820E+10
  1208.250 1.795E+10
  1208.500 1.804E+10
  1208.750 1.800E+10
  1209.000 1.783E+10
  1209.250 1.774E+10
  1209.500 1.754E+10
  1209.750 1.719E+10
  1210.000 1.674E+10
  1210.250 1.648E+10
  1210.500 1.634E+10
  1210.750 1.635E+10
  1211.000 1.640E+10
  1211.250 1.627E+10
  1211.500 1.594E+10
  1211.750 1.559E+10
  1212.000 1.543E+10
  1212.250 1.526E+10
  1212.500 1.494E+10
  1212.750 1.451E+10
  1213.000 1.405E+10
  1213.250 1.375E+10
  1213.500 1.349E+10
  1213.750 1.310E+10
  1214.000 1.265E+10
  1214.250 1.214E+10
  1214.500 1.154E+10
  1214.750 1.072E+10
  1215.000 9.695E+09
  1215.250 9.098E+09
  1215.500 8.788E+09
  1215.750 8.771E+09
  1216.000 9.486E+09
  1216.250 1.029E+10
  1216.500 1.095E+10
  1216.750 1.155E+10
  1217.000 1.210E+10
  1217.250 1.262E+10
  1217.500 1.307E+10
  1217.750 1.345E+10
  1218.000 1.384E+10
  1218.250 1.421E+10
  1218.500 1.454E+10
  1218.750 1.485E+10
  1219.000 1.514E+10
  1219.250 1.540E+10
  1219.500 1.564E+10
  1219.750 1.586E+10
  1220.000 1.604E+10
  1220.250 1.616E+10
  1220.500 1.631E+10
  1220.750 1.644E+10
  1221.000 1.656E+10
  1221.250 1.681E+10
  1221.500 1.702E+10
  1221.750 1.706E+10
  1222.000 1.699E+10
  1222.250 1.715E+10
  1222.500 1.739E+10
  1222.750 1.737E+10
  1223.000 1.745E+10
  1223.250 1.760E+10
  1223.500 1.768E+10
  1223.750 1.766E+10
  1224.000 1.766E+10
  1224.250 1.781E+10
  1224.500 1.782E+10
  1224.750 1.780E+10
  1225.000 1.786E+10
  1225.250 1.802E+10
  1225.500 1.815E+10
  1225.750 1.819E+10
  1226.000 1.825E+10
  1226.250 1.828E+10
  1226.500 1.834E+10
  1226.750 1.836E+10
  1227.000 1.829E+10
  1227.250 1.823E+10
  1227.500 1.820E+10
  1227.750 1.806E+10
  1228.000 1.806E+10
  1228.250 1.792E+10
  1228.500 1.757E+10
  1228.750 1.762E+10
  1229.000 1.790E+10
  1229.250 1.800E+10
  1229.500 1.786E+10
  1229.750 1.696E+10
  1230.000 1.540E+10
  1230.250 1.493E+10
  1230.500 1.461E+10
  1230.750 1.566E+10
  1231.000 1.722E+10
  1231.250 1.806E+10
  1231.500 1.829E+10
  1231.750 1.821E+10
  1232.000 1.819E+10
  1232.250 1.808E+10
  1232.500 1.772E+10
  1232.750 1.769E+10
  1233.000 1.777E+10
  1233.250 1.789E+10
  1233.500 1.805E+10
  1233.750 1.811E+10
  1234.000 1.796E+10
  1234.250 1.789E+10
  1234.500 1.793E+10
  1234.750 1.809E+10
  1235.000 1.834E+10
  1235.250 1.841E+10
  1235.500 1.828E+10
  1235.750 1.797E+10
  1236.000 1.795E+10
  1236.250 1.805E+10
  1236.500 1.809E+10
  1236.750 1.793E+10
  1237.000 1.777E+10
  1237.250 1.789E+10
  1237.500 1.808E+10
  1237.750 1.811E+10
  1238.000 1.792E+10
  1238.250 1.752E+10
  1238.500 1.588E+10
  1238.750 1.329E+10
  1239.000 1.424E+10
  1239.250 1.686E+10
  1239.500 1.769E+10
  1239.750 1.778E+10
  1240.000 1.776E+10
  1240.250 1.787E+10
  1240.500 1.807E+10
  1240.750 1.802E+10
  1241.000 1.778E+10
  1241.250 1.758E+10
  1241.500 1.743E+10
  1241.750 1.741E+10
  1242.000 1.709E+10
  1242.250 1.657E+10
  1242.500 1.525E+10
  1242.750 1.356E+10
  1243.000 1.476E+10
  1243.250 1.677E+10
  1243.500 1.743E+10
  1243.750 1.759E+10
  1244.000 1.719E+10
  1244.250 1.708E+10
  1244.500 1.770E+10
  1244.750 1.768E+10
  1245.000 1.713E+10
  1245.250 1.700E+10
  1245.500 1.733E+10
  1245.750 1.744E+10
  1246.000 1.749E+10
  1246.250 1.764E+10
  1246.500 1.763E+10
  1246.750 1.744E+10
  1247.000 1.660E+10
  1247.250 1.459E+10
  1247.500 1.447E+10
  1247.750 1.640E+10
  1248.000 1.692E+10
  1248.250 1.698E+10
  1248.500 1.741E+10
  1248.750 1.765E+10
  1249.000 1.774E+10
  1249.250 1.754E+10
  1249.500 1.721E+10
  1249.750 1.742E+10
  1250.000 1.739E+10
  1250.250 1.687E+10
  1250.500 1.655E+10
  1250.750 1.675E+10
  1251.000 1.721E+10
  1251.250 1.758E+10
  1251.500 1.757E+10
  1251.750 1.712E+10
  1252.000 1.674E+10
  1252.250 1.670E+10
  1252.500 1.688E+10
  1252.750 1.670E+10
  1253.000 1.679E+10
  1253.250 1.693E+10
  1253.500 1.662E+10
  1253.750 1.637E+10
  1254.000 1.663E+10
  1254.250 1.703E+10
  1254.500 1.729E+10
  1254.750 1.746E+10
  1255.000 1.750E+10
  1255.250 1.747E+10
  1255.500 1.723E+10
  1255.750 1.699E+10
  1256.000 1.705E+10
  1256.250 1.677E+10
  1256.500 1.643E+10
  1256.750 1.681E+10
  1257.000 1.698E+10
  1257.250 1.679E+10
  1257.500 1.664E+10
  1257.750 1.672E+10
  1258.000 1.691E+10
  1258.250 1.705E+10
  1258.500 1.716E+10
  1258.750 1.714E+10
  1259.000 1.702E+10
  1259.250 1.703E+10
  1259.500 1.697E+10
  1259.750 1.690E+10
  1260.000 1.689E+10
  1260.250 1.659E+10
  1260.500 1.656E+10
  1260.750 1.668E+10
  1261.000 1.649E+10
  1261.250 1.626E+10
  1261.500 1.648E+10
  1261.750 1.668E+10
  1262.000 1.701E+10
  1262.250 1.719E+10
  1262.500 1.707E+10
  1262.750 1.706E+10
  1263.000 1.703E+10
  1263.250 1.683E+10
  1263.500 1.680E+10
  1263.750 1.702E+10
  1264.000 1.704E+10
  1264.250 1.661E+10
  1264.500 1.615E+10
  1264.750 1.647E+10
  1265.000 1.689E+10
  1265.250 1.698E+10
  1265.500 1.646E+10
  1265.750 1.564E+10
  1266.000 1.545E+10
  1266.250 1.557E+10
  1266.500 1.585E+10
  1266.750 1.613E+10
  1267.000 1.566E+10
  1267.250 1.540E+10
  1267.500 1.615E+10
  1267.750 1.636E+10
  1268.000 1.640E+10
  1268.250 1.668E+10
  1268.500 1.688E+10
  1268.750 1.682E+10
  1269.000 1.673E+10
  1269.250 1.662E+10
  1269.500 1.656E+10
  1269.750 1.656E+10
  1270.000 1.648E+10
  1270.250 1.611E+10
  1270.500 1.579E+10
  1270.750 1.602E+10
  1271.000 1.636E+10
  1271.250 1.646E+10
  1271.500 1.657E+10
  1271.750 1.654E+10
  1272.000 1.618E+10
  1272.250 1.627E+10
  1272.500 1.644E+10
  1272.750 1.633E+10
  1273.000 1.627E+10
  1273.250 1.623E+10
  1273.500 1.632E+10
  1273.750 1.609E+10
  1274.000 1.619E+10
  1274.250 1.648E+10
  1274.500 1.659E+10
  1274.750 1.654E+10
  1275.000 1.658E+10
  1275.250 1.670E+10
  1275.500 1.669E+10
  1275.750 1.657E+10
  1276.000 1.640E+10
  1276.250 1.622E+10
  1276.500 1.598E+10
  1276.750 1.553E+10
  1277.000 1.524E+10
  1277.250 1.592E+10
  1277.500 1.639E+10
  1277.750 1.651E+10
  1278.000 1.643E+10
  1278.250 1.616E+10
  1278.500 1.607E+10
  1278.750 1.569E+10
  1279.000 1.554E+10
  1279.250 1.589E+10
  1279.500 1.560E+10
  1279.750 1.550E+10
  1280.000 1.586E+10
  1280.250 1.581E+10
  1280.500 1.574E+10
  1280.750 1.608E+10
  1281.000 1.615E+10
  1281.250 1.579E+10
  1281.500 1.572E+10
  1281.750 1.582E+10
  1282.000 1.556E+10
  1282.250 1.540E+10
  1282.500 1.571E+10
  1282.750 1.601E+10
  1283.000 1.617E+10
  1283.250 1.614E+10
  1283.500 1.611E+10
  1283.750 1.602E+10
  1284.000 1.566E+10
  1284.250 1.558E+10
  1284.500 1.578E+10
  1284.750 1.607E+10
  1285.000 1.608E+10
  1285.250 1.577E+10
  1285.500 1.572E+10
  1285.750 1.564E+10
  1286.000 1.546E+10
  1286.250 1.568E+10
  1286.500 1.597E+10
  1286.750 1.582E+10
  1287.000 1.528E+10
  1287.250 1.544E+10
  1287.500 1.563E+10
  1287.750 1.560E+10
  1288.000 1.550E+10
  1288.250 1.539E+10
  1288.500 1.569E+10
  1288.750 1.577E+10
  1289.000 1.588E+10
  1289.250 1.603E+10
  1289.500 1.599E+10
  1289.750 1.586E+10
  1290.000 1.584E+10
  1290.250 1.586E+10
  1290.500 1.591E+10
  1290.750 1.599E+10
  1291.000 1.587E+10
  1291.250 1.571E+10
  1291.500 1.580E+10
  1291.750 1.587E+10
  1292.000 1.578E+10
  1292.250 1.571E+10
  1292.500 1.570E+10
  1292.750 1.579E+10
  1293.000 1.567E+10
  1293.250 1.525E+10
  1293.500 1.535E+10
  1293.750 1.576E+10
  1294.000 1.584E+10
  1294.250 1.575E+10
  1294.500 1.555E+10
  1294.750 1.560E+10
  1295.000 1.556E+10
  1295.250 1.536E+10
  1295.500 1.539E+10
  1295.750 1.515E+10
  1296.000 1.423E+10
  1296.250 1.277E+10
  1296.500 1.295E+10
  1296.750 1.417E+10
  1297.000 1.507E+10
  1297.250 1.536E+10
  1297.500 1.510E+10
  1297.750 1.528E+10
  1298.000 1.559E+10
  1298.250 1.568E+10
  1298.500 1.548E+10
  1298.750 1.499E+10
  1299.000 1.500E+10
  1299.250 1.547E+10
  1299.500 1.561E+10
  1299.750 1.556E+10
  1300.000 1.557E+10
  1300.250 1.553E+10
  1300.500 1.524E+10
  1300.750 1.483E+10
  1301.000 1.469E+10
  1301.250 1.499E+10
  1301.500 1.520E+10
  1301.750 1.519E+10
  1302.000 1.532E+10
  1302.250 1.533E+10
  1302.500 1.519E+10
  1302.750 1.493E+10
  1303.000 1.493E+10
  1303.250 1.470E+10
  1303.500 1.444E+10
  1303.750 1.495E+10
  1304.000 1.536E+10
  1304.250 1.542E+10
  1304.500 1.518E+10
  1304.750 1.470E+10
  1305.000 1.482E+10
  1305.250 1.526E+10
  1305.500 1.518E+10
  1305.750 1.474E+10
  1306.000 1.419E+10
  1306.250 1.427E+10
  1306.500 1.454E+10
  1306.750 1.472E+10
  1307.000 1.494E+10
  1307.250 1.450E+10
  1307.500 1.418E+10
  1307.750 1.465E+10
  1308.000 1.510E+10
  1308.250 1.502E+10
  1308.500 1.440E+10
  1308.750 1.409E+10
  1309.000 1.467E+10
  1309.250 1.474E+10
  1309.500 1.443E+10
  1309.750 1.441E+10
  1310.000 1.451E+10
  1310.250 1.469E+10
  1310.500 1.492E+10
  1310.750 1.486E+10
  1311.000 1.454E+10
  1311.250 1.456E+10
  1311.500 1.468E+10
  1311.750 1.444E+10
  1312.000 1.456E+10
  1312.250 1.488E+10
  1312.500 1.471E+10
  1312.750 1.452E+10
  1313.000 1.467E+10
  1313.250 1.462E+10
  1313.500 1.475E+10
  1313.750 1.493E+10
  1314.000 1.480E+10
  1314.250 1.410E+10
  1314.500 1.372E+10
  1314.750 1.412E+10
  1315.000 1.448E+10
  1315.250 1.452E+10
  1315.500 1.401E+10
  1315.750 1.352E+10
  1316.000 1.394E+10
  1316.250 1.460E+10
  1316.500 1.484E+10
  1316.750 1.475E+10
  1317.000 1.464E+10
  1317.250 1.456E+10
  1317.500 1.426E+10
  1317.750 1.388E+10
  1318.000 1.383E+10
  1318.250 1.363E+10
  1318.500 1.364E+10
  1318.750 1.439E+10
  1319.000 1.468E+10
  1319.250 1.455E+10
  1319.500 1.459E+10
  1319.750 1.466E+10
  1320.000 1.459E+10
  1320.250 1.403E+10
  1320.500 1.371E+10
  1320.750 1.409E+10
  1321.000 1.429E+10
  1321.250 1.366E+10
  1321.500 1.337E+10
  1321.750 1.397E+10
  1322.000 1.445E+10
  1322.250 1.473E+10
  1322.500 1.478E+10
  1322.750 1.468E+10
  1323.000 1.424E+10
  1323.250 1.367E+10
  1323.500 1.389E+10
  1323.750 1.413E+10
  1324.000 1.392E+10
  1324.250 1.376E+10
  1324.500 1.398E+10
  1324.750 1.432E+10
  1325.000 1.442E+10
  1325.250 1.453E+10
  1325.500 1.446E+10
  1325.750 1.419E+10
  1326.000 1.433E+10
  1326.250 1.444E+10
  1326.500 1.434E+10
  1326.750 1.432E+10
  1327.000 1.414E+10
  1327.250 1.419E+10
  1327.500 1.439E+10
  1327.750 1.441E+10
  1328.000 1.438E+10
  1328.250 1.443E+10
  1328.500 1.444E+10
  1328.750 1.433E+10
  1329.000 1.399E+10
  1329.250 1.370E+10
  1329.500 1.388E+10
  1329.750 1.407E+10
  1330.000 1.401E+10
  1330.250 1.357E+10
  1330.500 1.340E+10
  1330.750 1.389E+10
  1331.000 1.387E+10
  1331.250 1.371E+10
  1331.500 1.355E+10
  1331.750 1.368E+10
  1332.000 1.412E+10
  1332.250 1.424E+10
  1332.500 1.419E+10
  1332.750 1.409E+10
  1333.000 1.403E+10
  1333.250 1.407E+10
  1333.500 1.413E+10
  1333.750 1.403E+10
  1334.000 1.379E+10
  1334.250 1.381E+10
  1334.500 1.403E+10
  1334.750 1.411E+10
  1335.000 1.405E+10
  1335.250 1.411E+10
  1335.500 1.396E+10
  1335.750 1.364E+10
  1336.000 1.345E+10
  1336.250 1.356E+10
  1336.500 1.385E+10
  1336.750 1.379E+10
  1337.000 1.374E+10
  1337.250 1.391E+10
  1337.500 1.392E+10
  1337.750 1.377E+10
  1338.000 1.391E+10
  1338.250 1.410E+10
  1338.500 1.403E+10
  1338.750 1.371E+10
  1339.000 1.366E+10
  1339.250 1.379E+10
  1339.500 1.363E+10
  1339.750 1.350E+10
  1340.000 1.384E+10
  1340.250 1.393E+10
  1340.500 1.393E+10
  1340.750 1.399E+10
  1341.000 1.394E+10
  1341.250 1.396E+10
  1341.500 1.402E+10
  1341.750 1.399E+10
  1342.000 1.379E+10
  1342.250 1.364E+10
  1342.500 1.380E+10
  1342.750 1.382E+10
  1343.000 1.356E+10
  1343.250 1.354E+10
  1343.500 1.374E+10
  1343.750 1.376E+10
  1344.000 1.367E+10
  1344.250 1.362E+10
  1344.500 1.367E+10
  1344.750 1.381E+10
  1345.000 1.383E+10
  1345.250 1.352E+10
  1345.500 1.290E+10
  1345.750 1.293E+10
  1346.000 1.354E+10
  1346.250 1.378E+10
  1346.500 1.383E+10
  1346.750 1.384E+10
  1347.000 1.376E+10
  1347.250 1.357E+10
  1347.500 1.315E+10
  1347.750 1.259E+10
  1348.000 1.288E+10
  1348.250 1.336E+10
  1348.500 1.352E+10
  1348.750 1.331E+10
  1349.000 1.295E+10
  1349.250 1.297E+10
  1349.500 1.328E+10
  1349.750 1.349E+10
  1350.000 1.346E+10
  1350.250 1.329E+10
  1350.500 1.314E+10
  1350.750 1.327E+10
  1351.000 1.343E+10
  1351.250 1.315E+10
  1351.500 1.273E+10
  1351.750 1.298E+10
  1352.000 1.340E+10
  1352.250 1.359E+10
  1352.500 1.356E+10
  1352.750 1.342E+10
  1353.000 1.337E+10
  1353.250 1.337E+10
  1353.500 1.313E+10
  1353.750 1.290E+10
  1354.000 1.324E+10
  1354.250 1.350E+10
  1354.500 1.337E+10
  1354.750 1.290E+10
  1355.000 1.281E+10
  1355.250 1.299E+10
  1355.500 1.296E+10
  1355.750 1.314E+10
  1356.000 1.333E+10
  1356.250 1.339E+10
  1356.500 1.347E+10
  1356.750 1.336E+10
  1357.000 1.300E+10
  1357.250 1.293E+10
  1357.500 1.276E+10
  1357.750 1.253E+10
  1358.000 1.294E+10
  1358.250 1.295E+10
  1358.500 1.262E+10
  1358.750 1.252E+10
  1359.000 1.233E+10
  1359.250 1.244E+10
  1359.500 1.283E+10
  1359.750 1.327E+10
  1360.000 1.339E+10
  1360.250 1.339E+10
  1360.500 1.339E+10
  1360.750 1.334E+10
  1361.000 1.302E+10
  1361.250 1.219E+10
  1361.500 1.158E+10
  1361.750 1.161E+10
  1362.000 1.250E+10
  1362.250 1.314E+10
  1362.500 1.306E+10
  1362.750 1.238E+10
  1363.000 1.179E+10
  1363.250 1.205E+10
  1363.500 1.212E+10
  1363.750 1.208E+10
  1364.000 1.261E+10
  1364.250 1.311E+10
  1364.500 1.308E+10
  1364.750 1.257E+10
  1365.000 1.223E+10
  1365.250 1.230E+10
  1365.500 1.224E+10
  1365.750 1.233E+10
  1366.000 1.258E+10
  1366.250 1.290E+10
  1366.500 1.312E+10
  1366.750 1.309E+10
  1367.000 1.292E+10
  1367.250 1.288E+10
  1367.500 1.307E+10
  1367.750 1.316E+10
  1368.000 1.311E+10
  1368.250 1.302E+10
  1368.500 1.306E+10
  1368.750 1.312E+10
  1369.000 1.311E+10
  1369.250 1.309E+10
  1369.500 1.308E+10
  1369.750 1.306E+10
  1370.000 1.296E+10
  1370.250 1.275E+10
  1370.500 1.261E+10
  1370.750 1.207E+10
  1371.000 1.093E+10
  1371.250 9.974E+09
  1371.500 1.081E+10
  1371.750 1.187E+10
  1372.000 1.225E+10
  1372.250 1.267E+10
  1372.500 1.271E+10
  1372.750 1.269E+10
  1373.000 1.281E+10
  1373.250 1.251E+10
  1373.500 1.140E+10
  1373.750 1.088E+10
  1374.000 1.120E+10
  1374.250 1.182E+10
  1374.500 1.227E+10
  1374.750 1.219E+10
  1375.000 1.248E+10
  1375.250 1.263E+10
  1375.500 1.255E+10
  1375.750 1.250E+10
  1376.000 1.232E+10
  1376.250 1.143E+10
  1376.500 1.136E+10
  1376.750 1.239E+10
  1377.000 1.278E+10
  1377.250 1.276E+10
  1377.500 1.255E+10
  1377.750 1.230E+10
  1378.000 1.220E+10
  1378.250 1.210E+10
  1378.500 1.172E+10
  1378.750 1.175E+10
  1379.000 1.188E+10
  1379.250 1.217E+10
  1379.500 1.251E+10
  1379.750 1.244E+10
  1380.000 1.202E+10
  1380.250 1.200E+10
  1380.500 1.245E+10
  1380.750 1.265E+10
  1381.000 1.259E+10
  1381.250 1.214E+10
  1381.500 1.118E+10
  1381.750 1.104E+10
  1382.000 1.194E+10
  1382.250 1.227E+10
  1382.500 1.229E+10
  1382.750 1.246E+10
  1383.000 1.256E+10
  1383.250 1.261E+10
  1383.500 1.259E+10
  1383.750 1.233E+10
  1384.000 1.176E+10
  1384.250 1.174E+10
  1384.500 1.219E+10
  1384.750 1.233E+10
  1385.000 1.225E+10
  1385.250 1.191E+10
  1385.500 1.169E+10
  1385.750 1.176E+10
  1386.000 1.219E+10
  1386.250 1.228E+10
  1386.500 1.225E+10
  1386.750 1.215E+10
  1387.000 1.165E+10
  1387.250 1.144E+10
  1387.500 1.180E+10
  1387.750 1.163E+10
  1388.000 1.098E+10
  1388.250 1.112E+10
  1388.500 1.182E+10
  1388.750 1.201E+10
  1389.000 1.177E+10
  1389.250 1.207E+10
  1389.500 1.232E+10
  1389.750 1.234E+10
  1390.000 1.233E+10
  1390.250 1.231E+10
  1390.500 1.198E+10
  1390.750 1.151E+10
  1391.000 1.164E+10
  1391.250 1.202E+10
  1391.500 1.225E+10
  1391.750 1.227E+10
  1392.000 1.197E+10
  1392.250 1.155E+10
  1392.500 1.174E+10
  1392.750 1.182E+10
  1393.000 1.136E+10
  1393.250 1.076E+10
  1393.500 9.503E+09
  1393.750 8.490E+09
  1394.000 9.326E+09
  1394.250 1.037E+10
  1394.500 1.077E+10
  1394.750 1.112E+10
  1395.000 1.180E+10
  1395.250 1.209E+10
  1395.500 1.212E+10
  1395.750 1.209E+10
  1396.000 1.193E+10
  1396.250 1.191E+10
  1396.500 1.203E+10
  1396.750 1.202E+10
  1397.000 1.179E+10
  1397.250 1.167E+10
  1397.500 1.174E+10
  1397.750 1.143E+10
  1398.000 1.105E+10
  1398.250 1.138E+10
  1398.500 1.196E+10
  1398.750 1.207E+10
  1399.000 1.207E+10
  1399.250 1.213E+10
  1399.500 1.213E+10
  1399.750 1.195E+10
  1400.000 1.151E+10
  1400.250 1.119E+10
  1400.500 1.150E+10
  1400.750 1.175E+10
  1401.000 1.186E+10
  1401.250 1.193E+10
  1401.500 1.197E+10
  1401.750 1.189E+10
  1402.000 1.158E+10
  1402.250 1.064E+10
  1402.500 9.382E+09
  1402.750 8.736E+09
  1403.000 9.649E+09
  1403.250 1.061E+10
  1403.500 1.121E+10
  1403.750 1.164E+10
  1404.000 1.157E+10
  1404.250 1.146E+10
  1404.500 1.171E+10
  1404.750 1.188E+10
  1405.000 1.185E+10
  1405.250 1.173E+10
  1405.500 1.174E+10
  1405.750 1.170E+10
  1406.000 1.156E+10
  1406.250 1.148E+10
  1406.500 1.078E+10
  1406.750 1.003E+10
  1407.000 1.030E+10
  1407.250 1.078E+10
  1407.500 1.135E+10
  1407.750 1.155E+10
  1408.000 1.126E+10
  1408.250 1.131E+10
  1408.500 1.151E+10
  1408.750 1.106E+10
  1409.000 1.031E+10
  1409.250 9.887E+09
  1409.500 1.011E+10
  1409.750 1.058E+10
  1410.000 1.114E+10
  1410.250 1.166E+10
  1410.500 1.182E+10
  1410.750 1.175E+10
  1411.000 1.150E+10
  1411.250 1.116E+10
  1411.500 1.082E+10
  1411.750 1.120E+10
  1412.000 1.166E+10
  1412.250 1.172E+10
  1412.500 1.154E+10
  1412.750 1.153E+10
  1413.000 1.169E+10
  1413.250 1.169E+10
  1413.500 1.168E+10
  1413.750 1.171E+10
  1414.000 1.167E+10
  1414.250 1.155E+10
  1414.500 1.137E+10
  1414.750 1.101E+10
  1415.000 1.058E+10
  1415.250 1.053E+10
  1415.500 1.111E+10
  1415.750 1.146E+10
  1416.000 1.129E+10
  1416.250 1.097E+10
  1416.500 1.118E+10
  1416.750 1.126E+10
  1417.000 1.111E+10
  1417.250 1.131E+10
  1417.500 1.146E+10
  1417.750 1.131E+10
  1418.000 1.078E+10
  1418.250 1.078E+10
  1418.500 1.134E+10
  1418.750 1.154E+10
  1419.000 1.143E+10
  1419.250 1.128E+10
  1419.500 1.107E+10
  1419.750 1.096E+10
  1420.000 1.075E+10
  1420.250 1.024E+10
  1420.500 9.874E+09
  1420.750 1.034E+10
  1421.000 1.078E+10
  1421.250 1.103E+10
  1421.500 1.134E+10
  1421.750 1.141E+10
  1422.000 1.131E+10
  1422.250 1.115E+10
  1422.500 1.104E+10
  1422.750 1.125E+10
  1423.000 1.137E+10
  1423.250 1.133E+10
  1423.500 1.127E+10
  1423.750 1.131E+10
  1424.000 1.126E+10
  1424.250 1.091E+10
  1424.500 1.086E+10
  1424.750 1.113E+10
  1425.000 1.109E+10
  1425.250 1.107E+10
  1425.500 1.102E+10
  1425.750 1.097E+10
  1426.000 1.091E+10
  1426.250 1.047E+10
  1426.500 1.036E+10
  1426.750 1.095E+10
  1427.000 1.109E+10
  1427.250 1.065E+10
  1427.500 1.028E+10
  1427.750 1.000E+10
  1428.000 9.853E+09
  1428.250 1.012E+10
  1428.500 1.037E+10
  1428.750 1.034E+10
  1429.000 1.018E+10
  1429.250 1.025E+10
  1429.500 1.036E+10
  1429.750 1.089E+10
  1430.000 1.094E+10
  1430.250 1.023E+10
  1430.500 9.624E+09
  1430.750 9.994E+09
  1431.000 1.071E+10
  1431.250 1.092E+10
  1431.500 1.094E+10
  1431.750 1.097E+10
  1432.000 1.100E+10
  1432.250 1.110E+10
  1432.500 1.109E+10
  1432.750 1.092E+10
  1433.000 1.078E+10
  1433.250 1.095E+10
  1433.500 1.114E+10
  1433.750 1.119E+10
  1434.000 1.115E+10
  1434.250 1.108E+10
  1434.500 1.107E+10
  1434.750 1.096E+10
  1435.000 1.062E+10
  1435.250 1.070E+10
  1435.500 1.098E+10
  1435.750 1.106E+10
  1436.000 1.110E+10
  1436.250 1.111E+10
  1436.500 1.107E+10
  1436.750 1.092E+10
  1437.000 1.082E+10
  1437.250 1.073E+10
  1437.500 1.052E+10
  1437.750 1.066E+10
  1438.000 1.090E+10
  1438.250 1.095E+10
  1438.500 1.088E+10
  1438.750 1.068E+10
  1439.000 1.047E+10
  1439.250 1.068E+10
  1439.500 1.082E+10
  1439.750 1.079E+10
  1440.000 1.067E+10
  1440.250 1.014E+10
  1440.500 9.553E+09
  1440.750 9.524E+09
  1441.000 9.765E+09
  1441.250 1.039E+10
  1441.500 1.082E+10
  1441.750 1.081E+10
  1442.000 1.043E+10
  1442.250 1.014E+10
  1442.500 1.053E+10
  1442.750 1.079E+10
  1443.000 1.071E+10
  1443.250 1.065E+10
  1443.500 1.080E+10
  1443.750 1.087E+10
  1444.000 1.082E+10
  1444.250 1.065E+10
  1444.500 1.059E+10
  1444.750 1.065E+10
  1445.000 1.060E+10
  1445.250 1.067E+10
  1445.500 1.064E+10
  1445.750 1.046E+10
  1446.000 1.041E+10
  1446.250 1.030E+10
  1446.500 9.936E+09
  1446.750 1.010E+10
  1447.000 1.061E+10
  1447.250 1.072E+10
  1447.500 1.061E+10
  1447.750 1.050E+10
  1448.000 1.053E+10
  1448.250 1.034E+10
  1448.500 9.950E+09
  1448.750 9.684E+09
  1449.000 9.926E+09
  1449.250 1.048E+10
  1449.500 1.049E+10
  1449.750 1.001E+10
  1450.000 1.001E+10
  1450.250 1.049E+10
  1450.500 1.064E+10
  1450.750 1.048E+10
  1451.000 1.020E+10
  1451.250 1.021E+10
  1451.500 1.045E+10
  1451.750 1.054E+10
  1452.000 1.042E+10
  1452.250 1.018E+10
  1452.500 1.020E+10
  1452.750 1.022E+10
  1453.000 1.016E+10
  1453.250 1.022E+10
  1453.500 9.933E+09
  1453.750 9.871E+09
  1454.000 1.001E+10
  1454.250 1.003E+10
  1454.500 9.922E+09
  1454.750 9.950E+09
  1455.000 1.034E+10
  1455.250 1.019E+10
  1455.500 9.729E+09
  1455.750 9.897E+09
  1456.000 9.777E+09
  1456.250 9.462E+09
  1456.500 1.000E+10
  1456.750 1.042E+10
  1457.000 1.050E+10
  1457.250 1.036E+10
  1457.500 1.008E+10
  1457.750 9.926E+09
  1458.000 1.022E+10
  1458.250 1.037E+10
  1458.500 1.027E+10
  1458.750 1.028E+10
  1459.000 1.018E+10
  1459.250 9.943E+09
  1459.500 9.813E+09
  1459.750 9.362E+09
  1460.000 9.676E+09
  1460.250 1.013E+10
  1460.500 9.951E+09
  1460.750 9.696E+09
  1461.000 9.926E+09
  1461.250 1.021E+10
  1461.500 1.030E+10
  1461.750 1.032E+10
  1462.000 1.023E+10
  1462.250 1.008E+10
  1462.500 9.808E+09
  1462.750 9.864E+09
  1463.000 1.027E+10
  1463.250 1.038E+10
  1463.500 1.026E+10
  1463.750 1.014E+10
  1464.000 1.007E+10
  1464.250 9.873E+09
  1464.500 9.600E+09
  1464.750 9.278E+09
  1465.000 9.623E+09
  1465.250 9.666E+09
  1465.500 9.664E+09
  1465.750 9.981E+09
  1466.000 1.015E+10
  1466.250 1.019E+10
  1466.500 9.800E+09
  1466.750 9.621E+09
  1467.000 9.938E+09
  1467.250 1.007E+10
  1467.500 1.018E+10
  1467.750 1.026E+10
  1468.000 1.020E+10
  1468.250 1.021E+10
  1468.500 1.016E+10
  1468.750 9.615E+09
  1469.000 9.222E+09
  1469.250 9.818E+09
  1469.500 1.019E+10
  1469.750 1.020E+10
  1470.000 1.020E+10
  1470.250 1.013E+10
  1470.500 1.006E+10
  1470.750 1.014E+10
  1471.000 1.011E+10
  1471.250 9.944E+09
  1471.500 1.002E+10
  1471.750 1.001E+10
  1472.000 9.606E+09
  1472.250 9.395E+09
  1472.500 9.322E+09
  1472.750 9.592E+09
  1473.000 9.854E+09
  1473.250 9.905E+09
  1473.500 1.008E+10
  1473.750 1.013E+10
  1474.000 1.004E+10
  1474.250 9.929E+09
  1474.500 9.956E+09
  1474.750 1.003E+10
  1475.000 1.006E+10
  1475.250 9.931E+09
  1475.500 9.683E+09
  1475.750 9.741E+09
  1476.000 9.928E+09
  1476.250 9.876E+09
  1476.500 9.669E+09
  1476.750 9.397E+09
  1477.000 9.535E+09
  1477.250 9.688E+09
  1477.500 9.103E+09
  1477.750 8.561E+09
  1478.000 8.630E+09
  1478.250 8.933E+09
  1478.500 9.437E+09
  1478.750 9.708E+09
  1479.000 9.793E+09
  1479.250 9.508E+09
  1479.500 9.259E+09
  1479.750 9.689E+09
  1480.000 9.942E+09
  1480.250 9.902E+09
  1480.500 9.873E+09
  1480.750 9.864E+09
  1481.000 9.912E+09
  1481.250 9.946E+09
  1481.500 9.878E+09
  1481.750 9.875E+09
  1482.000 9.891E+09
  1482.250 9.808E+09
  1482.500 9.748E+09
  1482.750 9.643E+09
  1483.000 9.403E+09
  1483.250 9.372E+09
  1483.500 9.727E+09
  1483.750 9.865E+09
  1484.000 9.748E+09
  1484.250 9.571E+09
  1484.500 9.591E+09
  1484.750 9.572E+09
  1485.000 9.404E+09
  1485.250 9.332E+09
  1485.500 9.435E+09
  1485.750 9.645E+09
  1486.000 9.576E+09
  1486.250 9.466E+09
  1486.500 9.557E+09
  1486.750 9.668E+09
  1487.000 9.720E+09
  1487.250 9.784E+09
  1487.500 9.830E+09
  1487.750 9.809E+09
  1488.000 9.805E+09
  1488.250 9.802E+09
  1488.500 9.763E+09
  1488.750 9.734E+09
  1489.000 9.623E+09
  1489.250 9.425E+09
  1489.500 9.264E+09
  1489.750 9.304E+09
  1490.000 9.547E+09
  1490.250 9.655E+09
  1490.500 9.585E+09
  1490.750 9.585E+09
  1491.000 9.663E+09
  1491.250 9.683E+09
  1491.500 9.714E+09
  1491.750 9.711E+09
  1492.000 9.699E+09
  1492.250 9.725E+09
  1492.500 9.703E+09
  1492.750 9.607E+09
  1493.000 9.488E+09
  1493.250 9.520E+09
  1493.500 9.452E+09
  1493.750 9.375E+09
  1494.000 9.569E+09
  1494.250 9.659E+09
  1494.500 9.594E+09
  1494.750 9.478E+09
  1495.000 9.399E+09
  1495.250 9.427E+09
  1495.500 9.483E+09
  1495.750 9.461E+09
  1496.000 9.363E+09
  1496.250 9.165E+09
  1496.500 9.372E+09
  1496.750 9.585E+09
  1497.000 9.573E+09
  1497.250 9.493E+09
  1497.500 9.392E+09
  1497.750 9.330E+09
  1498.000 9.265E+09
  1498.250 9.396E+09
  1498.500 9.423E+09
  1498.750 9.312E+09
  1499.000 9.306E+09
  1499.250 9.346E+09
  1499.500 9.407E+09
  1499.750 9.415E+09
  1500.000 9.358E+09
  1500.250 9.401E+09
  1500.500 9.425E+09
  1500.750 9.476E+09
  1501.000 9.480E+09
  1501.250 9.379E+09
  1501.500 9.369E+09
  1501.750 9.420E+09
  1502.000 9.336E+09
  1502.250 9.203E+09
  1502.500 9.256E+09
  1502.750 9.371E+09
  1503.000 9.378E+09
  1503.250 9.248E+09
  1503.500 9.161E+09
  1503.750 9.211E+09
  1504.000 9.211E+09
  1504.250 9.040E+09
  1504.500 9.006E+09
  1504.750 9.131E+09
  1505.000 9.280E+09
  1505.250 9.367E+09
  1505.500 9.349E+09
  1505.750 9.280E+09
  1506.000 9.343E+09
  1506.250 9.419E+09
  1506.500 9.424E+09
  1506.750 9.360E+09
  1507.000 9.254E+09
  1507.250 9.296E+09
  1507.500 9.375E+09
  1507.750 9.373E+09
  1508.000 9.348E+09
  1508.250 9.350E+09
  1508.500 9.373E+09
  1508.750 9.335E+09
  1509.000 9.281E+09
  1509.250 9.277E+09
  1509.500 9.235E+09
  1509.750 9.193E+09
  1510.000 9.267E+09
  1510.250 9.326E+09
  1510.500 9.329E+09
  1510.750 9.310E+09
  1511.000 9.201E+09
  1511.250 9.067E+09
  1511.500 9.115E+09
  1511.750 9.243E+09
  1512.000 9.268E+09
  1512.250 9.239E+09
  1512.500 9.114E+09
  1512.750 8.903E+09
  1513.000 8.922E+09
  1513.250 9.068E+09
  1513.500 9.060E+09
  1513.750 9.122E+09
  1514.000 9.238E+09
  1514.250 9.257E+09
  1514.500 9.220E+09
  1514.750 9.118E+09
  1515.000 9.092E+09
  1515.250 9.158E+09
  1515.500 9.116E+09
  1515.750 9.094E+09
  1516.000 9.096E+09
  1516.250 9.075E+09
  1516.500 8.888E+09
  1516.750 8.815E+09
  1517.000 9.059E+09
  1517.250 9.187E+09
  1517.500 9.094E+09
  1517.750 8.905E+09
  1518.000 9.003E+09
  1518.250 9.155E+09
  1518.500 9.156E+09
  1518.750 9.008E+09
  1519.000 8.783E+09
  1519.250 8.881E+09
  1519.500 8.937E+09
  1519.750 8.887E+09
  1520.000 8.954E+09
  1520.250 9.033E+09
  1520.500 8.940E+09
  1520.750 8.939E+09
  1521.000 9.056E+09
  1521.250 9.083E+09
  1521.500 9.052E+09
  1521.750 9.062E+09
  1522.000 9.097E+09
  1522.250 9.103E+09
  1522.500 9.099E+09
  1522.750 9.095E+09
  1523.000 9.094E+09
  1523.250 9.079E+09
  1523.500 9.031E+09
  1523.750 8.864E+09
  1524.000 8.774E+09
  1524.250 8.919E+09
  1524.500 9.004E+09
  1524.750 8.971E+09
  1525.000 8.800E+09
  1525.250 8.649E+09
  1525.500 8.766E+09
  1525.750 8.833E+09
  1526.000 8.679E+09
  1526.250 8.682E+09
  1526.500 8.605E+09
  1526.750 8.579E+09
  1527.000 8.815E+09
  1527.250 8.915E+09
  1527.500 8.824E+09
  1527.750 8.660E+09
  1528.000 8.590E+09
  1528.250 8.643E+09
  1528.500 8.730E+09
  1528.750 8.864E+09
  1529.000 8.940E+09
  1529.250 8.946E+09
  1529.500 8.903E+09
  1529.750 8.763E+09
  1530.000 8.399E+09
  1530.250 8.153E+09
  1530.500 8.422E+09
  1530.750 8.774E+09
  1531.000 8.732E+09
  1531.250 8.556E+09
  1531.500 8.496E+09
  1531.750 8.231E+09
  1532.000 8.252E+09
  1532.250 8.316E+09
  1532.500 8.074E+09
  1532.750 7.937E+09
  1533.000 7.794E+09
  1533.250 7.676E+09
  1533.500 8.053E+09
  1533.750 8.175E+09
  1534.000 8.209E+09
  1534.250 8.582E+09
  1534.500 8.643E+09
  1534.750 8.565E+09
  1535.000 8.688E+09
  1535.250 8.744E+09
  1535.500 8.653E+09
  1535.750 8.633E+09
  1536.000 8.724E+09
  1536.250 8.636E+09
  1536.500 8.445E+09
  1536.750 8.534E+09
  1537.000 8.660E+09
  1537.250 8.645E+09
  1537.500 8.700E+09
  1537.750 8.683E+09
  1538.000 8.500E+09
  1538.250 8.334E+09
  1538.500 8.461E+09
  1538.750 8.509E+09
  1539.000 8.446E+09
  1539.250 8.434E+09
  1539.500 8.462E+09
  1539.750 8.539E+09
  1540.000 8.530E+09
  1540.250 8.401E+09
  1540.500 8.331E+09
  1540.750 8.375E+09
  1541.000 8.297E+09
  1541.250 8.307E+09
  1541.500 8.397E+09
  1541.750 8.358E+09
  1542.000 8.112E+09
  1542.250 7.972E+09
  1542.500 7.940E+09
  1542.750 7.834E+09
  1543.000 7.875E+09
  1543.250 7.727E+09
  1543.500 7.842E+09
  1543.750 8.030E+09
  1544.000 7.928E+09
  1544.250 7.666E+09
  1544.500 7.571E+09
  1544.750 7.690E+09
  1545.000 7.732E+09
  1545.250 7.601E+09
  1545.500 7.470E+09
  1545.750 7.388E+09
  1546.000 7.201E+09
  1546.250 6.913E+09
  1546.500 6.701E+09
  1546.750 6.546E+09
  1547.000 6.300E+09
  1547.250 5.997E+09
  1547.500 5.669E+09
  1547.750 5.289E+09
  1548.000 4.805E+09
  1548.250 4.617E+09
  1548.500 5.011E+09
  1548.750 5.436E+09
  1549.000 5.734E+09
  1549.250 5.960E+09
  1549.500 6.085E+09
  1549.750 6.065E+09
  1550.000 5.894E+09
  1550.250 5.584E+09
  1550.500 5.082E+09
  1550.750 4.686E+09
  1551.000 4.980E+09
  1551.250 5.548E+09
  1551.500 5.997E+09
  1551.750 6.354E+09
  1552.000 6.625E+09
  1552.250 6.824E+09
  1552.500 7.015E+09
  1552.750 7.205E+09
  1553.000 7.319E+09
  1553.250 7.362E+09
  1553.500 7.556E+09
  1553.750 7.699E+09
  1554.000 7.567E+09
  1554.250 7.472E+09
  1554.500 7.706E+09
  1554.750 7.786E+09
  1555.000 7.821E+09
  1555.250 7.884E+09
  1555.500 7.901E+09
  1555.750 7.919E+09
  1556.000 7.864E+09
  1556.250 7.912E+09
  1556.500 7.884E+09
  1556.750 7.775E+09
  1557.000 7.689E+09
  1557.250 7.556E+09
  1557.500 7.707E+09
  1557.750 8.006E+09
  1558.000 8.126E+09
  1558.250 8.136E+09
  1558.500 8.122E+09
  1558.750 8.091E+09
  1559.000 8.013E+09
  1559.250 8.000E+09
  1559.500 8.186E+09
  1559.750 8.213E+09
  1560.000 8.024E+09
  1560.250 7.796E+09
  1560.500 7.903E+09
  1560.750 8.110E+09
  1561.000 8.113E+09
  1561.250 7.983E+09
  1561.500 8.102E+09
  1561.750 8.254E+09
  1562.000 8.216E+09
  1562.250 7.975E+09
  1562.500 7.761E+09
  1562.750 7.821E+09
  1563.000 7.970E+09
  1563.250 7.977E+09
  1563.500 7.952E+09
  1563.750 7.959E+09
  1564.000 8.021E+09
  1564.250 7.989E+09
  1564.500 7.911E+09
  1564.750 7.912E+09
  1565.000 8.082E+09
  1565.250 8.168E+09
  1565.500 8.157E+09
  1565.750 8.100E+09
  1566.000 7.975E+09
  1566.250 7.599E+09
  1566.500 7.318E+09
  1566.750 7.536E+09
  1567.000 7.938E+09
  1567.250 8.148E+09
  1567.500 8.204E+09
  1567.750 8.150E+09
  1568.000 7.942E+09
  1568.250 7.676E+09
  1568.500 7.740E+09
  1568.750 7.861E+09
  1569.000 7.882E+09
  1569.250 7.841E+09
  1569.500 8.007E+09
  1569.750 8.047E+09
  1570.000 7.796E+09
  1570.250 7.598E+09
  1570.500 7.783E+09
  1570.750 8.033E+09
  1571.000 7.966E+09
  1571.250 7.843E+09
  1571.500 7.985E+09
  1571.750 8.034E+09
  1572.000 8.023E+09
  1572.250 8.087E+09
  1572.500 8.061E+09
  1572.750 7.972E+09
  1573.000 8.004E+09
  1573.250 8.092E+09
  1573.500 8.081E+09
  1573.750 8.025E+09
  1574.000 8.052E+09
  1574.250 8.061E+09
  1574.500 7.934E+09
  1574.750 7.828E+09
  1575.000 7.731E+09
  1575.250 7.552E+09
  1575.500 7.537E+09
  1575.750 7.701E+09
  1576.000 7.753E+09
  1576.250 7.442E+09
  1576.500 7.237E+09
  1576.750 7.575E+09
  1577.000 7.554E+09
  1577.250 7.175E+09
  1577.500 7.286E+09
  1577.750 7.238E+09
  1578.000 7.280E+09
  1578.250 7.710E+09
  1578.500 7.800E+09
  1578.750 7.724E+09
  1579.000 7.860E+09
  1579.250 7.905E+09
  1579.500 7.764E+09
  1579.750 7.674E+09
  1580.000 7.790E+09
  1580.250 7.819E+09
  1580.500 7.902E+09
  1580.750 7.918E+09
  1581.000 7.824E+09
  1581.250 7.786E+09
  1581.500 7.838E+09
  1581.750 7.888E+09
  1582.000 7.909E+09
  1582.250 7.837E+09
  1582.500 7.812E+09
  1582.750 7.809E+09
  1583.000 7.789E+09
  1583.250 7.802E+09
  1583.500 7.705E+09
  1583.750 7.618E+09
  1584.000 7.603E+09
  1584.250 7.453E+09
  1584.500 7.353E+09
  1584.750 7.532E+09
  1585.000 7.556E+09
  1585.250 7.517E+09
  1585.500 7.410E+09
  1585.750 7.034E+09
  1586.000 6.814E+09
  1586.250 7.084E+09
  1586.500 7.566E+09
  1586.750 7.790E+09
  1587.000 7.806E+09
  1587.250 7.652E+09
  1587.500 7.484E+09
  1587.750 7.487E+09
  1588.000 7.499E+09
  1588.250 7.660E+09
  1588.500 7.753E+09
  1588.750 7.582E+09
  1589.000 7.369E+09
  1589.250 7.353E+09
  1589.500 7.512E+09
  1589.750 7.506E+09
  1590.000 7.120E+09
  1590.250 7.123E+09
  1590.500 7.246E+09
  1590.750 7.245E+09
  1591.000 7.327E+09
  1591.250 7.042E+09
  1591.500 6.668E+09
  1591.750 6.695E+09
  1592.000 6.915E+09
  1592.250 7.260E+09
  1592.500 7.535E+09
  1592.750 7.692E+09
  1593.000 7.674E+09
  1593.250 7.588E+09
  1593.500 7.569E+09
  1593.750 7.596E+09
  1594.000 7.667E+09
  1594.250 7.701E+09
  1594.500 7.672E+09
  1594.750 7.575E+09
  1595.000 7.567E+09
  1595.250 7.674E+09
  1595.500 7.669E+09
  1595.750 7.586E+09
  1596.000 7.610E+09
  1596.250 7.602E+09
  1596.500 7.579E+09
  1596.750 7.618E+09
  1597.000 7.644E+09
  1597.250 7.612E+09
  1597.500 7.607E+09
  1597.750 7.528E+09
  1598.000 7.380E+09
  1598.250 7.422E+09
  1598.500 7.365E+09
  1598.750 7.296E+09
  1599.000 7.462E+09
  1599.250 7.634E+09
  1599.500 7.655E+09
  1599.750 7.628E+09
  1600.000 7.611E+09
  1600.250 7.487E+09
  1600.500 7.271E+09
  1600.750 7.390E+09
  1601.000 7.532E+09
  1601.250 7.426E+09
  1601.500 7.173E+09
  1601.750 6.930E+09
  1602.000 7.014E+09
  1602.250 7.357E+09
  1602.500 7.574E+09
  1602.750 7.554E+09
  1603.000 7.333E+09
  1603.250 7.205E+09
  1603.500 7.308E+09
  1603.750 7.309E+09
  1604.000 7.437E+09
  1604.250 7.434E+09
  1604.500 7.176E+09
  1604.750 6.837E+09
  1605.000 6.932E+09
  1605.250 7.329E+09
  1605.500 7.345E+09
  1605.750 7.075E+09
  1606.000 7.062E+09
  1606.250 7.256E+09
  1606.500 7.237E+09
  1606.750 7.118E+09
  1607.000 7.252E+09
  1607.250 7.422E+09
  1607.500 7.336E+09
  1607.750 7.172E+09
  1608.000 7.282E+09
  1608.250 7.450E+09
  1608.500 7.447E+09
  1608.750 7.147E+09
  1609.000 6.708E+09
  1609.250 6.941E+09
  1609.500 7.219E+09
  1609.750 6.833E+09
  1610.000 6.555E+09
  1610.250 6.718E+09
  1610.500 6.853E+09
  1610.750 7.041E+09
  1611.000 7.057E+09
  1611.250 7.110E+09
  1611.500 7.232E+09
  1611.750 7.011E+09
  1612.000 6.948E+09
  1612.250 7.171E+09
  1612.500 7.127E+09
  1612.750 7.140E+09
  1613.000 7.290E+09
  1613.250 7.282E+09
  1613.500 7.253E+09
  1613.750 7.116E+09
  1614.000 6.849E+09
  1614.250 6.978E+09
  1614.500 7.151E+09
  1614.750 7.155E+09
  1615.000 7.094E+09
  1615.250 6.985E+09
  1615.500 6.986E+09
  1615.750 7.124E+09
  1616.000 7.269E+09
  1616.250 7.268E+09
  1616.500 7.100E+09
  1616.750 6.961E+09
  1617.000 7.088E+09
  1617.250 7.193E+09
  1617.500 7.097E+09
  1617.750 7.050E+09
  1618.000 7.188E+09
  1618.250 7.215E+09
  1618.500 7.149E+09
  1618.750 7.205E+09
  1619.000 7.265E+09
  1619.250 7.233E+09
  1619.500 7.197E+09
  1619.750 6.928E+09
  1620.000 6.265E+09
  1620.250 5.916E+09
  1620.500 5.942E+09
  1620.750 6.089E+09
  1621.000 6.406E+09
  1621.250 6.704E+09
  1621.500 6.851E+09
  1621.750 7.041E+09
  1622.000 7.229E+09
  1622.250 7.232E+09
  1622.500 7.226E+09
  1622.750 7.239E+09
  1623.000 7.154E+09
  1623.250 6.832E+09
  1623.500 6.540E+09
  1623.750 6.574E+09
  1624.000 6.508E+09
  1624.250 6.685E+09
  1624.500 7.012E+09
  1624.750 7.001E+09
  1625.000 6.840E+09
  1625.250 6.825E+09
  1625.500 7.031E+09
  1625.750 7.169E+09
  1626.000 7.068E+09
  1626.250 6.780E+09
  1626.500 6.703E+09
  1626.750 6.805E+09
  1627.000 6.792E+09
  1627.250 6.783E+09
  1627.500 6.898E+09
  1627.750 7.113E+09
  1628.000 7.146E+09
  1628.250 7.060E+09
  1628.500 6.969E+09
  1628.750 6.917E+09
  1629.000 6.599E+09
  1629.250 6.457E+09
  1629.500 6.883E+09
  1629.750 7.059E+09
  1630.000 6.819E+09
  1630.250 6.636E+09
  1630.500 6.719E+09
  1630.750 6.696E+09
  1631.000 6.572E+09
  1631.250 6.670E+09
  1631.500 6.754E+09
  1631.750 6.759E+09
  1632.000 6.717E+09
  1632.250 6.586E+09
  1632.500 6.670E+09
  1632.750 6.907E+09
  1633.000 6.948E+09
  1633.250 6.957E+09
  1633.500 6.958E+09
  1633.750 6.865E+09
  1634.000 6.787E+09
  1634.250 6.677E+09
  1634.500 6.377E+09
  1634.750 6.395E+09
  1635.000 6.693E+09
  1635.250 6.755E+09
  1635.500 6.720E+09
  1635.750 6.715E+09
  1636.000 6.738E+09
  1636.250 6.762E+09
  1636.500 6.741E+09
  1636.750 6.700E+09
  1637.000 6.639E+09
  1637.250 6.593E+09
  1637.500 6.550E+09
  1637.750 6.471E+09
  1638.000 6.335E+09
  1638.250 6.147E+09
  1638.500 6.018E+09
  1638.750 6.004E+09
  1639.000 5.897E+09
  1639.250 5.647E+09
  1639.500 5.399E+09
  1639.750 5.151E+09
  1640.000 4.718E+09
  1640.250 4.227E+09
  1640.500 4.131E+09
  1640.750 4.551E+09
  1641.000 5.025E+09
  1641.250 5.354E+09
  1641.500 5.558E+09
  1641.750 5.661E+09
  1642.000 5.819E+09
  1642.250 6.033E+09
  1642.500 6.148E+09
  1642.750 6.141E+09
  1643.000 6.242E+09
  1643.250 6.331E+09
  1643.500 6.377E+09
  1643.750 6.478E+09
  1644.000 6.497E+09
  1644.250 6.564E+09
  1644.500 6.603E+09
  1644.750 6.409E+09
  1645.000 6.142E+09
  1645.250 6.350E+09
  1645.500 6.603E+09
  1645.750 6.644E+09
  1646.000 6.709E+09
  1646.250 6.759E+09
  1646.500 6.765E+09
  1646.750 6.695E+09
  1647.000 6.510E+09
  1647.250 6.558E+09
  1647.500 6.747E+09
  1647.750 6.801E+09
  1648.000 6.808E+09
  1648.250 6.808E+09
  1648.500 6.784E+09
  1648.750 6.726E+09
  1649.000 6.693E+09
  1649.250 6.710E+09
  1649.500 6.710E+09
  1649.750 6.703E+09
  1650.000 6.712E+09
  1650.250 6.756E+09
  1650.500 6.765E+09
  1650.750 6.754E+09
  1651.000 6.780E+09
  1651.250 6.732E+09
  1651.500 6.580E+09
  1651.750 6.618E+09
  1652.000 6.744E+09
  1652.250 6.763E+09
  1652.500 6.688E+09
  1652.750 6.553E+09
  1653.000 6.518E+09
  1653.250 6.506E+09
  1653.500 6.465E+09
  1653.750 6.542E+09
  1654.000 6.569E+09
  1654.250 6.599E+09
  1654.500 6.526E+09
  1654.750 6.480E+09
  1655.000 6.662E+09
  1655.250 6.765E+09
  1655.500 6.727E+09
  1655.750 6.658E+09
  1656.000 6.519E+09
  1656.250 6.497E+09
  1656.500 6.502E+09
  1656.750 6.510E+09
  1657.000 6.621E+09
  1657.250 6.619E+09
  1657.500 6.601E+09
  1657.750 6.528E+09
  1658.000 6.493E+09
  1658.250 6.428E+09
  1658.500 6.480E+09
  1658.750 6.615E+09
  1659.000 6.604E+09
  1659.250 6.648E+09
  1659.500 6.703E+09
  1659.750 6.632E+09
  1660.000 6.454E+09
  1660.250 6.477E+09
  1660.500 6.591E+09
  1660.750 6.618E+09
  1661.000 6.603E+09
  1661.250 6.545E+09
  1661.500 6.435E+09
  1661.750 6.476E+09
  1662.000 6.517E+09
  1662.250 6.326E+09
  1662.500 6.243E+09
  1662.750 6.465E+09
  1663.000 6.620E+09
  1663.250 6.571E+09
  1663.500 6.464E+09
  1663.750 6.541E+09
  1664.000 6.596E+09
  1664.250 6.478E+09
  1664.500 6.424E+09
  1664.750 6.492E+09
  1665.000 6.554E+09
  1665.250 6.618E+09
  1665.500 6.644E+09
  1665.750 6.646E+09
  1666.000 6.632E+09
  1666.250 6.580E+09
  1666.500 6.506E+09
  1666.750 6.529E+09
  1667.000 6.559E+09
  1667.250 6.596E+09
  1667.500 6.577E+09
  1667.750 6.483E+09
  1668.000 6.399E+09
  1668.250 6.424E+09
  1668.500 6.502E+09
  1668.750 6.502E+09
  1669.000 6.492E+09
  1669.250 6.486E+09
  1669.500 6.420E+09
  1669.750 6.409E+09
  1670.000 6.497E+09
  1670.250 6.546E+09
  1670.500 6.457E+09
  1670.750 6.294E+09
  1671.000 6.256E+09
  1671.250 6.409E+09
  1671.500 6.527E+09
  1671.750 6.476E+09
  1672.000 6.352E+09
  1672.250 6.240E+09
  1672.500 6.221E+09
  1672.750 6.205E+09
  1673.000 6.251E+09
  1673.250 6.329E+09
  1673.500 6.248E+09
  1673.750 6.254E+09
  1674.000 6.449E+09
  1674.250 6.532E+09
  1674.500 6.537E+09
  1674.750 6.533E+09
  1675.000 6.524E+09
  1675.250 6.468E+09
  1675.500 6.285E+09
  1675.750 6.245E+09
  1676.000 6.403E+09
  1676.250 6.333E+09
  1676.500 6.203E+09
  1676.750 6.238E+09
  1677.000 6.285E+09
  1677.250 6.356E+09
  1677.500 6.431E+09
  1677.750 6.458E+09
  1678.000 6.475E+09
  1678.250 6.476E+09
  1678.500 6.464E+09
  1678.750 6.408E+09
  1679.000 6.237E+09
  1679.250 6.182E+09
  1679.500 6.357E+09
  1679.750 6.440E+09
  1680.000 6.432E+09
  1680.250 6.425E+09
  1680.500 6.440E+09
  1680.750 6.440E+09
  1681.000 6.380E+09
  1681.250 6.276E+09
  1681.500 6.280E+09
  1681.750 6.241E+09
  1682.000 6.229E+09
  1682.250 6.351E+09
  1682.500 6.414E+09
  1682.750 6.414E+09
  1683.000 6.399E+09
  1683.250 6.401E+09
  1683.500 6.409E+09
  1683.750 6.404E+09
  1684.000 6.396E+09
  1684.250 6.390E+09
  1684.500 6.386E+09
  1684.750 6.390E+09
  1685.000 6.393E+09
  1685.250 6.390E+09
  1685.500 6.376E+09
  1685.750 6.348E+09
  1686.000 6.344E+09
  1686.250 6.321E+09
  1686.500 6.126E+09
  1686.750 5.950E+09
  1687.000 6.071E+09
  1687.250 6.106E+09
  1687.500 5.911E+09
  1687.750 5.944E+09
  1688.000 6.219E+09
  1688.250 6.336E+09
  1688.500 6.345E+09
  1688.750 6.343E+09
  1689.000 6.337E+09
  1689.250 6.322E+09
  1689.500 6.268E+09
  1689.750 6.163E+09
  1690.000 6.029E+09
  1690.250 6.001E+09
  1690.500 6.072E+09
  1690.750 6.172E+09
  1691.000 6.267E+09
  1691.250 6.303E+09
  1691.500 6.297E+09
  1691.750 6.268E+09
  1692.000 6.187E+09
  1692.250 6.173E+09
  1692.500 6.240E+09
  1692.750 6.253E+09
  1693.000 6.246E+09
  1693.250 6.252E+09
  1693.500 6.271E+09
  1693.750 6.257E+09
  1694.000 6.232E+09
  1694.250 6.221E+09
  1694.500 6.173E+09
  1694.750 6.184E+09
  1695.000 6.232E+09
  1695.250 6.241E+09
  1695.500 6.190E+09
  1695.750 6.113E+09
  1696.000 6.168E+09
  1696.250 6.229E+09
  1696.500 6.229E+09
  1696.750 6.214E+09
  1697.000 6.200E+09
  1697.250 6.187E+09
  1697.500 6.194E+09
  1697.750 6.207E+09
  1698.000 6.199E+09
  1698.250 6.177E+09
  1698.500 6.118E+09
  1698.750 5.944E+09
  1699.000 5.942E+09
  1699.250 6.112E+09
  1699.500 6.141E+09
  1699.750 6.144E+09
  1700.000 6.142E+09
  1700.250 6.000E+09
  1700.500 5.891E+09
  1700.750 5.884E+09
  1701.000 5.938E+09
  1701.250 6.035E+09
  1701.500 6.066E+09
  1701.750 6.131E+09
  1702.000 6.167E+09
  1702.250 6.160E+09
  1702.500 6.133E+09
  1702.750 6.119E+09
  1703.000 6.133E+09
  1703.250 6.122E+09
  1703.500 6.054E+09
  1703.750 6.046E+09
  1704.000 6.106E+09
  1704.250 6.123E+09
  1704.500 6.101E+09
  1704.750 5.987E+09
  1705.000 5.941E+09
  1705.250 6.059E+09
  1705.500 6.090E+09
  1705.750 6.084E+09
  1706.000 6.102E+09
  1706.250 6.086E+09
  1706.500 6.026E+09
  1706.750 5.996E+09
  1707.000 5.909E+09
  1707.250 5.784E+09
  1707.500 5.881E+09
  1707.750 6.043E+09
  1708.000 6.083E+09
  1708.250 6.055E+09
  1708.500 5.983E+09
  1708.750 6.008E+09
  1709.000 6.069E+09
  1709.250 6.072E+09
  1709.500 5.993E+09
  1709.750 5.844E+09
  1710.000 5.910E+09
  1710.250 6.038E+09
  1710.500 6.058E+09
  1710.750 6.034E+09
  1711.000 5.976E+09
  1711.250 5.821E+09
  1711.500 5.781E+09
  1711.750 5.960E+09
  1712.000 6.018E+09
  1712.250 5.996E+09
  1712.500 5.903E+09
  1712.750 5.777E+09
  1713.000 5.894E+09
  1713.250 6.006E+09
  1713.500 6.016E+09
  1713.750 6.006E+09
  1714.000 5.993E+09
  1714.250 5.991E+09
  1714.500 5.998E+09
  1714.750 5.977E+09
  1715.000 5.946E+09
  1715.250 5.964E+09
  1715.500 5.984E+09
  1715.750 5.982E+09
  1716.000 5.977E+09
  1716.250 5.956E+09
  1716.500 5.916E+09
  1716.750 5.884E+09
  1717.000 5.822E+09
  1717.250 5.838E+09
  1717.500 5.875E+09
  1717.750 5.674E+09
  1718.000 5.389E+09
  1718.250 5.054E+09
  1718.500 4.690E+09
  1718.750 5.085E+09
  1719.000 5.672E+09
  1719.250 5.768E+09
  1719.500 5.727E+09
  1719.750 5.847E+09
  1720.000 5.905E+09
  1720.250 5.855E+09
  1720.500 5.806E+09
  1720.750 5.856E+09
  1721.000 5.904E+09
  1721.250 5.885E+09
  1721.500 5.791E+09
  1721.750 5.613E+09
  1722.000 5.287E+09
  1722.250 5.112E+09
  1722.500 4.988E+09
  1722.750 5.218E+09
  1723.000 5.674E+09
  1723.250 5.848E+09
  1723.500 5.852E+09
  1723.750 5.746E+09
  1724.000 5.514E+09
  1724.250 5.527E+09
  1724.500 5.704E+09
  1724.750 5.786E+09
  1725.000 5.822E+09
  1725.250 5.726E+09
  1725.500 5.483E+09
  1725.750 5.526E+09
  1726.000 5.766E+09
  1726.250 5.814E+09
  1726.500 5.758E+09
  1726.750 5.755E+09
  1727.000 5.685E+09
  1727.250 5.394E+09
  1727.500 5.397E+09
  1727.750 5.702E+09
  1728.000 5.795E+09
  1728.250 5.766E+09
  1728.500 5.783E+09
  1728.750 5.818E+09
  1729.000 5.827E+09
  1729.250 5.801E+09
  1729.500 5.733E+09
  1729.750 5.616E+09
  1730.000 5.557E+09
  1730.250 5.591E+09
  1730.500 5.669E+09
  1730.750 5.721E+09
  1731.000 5.719E+09
  1731.250 5.690E+09
  1731.500 5.714E+09
  1731.750 5.724E+09
  1732.000 5.746E+09
  1732.250 5.777E+09
  1732.500 5.747E+09
  1732.750 5.646E+09
  1733.000 5.636E+09
  1733.250 5.731E+09
  1733.500 5.775E+09
  1733.750 5.770E+09
  1734.000 5.756E+09
  1734.250 5.756E+09
  1734.500 5.748E+09
  1734.750 5.736E+09
  1735.000 5.751E+09
  1735.250 5.758E+09
  1735.500 5.731E+09
  1735.750 5.701E+09
  1736.000 5.705E+09
  1736.250 5.676E+09
  1736.500 5.686E+09
  1736.750 5.730E+09
  1737.000 5.721E+09
  1737.250 5.674E+09
  1737.500 5.674E+09
  1737.750 5.707E+09
  1738.000 5.725E+09
  1738.250 5.714E+09
  1738.500 5.626E+09
  1738.750 5.439E+09
  1739.000 5.411E+09
  1739.250 5.579E+09
  1739.500 5.685E+09
  1739.750 5.706E+09
  1740.000 5.702E+09
  1740.250 5.696E+09
  1740.500 5.683E+09
  1740.750 5.660E+09
  1741.000 5.660E+09
  1741.250 5.666E+09
  1741.500 5.653E+09
  1741.750 5.642E+09
  1742.000 5.620E+09
  1742.250 5.606E+09
  1742.500 5.640E+09
  1742.750 5.647E+09
  1743.000 5.631E+09
  1743.250 5.641E+09
  1743.500 5.645E+09
  1743.750 5.644E+09
  1744.000 5.645E+09
  1744.250 5.654E+09
  1744.500 5.654E+09
  1744.750 5.646E+09
  1745.000 5.597E+09
  1745.250 5.469E+09
  1745.500 5.449E+09
  1745.750 5.573E+09
  1746.000 5.620E+09
  1746.250 5.624E+09
  1746.500 5.626E+09
  1746.750 5.620E+09
  1747.000 5.609E+09
  1747.250 5.557E+09
  1747.500 5.388E+09
  1747.750 5.194E+09
  1748.000 5.289E+09
  1748.250 5.509E+09
  1748.500 5.564E+09
  1748.750 5.476E+09
  1749.000 5.437E+09
  1749.250 5.534E+09
  1749.500 5.576E+09
  1749.750 5.589E+09
  1750.000 5.594E+09
  1750.250 5.580E+09
  1750.500 5.541E+09
  1750.750 5.524E+09
  1751.000 5.447E+09
  1751.250 5.268E+09
  1751.500 5.084E+09
  1751.750 5.091E+09
  1752.000 5.409E+09
  1752.250 5.553E+09
  1752.500 5.561E+09
  1752.750 5.535E+09
  1753.000 5.482E+09
  1753.250 5.480E+09
  1753.500 5.481E+09
  1753.750 5.443E+09
  1754.000 5.473E+09
  1754.250 5.522E+09
  1754.500 5.505E+09
  1754.750 5.503E+09
  1755.000 5.526E+09
  1755.250 5.528E+09
  1755.500 5.502E+09
  1755.750 5.494E+09
  1756.000 5.516E+09
  1756.250 5.519E+09
  1756.500 5.518E+09
  1756.750 5.517E+09
  1757.000 5.515E+09
  1757.250 5.513E+09
  1757.500 5.505E+09
  1757.750 5.480E+09
  1758.000 5.464E+09
  1758.250 5.468E+09
  1758.500 5.447E+09
  1758.750 5.452E+09
  1759.000 5.478E+09
  1759.250 5.486E+09
  1759.500 5.476E+09
  1759.750 5.462E+09
  1760.000 5.459E+09
  1760.250 5.388E+09
  1760.500 5.274E+09
  1760.750 5.282E+09
  1761.000 5.257E+09
  1761.250 5.296E+09
  1761.500 5.415E+09
  1761.750 5.456E+09
  1762.000 5.454E+09
  1762.250 5.448E+09
  1762.500 5.442E+09
  1762.750 5.416E+09
  1763.000 5.389E+09
  1763.250 5.413E+09
  1763.500 5.423E+09
  1763.750 5.412E+09
  1764.000 5.411E+09
  1764.250 5.324E+09
  1764.500 5.086E+09
  1764.750 5.018E+09
  1765.000 5.199E+09
  1765.250 5.363E+09
  1765.500 5.409E+09
  1765.750 5.412E+09
  1766.000 5.396E+09
  1766.250 5.315E+09
  1766.500 5.240E+09
  1766.750 5.302E+09
  1767.000 5.353E+09
  1767.250 5.361E+09
  1767.500 5.376E+09
  1767.750 5.392E+09
  1768.000 5.395E+09
  1768.250 5.392E+09
  1768.500 5.381E+09
  1768.750 5.327E+09
  1769.000 5.244E+09
  1769.250 5.286E+09
  1769.500 5.344E+09
  1769.750 5.357E+09
  1770.000 5.363E+09
  1770.250 5.355E+09
  1770.500 5.355E+09
  1770.750 5.357E+09
  1771.000 5.354E+09
  1771.250 5.353E+09
  1771.500 5.355E+09
  1771.750 5.350E+09
  1772.000 5.304E+09
  1772.250 5.195E+09
  1772.500 5.195E+09
  1772.750 5.250E+09
  1773.000 5.151E+09
  1773.250 5.146E+09
  1773.500 5.267E+09
  1773.750 5.312E+09
  1774.000 5.320E+09
  1774.250 5.326E+09
  1774.500 5.316E+09
  1774.750 5.295E+09
  1775.000 5.302E+09
  1775.250 5.317E+09
  1775.500 5.317E+09
  1775.750 5.312E+09
  1776.000 5.303E+09
  1776.250 5.298E+09
  1776.500 5.291E+09
  1776.750 5.269E+09
  1777.000 5.261E+09
  1777.250 5.280E+09
  1777.500 5.273E+09
  1777.750 5.238E+09
  1778.000 5.248E+09
  1778.250 5.274E+09
  1778.500 5.257E+09
  1778.750 5.168E+09
  1779.000 5.040E+09
  1779.250 5.094E+09
  1779.500 5.227E+09
  1779.750 5.265E+09
  1780.000 5.265E+09
  1780.250 5.258E+09
  1780.500 5.216E+09
  1780.750 5.180E+09
  1781.000 5.214E+09
  1781.250 5.242E+09
  1781.500 5.244E+09
  1781.750 5.223E+09
  1782.000 5.194E+09
  1782.250 5.183E+09
  1782.500 5.209E+09
  1782.750 5.196E+09
  1783.000 5.093E+09
  1783.250 5.046E+09
  1783.500 5.151E+09
  1783.750 5.219E+09
  1784.000 5.226E+09
  1784.250 5.217E+09
  1784.500 5.193E+09
  1784.750 5.191E+09
  1785.000 5.206E+09
  1785.250 5.198E+09
  1785.500 5.190E+09
  1785.750 5.192E+09
  1786.000 5.186E+09
  1786.250 5.193E+09
  1786.500 5.198E+09
  1786.750 5.198E+09
  1787.000 5.192E+09
  1787.250 5.176E+09
  1787.500 5.169E+09
  1787.750 5.154E+09
  1788.000 5.143E+09
  1788.250 5.132E+09
  1788.500 5.112E+09
  1788.750 5.123E+09
  1789.000 5.159E+09
  1789.250 5.172E+09
  1789.500 5.172E+09
  1789.750 5.170E+09
  1790.000 5.163E+09
  1790.250 5.139E+09
  1790.500 5.105E+09
  1790.750 5.107E+09
  1791.000 5.128E+09
  1791.250 5.135E+09
  1791.500 5.131E+09
  1791.750 5.097E+09
  1792.000 5.012E+09
  1792.250 5.024E+09
  1792.500 5.112E+09
  1792.750 5.124E+09
  1793.000 5.085E+09
  1793.250 5.075E+09
  1793.500 5.083E+09
  1793.750 5.031E+09
  1794.000 5.036E+09
  1794.250 5.082E+09
  1794.500 5.062E+09
  1794.750 5.069E+09
  1795.000 5.102E+09
  1795.250 5.108E+09
  1795.500 5.089E+09
  1795.750 5.058E+09
  1796.000 5.041E+09
  1796.250 5.049E+09
  1796.500 5.065E+09
  1796.750 5.006E+09
  1797.000 4.957E+09
  1797.250 5.021E+09
  1797.500 5.057E+09
  1797.750 5.073E+09
  1798.000 5.075E+09
  1798.250 5.038E+09
  1798.500 4.976E+09
  1798.750 4.951E+09
  1799.000 4.972E+09
  1799.250 5.034E+09
  1799.500 5.053E+09
  1799.750 5.059E+09
  1800.000 5.057E+09
  1800.250 5.014E+09
  1800.500 4.909E+09
  1800.750 4.894E+09
  1801.000 4.990E+09
  1801.250 5.005E+09
  1801.500 4.990E+09
  1801.750 5.017E+09
  1802.000 5.033E+09
  1802.250 5.036E+09
  1802.500 5.020E+09
  1802.750 5.004E+09
  1803.000 5.016E+09
  1803.250 5.027E+09
  1803.500 5.027E+09
  1803.750 5.022E+09
  1804.000 5.012E+09
  1804.250 4.970E+09
  1804.500 4.933E+09
  1804.750 4.972E+09
  1805.000 4.985E+09
  1805.250 4.941E+09
  1805.500 4.913E+09
  1805.750 4.930E+09
  1806.000 4.974E+09
  1806.250 4.991E+09
  1806.500 4.985E+09
  1806.750 4.985E+09
  1807.000 4.987E+09
  1807.250 4.945E+09
  1807.500 4.856E+09
  1807.750 4.885E+09
  1808.000 4.961E+09
  1808.250 4.973E+09
  1808.500 4.961E+09
  1808.750 4.960E+09
  1809.000 4.961E+09
  1809.250 4.915E+09
  1809.500 4.881E+09
  1809.750 4.902E+09
  1810.000 4.870E+09
  1810.250 4.893E+09
  1810.500 4.938E+09
  1810.750 4.949E+09
  1811.000 4.930E+09
  1811.250 4.900E+09
  1811.500 4.921E+09
  1811.750 4.942E+09
  1812.000 4.925E+09
  1812.250 4.877E+09
  1812.500 4.861E+09
  1812.750 4.899E+09
  1813.000 4.928E+09
  1813.250 4.933E+09
  1813.500 4.933E+09
  1813.750 4.931E+09
  1814.000 4.929E+09
  1814.250 4.926E+09
  1814.500 4.924E+09
  1814.750 4.919E+09
  1815.000 4.907E+09
  1815.250 4.901E+09
  1815.500 4.906E+09
  1815.750 4.899E+09
  1816.000 4.858E+09
  1816.250 4.838E+09
  1816.500 4.871E+09
  1816.750 4.889E+09
  1817.000 4.888E+09
  1817.250 4.862E+09
  1817.500 4.857E+09
  1817.750 4.882E+09
  1818.000 4.890E+09
  1818.250 4.886E+09
  1818.500 4.876E+09
  1818.750 4.863E+09
  1819.000 4.849E+09
  1819.250 4.839E+09
  1819.500 4.854E+09
  1819.750 4.839E+09
  1820.000 4.797E+09
  1820.250 4.762E+09
  1820.500 4.762E+09
  1820.750 4.825E+09
  1821.000 4.827E+09
  1821.250 4.813E+09
  1821.500 4.834E+09
  1821.750 4.846E+09
  1822.000 4.850E+09
  1822.250 4.849E+09
  1822.500 4.848E+09
  1822.750 4.846E+09
  1823.000 4.838E+09
  1823.250 4.823E+09
  1823.500 4.823E+09
  1823.750 4.834E+09
  1824.000 4.835E+09
  1824.250 4.832E+09
  1824.500 4.828E+09
  1824.750 4.815E+09
  1825.000 4.796E+09
  1825.250 4.803E+09
  1825.500 4.815E+09
  1825.750 4.812E+09
  1826.000 4.787E+09
  1826.250 4.764E+09
  1826.500 4.771E+09
  1826.750 4.749E+09
  1827.000 4.754E+09
  1827.250 4.770E+09
  1827.500 4.760E+09
  1827.750 4.706E+09
  1828.000 4.642E+09
  1828.250 4.719E+09
  1828.500 4.782E+09
  1828.750 4.790E+09
  1829.000 4.788E+09
  1829.250 4.785E+09
  1829.500 4.779E+09
  1829.750 4.760E+09
  1830.000 4.724E+09
  1830.250 4.720E+09
  1830.500 4.748E+09
  1830.750 4.764E+09
  1831.000 4.742E+09
  1831.250 4.702E+09
  1831.500 4.723E+09
  1831.750 4.754E+09
  1832.000 4.759E+09
  1832.250 4.758E+09
  1832.500 4.755E+09
  1832.750 4.753E+09
  1833.000 4.751E+09
  1833.250 4.746E+09
  1833.500 4.736E+09
  1833.750 4.725E+09
  1834.000 4.729E+09
  1834.250 4.737E+09
  1834.500 4.737E+09
  1834.750 4.735E+09
  1835.000 4.732E+09
  1835.250 4.730E+09
  1835.500 4.728E+09
  1835.750 4.725E+09
  1836.000 4.723E+09
  1836.250 4.721E+09
  1836.500 4.719E+09
  1836.750 4.716E+09
  1837.000 4.706E+09
  1837.250 4.650E+09
  1837.500 4.584E+09
  1837.750 4.635E+09
  1838.000 4.672E+09
  1838.250 4.639E+09
  1838.500 4.603E+09
  1838.750 4.614E+09
  1839.000 4.662E+09
  1839.250 4.686E+09
  1839.500 4.689E+09
  1839.750 4.670E+09
  1840.000 4.588E+09
  1840.250 4.535E+09
  1840.500 4.620E+09
  1840.750 4.673E+09
  1841.000 4.673E+09
  1841.250 4.657E+09
  1841.500 4.655E+09
  1841.750 4.660E+09
  1842.000 4.653E+09
  1842.250 4.651E+09
  1842.500 4.646E+09
  1842.750 4.626E+09
  1843.000 4.584E+09
  1843.250 4.594E+09
  1843.500 4.635E+09
  1843.750 4.649E+09
  1844.000 4.647E+09
  1844.250 4.640E+09
  1844.500 4.635E+09
  1844.750 4.629E+09
  1845.000 4.622E+09
  1845.250 4.593E+09
  1845.500 4.543E+09
  1845.750 4.526E+09
  1846.000 4.567E+09
  1846.250 4.590E+09
  1846.500 4.595E+09
  1846.750 4.597E+09
  1847.000 4.602E+09
  1847.250 4.604E+09
  1847.500 4.597E+09
  1847.750 4.601E+09
  1848.000 4.609E+09
  1848.250 4.607E+09
  1848.500 4.603E+09
  1848.750 4.604E+09
  1849.000 4.604E+09
  1849.250 4.594E+09
  1849.500 4.570E+09
  1849.750 4.551E+09
  1850.000 4.564E+09
