   850.000 4.662E+08
   850.250 4.661E+08
   850.500 4.661E+08
   850.750 4.643E+08
   851.000 4.564E+08
   851.250 4.506E+08
   851.500 4.562E+08
   851.750 4.557E+08
   852.000 4.553E+08
   852.250 4.625E+08
   852.500 4.635E+08
   852.750 4.625E+08
   853.000 4.649E+08
   853.250 4.661E+08
   853.500 4.658E+08
   853.750 4.634E+08
   854.000 4.570E+08
   854.250 4.538E+08
   854.500 4.589E+08
   854.750 4.655E+08
   855.000 4.661E+08
   855.250 4.607E+08
   855.500 4.527E+08
   855.750 4.519E+08
   856.000 4.515E+08
   856.250 4.500E+08
   856.500 4.585E+08
   856.750 4.656E+08
   857.000 4.651E+08
   857.250 4.608E+08
   857.500 4.575E+08
   857.750 4.521E+08
   858.000 4.318E+08
   858.250 4.162E+08
   858.500 4.077E+08
   858.750 4.321E+08
   859.000 4.599E+08
   859.250 4.621E+08
   859.500 4.420E+08
   859.750 4.306E+08
   860.000 4.495E+08
   860.250 4.542E+08
   860.500 4.547E+08
   860.750 4.608E+08
   861.000 4.649E+08
   861.250 4.622E+08
   861.500 4.548E+08
   861.750 4.371E+08
   862.000 4.416E+08
   862.250 4.582E+08
   862.500 4.586E+08
   862.750 4.412E+08
   863.000 4.302E+08
   863.250 4.359E+08
   863.500 4.479E+08
   863.750 4.594E+08
   864.000 4.586E+08
   864.250 4.601E+08
   864.500 4.637E+08
   864.750 4.693E+08
   865.000 4.713E+08
   865.250 4.707E+08
   865.500 4.713E+08
   865.750 4.692E+08
   866.000 4.686E+08
   866.250 4.721E+08
   866.500 4.740E+08
   866.750 4.736E+08
   867.000 4.725E+08
   867.250 4.707E+08
   867.500 4.661E+08
   867.750 4.674E+08
   868.000 4.726E+08
   868.250 4.706E+08
   868.500 4.672E+08
   868.750 4.679E+08
   869.000 4.712E+08
   869.250 4.747E+08
   869.500 4.747E+08
   869.750 4.738E+08
   870.000 4.719E+08
   870.250 4.681E+08
   870.500 4.654E+08
   870.750 4.672E+08
   871.000 4.727E+08
   871.250 4.757E+08
   871.500 4.763E+08
   871.750 4.727E+08
   872.000 4.684E+08
   872.250 4.724E+08
   872.500 4.758E+08
   872.750 4.749E+08
   873.000 4.699E+08
   873.250 4.638E+08
   873.500 4.633E+08
   873.750 4.718E+08
   874.000 4.739E+08
   874.250 4.740E+08
   874.500 4.760E+08
   874.750 4.765E+08
   875.000 4.726E+08
   875.250 4.603E+08
   875.500 4.533E+08
   875.750 4.617E+08
   876.000 4.680E+08
   876.250 4.715E+08
   876.500 4.717E+08
   876.750 4.745E+08
   877.000 4.784E+08
   877.250 4.793E+08
   877.500 4.781E+08
   877.750 4.758E+08
   878.000 4.735E+08
   878.250 4.720E+08
   878.500 4.742E+08
   878.750 4.754E+08
   879.000 4.762E+08
   879.250 4.761E+08
   879.500 4.726E+08
   879.750 4.730E+08
   880.000 4.748E+08
   880.250 4.738E+08
   880.500 4.721E+08
   880.750 4.706E+08
   881.000 4.655E+08
   881.250 4.705E+08
   881.500 4.766E+08
   881.750 4.790E+08
   882.000 4.773E+08
   882.250 4.763E+08
   882.500 4.801E+08
   882.750 4.812E+08
   883.000 4.781E+08
   883.250 4.719E+08
   883.500 4.687E+08
   883.750 4.729E+08
   884.000 4.785E+08
   884.250 4.785E+08
   884.500 4.762E+08
   884.750 4.783E+08
   885.000 4.819E+08
   885.250 4.828E+08
   885.500 4.835E+08
   885.750 4.836E+08
   886.000 4.829E+08
   886.250 4.830E+08
   886.500 4.841E+08
   886.750 4.843E+08
   887.000 4.836E+08
   887.250 4.812E+08
   887.500 4.808E+08
   887.750 4.832E+08
   888.000 4.847E+08
   888.250 4.845E+08
   888.500 4.838E+08
   888.750 4.833E+08
   889.000 4.840E+08
   889.250 4.851E+08
   889.500 4.849E+08
   889.750 4.840E+08
   890.000 4.839E+08
   890.250 4.846E+08
   890.500 4.811E+08
   890.750 4.743E+08
   891.000 4.711E+08
   891.250 4.679E+08
   891.500 4.733E+08
   891.750 4.816E+08
   892.000 4.823E+08
   892.250 4.777E+08
   892.500 4.775E+08
   892.750 4.839E+08
   893.000 4.858E+08
   893.250 4.860E+08
   893.500 4.859E+08
   893.750 4.834E+08
   894.000 4.821E+08
   894.250 4.848E+08
   894.500 4.861E+08
   894.750 4.867E+08
   895.000 4.879E+08
   895.250 4.878E+08
   895.500 4.869E+08
   895.750 4.868E+08
   896.000 4.871E+08
   896.250 4.876E+08
   896.500 4.883E+08
   896.750 4.887E+08
   897.000 4.886E+08
   897.250 4.879E+08
   897.500 4.851E+08
   897.750 4.842E+08
   898.000 4.874E+08
   898.250 4.892E+08
   898.500 4.892E+08
   898.750 4.882E+08
   899.000 4.869E+08
   899.250 4.815E+08
   899.500 4.801E+08
   899.750 4.868E+08
   900.000 4.892E+08
   900.250 4.892E+08
   900.500 4.878E+08
   900.750 4.828E+08
   901.000 4.792E+08
   901.250 4.834E+08
   901.500 4.871E+08
   901.750 4.887E+08
   902.000 4.904E+08
   902.250 4.909E+08
   902.500 4.902E+08
   902.750 4.882E+08
   903.000 4.871E+08
   903.250 4.780E+08
   903.500 4.415E+08
   903.750 3.999E+08
   904.000 3.639E+08
   904.250 3.754E+08
   904.500 4.195E+08
   904.750 4.663E+08
   905.000 4.862E+08
   905.250 4.845E+08
   905.500 4.862E+08
   905.750 4.908E+08
   906.000 4.914E+08
   906.250 4.867E+08
   906.500 4.786E+08
   906.750 4.783E+08
   907.000 4.834E+08
   907.250 4.899E+08
   907.500 4.897E+08
   907.750 4.874E+08
   908.000 4.873E+08
   908.250 4.899E+08
   908.500 4.924E+08
   908.750 4.914E+08
   909.000 4.883E+08
   909.250 4.870E+08
   909.500 4.907E+08
   909.750 4.938E+08
   910.000 4.940E+08
   910.250 4.898E+08
   910.500 4.833E+08
   910.750 4.829E+08
   911.000 4.853E+08
   911.250 4.899E+08
   911.500 4.851E+08
   911.750 4.770E+08
   912.000 4.858E+08
   912.250 4.914E+08
   912.500 4.853E+08
   912.750 4.799E+08
   913.000 4.873E+08
   913.250 4.926E+08
   913.500 4.935E+08
   913.750 4.900E+08
   914.000 4.869E+08
   914.250 4.903E+08
   914.500 4.923E+08
   914.750 4.923E+08
   915.000 4.914E+08
   915.250 4.842E+08
   915.500 4.619E+08
   915.750 4.386E+08
   916.000 4.300E+08
   916.250 4.583E+08
   916.500 4.601E+08
   916.750 4.484E+08
   917.000 4.675E+08
   917.250 4.812E+08
   917.500 4.864E+08
   917.750 4.839E+08
   918.000 4.832E+08
   918.250 4.863E+08
   918.500 4.815E+08
   918.750 4.800E+08
   919.000 4.879E+08
   919.250 4.902E+08
   919.500 4.887E+08
   919.750 4.869E+08
   920.000 4.921E+08
   920.250 4.972E+08
   920.500 4.979E+08
   920.750 4.974E+08
   921.000 4.984E+08
   921.250 5.022E+08
   921.500 5.052E+08
   921.750 5.041E+08
   922.000 5.045E+08
   922.250 5.071E+08
   922.500 5.055E+08
   922.750 5.006E+08
   923.000 4.961E+08
   923.250 4.980E+08
   923.500 5.073E+08
   923.750 5.180E+08
   924.000 5.268E+08
   924.250 5.338E+08
   924.500 5.369E+08
   924.750 5.344E+08
   925.000 5.269E+08
   925.250 5.156E+08
   925.500 5.002E+08
   925.750 4.809E+08
   926.000 4.623E+08
   926.250 4.565E+08
   926.500 4.706E+08
   926.750 4.964E+08
   927.000 5.241E+08
   927.250 5.489E+08
   927.500 5.696E+08
   927.750 5.827E+08
   928.000 5.886E+08
   928.250 5.906E+08
   928.500 5.871E+08
   928.750 5.850E+08
   929.000 5.704E+08
   929.250 5.484E+08
   929.500 5.257E+08
   929.750 4.952E+08
   930.000 4.583E+08
   930.250 4.225E+08
   930.500 3.918E+08
   930.750 3.778E+08
   931.000 3.941E+08
   931.250 4.297E+08
   931.500 4.703E+08
   931.750 5.070E+08
   932.000 5.389E+08
   932.250 5.837E+08
   932.500 6.296E+08
   932.750 6.660E+08
   933.000 6.973E+08
   933.250 7.241E+08
   933.500 7.459E+08
   933.750 7.619E+08
   934.000 7.712E+08
   934.250 7.720E+08
   934.500 7.578E+08
   934.750 7.393E+08
   935.000 7.310E+08
   935.250 7.125E+08
   935.500 6.828E+08
   935.750 6.473E+08
   936.000 6.077E+08
   936.250 5.655E+08
   936.500 5.214E+08
   936.750 4.767E+08
   937.000 4.323E+08
   937.250 3.875E+08
   937.500 3.449E+08
   937.750 3.195E+08
   938.000 3.318E+08
   938.250 3.707E+08
   938.500 4.154E+08
   938.750 4.612E+08
   939.000 5.076E+08
   939.250 5.557E+08
   939.500 6.051E+08
   939.750 6.547E+08
   940.000 7.041E+08
   940.250 7.533E+08
   940.500 8.019E+08
   940.750 8.496E+08
   941.000 8.963E+08
   941.250 9.411E+08
   941.500 9.830E+08
   941.750 1.023E+09
   942.000 1.060E+09
   942.250 1.086E+09
   942.500 1.112E+09
   942.750 1.143E+09
   943.000 1.169E+09
   943.250 1.185E+09
   943.500 1.193E+09
   943.750 1.193E+09
   944.000 1.191E+09
   944.250 1.190E+09
   944.500 1.179E+09
   944.750 1.156E+09
   945.000 1.120E+09
   945.250 1.077E+09
   945.500 1.034E+09
   945.750 9.876E+08
   946.000 9.223E+08
   946.250 8.896E+08
   946.500 8.819E+08
   946.750 8.486E+08
   947.000 8.012E+08
   947.250 7.512E+08
   947.500 7.004E+08
   947.750 6.490E+08
   948.000 5.978E+08
   948.250 5.469E+08
   948.500 4.984E+08
   948.750 4.494E+08
   949.000 4.024E+08
   949.250 3.597E+08
   949.500 3.175E+08
   949.750 2.971E+08
   950.000 3.200E+08
   950.250 3.640E+08
   950.500 4.089E+08
   950.750 4.552E+08
   951.000 5.048E+08
   951.250 5.553E+08
   951.500 6.065E+08
   951.750 6.588E+08
   952.000 7.126E+08
   952.250 7.671E+08
   952.500 8.227E+08
   952.750 8.794E+08
   953.000 9.368E+08
   953.250 9.942E+08
   953.500 1.052E+09
   953.750 1.111E+09
   954.000 1.171E+09
   954.250 1.236E+09
   954.500 1.299E+09
   954.750 1.354E+09
   955.000 1.402E+09
   955.250 1.455E+09
   955.500 1.500E+09
   955.750 1.574E+09
   956.000 1.654E+09
   956.250 1.709E+09
   956.500 1.765E+09
   956.750 1.820E+09
   957.000 1.873E+09
   957.250 1.909E+09
   957.500 1.884E+09
   957.750 1.868E+09
   958.000 1.962E+09
   958.250 2.072E+09
   958.500 2.175E+09
   958.750 2.240E+09
   959.000 2.261E+09
   959.250 2.283E+09
   959.500 2.292E+09
   959.750 2.353E+09
   960.000 2.423E+09
   960.250 2.446E+09
   960.500 2.460E+09
   960.750 2.500E+09
   961.000 2.521E+09
   961.250 2.502E+09
   961.500 2.433E+09
   961.750 2.357E+09
   962.000 2.379E+09
   962.250 2.465E+09
   962.500 2.437E+09
   962.750 2.402E+09
   963.000 2.418E+09
   963.250 2.402E+09
   963.500 2.401E+09
   963.750 2.335E+09
   964.000 2.272E+09
   964.250 2.289E+09
   964.500 2.263E+09
   964.750 2.201E+09
   965.000 2.150E+09
   965.250 2.090E+09
   965.500 2.033E+09
   965.750 1.997E+09
   966.000 1.947E+09
   966.250 1.874E+09
   966.500 1.800E+09
   966.750 1.734E+09
   967.000 1.635E+09
   967.250 1.545E+09
   967.500 1.498E+09
   967.750 1.409E+09
   968.000 1.312E+09
   968.250 1.267E+09
   968.500 1.229E+09
   968.750 1.155E+09
   969.000 1.075E+09
   969.250 1.016E+09
   969.500 9.544E+08
   969.750 8.907E+08
   970.000 8.278E+08
   970.250 7.697E+08
   970.500 7.146E+08
   970.750 6.655E+08
   971.000 6.189E+08
   971.250 5.723E+08
   971.500 5.242E+08
   971.750 4.719E+08
   972.000 4.144E+08
   972.250 3.554E+08
   972.500 3.193E+08
   972.750 3.413E+08
   973.000 3.979E+08
   973.250 4.567E+08
   973.500 5.136E+08
   973.750 5.711E+08
   974.000 6.306E+08
   974.250 6.905E+08
   974.500 7.511E+08
   974.750 8.135E+08
   975.000 8.763E+08
   975.250 9.412E+08
   975.500 1.007E+09
   975.750 1.073E+09
   976.000 1.135E+09
   976.250 1.185E+09
   976.500 1.184E+09
   976.750 1.026E+09
   977.000 8.555E+08
   977.250 1.072E+09
   977.500 1.383E+09
   977.750 1.549E+09
   978.000 1.669E+09
   978.250 1.772E+09
   978.500 1.865E+09
   978.750 1.945E+09
   979.000 2.010E+09
   979.250 2.102E+09
   979.500 2.125E+09
   979.750 2.095E+09
   980.000 2.262E+09
   980.250 2.549E+09
   980.500 2.733E+09
   980.750 2.856E+09
   981.000 2.877E+09
   981.250 2.834E+09
   981.500 2.977E+09
   981.750 3.242E+09
   982.000 3.406E+09
   982.250 3.521E+09
   982.500 3.623E+09
   982.750 3.712E+09
   983.000 3.760E+09
   983.250 3.667E+09
   983.500 3.411E+09
   983.750 3.193E+09
   984.000 3.451E+09
   984.250 3.973E+09
   984.500 4.224E+09
   984.750 4.235E+09
   985.000 4.269E+09
   985.250 4.436E+09
   985.500 4.344E+09
   985.750 4.073E+09
   986.000 4.320E+09
   986.250 4.573E+09
   986.500 4.387E+09
   986.750 4.632E+09
   987.000 5.045E+09
   987.250 5.176E+09
   987.500 5.221E+09
   987.750 5.216E+09
   988.000 5.032E+09
   988.250 4.902E+09
   988.500 4.751E+09
   988.750 4.462E+09
   989.000 4.816E+09
   989.250 4.866E+09
   989.500 4.020E+09
   989.750 3.001E+09
   990.000 3.095E+09
   990.250 3.951E+09
   990.500 4.685E+09
   990.750 4.683E+09
   991.000 4.469E+09
   991.250 3.691E+09
   991.500 2.743E+09
   991.750 3.115E+09
   992.000 4.152E+09
   992.250 4.403E+09
   992.500 4.074E+09
   992.750 3.946E+09
   993.000 4.253E+09
   993.250 4.487E+09
   993.500 4.474E+09
   993.750 5.137E+09
   994.000 5.622E+09
   994.250 5.467E+09
   994.500 4.923E+09
   994.750 4.015E+09
   995.000 4.219E+09
   995.250 5.144E+09
   995.500 5.935E+09
   995.750 5.960E+09
   996.000 5.622E+09
   996.250 5.986E+09
   996.500 6.350E+09
   996.750 6.235E+09
   997.000 5.404E+09
   997.250 4.158E+09
   997.500 4.026E+09
   997.750 5.128E+09
   998.000 5.936E+09
   998.250 6.584E+09
   998.500 6.906E+09
   998.750 6.928E+09
   999.000 6.783E+09
   999.250 6.299E+09
   999.500 6.154E+09
   999.750 6.676E+09
  1000.000 6.996E+09
  1000.250 6.936E+09
  1000.500 6.769E+09
  1000.750 6.804E+09
  1001.000 6.831E+09
  1001.250 6.948E+09
  1001.500 6.951E+09
  1001.750 6.811E+09
  1002.000 6.621E+09
  1002.250 6.538E+09
  1002.500 6.561E+09
  1002.750 6.349E+09
  1003.000 6.243E+09
  1003.250 6.297E+09
  1003.500 6.092E+09
  1003.750 6.197E+09
  1004.000 6.540E+09
  1004.250 6.574E+09
  1004.500 6.451E+09
  1004.750 6.211E+09
  1005.000 5.573E+09
  1005.250 4.902E+09
  1005.500 5.127E+09
  1005.750 5.405E+09
  1006.000 5.175E+09
  1006.250 5.274E+09
  1006.500 5.610E+09
  1006.750 5.681E+09
  1007.000 5.540E+09
  1007.250 5.589E+09
  1007.500 5.715E+09
  1007.750 5.660E+09
  1008.000 5.507E+09
  1008.250 5.401E+09
  1008.500 5.164E+09
  1008.750 4.748E+09
  1009.000 4.756E+09
  1009.250 4.760E+09
  1009.500 4.102E+09
  1009.750 2.656E+09
  1010.000 1.495E+09
  1010.250 1.418E+09
  1010.500 2.314E+09
  1010.750 3.588E+09
  1011.000 4.247E+09
  1011.250 4.415E+09
  1011.500 4.418E+09
  1011.750 4.359E+09
  1012.000 4.232E+09
  1012.250 3.912E+09
  1012.500 3.632E+09
  1012.750 3.800E+09
  1013.000 3.929E+09
  1013.250 3.900E+09
  1013.500 3.822E+09
  1013.750 3.728E+09
  1014.000 3.615E+09
  1014.250 3.481E+09
  1014.500 3.367E+09
  1014.750 3.210E+09
  1015.000 2.937E+09
  1015.250 2.761E+09
  1015.500 2.534E+09
  1015.750 2.536E+09
  1016.000 2.708E+09
  1016.250 2.726E+09
  1016.500 2.677E+09
  1016.750 2.620E+09
  1017.000 2.446E+09
  1017.250 2.241E+09
  1017.500 2.181E+09
  1017.750 2.130E+09
  1018.000 2.101E+09
  1018.250 1.995E+09
  1018.500 1.973E+09
  1018.750 1.973E+09
  1019.000 1.910E+09
  1019.250 1.826E+09
  1019.500 1.719E+09
  1019.750 1.601E+09
  1020.000 1.547E+09
  1020.250 1.523E+09
  1020.500 1.464E+09
  1020.750 1.381E+09
  1021.000 1.270E+09
  1021.250 1.162E+09
  1021.500 1.122E+09
  1021.750 1.117E+09
  1022.000 1.089E+09
  1022.250 1.035E+09
  1022.500 9.758E+08
  1022.750 9.172E+08
  1023.000 8.599E+08
  1023.250 8.052E+08
  1023.500 7.505E+08
  1023.750 6.965E+08
  1024.000 6.473E+08
  1024.250 6.011E+08
  1024.500 5.545E+08
  1024.750 5.078E+08
  1025.000 4.612E+08
  1025.250 4.092E+08
  1025.500 3.478E+08
  1025.750 3.182E+08
  1026.000 3.615E+08
  1026.250 4.224E+08
  1026.500 4.716E+08
  1026.750 5.152E+08
  1027.000 5.633E+08
  1027.250 6.133E+08
  1027.500 6.625E+08
  1027.750 7.153E+08
  1028.000 7.675E+08
  1028.250 8.158E+08
  1028.500 8.653E+08
  1028.750 9.227E+08
  1029.000 9.823E+08
  1029.250 1.038E+09
  1029.500 1.089E+09
  1029.750 1.144E+09
  1030.000 1.202E+09
  1030.250 1.257E+09
  1030.500 1.304E+09
  1030.750 1.336E+09
  1031.000 1.397E+09
  1031.250 1.507E+09
  1031.500 1.598E+09
  1031.750 1.660E+09
  1032.000 1.673E+09
  1032.250 1.725E+09
  1032.500 1.861E+09
  1032.750 1.959E+09
  1033.000 1.952E+09
  1033.250 1.924E+09
  1033.500 2.024E+09
  1033.750 2.139E+09
  1034.000 2.235E+09
  1034.250 2.330E+09
  1034.500 2.393E+09
  1034.750 2.448E+09
  1035.000 2.519E+09
  1035.250 2.554E+09
  1035.500 2.532E+09
  1035.750 2.449E+09
  1036.000 2.286E+09
  1036.250 1.936E+09
  1036.500 2.014E+09
  1036.750 2.070E+09
  1037.000 1.831E+09
  1037.250 2.403E+09
  1037.500 3.164E+09
  1037.750 3.546E+09
  1038.000 3.682E+09
  1038.250 3.692E+09
  1038.500 3.880E+09
  1038.750 4.132E+09
  1039.000 4.299E+09
  1039.250 4.428E+09
  1039.500 4.530E+09
  1039.750 4.612E+09
  1040.000 4.664E+09
  1040.250 4.715E+09
  1040.500 4.785E+09
  1040.750 4.911E+09
  1041.000 5.034E+09
  1041.250 5.140E+09
  1041.500 5.244E+09
  1041.750 5.334E+09
  1042.000 5.408E+09
  1042.250 5.479E+09
  1042.500 5.542E+09
  1042.750 5.603E+09
  1043.000 5.670E+09
  1043.250 5.738E+09
  1043.500 5.823E+09
  1043.750 5.907E+09
  1044.000 5.972E+09
  1044.250 6.023E+09
  1044.500 6.079E+09
  1044.750 6.130E+09
  1045.000 6.183E+09
  1045.250 6.244E+09
  1045.500 6.235E+09
  1045.750 6.168E+09
  1046.000 6.294E+09
  1046.250 6.455E+09
  1046.500 6.535E+09
  1046.750 6.582E+09
  1047.000 6.619E+09
  1047.250 6.588E+09
  1047.500 6.478E+09
  1047.750 6.550E+09
  1048.000 6.712E+09
  1048.250 6.831E+09
  1048.500 6.890E+09
  1048.750 6.910E+09
  1049.000 6.895E+09
  1049.250 6.950E+09
  1049.500 7.013E+09
  1049.750 7.021E+09
  1050.000 7.051E+09
  1050.250 7.109E+09
  1050.500 7.119E+09
  1050.750 7.089E+09
  1051.000 7.105E+09
  1051.250 7.150E+09
  1051.500 7.187E+09
  1051.750 7.204E+09
  1052.000 7.205E+09
  1052.250 7.178E+09
  1052.500 7.108E+09
  1052.750 7.111E+09
  1053.000 7.178E+09
  1053.250 7.183E+09
  1053.500 7.202E+09
  1053.750 7.263E+09
  1054.000 7.251E+09
  1054.250 7.201E+09
  1054.500 7.207E+09
  1054.750 7.199E+09
  1055.000 7.145E+09
  1055.250 6.981E+09
  1055.500 6.717E+09
  1055.750 6.560E+09
  1056.000 6.516E+09
  1056.250 6.682E+09
  1056.500 7.013E+09
  1056.750 7.138E+09
  1057.000 7.144E+09
  1057.250 7.130E+09
  1057.500 7.158E+09
  1057.750 7.174E+09
  1058.000 7.191E+09
  1058.250 7.214E+09
  1058.500 7.209E+09
  1058.750 7.196E+09
  1059.000 7.113E+09
  1059.250 7.089E+09
  1059.500 7.166E+09
  1059.750 7.213E+09
  1060.000 7.027E+09
  1060.250 6.860E+09
  1060.500 7.070E+09
  1060.750 7.113E+09
  1061.000 6.795E+09
  1061.250 6.673E+09
  1061.500 6.830E+09
  1061.750 6.739E+09
  1062.000 6.976E+09
  1062.250 6.798E+09
  1062.500 5.959E+09
  1062.750 5.700E+09
  1063.000 6.520E+09
  1063.250 6.925E+09
  1063.500 7.124E+09
  1063.750 6.967E+09
  1064.000 6.917E+09
  1064.250 7.010E+09
  1064.500 6.790E+09
  1064.750 6.589E+09
  1065.000 6.226E+09
  1065.250 5.395E+09
  1065.500 3.947E+09
  1065.750 2.225E+09
  1066.000 1.407E+09
  1066.250 1.987E+09
  1066.500 2.978E+09
  1066.750 3.918E+09
  1067.000 5.035E+09
  1067.250 5.907E+09
  1067.500 6.548E+09
  1067.750 6.908E+09
  1068.000 6.670E+09
  1068.250 6.352E+09
  1068.500 6.966E+09
  1068.750 7.453E+09
  1069.000 7.403E+09
  1069.250 7.667E+09
  1069.500 7.905E+09
  1069.750 7.971E+09
  1070.000 7.865E+09
  1070.250 7.539E+09
  1070.500 7.523E+09
  1070.750 7.854E+09
  1071.000 8.038E+09
  1071.250 8.036E+09
  1071.500 7.760E+09
  1071.750 7.450E+09
  1072.000 7.640E+09
  1072.250 7.734E+09
  1072.500 7.344E+09
  1072.750 6.181E+09
  1073.000 5.248E+09
  1073.250 5.750E+09
  1073.500 6.261E+09
  1073.750 6.929E+09
  1074.000 7.453E+09
  1074.250 7.717E+09
  1074.500 7.850E+09
  1074.750 7.687E+09
  1075.000 7.423E+09
  1075.250 7.624E+09
  1075.500 7.826E+09
  1075.750 7.849E+09
  1076.000 7.837E+09
  1076.250 7.740E+09
  1076.500 7.574E+09
  1076.750 7.311E+09
  1077.000 6.466E+09
  1077.250 6.381E+09
  1077.500 7.385E+09
  1077.750 7.860E+09
  1078.000 7.961E+09
  1078.250 8.003E+09
  1078.500 8.028E+09
  1078.750 8.053E+09
  1079.000 8.060E+09
  1079.250 8.029E+09
  1079.500 8.043E+09
  1079.750 8.159E+09
  1080.000 8.238E+09
  1080.250 8.265E+09
  1080.500 8.293E+09
  1080.750 8.237E+09
  1081.000 8.055E+09
  1081.250 7.945E+09
  1081.500 7.905E+09
  1081.750 7.838E+09
  1082.000 7.757E+09
  1082.250 7.658E+09
  1082.500 7.434E+09
  1082.750 6.856E+09
  1083.000 6.093E+09
  1083.250 5.772E+09
  1083.500 6.194E+09
  1083.750 5.732E+09
  1084.000 4.721E+09
  1084.250 4.593E+09
  1084.500 3.899E+09
  1084.750 4.080E+09
  1085.000 4.998E+09
  1085.250 4.829E+09
  1085.500 3.473E+09
  1085.750 3.650E+09
  1086.000 5.677E+09
  1086.250 6.775E+09
  1086.500 6.848E+09
  1086.750 6.914E+09
  1087.000 7.360E+09
  1087.250 7.626E+09
  1087.500 7.785E+09
  1087.750 7.832E+09
  1088.000 7.672E+09
  1088.250 7.673E+09
  1088.500 7.938E+09
  1088.750 7.985E+09
  1089.000 7.814E+09
  1089.250 7.719E+09
  1089.500 7.532E+09
  1089.750 7.715E+09
  1090.000 8.260E+09
  1090.250 8.567E+09
  1090.500 8.653E+09
  1090.750 8.652E+09
  1091.000 8.596E+09
  1091.250 8.508E+09
  1091.500 8.382E+09
  1091.750 8.168E+09
  1092.000 7.955E+09
  1092.250 7.813E+09
  1092.500 7.592E+09
  1092.750 7.536E+09
  1093.000 7.855E+09
  1093.250 8.094E+09
  1093.500 8.311E+09
  1093.750 8.518E+09
  1094.000 8.587E+09
  1094.250 8.559E+09
  1094.500 8.510E+09
  1094.750 8.517E+09
  1095.000 8.525E+09
  1095.250 8.300E+09
  1095.500 8.121E+09
  1095.750 8.343E+09
  1096.000 8.444E+09
  1096.250 8.338E+09
  1096.500 7.859E+09
  1096.750 7.787E+09
  1097.000 8.262E+09
  1097.250 8.450E+09
  1097.500 8.192E+09
  1097.750 8.091E+09
  1098.000 8.141E+09
  1098.250 7.983E+09
  1098.500 8.280E+09
  1098.750 8.443E+09
  1099.000 8.317E+09
  1099.250 8.384E+09
  1099.500 8.502E+09
  1099.750 8.488E+09
  1100.000 8.476E+09
  1100.250 8.481E+09
  1100.500 8.423E+09
  1100.750 8.449E+09
  1101.000 8.484E+09
  1101.250 8.415E+09
  1101.500 8.384E+09
  1101.750 8.334E+09
  1102.000 8.002E+09
  1102.250 7.583E+09
  1102.500 7.826E+09
  1102.750 8.272E+09
  1103.000 8.379E+09
  1103.250 8.415E+09
  1103.500 8.424E+09
  1103.750 8.380E+09
  1104.000 8.203E+09
  1104.250 8.123E+09
  1104.500 8.281E+09
  1104.750 8.359E+09
  1105.000 8.364E+09
  1105.250 8.340E+09
  1105.500 8.297E+09
  1105.750 8.193E+09
  1106.000 7.967E+09
  1106.250 7.858E+09
  1106.500 8.042E+09
  1106.750 8.135E+09
  1107.000 8.109E+09
  1107.250 8.024E+09
  1107.500 7.768E+09
  1107.750 7.229E+09
  1108.000 5.846E+09
  1108.250 3.888E+09
  1108.500 4.116E+09
  1108.750 5.962E+09
  1109.000 6.832E+09
  1109.250 6.627E+09
  1109.500 5.432E+09
  1109.750 3.429E+09
  1110.000 2.548E+09
  1110.250 4.040E+09
  1110.500 5.946E+09
  1110.750 6.949E+09
  1111.000 7.276E+09
  1111.250 7.449E+09
  1111.500 7.572E+09
  1111.750 7.531E+09
  1112.000 7.336E+09
  1112.250 6.967E+09
  1112.500 6.250E+09
  1112.750 4.848E+09
  1113.000 2.937E+09
  1113.250 2.068E+09
  1113.500 3.306E+09
  1113.750 5.199E+09
  1114.000 6.477E+09
  1114.250 7.113E+09
  1114.500 7.401E+09
  1114.750 7.611E+09
  1115.000 7.721E+09
  1115.250 7.781E+09
  1115.500 7.846E+09
  1115.750 7.884E+09
  1116.000 7.939E+09
  1116.250 7.952E+09
  1116.500 7.915E+09
  1116.750 7.891E+09
  1117.000 7.884E+09
  1117.250 7.771E+09
  1117.500 7.714E+09
  1117.750 7.538E+09
  1118.000 7.344E+09
  1118.250 7.537E+09
  1118.500 7.608E+09
  1118.750 7.712E+09
  1119.000 7.804E+09
  1119.250 7.678E+09
  1119.500 7.604E+09
  1119.750 7.721E+09
  1120.000 7.711E+09
  1120.250 7.588E+09
  1120.500 7.541E+09
  1120.750 7.485E+09
  1121.000 7.223E+09
  1121.250 6.858E+09
  1121.500 6.666E+09
  1121.750 6.269E+09
  1122.000 5.373E+09
  1122.250 3.990E+09
  1122.500 3.164E+09
  1122.750 4.119E+09
  1123.000 5.495E+09
  1123.250 6.320E+09
  1123.500 6.611E+09
  1123.750 6.607E+09
  1124.000 6.872E+09
  1124.250 7.064E+09
  1124.500 6.904E+09
  1124.750 6.206E+09
  1125.000 5.863E+09
  1125.250 6.419E+09
  1125.500 6.655E+09
  1125.750 6.714E+09
  1126.000 6.895E+09
  1126.250 6.999E+09
  1126.500 6.683E+09
  1126.750 6.248E+09
  1127.000 6.384E+09
  1127.250 6.339E+09
  1127.500 5.874E+09
  1127.750 5.009E+09
  1128.000 3.712E+09
  1128.250 2.732E+09
  1128.500 2.929E+09
  1128.750 3.905E+09
  1129.000 4.815E+09
  1129.250 5.471E+09
  1129.500 6.263E+09
  1129.750 6.705E+09
  1130.000 6.845E+09
  1130.250 6.652E+09
  1130.500 6.649E+09
  1130.750 6.934E+09
  1131.000 6.668E+09
  1131.250 6.591E+09
  1131.500 6.997E+09
  1131.750 6.975E+09
  1132.000 7.025E+09
  1132.250 7.395E+09
  1132.500 7.530E+09
  1132.750 7.531E+09
  1133.000 7.557E+09
  1133.250 7.561E+09
  1133.500 7.526E+09
  1133.750 7.501E+09
  1134.000 7.481E+09
  1134.250 7.407E+09
  1134.500 7.393E+09
  1134.750 7.415E+09
  1135.000 7.383E+09
  1135.250 7.468E+09
  1135.500 7.522E+09
  1135.750 7.514E+09
  1136.000 7.491E+09
  1136.250 7.436E+09
  1136.500 7.324E+09
  1136.750 7.273E+09
  1137.000 7.321E+09
  1137.250 7.314E+09
  1137.500 7.262E+09
  1137.750 7.161E+09
  1138.000 6.968E+09
  1138.250 6.514E+09
  1138.500 5.741E+09
  1138.750 4.999E+09
  1139.000 4.381E+09
  1139.250 4.044E+09
  1139.500 4.493E+09
  1139.750 5.353E+09
  1140.000 5.532E+09
  1140.250 4.692E+09
  1140.500 3.826E+09
  1140.750 4.382E+09
  1141.000 4.936E+09
  1141.250 4.206E+09
  1141.500 3.252E+09
  1141.750 3.561E+09
  1142.000 4.226E+09
  1142.250 4.173E+09
  1142.500 4.727E+09
  1142.750 5.545E+09
  1143.000 5.779E+09
  1143.250 5.879E+09
  1143.500 5.434E+09
  1143.750 4.705E+09
  1144.000 3.710E+09
  1144.250 2.680E+09
  1144.500 2.855E+09
  1144.750 3.288E+09
  1145.000 3.237E+09
  1145.250 3.826E+09
  1145.500 4.900E+09
  1145.750 5.740E+09
  1146.000 6.279E+09
  1146.250 6.559E+09
  1146.500 6.753E+09
  1146.750 6.900E+09
  1147.000 6.979E+09
  1147.250 7.001E+09
  1147.500 7.008E+09
  1147.750 6.983E+09
  1148.000 6.898E+09
  1148.250 6.942E+09
  1148.500 7.069E+09
  1148.750 7.127E+09
  1149.000 7.124E+09
  1149.250 6.991E+09
  1149.500 6.672E+09
  1149.750 6.699E+09
  1150.000 6.982E+09
  1150.250 7.038E+09
  1150.500 6.796E+09
  1150.750 6.286E+09
  1151.000 6.231E+09
  1151.250 6.725E+09
  1151.500 7.014E+09
  1151.750 6.859E+09
  1152.000 6.137E+09
  1152.250 5.992E+09
  1152.500 6.719E+09
  1152.750 7.000E+09
  1153.000 6.978E+09
  1153.250 6.842E+09
  1153.500 6.395E+09
  1153.750 5.878E+09
  1154.000 6.152E+09
  1154.250 6.586E+09
  1154.500 6.542E+09
  1154.750 6.052E+09
  1155.000 5.641E+09
  1155.250 5.999E+09
  1155.500 6.270E+09
  1155.750 5.857E+09
  1156.000 5.517E+09
  1156.250 5.929E+09
  1156.500 6.052E+09
  1156.750 5.811E+09
  1157.000 6.101E+09
  1157.250 6.511E+09
  1157.500 6.524E+09
  1157.750 6.085E+09
  1158.000 5.387E+09
  1158.250 5.497E+09
  1158.500 6.243E+09
  1158.750 6.609E+09
  1159.000 6.664E+09
  1159.250 6.663E+09
  1159.500 6.606E+09
  1159.750 6.402E+09
  1160.000 5.821E+09
  1160.250 5.318E+09
  1160.500 5.711E+09
  1160.750 6.151E+09
  1161.000 5.996E+09
  1161.250 5.124E+09
  1161.500 4.049E+09
  1161.750 4.377E+09
  1162.000 5.538E+09
  1162.250 6.183E+09
  1162.500 6.391E+09
  1162.750 6.501E+09
  1163.000 6.606E+09
  1163.250 6.663E+09
  1163.500 6.655E+09
  1163.750 6.593E+09
  1164.000 6.608E+09
  1164.250 6.638E+09
  1164.500 6.575E+09
  1164.750 6.484E+09
  1165.000 6.433E+09
  1165.250 6.362E+09
  1165.500 6.251E+09
  1165.750 6.172E+09
  1166.000 6.173E+09
  1166.250 6.212E+09
  1166.500 6.279E+09
  1166.750 6.321E+09
  1167.000 6.341E+09
  1167.250 6.312E+09
  1167.500 6.243E+09
  1167.750 6.262E+09
  1168.000 6.257E+09
  1168.250 6.226E+09
  1168.500 6.196E+09
  1168.750 6.198E+09
  1169.000 6.199E+09
  1169.250 6.166E+09
  1169.500 6.141E+09
  1169.750 6.113E+09
  1170.000 6.053E+09
  1170.250 5.995E+09
  1170.500 5.955E+09
  1170.750 5.907E+09
  1171.000 5.853E+09
  1171.250 5.785E+09
  1171.500 5.704E+09
  1171.750 5.627E+09
  1172.000 5.544E+09
  1172.250 5.422E+09
  1172.500 5.273E+09
  1172.750 5.132E+09
  1173.000 4.986E+09
  1173.250 4.805E+09
  1173.500 4.580E+09
  1173.750 4.309E+09
  1174.000 3.963E+09
  1174.250 3.505E+09
  1174.500 2.861E+09
  1174.750 1.978E+09
  1175.000 1.321E+09
  1175.250 1.126E+09
  1175.500 9.684E+08
  1175.750 8.696E+08
  1176.000 1.068E+09
  1176.250 1.323E+09
  1176.500 1.842E+09
  1176.750 2.720E+09
  1177.000 3.396E+09
  1177.250 3.836E+09
  1177.500 4.143E+09
  1177.750 4.345E+09
  1178.000 4.511E+09
  1178.250 4.728E+09
  1178.500 4.918E+09
  1178.750 5.052E+09
  1179.000 5.145E+09
  1179.250 5.217E+09
  1179.500 5.284E+09
  1179.750 5.329E+09
  1180.000 5.368E+09
  1180.250 5.410E+09
  1180.500 5.426E+09
  1180.750 5.436E+09
  1181.000 5.463E+09
  1181.250 5.481E+09
  1181.500 5.478E+09
  1181.750 5.464E+09
  1182.000 5.460E+09
  1182.250 5.464E+09
  1182.500 5.418E+09
  1182.750 5.166E+09
  1183.000 4.886E+09
  1183.250 5.104E+09
  1183.500 5.358E+09
  1183.750 5.385E+09
  1184.000 5.318E+09
  1184.250 5.013E+09
  1184.500 4.634E+09
  1184.750 4.896E+09
  1185.000 5.263E+09
  1185.250 5.350E+09
  1185.500 5.355E+09
  1185.750 5.352E+09
  1186.000 5.342E+09
  1186.250 5.328E+09
  1186.500 5.311E+09
  1186.750 5.296E+09
  1187.000 5.278E+09
  1187.250 5.209E+09
  1187.500 5.120E+09
  1187.750 5.136E+09
  1188.000 5.180E+09
  1188.250 5.166E+09
  1188.500 5.130E+09
  1188.750 5.099E+09
  1189.000 5.063E+09
  1189.250 5.019E+09
  1189.500 4.974E+09
  1189.750 4.843E+09
  1190.000 4.257E+09
  1190.250 3.342E+09
  1190.500 3.494E+09
  1190.750 4.381E+09
  1191.000 4.742E+09
  1191.250 4.768E+09
  1191.500 4.713E+09
  1191.750 4.606E+09
  1192.000 4.461E+09
  1192.250 4.360E+09
  1192.500 4.367E+09
  1192.750 4.250E+09
  1193.000 3.648E+09
  1193.250 2.970E+09
  1193.500 3.378E+09
  1193.750 3.754E+09
  1194.000 3.286E+09
  1194.250 2.679E+09
  1194.500 2.345E+09
  1194.750 3.113E+09
  1195.000 3.902E+09
  1195.250 4.125E+09
  1195.500 4.146E+09
  1195.750 4.120E+09
  1196.000 4.063E+09
  1196.250 3.968E+09
  1196.500 3.898E+09
  1196.750 3.881E+09
  1197.000 3.696E+09
  1197.250 3.163E+09
  1197.500 3.074E+09
  1197.750 3.549E+09
  1198.000 3.727E+09
  1198.250 3.701E+09
  1198.500 3.664E+09
  1198.750 3.622E+09
  1199.000 3.563E+09
  1199.250 3.469E+09
  1199.500 3.335E+09
  1199.750 3.336E+09
  1200.000 3.325E+09
  1200.250 3.236E+09
  1200.500 3.155E+09
  1200.750 2.852E+09
  1201.000 2.664E+09
  1201.250 2.895E+09
  1201.500 2.898E+09
  1201.750 2.765E+09
  1202.000 2.836E+09
  1202.250 2.890E+09
  1202.500 2.885E+09
  1202.750 2.842E+09
  1203.000 2.787E+09
  1203.250 2.730E+09
  1203.500 2.668E+09
  1203.750 2.606E+09
  1204.000 2.543E+09
  1204.250 2.476E+09
  1204.500 2.403E+09
  1204.750 2.319E+09
  1205.000 2.227E+09
  1205.250 2.121E+09
  1205.500 1.978E+09
  1205.750 1.767E+09
  1206.000 1.442E+09
  1206.250 1.008E+09
  1206.500 7.510E+08
  1206.750 9.761E+08
  1207.000 1.343E+09
  1207.250 1.497E+09
  1207.500 1.502E+09
  1207.750 1.600E+09
  1208.000 1.680E+09
  1208.250 1.677E+09
  1208.500 1.645E+09
  1208.750 1.603E+09
  1209.000 1.553E+09
  1209.250 1.509E+09
  1209.500 1.471E+09
  1209.750 1.428E+09
  1210.000 1.383E+09
  1210.250 1.339E+09
  1210.500 1.294E+09
  1210.750 1.246E+09
  1211.000 1.197E+09
  1211.250 1.152E+09
  1211.500 1.110E+09
  1211.750 1.066E+09
  1212.000 1.021E+09
  1212.250 9.792E+08
  1212.500 9.385E+08
  1212.750 8.978E+08
  1213.000 8.576E+08
  1213.250 8.182E+08
  1213.500 7.790E+08
  1213.750 7.395E+08
  1214.000 6.984E+08
  1214.250 6.553E+08
  1214.500 6.100E+08
  1214.750 5.635E+08
  1215.000 5.147E+08
  1215.250 4.570E+08
  1215.500 3.869E+08
  1215.750 3.691E+08
  1216.000 4.312E+08
  1216.250 4.953E+08
  1216.500 5.466E+08
  1216.750 5.945E+08
  1217.000 6.408E+08
  1217.250 6.852E+08
  1217.500 7.273E+08
  1217.750 7.684E+08
  1218.000 8.093E+08
  1218.250 8.496E+08
  1218.500 8.895E+08
  1218.750 9.293E+08
  1219.000 9.692E+08
  1219.250 1.010E+09
  1219.500 1.052E+09
  1219.750 1.094E+09
  1220.000 1.137E+09
  1220.250 1.181E+09
  1220.500 1.225E+09
  1220.750 1.270E+09
  1221.000 1.313E+09
  1221.250 1.360E+09
  1221.500 1.409E+09
  1221.750 1.455E+09
  1222.000 1.497E+09
  1222.250 1.533E+09
  1222.500 1.564E+09
  1222.750 1.612E+09
  1223.000 1.674E+09
  1223.250 1.723E+09
  1223.500 1.758E+09
  1223.750 1.777E+09
  1224.000 1.808E+09
  1224.250 1.865E+09
  1224.500 1.918E+09
  1224.750 1.944E+09
  1225.000 1.970E+09
  1225.250 2.035E+09
  1225.500 2.095E+09
  1225.750 2.140E+09
  1226.000 2.177E+09
  1226.250 2.203E+09
  1226.500 2.165E+09
  1226.750 2.058E+09
  1227.000 2.078E+09
  1227.250 2.196E+09
  1227.500 2.212E+09
  1227.750 2.269E+09
  1228.000 2.365E+09
  1228.250 2.331E+09
  1228.500 2.143E+09
  1228.750 2.059E+09
  1229.000 2.155E+09
  1229.250 2.077E+09
  1229.500 2.111E+09
  1229.750 2.324E+09
  1230.000 2.391E+09
  1230.250 2.475E+09
  1230.500 2.624E+09
  1230.750 2.737E+09
  1231.000 2.765E+09
  1231.250 2.719E+09
  1231.500 2.771E+09
  1231.750 2.930E+09
  1232.000 3.046E+09
  1232.250 3.127E+09
  1232.500 3.191E+09
  1232.750 3.233E+09
  1233.000 3.278E+09
  1233.250 3.352E+09
  1233.500 3.415E+09
  1233.750 3.461E+09
  1234.000 3.473E+09
  1234.250 3.518E+09
  1234.500 3.610E+09
  1234.750 3.670E+09
  1235.000 3.708E+09
  1235.250 3.736E+09
  1235.500 3.776E+09
  1235.750 3.832E+09
  1236.000 3.867E+09
  1236.250 3.902E+09
  1236.500 3.972E+09
  1236.750 4.027E+09
  1237.000 4.065E+09
  1237.250 4.100E+09
  1237.500 4.138E+09
  1237.750 4.173E+09
  1238.000 4.203E+09
  1238.250 4.220E+09
  1238.500 4.232E+09
  1238.750 4.277E+09
  1239.000 4.314E+09
  1239.250 4.331E+09
  1239.500 4.355E+09
  1239.750 4.375E+09
  1240.000 4.400E+09
  1240.250 4.435E+09
  1240.500 4.468E+09
  1240.750 4.500E+09
  1241.000 4.529E+09
  1241.250 4.555E+09
  1241.500 4.578E+09
  1241.750 4.598E+09
  1242.000 4.619E+09
  1242.250 4.641E+09
  1242.500 4.659E+09
  1242.750 4.655E+09
  1243.000 4.573E+09
  1243.250 4.511E+09
  1243.500 4.625E+09
  1243.750 4.725E+09
  1244.000 4.755E+09
  1244.250 4.766E+09
  1244.500 4.773E+09
  1244.750 4.774E+09
  1245.000 4.765E+09
  1245.250 4.751E+09
  1245.500 4.738E+09
  1245.750 4.707E+09
  1246.000 4.648E+09
  1246.250 4.536E+09
  1246.500 4.311E+09
  1246.750 3.944E+09
  1247.000 3.347E+09
  1247.250 2.511E+09
  1247.500 2.477E+09
  1247.750 3.337E+09
  1248.000 3.979E+09
  1248.250 4.199E+09
  1248.500 4.344E+09
  1248.750 4.611E+09
  1249.000 4.795E+09
  1249.250 4.880E+09
  1249.500 4.918E+09
  1249.750 4.926E+09
  1250.000 4.937E+09
  1250.250 4.867E+09
  1250.500 4.748E+09
  1250.750 4.747E+09
  1251.000 4.594E+09
  1251.250 4.547E+09
  1251.500 4.799E+09
  1251.750 4.973E+09
  1252.000 5.026E+09
  1252.250 5.037E+09
  1252.500 5.012E+09
  1252.750 5.029E+09
  1253.000 5.082E+09
  1253.250 5.090E+09
  1253.500 4.982E+09
  1253.750 4.796E+09
  1254.000 4.914E+09
  1254.250 5.087E+09
  1254.500 5.119E+09
  1254.750 5.118E+09
  1255.000 5.109E+09
  1255.250 5.108E+09
  1255.500 5.114E+09
  1255.750 5.109E+09
  1256.000 5.080E+09
  1256.250 5.009E+09
  1256.500 4.952E+09
  1256.750 5.003E+09
  1257.000 5.083E+09
  1257.250 5.110E+09
  1257.500 5.108E+09
  1257.750 5.097E+09
  1258.000 5.079E+09
  1258.250 5.017E+09
  1258.500 4.916E+09
  1258.750 4.880E+09
  1259.000 4.805E+09
  1259.250 4.600E+09
  1259.500 4.255E+09
  1259.750 3.981E+09
  1260.000 3.361E+09
  1260.250 2.343E+09
  1260.500 2.089E+09
  1260.750 2.965E+09
  1261.000 3.838E+09
  1261.250 4.304E+09
  1261.500 4.516E+09
  1261.750 4.656E+09
  1262.000 4.755E+09
  1262.250 4.809E+09
  1262.500 4.833E+09
  1262.750 4.820E+09
  1263.000 4.764E+09
  1263.250 4.659E+09
  1263.500 4.476E+09
  1263.750 4.192E+09
  1264.000 3.718E+09
  1264.250 2.918E+09
  1264.500 1.888E+09
  1264.750 1.297E+09
  1265.000 1.751E+09
  1265.250 2.761E+09
  1265.500 3.619E+09
  1265.750 4.150E+09
  1266.000 4.465E+09
  1266.250 4.653E+09
  1266.500 4.778E+09
  1266.750 4.877E+09
  1267.000 4.953E+09
  1267.250 4.991E+09
  1267.500 5.020E+09
  1267.750 5.053E+09
  1268.000 5.073E+09
  1268.250 5.094E+09
  1268.500 5.113E+09
  1268.750 5.100E+09
  1269.000 5.027E+09
  1269.250 5.045E+09
  1269.500 5.140E+09
  1269.750 5.175E+09
  1270.000 5.184E+09
  1270.250 5.190E+09
  1270.500 5.188E+09
  1270.750 5.187E+09
  1271.000 5.198E+09
  1271.250 5.203E+09
  1271.500 5.201E+09
  1271.750 5.188E+09
  1272.000 5.181E+09
  1272.250 5.191E+09
  1272.500 5.195E+09
  1272.750 5.195E+09
  1273.000 5.193E+09
  1273.250 5.177E+09
  1273.500 5.096E+09
  1273.750 4.958E+09
  1274.000 5.031E+09
  1274.250 5.155E+09
  1274.500 5.182E+09
  1274.750 5.182E+09
  1275.000 5.179E+09
  1275.250 5.182E+09
  1275.500 5.183E+09
  1275.750 5.176E+09
  1276.000 5.176E+09
  1276.250 5.180E+09
  1276.500 5.175E+09
  1276.750 5.150E+09
  1277.000 5.052E+09
  1277.250 4.847E+09
  1277.500 4.740E+09
  1277.750 4.899E+09
  1278.000 5.089E+09
  1278.250 5.141E+09
  1278.500 5.114E+09
  1278.750 5.019E+09
  1279.000 4.998E+09
  1279.250 5.084E+09
  1279.500 5.113E+09
  1279.750 5.069E+09
  1280.000 4.976E+09
  1280.250 4.877E+09
  1280.500 4.892E+09
  1280.750 4.993E+09
  1281.000 5.071E+09
  1281.250 5.114E+09
  1281.500 5.125E+09
  1281.750 5.123E+09
  1282.000 5.120E+09
  1282.250 5.123E+09
  1282.500 5.122E+09
  1282.750 5.121E+09
  1283.000 5.119E+09
  1283.250 5.107E+09
  1283.500 5.076E+09
  1283.750 5.075E+09
  1284.000 5.057E+09
  1284.250 5.034E+09
  1284.500 5.083E+09
  1284.750 5.111E+09
  1285.000 5.113E+09
  1285.250 5.112E+09
  1285.500 5.110E+09
  1285.750 5.106E+09
  1286.000 5.078E+09
  1286.250 4.988E+09
  1286.500 4.915E+09
  1286.750 4.963E+09
  1287.000 5.046E+09
  1287.250 5.067E+09
  1287.500 5.052E+09
  1287.750 5.050E+09
  1288.000 5.057E+09
  1288.250 5.049E+09
  1288.500 5.042E+09
  1288.750 5.041E+09
  1289.000 5.043E+09
  1289.250 5.035E+09
  1289.500 5.029E+09
  1289.750 5.020E+09
  1290.000 5.011E+09
  1290.250 5.009E+09
  1290.500 5.003E+09
  1290.750 4.973E+09
  1291.000 4.903E+09
  1291.250 4.809E+09
  1291.500 4.810E+09
  1291.750 4.859E+09
  1292.000 4.897E+09
  1292.250 4.900E+09
  1292.500 4.890E+09
  1292.750 4.853E+09
  1293.000 4.737E+09
  1293.250 4.600E+09
  1293.500 4.527E+09
  1293.750 4.306E+09
  1294.000 3.773E+09
  1294.250 2.739E+09
  1294.500 1.846E+09
  1294.750 2.271E+09
  1295.000 3.350E+09
  1295.250 3.987E+09
  1295.500 4.171E+09
  1295.750 4.096E+09
  1296.000 3.852E+09
  1296.250 3.328E+09
  1296.500 2.395E+09
  1296.750 1.896E+09
  1297.000 2.627E+09
  1297.250 3.517E+09
  1297.500 3.895E+09
  1297.750 3.914E+09
  1298.000 3.664E+09
  1298.250 3.144E+09
  1298.500 2.335E+09
  1298.750 1.456E+09
  1299.000 1.222E+09
  1299.250 1.893E+09
  1299.500 2.773E+09
  1299.750 3.429E+09
  1300.000 3.810E+09
  1300.250 3.949E+09
  1300.500 3.795E+09
  1300.750 3.148E+09
  1301.000 2.153E+09
  1301.250 2.029E+09
  1301.500 2.979E+09
  1301.750 3.623E+09
  1302.000 3.541E+09
  1302.250 3.542E+09
  1302.500 3.896E+09
  1302.750 3.687E+09
  1303.000 2.787E+09
  1303.250 1.876E+09
  1303.500 2.178E+09
  1303.750 3.259E+09
  1304.000 3.897E+09
  1304.250 3.872E+09
  1304.500 3.862E+09
  1304.750 3.845E+09
  1305.000 3.943E+09
  1305.250 4.059E+09
  1305.500 3.780E+09
  1305.750 3.793E+09
  1306.000 4.062E+09
  1306.250 4.426E+09
  1306.500 4.670E+09
  1306.750 4.745E+09
  1307.000 4.774E+09
  1307.250 4.786E+09
  1307.500 4.792E+09
  1307.750 4.787E+09
  1308.000 4.766E+09
  1308.250 4.683E+09
  1308.500 4.434E+09
  1308.750 4.220E+09
  1309.000 4.044E+09
  1309.250 3.531E+09
  1309.500 3.638E+09
  1309.750 4.237E+09
  1310.000 4.592E+09
  1310.250 4.707E+09
  1310.500 4.721E+09
  1310.750 4.720E+09
  1311.000 4.719E+09
  1311.250 4.738E+09
  1311.500 4.757E+09
  1311.750 4.758E+09
  1312.000 4.686E+09
  1312.250 4.316E+09
  1312.500 3.643E+09
  1312.750 3.798E+09
  1313.000 4.468E+09
  1313.250 4.721E+09
  1313.500 4.770E+09
  1313.750 4.783E+09
  1314.000 4.784E+09
  1314.250 4.780E+09
  1314.500 4.772E+09
  1314.750 4.770E+09
  1315.000 4.773E+09
  1315.250 4.770E+09
  1315.500 4.764E+09
  1315.750 4.743E+09
  1316.000 4.667E+09
  1316.250 4.642E+09
  1316.500 4.727E+09
  1316.750 4.763E+09
  1317.000 4.743E+09
  1317.250 4.723E+09
  1317.500 4.742E+09
  1317.750 4.753E+09
  1318.000 4.753E+09
  1318.250 4.746E+09
  1318.500 4.739E+09
  1318.750 4.731E+09
  1319.000 4.717E+09
  1319.250 4.706E+09
  1319.500 4.695E+09
  1319.750 4.683E+09
  1320.000 4.691E+09
  1320.250 4.698E+09
  1320.500 4.694E+09
  1320.750 4.679E+09
  1321.000 4.668E+09
  1321.250 4.658E+09
  1321.500 4.648E+09
  1321.750 4.636E+09
  1322.000 4.619E+09
  1322.250 4.589E+09
  1322.500 4.542E+09
  1322.750 4.461E+09
  1323.000 4.305E+09
  1323.250 3.969E+09
  1323.500 3.218E+09
  1323.750 2.093E+09
  1324.000 1.751E+09
  1324.250 2.692E+09
  1324.500 3.648E+09
  1324.750 4.113E+09
  1325.000 4.341E+09
  1325.250 4.463E+09
  1325.500 4.526E+09
  1325.750 4.557E+09
  1326.000 4.575E+09
  1326.250 4.585E+09
  1326.500 4.582E+09
  1326.750 4.573E+09
  1327.000 4.540E+09
  1327.250 4.480E+09
  1327.500 4.448E+09
  1327.750 4.428E+09
  1328.000 4.362E+09
  1328.250 4.216E+09
  1328.500 3.922E+09
  1328.750 3.594E+09
  1329.000 3.650E+09
  1329.250 3.966E+09
  1329.500 4.134E+09
  1329.750 4.272E+09
  1330.000 4.409E+09
  1330.250 4.420E+09
  1330.500 4.452E+09
  1330.750 4.519E+09
  1331.000 4.532E+09
  1331.250 4.538E+09
  1331.500 4.550E+09
  1331.750 4.549E+09
  1332.000 4.539E+09
  1332.250 4.526E+09
  1332.500 4.516E+09
  1332.750 4.506E+09
  1333.000 4.488E+09
  1333.250 4.457E+09
  1333.500 4.395E+09
  1333.750 4.256E+09
  1334.000 3.862E+09
  1334.250 2.884E+09
  1334.500 1.940E+09
  1334.750 2.362E+09
  1335.000 3.153E+09
  1335.250 2.975E+09
  1335.500 1.984E+09
  1335.750 1.566E+09
  1336.000 2.494E+09
  1336.250 3.540E+09
  1336.500 4.055E+09
  1336.750 4.260E+09
  1337.000 4.358E+09
  1337.250 4.406E+09
  1337.500 4.430E+09
  1337.750 4.443E+09
  1338.000 4.444E+09
  1338.250 4.454E+09
  1338.500 4.467E+09
  1338.750 4.463E+09
  1339.000 4.448E+09
  1339.250 4.446E+09
  1339.500 4.442E+09
  1339.750 4.428E+09
  1340.000 4.412E+09
  1340.250 4.378E+09
  1340.500 4.320E+09
  1340.750 4.200E+09
  1341.000 3.903E+09
  1341.250 3.344E+09
  1341.500 3.041E+09
  1341.750 3.383E+09
  1342.000 3.556E+09
  1342.250 3.276E+09
  1342.500 3.274E+09
  1342.750 3.704E+09
  1343.000 3.855E+09
  1343.250 3.643E+09
  1343.500 3.648E+09
  1343.750 3.993E+09
  1344.000 4.162E+09
  1344.250 4.101E+09
  1344.500 4.188E+09
  1344.750 4.328E+09
  1345.000 4.380E+09
  1345.250 4.411E+09
  1345.500 4.403E+09
  1345.750 4.386E+09
  1346.000 4.386E+09
  1346.250 4.371E+09
  1346.500 4.347E+09
  1346.750 4.310E+09
  1347.000 4.312E+09
  1347.250 4.365E+09
  1347.500 4.384E+09
  1347.750 4.376E+09
  1348.000 4.356E+09
  1348.250 4.313E+09
  1348.500 4.261E+09
  1348.750 4.287E+09
  1349.000 4.340E+09
  1349.250 4.357E+09
  1349.500 4.342E+09
  1349.750 4.253E+09
  1350.000 4.115E+09
  1350.250 4.128E+09
  1350.500 4.235E+09
  1350.750 4.306E+09
  1351.000 4.342E+09
  1351.250 4.346E+09
  1351.500 4.353E+09
  1351.750 4.348E+09
  1352.000 4.319E+09
  1352.250 4.258E+09
  1352.500 4.136E+09
  1352.750 4.054E+09
  1353.000 4.121E+09
  1353.250 4.210E+09
  1353.500 4.209E+09
  1353.750 4.203E+09
  1354.000 4.259E+09
  1354.250 4.305E+09
  1354.500 4.329E+09
  1354.750 4.337E+09
  1355.000 4.338E+09
  1355.250 4.321E+09
  1355.500 4.298E+09
  1355.750 4.273E+09
  1356.000 4.268E+09
  1356.250 4.304E+09
  1356.500 4.328E+09
  1356.750 4.312E+09
  1357.000 4.270E+09
  1357.250 4.275E+09
  1357.500 4.296E+09
  1357.750 4.284E+09
  1358.000 4.289E+09
  1358.250 4.303E+09
  1358.500 4.298E+09
  1358.750 4.274E+09
  1359.000 4.237E+09
  1359.250 4.224E+09
  1359.500 4.239E+09
  1359.750 4.251E+09
  1360.000 4.239E+09
  1360.250 4.206E+09
  1360.500 4.149E+09
  1360.750 4.063E+09
  1361.000 3.928E+09
  1361.250 3.655E+09
  1361.500 3.345E+09
  1361.750 3.384E+09
  1362.000 3.621E+09
  1362.250 3.690E+09
  1362.500 3.774E+09
  1362.750 3.901E+09
  1363.000 3.849E+09
  1363.250 3.554E+09
  1363.500 3.377E+09
  1363.750 3.655E+09
  1364.000 3.936E+09
  1364.250 4.017E+09
  1364.500 3.965E+09
  1364.750 3.785E+09
  1365.000 3.371E+09
  1365.250 3.035E+09
  1365.500 3.336E+09
  1365.750 3.773E+09
  1366.000 3.963E+09
  1366.250 3.994E+09
  1366.500 3.926E+09
  1366.750 3.745E+09
  1367.000 3.574E+09
  1367.250 3.677E+09
  1367.500 3.905E+09
  1367.750 4.033E+09
  1368.000 4.074E+09
  1368.250 4.085E+09
  1368.500 4.092E+09
  1368.750 4.084E+09
  1369.000 4.038E+09
  1369.250 3.948E+09
  1369.500 3.923E+09
  1369.750 4.005E+09
  1370.000 4.063E+09
  1370.250 4.096E+09
  1370.500 4.129E+09
  1370.750 4.124E+09
  1371.000 4.094E+09
  1371.250 4.071E+09
  1371.500 4.032E+09
  1371.750 4.021E+09
  1372.000 4.058E+09
  1372.250 4.068E+09
  1372.500 4.039E+09
  1372.750 3.973E+09
  1373.000 3.914E+09
  1373.250 3.949E+09
  1373.500 4.006E+09
  1373.750 3.979E+09
  1374.000 3.906E+09
  1374.250 3.935E+09
  1374.500 3.987E+09
  1374.750 3.986E+09
  1375.000 3.958E+09
  1375.250 3.977E+09
  1375.500 4.015E+09
  1375.750 4.034E+09
  1376.000 4.050E+09
  1376.250 4.049E+09
  1376.500 4.038E+09
  1376.750 3.992E+09
  1377.000 3.928E+09
  1377.250 3.927E+09
  1377.500 3.982E+09
  1377.750 4.027E+09
  1378.000 4.034E+09
  1378.250 4.046E+09
  1378.500 4.045E+09
  1378.750 3.994E+09
  1379.000 3.982E+09
  1379.250 3.916E+09
  1379.500 3.570E+09
  1379.750 3.469E+09
  1380.000 3.835E+09
  1380.250 4.014E+09
  1380.500 4.002E+09
  1380.750 3.953E+09
  1381.000 3.921E+09
  1381.250 3.885E+09
  1381.500 3.858E+09
  1381.750 3.853E+09
  1382.000 3.877E+09
  1382.250 3.901E+09
  1382.500 3.915E+09
  1382.750 3.949E+09
  1383.000 3.973E+09
  1383.250 3.979E+09
  1383.500 3.931E+09
  1383.750 3.716E+09
  1384.000 3.234E+09
  1384.250 3.208E+09
  1384.500 3.693E+09
  1384.750 3.905E+09
  1385.000 3.947E+09
  1385.250 3.958E+09
  1385.500 3.937E+09
  1385.750 3.868E+09
  1386.000 3.839E+09
  1386.250 3.880E+09
  1386.500 3.907E+09
  1386.750 3.906E+09
  1387.000 3.886E+09
  1387.250 3.833E+09
  1387.500 3.782E+09
  1387.750 3.768E+09
  1388.000 3.765E+09
  1388.250 3.805E+09
  1388.500 3.834E+09
  1388.750 3.838E+09
  1389.000 3.830E+09
  1389.250 3.811E+09
  1389.500 3.774E+09
  1389.750 3.732E+09
  1390.000 3.719E+09
  1390.250 3.704E+09
  1390.500 3.681E+09
  1390.750 3.646E+09
  1391.000 3.597E+09
  1391.250 3.535E+09
  1391.500 3.446E+09
  1391.750 3.326E+09
  1392.000 3.213E+09
  1392.250 3.077E+09
  1392.500 2.914E+09
  1392.750 2.711E+09
  1393.000 2.432E+09
  1393.250 2.058E+09
  1393.500 1.556E+09
  1393.750 1.233E+09
  1394.000 1.523E+09
  1394.250 2.034E+09
  1394.500 2.422E+09
  1394.750 2.694E+09
  1395.000 2.873E+09
  1395.250 3.007E+09
  1395.500 3.144E+09
  1395.750 3.216E+09
  1396.000 3.267E+09
  1396.250 3.353E+09
  1396.500 3.450E+09
  1396.750 3.506E+09
  1397.000 3.536E+09
  1397.250 3.566E+09
  1397.500 3.602E+09
  1397.750 3.624E+09
  1398.000 3.616E+09
  1398.250 3.621E+09
  1398.500 3.661E+09
  1398.750 3.667E+09
  1399.000 3.654E+09
  1399.250 3.658E+09
  1399.500 3.643E+09
  1399.750 3.610E+09
  1400.000 3.598E+09
  1400.250 3.580E+09
  1400.500 3.544E+09
  1400.750 3.491E+09
  1401.000 3.414E+09
  1401.250 3.307E+09
  1401.500 3.179E+09
  1401.750 3.002E+09
  1402.000 2.742E+09
  1402.250 2.353E+09
  1402.500 1.796E+09
  1402.750 1.404E+09
  1403.000 1.700E+09
  1403.250 2.267E+09
  1403.500 2.686E+09
  1403.750 2.970E+09
  1404.000 3.170E+09
  1404.250 3.315E+09
  1404.500 3.419E+09
  1404.750 3.493E+09
  1405.000 3.541E+09
  1405.250 3.563E+09
  1405.500 3.592E+09
  1405.750 3.629E+09
  1406.000 3.633E+09
  1406.250 3.643E+09
  1406.500 3.705E+09
  1406.750 3.739E+09
  1407.000 3.746E+09
  1407.250 3.755E+09
  1407.500 3.761E+09
  1407.750 3.767E+09
  1408.000 3.767E+09
  1408.250 3.766E+09
  1408.500 3.755E+09
  1408.750 3.744E+09
  1409.000 3.745E+09
  1409.250 3.765E+09
  1409.500 3.780E+09
  1409.750 3.770E+09
  1410.000 3.761E+09
  1410.250 3.752E+09
  1410.500 3.740E+09
  1410.750 3.750E+09
  1411.000 3.749E+09
  1411.250 3.729E+09
  1411.500 3.723E+09
  1411.750 3.741E+09
  1412.000 3.722E+09
  1412.250 3.697E+09
  1412.500 3.725E+09
  1412.750 3.735E+09
  1413.000 3.734E+09
  1413.250 3.758E+09
  1413.500 3.769E+09
  1413.750 3.760E+09
  1414.000 3.749E+09
  1414.250 3.727E+09
  1414.500 3.720E+09
  1414.750 3.704E+09
  1415.000 3.678E+09
  1415.250 3.693E+09
  1415.500 3.690E+09
  1415.750 3.666E+09
  1416.000 3.673E+09
  1416.250 3.664E+09
  1416.500 3.561E+09
  1416.750 3.244E+09
  1417.000 2.538E+09
  1417.250 2.088E+09
  1417.500 2.640E+09
  1417.750 3.267E+09
  1418.000 3.539E+09
  1418.250 3.647E+09
  1418.500 3.672E+09
  1418.750 3.688E+09
  1419.000 3.697E+09
  1419.250 3.691E+09
  1419.500 3.687E+09
  1419.750 3.678E+09
  1420.000 3.655E+09
  1420.250 3.622E+09
  1420.500 3.631E+09
  1420.750 3.690E+09
  1421.000 3.696E+09
  1421.250 3.685E+09
  1421.500 3.693E+09
  1421.750 3.692E+09
  1422.000 3.681E+09
  1422.250 3.647E+09
  1422.500 3.643E+09
  1422.750 3.651E+09
  1423.000 3.655E+09
  1423.250 3.672E+09
  1423.500 3.662E+09
  1423.750 3.638E+09
  1424.000 3.587E+09
  1424.250 3.462E+09
  1424.500 3.331E+09
  1424.750 3.343E+09
  1425.000 3.443E+09
  1425.250 3.527E+09
  1425.500 3.544E+09
  1425.750 3.542E+09
  1426.000 3.513E+09
  1426.250 3.407E+09
  1426.500 3.375E+09
  1426.750 3.490E+09
  1427.000 3.553E+09
  1427.250 3.501E+09
  1427.500 3.433E+09
  1427.750 3.390E+09
  1428.000 3.389E+09
  1428.250 3.431E+09
  1428.500 3.433E+09
  1428.750 3.380E+09
  1429.000 3.415E+09
  1429.250 3.536E+09
  1429.500 3.609E+09
  1429.750 3.631E+09
  1430.000 3.604E+09
  1430.250 3.541E+09
  1430.500 3.495E+09
  1430.750 3.513E+09
  1431.000 3.526E+09
  1431.250 3.529E+09
  1431.500 3.537E+09
  1431.750 3.573E+09
  1432.000 3.591E+09
  1432.250 3.583E+09
  1432.500 3.572E+09
  1432.750 3.574E+09
  1433.000 3.572E+09
  1433.250 3.557E+09
  1433.500 3.536E+09
  1433.750 3.527E+09
  1434.000 3.484E+09
  1434.250 3.387E+09
  1434.500 3.403E+09
  1434.750 3.426E+09
  1435.000 3.349E+09
  1435.250 3.198E+09
  1435.500 2.954E+09
  1435.750 2.754E+09
  1436.000 2.809E+09
  1436.250 3.012E+09
  1436.500 3.222E+09
  1436.750 3.363E+09
  1437.000 3.432E+09
  1437.250 3.460E+09
  1437.500 3.485E+09
  1437.750 3.509E+09
  1438.000 3.512E+09
  1438.250 3.513E+09
  1438.500 3.526E+09
  1438.750 3.537E+09
  1439.000 3.546E+09
  1439.250 3.554E+09
  1439.500 3.549E+09
  1439.750 3.550E+09
  1440.000 3.561E+09
  1440.250 3.562E+09
  1440.500 3.557E+09
  1440.750 3.550E+09
  1441.000 3.534E+09
  1441.250 3.520E+09
  1441.500 3.526E+09
  1441.750 3.539E+09
  1442.000 3.524E+09
  1442.250 3.484E+09
  1442.500 3.487E+09
  1442.750 3.518E+09
  1443.000 3.537E+09
  1443.250 3.542E+09
  1443.500 3.538E+09
  1443.750 3.534E+09
  1444.000 3.530E+09
  1444.250 3.506E+09
  1444.500 3.495E+09
  1444.750 3.486E+09
  1445.000 3.467E+09
  1445.250 3.471E+09
  1445.500 3.492E+09
  1445.750 3.518E+09
  1446.000 3.518E+09
  1446.250 3.509E+09
  1446.500 3.490E+09
  1446.750 3.478E+09
  1447.000 3.496E+09
  1447.250 3.512E+09
  1447.500 3.510E+09
  1447.750 3.500E+09
  1448.000 3.470E+09
  1448.250 3.451E+09
  1448.500 3.479E+09
  1448.750 3.487E+09
  1449.000 3.477E+09
  1449.250 3.487E+09
  1449.500 3.494E+09
  1449.750 3.489E+09
  1450.000 3.479E+09
  1450.250 3.464E+09
  1450.500 3.465E+09
  1450.750 3.478E+09
  1451.000 3.476E+09
  1451.250 3.425E+09
  1451.500 3.368E+09
  1451.750 3.398E+09
  1452.000 3.412E+09
  1452.250 3.407E+09
  1452.500 3.429E+09
  1452.750 3.449E+09
  1453.000 3.436E+09
  1453.250 3.438E+09
  1453.500 3.449E+09
  1453.750 3.445E+09
  1454.000 3.431E+09
  1454.250 3.416E+09
  1454.500 3.418E+09
  1454.750 3.415E+09
  1455.000 3.370E+09
  1455.250 3.336E+09
  1455.500 3.381E+09
  1455.750 3.410E+09
  1456.000 3.420E+09
  1456.250 3.419E+09
  1456.500 3.395E+09
  1456.750 3.399E+09
  1457.000 3.412E+09
  1457.250 3.391E+09
  1457.500 3.379E+09
  1457.750 3.392E+09
  1458.000 3.387E+09
  1458.250 3.380E+09
  1458.500 3.381E+09
  1458.750 3.380E+09
  1459.000 3.374E+09
  1459.250 3.376E+09
  1459.500 3.400E+09
  1459.750 3.409E+09
  1460.000 3.390E+09
  1460.250 3.354E+09
  1460.500 3.345E+09
  1460.750 3.373E+09
  1461.000 3.393E+09
  1461.250 3.396E+09
  1461.500 3.391E+09
  1461.750 3.384E+09
  1462.000 3.368E+09
  1462.250 3.364E+09
  1462.500 3.379E+09
  1462.750 3.382E+09
  1463.000 3.341E+09
  1463.250 3.273E+09
  1463.500 3.289E+09
  1463.750 3.348E+09
  1464.000 3.374E+09
  1464.250 3.374E+09
  1464.500 3.356E+09
  1464.750 3.339E+09
  1465.000 3.326E+09
  1465.250 3.276E+09
  1465.500 3.251E+09
  1465.750 3.247E+09
  1466.000 3.292E+09
  1466.250 3.277E+09
  1466.500 3.218E+09
  1466.750 3.249E+09
  1467.000 3.289E+09
  1467.250 3.292E+09
  1467.500 3.220E+09
  1467.750 3.146E+09
  1468.000 3.230E+09
  1468.250 3.290E+09
  1468.500 3.288E+09
  1468.750 3.271E+09
  1469.000 3.243E+09
  1469.250 3.265E+09
  1469.500 3.250E+09
  1469.750 3.139E+09
  1470.000 3.138E+09
  1470.250 3.259E+09
  1470.500 3.290E+09
  1470.750 3.287E+09
  1471.000 3.276E+09
  1471.250 3.282E+09
  1471.500 3.273E+09
  1471.750 3.270E+09
  1472.000 3.288E+09
  1472.250 3.299E+09
  1472.500 3.302E+09
  1472.750 3.293E+09
  1473.000 3.252E+09
  1473.250 3.236E+09
  1473.500 3.278E+09
  1473.750 3.281E+09
  1474.000 3.274E+09
  1474.250 3.286E+09
  1474.500 3.285E+09
  1474.750 3.287E+09
  1475.000 3.283E+09
  1475.250 3.252E+09
  1475.500 3.245E+09
  1475.750 3.258E+09
  1476.000 3.255E+09
  1476.250 3.238E+09
  1476.500 3.216E+09
  1476.750 3.202E+09
  1477.000 3.193E+09
  1477.250 3.180E+09
  1477.500 3.141E+09
  1477.750 3.097E+09
  1478.000 3.080E+09
  1478.250 3.092E+09
  1478.500 3.150E+09
  1478.750 3.209E+09
  1479.000 3.233E+09
  1479.250 3.231E+09
  1479.500 3.210E+09
  1479.750 3.211E+09
  1480.000 3.231E+09
  1480.250 3.238E+09
  1480.500 3.235E+09
  1480.750 3.224E+09
  1481.000 3.189E+09
  1481.250 3.173E+09
  1481.500 3.200E+09
  1481.750 3.206E+09
  1482.000 3.199E+09
  1482.250 3.176E+09
  1482.500 3.185E+09
  1482.750 3.174E+09
  1483.000 3.115E+09
  1483.250 3.130E+09
  1483.500 3.189E+09
  1483.750 3.213E+09
  1484.000 3.191E+09
  1484.250 3.141E+09
  1484.500 3.131E+09
  1484.750 3.168E+09
  1485.000 3.197E+09
  1485.250 3.194E+09
  1485.500 3.182E+09
  1485.750 3.171E+09
  1486.000 3.092E+09
  1486.250 2.997E+09
  1486.500 3.092E+09
  1486.750 3.179E+09
  1487.000 3.189E+09
  1487.250 3.189E+09
  1487.500 3.180E+09
  1487.750 3.168E+09
  1488.000 3.161E+09
  1488.250 3.139E+09
  1488.500 3.095E+09
  1488.750 3.043E+09
  1489.000 2.986E+09
  1489.250 2.907E+09
  1489.500 2.808E+09
  1489.750 2.801E+09
  1490.000 2.917E+09
  1490.250 3.016E+09
  1490.500 3.082E+09
  1490.750 3.113E+09
  1491.000 3.114E+09
  1491.250 3.103E+09
  1491.500 3.083E+09
  1491.750 3.080E+09
  1492.000 3.105E+09
  1492.250 3.121E+09
  1492.500 3.075E+09
  1492.750 3.064E+09
  1493.000 3.103E+09
  1493.250 3.069E+09
  1493.500 2.914E+09
  1493.750 2.907E+09
  1494.000 3.069E+09
  1494.250 3.120E+09
  1494.500 3.094E+09
  1494.750 3.074E+09
  1495.000 3.057E+09
  1495.250 3.013E+09
  1495.500 3.014E+09
  1495.750 3.026E+09
  1496.000 3.027E+09
  1496.250 3.064E+09
  1496.500 3.098E+09
  1496.750 3.097E+09
  1497.000 3.080E+09
  1497.250 3.066E+09
  1497.500 3.063E+09
  1497.750 3.078E+09
  1498.000 3.085E+09
  1498.250 3.067E+09
  1498.500 3.012E+09
  1498.750 2.947E+09
  1499.000 2.959E+09
  1499.250 2.962E+09
  1499.500 2.890E+09
  1499.750 2.692E+09
  1500.000 2.288E+09
  1500.250 1.996E+09
  1500.500 2.213E+09
  1500.750 2.408E+09
  1501.000 2.203E+09
  1501.250 2.055E+09
  1501.500 2.209E+09
  1501.750 2.200E+09
  1502.000 2.300E+09
  1502.250 2.635E+09
  1502.500 2.822E+09
  1502.750 2.841E+09
  1503.000 2.878E+09
  1503.250 2.965E+09
  1503.500 2.999E+09
  1503.750 2.981E+09
  1504.000 2.949E+09
  1504.250 2.984E+09
  1504.500 2.996E+09
  1504.750 2.946E+09
  1505.000 2.801E+09
  1505.250 2.768E+09
  1505.500 2.899E+09
  1505.750 2.908E+09
  1506.000 2.873E+09
  1506.250 2.898E+09
  1506.500 2.952E+09
  1506.750 2.987E+09
  1507.000 2.996E+09
  1507.250 2.950E+09
  1507.500 2.878E+09
  1507.750 2.918E+09
  1508.000 2.961E+09
  1508.250 2.990E+09
  1508.500 3.001E+09
  1508.750 2.956E+09
  1509.000 2.899E+09
  1509.250 2.911E+09
  1509.500 2.972E+09
  1509.750 2.978E+09
  1510.000 2.976E+09
  1510.250 3.009E+09
  1510.500 3.012E+09
  1510.750 2.970E+09
  1511.000 2.872E+09
  1511.250 2.797E+09
  1511.500 2.764E+09
  1511.750 2.769E+09
  1512.000 2.723E+09
  1512.250 2.618E+09
  1512.500 2.708E+09
  1512.750 2.762E+09
  1513.000 2.804E+09
  1513.250 2.797E+09
  1513.500 2.708E+09
  1513.750 2.778E+09
  1514.000 2.903E+09
  1514.250 2.881E+09
  1514.500 2.769E+09
  1514.750 2.807E+09
  1515.000 2.869E+09
  1515.250 2.833E+09
  1515.500 2.776E+09
  1515.750 2.852E+09
  1516.000 2.869E+09
  1516.250 2.815E+09
  1516.500 2.820E+09
  1516.750 2.869E+09
  1517.000 2.879E+09
  1517.250 2.893E+09
  1517.500 2.936E+09
  1517.750 2.945E+09
  1518.000 2.936E+09
  1518.250 2.938E+09
  1518.500 2.876E+09
  1518.750 2.794E+09
  1519.000 2.866E+09
  1519.250 2.950E+09
  1519.500 2.947E+09
  1519.750 2.949E+09
  1520.000 2.959E+09
  1520.250 2.947E+09
  1520.500 2.910E+09
  1520.750 2.888E+09
  1521.000 2.930E+09
  1521.250 2.953E+09
  1521.500 2.944E+09
  1521.750 2.925E+09
  1522.000 2.928E+09
  1522.250 2.952E+09
  1522.500 2.957E+09
  1522.750 2.952E+09
  1523.000 2.950E+09
  1523.250 2.942E+09
  1523.500 2.930E+09
  1523.750 2.901E+09
  1524.000 2.878E+09
  1524.250 2.833E+09
  1524.500 2.682E+09
  1524.750 2.631E+09
  1525.000 2.621E+09
  1525.250 2.665E+09
  1525.500 2.708E+09
  1525.750 2.621E+09
  1526.000 2.592E+09
  1526.250 2.594E+09
  1526.500 2.378E+09
  1526.750 2.225E+09
  1527.000 2.298E+09
  1527.250 2.395E+09
  1527.500 2.617E+09
  1527.750 2.744E+09
  1528.000 2.799E+09
  1528.250 2.851E+09
  1528.500 2.884E+09
  1528.750 2.890E+09
  1529.000 2.890E+09
  1529.250 2.877E+09
  1529.500 2.779E+09
  1529.750 2.643E+09
  1530.000 2.605E+09
  1530.250 2.601E+09
  1530.500 2.716E+09
  1530.750 2.825E+09
  1531.000 2.742E+09
  1531.250 2.500E+09
  1531.500 2.303E+09
  1531.750 2.258E+09
  1532.000 2.483E+09
  1532.250 2.685E+09
  1532.500 2.669E+09
  1532.750 2.575E+09
  1533.000 2.377E+09
  1533.250 1.982E+09
  1533.500 1.847E+09
  1533.750 2.191E+09
  1534.000 2.495E+09
  1534.250 2.679E+09
  1534.500 2.751E+09
  1534.750 2.772E+09
  1535.000 2.766E+09
  1535.250 2.662E+09
  1535.500 2.622E+09
  1535.750 2.714E+09
  1536.000 2.750E+09
  1536.250 2.696E+09
  1536.500 2.502E+09
  1536.750 2.505E+09
  1537.000 2.717E+09
  1537.250 2.797E+09
  1537.500 2.803E+09
  1537.750 2.825E+09
  1538.000 2.804E+09
  1538.250 2.705E+09
  1538.500 2.516E+09
  1538.750 2.445E+09
  1539.000 2.446E+09
  1539.250 2.446E+09
  1539.500 2.562E+09
  1539.750 2.703E+09
  1540.000 2.666E+09
  1540.250 2.619E+09
  1540.500 2.685E+09
  1540.750 2.648E+09
  1541.000 2.656E+09
  1541.250 2.737E+09
  1541.500 2.722E+09
  1541.750 2.588E+09
  1542.000 2.568E+09
  1542.250 2.647E+09
  1542.500 2.632E+09
  1542.750 2.606E+09
  1543.000 2.693E+09
  1543.250 2.706E+09
  1543.500 2.572E+09
  1543.750 2.517E+09
  1544.000 2.586E+09
  1544.250 2.666E+09
  1544.500 2.703E+09
  1544.750 2.729E+09
  1545.000 2.729E+09
  1545.250 2.675E+09
  1545.500 2.667E+09
  1545.750 2.709E+09
  1546.000 2.693E+09
  1546.250 2.648E+09
  1546.500 2.609E+09
  1546.750 2.537E+09
  1547.000 2.500E+09
  1547.250 2.470E+09
  1547.500 2.278E+09
  1547.750 2.113E+09
  1548.000 1.918E+09
  1548.250 1.831E+09
  1548.500 2.129E+09
  1548.750 2.385E+09
  1549.000 2.494E+09
  1549.250 2.549E+09
  1549.500 2.573E+09
  1549.750 2.522E+09
  1550.000 2.281E+09
  1550.250 2.012E+09
  1550.500 1.885E+09
  1550.750 1.762E+09
  1551.000 1.946E+09
  1551.250 2.244E+09
  1551.500 2.427E+09
  1551.750 2.474E+09
  1552.000 2.338E+09
  1552.250 2.328E+09
  1552.500 2.487E+09
  1552.750 2.575E+09
  1553.000 2.616E+09
  1553.250 2.638E+09
  1553.500 2.662E+09
  1553.750 2.682E+09
  1554.000 2.692E+09
  1554.250 2.681E+09
  1554.500 2.644E+09
  1554.750 2.620E+09
  1555.000 2.646E+09
  1555.250 2.661E+09
  1555.500 2.619E+09
  1555.750 2.473E+09
  1556.000 2.435E+09
  1556.250 2.423E+09
  1556.500 2.315E+09
  1556.750 2.400E+09
  1557.000 2.533E+09
  1557.250 2.619E+09
  1557.500 2.647E+09
  1557.750 2.679E+09
  1558.000 2.680E+09
  1558.250 2.622E+09
  1558.500 2.576E+09
  1558.750 2.586E+09
  1559.000 2.568E+09
  1559.250 2.507E+09
  1559.500 2.485E+09
  1559.750 2.594E+09
  1560.000 2.601E+09
  1560.250 2.493E+09
  1560.500 2.448E+09
  1560.750 2.531E+09
  1561.000 2.586E+09
  1561.250 2.492E+09
  1561.500 2.498E+09
  1561.750 2.637E+09
  1562.000 2.687E+09
  1562.250 2.644E+09
  1562.500 2.581E+09
  1562.750 2.556E+09
  1563.000 2.579E+09
  1563.250 2.617E+09
  1563.500 2.630E+09
  1563.750 2.627E+09
  1564.000 2.632E+09
  1564.250 2.582E+09
  1564.500 2.553E+09
  1564.750 2.599E+09
  1565.000 2.648E+09
  1565.250 2.672E+09
  1565.500 2.673E+09
  1565.750 2.658E+09
  1566.000 2.639E+09
  1566.250 2.592E+09
  1566.500 2.556E+09
  1566.750 2.572E+09
  1567.000 2.626E+09
  1567.250 2.666E+09
  1567.500 2.673E+09
  1567.750 2.660E+09
  1568.000 2.616E+09
  1568.250 2.555E+09
  1568.500 2.526E+09
  1568.750 2.480E+09
  1569.000 2.521E+09
  1569.250 2.578E+09
  1569.500 2.625E+09
  1569.750 2.647E+09
  1570.000 2.608E+09
  1570.250 2.543E+09
  1570.500 2.560E+09
  1570.750 2.622E+09
  1571.000 2.629E+09
  1571.250 2.608E+09
  1571.500 2.628E+09
  1571.750 2.644E+09
  1572.000 2.639E+09
  1572.250 2.620E+09
  1572.500 2.522E+09
  1572.750 2.358E+09
  1573.000 2.402E+09
  1573.250 2.566E+09
  1573.500 2.629E+09
  1573.750 2.614E+09
  1574.000 2.585E+09
  1574.250 2.594E+09
  1574.500 2.596E+09
  1574.750 2.564E+09
  1575.000 2.533E+09
  1575.250 2.499E+09
  1575.500 2.506E+09
  1575.750 2.553E+09
  1576.000 2.572E+09
  1576.250 2.548E+09
  1576.500 2.522E+09
  1576.750 2.493E+09
  1577.000 2.415E+09
  1577.250 2.422E+09
  1577.500 2.482E+09
  1577.750 2.452E+09
  1578.000 2.444E+09
  1578.250 2.524E+09
  1578.500 2.551E+09
  1578.750 2.546E+09
  1579.000 2.570E+09
  1579.250 2.560E+09
  1579.500 2.560E+09
  1579.750 2.557E+09
  1580.000 2.454E+09
  1580.250 2.364E+09
  1580.500 2.378E+09
  1580.750 2.368E+09
  1581.000 2.420E+09
  1581.250 2.493E+09
  1581.500 2.562E+09
  1581.750 2.589E+09
  1582.000 2.581E+09
  1582.250 2.532E+09
  1582.500 2.473E+09
  1582.750 2.485E+09
  1583.000 2.491E+09
  1583.250 2.454E+09
  1583.500 2.500E+09
  1583.750 2.541E+09
  1584.000 2.549E+09
  1584.250 2.550E+09
  1584.500 2.537E+09
  1584.750 2.530E+09
  1585.000 2.515E+09
  1585.250 2.528E+09
  1585.500 2.540E+09
  1585.750 2.525E+09
  1586.000 2.536E+09
  1586.250 2.561E+09
  1586.500 2.569E+09
  1586.750 2.566E+09
  1587.000 2.552E+09
  1587.250 2.524E+09
  1587.500 2.508E+09
  1587.750 2.522E+09
  1588.000 2.515E+09
  1588.250 2.487E+09
  1588.500 2.450E+09
  1588.750 2.389E+09
  1589.000 2.369E+09
  1589.250 2.406E+09
  1589.500 2.447E+09
  1589.750 2.476E+09
  1590.000 2.494E+09
  1590.250 2.499E+09
  1590.500 2.482E+09
  1590.750 2.473E+09
  1591.000 2.455E+09
  1591.250 2.400E+09
  1591.500 2.360E+09
  1591.750 2.347E+09
  1592.000 2.358E+09
  1592.250 2.435E+09
  1592.500 2.479E+09
  1592.750 2.480E+09
  1593.000 2.502E+09
  1593.250 2.499E+09
  1593.500 2.467E+09
  1593.750 2.455E+09
  1594.000 2.488E+09
  1594.250 2.517E+09
  1594.500 2.503E+09
  1594.750 2.458E+09
  1595.000 2.432E+09
  1595.250 2.403E+09
  1595.500 2.340E+09
  1595.750 2.380E+09
  1596.000 2.478E+09
  1596.250 2.512E+09
  1596.500 2.515E+09
  1596.750 2.510E+09
  1597.000 2.503E+09
  1597.250 2.490E+09
  1597.500 2.473E+09
  1597.750 2.464E+09
  1598.000 2.465E+09
  1598.250 2.479E+09
  1598.500 2.489E+09
  1598.750 2.500E+09
  1599.000 2.504E+09
  1599.250 2.498E+09
  1599.500 2.493E+09
  1599.750 2.492E+09
  1600.000 2.481E+09
  1600.250 2.457E+09
  1600.500 2.428E+09
  1600.750 2.407E+09
  1601.000 2.250E+09
  1601.250 2.081E+09
  1601.500 2.217E+09
  1601.750 2.280E+09
  1602.000 2.272E+09
  1602.250 2.380E+09
  1602.500 2.452E+09
  1602.750 2.455E+09
  1603.000 2.423E+09
  1603.250 2.414E+09
  1603.500 2.434E+09
  1603.750 2.432E+09
  1604.000 2.450E+09
  1604.250 2.443E+09
  1604.500 2.393E+09
  1604.750 2.350E+09
  1605.000 2.341E+09
  1605.250 2.279E+09
  1605.500 1.954E+09
  1605.750 1.600E+09
  1606.000 1.830E+09
  1606.250 2.228E+09
  1606.500 2.388E+09
  1606.750 2.422E+09
  1607.000 2.419E+09
  1607.250 2.391E+09
  1607.500 2.237E+09
  1607.750 2.132E+09
  1608.000 2.301E+09
  1608.250 2.377E+09
  1608.500 2.364E+09
  1608.750 2.357E+09
  1609.000 2.297E+09
  1609.250 2.327E+09
  1609.500 2.385E+09
  1609.750 2.327E+09
  1610.000 2.279E+09
  1610.250 2.306E+09
  1610.500 2.328E+09
  1610.750 2.341E+09
  1611.000 2.311E+09
  1611.250 2.224E+09
  1611.500 1.907E+09
  1611.750 1.408E+09
  1612.000 1.465E+09
  1612.250 1.954E+09
  1612.500 2.210E+09
  1612.750 2.276E+09
  1613.000 2.349E+09
  1613.250 2.392E+09
  1613.500 2.391E+09
  1613.750 2.359E+09
  1614.000 2.309E+09
  1614.250 2.342E+09
  1614.500 2.376E+09
  1614.750 2.384E+09
  1615.000 2.383E+09
  1615.250 2.358E+09
  1615.500 2.351E+09
  1615.750 2.372E+09
  1616.000 2.399E+09
  1616.250 2.397E+09
  1616.500 2.356E+09
  1616.750 2.332E+09
  1617.000 2.361E+09
  1617.250 2.370E+09
  1617.500 2.359E+09
  1617.750 2.349E+09
  1618.000 2.372E+09
  1618.250 2.369E+09
  1618.500 2.336E+09
  1618.750 2.324E+09
  1619.000 2.325E+09
  1619.250 2.307E+09
  1619.500 2.272E+09
  1619.750 2.228E+09
  1620.000 2.161E+09
  1620.250 2.106E+09
  1620.500 2.106E+09
  1620.750 2.161E+09
  1621.000 2.212E+09
  1621.250 2.255E+09
  1621.500 2.256E+09
  1621.750 2.261E+09
  1622.000 2.316E+09
  1622.250 2.356E+09
  1622.500 2.367E+09
  1622.750 2.367E+09
  1623.000 2.353E+09
  1623.250 2.316E+09
  1623.500 2.267E+09
  1623.750 2.265E+09
  1624.000 2.261E+09
  1624.250 2.281E+09
  1624.500 2.326E+09
  1624.750 2.326E+09
  1625.000 2.330E+09
  1625.250 2.346E+09
  1625.500 2.329E+09
  1625.750 2.319E+09
  1626.000 2.309E+09
  1626.250 2.277E+09
  1626.500 2.266E+09
  1626.750 2.278E+09
  1627.000 2.280E+09
  1627.250 2.294E+09
  1627.500 2.307E+09
  1627.750 2.314E+09
  1628.000 2.296E+09
  1628.250 2.255E+09
  1628.500 2.268E+09
  1628.750 2.289E+09
  1629.000 2.232E+09
  1629.250 2.193E+09
  1629.500 2.253E+09
  1629.750 2.309E+09
  1630.000 2.301E+09
  1630.250 2.283E+09
  1630.500 2.283E+09
  1630.750 2.255E+09
  1631.000 2.196E+09
  1631.250 2.218E+09
  1631.500 2.268E+09
  1631.750 2.271E+09
  1632.000 2.246E+09
  1632.250 2.201E+09
  1632.500 2.199E+09
  1632.750 2.252E+09
  1633.000 2.296E+09
  1633.250 2.308E+09
  1633.500 2.299E+09
  1633.750 2.266E+09
  1634.000 2.249E+09
  1634.250 2.261E+09
  1634.500 2.265E+09
  1634.750 2.270E+09
  1635.000 2.264E+09
  1635.250 2.240E+09
  1635.500 2.234E+09
  1635.750 2.254E+09
  1636.000 2.270E+09
  1636.250 2.265E+09
  1636.500 2.262E+09
  1636.750 2.261E+09
  1637.000 2.249E+09
  1637.250 2.237E+09
  1637.500 2.234E+09
  1637.750 2.239E+09
  1638.000 2.231E+09
  1638.250 2.216E+09
  1638.500 2.206E+09
  1638.750 2.192E+09
  1639.000 2.163E+09
  1639.250 2.117E+09
  1639.500 2.069E+09
  1639.750 1.988E+09
  1640.000 1.806E+09
  1640.250 1.605E+09
  1640.500 1.579E+09
  1640.750 1.778E+09
  1641.000 1.967E+09
  1641.250 2.063E+09
  1641.500 2.097E+09
  1641.750 2.099E+09
  1642.000 2.131E+09
  1642.250 2.172E+09
  1642.500 2.186E+09
  1642.750 2.185E+09
  1643.000 2.198E+09
  1643.250 2.214E+09
  1643.500 2.215E+09
  1643.750 2.220E+09
  1644.000 2.226E+09
  1644.250 2.211E+09
  1644.500 2.188E+09
  1644.750 2.176E+09
  1645.000 2.164E+09
  1645.250 2.186E+09
  1645.500 2.210E+09
  1645.750 2.216E+09
  1646.000 2.222E+09
  1646.250 2.224E+09
  1646.500 2.232E+09
  1646.750 2.226E+09
  1647.000 2.180E+09
  1647.250 2.185E+09
  1647.500 2.226E+09
  1647.750 2.244E+09
  1648.000 2.248E+09
  1648.250 2.244E+09
  1648.500 2.244E+09
  1648.750 2.244E+09
  1649.000 2.237E+09
  1649.250 2.222E+09
  1649.500 2.197E+09
  1649.750 2.181E+09
  1650.000 2.209E+09
  1650.250 2.233E+09
  1650.500 2.228E+09
  1650.750 2.220E+09
  1651.000 2.219E+09
  1651.250 2.209E+09
  1651.500 2.186E+09
  1651.750 2.187E+09
  1652.000 2.190E+09
  1652.250 2.193E+09
  1652.500 2.189E+09
  1652.750 2.086E+09
  1653.000 1.973E+09
  1653.250 1.973E+09
  1653.500 2.001E+09
  1653.750 2.064E+09
  1654.000 2.171E+09
  1654.250 2.209E+09
  1654.500 2.209E+09
  1654.750 2.209E+09
  1655.000 2.216E+09
  1655.250 2.221E+09
  1655.500 2.216E+09
  1655.750 2.192E+09
  1656.000 2.098E+09
  1656.250 2.048E+09
  1656.500 2.071E+09
  1656.750 2.002E+09
  1657.000 1.959E+09
  1657.250 2.059E+09
  1657.500 2.130E+09
  1657.750 2.113E+09
  1658.000 2.078E+09
  1658.250 2.103E+09
  1658.500 2.156E+09
  1658.750 2.184E+09
  1659.000 2.188E+09
  1659.250 2.176E+09
  1659.500 2.162E+09
  1659.750 2.173E+09
  1660.000 2.157E+09
  1660.250 2.164E+09
  1660.500 2.193E+09
  1660.750 2.200E+09
  1661.000 2.193E+09
  1661.250 2.180E+09
  1661.500 2.141E+09
  1661.750 2.101E+09
  1662.000 2.127E+09
  1662.250 2.126E+09
  1662.500 2.123E+09
  1662.750 2.162E+09
  1663.000 2.171E+09
  1663.250 2.160E+09
  1663.500 2.149E+09
  1663.750 2.163E+09
  1664.000 2.182E+09
  1664.250 2.184E+09
  1664.500 2.178E+09
  1664.750 2.171E+09
  1665.000 2.171E+09
  1665.250 2.177E+09
  1665.500 2.180E+09
  1665.750 2.178E+09
  1666.000 2.168E+09
  1666.250 2.153E+09
  1666.500 2.121E+09
  1666.750 2.119E+09
  1667.000 2.150E+09
  1667.250 2.167E+09
  1667.500 2.166E+09
  1667.750 2.153E+09
  1668.000 2.141E+09
  1668.250 2.147E+09
  1668.500 2.159E+09
  1668.750 2.164E+09
  1669.000 2.161E+09
  1669.250 2.143E+09
  1669.500 2.122E+09
  1669.750 2.124E+09
  1670.000 2.145E+09
  1670.250 2.146E+09
  1670.500 2.057E+09
  1670.750 1.851E+09
  1671.000 1.876E+09
  1671.250 2.070E+09
  1671.500 2.141E+09
  1671.750 2.141E+09
  1672.000 2.115E+09
  1672.250 2.088E+09
  1672.500 2.098E+09
  1672.750 2.102E+09
  1673.000 2.101E+09
  1673.250 2.095E+09
  1673.500 2.069E+09
  1673.750 2.082E+09
  1674.000 2.121E+09
  1674.250 2.134E+09
  1674.500 2.134E+09
  1674.750 2.132E+09
  1675.000 2.126E+09
  1675.250 2.112E+09
  1675.500 2.096E+09
  1675.750 2.094E+09
  1676.000 2.111E+09
  1676.250 2.098E+09
  1676.500 2.083E+09
  1676.750 2.095E+09
  1677.000 2.106E+09
  1677.250 2.116E+09
  1677.500 2.124E+09
  1677.750 2.121E+09
  1678.000 2.118E+09
  1678.250 2.117E+09
  1678.500 2.120E+09
  1678.750 2.123E+09
  1679.000 2.116E+09
  1679.250 2.097E+09
  1679.500 2.096E+09
  1679.750 2.112E+09
  1680.000 2.117E+09
  1680.250 2.115E+09
  1680.500 2.108E+09
  1680.750 2.108E+09
  1681.000 2.100E+09
  1681.250 2.085E+09
  1681.500 2.089E+09
  1681.750 2.086E+09
  1682.000 2.082E+09
  1682.250 2.089E+09
  1682.500 2.089E+09
  1682.750 2.099E+09
  1683.000 2.106E+09
  1683.250 2.102E+09
  1683.500 2.089E+09
  1683.750 2.083E+09
  1684.000 2.092E+09
  1684.250 2.097E+09
  1684.500 2.099E+09
  1684.750 2.098E+09
  1685.000 2.095E+09
  1685.250 2.095E+09
  1685.500 2.095E+09
  1685.750 2.086E+09
  1686.000 2.067E+09
  1686.250 2.050E+09
  1686.500 2.041E+09
  1686.750 2.045E+09
  1687.000 2.070E+09
  1687.250 2.061E+09
  1687.500 2.007E+09
  1687.750 1.932E+09
  1688.000 1.952E+09
  1688.250 2.045E+09
  1688.500 2.078E+09
  1688.750 2.080E+09
  1689.000 2.079E+09
  1689.250 2.077E+09
  1689.500 2.070E+09
  1689.750 2.056E+09
  1690.000 2.033E+09
  1690.250 2.011E+09
  1690.500 2.020E+09
  1690.750 2.040E+09
  1691.000 2.048E+09
  1691.250 2.060E+09
  1691.500 2.065E+09
  1691.750 2.058E+09
  1692.000 2.032E+09
  1692.250 1.951E+09
  1692.500 1.874E+09
  1692.750 1.957E+09
  1693.000 2.036E+09
  1693.250 2.050E+09
  1693.500 2.049E+09
  1693.750 2.049E+09
  1694.000 2.047E+09
  1694.250 2.039E+09
  1694.500 2.032E+09
  1694.750 2.017E+09
  1695.000 1.990E+09
  1695.250 2.003E+09
  1695.500 2.009E+09
  1695.750 2.009E+09
  1696.000 2.023E+09
  1696.250 2.034E+09
  1696.500 2.033E+09
  1696.750 2.024E+09
  1697.000 2.033E+09
  1697.250 2.042E+09
  1697.500 2.041E+09
  1697.750 2.032E+09
  1698.000 1.998E+09
  1698.250 1.983E+09
  1698.500 2.008E+09
  1698.750 1.989E+09
  1699.000 1.970E+09
  1699.250 1.994E+09
  1699.500 2.016E+09
  1699.750 2.029E+09
  1700.000 2.027E+09
  1700.250 2.003E+09
  1700.500 1.990E+09
  1700.750 1.990E+09
  1701.000 1.986E+09
  1701.250 1.977E+09
  1701.500 1.935E+09
  1701.750 1.931E+09
  1702.000 1.947E+09
  1702.250 1.975E+09
  1702.500 1.992E+09
  1702.750 1.999E+09
  1703.000 2.012E+09
  1703.250 2.007E+09
  1703.500 1.997E+09
  1703.750 2.000E+09
  1704.000 1.997E+09
  1704.250 1.994E+09
  1704.500 1.984E+09
  1704.750 1.974E+09
  1705.000 1.987E+09
  1705.250 2.007E+09
  1705.500 2.010E+09
  1705.750 1.995E+09
  1706.000 1.970E+09
  1706.250 1.964E+09
  1706.500 1.979E+09
  1706.750 1.991E+09
  1707.000 1.942E+09
  1707.250 1.799E+09
  1707.500 1.806E+09
  1707.750 1.943E+09
  1708.000 1.989E+09
  1708.250 1.974E+09
  1708.500 1.926E+09
  1708.750 1.936E+09
  1709.000 1.980E+09
  1709.250 1.983E+09
  1709.500 1.927E+09
  1709.750 1.801E+09
  1710.000 1.791E+09
  1710.250 1.868E+09
  1710.500 1.912E+09
  1710.750 1.964E+09
  1711.000 1.970E+09
  1711.250 1.938E+09
  1711.500 1.909E+09
  1711.750 1.927E+09
  1712.000 1.962E+09
  1712.250 1.974E+09
  1712.500 1.940E+09
  1712.750 1.901E+09
  1713.000 1.925E+09
  1713.250 1.962E+09
  1713.500 1.966E+09
  1713.750 1.955E+09
  1714.000 1.955E+09
  1714.250 1.955E+09
  1714.500 1.931E+09
  1714.750 1.907E+09
  1715.000 1.888E+09
  1715.250 1.825E+09
  1715.500 1.863E+09
  1715.750 1.898E+09
  1716.000 1.900E+09
  1716.250 1.937E+09
  1716.500 1.940E+09
  1716.750 1.904E+09
  1717.000 1.884E+09
  1717.250 1.873E+09
  1717.500 1.871E+09
  1717.750 1.879E+09
  1718.000 1.836E+09
  1718.250 1.795E+09
  1718.500 1.824E+09
  1718.750 1.878E+09
  1719.000 1.887E+09
  1719.250 1.838E+09
  1719.500 1.787E+09
  1719.750 1.843E+09
  1720.000 1.889E+09
  1720.250 1.919E+09
  1720.500 1.896E+09
  1720.750 1.858E+09
  1721.000 1.832E+09
  1721.250 1.772E+09
  1721.500 1.817E+09
  1721.750 1.880E+09
  1722.000 1.829E+09
  1722.250 1.717E+09
  1722.500 1.669E+09
  1722.750 1.696E+09
  1723.000 1.806E+09
  1723.250 1.892E+09
  1723.500 1.881E+09
  1723.750 1.819E+09
  1724.000 1.792E+09
  1724.250 1.811E+09
  1724.500 1.845E+09
  1724.750 1.849E+09
  1725.000 1.782E+09
  1725.250 1.799E+09
  1725.500 1.863E+09
  1725.750 1.886E+09
  1726.000 1.906E+09
  1726.250 1.903E+09
  1726.500 1.888E+09
  1726.750 1.888E+09
  1727.000 1.869E+09
  1727.250 1.817E+09
  1727.500 1.806E+09
  1727.750 1.853E+09
  1728.000 1.890E+09
  1728.250 1.897E+09
  1728.500 1.887E+09
  1728.750 1.882E+09
  1729.000 1.887E+09
  1729.250 1.860E+09
  1729.500 1.860E+09
  1729.750 1.895E+09
  1730.000 1.897E+09
  1730.250 1.862E+09
  1730.500 1.826E+09
  1730.750 1.818E+09
  1731.000 1.844E+09
  1731.250 1.868E+09
  1731.500 1.870E+09
  1731.750 1.887E+09
  1732.000 1.899E+09
  1732.250 1.895E+09
  1732.500 1.886E+09
  1732.750 1.869E+09
  1733.000 1.821E+09
  1733.250 1.828E+09
  1733.500 1.867E+09
  1733.750 1.859E+09
  1734.000 1.862E+09
  1734.250 1.870E+09
  1734.500 1.864E+09
  1734.750 1.852E+09
  1735.000 1.858E+09
  1735.250 1.871E+09
  1735.500 1.863E+09
  1735.750 1.850E+09
  1736.000 1.841E+09
  1736.250 1.856E+09
  1736.500 1.879E+09
  1736.750 1.887E+09
  1737.000 1.881E+09
  1737.250 1.856E+09
  1737.500 1.815E+09
  1737.750 1.809E+09
  1738.000 1.799E+09
  1738.250 1.727E+09
  1738.500 1.702E+09
  1738.750 1.713E+09
  1739.000 1.782E+09
  1739.250 1.835E+09
  1739.500 1.858E+09
  1739.750 1.855E+09
  1740.000 1.860E+09
  1740.250 1.866E+09
  1740.500 1.857E+09
  1740.750 1.830E+09
  1741.000 1.827E+09
  1741.250 1.846E+09
  1741.500 1.833E+09
  1741.750 1.779E+09
  1742.000 1.741E+09
  1742.250 1.807E+09
  1742.500 1.838E+09
  1742.750 1.818E+09
  1743.000 1.831E+09
  1743.250 1.853E+09
  1743.500 1.859E+09
  1743.750 1.856E+09
  1744.000 1.821E+09
  1744.250 1.790E+09
  1744.500 1.826E+09
  1744.750 1.850E+09
  1745.000 1.845E+09
  1745.250 1.826E+09
  1745.500 1.779E+09
  1745.750 1.779E+09
  1746.000 1.833E+09
  1746.250 1.846E+09
  1746.500 1.822E+09
  1746.750 1.755E+09
  1747.000 1.686E+09
  1747.250 1.716E+09
  1747.500 1.747E+09
  1747.750 1.709E+09
  1748.000 1.712E+09
  1748.250 1.750E+09
  1748.500 1.797E+09
  1748.750 1.820E+09
  1749.000 1.803E+09
  1749.250 1.797E+09
  1749.500 1.806E+09
  1749.750 1.816E+09
  1750.000 1.812E+09
  1750.250 1.793E+09
  1750.500 1.793E+09
  1750.750 1.804E+09
  1751.000 1.788E+09
  1751.250 1.753E+09
  1751.500 1.701E+09
  1751.750 1.686E+09
  1752.000 1.750E+09
  1752.250 1.753E+09
  1752.500 1.740E+09
  1752.750 1.729E+09
  1753.000 1.667E+09
  1753.250 1.681E+09
  1753.500 1.713E+09
  1753.750 1.776E+09
  1754.000 1.815E+09
  1754.250 1.825E+09
  1754.500 1.823E+09
  1754.750 1.818E+09
  1755.000 1.817E+09
  1755.250 1.820E+09
  1755.500 1.820E+09
  1755.750 1.818E+09
  1756.000 1.819E+09
  1756.250 1.820E+09
  1756.500 1.819E+09
  1756.750 1.812E+09
  1757.000 1.803E+09
  1757.250 1.808E+09
  1757.500 1.809E+09
  1757.750 1.800E+09
  1758.000 1.796E+09
  1758.250 1.789E+09
  1758.500 1.776E+09
  1758.750 1.784E+09
  1759.000 1.795E+09
  1759.250 1.801E+09
  1759.500 1.805E+09
  1759.750 1.796E+09
  1760.000 1.760E+09
  1760.250 1.719E+09
  1760.500 1.712E+09
  1760.750 1.754E+09
  1761.000 1.775E+09
  1761.250 1.767E+09
  1761.500 1.769E+09
  1761.750 1.765E+09
  1762.000 1.760E+09
  1762.250 1.769E+09
  1762.500 1.778E+09
  1762.750 1.787E+09
  1763.000 1.785E+09
  1763.250 1.780E+09
  1763.500 1.754E+09
  1763.750 1.689E+09
  1764.000 1.668E+09
  1764.250 1.720E+09
  1764.500 1.672E+09
  1764.750 1.635E+09
  1765.000 1.723E+09
  1765.250 1.771E+09
  1765.500 1.772E+09
  1765.750 1.757E+09
  1766.000 1.761E+09
  1766.250 1.774E+09
  1766.500 1.779E+09
  1766.750 1.783E+09
  1767.000 1.781E+09
  1767.250 1.774E+09
  1767.500 1.745E+09
  1767.750 1.675E+09
  1768.000 1.669E+09
  1768.250 1.742E+09
  1768.500 1.773E+09
  1768.750 1.775E+09
  1769.000 1.761E+09
  1769.250 1.715E+09
  1769.500 1.618E+09
  1769.750 1.609E+09
  1770.000 1.673E+09
  1770.250 1.634E+09
  1770.500 1.604E+09
  1770.750 1.674E+09
  1771.000 1.740E+09
  1771.250 1.734E+09
  1771.500 1.708E+09
  1771.750 1.719E+09
  1772.000 1.723E+09
  1772.250 1.734E+09
  1772.500 1.741E+09
  1772.750 1.739E+09
  1773.000 1.726E+09
  1773.250 1.724E+09
  1773.500 1.708E+09
  1773.750 1.685E+09
  1774.000 1.714E+09
  1774.250 1.744E+09
  1774.500 1.744E+09
  1774.750 1.742E+09
  1775.000 1.725E+09
  1775.250 1.687E+09
  1775.500 1.666E+09
  1775.750 1.587E+09
  1776.000 1.513E+09
  1776.250 1.618E+09
  1776.500 1.706E+09
  1776.750 1.699E+09
  1777.000 1.692E+09
  1777.250 1.707E+09
  1777.500 1.705E+09
  1777.750 1.681E+09
  1778.000 1.670E+09
  1778.250 1.604E+09
  1778.500 1.428E+09
  1778.750 1.328E+09
  1779.000 1.472E+09
  1779.250 1.609E+09
  1779.500 1.660E+09
  1779.750 1.691E+09
  1780.000 1.705E+09
  1780.250 1.714E+09
  1780.500 1.716E+09
  1780.750 1.712E+09
  1781.000 1.696E+09
  1781.250 1.680E+09
  1781.500 1.700E+09
  1781.750 1.714E+09
  1782.000 1.705E+09
  1782.250 1.687E+09
  1782.500 1.644E+09
  1782.750 1.535E+09
  1783.000 1.387E+09
  1783.250 1.394E+09
  1783.500 1.558E+09
  1783.750 1.657E+09
  1784.000 1.688E+09
  1784.250 1.688E+09
  1784.500 1.664E+09
  1784.750 1.643E+09
  1785.000 1.634E+09
  1785.250 1.640E+09
  1785.500 1.671E+09
  1785.750 1.684E+09
  1786.000 1.643E+09
  1786.250 1.524E+09
  1786.500 1.406E+09
  1786.750 1.453E+09
  1787.000 1.576E+09
  1787.250 1.662E+09
  1787.500 1.689E+09
  1787.750 1.679E+09
  1788.000 1.638E+09
  1788.250 1.600E+09
  1788.500 1.615E+09
  1788.750 1.661E+09
  1789.000 1.682E+09
  1789.250 1.693E+09
  1789.500 1.697E+09
  1789.750 1.694E+09
  1790.000 1.679E+09
  1790.250 1.639E+09
  1790.500 1.629E+09
  1790.750 1.638E+09
  1791.000 1.627E+09
  1791.250 1.628E+09
  1791.500 1.615E+09
  1791.750 1.633E+09
  1792.000 1.657E+09
  1792.250 1.664E+09
  1792.500 1.666E+09
  1792.750 1.654E+09
  1793.000 1.641E+09
  1793.250 1.661E+09
  1793.500 1.671E+09
  1793.750 1.657E+09
  1794.000 1.665E+09
  1794.250 1.685E+09
  1794.500 1.678E+09
  1794.750 1.634E+09
  1795.000 1.623E+09
  1795.250 1.663E+09
  1795.500 1.682E+09
  1795.750 1.684E+09
  1796.000 1.686E+09
  1796.250 1.686E+09
  1796.500 1.683E+09
  1796.750 1.675E+09
  1797.000 1.669E+09
  1797.250 1.676E+09
  1797.500 1.676E+09
  1797.750 1.667E+09
  1798.000 1.658E+09
  1798.250 1.650E+09
  1798.500 1.657E+09
  1798.750 1.670E+09
  1799.000 1.674E+09
  1799.250 1.674E+09
  1799.500 1.674E+09
  1799.750 1.666E+09
  1800.000 1.654E+09
  1800.250 1.660E+09
  1800.500 1.669E+09
  1800.750 1.671E+09
  1801.000 1.668E+09
  1801.250 1.652E+09
  1801.500 1.618E+09
  1801.750 1.605E+09
  1802.000 1.637E+09
  1802.250 1.661E+09
  1802.500 1.661E+09
  1802.750 1.654E+09
  1803.000 1.647E+09
  1803.250 1.635E+09
  1803.500 1.641E+09
  1803.750 1.655E+09
  1804.000 1.654E+09
  1804.250 1.636E+09
  1804.500 1.632E+09
  1804.750 1.649E+09
  1805.000 1.643E+09
  1805.250 1.619E+09
  1805.500 1.625E+09
  1805.750 1.645E+09
  1806.000 1.651E+09
  1806.250 1.645E+09
  1806.500 1.635E+09
  1806.750 1.635E+09
  1807.000 1.606E+09
  1807.250 1.578E+09
  1807.500 1.612E+09
  1807.750 1.625E+09
  1808.000 1.608E+09
  1808.250 1.615E+09
  1808.500 1.637E+09
  1808.750 1.644E+09
  1809.000 1.638E+09
  1809.250 1.621E+09
  1809.500 1.619E+09
  1809.750 1.623E+09
  1810.000 1.622E+09
  1810.250 1.599E+09
  1810.500 1.576E+09
  1810.750 1.609E+09
  1811.000 1.628E+09
  1811.250 1.614E+09
  1811.500 1.565E+09
  1811.750 1.521E+09
  1812.000 1.555E+09
  1812.250 1.603E+09
  1812.500 1.602E+09
  1812.750 1.568E+09
  1813.000 1.559E+09
  1813.250 1.596E+09
  1813.500 1.617E+09
  1813.750 1.611E+09
  1814.000 1.614E+09
  1814.250 1.623E+09
  1814.500 1.627E+09
  1814.750 1.622E+09
  1815.000 1.590E+09
  1815.250 1.546E+09
  1815.500 1.557E+09
  1815.750 1.560E+09
  1816.000 1.548E+09
  1816.250 1.578E+09
  1816.500 1.598E+09
  1816.750 1.583E+09
  1817.000 1.576E+09
  1817.250 1.584E+09
  1817.500 1.560E+09
  1817.750 1.569E+09
  1818.000 1.604E+09
  1818.250 1.614E+09
  1818.500 1.614E+09
  1818.750 1.609E+09
  1819.000 1.578E+09
  1819.250 1.521E+09
  1819.500 1.520E+09
  1819.750 1.554E+09
  1820.000 1.579E+09
  1820.250 1.580E+09
  1820.500 1.573E+09
  1820.750 1.586E+09
  1821.000 1.593E+09
  1821.250 1.598E+09
  1821.500 1.596E+09
  1821.750 1.574E+09
  1822.000 1.553E+09
  1822.250 1.561E+09
  1822.500 1.583E+09
  1822.750 1.557E+09
  1823.000 1.499E+09
  1823.250 1.534E+09
  1823.500 1.583E+09
  1823.750 1.588E+09
  1824.000 1.591E+09
  1824.250 1.595E+09
  1824.500 1.584E+09
  1824.750 1.568E+09
  1825.000 1.563E+09
  1825.250 1.576E+09
  1825.500 1.589E+09
  1825.750 1.586E+09
  1826.000 1.563E+09
  1826.250 1.548E+09
  1826.500 1.569E+09
  1826.750 1.583E+09
  1827.000 1.583E+09
  1827.250 1.584E+09
  1827.500 1.584E+09
  1827.750 1.577E+09
  1828.000 1.564E+09
  1828.250 1.565E+09
  1828.500 1.570E+09
  1828.750 1.565E+09
  1829.000 1.547E+09
  1829.250 1.544E+09
  1829.500 1.560E+09
  1829.750 1.513E+09
  1830.000 1.438E+09
  1830.250 1.478E+09
  1830.500 1.513E+09
  1830.750 1.521E+09
  1831.000 1.548E+09
  1831.250 1.556E+09
  1831.500 1.552E+09
  1831.750 1.558E+09
  1832.000 1.562E+09
  1832.250 1.564E+09
  1832.500 1.557E+09
  1832.750 1.553E+09
  1833.000 1.551E+09
  1833.250 1.550E+09
  1833.500 1.547E+09
  1833.750 1.543E+09
  1834.000 1.540E+09
  1834.250 1.546E+09
  1834.500 1.556E+09
  1834.750 1.533E+09
  1835.000 1.517E+09
  1835.250 1.542E+09
  1835.500 1.558E+09
  1835.750 1.558E+09
  1836.000 1.557E+09
  1836.250 1.555E+09
  1836.500 1.551E+09
  1836.750 1.542E+09
  1837.000 1.543E+09
  1837.250 1.532E+09
  1837.500 1.484E+09
  1837.750 1.475E+09
  1838.000 1.479E+09
  1838.250 1.443E+09
  1838.500 1.460E+09
  1838.750 1.505E+09
  1839.000 1.537E+09
  1839.250 1.543E+09
  1839.500 1.536E+09
  1839.750 1.524E+09
  1840.000 1.499E+09
  1840.250 1.498E+09
  1840.500 1.519E+09
  1840.750 1.530E+09
  1841.000 1.523E+09
  1841.250 1.473E+09
  1841.500 1.424E+09
  1841.750 1.467E+09
  1842.000 1.488E+09
  1842.250 1.408E+09
  1842.500 1.282E+09
  1842.750 1.306E+09
  1843.000 1.388E+09
  1843.250 1.396E+09
  1843.500 1.387E+09
  1843.750 1.446E+09
  1844.000 1.438E+09
  1844.250 1.404E+09
  1844.500 1.404E+09
  1844.750 1.436E+09
  1845.000 1.436E+09
  1845.250 1.384E+09
  1845.500 1.366E+09
  1845.750 1.454E+09
  1846.000 1.510E+09
  1846.250 1.510E+09
  1846.500 1.508E+09
  1846.750 1.483E+09
  1847.000 1.430E+09
  1847.250 1.409E+09
  1847.500 1.456E+09
  1847.750 1.491E+09
  1848.000 1.478E+09
  1848.250 1.472E+09
  1848.500 1.487E+09
  1848.750 1.495E+09
  1849.000 1.465E+09
  1849.250 1.352E+09
  1849.500 1.287E+09
  1849.750 1.288E+09
  1850.000 1.094E+09
