   850.000 3.477E+08
   850.250 3.472E+08
   850.500 3.466E+08
   850.750 3.431E+08
   851.000 3.305E+08
   851.250 3.226E+08
   851.500 3.308E+08
   851.750 3.291E+08
   852.000 3.293E+08
   852.250 3.408E+08
   852.500 3.393E+08
   852.750 3.354E+08
   853.000 3.406E+08
   853.250 3.436E+08
   853.500 3.430E+08
   853.750 3.389E+08
   854.000 3.285E+08
   854.250 3.247E+08
   854.500 3.334E+08
   854.750 3.433E+08
   855.000 3.429E+08
   855.250 3.309E+08
   855.500 3.177E+08
   855.750 3.156E+08
   856.000 3.151E+08
   856.250 3.161E+08
   856.500 3.297E+08
   856.750 3.408E+08
   857.000 3.401E+08
   857.250 3.349E+08
   857.500 3.310E+08
   857.750 3.296E+08
   858.000 3.177E+08
   858.250 3.026E+08
   858.500 2.932E+08
   858.750 3.142E+08
   859.000 3.376E+08
   859.250 3.390E+08
   859.500 3.163E+08
   859.750 3.016E+08
   860.000 3.206E+08
   860.250 3.228E+08
   860.500 3.230E+08
   860.750 3.328E+08
   861.000 3.396E+08
   861.250 3.373E+08
   861.500 3.307E+08
   861.750 3.104E+08
   862.000 3.135E+08
   862.250 3.306E+08
   862.500 3.319E+08
   862.750 3.175E+08
   863.000 3.090E+08
   863.250 3.130E+08
   863.500 3.261E+08
   863.750 3.356E+08
   864.000 3.328E+08
   864.250 3.316E+08
   864.500 3.340E+08
   864.750 3.443E+08
   865.000 3.487E+08
   865.250 3.481E+08
   865.500 3.497E+08
   865.750 3.469E+08
   866.000 3.455E+08
   866.250 3.504E+08
   866.500 3.542E+08
   866.750 3.525E+08
   867.000 3.481E+08
   867.250 3.434E+08
   867.500 3.343E+08
   867.750 3.393E+08
   868.000 3.512E+08
   868.250 3.479E+08
   868.500 3.407E+08
   868.750 3.413E+08
   869.000 3.477E+08
   869.250 3.544E+08
   869.500 3.531E+08
   869.750 3.503E+08
   870.000 3.459E+08
   870.250 3.388E+08
   870.500 3.365E+08
   870.750 3.392E+08
   871.000 3.469E+08
   871.250 3.538E+08
   871.500 3.570E+08
   871.750 3.511E+08
   872.000 3.432E+08
   872.250 3.495E+08
   872.500 3.541E+08
   872.750 3.521E+08
   873.000 3.416E+08
   873.250 3.331E+08
   873.500 3.368E+08
   873.750 3.497E+08
   874.000 3.495E+08
   874.250 3.489E+08
   874.500 3.530E+08
   874.750 3.545E+08
   875.000 3.500E+08
   875.250 3.379E+08
   875.500 3.325E+08
   875.750 3.413E+08
   876.000 3.460E+08
   876.250 3.460E+08
   876.500 3.424E+08
   876.750 3.482E+08
   877.000 3.580E+08
   877.250 3.601E+08
   877.500 3.583E+08
   877.750 3.569E+08
   878.000 3.511E+08
   878.250 3.434E+08
   878.500 3.461E+08
   878.750 3.491E+08
   879.000 3.541E+08
   879.250 3.540E+08
   879.500 3.445E+08
   879.750 3.451E+08
   880.000 3.507E+08
   880.250 3.511E+08
   880.500 3.488E+08
   880.750 3.466E+08
   881.000 3.408E+08
   881.250 3.471E+08
   881.500 3.536E+08
   881.750 3.575E+08
   882.000 3.550E+08
   882.250 3.527E+08
   882.500 3.594E+08
   882.750 3.606E+08
   883.000 3.532E+08
   883.250 3.454E+08
   883.500 3.443E+08
   883.750 3.494E+08
   884.000 3.557E+08
   884.250 3.538E+08
   884.500 3.502E+08
   884.750 3.557E+08
   885.000 3.616E+08
   885.250 3.625E+08
   885.500 3.648E+08
   885.750 3.653E+08
   886.000 3.626E+08
   886.250 3.629E+08
   886.500 3.661E+08
   886.750 3.667E+08
   887.000 3.638E+08
   887.250 3.554E+08
   887.500 3.535E+08
   887.750 3.616E+08
   888.000 3.663E+08
   888.250 3.655E+08
   888.500 3.630E+08
   888.750 3.616E+08
   889.000 3.633E+08
   889.250 3.667E+08
   889.500 3.675E+08
   889.750 3.656E+08
   890.000 3.638E+08
   890.250 3.657E+08
   890.500 3.625E+08
   890.750 3.542E+08
   891.000 3.505E+08
   891.250 3.461E+08
   891.500 3.519E+08
   891.750 3.629E+08
   892.000 3.628E+08
   892.250 3.530E+08
   892.500 3.522E+08
   892.750 3.633E+08
   893.000 3.652E+08
   893.250 3.652E+08
   893.500 3.654E+08
   893.750 3.602E+08
   894.000 3.582E+08
   894.250 3.633E+08
   894.500 3.650E+08
   894.750 3.667E+08
   895.000 3.701E+08
   895.250 3.693E+08
   895.500 3.655E+08
   895.750 3.651E+08
   896.000 3.662E+08
   896.250 3.677E+08
   896.500 3.698E+08
   896.750 3.708E+08
   897.000 3.701E+08
   897.250 3.679E+08
   897.500 3.609E+08
   897.750 3.597E+08
   898.000 3.677E+08
   898.250 3.713E+08
   898.500 3.709E+08
   898.750 3.678E+08
   899.000 3.648E+08
   899.250 3.563E+08
   899.500 3.547E+08
   899.750 3.664E+08
   900.000 3.692E+08
   900.250 3.687E+08
   900.500 3.665E+08
   900.750 3.581E+08
   901.000 3.528E+08
   901.250 3.597E+08
   901.500 3.647E+08
   901.750 3.676E+08
   902.000 3.724E+08
   902.250 3.736E+08
   902.500 3.708E+08
   902.750 3.642E+08
   903.000 3.634E+08
   903.250 3.611E+08
   903.500 3.337E+08
   903.750 3.011E+08
   904.000 2.718E+08
   904.250 2.803E+08
   904.500 3.165E+08
   904.750 3.552E+08
   905.000 3.698E+08
   905.250 3.645E+08
   905.500 3.663E+08
   905.750 3.720E+08
   906.000 3.730E+08
   906.250 3.709E+08
   906.500 3.652E+08
   906.750 3.639E+08
   907.000 3.662E+08
   907.250 3.717E+08
   907.500 3.721E+08
   907.750 3.670E+08
   908.000 3.641E+08
   908.250 3.692E+08
   908.500 3.740E+08
   908.750 3.702E+08
   909.000 3.639E+08
   909.250 3.621E+08
   909.500 3.701E+08
   909.750 3.766E+08
   910.000 3.774E+08
   910.250 3.716E+08
   910.500 3.606E+08
   910.750 3.567E+08
   911.000 3.611E+08
   911.250 3.687E+08
   911.500 3.655E+08
   911.750 3.567E+08
   912.000 3.658E+08
   912.250 3.708E+08
   912.500 3.635E+08
   912.750 3.563E+08
   913.000 3.652E+08
   913.250 3.720E+08
   913.500 3.742E+08
   913.750 3.679E+08
   914.000 3.626E+08
   914.250 3.708E+08
   914.500 3.763E+08
   914.750 3.775E+08
   915.000 3.769E+08
   915.250 3.685E+08
   915.500 3.459E+08
   915.750 3.258E+08
   916.000 3.205E+08
   916.250 3.483E+08
   916.500 3.505E+08
   916.750 3.408E+08
   917.000 3.559E+08
   917.250 3.700E+08
   917.500 3.808E+08
   917.750 3.745E+08
   918.000 3.690E+08
   918.250 3.772E+08
   918.500 3.794E+08
   918.750 3.782E+08
   919.000 3.767E+08
   919.250 3.635E+08
   919.500 3.687E+08
   919.750 3.938E+08
   920.000 4.183E+08
   920.250 4.214E+08
   920.500 3.946E+08
   920.750 3.536E+08
   921.000 3.388E+08
   921.250 3.750E+08
   921.500 4.272E+08
   921.750 4.582E+08
   922.000 4.750E+08
   922.250 4.730E+08
   922.500 4.349E+08
   922.750 3.722E+08
   923.000 3.144E+08
   923.250 3.080E+08
   923.500 3.626E+08
   923.750 4.371E+08
   924.000 5.075E+08
   924.250 5.727E+08
   924.500 6.167E+08
   924.750 6.210E+08
   925.000 5.873E+08
   925.250 5.339E+08
   925.500 4.652E+08
   925.750 3.843E+08
   926.000 3.083E+08
   926.250 2.789E+08
   926.500 3.200E+08
   926.750 4.028E+08
   927.000 4.977E+08
   927.250 5.923E+08
   927.500 6.844E+08
   927.750 7.506E+08
   928.000 7.862E+08
   928.250 8.043E+08
   928.500 8.023E+08
   928.750 8.210E+08
   929.000 7.902E+08
   929.250 7.256E+08
   929.500 6.605E+08
   929.750 5.735E+08
   930.000 4.736E+08
   930.250 3.814E+08
   930.500 3.045E+08
   930.750 2.677E+08
   931.000 3.069E+08
   931.250 3.935E+08
   931.500 4.930E+08
   931.750 5.872E+08
   932.000 6.752E+08
   932.250 7.995E+08
   932.500 9.275E+08
   932.750 1.037E+09
   933.000 1.141E+09
   933.250 1.237E+09
   933.500 1.328E+09
   933.750 1.403E+09
   934.000 1.453E+09
   934.250 1.467E+09
   934.500 1.404E+09
   934.750 1.319E+09
   935.000 1.309E+09
   935.250 1.279E+09
   935.500 1.202E+09
   935.750 1.095E+09
   936.000 9.671E+08
   936.250 8.505E+08
   936.500 7.333E+08
   936.750 6.188E+08
   937.000 5.169E+08
   937.250 4.148E+08
   937.500 3.200E+08
   937.750 2.650E+08
   938.000 2.911E+08
   938.250 3.764E+08
   938.500 4.784E+08
   938.750 5.825E+08
   939.000 6.845E+08
   939.250 8.122E+08
   939.500 9.565E+08
   939.750 1.099E+09
   940.000 1.242E+09
   940.250 1.382E+09
   940.500 1.521E+09
   940.750 1.665E+09
   941.000 1.821E+09
   941.250 1.964E+09
   941.500 2.071E+09
   941.750 2.204E+09
   942.000 2.332E+09
   942.250 2.310E+09
   942.500 2.304E+09
   942.750 2.448E+09
   943.000 2.635E+09
   943.250 2.712E+09
   943.500 2.715E+09
   943.750 2.660E+09
   944.000 2.644E+09
   944.250 2.757E+09
   944.500 2.760E+09
   944.750 2.606E+09
   945.000 2.435E+09
   945.250 2.361E+09
   945.500 2.237E+09
   945.750 1.963E+09
   946.000 1.609E+09
   946.250 1.581E+09
   946.500 1.722E+09
   946.750 1.689E+09
   947.000 1.581E+09
   947.250 1.446E+09
   947.500 1.295E+09
   947.750 1.127E+09
   948.000 9.661E+08
   948.250 8.260E+08
   948.500 7.101E+08
   948.750 5.943E+08
   949.000 4.828E+08
   949.250 3.934E+08
   949.500 3.063E+08
   949.750 2.644E+08
   950.000 3.111E+08
   950.250 3.986E+08
   950.500 4.760E+08
   950.750 5.727E+08
   951.000 7.098E+08
   951.250 8.553E+08
   951.500 1.003E+09
   951.750 1.158E+09
   952.000 1.325E+09
   952.250 1.485E+09
   952.500 1.648E+09
   952.750 1.820E+09
   953.000 2.004E+09
   953.250 2.167E+09
   953.500 2.342E+09
   953.750 2.518E+09
   954.000 2.688E+09
   954.250 2.942E+09
   954.500 3.160E+09
   954.750 3.236E+09
   955.000 3.197E+09
   955.250 3.292E+09
   955.500 3.496E+09
   955.750 3.836E+09
   956.000 4.065E+09
   956.250 4.078E+09
   956.500 4.140E+09
   956.750 4.202E+09
   957.000 4.366E+09
   957.250 4.653E+09
   957.500 4.514E+09
   957.750 4.288E+09
   958.000 4.263E+09
   958.250 4.334E+09
   958.500 4.503E+09
   958.750 4.523E+09
   959.000 4.668E+09
   959.250 5.010E+09
   959.500 5.169E+09
   959.750 5.453E+09
   960.000 5.783E+09
   960.250 5.818E+09
   960.500 5.751E+09
   960.750 6.013E+09
   961.000 6.131E+09
   961.250 5.980E+09
   961.500 5.607E+09
   961.750 5.196E+09
   962.000 5.311E+09
   962.250 5.767E+09
   962.500 5.638E+09
   962.750 5.365E+09
   963.000 5.285E+09
   963.250 5.166E+09
   963.500 5.499E+09
   963.750 5.433E+09
   964.000 5.334E+09
   964.250 5.567E+09
   964.500 5.469E+09
   964.750 5.243E+09
   965.000 5.194E+09
   965.250 5.087E+09
   965.500 4.897E+09
   965.750 4.770E+09
   966.000 4.654E+09
   966.250 4.447E+09
   966.500 4.336E+09
   966.750 4.171E+09
   967.000 3.792E+09
   967.250 3.526E+09
   967.500 3.383E+09
   967.750 2.859E+09
   968.000 2.517E+09
   968.250 2.711E+09
   968.500 2.765E+09
   968.750 2.497E+09
   969.000 2.217E+09
   969.250 2.040E+09
   969.500 1.872E+09
   969.750 1.714E+09
   970.000 1.528E+09
   970.250 1.367E+09
   970.500 1.202E+09
   970.750 1.091E+09
   971.000 9.950E+08
   971.250 8.839E+08
   971.500 7.588E+08
   971.750 6.301E+08
   972.000 4.946E+08
   972.250 3.667E+08
   972.500 2.948E+08
   972.750 3.433E+08
   973.000 4.650E+08
   973.250 5.914E+08
   973.500 7.130E+08
   973.750 8.501E+08
   974.000 1.019E+09
   974.250 1.181E+09
   974.500 1.320E+09
   974.750 1.481E+09
   975.000 1.630E+09
   975.250 1.800E+09
   975.500 1.975E+09
   975.750 2.093E+09
   976.000 2.109E+09
   976.250 1.951E+09
   976.500 1.542E+09
   976.750 9.453E+08
   977.000 5.794E+08
   977.250 8.587E+08
   977.500 1.470E+09
   977.750 2.054E+09
   978.000 2.700E+09
   978.250 3.274E+09
   978.500 3.704E+09
   978.750 3.996E+09
   979.000 4.109E+09
   979.250 4.293E+09
   979.500 3.790E+09
   979.750 2.752E+09
   980.000 3.329E+09
   980.250 4.923E+09
   980.500 5.754E+09
   980.750 6.104E+09
   981.000 5.869E+09
   981.250 5.548E+09
   981.500 5.921E+09
   981.750 6.596E+09
   982.000 7.036E+09
   982.250 7.331E+09
   982.500 7.523E+09
   982.750 7.615E+09
   983.000 7.511E+09
   983.250 6.820E+09
   983.500 5.761E+09
   983.750 5.122E+09
   984.000 5.820E+09
   984.250 7.128E+09
   984.500 7.700E+09
   984.750 7.027E+09
   985.000 6.596E+09
   985.250 7.354E+09
   985.500 6.852E+09
   985.750 5.784E+09
   986.000 6.478E+09
   986.250 7.286E+09
   986.500 6.893E+09
   986.750 7.560E+09
   987.000 8.590E+09
   987.250 8.744E+09
   987.500 8.697E+09
   987.750 8.548E+09
   988.000 7.943E+09
   988.250 7.628E+09
   988.500 7.666E+09
   988.750 7.190E+09
   989.000 7.581E+09
   989.250 7.272E+09
   989.500 5.198E+09
   989.750 3.219E+09
   990.000 3.618E+09
   990.250 5.405E+09
   990.500 6.728E+09
   990.750 6.587E+09
   991.000 5.946E+09
   991.250 4.278E+09
   991.500 2.593E+09
   991.750 3.031E+09
   992.000 4.417E+09
   992.250 4.417E+09
   992.500 3.907E+09
   992.750 4.342E+09
   993.000 5.582E+09
   993.250 6.240E+09
   993.500 6.207E+09
   993.750 7.271E+09
   994.000 7.914E+09
   994.250 7.585E+09
   994.500 7.031E+09
   994.750 5.690E+09
   995.000 5.419E+09
   995.250 6.528E+09
   995.500 8.098E+09
   995.750 8.488E+09
   996.000 8.014E+09
   996.250 8.394E+09
   996.500 8.753E+09
   996.750 8.525E+09
   997.000 7.585E+09
   997.250 6.274E+09
   997.500 5.985E+09
   997.750 7.006E+09
   998.000 7.938E+09
   998.250 9.042E+09
   998.500 9.487E+09
   998.750 9.329E+09
   999.000 9.002E+09
   999.250 8.244E+09
   999.500 8.151E+09
   999.750 8.985E+09
  1000.000 9.380E+09
  1000.250 9.215E+09
  1000.500 8.832E+09
  1000.750 8.613E+09
  1001.000 8.456E+09
  1001.250 8.934E+09
  1001.500 8.882E+09
  1001.750 8.136E+09
  1002.000 7.169E+09
  1002.250 6.636E+09
  1002.500 7.178E+09
  1002.750 7.134E+09
  1003.000 6.933E+09
  1003.250 7.375E+09
  1003.500 7.805E+09
  1003.750 8.446E+09
  1004.000 9.187E+09
  1004.250 9.308E+09
  1004.500 9.080E+09
  1004.750 8.735E+09
  1005.000 7.390E+09
  1005.250 5.525E+09
  1005.500 6.033E+09
  1005.750 6.746E+09
  1006.000 5.970E+09
  1006.250 6.608E+09
  1006.500 7.795E+09
  1006.750 7.996E+09
  1007.000 7.759E+09
  1007.250 8.174E+09
  1007.500 8.592E+09
  1007.750 8.104E+09
  1008.000 7.400E+09
  1008.250 7.381E+09
  1008.500 7.438E+09
  1008.750 6.927E+09
  1009.000 7.257E+09
  1009.250 7.889E+09
  1009.500 7.342E+09
  1009.750 5.053E+09
  1010.000 2.865E+09
  1010.250 2.850E+09
  1010.500 4.734E+09
  1010.750 7.038E+09
  1011.000 7.979E+09
  1011.250 8.157E+09
  1011.500 8.110E+09
  1011.750 7.928E+09
  1012.000 7.576E+09
  1012.250 6.742E+09
  1012.500 6.068E+09
  1012.750 6.672E+09
  1013.000 7.317E+09
  1013.250 7.580E+09
  1013.500 7.570E+09
  1013.750 7.428E+09
  1014.000 7.171E+09
  1014.250 6.871E+09
  1014.500 6.704E+09
  1014.750 6.339E+09
  1015.000 5.411E+09
  1015.250 4.951E+09
  1015.500 4.584E+09
  1015.750 4.806E+09
  1016.000 5.487E+09
  1016.250 5.597E+09
  1016.500 5.697E+09
  1016.750 5.791E+09
  1017.000 5.190E+09
  1017.250 4.431E+09
  1017.500 4.326E+09
  1017.750 4.409E+09
  1018.000 4.601E+09
  1018.250 4.273E+09
  1018.500 4.331E+09
  1018.750 4.576E+09
  1019.000 4.481E+09
  1019.250 4.194E+09
  1019.500 3.759E+09
  1019.750 3.183E+09
  1020.000 3.016E+09
  1020.250 3.245E+09
  1020.500 3.189E+09
  1020.750 2.909E+09
  1021.000 2.508E+09
  1021.250 2.132E+09
  1021.500 2.021E+09
  1021.750 2.119E+09
  1022.000 2.203E+09
  1022.250 2.107E+09
  1022.500 1.929E+09
  1022.750 1.735E+09
  1023.000 1.575E+09
  1023.250 1.444E+09
  1023.500 1.290E+09
  1023.750 1.133E+09
  1024.000 9.947E+08
  1024.250 8.857E+08
  1024.500 7.886E+08
  1024.750 6.822E+08
  1025.000 5.765E+08
  1025.250 4.663E+08
  1025.500 3.494E+08
  1025.750 2.969E+08
  1026.000 3.739E+08
  1026.250 4.909E+08
  1026.500 5.879E+08
  1026.750 6.698E+08
  1027.000 7.786E+08
  1027.250 9.028E+08
  1027.500 1.026E+09
  1027.750 1.174E+09
  1028.000 1.300E+09
  1028.250 1.396E+09
  1028.500 1.505E+09
  1028.750 1.689E+09
  1029.000 1.915E+09
  1029.250 2.068E+09
  1029.500 2.143E+09
  1029.750 2.288E+09
  1030.000 2.463E+09
  1030.250 2.524E+09
  1030.500 2.454E+09
  1030.750 2.466E+09
  1031.000 2.611E+09
  1031.250 3.053E+09
  1031.500 3.433E+09
  1031.750 3.610E+09
  1032.000 3.544E+09
  1032.250 3.540E+09
  1032.500 3.986E+09
  1032.750 4.118E+09
  1033.000 3.571E+09
  1033.250 3.242E+09
  1033.500 3.560E+09
  1033.750 3.636E+09
  1034.000 3.854E+09
  1034.250 4.368E+09
  1034.500 4.693E+09
  1034.750 4.927E+09
  1035.000 5.121E+09
  1035.250 4.815E+09
  1035.500 4.224E+09
  1035.750 4.071E+09
  1036.000 4.124E+09
  1036.250 3.740E+09
  1036.500 3.958E+09
  1036.750 4.087E+09
  1037.000 3.630E+09
  1037.250 4.690E+09
  1037.500 5.910E+09
  1037.750 6.394E+09
  1038.000 6.428E+09
  1038.250 6.240E+09
  1038.500 6.463E+09
  1038.750 6.694E+09
  1039.000 6.942E+09
  1039.250 7.321E+09
  1039.500 7.523E+09
  1039.750 7.493E+09
  1040.000 7.285E+09
  1040.250 7.172E+09
  1040.500 7.165E+09
  1040.750 7.361E+09
  1041.000 7.569E+09
  1041.250 7.746E+09
  1041.500 7.966E+09
  1041.750 8.109E+09
  1042.000 8.157E+09
  1042.250 8.195E+09
  1042.500 8.205E+09
  1042.750 8.196E+09
  1043.000 8.188E+09
  1043.250 8.150E+09
  1043.500 8.240E+09
  1043.750 8.359E+09
  1044.000 8.348E+09
  1044.250 8.251E+09
  1044.500 8.217E+09
  1044.750 8.188E+09
  1045.000 8.172E+09
  1045.250 8.242E+09
  1045.500 8.220E+09
  1045.750 7.994E+09
  1046.000 8.085E+09
  1046.250 8.355E+09
  1046.500 8.476E+09
  1046.750 8.449E+09
  1047.000 8.373E+09
  1047.250 8.200E+09
  1047.500 8.021E+09
  1047.750 7.996E+09
  1048.000 8.145E+09
  1048.250 8.436E+09
  1048.500 8.518E+09
  1048.750 8.461E+09
  1049.000 8.279E+09
  1049.250 8.261E+09
  1049.500 8.231E+09
  1049.750 8.125E+09
  1050.000 8.222E+09
  1050.250 8.317E+09
  1050.500 8.236E+09
  1050.750 8.073E+09
  1051.000 8.126E+09
  1051.250 8.311E+09
  1051.500 8.456E+09
  1051.750 8.522E+09
  1052.000 8.504E+09
  1052.250 8.358E+09
  1052.500 8.020E+09
  1052.750 7.969E+09
  1053.000 8.164E+09
  1053.250 8.093E+09
  1053.500 8.139E+09
  1053.750 8.377E+09
  1054.000 8.305E+09
  1054.250 8.065E+09
  1054.500 8.013E+09
  1054.750 7.961E+09
  1055.000 7.870E+09
  1055.250 7.651E+09
  1055.500 7.345E+09
  1055.750 7.122E+09
  1056.000 6.918E+09
  1056.250 7.156E+09
  1056.500 7.787E+09
  1056.750 7.983E+09
  1057.000 8.011E+09
  1057.250 7.992E+09
  1057.500 8.084E+09
  1057.750 8.144E+09
  1058.000 8.203E+09
  1058.250 8.260E+09
  1058.500 8.209E+09
  1058.750 8.193E+09
  1059.000 7.996E+09
  1059.250 7.870E+09
  1059.500 7.989E+09
  1059.750 8.129E+09
  1060.000 7.743E+09
  1060.250 7.349E+09
  1060.500 7.636E+09
  1060.750 7.552E+09
  1061.000 6.932E+09
  1061.250 6.801E+09
  1061.500 7.151E+09
  1061.750 6.906E+09
  1062.000 7.103E+09
  1062.250 6.702E+09
  1062.500 5.448E+09
  1062.750 5.079E+09
  1063.000 6.242E+09
  1063.250 6.831E+09
  1063.500 7.323E+09
  1063.750 7.306E+09
  1064.000 7.271E+09
  1064.250 7.294E+09
  1064.500 7.005E+09
  1064.750 7.183E+09
  1065.000 7.321E+09
  1065.250 7.036E+09
  1065.500 5.892E+09
  1065.750 3.623E+09
  1066.000 2.041E+09
  1066.250 2.357E+09
  1066.500 2.862E+09
  1066.750 3.508E+09
  1067.000 4.841E+09
  1067.250 5.894E+09
  1067.500 6.779E+09
  1067.750 7.192E+09
  1068.000 6.690E+09
  1068.250 6.108E+09
  1068.500 6.888E+09
  1068.750 7.539E+09
  1069.000 7.416E+09
  1069.250 7.712E+09
  1069.500 7.892E+09
  1069.750 7.933E+09
  1070.000 7.693E+09
  1070.250 6.859E+09
  1070.500 6.798E+09
  1070.750 7.582E+09
  1071.000 7.997E+09
  1071.250 8.082E+09
  1071.500 7.710E+09
  1071.750 7.198E+09
  1072.000 7.387E+09
  1072.250 7.488E+09
  1072.500 6.962E+09
  1072.750 5.431E+09
  1073.000 4.196E+09
  1073.250 4.754E+09
  1073.500 5.323E+09
  1073.750 6.229E+09
  1074.000 7.061E+09
  1074.250 7.609E+09
  1074.500 7.912E+09
  1074.750 7.648E+09
  1075.000 7.270E+09
  1075.250 7.679E+09
  1075.500 8.048E+09
  1075.750 8.076E+09
  1076.000 7.971E+09
  1076.250 7.715E+09
  1076.500 7.436E+09
  1076.750 7.312E+09
  1077.000 6.656E+09
  1077.250 6.522E+09
  1077.500 7.412E+09
  1077.750 7.859E+09
  1078.000 7.951E+09
  1078.250 7.970E+09
  1078.500 7.940E+09
  1078.750 7.915E+09
  1079.000 7.811E+09
  1079.250 7.474E+09
  1079.500 7.344E+09
  1079.750 7.687E+09
  1080.000 7.843E+09
  1080.250 7.797E+09
  1080.500 7.797E+09
  1080.750 7.793E+09
  1081.000 7.738E+09
  1081.250 7.722E+09
  1081.500 7.701E+09
  1081.750 7.622E+09
  1082.000 7.473E+09
  1082.250 7.290E+09
  1082.500 7.082E+09
  1082.750 6.516E+09
  1083.000 5.695E+09
  1083.250 5.342E+09
  1083.500 5.995E+09
  1083.750 5.658E+09
  1084.000 4.605E+09
  1084.250 4.440E+09
  1084.500 3.625E+09
  1084.750 3.074E+09
  1085.000 3.505E+09
  1085.250 3.789E+09
  1085.500 3.013E+09
  1085.750 3.545E+09
  1086.000 5.492E+09
  1086.250 6.249E+09
  1086.500 6.031E+09
  1086.750 6.143E+09
  1087.000 6.723E+09
  1087.250 6.977E+09
  1087.500 7.196E+09
  1087.750 7.167E+09
  1088.000 6.652E+09
  1088.250 6.605E+09
  1088.500 7.078E+09
  1088.750 7.187E+09
  1089.000 6.945E+09
  1089.250 6.675E+09
  1089.500 6.309E+09
  1089.750 6.395E+09
  1090.000 6.995E+09
  1090.250 7.470E+09
  1090.500 7.707E+09
  1090.750 7.761E+09
  1091.000 7.663E+09
  1091.250 7.485E+09
  1091.500 7.363E+09
  1091.750 7.144E+09
  1092.000 6.845E+09
  1092.250 6.739E+09
  1092.500 6.388E+09
  1092.750 6.251E+09
  1093.000 6.864E+09
  1093.250 7.197E+09
  1093.500 7.444E+09
  1093.750 7.770E+09
  1094.000 7.874E+09
  1094.250 7.791E+09
  1094.500 7.708E+09
  1094.750 7.723E+09
  1095.000 7.748E+09
  1095.250 7.431E+09
  1095.500 7.134E+09
  1095.750 7.436E+09
  1096.000 7.560E+09
  1096.250 7.467E+09
  1096.500 6.980E+09
  1096.750 6.843E+09
  1097.000 7.387E+09
  1097.250 7.651E+09
  1097.500 7.348E+09
  1097.750 7.229E+09
  1098.000 7.262E+09
  1098.250 7.033E+09
  1098.500 7.407E+09
  1098.750 7.574E+09
  1099.000 7.336E+09
  1099.250 7.458E+09
  1099.500 7.641E+09
  1099.750 7.593E+09
  1100.000 7.608E+09
  1100.250 7.666E+09
  1100.500 7.539E+09
  1100.750 7.581E+09
  1101.000 7.656E+09
  1101.250 7.505E+09
  1101.500 7.482E+09
  1101.750 7.506E+09
  1102.000 7.131E+09
  1102.250 6.718E+09
  1102.500 7.051E+09
  1102.750 7.415E+09
  1103.000 7.483E+09
  1103.250 7.582E+09
  1103.500 7.636E+09
  1103.750 7.598E+09
  1104.000 7.334E+09
  1104.250 7.202E+09
  1104.500 7.447E+09
  1104.750 7.596E+09
  1105.000 7.642E+09
  1105.250 7.621E+09
  1105.500 7.523E+09
  1105.750 7.258E+09
  1106.000 6.764E+09
  1106.250 6.703E+09
  1106.500 7.196E+09
  1106.750 7.430E+09
  1107.000 7.446E+09
  1107.250 7.443E+09
  1107.500 7.202E+09
  1107.750 6.853E+09
  1108.000 5.924E+09
  1108.250 4.315E+09
  1108.500 4.747E+09
  1108.750 6.368E+09
  1109.000 6.943E+09
  1109.250 6.944E+09
  1109.500 6.225E+09
  1109.750 4.315E+09
  1110.000 3.295E+09
  1110.250 4.925E+09
  1110.500 6.526E+09
  1110.750 7.020E+09
  1111.000 6.930E+09
  1111.250 6.979E+09
  1111.500 7.224E+09
  1111.750 7.287E+09
  1112.000 7.199E+09
  1112.250 7.026E+09
  1112.500 6.750E+09
  1112.750 5.827E+09
  1113.000 3.809E+09
  1113.250 2.674E+09
  1113.500 4.235E+09
  1113.750 6.101E+09
  1114.000 6.871E+09
  1114.250 7.007E+09
  1114.500 6.924E+09
  1114.750 7.084E+09
  1115.000 7.220E+09
  1115.250 7.246E+09
  1115.500 7.289E+09
  1115.750 7.301E+09
  1116.000 7.311E+09
  1116.250 7.268E+09
  1116.500 7.166E+09
  1116.750 7.105E+09
  1117.000 7.084E+09
  1117.250 6.851E+09
  1117.500 6.735E+09
  1117.750 6.292E+09
  1118.000 5.803E+09
  1118.250 6.206E+09
  1118.500 6.406E+09
  1118.750 6.760E+09
  1119.000 7.081E+09
  1119.250 6.900E+09
  1119.500 6.791E+09
  1119.750 7.023E+09
  1120.000 6.997E+09
  1120.250 6.749E+09
  1120.500 6.767E+09
  1120.750 6.803E+09
  1121.000 6.485E+09
  1121.250 6.014E+09
  1121.500 5.947E+09
  1121.750 5.704E+09
  1122.000 4.760E+09
  1122.250 3.273E+09
  1122.500 2.436E+09
  1122.750 3.425E+09
  1123.000 4.889E+09
  1123.250 5.762E+09
  1123.500 5.871E+09
  1123.750 5.566E+09
  1124.000 5.977E+09
  1124.250 6.370E+09
  1124.500 6.277E+09
  1124.750 5.575E+09
  1125.000 5.068E+09
  1125.250 5.363E+09
  1125.500 4.859E+09
  1125.750 4.735E+09
  1126.000 5.666E+09
  1126.250 6.196E+09
  1126.500 5.946E+09
  1126.750 5.576E+09
  1127.000 5.785E+09
  1127.250 5.738E+09
  1127.500 5.228E+09
  1127.750 4.252E+09
  1128.000 2.889E+09
  1128.250 1.948E+09
  1128.500 2.160E+09
  1128.750 3.153E+09
  1129.000 4.144E+09
  1129.250 4.877E+09
  1129.500 5.699E+09
  1129.750 6.103E+09
  1130.000 6.250E+09
  1130.250 6.070E+09
  1130.500 6.051E+09
  1130.750 6.346E+09
  1131.000 5.999E+09
  1131.250 5.930E+09
  1131.500 6.386E+09
  1131.750 6.285E+09
  1132.000 6.333E+09
  1132.250 6.765E+09
  1132.500 6.884E+09
  1132.750 6.860E+09
  1133.000 6.932E+09
  1133.250 6.966E+09
  1133.500 6.921E+09
  1133.750 6.879E+09
  1134.000 6.881E+09
  1134.250 6.849E+09
  1134.500 6.840E+09
  1134.750 6.876E+09
  1135.000 6.863E+09
  1135.250 6.908E+09
  1135.500 6.913E+09
  1135.750 6.868E+09
  1136.000 6.809E+09
  1136.250 6.689E+09
  1136.500 6.570E+09
  1136.750 6.596E+09
  1137.000 6.775E+09
  1137.250 6.828E+09
  1137.500 6.852E+09
  1137.750 6.837E+09
  1138.000 6.715E+09
  1138.250 6.260E+09
  1138.500 5.384E+09
  1138.750 4.634E+09
  1139.000 4.082E+09
  1139.250 3.742E+09
  1139.500 4.362E+09
  1139.750 5.669E+09
  1140.000 6.033E+09
  1140.250 5.342E+09
  1140.500 4.353E+09
  1140.750 5.036E+09
  1141.000 5.752E+09
  1141.250 4.863E+09
  1141.500 3.715E+09
  1141.750 4.212E+09
  1142.000 4.927E+09
  1142.250 4.360E+09
  1142.500 4.846E+09
  1142.750 5.771E+09
  1143.000 5.928E+09
  1143.250 6.005E+09
  1143.500 5.435E+09
  1143.750 5.041E+09
  1144.000 4.436E+09
  1144.250 3.270E+09
  1144.500 3.612E+09
  1144.750 3.890E+09
  1145.000 2.883E+09
  1145.250 3.290E+09
  1145.500 4.878E+09
  1145.750 5.817E+09
  1146.000 6.326E+09
  1146.250 6.426E+09
  1146.500 6.527E+09
  1146.750 6.664E+09
  1147.000 6.704E+09
  1147.250 6.677E+09
  1147.500 6.619E+09
  1147.750 6.478E+09
  1148.000 6.325E+09
  1148.250 6.479E+09
  1148.500 6.649E+09
  1148.750 6.697E+09
  1149.000 6.676E+09
  1149.250 6.445E+09
  1149.500 5.893E+09
  1149.750 5.912E+09
  1150.000 6.375E+09
  1150.250 6.518E+09
  1150.500 6.241E+09
  1150.750 5.517E+09
  1151.000 5.409E+09
  1151.250 6.105E+09
  1151.500 6.532E+09
  1151.750 6.526E+09
  1152.000 6.107E+09
  1152.250 6.008E+09
  1152.500 6.421E+09
  1152.750 6.513E+09
  1153.000 6.434E+09
  1153.250 6.301E+09
  1153.500 5.714E+09
  1153.750 4.992E+09
  1154.000 5.400E+09
  1154.250 6.004E+09
  1154.500 5.911E+09
  1154.750 5.399E+09
  1155.000 5.066E+09
  1155.250 5.710E+09
  1155.500 6.113E+09
  1155.750 5.505E+09
  1156.000 4.923E+09
  1156.250 5.611E+09
  1156.500 5.769E+09
  1156.750 5.256E+09
  1157.000 5.593E+09
  1157.250 6.138E+09
  1157.500 6.307E+09
  1157.750 5.953E+09
  1158.000 5.058E+09
  1158.250 5.141E+09
  1158.500 6.075E+09
  1158.750 6.378E+09
  1159.000 6.297E+09
  1159.250 6.267E+09
  1159.500 6.249E+09
  1159.750 6.173E+09
  1160.000 5.593E+09
  1160.250 4.950E+09
  1160.500 5.567E+09
  1160.750 6.196E+09
  1161.000 6.185E+09
  1161.250 5.394E+09
  1161.500 4.186E+09
  1161.750 4.602E+09
  1162.000 5.764E+09
  1162.250 6.137E+09
  1162.500 6.009E+09
  1162.750 6.078E+09
  1163.000 6.337E+09
  1163.250 6.414E+09
  1163.500 6.343E+09
  1163.750 6.166E+09
  1164.000 6.196E+09
  1164.250 6.298E+09
  1164.500 6.243E+09
  1164.750 6.180E+09
  1165.000 6.131E+09
  1165.250 5.828E+09
  1165.500 5.049E+09
  1165.750 4.375E+09
  1166.000 4.762E+09
  1166.250 5.529E+09
  1166.500 5.909E+09
  1166.750 6.015E+09
  1167.000 6.058E+09
  1167.250 6.077E+09
  1167.500 6.028E+09
  1167.750 6.010E+09
  1168.000 5.974E+09
  1168.250 5.984E+09
  1168.500 6.003E+09
  1168.750 6.005E+09
  1169.000 5.998E+09
  1169.250 5.940E+09
  1169.500 5.929E+09
  1169.750 5.930E+09
  1170.000 5.836E+09
  1170.250 5.754E+09
  1170.500 5.726E+09
  1170.750 5.676E+09
  1171.000 5.672E+09
  1171.250 5.623E+09
  1171.500 5.495E+09
  1171.750 5.437E+09
  1172.000 5.404E+09
  1172.250 5.215E+09
  1172.500 4.955E+09
  1172.750 4.841E+09
  1173.000 4.756E+09
  1173.250 4.599E+09
  1173.500 4.345E+09
  1173.750 4.018E+09
  1174.000 3.591E+09
  1174.250 3.026E+09
  1174.500 2.345E+09
  1174.750 1.533E+09
  1175.000 9.429E+08
  1175.250 7.707E+08
  1175.500 6.449E+08
  1175.750 5.672E+08
  1176.000 7.272E+08
  1176.250 9.450E+08
  1176.500 1.424E+09
  1176.750 2.262E+09
  1177.000 2.968E+09
  1177.250 3.482E+09
  1177.500 3.847E+09
  1177.750 4.006E+09
  1178.000 4.124E+09
  1178.250 4.530E+09
  1178.500 4.862E+09
  1178.750 5.042E+09
  1179.000 5.140E+09
  1179.250 5.201E+09
  1179.500 5.295E+09
  1179.750 5.341E+09
  1180.000 5.407E+09
  1180.250 5.508E+09
  1180.500 5.505E+09
  1180.750 5.488E+09
  1181.000 5.576E+09
  1181.250 5.657E+09
  1181.500 5.652E+09
  1181.750 5.566E+09
  1182.000 5.504E+09
  1182.250 5.594E+09
  1182.500 5.567E+09
  1182.750 5.020E+09
  1183.000 4.384E+09
  1183.250 4.875E+09
  1183.500 5.479E+09
  1183.750 5.592E+09
  1184.000 5.505E+09
  1184.250 4.962E+09
  1184.500 4.244E+09
  1184.750 4.787E+09
  1185.000 5.544E+09
  1185.250 5.714E+09
  1185.500 5.737E+09
  1185.750 5.753E+09
  1186.000 5.758E+09
  1186.250 5.783E+09
  1186.500 5.822E+09
  1186.750 5.838E+09
  1187.000 5.804E+09
  1187.250 5.568E+09
  1187.500 5.226E+09
  1187.750 5.427E+09
  1188.000 5.756E+09
  1188.250 5.804E+09
  1188.500 5.759E+09
  1188.750 5.770E+09
  1189.000 5.775E+09
  1189.250 5.737E+09
  1189.500 5.728E+09
  1189.750 5.644E+09
  1190.000 5.055E+09
  1190.250 4.281E+09
  1190.500 4.656E+09
  1190.750 5.433E+09
  1191.000 5.669E+09
  1191.250 5.678E+09
  1191.500 5.601E+09
  1191.750 5.448E+09
  1192.000 5.025E+09
  1192.250 4.623E+09
  1192.500 4.943E+09
  1192.750 5.160E+09
  1193.000 4.883E+09
  1193.250 4.482E+09
  1193.500 4.840E+09
  1193.750 4.972E+09
  1194.000 4.346E+09
  1194.250 3.889E+09
  1194.500 3.765E+09
  1194.750 4.688E+09
  1195.000 5.313E+09
  1195.250 5.376E+09
  1195.500 5.402E+09
  1195.750 5.427E+09
  1196.000 5.310E+09
  1196.250 4.919E+09
  1196.500 4.725E+09
  1196.750 5.099E+09
  1197.000 5.165E+09
  1197.250 4.668E+09
  1197.500 4.574E+09
  1197.750 5.053E+09
  1198.000 5.129E+09
  1198.250 4.943E+09
  1198.500 4.991E+09
  1198.750 5.127E+09
  1199.000 5.127E+09
  1199.250 5.044E+09
  1199.500 4.920E+09
  1199.750 4.972E+09
  1200.000 4.996E+09
  1200.250 4.910E+09
  1200.500 4.780E+09
  1200.750 4.224E+09
  1201.000 3.854E+09
  1201.250 4.261E+09
  1201.500 4.248E+09
  1201.750 4.023E+09
  1202.000 4.170E+09
  1202.250 4.392E+09
  1202.500 4.600E+09
  1202.750 4.634E+09
  1203.000 4.615E+09
  1203.250 4.563E+09
  1203.500 4.487E+09
  1203.750 4.410E+09
  1204.000 4.345E+09
  1204.250 4.257E+09
  1204.500 4.127E+09
  1204.750 3.960E+09
  1205.000 3.792E+09
  1205.250 3.609E+09
  1205.500 3.284E+09
  1205.750 2.731E+09
  1206.000 1.926E+09
  1206.250 1.068E+09
  1206.500 6.601E+08
  1206.750 1.015E+09
  1207.000 1.731E+09
  1207.250 2.111E+09
  1207.500 2.162E+09
  1207.750 2.607E+09
  1208.000 3.010E+09
  1208.250 3.103E+09
  1208.500 3.084E+09
  1208.750 3.018E+09
  1209.000 2.877E+09
  1209.250 2.794E+09
  1209.500 2.791E+09
  1209.750 2.716E+09
  1210.000 2.599E+09
  1210.250 2.506E+09
  1210.500 2.410E+09
  1210.750 2.302E+09
  1211.000 2.168E+09
  1211.250 2.066E+09
  1211.500 2.002E+09
  1211.750 1.899E+09
  1212.000 1.785E+09
  1212.250 1.689E+09
  1212.500 1.593E+09
  1212.750 1.492E+09
  1213.000 1.392E+09
  1213.250 1.295E+09
  1213.500 1.199E+09
  1213.750 1.104E+09
  1214.000 1.007E+09
  1214.250 9.047E+08
  1214.500 7.960E+08
  1214.750 6.963E+08
  1215.000 5.991E+08
  1215.250 4.881E+08
  1215.500 3.685E+08
  1215.750 3.400E+08
  1216.000 4.419E+08
  1216.250 5.606E+08
  1216.500 6.662E+08
  1216.750 7.703E+08
  1217.000 8.745E+08
  1217.250 9.758E+08
  1217.500 1.071E+09
  1217.750 1.168E+09
  1218.000 1.271E+09
  1218.250 1.371E+09
  1218.500 1.470E+09
  1218.750 1.569E+09
  1219.000 1.669E+09
  1219.250 1.770E+09
  1219.500 1.869E+09
  1219.750 1.965E+09
  1220.000 2.074E+09
  1220.250 2.186E+09
  1220.500 2.286E+09
  1220.750 2.356E+09
  1221.000 2.410E+09
  1221.250 2.546E+09
  1221.500 2.688E+09
  1221.750 2.766E+09
  1222.000 2.839E+09
  1222.250 2.923E+09
  1222.500 2.965E+09
  1222.750 3.058E+09
  1223.000 3.203E+09
  1223.250 3.303E+09
  1223.500 3.354E+09
  1223.750 3.334E+09
  1224.000 3.358E+09
  1224.250 3.481E+09
  1224.500 3.595E+09
  1224.750 3.602E+09
  1225.000 3.596E+09
  1225.250 3.710E+09
  1225.500 3.779E+09
  1225.750 3.805E+09
  1226.000 3.840E+09
  1226.250 3.926E+09
  1226.500 3.846E+09
  1226.750 3.512E+09
  1227.000 3.550E+09
  1227.250 3.871E+09
  1227.500 3.857E+09
  1227.750 3.939E+09
  1228.000 4.122E+09
  1228.250 4.010E+09
  1228.500 3.583E+09
  1228.750 3.442E+09
  1229.000 3.769E+09
  1229.250 3.687E+09
  1229.500 3.689E+09
  1229.750 3.784E+09
  1230.000 3.417E+09
  1230.250 3.443E+09
  1230.500 3.863E+09
  1230.750 4.151E+09
  1231.000 4.277E+09
  1231.250 4.220E+09
  1231.500 4.265E+09
  1231.750 4.451E+09
  1232.000 4.556E+09
  1232.250 4.653E+09
  1232.500 4.687E+09
  1232.750 4.623E+09
  1233.000 4.565E+09
  1233.250 4.675E+09
  1233.500 4.739E+09
  1233.750 4.749E+09
  1234.000 4.703E+09
  1234.250 4.734E+09
  1234.500 4.846E+09
  1234.750 4.885E+09
  1235.000 4.838E+09
  1235.250 4.661E+09
  1235.500 4.593E+09
  1235.750 4.769E+09
  1236.000 4.799E+09
  1236.250 4.767E+09
  1236.500 4.867E+09
  1236.750 4.894E+09
  1237.000 4.866E+09
  1237.250 4.923E+09
  1237.500 4.987E+09
  1237.750 5.008E+09
  1238.000 5.008E+09
  1238.250 4.953E+09
  1238.500 4.871E+09
  1238.750 4.920E+09
  1239.000 4.957E+09
  1239.250 4.954E+09
  1239.500 4.994E+09
  1239.750 5.011E+09
  1240.000 5.012E+09
  1240.250 5.031E+09
  1240.500 5.041E+09
  1240.750 5.046E+09
  1241.000 5.053E+09
  1241.250 5.053E+09
  1241.500 5.035E+09
  1241.750 5.024E+09
  1242.000 5.031E+09
  1242.250 5.030E+09
  1242.500 5.042E+09
  1242.750 5.032E+09
  1243.000 4.967E+09
  1243.250 4.924E+09
  1243.500 4.983E+09
  1243.750 5.032E+09
  1244.000 5.027E+09
  1244.250 4.996E+09
  1244.500 4.989E+09
  1244.750 4.990E+09
  1245.000 4.945E+09
  1245.250 4.885E+09
  1245.500 4.840E+09
  1245.750 4.759E+09
  1246.000 4.684E+09
  1246.250 4.599E+09
  1246.500 4.375E+09
  1246.750 3.900E+09
  1247.000 3.137E+09
  1247.250 2.155E+09
  1247.500 2.084E+09
  1247.750 3.019E+09
  1248.000 3.857E+09
  1248.250 4.231E+09
  1248.500 4.412E+09
  1248.750 4.688E+09
  1249.000 4.848E+09
  1249.250 4.911E+09
  1249.500 4.932E+09
  1249.750 4.930E+09
  1250.000 4.931E+09
  1250.250 4.846E+09
  1250.500 4.729E+09
  1250.750 4.796E+09
  1251.000 4.685E+09
  1251.250 4.619E+09
  1251.500 4.841E+09
  1251.750 4.947E+09
  1252.000 4.931E+09
  1252.250 4.897E+09
  1252.500 4.793E+09
  1252.750 4.817E+09
  1253.000 4.948E+09
  1253.250 4.963E+09
  1253.500 4.803E+09
  1253.750 4.564E+09
  1254.000 4.726E+09
  1254.250 4.946E+09
  1254.500 4.979E+09
  1254.750 4.954E+09
  1255.000 4.907E+09
  1255.250 4.907E+09
  1255.500 4.933E+09
  1255.750 4.927E+09
  1256.000 4.879E+09
  1256.250 4.576E+09
  1256.500 4.242E+09
  1256.750 4.530E+09
  1257.000 4.856E+09
  1257.250 4.903E+09
  1257.500 4.903E+09
  1257.750 4.912E+09
  1258.000 4.934E+09
  1258.250 4.849E+09
  1258.500 4.676E+09
  1258.750 4.711E+09
  1259.000 4.740E+09
  1259.250 4.681E+09
  1259.500 4.523E+09
  1259.750 4.590E+09
  1260.000 4.397E+09
  1260.250 3.479E+09
  1260.500 3.199E+09
  1260.750 4.120E+09
  1261.000 4.693E+09
  1261.250 4.833E+09
  1261.500 4.834E+09
  1261.750 4.783E+09
  1262.000 4.781E+09
  1262.250 4.817E+09
  1262.500 4.842E+09
  1262.750 4.869E+09
  1263.000 4.873E+09
  1263.250 4.852E+09
  1263.500 4.775E+09
  1263.750 4.719E+09
  1264.000 4.629E+09
  1264.250 4.248E+09
  1264.500 3.272E+09
  1264.750 2.325E+09
  1265.000 2.817E+09
  1265.250 3.912E+09
  1265.500 4.466E+09
  1265.750 4.573E+09
  1266.000 4.590E+09
  1266.250 4.681E+09
  1266.500 4.780E+09
  1266.750 4.791E+09
  1267.000 4.706E+09
  1267.250 4.673E+09
  1267.500 4.776E+09
  1267.750 4.825E+09
  1268.000 4.815E+09
  1268.250 4.825E+09
  1268.500 4.841E+09
  1268.750 4.775E+09
  1269.000 4.566E+09
  1269.250 4.581E+09
  1269.500 4.767E+09
  1269.750 4.813E+09
  1270.000 4.828E+09
  1270.250 4.830E+09
  1270.500 4.789E+09
  1270.750 4.750E+09
  1271.000 4.787E+09
  1271.250 4.817E+09
  1271.500 4.811E+09
  1271.750 4.772E+09
  1272.000 4.766E+09
  1272.250 4.795E+09
  1272.500 4.804E+09
  1272.750 4.798E+09
  1273.000 4.787E+09
  1273.250 4.758E+09
  1273.500 4.635E+09
  1273.750 4.435E+09
  1274.000 4.553E+09
  1274.250 4.743E+09
  1274.500 4.788E+09
  1274.750 4.786E+09
  1275.000 4.777E+09
  1275.250 4.776E+09
  1275.500 4.776E+09
  1275.750 4.759E+09
  1276.000 4.745E+09
  1276.250 4.755E+09
  1276.500 4.755E+09
  1276.750 4.745E+09
  1277.000 4.724E+09
  1277.250 4.651E+09
  1277.500 4.597E+09
  1277.750 4.658E+09
  1278.000 4.727E+09
  1278.250 4.709E+09
  1278.500 4.577E+09
  1278.750 4.270E+09
  1279.000 4.223E+09
  1279.250 4.523E+09
  1279.500 4.667E+09
  1279.750 4.673E+09
  1280.000 4.563E+09
  1280.250 4.333E+09
  1280.500 4.371E+09
  1280.750 4.606E+09
  1281.000 4.691E+09
  1281.250 4.693E+09
  1281.500 4.669E+09
  1281.750 4.655E+09
  1282.000 4.654E+09
  1282.250 4.663E+09
  1282.500 4.650E+09
  1282.750 4.650E+09
  1283.000 4.665E+09
  1283.250 4.636E+09
  1283.500 4.543E+09
  1283.750 4.535E+09
  1284.000 4.484E+09
  1284.250 4.440E+09
  1284.500 4.585E+09
  1284.750 4.665E+09
  1285.000 4.671E+09
  1285.250 4.666E+09
  1285.500 4.658E+09
  1285.750 4.650E+09
  1286.000 4.592E+09
  1286.250 4.402E+09
  1286.500 4.243E+09
  1286.750 4.342E+09
  1287.000 4.509E+09
  1287.250 4.559E+09
  1287.500 4.530E+09
  1287.750 4.542E+09
  1288.000 4.583E+09
  1288.250 4.572E+09
  1288.500 4.573E+09
  1288.750 4.581E+09
  1289.000 4.595E+09
  1289.250 4.589E+09
  1289.500 4.578E+09
  1289.750 4.556E+09
  1290.000 4.546E+09
  1290.250 4.560E+09
  1290.500 4.565E+09
  1290.750 4.522E+09
  1291.000 4.393E+09
  1291.250 4.210E+09
  1291.500 4.178E+09
  1291.750 4.280E+09
  1292.000 4.409E+09
  1292.250 4.439E+09
  1292.500 4.467E+09
  1292.750 4.481E+09
  1293.000 4.348E+09
  1293.250 4.192E+09
  1293.500 4.216E+09
  1293.750 4.158E+09
  1294.000 3.932E+09
  1294.250 3.067E+09
  1294.500 2.028E+09
  1294.750 2.472E+09
  1295.000 3.615E+09
  1295.250 4.090E+09
  1295.500 4.088E+09
  1295.750 3.817E+09
  1296.000 3.343E+09
  1296.250 2.697E+09
  1296.500 2.073E+09
  1296.750 1.977E+09
  1297.000 2.925E+09
  1297.250 3.774E+09
  1297.500 4.047E+09
  1297.750 4.075E+09
  1298.000 3.945E+09
  1298.250 3.595E+09
  1298.500 2.742E+09
  1298.750 1.574E+09
  1299.000 1.287E+09
  1299.250 2.237E+09
  1299.500 3.276E+09
  1299.750 3.814E+09
  1300.000 4.043E+09
  1300.250 4.106E+09
  1300.500 3.993E+09
  1300.750 3.450E+09
  1301.000 2.440E+09
  1301.250 2.324E+09
  1301.500 3.299E+09
  1301.750 3.734E+09
  1302.000 3.615E+09
  1302.250 3.707E+09
  1302.500 4.046E+09
  1302.750 3.931E+09
  1303.000 3.138E+09
  1303.250 2.146E+09
  1303.500 2.494E+09
  1303.750 3.581E+09
  1304.000 4.028E+09
  1304.250 3.884E+09
  1304.500 3.814E+09
  1304.750 3.831E+09
  1305.000 3.919E+09
  1305.250 3.972E+09
  1305.500 3.751E+09
  1305.750 3.824E+09
  1306.000 4.002E+09
  1306.250 4.188E+09
  1306.500 4.314E+09
  1306.750 4.364E+09
  1307.000 4.380E+09
  1307.250 4.376E+09
  1307.500 4.384E+09
  1307.750 4.374E+09
  1308.000 4.322E+09
  1308.250 4.206E+09
  1308.500 3.894E+09
  1308.750 3.679E+09
  1309.000 3.784E+09
  1309.250 3.479E+09
  1309.500 3.557E+09
  1309.750 4.055E+09
  1310.000 4.301E+09
  1310.250 4.348E+09
  1310.500 4.337E+09
  1310.750 4.324E+09
  1311.000 4.316E+09
  1311.250 4.310E+09
  1311.500 4.291E+09
  1311.750 4.297E+09
  1312.000 4.260E+09
  1312.250 4.043E+09
  1312.500 3.554E+09
  1312.750 3.669E+09
  1313.000 4.136E+09
  1313.250 4.277E+09
  1313.500 4.308E+09
  1313.750 4.305E+09
  1314.000 4.282E+09
  1314.250 4.248E+09
  1314.500 4.221E+09
  1314.750 4.219E+09
  1315.000 4.244E+09
  1315.250 4.249E+09
  1315.500 4.244E+09
  1315.750 4.205E+09
  1316.000 4.071E+09
  1316.250 4.039E+09
  1316.500 4.213E+09
  1316.750 4.294E+09
  1317.000 4.276E+09
  1317.250 4.253E+09
  1317.500 4.265E+09
  1317.750 4.267E+09
  1318.000 4.273E+09
  1318.250 4.251E+09
  1318.500 4.225E+09
  1318.750 4.236E+09
  1319.000 4.228E+09
  1319.250 4.198E+09
  1319.500 4.194E+09
  1319.750 4.184E+09
  1320.000 4.207E+09
  1320.250 4.233E+09
  1320.500 4.222E+09
  1320.750 4.176E+09
  1321.000 4.170E+09
  1321.250 4.173E+09
  1321.500 4.181E+09
  1321.750 4.196E+09
  1322.000 4.205E+09
  1322.250 4.199E+09
  1322.500 4.192E+09
  1322.750 4.172E+09
  1323.000 4.135E+09
  1323.250 4.071E+09
  1323.500 3.690E+09
  1323.750 2.652E+09
  1324.000 2.232E+09
  1324.250 3.105E+09
  1324.500 3.702E+09
  1324.750 3.853E+09
  1325.000 3.976E+09
  1325.250 4.110E+09
  1325.500 4.167E+09
  1325.750 4.169E+09
  1326.000 4.170E+09
  1326.250 4.179E+09
  1326.500 4.170E+09
  1326.750 4.144E+09
  1327.000 4.069E+09
  1327.250 3.946E+09
  1327.500 3.910E+09
  1327.750 3.954E+09
  1328.000 3.962E+09
  1328.250 3.891E+09
  1328.500 3.498E+09
  1328.750 2.877E+09
  1329.000 3.101E+09
  1329.250 3.703E+09
  1329.500 3.943E+09
  1329.750 3.940E+09
  1330.000 3.939E+09
  1330.250 3.898E+09
  1330.500 3.943E+09
  1330.750 4.076E+09
  1331.000 4.093E+09
  1331.250 4.086E+09
  1331.500 4.111E+09
  1331.750 4.109E+09
  1332.000 4.087E+09
  1332.250 4.060E+09
  1332.500 4.050E+09
  1332.750 4.067E+09
  1333.000 4.075E+09
  1333.250 4.090E+09
  1333.500 4.080E+09
  1333.750 4.041E+09
  1334.000 3.894E+09
  1334.250 3.266E+09
  1334.500 2.408E+09
  1334.750 2.678E+09
  1335.000 3.388E+09
  1335.250 3.378E+09
  1335.500 2.528E+09
  1335.750 2.103E+09
  1336.000 2.960E+09
  1336.250 3.671E+09
  1336.500 3.910E+09
  1336.750 3.969E+09
  1337.000 4.019E+09
  1337.250 4.040E+09
  1337.500 4.020E+09
  1337.750 3.987E+09
  1338.000 3.969E+09
  1338.250 4.005E+09
  1338.500 4.035E+09
  1338.750 3.993E+09
  1339.000 3.931E+09
  1339.250 3.948E+09
  1339.500 3.979E+09
  1339.750 3.977E+09
  1340.000 4.008E+09
  1340.250 3.998E+09
  1340.500 3.988E+09
  1340.750 3.969E+09
  1341.000 3.784E+09
  1341.250 3.169E+09
  1341.500 2.783E+09
  1341.750 3.312E+09
  1342.000 3.465E+09
  1342.250 2.862E+09
  1342.500 2.821E+09
  1342.750 3.532E+09
  1343.000 3.684E+09
  1343.250 3.179E+09
  1343.500 3.109E+09
  1343.750 3.660E+09
  1344.000 3.786E+09
  1344.250 3.579E+09
  1344.500 3.666E+09
  1344.750 3.812E+09
  1345.000 3.885E+09
  1345.250 3.967E+09
  1345.500 3.916E+09
  1345.750 3.839E+09
  1346.000 3.841E+09
  1346.250 3.839E+09
  1346.500 3.863E+09
  1346.750 3.872E+09
  1347.000 3.889E+09
  1347.250 3.920E+09
  1347.500 3.839E+09
  1347.750 3.689E+09
  1348.000 3.681E+09
  1348.250 3.784E+09
  1348.500 3.767E+09
  1348.750 3.753E+09
  1349.000 3.713E+09
  1349.250 3.729E+09
  1349.500 3.860E+09
  1349.750 3.864E+09
  1350.000 3.707E+09
  1350.250 3.686E+09
  1350.500 3.799E+09
  1350.750 3.877E+09
  1351.000 3.894E+09
  1351.250 3.842E+09
  1351.500 3.850E+09
  1351.750 3.887E+09
  1352.000 3.882E+09
  1352.250 3.835E+09
  1352.500 3.610E+09
  1352.750 3.298E+09
  1353.000 3.448E+09
  1353.250 3.747E+09
  1353.500 3.779E+09
  1353.750 3.781E+09
  1354.000 3.828E+09
  1354.250 3.844E+09
  1354.500 3.881E+09
  1354.750 3.899E+09
  1355.000 3.873E+09
  1355.250 3.796E+09
  1355.500 3.770E+09
  1355.750 3.801E+09
  1356.000 3.766E+09
  1356.250 3.800E+09
  1356.500 3.854E+09
  1356.750 3.801E+09
  1357.000 3.670E+09
  1357.250 3.700E+09
  1357.500 3.806E+09
  1357.750 3.793E+09
  1358.000 3.809E+09
  1358.250 3.856E+09
  1358.500 3.861E+09
  1358.750 3.845E+09
  1359.000 3.800E+09
  1359.250 3.750E+09
  1359.500 3.783E+09
  1359.750 3.833E+09
  1360.000 3.836E+09
  1360.250 3.830E+09
  1360.500 3.797E+09
  1360.750 3.741E+09
  1361.000 3.660E+09
  1361.250 3.324E+09
  1361.500 2.750E+09
  1361.750 2.871E+09
  1362.000 3.335E+09
  1362.250 3.260E+09
  1362.500 3.338E+09
  1362.750 3.623E+09
  1363.000 3.581E+09
  1363.250 3.128E+09
  1363.500 2.834E+09
  1363.750 3.309E+09
  1364.000 3.685E+09
  1364.250 3.761E+09
  1364.500 3.721E+09
  1364.750 3.563E+09
  1365.000 3.107E+09
  1365.250 2.655E+09
  1365.500 3.092E+09
  1365.750 3.603E+09
  1366.000 3.727E+09
  1366.250 3.727E+09
  1366.500 3.640E+09
  1366.750 3.294E+09
  1367.000 2.856E+09
  1367.250 3.115E+09
  1367.500 3.577E+09
  1367.750 3.720E+09
  1368.000 3.720E+09
  1368.250 3.695E+09
  1368.500 3.688E+09
  1368.750 3.680E+09
  1369.000 3.594E+09
  1369.250 3.308E+09
  1369.500 3.211E+09
  1369.750 3.526E+09
  1370.000 3.692E+09
  1370.250 3.729E+09
  1370.500 3.757E+09
  1370.750 3.754E+09
  1371.000 3.719E+09
  1371.250 3.611E+09
  1371.500 3.371E+09
  1371.750 3.328E+09
  1372.000 3.579E+09
  1372.250 3.699E+09
  1372.500 3.646E+09
  1372.750 3.408E+09
  1373.000 3.138E+09
  1373.250 3.332E+09
  1373.500 3.578E+09
  1373.750 3.516E+09
  1374.000 3.324E+09
  1374.250 3.367E+09
  1374.500 3.466E+09
  1374.750 3.418E+09
  1375.000 3.297E+09
  1375.250 3.382E+09
  1375.500 3.455E+09
  1375.750 3.484E+09
  1376.000 3.598E+09
  1376.250 3.627E+09
  1376.500 3.622E+09
  1376.750 3.488E+09
  1377.000 3.181E+09
  1377.250 3.133E+09
  1377.500 3.398E+09
  1377.750 3.563E+09
  1378.000 3.573E+09
  1378.250 3.576E+09
  1378.500 3.549E+09
  1378.750 3.416E+09
  1379.000 3.434E+09
  1379.250 3.496E+09
  1379.500 3.245E+09
  1379.750 3.162E+09
  1380.000 3.464E+09
  1380.250 3.580E+09
  1380.500 3.536E+09
  1380.750 3.467E+09
  1381.000 3.411E+09
  1381.250 3.216E+09
  1381.500 2.872E+09
  1381.750 2.818E+09
  1382.000 3.149E+09
  1382.250 3.346E+09
  1382.500 3.377E+09
  1382.750 3.460E+09
  1383.000 3.521E+09
  1383.250 3.562E+09
  1383.500 3.530E+09
  1383.750 3.357E+09
  1384.000 3.017E+09
  1384.250 3.012E+09
  1384.500 3.351E+09
  1384.750 3.469E+09
  1385.000 3.522E+09
  1385.250 3.546E+09
  1385.500 3.494E+09
  1385.750 3.341E+09
  1386.000 3.270E+09
  1386.250 3.343E+09
  1386.500 3.423E+09
  1386.750 3.453E+09
  1387.000 3.406E+09
  1387.250 3.197E+09
  1387.500 3.110E+09
  1387.750 3.153E+09
  1388.000 3.132E+09
  1388.250 3.307E+09
  1388.500 3.415E+09
  1388.750 3.433E+09
  1389.000 3.429E+09
  1389.250 3.400E+09
  1389.500 3.338E+09
  1389.750 3.261E+09
  1390.000 3.261E+09
  1390.250 3.261E+09
  1390.500 3.256E+09
  1390.750 3.232E+09
  1391.000 3.187E+09
  1391.250 3.114E+09
  1391.500 2.986E+09
  1391.750 2.811E+09
  1392.000 2.688E+09
  1392.250 2.532E+09
  1392.500 2.346E+09
  1392.750 2.141E+09
  1393.000 1.849E+09
  1393.250 1.494E+09
  1393.500 1.067E+09
  1393.750 8.003E+08
  1394.000 1.025E+09
  1394.250 1.465E+09
  1394.500 1.841E+09
  1394.750 2.115E+09
  1395.000 2.293E+09
  1395.250 2.425E+09
  1395.500 2.584E+09
  1395.750 2.632E+09
  1396.000 2.649E+09
  1396.250 2.747E+09
  1396.500 2.875E+09
  1396.750 2.954E+09
  1397.000 2.997E+09
  1397.250 3.043E+09
  1397.500 3.119E+09
  1397.750 3.155E+09
  1398.000 3.081E+09
  1398.250 3.085E+09
  1398.500 3.211E+09
  1398.750 3.221E+09
  1399.000 3.205E+09
  1399.250 3.236E+09
  1399.500 3.197E+09
  1399.750 3.114E+09
  1400.000 3.103E+09
  1400.250 3.101E+09
  1400.500 3.060E+09
  1400.750 2.987E+09
  1401.000 2.909E+09
  1401.250 2.798E+09
  1401.500 2.667E+09
  1401.750 2.485E+09
  1402.000 2.201E+09
  1402.250 1.800E+09
  1402.500 1.283E+09
  1402.750 9.449E+08
  1403.000 1.198E+09
  1403.250 1.716E+09
  1403.500 2.143E+09
  1403.750 2.454E+09
  1404.000 2.688E+09
  1404.250 2.865E+09
  1404.500 2.980E+09
  1404.750 3.026E+09
  1405.000 3.052E+09
  1405.250 3.061E+09
  1405.500 3.079E+09
  1405.750 3.095E+09
  1406.000 3.029E+09
  1406.250 3.059E+09
  1406.500 3.229E+09
  1406.750 3.315E+09
  1407.000 3.323E+09
  1407.250 3.329E+09
  1407.500 3.329E+09
  1407.750 3.340E+09
  1408.000 3.329E+09
  1408.250 3.328E+09
  1408.500 3.307E+09
  1408.750 3.256E+09
  1409.000 3.271E+09
  1409.250 3.333E+09
  1409.500 3.350E+09
  1409.750 3.284E+09
  1410.000 3.255E+09
  1410.250 3.259E+09
  1410.500 3.245E+09
  1410.750 3.275E+09
  1411.000 3.263E+09
  1411.250 3.187E+09
  1411.500 3.168E+09
  1411.750 3.251E+09
  1412.000 3.245E+09
  1412.250 3.195E+09
  1412.500 3.231E+09
  1412.750 3.236E+09
  1413.000 3.245E+09
  1413.250 3.303E+09
  1413.500 3.328E+09
  1413.750 3.304E+09
  1414.000 3.258E+09
  1414.250 3.185E+09
  1414.500 3.162E+09
  1414.750 3.142E+09
  1415.000 3.124E+09
  1415.250 3.197E+09
  1415.500 3.211E+09
  1415.750 3.183E+09
  1416.000 3.238E+09
  1416.250 3.267E+09
  1416.500 3.187E+09
  1416.750 3.000E+09
  1417.000 2.473E+09
  1417.250 2.131E+09
  1417.500 2.609E+09
  1417.750 3.010E+09
  1418.000 3.166E+09
  1418.250 3.235E+09
  1418.500 3.224E+09
  1418.750 3.241E+09
  1419.000 3.219E+09
  1419.250 3.166E+09
  1419.500 3.133E+09
  1419.750 3.137E+09
  1420.000 3.085E+09
  1420.250 3.031E+09
  1420.500 3.117E+09
  1420.750 3.261E+09
  1421.000 3.237E+09
  1421.250 3.170E+09
  1421.500 3.209E+09
  1421.750 3.216E+09
  1422.000 3.183E+09
  1422.250 3.118E+09
  1422.500 3.134E+09
  1422.750 3.156E+09
  1423.000 3.164E+09
  1423.250 3.209E+09
  1423.500 3.193E+09
  1423.750 3.167E+09
  1424.000 3.114E+09
  1424.250 2.888E+09
  1424.500 2.581E+09
  1424.750 2.513E+09
  1425.000 2.832E+09
  1425.250 3.092E+09
  1425.500 3.052E+09
  1425.750 3.004E+09
  1426.000 2.965E+09
  1426.250 2.744E+09
  1426.500 2.700E+09
  1426.750 3.015E+09
  1427.000 3.107E+09
  1427.250 2.866E+09
  1427.500 2.671E+09
  1427.750 2.590E+09
  1428.000 2.555E+09
  1428.250 2.639E+09
  1428.500 2.661E+09
  1428.750 2.600E+09
  1429.000 2.661E+09
  1429.250 2.926E+09
  1429.500 3.152E+09
  1429.750 3.220E+09
  1430.000 3.123E+09
  1430.250 2.928E+09
  1430.500 2.842E+09
  1430.750 2.954E+09
  1431.000 2.980E+09
  1431.250 2.985E+09
  1431.500 3.029E+09
  1431.750 3.147E+09
  1432.000 3.203E+09
  1432.250 3.164E+09
  1432.500 3.118E+09
  1432.750 3.152E+09
  1433.000 3.139E+09
  1433.250 3.091E+09
  1433.500 3.078E+09
  1433.750 3.103E+09
  1434.000 3.068E+09
  1434.250 2.919E+09
  1434.500 3.001E+09
  1434.750 3.123E+09
  1435.000 3.065E+09
  1435.250 2.915E+09
  1435.500 2.506E+09
  1435.750 2.029E+09
  1436.000 2.092E+09
  1436.250 2.477E+09
  1436.500 2.928E+09
  1436.750 3.121E+09
  1437.000 3.121E+09
  1437.250 3.074E+09
  1437.500 3.071E+09
  1437.750 3.092E+09
  1438.000 3.070E+09
  1438.250 3.051E+09
  1438.500 3.061E+09
  1438.750 3.064E+09
  1439.000 3.085E+09
  1439.250 3.128E+09
  1439.500 3.102E+09
  1439.750 3.098E+09
  1440.000 3.160E+09
  1440.250 3.172E+09
  1440.500 3.148E+09
  1440.750 3.117E+09
  1441.000 3.069E+09
  1441.250 3.053E+09
  1441.500 3.078E+09
  1441.750 3.102E+09
  1442.000 3.056E+09
  1442.250 2.956E+09
  1442.500 2.958E+09
  1442.750 3.044E+09
  1443.000 3.119E+09
  1443.250 3.148E+09
  1443.500 3.150E+09
  1443.750 3.143E+09
  1444.000 3.104E+09
  1444.250 3.004E+09
  1444.500 2.976E+09
  1444.750 2.977E+09
  1445.000 2.927E+09
  1445.250 2.969E+09
  1445.500 3.051E+09
  1445.750 3.115E+09
  1446.000 3.101E+09
  1446.250 3.080E+09
  1446.500 3.041E+09
  1446.750 3.005E+09
  1447.000 3.055E+09
  1447.250 3.103E+09
  1447.500 3.084E+09
  1447.750 3.059E+09
  1448.000 3.028E+09
  1448.250 3.014E+09
  1448.500 3.066E+09
  1448.750 3.036E+09
  1449.000 2.985E+09
  1449.250 3.033E+09
  1449.500 3.071E+09
  1449.750 3.061E+09
  1450.000 3.051E+09
  1450.250 3.016E+09
  1450.500 3.027E+09
  1450.750 3.068E+09
  1451.000 3.064E+09
  1451.250 2.960E+09
  1451.500 2.851E+09
  1451.750 2.896E+09
  1452.000 2.893E+09
  1452.250 2.832E+09
  1452.500 2.893E+09
  1452.750 2.999E+09
  1453.000 2.973E+09
  1453.250 2.964E+09
  1453.500 2.986E+09
  1453.750 2.986E+09
  1454.000 2.973E+09
  1454.250 2.941E+09
  1454.500 2.933E+09
  1454.750 2.970E+09
  1455.000 2.914E+09
  1455.250 2.816E+09
  1455.500 2.861E+09
  1455.750 2.927E+09
  1456.000 2.988E+09
  1456.250 3.002E+09
  1456.500 2.927E+09
  1456.750 2.922E+09
  1457.000 2.970E+09
  1457.250 2.904E+09
  1457.500 2.872E+09
  1457.750 2.920E+09
  1458.000 2.916E+09
  1458.250 2.894E+09
  1458.500 2.876E+09
  1458.750 2.884E+09
  1459.000 2.895E+09
  1459.250 2.905E+09
  1459.500 2.982E+09
  1459.750 3.012E+09
  1460.000 2.954E+09
  1460.250 2.838E+09
  1460.500 2.811E+09
  1460.750 2.886E+09
  1461.000 2.943E+09
  1461.250 2.962E+09
  1461.500 2.947E+09
  1461.750 2.934E+09
  1462.000 2.878E+09
  1462.250 2.869E+09
  1462.500 2.939E+09
  1462.750 2.990E+09
  1463.000 2.975E+09
  1463.250 2.922E+09
  1463.500 2.911E+09
  1463.750 2.934E+09
  1464.000 2.978E+09
  1464.250 2.979E+09
  1464.500 2.926E+09
  1464.750 2.893E+09
  1465.000 2.905E+09
  1465.250 2.823E+09
  1465.500 2.767E+09
  1465.750 2.753E+09
  1466.000 2.856E+09
  1466.250 2.854E+09
  1466.500 2.734E+09
  1466.750 2.722E+09
  1467.000 2.778E+09
  1467.250 2.807E+09
  1467.500 2.749E+09
  1467.750 2.689E+09
  1468.000 2.774E+09
  1468.250 2.832E+09
  1468.500 2.836E+09
  1468.750 2.789E+09
  1469.000 2.713E+09
  1469.250 2.788E+09
  1469.500 2.823E+09
  1469.750 2.714E+09
  1470.000 2.712E+09
  1470.250 2.816E+09
  1470.500 2.803E+09
  1470.750 2.824E+09
  1471.000 2.810E+09
  1471.250 2.829E+09
  1471.500 2.821E+09
  1471.750 2.818E+09
  1472.000 2.870E+09
  1472.250 2.891E+09
  1472.500 2.879E+09
  1472.750 2.868E+09
  1473.000 2.773E+09
  1473.250 2.726E+09
  1473.500 2.855E+09
  1473.750 2.881E+09
  1474.000 2.865E+09
  1474.250 2.896E+09
  1474.500 2.886E+09
  1474.750 2.893E+09
  1475.000 2.892E+09
  1475.250 2.822E+09
  1475.500 2.821E+09
  1475.750 2.867E+09
  1476.000 2.854E+09
  1476.250 2.784E+09
  1476.500 2.708E+09
  1476.750 2.668E+09
  1477.000 2.696E+09
  1477.250 2.719E+09
  1477.500 2.527E+09
  1477.750 2.324E+09
  1478.000 2.285E+09
  1478.250 2.358E+09
  1478.500 2.597E+09
  1478.750 2.790E+09
  1479.000 2.854E+09
  1479.250 2.848E+09
  1479.500 2.790E+09
  1479.750 2.785E+09
  1480.000 2.826E+09
  1480.250 2.824E+09
  1480.500 2.813E+09
  1480.750 2.803E+09
  1481.000 2.743E+09
  1481.250 2.721E+09
  1481.500 2.795E+09
  1481.750 2.828E+09
  1482.000 2.787E+09
  1482.250 2.695E+09
  1482.500 2.722E+09
  1482.750 2.711E+09
  1483.000 2.566E+09
  1483.250 2.588E+09
  1483.500 2.742E+09
  1483.750 2.817E+09
  1484.000 2.777E+09
  1484.250 2.648E+09
  1484.500 2.610E+09
  1484.750 2.704E+09
  1485.000 2.776E+09
  1485.250 2.765E+09
  1485.500 2.760E+09
  1485.750 2.777E+09
  1486.000 2.691E+09
  1486.250 2.571E+09
  1486.500 2.700E+09
  1486.750 2.801E+09
  1487.000 2.798E+09
  1487.250 2.821E+09
  1487.500 2.818E+09
  1487.750 2.788E+09
  1488.000 2.800E+09
  1488.250 2.799E+09
  1488.500 2.733E+09
  1488.750 2.634E+09
  1489.000 2.554E+09
  1489.250 2.450E+09
  1489.500 2.275E+09
  1489.750 2.233E+09
  1490.000 2.461E+09
  1490.250 2.623E+09
  1490.500 2.737E+09
  1490.750 2.762E+09
  1491.000 2.727E+09
  1491.250 2.705E+09
  1491.500 2.667E+09
  1491.750 2.625E+09
  1492.000 2.663E+09
  1492.250 2.756E+09
  1492.500 2.762E+09
  1492.750 2.731E+09
  1493.000 2.719E+09
  1493.250 2.672E+09
  1493.500 2.480E+09
  1493.750 2.453E+09
  1494.000 2.674E+09
  1494.250 2.755E+09
  1494.500 2.745E+09
  1494.750 2.736E+09
  1495.000 2.652E+09
  1495.250 2.541E+09
  1495.500 2.546E+09
  1495.750 2.558E+09
  1496.000 2.564E+09
  1496.250 2.647E+09
  1496.500 2.725E+09
  1496.750 2.713E+09
  1497.000 2.681E+09
  1497.250 2.647E+09
  1497.500 2.622E+09
  1497.750 2.674E+09
  1498.000 2.708E+09
  1498.250 2.689E+09
  1498.500 2.587E+09
  1498.750 2.442E+09
  1499.000 2.503E+09
  1499.250 2.599E+09
  1499.500 2.629E+09
  1499.750 2.542E+09
  1500.000 2.181E+09
  1500.250 1.854E+09
  1500.500 2.128E+09
  1500.750 2.386E+09
  1501.000 2.094E+09
  1501.250 1.852E+09
  1501.500 2.068E+09
  1501.750 1.973E+09
  1502.000 2.009E+09
  1502.250 2.368E+09
  1502.500 2.516E+09
  1502.750 2.465E+09
  1503.000 2.477E+09
  1503.250 2.567E+09
  1503.500 2.603E+09
  1503.750 2.576E+09
  1504.000 2.518E+09
  1504.250 2.583E+09
  1504.500 2.585E+09
  1504.750 2.523E+09
  1505.000 2.428E+09
  1505.250 2.432E+09
  1505.500 2.554E+09
  1505.750 2.435E+09
  1506.000 2.229E+09
  1506.250 2.368E+09
  1506.500 2.612E+09
  1506.750 2.674E+09
  1507.000 2.653E+09
  1507.250 2.568E+09
  1507.500 2.430E+09
  1507.750 2.491E+09
  1508.000 2.581E+09
  1508.250 2.647E+09
  1508.500 2.675E+09
  1508.750 2.594E+09
  1509.000 2.502E+09
  1509.250 2.526E+09
  1509.500 2.615E+09
  1509.750 2.598E+09
  1510.000 2.584E+09
  1510.250 2.653E+09
  1510.500 2.667E+09
  1510.750 2.593E+09
  1511.000 2.410E+09
  1511.250 2.269E+09
  1511.500 2.253E+09
  1511.750 2.301E+09
  1512.000 2.242E+09
  1512.250 2.068E+09
  1512.500 2.156E+09
  1512.750 2.155E+09
  1513.000 2.214E+09
  1513.250 2.277E+09
  1513.500 2.172E+09
  1513.750 2.259E+09
  1514.000 2.462E+09
  1514.250 2.461E+09
  1514.500 2.297E+09
  1514.750 2.313E+09
  1515.000 2.379E+09
  1515.250 2.379E+09
  1515.500 2.329E+09
  1515.750 2.420E+09
  1516.000 2.419E+09
  1516.250 2.320E+09
  1516.500 2.281E+09
  1516.750 2.353E+09
  1517.000 2.403E+09
  1517.250 2.450E+09
  1517.500 2.537E+09
  1517.750 2.541E+09
  1518.000 2.532E+09
  1518.250 2.561E+09
  1518.500 2.473E+09
  1518.750 2.354E+09
  1519.000 2.481E+09
  1519.250 2.604E+09
  1519.500 2.566E+09
  1519.750 2.568E+09
  1520.000 2.609E+09
  1520.250 2.583E+09
  1520.500 2.492E+09
  1520.750 2.452E+09
  1521.000 2.552E+09
  1521.250 2.592E+09
  1521.500 2.557E+09
  1521.750 2.529E+09
  1522.000 2.568E+09
  1522.250 2.626E+09
  1522.500 2.637E+09
  1522.750 2.627E+09
  1523.000 2.626E+09
  1523.250 2.609E+09
  1523.500 2.578E+09
  1523.750 2.502E+09
  1524.000 2.450E+09
  1524.250 2.431E+09
  1524.500 2.262E+09
  1524.750 2.206E+09
  1525.000 2.178E+09
  1525.250 2.195E+09
  1525.500 2.264E+09
  1525.750 2.188E+09
  1526.000 2.167E+09
  1526.250 2.273E+09
  1526.500 2.117E+09
  1526.750 1.975E+09
  1527.000 2.039E+09
  1527.250 2.029E+09
  1527.500 2.175E+09
  1527.750 2.268E+09
  1528.000 2.349E+09
  1528.250 2.454E+09
  1528.500 2.525E+09
  1528.750 2.547E+09
  1529.000 2.554E+09
  1529.250 2.551E+09
  1529.500 2.412E+09
  1529.750 2.174E+09
  1530.000 2.004E+09
  1530.250 1.972E+09
  1530.500 2.245E+09
  1530.750 2.491E+09
  1531.000 2.380E+09
  1531.250 2.031E+09
  1531.500 1.778E+09
  1531.750 1.745E+09
  1532.000 2.059E+09
  1532.250 2.324E+09
  1532.500 2.268E+09
  1532.750 2.181E+09
  1533.000 2.073E+09
  1533.250 1.793E+09
  1533.500 1.751E+09
  1533.750 1.996E+09
  1534.000 2.137E+09
  1534.250 2.342E+09
  1534.500 2.402E+09
  1534.750 2.386E+09
  1535.000 2.391E+09
  1535.250 2.289E+09
  1535.500 2.225E+09
  1535.750 2.295E+09
  1536.000 2.351E+09
  1536.250 2.265E+09
  1536.500 1.964E+09
  1536.750 1.975E+09
  1537.000 2.291E+09
  1537.250 2.379E+09
  1537.500 2.392E+09
  1537.750 2.449E+09
  1538.000 2.399E+09
  1538.250 2.267E+09
  1538.500 2.146E+09
  1538.750 2.081E+09
  1539.000 2.051E+09
  1539.250 2.058E+09
  1539.500 2.181E+09
  1539.750 2.365E+09
  1540.000 2.325E+09
  1540.250 2.219E+09
  1540.500 2.225E+09
  1540.750 2.120E+09
  1541.000 2.105E+09
  1541.250 2.269E+09
  1541.500 2.323E+09
  1541.750 2.157E+09
  1542.000 2.078E+09
  1542.250 2.144E+09
  1542.500 2.109E+09
  1542.750 2.066E+09
  1543.000 2.231E+09
  1543.250 2.269E+09
  1543.500 2.111E+09
  1543.750 2.053E+09
  1544.000 2.092E+09
  1544.250 2.185E+09
  1544.500 2.227E+09
  1544.750 2.279E+09
  1545.000 2.305E+09
  1545.250 2.212E+09
  1545.500 2.202E+09
  1545.750 2.289E+09
  1546.000 2.237E+09
  1546.250 2.121E+09
  1546.500 2.071E+09
  1546.750 2.007E+09
  1547.000 1.978E+09
  1547.250 1.955E+09
  1547.500 1.726E+09
  1547.750 1.556E+09
  1548.000 1.356E+09
  1548.250 1.272E+09
  1548.500 1.593E+09
  1548.750 1.861E+09
  1549.000 1.978E+09
  1549.250 2.053E+09
  1549.500 2.097E+09
  1549.750 2.047E+09
  1550.000 1.818E+09
  1550.250 1.574E+09
  1550.500 1.398E+09
  1550.750 1.208E+09
  1551.000 1.376E+09
  1551.250 1.681E+09
  1551.500 1.899E+09
  1551.750 1.981E+09
  1552.000 1.851E+09
  1552.250 1.822E+09
  1552.500 1.979E+09
  1552.750 2.072E+09
  1553.000 2.098E+09
  1553.250 2.106E+09
  1553.500 2.183E+09
  1553.750 2.263E+09
  1554.000 2.295E+09
  1554.250 2.284E+09
  1554.500 2.207E+09
  1554.750 2.134E+09
  1555.000 2.189E+09
  1555.250 2.246E+09
  1555.500 2.227E+09
  1555.750 2.048E+09
  1556.000 1.934E+09
  1556.250 1.920E+09
  1556.500 1.836E+09
  1556.750 1.931E+09
  1557.000 2.058E+09
  1557.250 2.126E+09
  1557.500 2.186E+09
  1557.750 2.294E+09
  1558.000 2.310E+09
  1558.250 2.214E+09
  1558.500 2.149E+09
  1558.750 2.160E+09
  1559.000 2.117E+09
  1559.250 2.067E+09
  1559.500 2.106E+09
  1559.750 2.221E+09
  1560.000 2.163E+09
  1560.250 2.018E+09
  1560.500 2.042E+09
  1560.750 2.200E+09
  1561.000 2.217E+09
  1561.250 2.093E+09
  1561.500 2.174E+09
  1561.750 2.335E+09
  1562.000 2.357E+09
  1562.250 2.237E+09
  1562.500 2.114E+09
  1562.750 2.075E+09
  1563.000 2.101E+09
  1563.250 2.155E+09
  1563.500 2.218E+09
  1563.750 2.279E+09
  1564.000 2.290E+09
  1564.250 2.150E+09
  1564.500 2.061E+09
  1564.750 2.136E+09
  1565.000 2.272E+09
  1565.250 2.349E+09
  1565.500 2.336E+09
  1565.750 2.277E+09
  1566.000 2.238E+09
  1566.250 2.109E+09
  1566.500 2.012E+09
  1566.750 2.086E+09
  1567.000 2.226E+09
  1567.250 2.331E+09
  1567.500 2.362E+09
  1567.750 2.332E+09
  1568.000 2.241E+09
  1568.250 2.129E+09
  1568.500 2.086E+09
  1568.750 2.027E+09
  1569.000 2.087E+09
  1569.250 2.156E+09
  1569.500 2.266E+09
  1569.750 2.335E+09
  1570.000 2.255E+09
  1570.250 2.118E+09
  1570.500 2.139E+09
  1570.750 2.275E+09
  1571.000 2.286E+09
  1571.250 2.231E+09
  1571.500 2.285E+09
  1571.750 2.328E+09
  1572.000 2.324E+09
  1572.250 2.297E+09
  1572.500 2.162E+09
  1572.750 1.939E+09
  1573.000 1.989E+09
  1573.250 2.233E+09
  1573.500 2.326E+09
  1573.750 2.282E+09
  1574.000 2.248E+09
  1574.250 2.271E+09
  1574.500 2.233E+09
  1574.750 2.163E+09
  1575.000 2.111E+09
  1575.250 2.012E+09
  1575.500 2.036E+09
  1575.750 2.167E+09
  1576.000 2.236E+09
  1576.250 2.124E+09
  1576.500 2.010E+09
  1576.750 2.063E+09
  1577.000 1.969E+09
  1577.250 1.883E+09
  1577.500 1.981E+09
  1577.750 1.926E+09
  1578.000 1.930E+09
  1578.250 2.149E+09
  1578.500 2.199E+09
  1578.750 2.171E+09
  1579.000 2.227E+09
  1579.250 2.199E+09
  1579.500 2.205E+09
  1579.750 2.215E+09
  1580.000 2.055E+09
  1580.250 1.955E+09
  1580.500 2.017E+09
  1580.750 1.970E+09
  1581.000 1.974E+09
  1581.250 2.071E+09
  1581.500 2.205E+09
  1581.750 2.276E+09
  1582.000 2.267E+09
  1582.250 2.152E+09
  1582.500 2.065E+09
  1582.750 2.123E+09
  1583.000 2.129E+09
  1583.250 2.048E+09
  1583.500 2.088E+09
  1583.750 2.137E+09
  1584.000 2.159E+09
  1584.250 2.186E+09
  1584.500 2.177E+09
  1584.750 2.173E+09
  1585.000 2.122E+09
  1585.250 2.138E+09
  1585.500 2.178E+09
  1585.750 2.146E+09
  1586.000 2.191E+09
  1586.250 2.266E+09
  1586.500 2.300E+09
  1586.750 2.303E+09
  1587.000 2.274E+09
  1587.250 2.195E+09
  1587.500 2.144E+09
  1587.750 2.193E+09
  1588.000 2.211E+09
  1588.250 2.215E+09
  1588.500 2.158E+09
  1588.750 1.931E+09
  1589.000 1.834E+09
  1589.250 2.011E+09
  1589.500 2.119E+09
  1589.750 2.168E+09
  1590.000 2.177E+09
  1590.250 2.176E+09
  1590.500 2.124E+09
  1590.750 2.096E+09
  1591.000 2.081E+09
  1591.250 1.973E+09
  1591.500 1.883E+09
  1591.750 1.871E+09
  1592.000 1.882E+09
  1592.250 2.062E+09
  1592.500 2.163E+09
  1592.750 2.156E+09
  1593.000 2.178E+09
  1593.250 2.148E+09
  1593.500 2.086E+09
  1593.750 2.075E+09
  1594.000 2.153E+09
  1594.250 2.224E+09
  1594.500 2.183E+09
  1594.750 2.070E+09
  1595.000 2.022E+09
  1595.250 2.023E+09
  1595.500 1.989E+09
  1595.750 2.043E+09
  1596.000 2.172E+09
  1596.250 2.231E+09
  1596.500 2.229E+09
  1596.750 2.217E+09
  1597.000 2.208E+09
  1597.250 2.179E+09
  1597.500 2.144E+09
  1597.750 2.115E+09
  1598.000 2.103E+09
  1598.250 2.130E+09
  1598.500 2.156E+09
  1598.750 2.209E+09
  1599.000 2.238E+09
  1599.250 2.224E+09
  1599.500 2.213E+09
  1599.750 2.221E+09
  1600.000 2.204E+09
  1600.250 2.116E+09
  1600.500 2.025E+09
  1600.750 2.056E+09
  1601.000 1.940E+09
  1601.250 1.722E+09
  1601.500 1.793E+09
  1601.750 1.773E+09
  1602.000 1.782E+09
  1602.250 2.019E+09
  1602.500 2.164E+09
  1602.750 2.173E+09
  1603.000 2.097E+09
  1603.250 2.070E+09
  1603.500 2.105E+09
  1603.750 2.094E+09
  1604.000 2.148E+09
  1604.250 2.138E+09
  1604.500 2.017E+09
  1604.750 1.911E+09
  1605.000 1.953E+09
  1605.250 2.058E+09
  1605.500 1.869E+09
  1605.750 1.523E+09
  1606.000 1.642E+09
  1606.250 1.974E+09
  1606.500 2.116E+09
  1606.750 2.135E+09
  1607.000 2.112E+09
  1607.250 2.087E+09
  1607.500 1.914E+09
  1607.750 1.806E+09
  1608.000 2.011E+09
  1608.250 2.091E+09
  1608.500 2.069E+09
  1608.750 2.007E+09
  1609.000 1.859E+09
  1609.250 1.931E+09
  1609.500 2.051E+09
  1609.750 1.887E+09
  1610.000 1.759E+09
  1610.250 1.841E+09
  1610.500 1.921E+09
  1610.750 1.978E+09
  1611.000 1.962E+09
  1611.250 1.959E+09
  1611.500 1.754E+09
  1611.750 1.279E+09
  1612.000 1.359E+09
  1612.250 1.783E+09
  1612.500 1.901E+09
  1612.750 1.928E+09
  1613.000 2.069E+09
  1613.250 2.119E+09
  1613.500 2.082E+09
  1613.750 2.007E+09
  1614.000 1.903E+09
  1614.250 1.986E+09
  1614.500 2.053E+09
  1614.750 2.060E+09
  1615.000 2.052E+09
  1615.250 1.992E+09
  1615.500 1.986E+09
  1615.750 2.045E+09
  1616.000 2.104E+09
  1616.250 2.104E+09
  1616.500 2.043E+09
  1616.750 2.001E+09
  1617.000 2.056E+09
  1617.250 2.067E+09
  1617.500 2.037E+09
  1617.750 2.009E+09
  1618.000 2.082E+09
  1618.250 2.097E+09
  1618.500 2.015E+09
  1618.750 1.973E+09
  1619.000 1.999E+09
  1619.250 2.007E+09
  1619.500 1.969E+09
  1619.750 1.896E+09
  1620.000 1.704E+09
  1620.250 1.550E+09
  1620.500 1.523E+09
  1620.750 1.611E+09
  1621.000 1.741E+09
  1621.250 1.868E+09
  1621.500 1.906E+09
  1621.750 1.911E+09
  1622.000 2.002E+09
  1622.250 2.075E+09
  1622.500 2.098E+09
  1622.750 2.099E+09
  1623.000 2.061E+09
  1623.250 1.947E+09
  1623.500 1.813E+09
  1623.750 1.814E+09
  1624.000 1.808E+09
  1624.250 1.889E+09
  1624.500 2.007E+09
  1624.750 1.997E+09
  1625.000 2.000E+09
  1625.250 2.062E+09
  1625.500 2.056E+09
  1625.750 2.021E+09
  1626.000 1.972E+09
  1626.250 1.894E+09
  1626.500 1.893E+09
  1626.750 1.924E+09
  1627.000 1.901E+09
  1627.250 1.895E+09
  1627.500 1.936E+09
  1627.750 1.975E+09
  1628.000 1.954E+09
  1628.250 1.883E+09
  1628.500 1.901E+09
  1628.750 1.925E+09
  1629.000 1.771E+09
  1629.250 1.706E+09
  1629.500 1.884E+09
  1629.750 2.009E+09
  1630.000 1.953E+09
  1630.250 1.881E+09
  1630.500 1.901E+09
  1630.750 1.895E+09
  1631.000 1.838E+09
  1631.250 1.866E+09
  1631.500 1.896E+09
  1631.750 1.886E+09
  1632.000 1.849E+09
  1632.250 1.777E+09
  1632.500 1.808E+09
  1632.750 1.927E+09
  1633.000 2.015E+09
  1633.250 2.047E+09
  1633.500 2.037E+09
  1633.750 1.958E+09
  1634.000 1.910E+09
  1634.250 1.917E+09
  1634.500 1.866E+09
  1634.750 1.882E+09
  1635.000 1.945E+09
  1635.250 1.945E+09
  1635.500 1.933E+09
  1635.750 1.944E+09
  1636.000 1.999E+09
  1636.250 2.027E+09
  1636.500 2.027E+09
  1636.750 2.011E+09
  1637.000 1.975E+09
  1637.250 1.989E+09
  1637.500 2.015E+09
  1637.750 2.016E+09
  1638.000 1.981E+09
  1638.250 1.946E+09
  1638.500 1.966E+09
  1638.750 1.983E+09
  1639.000 1.952E+09
  1639.250 1.876E+09
  1639.500 1.827E+09
  1639.750 1.737E+09
  1640.000 1.456E+09
  1640.250 1.219E+09
  1640.500 1.252E+09
  1640.750 1.535E+09
  1641.000 1.773E+09
  1641.250 1.875E+09
  1641.500 1.876E+09
  1641.750 1.823E+09
  1642.000 1.844E+09
  1642.250 1.914E+09
  1642.500 1.933E+09
  1642.750 1.881E+09
  1643.000 1.907E+09
  1643.250 1.981E+09
  1643.500 2.000E+09
  1643.750 1.999E+09
  1644.000 1.995E+09
  1644.250 1.960E+09
  1644.500 1.908E+09
  1644.750 1.843E+09
  1645.000 1.752E+09
  1645.250 1.838E+09
  1645.500 1.947E+09
  1645.750 1.958E+09
  1646.000 1.969E+09
  1646.250 1.976E+09
  1646.500 1.988E+09
  1646.750 1.970E+09
  1647.000 1.873E+09
  1647.250 1.885E+09
  1647.500 1.973E+09
  1647.750 2.010E+09
  1648.000 2.016E+09
  1648.250 2.002E+09
  1648.500 2.001E+09
  1648.750 1.988E+09
  1649.000 1.957E+09
  1649.250 1.948E+09
  1649.500 1.928E+09
  1649.750 1.875E+09
  1650.000 1.914E+09
  1650.250 1.973E+09
  1650.500 1.965E+09
  1650.750 1.952E+09
  1651.000 1.955E+09
  1651.250 1.929E+09
  1651.500 1.873E+09
  1651.750 1.873E+09
  1652.000 1.878E+09
  1652.250 1.895E+09
  1652.500 1.919E+09
  1652.750 1.753E+09
  1653.000 1.557E+09
  1653.250 1.531E+09
  1653.500 1.556E+09
  1653.750 1.671E+09
  1654.000 1.860E+09
  1654.250 1.938E+09
  1654.500 1.953E+09
  1654.750 1.955E+09
  1655.000 1.972E+09
  1655.250 1.988E+09
  1655.500 1.983E+09
  1655.750 1.949E+09
  1656.000 1.824E+09
  1656.250 1.771E+09
  1656.500 1.760E+09
  1656.750 1.712E+09
  1657.000 1.776E+09
  1657.250 1.856E+09
  1657.500 1.879E+09
  1657.750 1.838E+09
  1658.000 1.817E+09
  1658.250 1.811E+09
  1658.500 1.853E+09
  1658.750 1.918E+09
  1659.000 1.918E+09
  1659.250 1.900E+09
  1659.500 1.890E+09
  1659.750 1.907E+09
  1660.000 1.858E+09
  1660.250 1.870E+09
  1660.500 1.938E+09
  1660.750 1.948E+09
  1661.000 1.904E+09
  1661.250 1.863E+09
  1661.500 1.819E+09
  1661.750 1.772E+09
  1662.000 1.825E+09
  1662.250 1.794E+09
  1662.500 1.782E+09
  1662.750 1.885E+09
  1663.000 1.922E+09
  1663.250 1.900E+09
  1663.500 1.855E+09
  1663.750 1.894E+09
  1664.000 1.948E+09
  1664.250 1.945E+09
  1664.500 1.910E+09
  1664.750 1.880E+09
  1665.000 1.889E+09
  1665.250 1.925E+09
  1665.500 1.943E+09
  1665.750 1.945E+09
  1666.000 1.916E+09
  1666.250 1.846E+09
  1666.500 1.726E+09
  1666.750 1.748E+09
  1667.000 1.851E+09
  1667.250 1.919E+09
  1667.500 1.922E+09
  1667.750 1.873E+09
  1668.000 1.815E+09
  1668.250 1.825E+09
  1668.500 1.885E+09
  1668.750 1.927E+09
  1669.000 1.927E+09
  1669.250 1.872E+09
  1669.500 1.783E+09
  1669.750 1.774E+09
  1670.000 1.861E+09
  1670.250 1.905E+09
  1670.500 1.829E+09
  1670.750 1.642E+09
  1671.000 1.637E+09
  1671.250 1.811E+09
  1671.500 1.899E+09
  1671.750 1.875E+09
  1672.000 1.805E+09
  1672.250 1.735E+09
  1672.500 1.742E+09
  1672.750 1.759E+09
  1673.000 1.773E+09
  1673.250 1.784E+09
  1673.500 1.757E+09
  1673.750 1.787E+09
  1674.000 1.879E+09
  1674.250 1.915E+09
  1674.500 1.914E+09
  1674.750 1.912E+09
  1675.000 1.888E+09
  1675.250 1.843E+09
  1675.500 1.797E+09
  1675.750 1.801E+09
  1676.000 1.850E+09
  1676.250 1.815E+09
  1676.500 1.769E+09
  1676.750 1.791E+09
  1677.000 1.818E+09
  1677.250 1.856E+09
  1677.500 1.895E+09
  1677.750 1.899E+09
  1678.000 1.891E+09
  1678.250 1.885E+09
  1678.500 1.895E+09
  1678.750 1.901E+09
  1679.000 1.879E+09
  1679.250 1.851E+09
  1679.500 1.866E+09
  1679.750 1.891E+09
  1680.000 1.898E+09
  1680.250 1.893E+09
  1680.500 1.872E+09
  1680.750 1.874E+09
  1681.000 1.856E+09
  1681.250 1.807E+09
  1681.500 1.808E+09
  1681.750 1.784E+09
  1682.000 1.775E+09
  1682.250 1.823E+09
  1682.500 1.840E+09
  1682.750 1.871E+09
  1683.000 1.888E+09
  1683.250 1.880E+09
  1683.500 1.846E+09
  1683.750 1.830E+09
  1684.000 1.858E+09
  1684.250 1.875E+09
  1684.500 1.881E+09
  1684.750 1.881E+09
  1685.000 1.875E+09
  1685.250 1.878E+09
  1685.500 1.877E+09
  1685.750 1.850E+09
  1686.000 1.807E+09
  1686.250 1.777E+09
  1686.500 1.747E+09
  1686.750 1.733E+09
  1687.000 1.801E+09
  1687.250 1.781E+09
  1687.500 1.648E+09
  1687.750 1.545E+09
  1688.000 1.635E+09
  1688.250 1.811E+09
  1688.500 1.866E+09
  1688.750 1.865E+09
  1689.000 1.863E+09
  1689.250 1.856E+09
  1689.500 1.828E+09
  1689.750 1.782E+09
  1690.000 1.719E+09
  1690.250 1.667E+09
  1690.500 1.685E+09
  1690.750 1.740E+09
  1691.000 1.783E+09
  1691.250 1.831E+09
  1691.500 1.846E+09
  1691.750 1.822E+09
  1692.000 1.752E+09
  1692.250 1.650E+09
  1692.500 1.595E+09
  1692.750 1.698E+09
  1693.000 1.788E+09
  1693.250 1.812E+09
  1693.500 1.812E+09
  1693.750 1.813E+09
  1694.000 1.803E+09
  1694.250 1.777E+09
  1694.500 1.754E+09
  1694.750 1.738E+09
  1695.000 1.700E+09
  1695.250 1.724E+09
  1695.500 1.715E+09
  1695.750 1.695E+09
  1696.000 1.736E+09
  1696.250 1.787E+09
  1696.500 1.804E+09
  1696.750 1.786E+09
  1697.000 1.804E+09
  1697.250 1.825E+09
  1697.500 1.818E+09
  1697.750 1.796E+09
  1698.000 1.721E+09
  1698.250 1.689E+09
  1698.500 1.741E+09
  1698.750 1.688E+09
  1699.000 1.644E+09
  1699.250 1.706E+09
  1699.500 1.763E+09
  1699.750 1.802E+09
  1700.000 1.806E+09
  1700.250 1.740E+09
  1700.500 1.701E+09
  1700.750 1.693E+09
  1701.000 1.676E+09
  1701.250 1.678E+09
  1701.500 1.613E+09
  1701.750 1.647E+09
  1702.000 1.716E+09
  1702.250 1.751E+09
  1702.500 1.745E+09
  1702.750 1.746E+09
  1703.000 1.784E+09
  1703.250 1.770E+09
  1703.500 1.730E+09
  1703.750 1.747E+09
  1704.000 1.749E+09
  1704.250 1.745E+09
  1704.500 1.727E+09
  1704.750 1.696E+09
  1705.000 1.725E+09
  1705.250 1.786E+09
  1705.500 1.798E+09
  1705.750 1.755E+09
  1706.000 1.693E+09
  1706.250 1.677E+09
  1706.500 1.708E+09
  1706.750 1.748E+09
  1707.000 1.671E+09
  1707.250 1.423E+09
  1707.500 1.456E+09
  1707.750 1.694E+09
  1708.000 1.766E+09
  1708.250 1.741E+09
  1708.500 1.641E+09
  1708.750 1.658E+09
  1709.000 1.756E+09
  1709.250 1.770E+09
  1709.500 1.686E+09
  1709.750 1.496E+09
  1710.000 1.493E+09
  1710.250 1.598E+09
  1710.500 1.657E+09
  1710.750 1.725E+09
  1711.000 1.723E+09
  1711.250 1.658E+09
  1711.500 1.586E+09
  1711.750 1.618E+09
  1712.000 1.712E+09
  1712.250 1.755E+09
  1712.500 1.674E+09
  1712.750 1.589E+09
  1713.000 1.671E+09
  1713.250 1.748E+09
  1713.500 1.735E+09
  1713.750 1.698E+09
  1714.000 1.695E+09
  1714.250 1.705E+09
  1714.500 1.666E+09
  1714.750 1.630E+09
  1715.000 1.619E+09
  1715.250 1.561E+09
  1715.500 1.619E+09
  1715.750 1.635E+09
  1716.000 1.626E+09
  1716.250 1.688E+09
  1716.500 1.683E+09
  1716.750 1.610E+09
  1717.000 1.567E+09
  1717.250 1.575E+09
  1717.500 1.597E+09
  1717.750 1.592E+09
  1718.000 1.492E+09
  1718.250 1.404E+09
  1718.500 1.433E+09
  1718.750 1.541E+09
  1719.000 1.595E+09
  1719.250 1.580E+09
  1719.500 1.533E+09
  1719.750 1.575E+09
  1720.000 1.615E+09
  1720.250 1.671E+09
  1720.500 1.615E+09
  1720.750 1.543E+09
  1721.000 1.557E+09
  1721.250 1.549E+09
  1721.500 1.605E+09
  1721.750 1.646E+09
  1722.000 1.565E+09
  1722.250 1.381E+09
  1722.500 1.241E+09
  1722.750 1.281E+09
  1723.000 1.516E+09
  1723.250 1.676E+09
  1723.500 1.637E+09
  1723.750 1.511E+09
  1724.000 1.434E+09
  1724.250 1.445E+09
  1724.500 1.516E+09
  1724.750 1.605E+09
  1725.000 1.631E+09
  1725.250 1.626E+09
  1725.500 1.587E+09
  1725.750 1.602E+09
  1726.000 1.677E+09
  1726.250 1.684E+09
  1726.500 1.647E+09
  1726.750 1.655E+09
  1727.000 1.629E+09
  1727.250 1.495E+09
  1727.500 1.465E+09
  1727.750 1.590E+09
  1728.000 1.662E+09
  1728.250 1.654E+09
  1728.500 1.629E+09
  1728.750 1.626E+09
  1729.000 1.646E+09
  1729.250 1.590E+09
  1729.500 1.579E+09
  1729.750 1.629E+09
  1730.000 1.625E+09
  1730.250 1.558E+09
  1730.500 1.517E+09
  1730.750 1.537E+09
  1731.000 1.585E+09
  1731.250 1.600E+09
  1731.500 1.596E+09
  1731.750 1.641E+09
  1732.000 1.678E+09
  1732.250 1.671E+09
  1732.500 1.642E+09
  1732.750 1.599E+09
  1733.000 1.527E+09
  1733.250 1.571E+09
  1733.500 1.639E+09
  1733.750 1.603E+09
  1734.000 1.603E+09
  1734.250 1.636E+09
  1734.500 1.645E+09
  1734.750 1.635E+09
  1735.000 1.653E+09
  1735.250 1.666E+09
  1735.500 1.622E+09
  1735.750 1.578E+09
  1736.000 1.559E+09
  1736.250 1.590E+09
  1736.500 1.656E+09
  1736.750 1.695E+09
  1737.000 1.692E+09
  1737.250 1.653E+09
  1737.500 1.603E+09
  1737.750 1.610E+09
  1738.000 1.591E+09
  1738.250 1.456E+09
  1738.500 1.371E+09
  1738.750 1.366E+09
  1739.000 1.475E+09
  1739.250 1.575E+09
  1739.500 1.632E+09
  1739.750 1.622E+09
  1740.000 1.638E+09
  1740.250 1.664E+09
  1740.500 1.633E+09
  1740.750 1.549E+09
  1741.000 1.543E+09
  1741.250 1.614E+09
  1741.500 1.619E+09
  1741.750 1.528E+09
  1742.000 1.442E+09
  1742.250 1.544E+09
  1742.500 1.623E+09
  1742.750 1.594E+09
  1743.000 1.601E+09
  1743.250 1.644E+09
  1743.500 1.657E+09
  1743.750 1.653E+09
  1744.000 1.595E+09
  1744.250 1.546E+09
  1744.500 1.616E+09
  1744.750 1.653E+09
  1745.000 1.633E+09
  1745.250 1.588E+09
  1745.500 1.512E+09
  1745.750 1.534E+09
  1746.000 1.628E+09
  1746.250 1.645E+09
  1746.500 1.604E+09
  1746.750 1.520E+09
  1747.000 1.419E+09
  1747.250 1.431E+09
  1747.500 1.459E+09
  1747.750 1.377E+09
  1748.000 1.389E+09
  1748.250 1.465E+09
  1748.500 1.550E+09
  1748.750 1.598E+09
  1749.000 1.564E+09
  1749.250 1.551E+09
  1749.500 1.581E+09
  1749.750 1.611E+09
  1750.000 1.590E+09
  1750.250 1.536E+09
  1750.500 1.544E+09
  1750.750 1.580E+09
  1751.000 1.520E+09
  1751.250 1.431E+09
  1751.500 1.377E+09
  1751.750 1.377E+09
  1752.000 1.506E+09
  1752.250 1.520E+09
  1752.500 1.502E+09
  1752.750 1.474E+09
  1753.000 1.353E+09
  1753.250 1.367E+09
  1753.500 1.427E+09
  1753.750 1.533E+09
  1754.000 1.607E+09
  1754.250 1.637E+09
  1754.500 1.628E+09
  1754.750 1.614E+09
  1755.000 1.615E+09
  1755.250 1.625E+09
  1755.500 1.617E+09
  1755.750 1.610E+09
  1756.000 1.624E+09
  1756.250 1.636E+09
  1756.500 1.636E+09
  1756.750 1.615E+09
  1757.000 1.592E+09
  1757.250 1.612E+09
  1757.500 1.627E+09
  1757.750 1.617E+09
  1758.000 1.605E+09
  1758.250 1.575E+09
  1758.500 1.517E+09
  1758.750 1.535E+09
  1759.000 1.575E+09
  1759.250 1.600E+09
  1759.500 1.613E+09
  1759.750 1.606E+09
  1760.000 1.567E+09
  1760.250 1.467E+09
  1760.500 1.421E+09
  1760.750 1.502E+09
  1761.000 1.530E+09
  1761.250 1.527E+09
  1761.500 1.562E+09
  1761.750 1.575E+09
  1762.000 1.582E+09
  1762.250 1.566E+09
  1762.500 1.562E+09
  1762.750 1.578E+09
  1763.000 1.570E+09
  1763.250 1.573E+09
  1763.500 1.542E+09
  1763.750 1.508E+09
  1764.000 1.521E+09
  1764.250 1.540E+09
  1764.500 1.429E+09
  1764.750 1.352E+09
  1765.000 1.475E+09
  1765.250 1.574E+09
  1765.500 1.599E+09
  1765.750 1.594E+09
  1766.000 1.588E+09
  1766.250 1.579E+09
  1766.500 1.583E+09
  1766.750 1.597E+09
  1767.000 1.588E+09
  1767.250 1.573E+09
  1767.500 1.557E+09
  1767.750 1.484E+09
  1768.000 1.455E+09
  1768.250 1.542E+09
  1768.500 1.587E+09
  1768.750 1.593E+09
  1769.000 1.578E+09
  1769.250 1.528E+09
  1769.500 1.406E+09
  1769.750 1.383E+09
  1770.000 1.443E+09
  1770.250 1.388E+09
  1770.500 1.367E+09
  1770.750 1.460E+09
  1771.000 1.534E+09
  1771.250 1.513E+09
  1771.500 1.461E+09
  1771.750 1.477E+09
  1772.000 1.476E+09
  1772.250 1.510E+09
  1772.500 1.544E+09
  1772.750 1.533E+09
  1773.000 1.480E+09
  1773.250 1.466E+09
  1773.500 1.434E+09
  1773.750 1.392E+09
  1774.000 1.480E+09
  1774.250 1.552E+09
  1774.500 1.544E+09
  1774.750 1.539E+09
  1775.000 1.516E+09
  1775.250 1.438E+09
  1775.500 1.406E+09
  1775.750 1.316E+09
  1776.000 1.234E+09
  1776.250 1.382E+09
  1776.500 1.497E+09
  1776.750 1.469E+09
  1777.000 1.450E+09
  1777.250 1.495E+09
  1777.500 1.506E+09
  1777.750 1.465E+09
  1778.000 1.492E+09
  1778.250 1.472E+09
  1778.500 1.299E+09
  1778.750 1.170E+09
  1779.000 1.290E+09
  1779.250 1.402E+09
  1779.500 1.455E+09
  1779.750 1.498E+09
  1780.000 1.512E+09
  1780.250 1.528E+09
  1780.500 1.519E+09
  1780.750 1.499E+09
  1781.000 1.468E+09
  1781.250 1.444E+09
  1781.500 1.505E+09
  1781.750 1.539E+09
  1782.000 1.518E+09
  1782.250 1.491E+09
  1782.500 1.454E+09
  1782.750 1.335E+09
  1783.000 1.166E+09
  1783.250 1.218E+09
  1783.500 1.434E+09
  1783.750 1.515E+09
  1784.000 1.523E+09
  1784.250 1.502E+09
  1784.500 1.437E+09
  1784.750 1.397E+09
  1785.000 1.416E+09
  1785.250 1.471E+09
  1785.500 1.514E+09
  1785.750 1.528E+09
  1786.000 1.491E+09
  1786.250 1.343E+09
  1786.500 1.183E+09
  1786.750 1.253E+09
  1787.000 1.371E+09
  1787.250 1.468E+09
  1787.500 1.508E+09
  1787.750 1.502E+09
  1788.000 1.431E+09
  1788.250 1.326E+09
  1788.500 1.330E+09
  1788.750 1.414E+09
  1789.000 1.458E+09
  1789.250 1.491E+09
  1789.500 1.506E+09
  1789.750 1.499E+09
  1790.000 1.471E+09
  1790.250 1.402E+09
  1790.500 1.384E+09
  1790.750 1.396E+09
  1791.000 1.372E+09
  1791.250 1.364E+09
  1791.500 1.347E+09
  1791.750 1.385E+09
  1792.000 1.416E+09
  1792.250 1.425E+09
  1792.500 1.438E+09
  1792.750 1.424E+09
  1793.000 1.398E+09
  1793.250 1.450E+09
  1793.500 1.470E+09
  1793.750 1.410E+09
  1794.000 1.431E+09
  1794.250 1.498E+09
  1794.500 1.493E+09
  1794.750 1.413E+09
  1795.000 1.394E+09
  1795.250 1.467E+09
  1795.500 1.501E+09
  1795.750 1.498E+09
  1796.000 1.502E+09
  1796.250 1.508E+09
  1796.500 1.507E+09
  1796.750 1.481E+09
  1797.000 1.462E+09
  1797.250 1.490E+09
  1797.500 1.496E+09
  1797.750 1.479E+09
  1798.000 1.462E+09
  1798.250 1.430E+09
  1798.500 1.427E+09
  1798.750 1.473E+09
  1799.000 1.496E+09
  1799.250 1.502E+09
  1799.500 1.499E+09
  1799.750 1.482E+09
  1800.000 1.452E+09
  1800.250 1.469E+09
  1800.500 1.494E+09
  1800.750 1.500E+09
  1801.000 1.493E+09
  1801.250 1.450E+09
  1801.500 1.376E+09
  1801.750 1.369E+09
  1802.000 1.443E+09
  1802.250 1.493E+09
  1802.500 1.484E+09
  1802.750 1.457E+09
  1803.000 1.438E+09
  1803.250 1.426E+09
  1803.500 1.453E+09
  1803.750 1.488E+09
  1804.000 1.480E+09
  1804.250 1.426E+09
  1804.500 1.408E+09
  1804.750 1.461E+09
  1805.000 1.461E+09
  1805.250 1.401E+09
  1805.500 1.398E+09
  1805.750 1.445E+09
  1806.000 1.472E+09
  1806.250 1.458E+09
  1806.500 1.429E+09
  1806.750 1.438E+09
  1807.000 1.398E+09
  1807.250 1.355E+09
  1807.500 1.405E+09
  1807.750 1.430E+09
  1808.000 1.411E+09
  1808.250 1.411E+09
  1808.500 1.449E+09
  1808.750 1.471E+09
  1809.000 1.458E+09
  1809.250 1.409E+09
  1809.500 1.400E+09
  1809.750 1.416E+09
  1810.000 1.413E+09
  1810.250 1.389E+09
  1810.500 1.362E+09
  1810.750 1.418E+09
  1811.000 1.440E+09
  1811.250 1.398E+09
  1811.500 1.314E+09
  1811.750 1.239E+09
  1812.000 1.294E+09
  1812.250 1.371E+09
  1812.500 1.360E+09
  1812.750 1.297E+09
  1813.000 1.296E+09
  1813.250 1.380E+09
  1813.500 1.429E+09
  1813.750 1.415E+09
  1814.000 1.421E+09
  1814.250 1.447E+09
  1814.500 1.461E+09
  1814.750 1.446E+09
  1815.000 1.359E+09
  1815.250 1.250E+09
  1815.500 1.283E+09
  1815.750 1.288E+09
  1816.000 1.263E+09
  1816.250 1.345E+09
  1816.500 1.403E+09
  1816.750 1.396E+09
  1817.000 1.395E+09
  1817.250 1.388E+09
  1817.500 1.317E+09
  1817.750 1.336E+09
  1818.000 1.425E+09
  1818.250 1.455E+09
  1818.500 1.454E+09
  1818.750 1.444E+09
  1819.000 1.383E+09
  1819.250 1.266E+09
  1819.500 1.248E+09
  1819.750 1.301E+09
  1820.000 1.346E+09
  1820.250 1.347E+09
  1820.500 1.336E+09
  1820.750 1.382E+09
  1821.000 1.397E+09
  1821.250 1.407E+09
  1821.500 1.405E+09
  1821.750 1.348E+09
  1822.000 1.303E+09
  1822.250 1.334E+09
  1822.500 1.394E+09
  1822.750 1.367E+09
  1823.000 1.283E+09
  1823.250 1.333E+09
  1823.500 1.398E+09
  1823.750 1.405E+09
  1824.000 1.419E+09
  1824.250 1.432E+09
  1824.500 1.404E+09
  1824.750 1.358E+09
  1825.000 1.338E+09
  1825.250 1.375E+09
  1825.500 1.419E+09
  1825.750 1.410E+09
  1826.000 1.341E+09
  1826.250 1.297E+09
  1826.500 1.360E+09
  1826.750 1.397E+09
  1827.000 1.399E+09
  1827.250 1.404E+09
  1827.500 1.405E+09
  1827.750 1.389E+09
  1828.000 1.350E+09
  1828.250 1.359E+09
  1828.500 1.384E+09
  1828.750 1.376E+09
  1829.000 1.344E+09
  1829.250 1.341E+09
  1829.500 1.374E+09
  1829.750 1.296E+09
  1830.000 1.165E+09
  1830.250 1.228E+09
  1830.500 1.285E+09
  1830.750 1.292E+09
  1831.000 1.343E+09
  1831.250 1.352E+09
  1831.500 1.344E+09
  1831.750 1.374E+09
  1832.000 1.394E+09
  1832.250 1.394E+09
  1832.500 1.373E+09
  1832.750 1.363E+09
  1833.000 1.358E+09
  1833.250 1.358E+09
  1833.500 1.362E+09
  1833.750 1.350E+09
  1834.000 1.341E+09
  1834.250 1.358E+09
  1834.500 1.383E+09
  1834.750 1.332E+09
  1835.000 1.300E+09
  1835.250 1.360E+09
  1835.500 1.395E+09
  1835.750 1.401E+09
  1836.000 1.396E+09
  1836.250 1.386E+09
  1836.500 1.379E+09
  1836.750 1.355E+09
  1837.000 1.360E+09
  1837.250 1.348E+09
  1837.500 1.261E+09
  1837.750 1.248E+09
  1838.000 1.287E+09
  1838.250 1.246E+09
  1838.500 1.239E+09
  1838.750 1.287E+09
  1839.000 1.357E+09
  1839.250 1.378E+09
  1839.500 1.366E+09
  1839.750 1.358E+09
  1840.000 1.307E+09
  1840.250 1.269E+09
  1840.500 1.312E+09
  1840.750 1.350E+09
  1841.000 1.348E+09
  1841.250 1.271E+09
  1841.500 1.202E+09
  1841.750 1.283E+09
  1842.000 1.329E+09
  1842.250 1.272E+09
  1842.500 1.149E+09
  1842.750 1.146E+09
  1843.000 1.186E+09
  1843.250 1.161E+09
  1843.500 1.129E+09
  1843.750 1.224E+09
  1844.000 1.222E+09
  1844.250 1.180E+09
  1844.500 1.190E+09
  1844.750 1.226E+09
  1845.000 1.218E+09
  1845.250 1.159E+09
  1845.500 1.138E+09
  1845.750 1.253E+09
  1846.000 1.333E+09
  1846.250 1.337E+09
  1846.500 1.337E+09
  1846.750 1.296E+09
  1847.000 1.210E+09
  1847.250 1.172E+09
  1847.500 1.238E+09
  1847.750 1.289E+09
  1848.000 1.271E+09
  1848.250 1.260E+09
  1848.500 1.282E+09
  1848.750 1.301E+09
  1849.000 1.253E+09
  1849.250 1.084E+09
  1849.500 1.001E+09
  1849.750 1.014E+09
  1850.000 7.546E+08
