   850.000 1.475E+10
   850.250 1.455E+10
   850.500 1.407E+10
   850.750 1.417E+10
   851.000 1.462E+10
   851.250 1.472E+10
   851.500 1.468E+10
   851.750 1.436E+10
   852.000 1.326E+10
   852.250 1.281E+10
   852.500 1.394E+10
   852.750 1.458E+10
   853.000 1.468E+10
   853.250 1.469E+10
   853.500 1.469E+10
   853.750 1.468E+10
   854.000 1.465E+10
   854.250 1.455E+10
   854.500 1.396E+10
   854.750 1.292E+10
   855.000 1.332E+10
   855.250 1.431E+10
   855.500 1.456E+10
   855.750 1.456E+10
   856.000 1.458E+10
   856.250 1.459E+10
   856.500 1.458E+10
   856.750 1.457E+10
   857.000 1.456E+10
   857.250 1.448E+10
   857.500 1.402E+10
   857.750 1.286E+10
   858.000 1.284E+10
   858.250 1.396E+10
   858.500 1.440E+10
   858.750 1.447E+10
   859.000 1.448E+10
   859.250 1.448E+10
   859.500 1.446E+10
   859.750 1.445E+10
   860.000 1.446E+10
   860.250 1.441E+10
   860.500 1.429E+10
   860.750 1.433E+10
   861.000 1.436E+10
   861.250 1.437E+10
   861.500 1.441E+10
   861.750 1.441E+10
   862.000 1.442E+10
   862.250 1.442E+10
   862.500 1.442E+10
   862.750 1.441E+10
   863.000 1.439E+10
   863.250 1.437E+10
   863.500 1.437E+10
   863.750 1.437E+10
   864.000 1.436E+10
   864.250 1.436E+10
   864.500 1.436E+10
   864.750 1.434E+10
   865.000 1.425E+10
   865.250 1.386E+10
   865.500 1.358E+10
   865.750 1.401E+10
   866.000 1.428E+10
   866.250 1.430E+10
   866.500 1.428E+10
   866.750 1.423E+10
   867.000 1.424E+10
   867.250 1.427E+10
   867.500 1.426E+10
   867.750 1.425E+10
   868.000 1.425E+10
   868.250 1.424E+10
   868.500 1.423E+10
   868.750 1.423E+10
   869.000 1.422E+10
   869.250 1.421E+10
   869.500 1.421E+10
   869.750 1.420E+10
   870.000 1.419E+10
   870.250 1.418E+10
   870.500 1.417E+10
   870.750 1.414E+10
   871.000 1.389E+10
   871.250 1.308E+10
   871.500 1.291E+10
   871.750 1.369E+10
   872.000 1.402E+10
   872.250 1.408E+10
   872.500 1.410E+10
   872.750 1.411E+10
   873.000 1.410E+10
   873.250 1.408E+10
   873.500 1.407E+10
   873.750 1.407E+10
   874.000 1.407E+10
   874.250 1.406E+10
   874.500 1.405E+10
   874.750 1.401E+10
   875.000 1.390E+10
   875.250 1.388E+10
   875.500 1.396E+10
   875.750 1.400E+10
   876.000 1.401E+10
   876.250 1.400E+10
   876.500 1.399E+10
   876.750 1.398E+10
   877.000 1.394E+10
   877.250 1.375E+10
   877.500 1.358E+10
   877.750 1.379E+10
   878.000 1.393E+10
   878.250 1.393E+10
   878.500 1.390E+10
   878.750 1.386E+10
   879.000 1.389E+10
   879.250 1.390E+10
   879.500 1.389E+10
   879.750 1.388E+10
   880.000 1.388E+10
   880.250 1.388E+10
   880.500 1.387E+10
   880.750 1.386E+10
   881.000 1.385E+10
   881.250 1.384E+10
   881.500 1.384E+10
   881.750 1.383E+10
   882.000 1.382E+10
   882.250 1.381E+10
   882.500 1.380E+10
   882.750 1.360E+10
   883.000 1.297E+10
   883.250 1.267E+10
   883.500 1.282E+10
   883.750 1.327E+10
   884.000 1.357E+10
   884.250 1.304E+10
   884.500 1.246E+10
   884.750 1.310E+10
   885.000 1.364E+10
   885.250 1.369E+10
   885.500 1.346E+10
   885.750 1.314E+10
   886.000 1.338E+10
   886.250 1.365E+10
   886.500 1.369E+10
   886.750 1.369E+10
   887.000 1.367E+10
   887.250 1.365E+10
   887.500 1.364E+10
   887.750 1.365E+10
   888.000 1.365E+10
   888.250 1.364E+10
   888.500 1.363E+10
   888.750 1.362E+10
   889.000 1.360E+10
   889.250 1.361E+10
   889.500 1.360E+10
   889.750 1.359E+10
   890.000 1.359E+10
   890.250 1.359E+10
   890.500 1.358E+10
   890.750 1.356E+10
   891.000 1.355E+10
   891.250 1.354E+10
   891.500 1.353E+10
   891.750 1.354E+10
   892.000 1.353E+10
   892.250 1.352E+10
   892.500 1.351E+10
   892.750 1.350E+10
   893.000 1.350E+10
   893.250 1.350E+10
   893.500 1.349E+10
   893.750 1.345E+10
   894.000 1.319E+10
   894.250 1.256E+10
   894.500 1.262E+10
   894.750 1.284E+10
   895.000 1.287E+10
   895.250 1.324E+10
   895.500 1.340E+10
   895.750 1.342E+10
   896.000 1.342E+10
   896.250 1.341E+10
   896.500 1.340E+10
   896.750 1.340E+10
   897.000 1.339E+10
   897.250 1.338E+10
   897.500 1.337E+10
   897.750 1.336E+10
   898.000 1.336E+10
   898.250 1.334E+10
   898.500 1.319E+10
   898.750 1.257E+10
   899.000 1.216E+10
   899.250 1.282E+10
   899.500 1.324E+10
   899.750 1.329E+10
   900.000 1.318E+10
   900.250 1.281E+10
   900.500 1.273E+10
   900.750 1.275E+10
   901.000 1.243E+10
   901.250 1.253E+10
   901.500 1.292E+10
   901.750 1.289E+10
   902.000 1.298E+10
   902.250 1.312E+10
   902.500 1.301E+10
   902.750 1.267E+10
   903.000 1.277E+10
   903.250 1.310E+10
   903.500 1.314E+10
   903.750 1.305E+10
   904.000 1.291E+10
   904.250 1.293E+10
   904.500 1.307E+10
   904.750 1.314E+10
   905.000 1.316E+10
   905.250 1.314E+10
   905.500 1.302E+10
   905.750 1.263E+10
   906.000 1.258E+10
   906.250 1.297E+10
   906.500 1.311E+10
   906.750 1.312E+10
   907.000 1.311E+10
   907.250 1.310E+10
   907.500 1.309E+10
   907.750 1.307E+10
   908.000 1.303E+10
   908.250 1.304E+10
   908.500 1.306E+10
   908.750 1.306E+10
   909.000 1.305E+10
   909.250 1.304E+10
   909.500 1.304E+10
   909.750 1.303E+10
   910.000 1.303E+10
   910.250 1.302E+10
   910.500 1.301E+10
   910.750 1.300E+10
   911.000 1.299E+10
   911.250 1.298E+10
   911.500 1.291E+10
   911.750 1.277E+10
   912.000 1.263E+10
   912.250 1.255E+10
   912.500 1.252E+10
   912.750 1.251E+10
   913.000 1.250E+10
   913.250 1.249E+10
   913.500 1.248E+10
   913.750 1.247E+10
   914.000 1.245E+10
   914.250 1.244E+10
   914.500 1.243E+10
   914.750 1.242E+10
   915.000 1.243E+10
   915.250 1.242E+10
   915.500 1.239E+10
   915.750 1.237E+10
   916.000 1.236E+10
   916.250 1.239E+10
   916.500 1.237E+10
   916.750 1.235E+10
   917.000 1.243E+10
   917.250 1.248E+10
   917.500 1.254E+10
   917.750 1.250E+10
   918.000 1.254E+10
   918.250 1.246E+10
   918.500 1.256E+10
   918.750 1.258E+10
   919.000 1.245E+10
   919.250 1.256E+10
   919.500 1.254E+10
   919.750 1.264E+10
   920.000 1.302E+10
   920.250 1.296E+10
   920.500 1.242E+10
   920.750 1.213E+10
   921.000 1.222E+10
   921.250 1.245E+10
   921.500 1.242E+10
   921.750 1.182E+10
   922.000 1.104E+10
   922.250 1.115E+10
   922.500 1.045E+10
   922.750 9.937E+09
   923.000 8.918E+09
   923.250 8.648E+09
   923.500 9.660E+09
   923.750 1.069E+10
   924.000 1.138E+10
   924.250 1.119E+10
   924.500 1.304E+10
   924.750 1.475E+10
   925.000 1.484E+10
   925.250 1.419E+10
   925.500 1.308E+10
   925.750 1.162E+10
   926.000 1.053E+10
   926.250 1.027E+10
   926.500 1.100E+10
   926.750 1.231E+10
   927.000 1.369E+10
   927.250 1.491E+10
   927.500 1.552E+10
   927.750 1.523E+10
   928.000 1.609E+10
   928.250 1.766E+10
   928.500 1.807E+10
   928.750 1.774E+10
   929.000 1.739E+10
   929.250 1.682E+10
   929.500 1.583E+10
   929.750 1.456E+10
   930.000 1.303E+10
   930.250 1.132E+10
   930.500 1.000E+10
   930.750 9.569E+09
   931.000 1.025E+10
   931.250 1.165E+10
   931.500 1.320E+10
   931.750 1.471E+10
   932.000 1.612E+10
   932.250 1.740E+10
   932.500 1.853E+10
   932.750 1.947E+10
   933.000 1.973E+10
   933.250 1.825E+10
   933.500 1.757E+10
   933.750 2.018E+10
   934.000 2.201E+10
   934.250 2.244E+10
   934.500 2.245E+10
   934.750 2.227E+10
   935.000 2.195E+10
   935.250 2.145E+10
   935.500 2.077E+10
   935.750 1.991E+10
   936.000 1.888E+10
   936.250 1.770E+10
   936.500 1.637E+10
   936.750 1.490E+10
   937.000 1.326E+10
   937.250 1.142E+10
   937.500 9.855E+09
   937.750 9.152E+09
   938.000 9.623E+09
   938.250 1.100E+10
   938.500 1.263E+10
   938.750 1.423E+10
   939.000 1.574E+10
   939.250 1.716E+10
   939.500 1.847E+10
   939.750 1.968E+10
   940.000 2.076E+10
   940.250 2.173E+10
   940.500 2.260E+10
   940.750 2.337E+10
   941.000 2.402E+10
   941.250 2.456E+10
   941.500 2.499E+10
   941.750 2.517E+10
   942.000 2.452E+10
   942.250 2.142E+10
   942.500 1.836E+10
   942.750 2.125E+10
   943.000 2.508E+10
   943.250 2.644E+10
   943.500 2.683E+10
   943.750 2.698E+10
   944.000 2.703E+10
   944.250 2.700E+10
   944.500 2.692E+10
   944.750 2.678E+10
   945.000 2.657E+10
   945.250 2.623E+10
   945.500 2.584E+10
   945.750 2.554E+10
   946.000 2.514E+10
   946.250 2.464E+10
   946.500 2.408E+10
   946.750 2.340E+10
   947.000 2.262E+10
   947.250 2.170E+10
   947.500 2.033E+10
   947.750 1.826E+10
   948.000 1.594E+10
   948.250 1.477E+10
   948.500 1.478E+10
   948.750 1.392E+10
   949.000 1.226E+10
   949.250 1.022E+10
   949.500 8.867E+09
   949.750 8.705E+09
   950.000 9.570E+09
   950.250 1.096E+10
   950.500 1.208E+10
   950.750 1.353E+10
   951.000 1.556E+10
   951.250 1.717E+10
   951.500 1.848E+10
   951.750 1.966E+10
   952.000 2.074E+10
   952.250 2.172E+10
   952.500 2.260E+10
   952.750 2.339E+10
   953.000 2.409E+10
   953.250 2.471E+10
   953.500 2.525E+10
   953.750 2.571E+10
   954.000 2.607E+10
   954.250 2.636E+10
   954.500 2.644E+10
   954.750 2.577E+10
   955.000 2.270E+10
   955.250 1.800E+10
   955.500 1.943E+10
   955.750 2.465E+10
   956.000 2.718E+10
   956.250 2.797E+10
   956.500 2.829E+10
   956.750 2.845E+10
   957.000 2.854E+10
   957.250 2.855E+10
   957.500 2.841E+10
   957.750 2.805E+10
   958.000 2.714E+10
   958.250 2.453E+10
   958.500 1.938E+10
   958.750 1.717E+10
   959.000 2.169E+10
   959.250 2.602E+10
   959.500 2.784E+10
   959.750 2.854E+10
   960.000 2.880E+10
   960.250 2.888E+10
   960.500 2.902E+10
   960.750 2.923E+10
   961.000 2.934E+10
   961.250 2.939E+10
   961.500 2.941E+10
   961.750 2.936E+10
   962.000 2.931E+10
   962.250 2.932E+10
   962.500 2.925E+10
   962.750 2.904E+10
   963.000 2.904E+10
   963.250 2.919E+10
   963.500 2.921E+10
   963.750 2.916E+10
   964.000 2.909E+10
   964.250 2.903E+10
   964.500 2.895E+10
   964.750 2.887E+10
   965.000 2.878E+10
   965.250 2.867E+10
   965.500 2.855E+10
   965.750 2.842E+10
   966.000 2.828E+10
   966.250 2.811E+10
   966.500 2.792E+10
   966.750 2.773E+10
   967.000 2.749E+10
   967.250 2.721E+10
   967.500 2.693E+10
   967.750 2.661E+10
   968.000 2.626E+10
   968.250 2.584E+10
   968.500 2.519E+10
   968.750 2.455E+10
   969.000 2.421E+10
   969.250 2.364E+10
   969.500 2.290E+10
   969.750 2.222E+10
   970.000 2.143E+10
   970.250 2.050E+10
   970.500 1.951E+10
   970.750 1.855E+10
   971.000 1.754E+10
   971.250 1.640E+10
   971.500 1.511E+10
   971.750 1.338E+10
   972.000 1.111E+10
   972.250 9.365E+09
   972.500 8.719E+09
   972.750 9.487E+09
   973.000 1.102E+10
   973.250 1.265E+10
   973.500 1.462E+10
   973.750 1.630E+10
   974.000 1.764E+10
   974.250 1.883E+10
   974.500 1.990E+10
   974.750 2.086E+10
   975.000 2.170E+10
   975.250 2.243E+10
   975.500 2.306E+10
   975.750 2.360E+10
   976.000 2.398E+10
   976.250 2.403E+10
   976.500 2.294E+10
   976.750 1.885E+10
   977.000 1.486E+10
   977.250 1.741E+10
   977.500 2.061E+10
   977.750 2.207E+10
   978.000 2.397E+10
   978.250 2.608E+10
   978.500 2.691E+10
   978.750 2.715E+10
   979.000 2.720E+10
   979.250 2.634E+10
   979.500 2.275E+10
   979.750 1.738E+10
   980.000 1.869E+10
   980.250 2.514E+10
   980.500 2.775E+10
   980.750 2.811E+10
   981.000 2.813E+10
   981.250 2.805E+10
   981.500 2.808E+10
   981.750 2.805E+10
   982.000 2.757E+10
   982.250 2.760E+10
   982.500 2.798E+10
   982.750 2.799E+10
   983.000 2.820E+10
   983.250 2.833E+10
   983.500 2.827E+10
   983.750 2.816E+10
   984.000 2.817E+10
   984.250 2.825E+10
   984.500 2.792E+10
   984.750 2.609E+10
   985.000 2.497E+10
   985.250 2.678E+10
   985.500 2.672E+10
   985.750 2.509E+10
   986.000 2.537E+10
   986.250 2.691E+10
   986.500 2.800E+10
   986.750 2.822E+10
   987.000 2.822E+10
   987.250 2.812E+10
   987.500 2.791E+10
   987.750 2.752E+10
   988.000 2.673E+10
   988.250 2.461E+10
   988.500 2.124E+10
   988.750 2.115E+10
   989.000 2.397E+10
   989.250 2.486E+10
   989.500 2.303E+10
   989.750 1.982E+10
   990.000 2.174E+10
   990.250 2.522E+10
   990.500 2.660E+10
   990.750 2.662E+10
   991.000 2.579E+10
   991.250 2.246E+10
   991.500 1.736E+10
   991.750 1.755E+10
   992.000 1.782E+10
   992.250 1.442E+10
   992.500 1.479E+10
   992.750 1.933E+10
   993.000 2.277E+10
   993.250 2.466E+10
   993.500 2.573E+10
   993.750 2.620E+10
   994.000 2.606E+10
   994.250 2.576E+10
   994.500 2.634E+10
   994.750 2.692E+10
   995.000 2.698E+10
   995.250 2.688E+10
   995.500 2.718E+10
   995.750 2.742E+10
   996.000 2.747E+10
   996.250 2.745E+10
   996.500 2.705E+10
   996.750 2.616E+10
   997.000 2.628E+10
   997.250 2.633E+10
   997.500 2.499E+10
   997.750 2.526E+10
   998.000 2.686E+10
   998.250 2.741E+10
   998.500 2.741E+10
   998.750 2.737E+10
   999.000 2.739E+10
   999.250 2.740E+10
   999.500 2.740E+10
   999.750 2.735E+10
  1000.000 2.693E+10
  1000.250 2.593E+10
  1000.500 2.603E+10
  1000.750 2.698E+10
  1001.000 2.726E+10
  1001.250 2.712E+10
  1001.500 2.598E+10
  1001.750 2.389E+10
  1002.000 2.176E+10
  1002.250 2.114E+10
  1002.500 2.247E+10
  1002.750 2.217E+10
  1003.000 2.190E+10
  1003.250 2.285E+10
  1003.500 2.506E+10
  1003.750 2.637E+10
  1004.000 2.659E+10
  1004.250 2.671E+10
  1004.500 2.653E+10
  1004.750 2.662E+10
  1005.000 2.679E+10
  1005.250 2.663E+10
  1005.500 2.596E+10
  1005.750 2.369E+10
  1006.000 2.097E+10
  1006.250 2.243E+10
  1006.500 2.514E+10
  1006.750 2.615E+10
  1007.000 2.628E+10
  1007.250 2.645E+10
  1007.500 2.559E+10
  1007.750 2.293E+10
  1008.000 2.120E+10
  1008.250 2.184E+10
  1008.500 2.377E+10
  1008.750 2.512E+10
  1009.000 2.532E+10
  1009.250 2.602E+10
  1009.500 2.631E+10
  1009.750 2.609E+10
  1010.000 2.557E+10
  1010.250 2.473E+10
  1010.500 2.453E+10
  1010.750 2.556E+10
  1011.000 2.616E+10
  1011.250 2.620E+10
  1011.500 2.609E+10
  1011.750 2.602E+10
  1012.000 2.574E+10
  1012.250 2.511E+10
  1012.500 2.496E+10
  1012.750 2.485E+10
  1013.000 2.452E+10
  1013.250 2.488E+10
  1013.500 2.522E+10
  1013.750 2.476E+10
  1014.000 2.468E+10
  1014.250 2.520E+10
  1014.500 2.528E+10
  1014.750 2.446E+10
  1015.000 2.409E+10
  1015.250 2.474E+10
  1015.500 2.502E+10
  1015.750 2.520E+10
  1016.000 2.523E+10
  1016.250 2.496E+10
  1016.500 2.482E+10
  1016.750 2.492E+10
  1017.000 2.494E+10
  1017.250 2.490E+10
  1017.500 2.481E+10
  1017.750 2.461E+10
  1018.000 2.422E+10
  1018.250 2.406E+10
  1018.500 2.424E+10
  1018.750 2.427E+10
  1019.000 2.420E+10
  1019.250 2.406E+10
  1019.500 2.388E+10
  1019.750 2.361E+10
  1020.000 2.306E+10
  1020.250 2.196E+10
  1020.500 2.156E+10
  1020.750 2.220E+10
  1021.000 2.227E+10
  1021.250 2.194E+10
  1021.500 2.164E+10
  1021.750 2.136E+10
  1022.000 2.079E+10
  1022.250 1.999E+10
  1022.500 1.960E+10
  1022.750 1.929E+10
  1023.000 1.874E+10
  1023.250 1.806E+10
  1023.500 1.730E+10
  1023.750 1.644E+10
  1024.000 1.554E+10
  1024.250 1.459E+10
  1024.500 1.352E+10
  1024.750 1.233E+10
  1025.000 1.076E+10
  1025.250 9.038E+09
  1025.500 7.981E+09
  1025.750 7.736E+09
  1026.000 8.790E+09
  1026.250 1.030E+10
  1026.500 1.160E+10
  1026.750 1.274E+10
  1027.000 1.380E+10
  1027.250 1.480E+10
  1027.500 1.568E+10
  1027.750 1.632E+10
  1028.000 1.658E+10
  1028.250 1.740E+10
  1028.500 1.856E+10
  1028.750 1.929E+10
  1029.000 1.981E+10
  1029.250 2.025E+10
  1029.500 2.056E+10
  1029.750 2.067E+10
  1030.000 2.092E+10
  1030.250 2.064E+10
  1030.500 1.994E+10
  1030.750 2.094E+10
  1031.000 2.175E+10
  1031.250 2.217E+10
  1031.500 2.268E+10
  1031.750 2.293E+10
  1032.000 2.307E+10
  1032.250 2.317E+10
  1032.500 2.323E+10
  1032.750 2.263E+10
  1033.000 2.072E+10
  1033.250 2.010E+10
  1033.500 2.163E+10
  1033.750 2.275E+10
  1034.000 2.313E+10
  1034.250 2.325E+10
  1034.500 2.309E+10
  1034.750 2.305E+10
  1035.000 2.279E+10
  1035.250 2.214E+10
  1035.500 2.166E+10
  1035.750 2.203E+10
  1036.000 2.117E+10
  1036.250 2.058E+10
  1036.500 2.225E+10
  1036.750 2.295E+10
  1037.000 2.221E+10
  1037.250 2.275E+10
  1037.500 2.366E+10
  1037.750 2.346E+10
  1038.000 2.337E+10
  1038.250 2.370E+10
  1038.500 2.330E+10
  1038.750 2.274E+10
  1039.000 2.262E+10
  1039.250 2.348E+10
  1039.500 2.405E+10
  1039.750 2.398E+10
  1040.000 2.371E+10
  1040.250 2.380E+10
  1040.500 2.405E+10
  1040.750 2.413E+10
  1041.000 2.412E+10
  1041.250 2.407E+10
  1041.500 2.404E+10
  1041.750 2.401E+10
  1042.000 2.399E+10
  1042.250 2.384E+10
  1042.500 2.359E+10
  1042.750 2.375E+10
  1043.000 2.392E+10
  1043.250 2.377E+10
  1043.500 2.351E+10
  1043.750 2.354E+10
  1044.000 2.385E+10
  1044.250 2.393E+10
  1044.500 2.387E+10
  1044.750 2.356E+10
  1045.000 2.276E+10
  1045.250 2.175E+10
  1045.500 2.184E+10
  1045.750 2.259E+10
  1046.000 2.236E+10
  1046.250 2.107E+10
  1046.500 2.156E+10
  1046.750 2.310E+10
  1047.000 2.349E+10
  1047.250 2.311E+10
  1047.500 2.294E+10
  1047.750 2.325E+10
  1048.000 2.342E+10
  1048.250 2.326E+10
  1048.500 2.304E+10
  1048.750 2.296E+10
  1049.000 2.315E+10
  1049.250 2.279E+10
  1049.500 2.242E+10
  1049.750 2.285E+10
  1050.000 2.313E+10
  1050.250 2.277E+10
  1050.500 2.262E+10
  1050.750 2.281E+10
  1051.000 2.291E+10
  1051.250 2.296E+10
  1051.500 2.247E+10
  1051.750 2.262E+10
  1052.000 2.324E+10
  1052.250 2.343E+10
  1052.500 2.344E+10
  1052.750 2.342E+10
  1053.000 2.338E+10
  1053.250 2.335E+10
  1053.500 2.335E+10
  1053.750 2.332E+10
  1054.000 2.328E+10
  1054.250 2.325E+10
  1054.500 2.316E+10
  1054.750 2.308E+10
  1055.000 2.298E+10
  1055.250 2.303E+10
  1055.500 2.306E+10
  1055.750 2.284E+10
  1056.000 2.251E+10
  1056.250 2.240E+10
  1056.500 2.261E+10
  1056.750 2.301E+10
  1057.000 2.309E+10
  1057.250 2.308E+10
  1057.500 2.306E+10
  1057.750 2.291E+10
  1058.000 2.260E+10
  1058.250 2.227E+10
  1058.500 2.256E+10
  1058.750 2.291E+10
  1059.000 2.296E+10
  1059.250 2.276E+10
  1059.500 2.203E+10
  1059.750 2.155E+10
  1060.000 2.230E+10
  1060.250 2.245E+10
  1060.500 2.160E+10
  1060.750 2.158E+10
  1061.000 2.236E+10
  1061.250 2.237E+10
  1061.500 2.126E+10
  1061.750 1.911E+10
  1062.000 1.732E+10
  1062.250 1.685E+10
  1062.500 1.684E+10
  1062.750 1.746E+10
  1063.000 2.003E+10
  1063.250 2.179E+10
  1063.500 2.232E+10
  1063.750 2.233E+10
  1064.000 2.234E+10
  1064.250 2.240E+10
  1064.500 2.210E+10
  1064.750 2.211E+10
  1065.000 2.233E+10
  1065.250 2.219E+10
  1065.500 2.187E+10
  1065.750 2.162E+10
  1066.000 2.113E+10
  1066.250 1.936E+10
  1066.500 1.591E+10
  1066.750 1.585E+10
  1067.000 1.921E+10
  1067.250 2.048E+10
  1067.500 1.892E+10
  1067.750 1.631E+10
  1068.000 1.722E+10
  1068.250 1.995E+10
  1068.500 2.122E+10
  1068.750 2.165E+10
  1069.000 2.179E+10
  1069.250 2.172E+10
  1069.500 2.154E+10
  1069.750 2.143E+10
  1070.000 2.131E+10
  1070.250 2.158E+10
  1070.500 2.190E+10
  1070.750 2.208E+10
  1071.000 2.217E+10
  1071.250 2.215E+10
  1071.500 2.204E+10
  1071.750 2.191E+10
  1072.000 2.165E+10
  1072.250 2.146E+10
  1072.500 2.141E+10
  1072.750 1.983E+10
  1073.000 1.797E+10
  1073.250 1.865E+10
  1073.500 1.904E+10
  1073.750 2.056E+10
  1074.000 2.159E+10
  1074.250 2.117E+10
  1074.500 2.106E+10
  1074.750 2.155E+10
  1075.000 2.166E+10
  1075.250 2.163E+10
  1075.500 2.176E+10
  1075.750 2.182E+10
  1076.000 2.178E+10
  1076.250 2.162E+10
  1076.500 2.135E+10
  1076.750 2.126E+10
  1077.000 2.121E+10
  1077.250 2.128E+10
  1077.500 2.145E+10
  1077.750 2.135E+10
  1078.000 2.113E+10
  1078.250 2.090E+10
  1078.500 1.965E+10
  1078.750 1.873E+10
  1079.000 1.974E+10
  1079.250 1.967E+10
  1079.500 1.966E+10
  1079.750 2.076E+10
  1080.000 2.116E+10
  1080.250 2.105E+10
  1080.500 2.048E+10
  1080.750 1.905E+10
  1081.000 1.805E+10
  1081.250 1.910E+10
  1081.500 1.997E+10
  1081.750 2.018E+10
  1082.000 2.009E+10
  1082.250 1.999E+10
  1082.500 1.978E+10
  1082.750 1.905E+10
  1083.000 1.870E+10
  1083.250 1.831E+10
  1083.500 1.764E+10
  1083.750 1.717E+10
  1084.000 1.610E+10
  1084.250 1.462E+10
  1084.500 1.282E+10
  1084.750 1.034E+10
  1085.000 9.523E+09
  1085.250 1.161E+10
  1085.500 1.385E+10
  1085.750 1.548E+10
  1086.000 1.670E+10
  1086.250 1.736E+10
  1086.500 1.787E+10
  1086.750 1.833E+10
  1087.000 1.927E+10
  1087.250 1.988E+10
  1087.500 2.011E+10
  1087.750 2.012E+10
  1088.000 2.005E+10
  1088.250 2.021E+10
  1088.500 2.022E+10
  1088.750 2.029E+10
  1089.000 2.042E+10
  1089.250 2.023E+10
  1089.500 1.975E+10
  1089.750 2.005E+10
  1090.000 2.060E+10
  1090.250 2.073E+10
  1090.500 2.061E+10
  1090.750 2.018E+10
  1091.000 1.987E+10
  1091.250 2.006E+10
  1091.500 2.024E+10
  1091.750 2.045E+10
  1092.000 2.030E+10
  1092.250 2.025E+10
  1092.500 2.018E+10
  1092.750 2.004E+10
  1093.000 2.025E+10
  1093.250 2.003E+10
  1093.500 1.976E+10
  1093.750 2.032E+10
  1094.000 2.064E+10
  1094.250 2.066E+10
  1094.500 2.063E+10
  1094.750 2.057E+10
  1095.000 2.060E+10
  1095.250 2.061E+10
  1095.500 2.056E+10
  1095.750 2.059E+10
  1096.000 2.063E+10
  1096.250 2.061E+10
  1096.500 2.039E+10
  1096.750 2.011E+10
  1097.000 2.029E+10
  1097.250 2.053E+10
  1097.500 2.055E+10
  1097.750 2.054E+10
  1098.000 2.049E+10
  1098.250 2.040E+10
  1098.500 2.044E+10
  1098.750 2.045E+10
  1099.000 2.039E+10
  1099.250 2.035E+10
  1099.500 2.006E+10
  1099.750 1.955E+10
  1100.000 1.974E+10
  1100.250 2.025E+10
  1100.500 2.036E+10
  1100.750 2.037E+10
  1101.000 2.035E+10
  1101.250 2.011E+10
  1101.500 1.962E+10
  1101.750 1.939E+10
  1102.000 1.963E+10
  1102.250 2.010E+10
  1102.500 2.024E+10
  1102.750 2.023E+10
  1103.000 2.020E+10
  1103.250 2.010E+10
  1103.500 2.004E+10
  1103.750 2.011E+10
  1104.000 1.989E+10
  1104.250 1.914E+10
  1104.500 1.876E+10
  1104.750 1.938E+10
  1105.000 1.990E+10
  1105.250 2.000E+10
  1105.500 1.990E+10
  1105.750 1.959E+10
  1106.000 1.905E+10
  1106.250 1.897E+10
  1106.500 1.918E+10
  1106.750 1.909E+10
  1107.000 1.870E+10
  1107.250 1.720E+10
  1107.500 1.411E+10
  1107.750 1.210E+10
  1108.000 1.281E+10
  1108.250 1.560E+10
  1108.500 1.782E+10
  1108.750 1.906E+10
  1109.000 1.951E+10
  1109.250 1.956E+10
  1109.500 1.938E+10
  1109.750 1.889E+10
  1110.000 1.862E+10
  1110.250 1.917E+10
  1110.500 1.930E+10
  1110.750 1.928E+10
  1111.000 1.948E+10
  1111.250 1.956E+10
  1111.500 1.939E+10
  1111.750 1.892E+10
  1112.000 1.888E+10
  1112.250 1.885E+10
  1112.500 1.845E+10
  1112.750 1.854E+10
  1113.000 1.857E+10
  1113.250 1.827E+10
  1113.500 1.901E+10
  1113.750 1.927E+10
  1114.000 1.874E+10
  1114.250 1.842E+10
  1114.500 1.843E+10
  1114.750 1.876E+10
  1115.000 1.868E+10
  1115.250 1.888E+10
  1115.500 1.932E+10
  1115.750 1.921E+10
  1116.000 1.842E+10
  1116.250 1.800E+10
  1116.500 1.833E+10
  1116.750 1.880E+10
  1117.000 1.906E+10
  1117.250 1.885E+10
  1117.500 1.770E+10
  1117.750 1.510E+10
  1118.000 1.306E+10
  1118.250 1.468E+10
  1118.500 1.660E+10
  1118.750 1.807E+10
  1119.000 1.859E+10
  1119.250 1.846E+10
  1119.500 1.889E+10
  1119.750 1.920E+10
  1120.000 1.922E+10
  1120.250 1.918E+10
  1120.500 1.907E+10
  1120.750 1.860E+10
  1121.000 1.811E+10
  1121.250 1.848E+10
  1121.500 1.892E+10
  1121.750 1.883E+10
  1122.000 1.800E+10
  1122.250 1.544E+10
  1122.500 1.364E+10
  1122.750 1.596E+10
  1123.000 1.816E+10
  1123.250 1.864E+10
  1123.500 1.798E+10
  1123.750 1.666E+10
  1124.000 1.728E+10
  1124.250 1.827E+10
  1124.500 1.852E+10
  1124.750 1.856E+10
  1125.000 1.863E+10
  1125.250 1.818E+10
  1125.500 1.635E+10
  1125.750 1.593E+10
  1126.000 1.769E+10
  1126.250 1.845E+10
  1126.500 1.847E+10
  1126.750 1.847E+10
  1127.000 1.841E+10
  1127.250 1.809E+10
  1127.500 1.714E+10
  1127.750 1.490E+10
  1128.000 1.178E+10
  1128.250 1.060E+10
  1128.500 1.300E+10
  1128.750 1.640E+10
  1129.000 1.767E+10
  1129.250 1.788E+10
  1129.500 1.825E+10
  1129.750 1.851E+10
  1130.000 1.858E+10
  1130.250 1.861E+10
  1130.500 1.860E+10
  1130.750 1.824E+10
  1131.000 1.774E+10
  1131.250 1.768E+10
  1131.500 1.762E+10
  1131.750 1.789E+10
  1132.000 1.772E+10
  1132.250 1.769E+10
  1132.500 1.782E+10
  1132.750 1.741E+10
  1133.000 1.681E+10
  1133.250 1.716E+10
  1133.500 1.791E+10
  1133.750 1.827E+10
  1134.000 1.845E+10
  1134.250 1.839E+10
  1134.500 1.831E+10
  1134.750 1.814E+10
  1135.000 1.763E+10
  1135.250 1.721E+10
  1135.500 1.772E+10
  1135.750 1.808E+10
  1136.000 1.785E+10
  1136.250 1.748E+10
  1136.500 1.792E+10
  1136.750 1.831E+10
  1137.000 1.827E+10
  1137.250 1.813E+10
  1137.500 1.803E+10
  1137.750 1.812E+10
  1138.000 1.788E+10
  1138.250 1.664E+10
  1138.500 1.505E+10
  1138.750 1.610E+10
  1139.000 1.771E+10
  1139.250 1.807E+10
  1139.500 1.805E+10
  1139.750 1.795E+10
  1140.000 1.756E+10
  1140.250 1.746E+10
  1140.500 1.763E+10
  1140.750 1.788E+10
  1141.000 1.812E+10
  1141.250 1.812E+10
  1141.500 1.800E+10
  1141.750 1.795E+10
  1142.000 1.792E+10
  1142.250 1.780E+10
  1142.500 1.788E+10
  1142.750 1.794E+10
  1143.000 1.800E+10
  1143.250 1.802E+10
  1143.500 1.790E+10
  1143.750 1.780E+10
  1144.000 1.770E+10
  1144.250 1.750E+10
  1144.500 1.761E+10
  1144.750 1.782E+10
  1145.000 1.781E+10
  1145.250 1.780E+10
  1145.500 1.790E+10
  1145.750 1.794E+10
  1146.000 1.793E+10
  1146.250 1.789E+10
  1146.500 1.779E+10
  1146.750 1.777E+10
  1147.000 1.785E+10
  1147.250 1.788E+10
  1147.500 1.787E+10
  1147.750 1.783E+10
  1148.000 1.780E+10
  1148.250 1.781E+10
  1148.500 1.781E+10
  1148.750 1.769E+10
  1149.000 1.729E+10
  1149.250 1.661E+10
  1149.500 1.524E+10
  1149.750 1.548E+10
  1150.000 1.694E+10
  1150.250 1.737E+10
  1150.500 1.673E+10
  1150.750 1.469E+10
  1151.000 1.449E+10
  1151.250 1.657E+10
  1151.500 1.748E+10
  1151.750 1.749E+10
  1152.000 1.732E+10
  1152.250 1.720E+10
  1152.500 1.708E+10
  1152.750 1.694E+10
  1153.000 1.674E+10
  1153.250 1.655E+10
  1153.500 1.534E+10
  1153.750 1.364E+10
  1154.000 1.504E+10
  1154.250 1.671E+10
  1154.500 1.668E+10
  1154.750 1.671E+10
  1155.000 1.719E+10
  1155.250 1.741E+10
  1155.500 1.743E+10
  1155.750 1.731E+10
  1156.000 1.717E+10
  1156.250 1.714E+10
  1156.500 1.715E+10
  1156.750 1.708E+10
  1157.000 1.646E+10
  1157.250 1.623E+10
  1157.500 1.682E+10
  1157.750 1.712E+10
  1158.000 1.706E+10
  1158.250 1.707E+10
  1158.500 1.725E+10
  1158.750 1.719E+10
  1159.000 1.700E+10
  1159.250 1.705E+10
  1159.500 1.716E+10
  1159.750 1.711E+10
  1160.000 1.664E+10
  1160.250 1.638E+10
  1160.500 1.681E+10
  1160.750 1.710E+10
  1161.000 1.717E+10
  1161.250 1.713E+10
  1161.500 1.701E+10
  1161.750 1.685E+10
  1162.000 1.677E+10
  1162.250 1.683E+10
  1162.500 1.683E+10
  1162.750 1.687E+10
  1163.000 1.698E+10
  1163.250 1.693E+10
  1163.500 1.670E+10
  1163.750 1.644E+10
  1164.000 1.584E+10
  1164.250 1.460E+10
  1164.500 1.416E+10
  1164.750 1.525E+10
  1165.000 1.627E+10
  1165.250 1.631E+10
  1165.500 1.497E+10
  1165.750 1.356E+10
  1166.000 1.465E+10
  1166.250 1.611E+10
  1166.500 1.647E+10
  1166.750 1.650E+10
  1167.000 1.639E+10
  1167.250 1.622E+10
  1167.500 1.605E+10
  1167.750 1.590E+10
  1168.000 1.555E+10
  1168.250 1.463E+10
  1168.500 1.263E+10
  1168.750 9.859E+09
  1169.000 9.192E+09
  1169.250 1.154E+10
  1169.500 1.374E+10
  1169.750 1.507E+10
  1170.000 1.576E+10
  1170.250 1.600E+10
  1170.500 1.603E+10
  1170.750 1.612E+10
  1171.000 1.622E+10
  1171.250 1.605E+10
  1171.500 1.571E+10
  1171.750 1.573E+10
  1172.000 1.595E+10
  1172.250 1.586E+10
  1172.500 1.583E+10
  1172.750 1.624E+10
  1173.000 1.642E+10
  1173.250 1.638E+10
  1173.500 1.626E+10
  1173.750 1.611E+10
  1174.000 1.601E+10
  1174.250 1.568E+10
  1174.500 1.448E+10
  1174.750 1.177E+10
  1175.000 9.323E+09
  1175.250 8.462E+09
  1175.500 7.650E+09
  1175.750 7.081E+09
  1176.000 8.148E+09
  1176.250 9.513E+09
  1176.500 1.169E+10
  1176.750 1.452E+10
  1177.000 1.559E+10
  1177.250 1.593E+10
  1177.500 1.600E+10
  1177.750 1.575E+10
  1178.000 1.582E+10
  1178.250 1.611E+10
  1178.500 1.617E+10
  1178.750 1.597E+10
  1179.000 1.591E+10
  1179.250 1.615E+10
  1179.500 1.620E+10
  1179.750 1.613E+10
  1180.000 1.612E+10
  1180.250 1.615E+10
  1180.500 1.619E+10
  1180.750 1.618E+10
  1181.000 1.619E+10
  1181.250 1.624E+10
  1181.500 1.624E+10
  1181.750 1.619E+10
  1182.000 1.615E+10
  1182.250 1.606E+10
  1182.500 1.568E+10
  1182.750 1.435E+10
  1183.000 1.292E+10
  1183.250 1.424E+10
  1183.500 1.560E+10
  1183.750 1.583E+10
  1184.000 1.566E+10
  1184.250 1.439E+10
  1184.500 1.265E+10
  1184.750 1.391E+10
  1185.000 1.565E+10
  1185.250 1.599E+10
  1185.500 1.597E+10
  1185.750 1.581E+10
  1186.000 1.571E+10
  1186.250 1.591E+10
  1186.500 1.601E+10
  1186.750 1.600E+10
  1187.000 1.593E+10
  1187.250 1.560E+10
  1187.500 1.503E+10
  1187.750 1.477E+10
  1188.000 1.465E+10
  1188.250 1.530E+10
  1188.500 1.582E+10
  1188.750 1.591E+10
  1189.000 1.591E+10
  1189.250 1.584E+10
  1189.500 1.571E+10
  1189.750 1.574E+10
  1190.000 1.568E+10
  1190.250 1.546E+10
  1190.500 1.553E+10
  1190.750 1.572E+10
  1191.000 1.573E+10
  1191.250 1.574E+10
  1191.500 1.575E+10
  1191.750 1.571E+10
  1192.000 1.568E+10
  1192.250 1.562E+10
  1192.500 1.544E+10
  1192.750 1.489E+10
  1193.000 1.446E+10
  1193.250 1.505E+10
  1193.500 1.548E+10
  1193.750 1.522E+10
  1194.000 1.458E+10
  1194.250 1.327E+10
  1194.500 1.239E+10
  1194.750 1.375E+10
  1195.000 1.444E+10
  1195.250 1.424E+10
  1195.500 1.392E+10
  1195.750 1.372E+10
  1196.000 1.381E+10
  1196.250 1.420E+10
  1196.500 1.459E+10
  1196.750 1.488E+10
  1197.000 1.492E+10
  1197.250 1.447E+10
  1197.500 1.445E+10
  1197.750 1.488E+10
  1198.000 1.491E+10
  1198.250 1.396E+10
  1198.500 1.267E+10
  1198.750 1.348E+10
  1199.000 1.473E+10
  1199.250 1.480E+10
  1199.500 1.480E+10
  1199.750 1.511E+10
  1200.000 1.497E+10
  1200.250 1.484E+10
  1200.500 1.492E+10
  1200.750 1.462E+10
  1201.000 1.445E+10
  1201.250 1.466E+10
  1201.500 1.471E+10
  1201.750 1.432E+10
  1202.000 1.419E+10
  1202.250 1.458E+10
  1202.500 1.450E+10
  1202.750 1.452E+10
  1203.000 1.473E+10
  1203.250 1.434E+10
  1203.500 1.423E+10
  1203.750 1.446E+10
  1204.000 1.475E+10
  1204.250 1.496E+10
  1204.500 1.490E+10
  1204.750 1.479E+10
  1205.000 1.468E+10
  1205.250 1.445E+10
  1205.500 1.439E+10
  1205.750 1.447E+10
  1206.000 1.446E+10
  1206.250 1.394E+10
  1206.500 1.319E+10
  1206.750 1.382E+10
  1207.000 1.442E+10
  1207.250 1.422E+10
  1207.500 1.404E+10
  1207.750 1.426E+10
  1208.000 1.423E+10
  1208.250 1.402E+10
  1208.500 1.417E+10
  1208.750 1.418E+10
  1209.000 1.400E+10
  1209.250 1.396E+10
  1209.500 1.381E+10
  1209.750 1.342E+10
  1210.000 1.290E+10
  1210.250 1.275E+10
  1210.500 1.274E+10
  1210.750 1.286E+10
  1211.000 1.309E+10
  1211.250 1.316E+10
  1211.500 1.292E+10
  1211.750 1.248E+10
  1212.000 1.243E+10
  1212.250 1.244E+10
  1212.500 1.220E+10
  1212.750 1.177E+10
  1213.000 1.133E+10
  1213.250 1.111E+10
  1213.500 1.091E+10
  1213.750 1.052E+10
  1214.000 1.009E+10
  1214.250 9.584E+09
  1214.500 8.924E+09
  1214.750 7.983E+09
  1215.000 6.761E+09
  1215.250 6.040E+09
  1215.500 5.694E+09
  1215.750 5.691E+09
  1216.000 6.520E+09
  1216.250 7.487E+09
  1216.500 8.284E+09
  1216.750 8.973E+09
  1217.000 9.569E+09
  1217.250 1.011E+10
  1217.500 1.055E+10
  1217.750 1.088E+10
  1218.000 1.126E+10
  1218.250 1.161E+10
  1218.500 1.190E+10
  1218.750 1.218E+10
  1219.000 1.241E+10
  1219.250 1.260E+10
  1219.500 1.275E+10
  1219.750 1.288E+10
  1220.000 1.297E+10
  1220.250 1.311E+10
  1220.500 1.321E+10
  1220.750 1.323E+10
  1221.000 1.325E+10
  1221.250 1.337E+10
  1221.500 1.351E+10
  1221.750 1.341E+10
  1222.000 1.321E+10
  1222.250 1.338E+10
  1222.500 1.372E+10
  1222.750 1.374E+10
  1223.000 1.369E+10
  1223.250 1.372E+10
  1223.500 1.378E+10
  1223.750 1.384E+10
  1224.000 1.390E+10
  1224.250 1.388E+10
  1224.500 1.371E+10
  1224.750 1.356E+10
  1225.000 1.347E+10
  1225.250 1.363E+10
  1225.500 1.374E+10
  1225.750 1.371E+10
  1226.000 1.390E+10
  1226.250 1.404E+10
  1226.500 1.412E+10
  1226.750 1.413E+10
  1227.000 1.399E+10
  1227.250 1.387E+10
  1227.500 1.388E+10
  1227.750 1.381E+10
  1228.000 1.383E+10
  1228.250 1.363E+10
  1228.500 1.358E+10
  1228.750 1.384E+10
  1229.000 1.389E+10
  1229.250 1.376E+10
  1229.500 1.366E+10
  1229.750 1.311E+10
  1230.000 1.197E+10
  1230.250 1.160E+10
  1230.500 1.121E+10
  1230.750 1.181E+10
  1231.000 1.298E+10
  1231.250 1.372E+10
  1231.500 1.391E+10
  1231.750 1.378E+10
  1232.000 1.375E+10
  1232.250 1.374E+10
  1232.500 1.345E+10
  1232.750 1.322E+10
  1233.000 1.317E+10
  1233.250 1.325E+10
  1233.500 1.342E+10
  1233.750 1.347E+10
  1234.000 1.328E+10
  1234.250 1.320E+10
  1234.500 1.321E+10
  1234.750 1.337E+10
  1235.000 1.365E+10
  1235.250 1.373E+10
  1235.500 1.357E+10
  1235.750 1.320E+10
  1236.000 1.315E+10
  1236.250 1.321E+10
  1236.500 1.320E+10
  1236.750 1.307E+10
  1237.000 1.290E+10
  1237.250 1.282E+10
  1237.500 1.278E+10
  1237.750 1.259E+10
  1238.000 1.216E+10
  1238.250 1.148E+10
  1238.500 1.005E+10
  1238.750 8.242E+09
  1239.000 8.880E+09
  1239.250 1.080E+10
  1239.500 1.176E+10
  1239.750 1.224E+10
  1240.000 1.258E+10
  1240.250 1.279E+10
  1240.500 1.296E+10
  1240.750 1.293E+10
  1241.000 1.273E+10
  1241.250 1.254E+10
  1241.500 1.237E+10
  1241.750 1.226E+10
  1242.000 1.186E+10
  1242.250 1.128E+10
  1242.500 1.005E+10
  1242.750 8.534E+09
  1243.000 9.353E+09
  1243.250 1.109E+10
  1243.500 1.197E+10
  1243.750 1.239E+10
  1244.000 1.225E+10
  1244.250 1.227E+10
  1244.500 1.288E+10
  1244.750 1.289E+10
  1245.000 1.239E+10
  1245.250 1.228E+10
  1245.500 1.259E+10
  1245.750 1.268E+10
  1246.000 1.273E+10
  1246.250 1.292E+10
  1246.500 1.300E+10
  1246.750 1.289E+10
  1247.000 1.206E+10
  1247.250 1.018E+10
  1247.500 1.004E+10
  1247.750 1.171E+10
  1248.000 1.228E+10
  1248.250 1.247E+10
  1248.500 1.291E+10
  1248.750 1.315E+10
  1249.000 1.329E+10
  1249.250 1.313E+10
  1249.500 1.278E+10
  1249.750 1.300E+10
  1250.000 1.295E+10
  1250.250 1.245E+10
  1250.500 1.213E+10
  1250.750 1.230E+10
  1251.000 1.276E+10
  1251.250 1.318E+10
  1251.500 1.318E+10
  1251.750 1.270E+10
  1252.000 1.224E+10
  1252.250 1.215E+10
  1252.500 1.247E+10
  1252.750 1.256E+10
  1253.000 1.263E+10
  1253.250 1.260E+10
  1253.500 1.230E+10
  1253.750 1.202E+10
  1254.000 1.218E+10
  1254.250 1.260E+10
  1254.500 1.287E+10
  1254.750 1.307E+10
  1255.000 1.314E+10
  1255.250 1.318E+10
  1255.500 1.297E+10
  1255.750 1.261E+10
  1256.000 1.260E+10
  1256.250 1.220E+10
  1256.500 1.173E+10
  1256.750 1.229E+10
  1257.000 1.257E+10
  1257.250 1.234E+10
  1257.500 1.226E+10
  1257.750 1.250E+10
  1258.000 1.282E+10
  1258.250 1.284E+10
  1258.500 1.285E+10
  1258.750 1.291E+10
  1259.000 1.277E+10
  1259.250 1.268E+10
  1259.500 1.258E+10
  1259.750 1.254E+10
  1260.000 1.274E+10
  1260.250 1.281E+10
  1260.500 1.283E+10
  1260.750 1.296E+10
  1261.000 1.272E+10
  1261.250 1.220E+10
  1261.500 1.225E+10
  1261.750 1.246E+10
  1262.000 1.280E+10
  1262.250 1.297E+10
  1262.500 1.280E+10
  1262.750 1.277E+10
  1263.000 1.273E+10
  1263.250 1.252E+10
  1263.500 1.250E+10
  1263.750 1.274E+10
  1264.000 1.279E+10
  1264.250 1.238E+10
  1264.500 1.192E+10
  1264.750 1.222E+10
  1265.000 1.264E+10
  1265.250 1.279E+10
  1265.500 1.230E+10
  1265.750 1.157E+10
  1266.000 1.143E+10
  1266.250 1.145E+10
  1266.500 1.166E+10
  1266.750 1.187E+10
  1267.000 1.133E+10
  1267.250 1.111E+10
  1267.500 1.192E+10
  1267.750 1.213E+10
  1268.000 1.211E+10
  1268.250 1.243E+10
  1268.500 1.270E+10
  1268.750 1.262E+10
  1269.000 1.249E+10
  1269.250 1.237E+10
  1269.500 1.230E+10
  1269.750 1.223E+10
  1270.000 1.201E+10
  1270.250 1.143E+10
  1270.500 1.134E+10
  1270.750 1.186E+10
  1271.000 1.242E+10
  1271.250 1.248E+10
  1271.500 1.243E+10
  1271.750 1.245E+10
  1272.000 1.211E+10
  1272.250 1.206E+10
  1272.500 1.216E+10
  1272.750 1.206E+10
  1273.000 1.212E+10
  1273.250 1.192E+10
  1273.500 1.177E+10
  1273.750 1.168E+10
  1274.000 1.201E+10
  1274.250 1.236E+10
  1274.500 1.251E+10
  1274.750 1.251E+10
  1275.000 1.256E+10
  1275.250 1.266E+10
  1275.500 1.264E+10
  1275.750 1.246E+10
  1276.000 1.225E+10
  1276.250 1.210E+10
  1276.500 1.196E+10
  1276.750 1.183E+10
  1277.000 1.169E+10
  1277.250 1.213E+10
  1277.500 1.240E+10
  1277.750 1.247E+10
  1278.000 1.256E+10
  1278.250 1.251E+10
  1278.500 1.232E+10
  1278.750 1.180E+10
  1279.000 1.162E+10
  1279.250 1.195E+10
  1279.500 1.162E+10
  1279.750 1.148E+10
  1280.000 1.181E+10
  1280.250 1.176E+10
  1280.500 1.170E+10
  1280.750 1.204E+10
  1281.000 1.209E+10
  1281.250 1.166E+10
  1281.500 1.157E+10
  1281.750 1.173E+10
  1282.000 1.156E+10
  1282.250 1.155E+10
  1282.500 1.197E+10
  1282.750 1.208E+10
  1283.000 1.218E+10
  1283.250 1.222E+10
  1283.500 1.220E+10
  1283.750 1.204E+10
  1284.000 1.154E+10
  1284.250 1.128E+10
  1284.500 1.162E+10
  1284.750 1.209E+10
  1285.000 1.225E+10
  1285.250 1.218E+10
  1285.500 1.207E+10
  1285.750 1.174E+10
  1286.000 1.159E+10
  1286.250 1.185E+10
  1286.500 1.206E+10
  1286.750 1.191E+10
  1287.000 1.138E+10
  1287.250 1.148E+10
  1287.500 1.163E+10
  1287.750 1.159E+10
  1288.000 1.151E+10
  1288.250 1.144E+10
  1288.500 1.175E+10
  1288.750 1.182E+10
  1289.000 1.195E+10
  1289.250 1.212E+10
  1289.500 1.205E+10
  1289.750 1.188E+10
  1290.000 1.184E+10
  1290.250 1.187E+10
  1290.500 1.197E+10
  1290.750 1.210E+10
  1291.000 1.199E+10
  1291.250 1.189E+10
  1291.500 1.203E+10
  1291.750 1.202E+10
  1292.000 1.184E+10
  1292.250 1.174E+10
  1292.500 1.181E+10
  1292.750 1.198E+10
  1293.000 1.179E+10
  1293.250 1.132E+10
  1293.500 1.147E+10
  1293.750 1.190E+10
  1294.000 1.198E+10
  1294.250 1.190E+10
  1294.500 1.169E+10
  1294.750 1.178E+10
  1295.000 1.188E+10
  1295.250 1.174E+10
  1295.500 1.169E+10
  1295.750 1.151E+10
  1296.000 1.076E+10
  1296.250 9.329E+09
  1296.500 9.254E+09
  1296.750 1.052E+10
  1297.000 1.154E+10
  1297.250 1.163E+10
  1297.500 1.129E+10
  1297.750 1.146E+10
  1298.000 1.175E+10
  1298.250 1.187E+10
  1298.500 1.164E+10
  1298.750 1.093E+10
  1299.000 1.087E+10
  1299.250 1.155E+10
  1299.500 1.177E+10
  1299.750 1.175E+10
  1300.000 1.178E+10
  1300.250 1.170E+10
  1300.500 1.136E+10
  1300.750 1.093E+10
  1301.000 1.082E+10
  1301.250 1.120E+10
  1301.500 1.152E+10
  1301.750 1.168E+10
  1302.000 1.171E+10
  1302.250 1.155E+10
  1302.500 1.139E+10
  1302.750 1.111E+10
  1303.000 1.105E+10
  1303.250 1.078E+10
  1303.500 1.057E+10
  1303.750 1.114E+10
  1304.000 1.159E+10
  1304.250 1.168E+10
  1304.500 1.143E+10
  1304.750 1.095E+10
  1305.000 1.106E+10
  1305.250 1.152E+10
  1305.500 1.146E+10
  1305.750 1.099E+10
  1306.000 1.044E+10
  1306.250 1.053E+10
  1306.500 1.082E+10
  1306.750 1.101E+10
  1307.000 1.122E+10
  1307.250 1.079E+10
  1307.500 1.050E+10
  1307.750 1.092E+10
  1308.000 1.131E+10
  1308.250 1.120E+10
  1308.500 1.065E+10
  1308.750 1.034E+10
  1309.000 1.085E+10
  1309.250 1.080E+10
  1309.500 1.038E+10
  1309.750 1.062E+10
  1310.000 1.095E+10
  1310.250 1.107E+10
  1310.500 1.134E+10
  1310.750 1.127E+10
  1311.000 1.088E+10
  1311.250 1.083E+10
  1311.500 1.093E+10
  1311.750 1.072E+10
  1312.000 1.081E+10
  1312.250 1.116E+10
  1312.500 1.102E+10
  1312.750 1.082E+10
  1313.000 1.099E+10
  1313.250 1.094E+10
  1313.500 1.107E+10
  1313.750 1.125E+10
  1314.000 1.116E+10
  1314.250 1.047E+10
  1314.500 1.007E+10
  1314.750 1.040E+10
  1315.000 1.075E+10
  1315.250 1.091E+10
  1315.500 1.057E+10
  1315.750 1.019E+10
  1316.000 1.056E+10
  1316.250 1.109E+10
  1316.500 1.127E+10
  1316.750 1.112E+10
  1317.000 1.096E+10
  1317.250 1.094E+10
  1317.500 1.076E+10
  1317.750 1.045E+10
  1318.000 1.029E+10
  1318.250 1.003E+10
  1318.500 1.002E+10
  1318.750 1.074E+10
  1319.000 1.102E+10
  1319.250 1.086E+10
  1319.500 1.090E+10
  1319.750 1.098E+10
  1320.000 1.098E+10
  1320.250 1.049E+10
  1320.500 1.019E+10
  1320.750 1.047E+10
  1321.000 1.067E+10
  1321.250 1.014E+10
  1321.500 9.903E+09
  1321.750 1.044E+10
  1322.000 1.091E+10
  1322.250 1.120E+10
  1322.500 1.124E+10
  1322.750 1.111E+10
  1323.000 1.064E+10
  1323.250 1.015E+10
  1323.500 1.035E+10
  1323.750 1.048E+10
  1324.000 1.013E+10
  1324.250 9.837E+09
  1324.500 1.006E+10
  1324.750 1.052E+10
  1325.000 1.067E+10
  1325.250 1.091E+10
  1325.500 1.081E+10
  1325.750 1.050E+10
  1326.000 1.073E+10
  1326.250 1.089E+10
  1326.500 1.079E+10
  1326.750 1.071E+10
  1327.000 1.048E+10
  1327.250 1.059E+10
  1327.500 1.080E+10
  1327.750 1.082E+10
  1328.000 1.079E+10
  1328.250 1.085E+10
  1328.500 1.087E+10
  1328.750 1.075E+10
  1329.000 1.053E+10
  1329.250 1.036E+10
  1329.500 1.043E+10
  1329.750 1.044E+10
  1330.000 1.038E+10
  1330.250 1.009E+10
  1330.500 9.972E+09
  1330.750 1.048E+10
  1331.000 1.051E+10
  1331.250 1.028E+10
  1331.500 1.009E+10
  1331.750 1.022E+10
  1332.000 1.062E+10
  1332.250 1.071E+10
  1332.500 1.062E+10
  1332.750 1.048E+10
  1333.000 1.042E+10
  1333.250 1.053E+10
  1333.500 1.064E+10
  1333.750 1.058E+10
  1334.000 1.031E+10
  1334.250 1.024E+10
  1334.500 1.041E+10
  1334.750 1.056E+10
  1335.000 1.056E+10
  1335.250 1.062E+10
  1335.500 1.032E+10
  1335.750 9.891E+09
  1336.000 9.781E+09
  1336.250 9.955E+09
  1336.500 1.031E+10
  1336.750 1.032E+10
  1337.000 1.030E+10
  1337.250 1.048E+10
  1337.500 1.064E+10
  1337.750 1.060E+10
  1338.000 1.060E+10
  1338.250 1.070E+10
  1338.500 1.062E+10
  1338.750 1.023E+10
  1339.000 1.006E+10
  1339.250 1.022E+10
  1339.500 1.019E+10
  1339.750 1.010E+10
  1340.000 1.045E+10
  1340.250 1.050E+10
  1340.500 1.049E+10
  1340.750 1.059E+10
  1341.000 1.055E+10
  1341.250 1.057E+10
  1341.500 1.062E+10
  1341.750 1.062E+10
  1342.000 1.041E+10
  1342.250 1.024E+10
  1342.500 1.043E+10
  1342.750 1.047E+10
  1343.000 1.020E+10
  1343.250 1.018E+10
  1343.500 1.039E+10
  1343.750 1.036E+10
  1344.000 1.025E+10
  1344.250 1.021E+10
  1344.500 1.030E+10
  1344.750 1.047E+10
  1345.000 1.049E+10
  1345.250 1.014E+10
  1345.500 9.500E+09
  1345.750 9.449E+09
  1346.000 1.003E+10
  1346.250 1.036E+10
  1346.500 1.051E+10
  1346.750 1.054E+10
  1347.000 1.041E+10
  1347.250 1.019E+10
  1347.500 9.805E+09
  1347.750 9.258E+09
  1348.000 9.482E+09
  1348.250 9.969E+09
  1348.500 1.019E+10
  1348.750 1.001E+10
  1349.000 9.680E+09
  1349.250 9.695E+09
  1349.500 9.975E+09
  1349.750 1.022E+10
  1350.000 1.021E+10
  1350.250 9.922E+09
  1350.500 9.745E+09
  1350.750 9.897E+09
  1351.000 1.007E+10
  1351.250 9.788E+09
  1351.500 9.356E+09
  1351.750 9.625E+09
  1352.000 1.010E+10
  1352.250 1.033E+10
  1352.500 1.030E+10
  1352.750 1.012E+10
  1353.000 1.004E+10
  1353.250 1.006E+10
  1353.500 9.854E+09
  1353.750 9.660E+09
  1354.000 9.979E+09
  1354.250 1.022E+10
  1354.500 1.012E+10
  1354.750 9.703E+09
  1355.000 9.547E+09
  1355.250 9.597E+09
  1355.500 9.554E+09
  1355.750 9.786E+09
  1356.000 9.931E+09
  1356.250 1.001E+10
  1356.500 1.018E+10
  1356.750 1.005E+10
  1357.000 9.554E+09
  1357.250 9.482E+09
  1357.500 9.495E+09
  1357.750 9.340E+09
  1358.000 9.742E+09
  1358.250 9.800E+09
  1358.500 9.487E+09
  1358.750 9.421E+09
  1359.000 9.181E+09
  1359.250 9.169E+09
  1359.500 9.567E+09
  1359.750 1.005E+10
  1360.000 1.016E+10
  1360.250 1.017E+10
  1360.500 1.020E+10
  1360.750 1.016E+10
  1361.000 9.852E+09
  1361.250 9.088E+09
  1361.500 8.544E+09
  1361.750 8.614E+09
  1362.000 9.403E+09
  1362.250 9.934E+09
  1362.500 9.864E+09
  1362.750 9.244E+09
  1363.000 8.610E+09
  1363.250 8.749E+09
  1363.500 8.884E+09
  1363.750 8.964E+09
  1364.000 9.493E+09
  1364.250 9.968E+09
  1364.500 9.924E+09
  1364.750 9.383E+09
  1365.000 9.011E+09
  1365.250 9.067E+09
  1365.500 9.067E+09
  1365.750 9.176E+09
  1366.000 9.391E+09
  1366.250 9.725E+09
  1366.500 9.926E+09
  1366.750 9.858E+09
  1367.000 9.708E+09
  1367.250 9.698E+09
  1367.500 9.924E+09
  1367.750 1.003E+10
  1368.000 9.950E+09
  1368.250 9.821E+09
  1368.500 9.898E+09
  1368.750 9.991E+09
  1369.000 9.979E+09
  1369.250 9.954E+09
  1369.500 9.933E+09
  1369.750 9.909E+09
  1370.000 9.794E+09
  1370.250 9.598E+09
  1370.500 9.579E+09
  1370.750 9.251E+09
  1371.000 8.358E+09
  1371.250 7.584E+09
  1371.500 7.935E+09
  1371.750 8.540E+09
  1372.000 9.011E+09
  1372.250 9.521E+09
  1372.500 9.544E+09
  1372.750 9.520E+09
  1373.000 9.676E+09
  1373.250 9.417E+09
  1373.500 8.437E+09
  1373.750 7.970E+09
  1374.000 8.259E+09
  1374.250 8.880E+09
  1374.500 9.432E+09
  1374.750 9.368E+09
  1375.000 9.482E+09
  1375.250 9.530E+09
  1375.500 9.426E+09
  1375.750 9.415E+09
  1376.000 9.294E+09
  1376.250 8.517E+09
  1376.500 8.464E+09
  1376.750 9.388E+09
  1377.000 9.716E+09
  1377.250 9.656E+09
  1377.500 9.416E+09
  1377.750 9.176E+09
  1378.000 9.146E+09
  1378.250 9.087E+09
  1378.500 8.732E+09
  1378.750 8.712E+09
  1379.000 8.829E+09
  1379.250 9.098E+09
  1379.500 9.416E+09
  1379.750 9.360E+09
  1380.000 9.015E+09
  1380.250 8.971E+09
  1380.500 9.383E+09
  1380.750 9.640E+09
  1381.000 9.606E+09
  1381.250 9.170E+09
  1381.500 8.340E+09
  1381.750 8.267E+09
  1382.000 9.084E+09
  1382.250 9.235E+09
  1382.500 9.158E+09
  1382.750 9.378E+09
  1383.000 9.540E+09
  1383.250 9.618E+09
  1383.500 9.574E+09
  1383.750 9.253E+09
  1384.000 8.664E+09
  1384.250 8.643E+09
  1384.500 9.060E+09
  1384.750 9.197E+09
  1385.000 9.183E+09
  1385.250 8.888E+09
  1385.500 8.724E+09
  1385.750 8.777E+09
  1386.000 9.100E+09
  1386.250 9.087E+09
  1386.500 9.086E+09
  1386.750 9.075E+09
  1387.000 8.526E+09
  1387.250 7.944E+09
  1387.500 8.386E+09
  1387.750 8.605E+09
  1388.000 8.046E+09
  1388.250 8.174E+09
  1388.500 8.835E+09
  1388.750 9.031E+09
  1389.000 8.828E+09
  1389.250 9.129E+09
  1389.500 9.364E+09
  1389.750 9.372E+09
  1390.000 9.360E+09
  1390.250 9.365E+09
  1390.500 9.047E+09
  1390.750 8.609E+09
  1391.000 8.771E+09
  1391.250 9.177E+09
  1391.500 9.361E+09
  1391.750 9.355E+09
  1392.000 9.059E+09
  1392.250 8.671E+09
  1392.500 8.836E+09
  1392.750 8.870E+09
  1393.000 8.453E+09
  1393.250 7.961E+09
  1393.500 6.836E+09
  1393.750 5.895E+09
  1394.000 6.644E+09
  1394.250 7.587E+09
  1394.500 7.909E+09
  1394.750 8.165E+09
  1395.000 8.819E+09
  1395.250 9.151E+09
  1395.500 9.192E+09
  1395.750 9.118E+09
  1396.000 8.851E+09
  1396.250 8.801E+09
  1396.500 8.954E+09
  1396.750 9.018E+09
  1397.000 8.836E+09
  1397.250 8.657E+09
  1397.500 8.707E+09
  1397.750 8.458E+09
  1398.000 8.030E+09
  1398.250 8.364E+09
  1398.500 9.022E+09
  1398.750 9.102E+09
  1399.000 9.094E+09
  1399.250 9.246E+09
  1399.500 9.253E+09
  1399.750 9.001E+09
  1400.000 8.523E+09
  1400.250 8.221E+09
  1400.500 8.431E+09
  1400.750 8.612E+09
  1401.000 8.799E+09
  1401.250 8.974E+09
  1401.500 9.060E+09
  1401.750 8.974E+09
  1402.000 8.684E+09
  1402.250 7.876E+09
  1402.500 6.727E+09
  1402.750 6.133E+09
  1403.000 6.977E+09
  1403.250 7.856E+09
  1403.500 8.416E+09
  1403.750 8.783E+09
  1404.000 8.691E+09
  1404.250 8.626E+09
  1404.500 8.862E+09
  1404.750 8.969E+09
  1405.000 8.964E+09
  1405.250 8.890E+09
  1405.500 8.874E+09
  1405.750 8.727E+09
  1406.000 8.479E+09
  1406.250 8.449E+09
  1406.500 7.917E+09
  1406.750 7.336E+09
  1407.000 7.608E+09
  1407.250 8.037E+09
  1407.500 8.522E+09
  1407.750 8.728E+09
  1408.000 8.471E+09
  1408.250 8.497E+09
  1408.500 8.613E+09
  1408.750 8.139E+09
  1409.000 7.565E+09
  1409.250 7.255E+09
  1409.500 7.430E+09
  1409.750 7.778E+09
  1410.000 8.221E+09
  1410.250 8.749E+09
  1410.500 9.014E+09
  1410.750 8.959E+09
  1411.000 8.648E+09
  1411.250 8.232E+09
  1411.500 7.910E+09
  1411.750 8.368E+09
  1412.000 8.855E+09
  1412.250 8.932E+09
  1412.500 8.716E+09
  1412.750 8.700E+09
  1413.000 8.912E+09
  1413.250 8.917E+09
  1413.500 8.897E+09
  1413.750 8.923E+09
  1414.000 8.824E+09
  1414.250 8.609E+09
  1414.500 8.394E+09
  1414.750 8.098E+09
  1415.000 7.853E+09
  1415.250 7.881E+09
  1415.500 8.393E+09
  1415.750 8.726E+09
  1416.000 8.567E+09
  1416.250 8.167E+09
  1416.500 8.240E+09
  1416.750 8.346E+09
  1417.000 8.205E+09
  1417.250 8.420E+09
  1417.500 8.670E+09
  1417.750 8.621E+09
  1418.000 8.124E+09
  1418.250 8.020E+09
  1418.500 8.520E+09
  1418.750 8.756E+09
  1419.000 8.605E+09
  1419.250 8.421E+09
  1419.500 8.251E+09
  1419.750 8.229E+09
  1420.000 8.005E+09
  1420.250 7.458E+09
  1420.500 7.196E+09
  1420.750 7.659E+09
  1421.000 7.986E+09
  1421.250 8.162E+09
  1421.500 8.568E+09
  1421.750 8.666E+09
  1422.000 8.486E+09
  1422.250 8.357E+09
  1422.500 8.307E+09
  1422.750 8.493E+09
  1423.000 8.590E+09
  1423.250 8.584E+09
  1423.500 8.560E+09
  1423.750 8.621E+09
  1424.000 8.529E+09
  1424.250 8.095E+09
  1424.500 8.043E+09
  1424.750 8.395E+09
  1425.000 8.384E+09
  1425.250 8.312E+09
  1425.500 8.117E+09
  1425.750 7.999E+09
  1426.000 7.936E+09
  1426.250 7.497E+09
  1426.500 7.510E+09
  1426.750 8.221E+09
  1427.000 8.283E+09
  1427.250 7.528E+09
  1427.500 7.032E+09
  1427.750 7.008E+09
  1428.000 7.012E+09
  1428.250 7.286E+09
  1428.500 7.459E+09
  1428.750 7.417E+09
  1429.000 7.297E+09
  1429.250 7.497E+09
  1429.500 7.746E+09
  1429.750 8.272E+09
  1430.000 8.198E+09
  1430.250 7.364E+09
  1430.500 6.811E+09
  1430.750 7.235E+09
  1431.000 7.885E+09
  1431.250 8.128E+09
  1431.500 8.164E+09
  1431.750 8.256E+09
  1432.000 8.303E+09
  1432.250 8.377E+09
  1432.500 8.334E+09
  1432.750 8.198E+09
  1433.000 7.984E+09
  1433.250 8.148E+09
  1433.500 8.459E+09
  1433.750 8.563E+09
  1434.000 8.495E+09
  1434.250 8.329E+09
  1434.500 8.339E+09
  1434.750 8.312E+09
  1435.000 7.926E+09
  1435.250 7.969E+09
  1435.500 8.305E+09
  1435.750 8.384E+09
  1436.000 8.458E+09
  1436.250 8.511E+09
  1436.500 8.454E+09
  1436.750 8.264E+09
  1437.000 8.084E+09
  1437.250 7.954E+09
  1437.500 7.775E+09
  1437.750 7.929E+09
  1438.000 8.161E+09
  1438.250 8.231E+09
  1438.500 8.114E+09
  1438.750 7.889E+09
  1439.000 7.791E+09
  1439.250 8.054E+09
  1439.500 8.085E+09
  1439.750 8.039E+09
  1440.000 8.086E+09
  1440.250 7.655E+09
  1440.500 7.083E+09
  1440.750 6.961E+09
  1441.000 7.117E+09
  1441.250 7.744E+09
  1441.500 8.152E+09
  1441.750 8.125E+09
  1442.000 7.770E+09
  1442.250 7.459E+09
  1442.500 7.779E+09
  1442.750 8.069E+09
  1443.000 8.079E+09
  1443.250 8.065E+09
  1443.500 8.263E+09
  1443.750 8.327E+09
  1444.000 8.190E+09
  1444.250 7.865E+09
  1444.500 7.792E+09
  1444.750 7.899E+09
  1445.000 7.806E+09
  1445.250 7.959E+09
  1445.500 8.036E+09
  1445.750 7.842E+09
  1446.000 7.662E+09
  1446.250 7.576E+09
  1446.500 7.390E+09
  1446.750 7.604E+09
  1447.000 8.088E+09
  1447.250 8.183E+09
  1447.500 7.980E+09
  1447.750 7.809E+09
  1448.000 7.857E+09
  1448.250 7.777E+09
  1448.500 7.479E+09
  1448.750 7.157E+09
  1449.000 7.268E+09
  1449.250 7.827E+09
  1449.500 7.915E+09
  1449.750 7.518E+09
  1450.000 7.531E+09
  1450.250 7.944E+09
  1450.500 8.087E+09
  1450.750 7.918E+09
  1451.000 7.600E+09
  1451.250 7.561E+09
  1451.500 7.808E+09
  1451.750 7.922E+09
  1452.000 7.729E+09
  1452.250 7.314E+09
  1452.500 7.360E+09
  1452.750 7.532E+09
  1453.000 7.503E+09
  1453.250 7.590E+09
  1453.500 7.352E+09
  1453.750 7.317E+09
  1454.000 7.444E+09
  1454.250 7.414E+09
  1454.500 7.252E+09
  1454.750 7.395E+09
  1455.000 7.854E+09
  1455.250 7.651E+09
  1455.500 7.137E+09
  1455.750 7.331E+09
  1456.000 7.319E+09
  1456.250 7.049E+09
  1456.500 7.454E+09
  1456.750 7.812E+09
  1457.000 7.959E+09
  1457.250 7.766E+09
  1457.500 7.474E+09
  1457.750 7.370E+09
  1458.000 7.668E+09
  1458.250 7.792E+09
  1458.500 7.617E+09
  1458.750 7.627E+09
  1459.000 7.621E+09
  1459.250 7.493E+09
  1459.500 7.432E+09
  1459.750 7.037E+09
  1460.000 7.242E+09
  1460.250 7.513E+09
  1460.500 7.281E+09
  1460.750 7.070E+09
  1461.000 7.335E+09
  1461.250 7.614E+09
  1461.500 7.669E+09
  1461.750 7.696E+09
  1462.000 7.519E+09
  1462.250 7.391E+09
  1462.500 7.295E+09
  1462.750 7.449E+09
  1463.000 7.845E+09
  1463.250 7.924E+09
  1463.500 7.748E+09
  1463.750 7.598E+09
  1464.000 7.604E+09
  1464.250 7.454E+09
  1464.500 7.225E+09
  1464.750 6.959E+09
  1465.000 7.274E+09
  1465.250 7.312E+09
  1465.500 7.312E+09
  1465.750 7.583E+09
  1466.000 7.739E+09
  1466.250 7.774E+09
  1466.500 7.354E+09
  1466.750 7.080E+09
  1467.000 7.330E+09
  1467.250 7.503E+09
  1467.500 7.672E+09
  1467.750 7.781E+09
  1468.000 7.654E+09
  1468.250 7.675E+09
  1468.500 7.722E+09
  1468.750 7.263E+09
  1469.000 6.911E+09
  1469.250 7.460E+09
  1469.500 7.772E+09
  1469.750 7.712E+09
  1470.000 7.708E+09
  1470.250 7.601E+09
  1470.500 7.464E+09
  1470.750 7.657E+09
  1471.000 7.690E+09
  1471.250 7.520E+09
  1471.500 7.623E+09
  1471.750 7.631E+09
  1472.000 7.274E+09
  1472.250 7.044E+09
  1472.500 6.876E+09
  1472.750 7.104E+09
  1473.000 7.344E+09
  1473.250 7.373E+09
  1473.500 7.645E+09
  1473.750 7.713E+09
  1474.000 7.626E+09
  1474.250 7.535E+09
  1474.500 7.528E+09
  1474.750 7.602E+09
  1475.000 7.673E+09
  1475.250 7.554E+09
  1475.500 7.351E+09
  1475.750 7.416E+09
  1476.000 7.521E+09
  1476.250 7.342E+09
  1476.500 7.075E+09
  1476.750 6.844E+09
  1477.000 7.087E+09
  1477.250 7.297E+09
  1477.500 6.642E+09
  1477.750 6.066E+09
  1478.000 6.131E+09
  1478.250 6.448E+09
  1478.500 7.044E+09
  1478.750 7.363E+09
  1479.000 7.440E+09
  1479.250 7.159E+09
  1479.500 6.943E+09
  1479.750 7.376E+09
  1480.000 7.605E+09
  1480.250 7.472E+09
  1480.500 7.414E+09
  1480.750 7.426E+09
  1481.000 7.519E+09
  1481.250 7.581E+09
  1481.500 7.502E+09
  1481.750 7.531E+09
  1482.000 7.525E+09
  1482.250 7.358E+09
  1482.500 7.274E+09
  1482.750 7.163E+09
  1483.000 6.862E+09
  1483.250 6.808E+09
  1483.500 7.289E+09
  1483.750 7.491E+09
  1484.000 7.402E+09
  1484.250 7.165E+09
  1484.500 7.104E+09
  1484.750 7.140E+09
  1485.000 7.021E+09
  1485.250 6.932E+09
  1485.500 7.085E+09
  1485.750 7.334E+09
  1486.000 7.209E+09
  1486.250 7.021E+09
  1486.500 7.101E+09
  1486.750 7.244E+09
  1487.000 7.279E+09
  1487.250 7.414E+09
  1487.500 7.520E+09
  1487.750 7.457E+09
  1488.000 7.464E+09
  1488.250 7.512E+09
  1488.500 7.463E+09
  1488.750 7.390E+09
  1489.000 7.266E+09
  1489.250 7.075E+09
  1489.500 6.837E+09
  1489.750 6.826E+09
  1490.000 7.111E+09
  1490.250 7.309E+09
  1490.500 7.277E+09
  1490.750 7.271E+09
  1491.000 7.331E+09
  1491.250 7.365E+09
  1491.500 7.426E+09
  1491.750 7.386E+09
  1492.000 7.349E+09
  1492.250 7.423E+09
  1492.500 7.397E+09
  1492.750 7.254E+09
  1493.000 7.121E+09
  1493.250 7.177E+09
  1493.500 7.036E+09
  1493.750 6.898E+09
  1494.000 7.206E+09
  1494.250 7.359E+09
  1494.500 7.282E+09
  1494.750 7.160E+09
  1495.000 7.043E+09
  1495.250 7.070E+09
  1495.500 7.166E+09
  1495.750 7.113E+09
  1496.000 7.056E+09
  1496.250 6.908E+09
  1496.500 7.127E+09
  1496.750 7.354E+09
  1497.000 7.324E+09
  1497.250 7.173E+09
  1497.500 6.989E+09
  1497.750 6.964E+09
  1498.000 6.919E+09
  1498.250 7.047E+09
  1498.500 7.014E+09
  1498.750 6.774E+09
  1499.000 6.770E+09
  1499.250 6.868E+09
  1499.500 7.018E+09
  1499.750 7.073E+09
  1500.000 6.995E+09
  1500.250 7.050E+09
  1500.500 7.113E+09
  1500.750 7.234E+09
  1501.000 7.256E+09
  1501.250 7.105E+09
  1501.500 7.091E+09
  1501.750 7.152E+09
  1502.000 7.016E+09
  1502.250 6.860E+09
  1502.500 6.950E+09
  1502.750 7.092E+09
  1503.000 7.073E+09
  1503.250 6.848E+09
  1503.500 6.766E+09
  1503.750 6.885E+09
  1504.000 6.920E+09
  1504.250 6.754E+09
  1504.500 6.656E+09
  1504.750 6.736E+09
  1505.000 6.932E+09
  1505.250 7.056E+09
  1505.500 7.044E+09
  1505.750 6.933E+09
  1506.000 7.062E+09
  1506.250 7.218E+09
  1506.500 7.241E+09
  1506.750 7.141E+09
  1507.000 6.963E+09
  1507.250 7.051E+09
  1507.500 7.180E+09
  1507.750 7.179E+09
  1508.000 7.160E+09
  1508.250 7.176E+09
  1508.500 7.205E+09
  1508.750 7.115E+09
  1509.000 7.009E+09
  1509.250 7.041E+09
  1509.500 7.033E+09
  1509.750 7.003E+09
  1510.000 7.086E+09
  1510.250 7.149E+09
  1510.500 7.152E+09
  1510.750 7.130E+09
  1511.000 6.970E+09
  1511.250 6.769E+09
  1511.500 6.854E+09
  1511.750 7.049E+09
  1512.000 7.068E+09
  1512.250 7.007E+09
  1512.500 6.807E+09
  1512.750 6.491E+09
  1513.000 6.569E+09
  1513.250 6.788E+09
  1513.500 6.769E+09
  1513.750 6.896E+09
  1514.000 7.088E+09
  1514.250 7.129E+09
  1514.500 7.071E+09
  1514.750 6.878E+09
  1515.000 6.813E+09
  1515.250 6.961E+09
  1515.500 6.928E+09
  1515.750 6.900E+09
  1516.000 6.871E+09
  1516.250 6.831E+09
  1516.500 6.554E+09
  1516.750 6.491E+09
  1517.000 6.892E+09
  1517.250 7.084E+09
  1517.500 6.984E+09
  1517.750 6.763E+09
  1518.000 6.872E+09
  1518.250 7.052E+09
  1518.500 7.055E+09
  1518.750 6.900E+09
  1519.000 6.681E+09
  1519.250 6.763E+09
  1519.500 6.742E+09
  1519.750 6.687E+09
  1520.000 6.820E+09
  1520.250 6.897E+09
  1520.500 6.722E+09
  1520.750 6.705E+09
  1521.000 6.882E+09
  1521.250 6.924E+09
  1521.500 6.853E+09
  1521.750 6.891E+09
  1522.000 6.991E+09
  1522.250 7.015E+09
  1522.500 7.016E+09
  1522.750 7.015E+09
  1523.000 7.020E+09
  1523.250 6.988E+09
  1523.500 6.916E+09
  1523.750 6.690E+09
  1524.000 6.540E+09
  1524.250 6.714E+09
  1524.500 6.862E+09
  1524.750 6.822E+09
  1525.000 6.560E+09
  1525.250 6.369E+09
  1525.500 6.545E+09
  1525.750 6.664E+09
  1526.000 6.498E+09
  1526.250 6.477E+09
  1526.500 6.328E+09
  1526.750 6.269E+09
  1527.000 6.599E+09
  1527.250 6.757E+09
  1527.500 6.601E+09
  1527.750 6.342E+09
  1528.000 6.303E+09
  1528.250 6.441E+09
  1528.500 6.587E+09
  1528.750 6.761E+09
  1529.000 6.862E+09
  1529.250 6.889E+09
  1529.500 6.824E+09
  1529.750 6.555E+09
  1530.000 5.976E+09
  1530.250 5.788E+09
  1530.500 6.295E+09
  1530.750 6.729E+09
  1531.000 6.633E+09
  1531.250 6.368E+09
  1531.500 6.300E+09
  1531.750 6.044E+09
  1532.000 6.082E+09
  1532.250 6.148E+09
  1532.500 5.874E+09
  1532.750 5.770E+09
  1533.000 5.717E+09
  1533.250 5.649E+09
  1533.500 5.991E+09
  1533.750 5.991E+09
  1534.000 5.958E+09
  1534.250 6.434E+09
  1534.500 6.512E+09
  1534.750 6.382E+09
  1535.000 6.546E+09
  1535.250 6.613E+09
  1535.500 6.419E+09
  1535.750 6.413E+09
  1536.000 6.648E+09
  1536.250 6.569E+09
  1536.500 6.301E+09
  1536.750 6.394E+09
  1537.000 6.528E+09
  1537.250 6.486E+09
  1537.500 6.590E+09
  1537.750 6.579E+09
  1538.000 6.333E+09
  1538.250 6.134E+09
  1538.500 6.348E+09
  1538.750 6.401E+09
  1539.000 6.283E+09
  1539.250 6.270E+09
  1539.500 6.352E+09
  1539.750 6.503E+09
  1540.000 6.502E+09
  1540.250 6.299E+09
  1540.500 6.178E+09
  1540.750 6.287E+09
  1541.000 6.213E+09
  1541.250 6.238E+09
  1541.500 6.375E+09
  1541.750 6.331E+09
  1542.000 6.023E+09
  1542.250 5.837E+09
  1542.500 5.829E+09
  1542.750 5.724E+09
  1543.000 5.785E+09
  1543.250 5.582E+09
  1543.500 5.640E+09
  1543.750 5.915E+09
  1544.000 5.857E+09
  1544.250 5.598E+09
  1544.500 5.464E+09
  1544.750 5.574E+09
  1545.000 5.651E+09
  1545.250 5.482E+09
  1545.500 5.345E+09
  1545.750 5.330E+09
  1546.000 5.150E+09
  1546.250 4.834E+09
  1546.500 4.657E+09
  1546.750 4.569E+09
  1547.000 4.372E+09
  1547.250 4.117E+09
  1547.500 3.841E+09
  1547.750 3.529E+09
  1548.000 3.147E+09
  1548.250 3.001E+09
  1548.500 3.302E+09
  1548.750 3.647E+09
  1549.000 3.897E+09
  1549.250 4.089E+09
  1549.500 4.192E+09
  1549.750 4.167E+09
  1550.000 4.017E+09
  1550.250 3.769E+09
  1550.500 3.376E+09
  1550.750 3.071E+09
  1551.000 3.301E+09
  1551.250 3.753E+09
  1551.500 4.124E+09
  1551.750 4.417E+09
  1552.000 4.628E+09
  1552.250 4.786E+09
  1552.500 4.951E+09
  1552.750 5.126E+09
  1553.000 5.207E+09
  1553.250 5.188E+09
  1553.500 5.436E+09
  1553.750 5.660E+09
  1554.000 5.563E+09
  1554.250 5.510E+09
  1554.500 5.683E+09
  1554.750 5.665E+09
  1555.000 5.728E+09
  1555.250 5.872E+09
  1555.500 5.901E+09
  1555.750 5.848E+09
  1556.000 5.704E+09
  1556.250 5.800E+09
  1556.500 5.876E+09
  1556.750 5.813E+09
  1557.000 5.651E+09
  1557.250 5.416E+09
  1557.500 5.614E+09
  1557.750 6.000E+09
  1558.000 6.123E+09
  1558.250 6.113E+09
  1558.500 6.079E+09
  1558.750 5.970E+09
  1559.000 5.808E+09
  1559.250 5.816E+09
  1559.500 6.145E+09
  1559.750 6.186E+09
  1560.000 5.910E+09
  1560.250 5.640E+09
  1560.500 5.772E+09
  1560.750 6.057E+09
  1561.000 6.081E+09
  1561.250 5.887E+09
  1561.500 6.113E+09
  1561.750 6.367E+09
  1562.000 6.273E+09
  1562.250 5.920E+09
  1562.500 5.706E+09
  1562.750 5.802E+09
  1563.000 5.913E+09
  1563.250 5.876E+09
  1563.500 5.900E+09
  1563.750 5.962E+09
  1564.000 6.045E+09
  1564.250 5.933E+09
  1564.500 5.765E+09
  1564.750 5.796E+09
  1565.000 6.121E+09
  1565.250 6.282E+09
  1565.500 6.206E+09
  1565.750 6.064E+09
  1566.000 5.945E+09
  1566.250 5.484E+09
  1566.500 5.102E+09
  1566.750 5.369E+09
  1567.000 5.870E+09
  1567.250 6.200E+09
  1567.500 6.317E+09
  1567.750 6.230E+09
  1568.000 5.964E+09
  1568.250 5.689E+09
  1568.500 5.755E+09
  1568.750 5.869E+09
  1569.000 5.902E+09
  1569.250 5.853E+09
  1569.500 6.067E+09
  1569.750 6.136E+09
  1570.000 5.829E+09
  1570.250 5.597E+09
  1570.500 5.840E+09
  1570.750 6.153E+09
  1571.000 6.054E+09
  1571.250 5.899E+09
  1571.500 6.095E+09
  1571.750 6.174E+09
  1572.000 6.166E+09
  1572.250 6.238E+09
  1572.500 6.215E+09
  1572.750 6.070E+09
  1573.000 6.084E+09
  1573.250 6.237E+09
  1573.500 6.217E+09
  1573.750 6.103E+09
  1574.000 6.166E+09
  1574.250 6.198E+09
  1574.500 5.960E+09
  1574.750 5.768E+09
  1575.000 5.670E+09
  1575.250 5.468E+09
  1575.500 5.484E+09
  1575.750 5.723E+09
  1576.000 5.874E+09
  1576.250 5.617E+09
  1576.500 5.430E+09
  1576.750 5.778E+09
  1577.000 5.712E+09
  1577.250 5.271E+09
  1577.500 5.386E+09
  1577.750 5.259E+09
  1578.000 5.280E+09
  1578.250 5.810E+09
  1578.500 5.885E+09
  1578.750 5.782E+09
  1579.000 5.965E+09
  1579.250 6.008E+09
  1579.500 5.907E+09
  1579.750 5.845E+09
  1580.000 5.916E+09
  1580.250 5.905E+09
  1580.500 6.033E+09
  1580.750 6.037E+09
  1581.000 5.891E+09
  1581.250 5.839E+09
  1581.500 5.896E+09
  1581.750 6.001E+09
  1582.000 6.059E+09
  1582.250 5.914E+09
  1582.500 5.878E+09
  1582.750 5.934E+09
  1583.000 5.932E+09
  1583.250 5.938E+09
  1583.500 5.747E+09
  1583.750 5.585E+09
  1584.000 5.590E+09
  1584.250 5.533E+09
  1584.500 5.516E+09
  1584.750 5.668E+09
  1585.000 5.571E+09
  1585.250 5.548E+09
  1585.500 5.585E+09
  1585.750 5.313E+09
  1586.000 5.185E+09
  1586.250 5.498E+09
  1586.500 5.925E+09
  1586.750 6.087E+09
  1587.000 6.060E+09
  1587.250 5.814E+09
  1587.500 5.548E+09
  1587.750 5.591E+09
  1588.000 5.658E+09
  1588.250 5.865E+09
  1588.500 5.991E+09
  1588.750 5.810E+09
  1589.000 5.561E+09
  1589.250 5.528E+09
  1589.500 5.719E+09
  1589.750 5.740E+09
  1590.000 5.364E+09
  1590.250 5.367E+09
  1590.500 5.424E+09
  1590.750 5.348E+09
  1591.000 5.431E+09
  1591.250 5.221E+09
  1591.500 4.839E+09
  1591.750 4.751E+09
  1592.000 4.979E+09
  1592.250 5.464E+09
  1592.500 5.792E+09
  1592.750 5.910E+09
  1593.000 5.829E+09
  1593.250 5.693E+09
  1593.500 5.705E+09
  1593.750 5.760E+09
  1594.000 5.848E+09
  1594.250 5.909E+09
  1594.500 5.854E+09
  1594.750 5.690E+09
  1595.000 5.698E+09
  1595.250 5.891E+09
  1595.500 5.888E+09
  1595.750 5.763E+09
  1596.000 5.817E+09
  1596.250 5.833E+09
  1596.500 5.781E+09
  1596.750 5.817E+09
  1597.000 5.877E+09
  1597.250 5.834E+09
  1597.500 5.822E+09
  1597.750 5.718E+09
  1598.000 5.524E+09
  1598.250 5.563E+09
  1598.500 5.527E+09
  1598.750 5.529E+09
  1599.000 5.739E+09
  1599.250 5.918E+09
  1599.500 5.935E+09
  1599.750 5.898E+09
  1600.000 5.866E+09
  1600.250 5.666E+09
  1600.500 5.363E+09
  1600.750 5.559E+09
  1601.000 5.732E+09
  1601.250 5.532E+09
  1601.500 5.224E+09
  1601.750 4.930E+09
  1602.000 5.074E+09
  1602.250 5.576E+09
  1602.500 5.866E+09
  1602.750 5.847E+09
  1603.000 5.601E+09
  1603.250 5.455E+09
  1603.500 5.532E+09
  1603.750 5.512E+09
  1604.000 5.676E+09
  1604.250 5.673E+09
  1604.500 5.384E+09
  1604.750 4.978E+09
  1605.000 5.073E+09
  1605.250 5.556E+09
  1605.500 5.583E+09
  1605.750 5.279E+09
  1606.000 5.251E+09
  1606.250 5.428E+09
  1606.500 5.410E+09
  1606.750 5.317E+09
  1607.000 5.468E+09
  1607.250 5.648E+09
  1607.500 5.513E+09
  1607.750 5.340E+09
  1608.000 5.505E+09
  1608.250 5.707E+09
  1608.500 5.715E+09
  1608.750 5.372E+09
  1609.000 4.902E+09
  1609.250 5.173E+09
  1609.500 5.463E+09
  1609.750 4.979E+09
  1610.000 4.625E+09
  1610.250 4.817E+09
  1610.500 4.957E+09
  1610.750 5.121E+09
  1611.000 5.113E+09
  1611.250 5.258E+09
  1611.500 5.498E+09
  1611.750 5.228E+09
  1612.000 5.055E+09
  1612.250 5.304E+09
  1612.500 5.240E+09
  1612.750 5.259E+09
  1613.000 5.528E+09
  1613.250 5.556E+09
  1613.500 5.482E+09
  1613.750 5.299E+09
  1614.000 5.023E+09
  1614.250 5.212E+09
  1614.500 5.397E+09
  1614.750 5.380E+09
  1615.000 5.302E+09
  1615.250 5.174E+09
  1615.500 5.202E+09
  1615.750 5.385E+09
  1616.000 5.535E+09
  1616.250 5.541E+09
  1616.500 5.403E+09
  1616.750 5.266E+09
  1617.000 5.413E+09
  1617.250 5.518E+09
  1617.500 5.377E+09
  1617.750 5.316E+09
  1618.000 5.498E+09
  1618.250 5.517E+09
  1618.500 5.407E+09
  1618.750 5.488E+09
  1619.000 5.564E+09
  1619.250 5.539E+09
  1619.500 5.562E+09
  1619.750 5.359E+09
  1620.000 4.719E+09
  1620.250 4.327E+09
  1620.500 4.255E+09
  1620.750 4.290E+09
  1621.000 4.555E+09
  1621.250 4.908E+09
  1621.500 5.143E+09
  1621.750 5.378E+09
  1622.000 5.576E+09
  1622.250 5.540E+09
  1622.500 5.533E+09
  1622.750 5.579E+09
  1623.000 5.483E+09
  1623.250 5.065E+09
  1623.500 4.692E+09
  1623.750 4.800E+09
  1624.000 4.840E+09
  1624.250 5.053E+09
  1624.500 5.352E+09
  1624.750 5.293E+09
  1625.000 5.115E+09
  1625.250 5.155E+09
  1625.500 5.385E+09
  1625.750 5.515E+09
  1626.000 5.388E+09
  1626.250 5.055E+09
  1626.500 4.996E+09
  1626.750 5.109E+09
  1627.000 5.027E+09
  1627.250 4.929E+09
  1627.500 5.112E+09
  1627.750 5.445E+09
  1628.000 5.475E+09
  1628.250 5.340E+09
  1628.500 5.235E+09
  1628.750 5.159E+09
  1629.000 4.756E+09
  1629.250 4.636E+09
  1629.500 5.207E+09
  1629.750 5.444E+09
  1630.000 5.103E+09
  1630.250 4.802E+09
  1630.500 4.944E+09
  1630.750 5.011E+09
  1631.000 4.931E+09
  1631.250 5.027E+09
  1631.500 5.034E+09
  1631.750 5.038E+09
  1632.000 5.039E+09
  1632.250 4.910E+09
  1632.500 5.049E+09
  1632.750 5.340E+09
  1633.000 5.362E+09
  1633.250 5.392E+09
  1633.500 5.423E+09
  1633.750 5.272E+09
  1634.000 5.170E+09
  1634.250 5.146E+09
  1634.500 4.856E+09
  1634.750 4.862E+09
  1635.000 5.208E+09
  1635.250 5.243E+09
  1635.500 5.166E+09
  1635.750 5.149E+09
  1636.000 5.230E+09
  1636.250 5.322E+09
  1636.500 5.325E+09
  1636.750 5.289E+09
  1637.000 5.208E+09
  1637.250 5.187E+09
  1637.500 5.199E+09
  1637.750 5.133E+09
  1638.000 4.957E+09
  1638.250 4.742E+09
  1638.500 4.688E+09
  1638.750 4.793E+09
  1639.000 4.735E+09
  1639.250 4.462E+09
  1639.500 4.209E+09
  1639.750 3.972E+09
  1640.000 3.481E+09
  1640.250 2.968E+09
  1640.500 2.895E+09
  1640.750 3.339E+09
  1641.000 3.865E+09
  1641.250 4.219E+09
  1641.500 4.374E+09
  1641.750 4.397E+09
  1642.000 4.518E+09
  1642.250 4.746E+09
  1642.500 4.848E+09
  1642.750 4.729E+09
  1643.000 4.837E+09
  1643.250 4.993E+09
  1643.500 5.037E+09
  1643.750 5.119E+09
  1644.000 5.105E+09
  1644.250 5.174E+09
  1644.500 5.204E+09
  1644.750 4.938E+09
  1645.000 4.587E+09
  1645.250 4.821E+09
  1645.500 5.133E+09
  1645.750 5.181E+09
  1646.000 5.247E+09
  1646.250 5.306E+09
  1646.500 5.312E+09
  1646.750 5.224E+09
  1647.000 4.991E+09
  1647.250 5.034E+09
  1647.500 5.259E+09
  1647.750 5.324E+09
  1648.000 5.333E+09
  1648.250 5.335E+09
  1648.500 5.301E+09
  1648.750 5.183E+09
  1649.000 5.082E+09
  1649.250 5.121E+09
  1649.500 5.180E+09
  1649.750 5.165E+09
  1650.000 5.137E+09
  1650.250 5.204E+09
  1650.500 5.206E+09
  1650.750 5.180E+09
  1651.000 5.255E+09
  1651.250 5.216E+09
  1651.500 5.009E+09
  1651.750 5.046E+09
  1652.000 5.213E+09
  1652.250 5.245E+09
  1652.500 5.143E+09
  1652.750 4.969E+09
  1653.000 4.922E+09
  1653.250 4.899E+09
  1653.500 4.857E+09
  1653.750 4.968E+09
  1654.000 5.006E+09
  1654.250 5.050E+09
  1654.500 5.011E+09
  1654.750 4.993E+09
  1655.000 5.175E+09
  1655.250 5.266E+09
  1655.500 5.210E+09
  1655.750 5.124E+09
  1656.000 4.948E+09
  1656.250 4.906E+09
  1656.500 4.908E+09
  1656.750 4.925E+09
  1657.000 5.026E+09
  1657.250 4.975E+09
  1657.500 4.952E+09
  1657.750 4.863E+09
  1658.000 4.818E+09
  1658.250 4.741E+09
  1658.500 4.854E+09
  1658.750 5.056E+09
  1659.000 5.030E+09
  1659.250 5.106E+09
  1659.500 5.198E+09
  1659.750 5.113E+09
  1660.000 4.889E+09
  1660.250 4.907E+09
  1660.500 5.030E+09
  1660.750 5.047E+09
  1661.000 4.971E+09
  1661.250 4.887E+09
  1661.500 4.836E+09
  1661.750 4.927E+09
  1662.000 4.981E+09
  1662.250 4.741E+09
  1662.500 4.643E+09
  1662.750 4.928E+09
  1663.000 5.126E+09
  1663.250 5.065E+09
  1663.500 4.917E+09
  1663.750 5.023E+09
  1664.000 5.107E+09
  1664.250 4.932E+09
  1664.500 4.815E+09
  1664.750 4.870E+09
  1665.000 4.961E+09
  1665.250 5.095E+09
  1665.500 5.159E+09
  1665.750 5.174E+09
  1666.000 5.151E+09
  1666.250 5.018E+09
  1666.500 4.825E+09
  1666.750 4.902E+09
  1667.000 4.999E+09
  1667.250 5.095E+09
  1667.500 5.080E+09
  1667.750 4.908E+09
  1668.000 4.725E+09
  1668.250 4.749E+09
  1668.500 4.922E+09
  1668.750 4.986E+09
  1669.000 4.995E+09
  1669.250 4.973E+09
  1669.500 4.827E+09
  1669.750 4.777E+09
  1670.000 4.933E+09
  1670.250 5.043E+09
  1670.500 4.918E+09
  1670.750 4.675E+09
  1671.000 4.664E+09
  1671.250 4.901E+09
  1671.500 5.045E+09
  1671.750 4.923E+09
  1672.000 4.738E+09
  1672.250 4.597E+09
  1672.500 4.551E+09
  1672.750 4.563E+09
  1673.000 4.650E+09
  1673.250 4.758E+09
  1673.500 4.699E+09
  1673.750 4.750E+09
  1674.000 4.994E+09
  1674.250 5.096E+09
  1674.500 5.104E+09
  1674.750 5.101E+09
  1675.000 5.091E+09
  1675.250 5.009E+09
  1675.500 4.770E+09
  1675.750 4.739E+09
  1676.000 4.949E+09
  1676.250 4.869E+09
  1676.500 4.674E+09
  1676.750 4.677E+09
  1677.000 4.737E+09
  1677.250 4.852E+09
  1677.500 4.973E+09
  1677.750 5.015E+09
  1678.000 5.041E+09
  1678.250 5.046E+09
  1678.500 5.036E+09
  1678.750 4.979E+09
  1679.000 4.796E+09
  1679.250 4.739E+09
  1679.500 4.933E+09
  1679.750 5.023E+09
  1680.000 5.009E+09
  1680.250 4.996E+09
  1680.500 5.015E+09
  1680.750 5.015E+09
  1681.000 4.933E+09
  1681.250 4.776E+09
  1681.500 4.755E+09
  1681.750 4.664E+09
  1682.000 4.660E+09
  1682.250 4.877E+09
  1682.500 4.991E+09
  1682.750 5.004E+09
  1683.000 4.992E+09
  1683.250 4.993E+09
  1683.500 5.001E+09
  1683.750 4.987E+09
  1684.000 4.973E+09
  1684.250 4.968E+09
  1684.500 4.971E+09
  1684.750 4.985E+09
  1685.000 4.993E+09
  1685.250 4.990E+09
  1685.500 4.962E+09
  1685.750 4.896E+09
  1686.000 4.894E+09
  1686.250 4.893E+09
  1686.500 4.636E+09
  1686.750 4.382E+09
  1687.000 4.557E+09
  1687.250 4.597E+09
  1687.500 4.315E+09
  1687.750 4.377E+09
  1688.000 4.764E+09
  1688.250 4.937E+09
  1688.500 4.956E+09
  1688.750 4.954E+09
  1689.000 4.946E+09
  1689.250 4.917E+09
  1689.500 4.813E+09
  1689.750 4.664E+09
  1690.000 4.493E+09
  1690.250 4.448E+09
  1690.500 4.507E+09
  1690.750 4.636E+09
  1691.000 4.825E+09
  1691.250 4.911E+09
  1691.500 4.903E+09
  1691.750 4.855E+09
  1692.000 4.724E+09
  1692.250 4.696E+09
  1692.500 4.798E+09
  1692.750 4.815E+09
  1693.000 4.812E+09
  1693.250 4.836E+09
  1693.500 4.884E+09
  1693.750 4.855E+09
  1694.000 4.802E+09
  1694.250 4.784E+09
  1694.500 4.695E+09
  1694.750 4.727E+09
  1695.000 4.824E+09
  1695.250 4.849E+09
  1695.500 4.781E+09
  1695.750 4.666E+09
  1696.000 4.754E+09
  1696.250 4.851E+09
  1696.500 4.850E+09
  1696.750 4.816E+09
  1697.000 4.807E+09
  1697.250 4.813E+09
  1697.500 4.809E+09
  1697.750 4.818E+09
  1698.000 4.800E+09
  1698.250 4.757E+09
  1698.500 4.689E+09
  1698.750 4.494E+09
  1699.000 4.505E+09
  1699.250 4.708E+09
  1699.500 4.742E+09
  1699.750 4.754E+09
  1700.000 4.768E+09
  1700.250 4.593E+09
  1700.500 4.448E+09
  1700.750 4.401E+09
  1701.000 4.418E+09
  1701.250 4.553E+09
  1701.500 4.619E+09
  1701.750 4.745E+09
  1702.000 4.816E+09
  1702.250 4.808E+09
  1702.500 4.759E+09
  1702.750 4.725E+09
  1703.000 4.764E+09
  1703.250 4.757E+09
  1703.500 4.644E+09
  1703.750 4.647E+09
  1704.000 4.743E+09
  1704.250 4.764E+09
  1704.500 4.745E+09
  1704.750 4.606E+09
  1705.000 4.545E+09
  1705.250 4.696E+09
  1705.500 4.729E+09
  1705.750 4.716E+09
  1706.000 4.749E+09
  1706.250 4.716E+09
  1706.500 4.598E+09
  1706.750 4.579E+09
  1707.000 4.478E+09
  1707.250 4.255E+09
  1707.500 4.401E+09
  1707.750 4.673E+09
  1708.000 4.744E+09
  1708.250 4.700E+09
  1708.500 4.583E+09
  1708.750 4.627E+09
  1709.000 4.733E+09
  1709.250 4.744E+09
  1709.500 4.639E+09
  1709.750 4.444E+09
  1710.000 4.534E+09
  1710.250 4.704E+09
  1710.500 4.727E+09
  1710.750 4.672E+09
  1711.000 4.591E+09
  1711.250 4.447E+09
  1711.500 4.421E+09
  1711.750 4.627E+09
  1712.000 4.690E+09
  1712.250 4.661E+09
  1712.500 4.548E+09
  1712.750 4.394E+09
  1713.000 4.541E+09
  1713.250 4.682E+09
  1713.500 4.687E+09
  1713.750 4.664E+09
  1714.000 4.633E+09
  1714.250 4.632E+09
  1714.500 4.665E+09
  1714.750 4.636E+09
  1715.000 4.567E+09
  1715.250 4.598E+09
  1715.500 4.642E+09
  1715.750 4.641E+09
  1716.000 4.632E+09
  1716.250 4.588E+09
  1716.500 4.515E+09
  1716.750 4.472E+09
  1717.000 4.393E+09
  1717.250 4.418E+09
  1717.500 4.481E+09
  1717.750 4.233E+09
  1718.000 3.858E+09
  1718.250 3.443E+09
  1718.500 3.067E+09
  1718.750 3.447E+09
  1719.000 4.088E+09
  1719.250 4.275E+09
  1719.500 4.289E+09
  1719.750 4.472E+09
  1720.000 4.556E+09
  1720.250 4.475E+09
  1720.500 4.382E+09
  1720.750 4.472E+09
  1721.000 4.576E+09
  1721.250 4.558E+09
  1721.500 4.442E+09
  1721.750 4.423E+09
  1722.000 4.479E+09
  1722.250 4.275E+09
  1722.500 3.843E+09
  1722.750 3.921E+09
  1723.000 4.349E+09
  1723.250 4.539E+09
  1723.500 4.527E+09
  1723.750 4.397E+09
  1724.000 4.116E+09
  1724.250 4.105E+09
  1724.500 4.300E+09
  1724.750 4.404E+09
  1725.000 4.495E+09
  1725.250 4.401E+09
  1725.500 4.089E+09
  1725.750 4.150E+09
  1726.000 4.456E+09
  1726.250 4.501E+09
  1726.500 4.415E+09
  1726.750 4.427E+09
  1727.000 4.405E+09
  1727.250 4.161E+09
  1727.500 4.176E+09
  1727.750 4.452E+09
  1728.000 4.500E+09
  1728.250 4.422E+09
  1728.500 4.454E+09
  1728.750 4.521E+09
  1729.000 4.544E+09
  1729.250 4.484E+09
  1729.500 4.328E+09
  1729.750 4.059E+09
  1730.000 3.917E+09
  1730.250 4.063E+09
  1730.500 4.299E+09
  1730.750 4.419E+09
  1731.000 4.373E+09
  1731.250 4.282E+09
  1731.500 4.350E+09
  1731.750 4.419E+09
  1732.000 4.442E+09
  1732.250 4.489E+09
  1732.500 4.443E+09
  1732.750 4.262E+09
  1733.000 4.239E+09
  1733.250 4.413E+09
  1733.500 4.503E+09
  1733.750 4.491E+09
  1734.000 4.459E+09
  1734.250 4.467E+09
  1734.500 4.461E+09
  1734.750 4.447E+09
  1735.000 4.484E+09
  1735.250 4.499E+09
  1735.500 4.444E+09
  1735.750 4.385E+09
  1736.000 4.403E+09
  1736.250 4.353E+09
  1736.500 4.375E+09
  1736.750 4.466E+09
  1737.000 4.449E+09
  1737.250 4.353E+09
  1737.500 4.364E+09
  1737.750 4.443E+09
  1738.000 4.479E+09
  1738.250 4.463E+09
  1738.500 4.373E+09
  1738.750 4.209E+09
  1739.000 4.132E+09
  1739.250 4.276E+09
  1739.500 4.424E+09
  1739.750 4.462E+09
  1740.000 4.451E+09
  1740.250 4.440E+09
  1740.500 4.411E+09
  1740.750 4.363E+09
  1741.000 4.363E+09
  1741.250 4.383E+09
  1741.500 4.363E+09
  1741.750 4.343E+09
  1742.000 4.297E+09
  1742.250 4.272E+09
  1742.500 4.357E+09
  1742.750 4.377E+09
  1743.000 4.342E+09
  1743.250 4.366E+09
  1743.500 4.382E+09
  1743.750 4.405E+09
  1744.000 4.420E+09
  1744.250 4.429E+09
  1744.500 4.429E+09
  1744.750 4.416E+09
  1745.000 4.337E+09
  1745.250 4.153E+09
  1745.500 4.146E+09
  1745.750 4.330E+09
  1746.000 4.407E+09
  1746.250 4.415E+09
  1746.500 4.404E+09
  1746.750 4.383E+09
  1747.000 4.366E+09
  1747.250 4.332E+09
  1747.500 4.150E+09
  1747.750 3.829E+09
  1748.000 3.897E+09
  1748.250 4.205E+09
  1748.500 4.335E+09
  1748.750 4.306E+09
  1749.000 4.282E+09
  1749.250 4.330E+09
  1749.500 4.337E+09
  1749.750 4.361E+09
  1750.000 4.380E+09
  1750.250 4.356E+09
  1750.500 4.283E+09
  1750.750 4.246E+09
  1751.000 4.077E+09
  1751.250 3.778E+09
  1751.500 3.625E+09
  1751.750 3.697E+09
  1752.000 4.129E+09
  1752.250 4.333E+09
  1752.500 4.346E+09
  1752.750 4.297E+09
  1753.000 4.192E+09
  1753.250 4.190E+09
  1753.500 4.194E+09
  1753.750 4.131E+09
  1754.000 4.203E+09
  1754.250 4.297E+09
  1754.500 4.261E+09
  1754.750 4.261E+09
  1755.000 4.318E+09
  1755.250 4.322E+09
  1755.500 4.266E+09
  1755.750 4.255E+09
  1756.000 4.309E+09
  1756.250 4.325E+09
  1756.500 4.325E+09
  1756.750 4.324E+09
  1757.000 4.322E+09
  1757.250 4.322E+09
  1757.500 4.312E+09
  1757.750 4.267E+09
  1758.000 4.231E+09
  1758.250 4.233E+09
  1758.500 4.178E+09
  1758.750 4.196E+09
  1759.000 4.264E+09
  1759.250 4.287E+09
  1759.500 4.267E+09
  1759.750 4.239E+09
  1760.000 4.257E+09
  1760.250 4.187E+09
  1760.500 4.025E+09
  1760.750 4.006E+09
  1761.000 3.942E+09
  1761.250 3.980E+09
  1761.500 4.180E+09
  1761.750 4.265E+09
  1762.000 4.265E+09
  1762.250 4.254E+09
  1762.500 4.246E+09
  1762.750 4.182E+09
  1763.000 4.121E+09
  1763.250 4.190E+09
  1763.500 4.240E+09
  1763.750 4.233E+09
  1764.000 4.220E+09
  1764.250 4.129E+09
  1764.500 3.876E+09
  1764.750 3.754E+09
  1765.000 3.933E+09
  1765.250 4.141E+09
  1765.500 4.214E+09
  1765.750 4.240E+09
  1766.000 4.222E+09
  1766.250 4.116E+09
  1766.500 4.034E+09
  1766.750 4.119E+09
  1767.000 4.150E+09
  1767.250 4.133E+09
  1767.500 4.170E+09
  1767.750 4.217E+09
  1768.000 4.228E+09
  1768.250 4.226E+09
  1768.500 4.210E+09
  1768.750 4.144E+09
  1769.000 4.046E+09
  1769.250 4.095E+09
  1769.500 4.150E+09
  1769.750 4.166E+09
  1770.000 4.182E+09
  1770.250 4.163E+09
  1770.500 4.169E+09
  1770.750 4.184E+09
  1771.000 4.187E+09
  1771.250 4.187E+09
  1771.500 4.196E+09
  1771.750 4.191E+09
  1772.000 4.131E+09
  1772.250 4.004E+09
  1772.500 4.015E+09
  1772.750 4.091E+09
  1773.000 3.977E+09
  1773.250 3.955E+09
  1773.500 4.079E+09
  1773.750 4.135E+09
  1774.000 4.161E+09
  1774.250 4.176E+09
  1774.500 4.153E+09
  1774.750 4.105E+09
  1775.000 4.129E+09
  1775.250 4.166E+09
  1775.500 4.171E+09
  1775.750 4.160E+09
  1776.000 4.140E+09
  1776.250 4.131E+09
  1776.500 4.127E+09
  1776.750 4.095E+09
  1777.000 4.077E+09
  1777.250 4.116E+09
  1777.500 4.102E+09
  1777.750 4.027E+09
  1778.000 4.055E+09
  1778.250 4.120E+09
  1778.500 4.099E+09
  1778.750 3.955E+09
  1779.000 3.779E+09
  1779.250 3.884E+09
  1779.500 4.081E+09
  1779.750 4.128E+09
  1780.000 4.124E+09
  1780.250 4.114E+09
  1780.500 4.040E+09
  1780.750 3.969E+09
  1781.000 4.028E+09
  1781.250 4.089E+09
  1781.500 4.105E+09
  1781.750 4.062E+09
  1782.000 3.992E+09
  1782.250 3.974E+09
  1782.500 4.039E+09
  1782.750 4.032E+09
  1783.000 3.909E+09
  1783.250 3.913E+09
  1783.500 4.042E+09
  1783.750 4.098E+09
  1784.000 4.100E+09
  1784.250 4.078E+09
  1784.500 4.021E+09
  1784.750 4.021E+09
  1785.000 4.066E+09
  1785.250 4.050E+09
  1785.500 4.038E+09
  1785.750 4.043E+09
  1786.000 4.029E+09
  1786.250 4.054E+09
  1786.500 4.074E+09
  1786.750 4.078E+09
  1787.000 4.065E+09
  1787.250 4.031E+09
  1787.500 4.023E+09
  1787.750 4.017E+09
  1788.000 4.007E+09
  1788.250 3.962E+09
  1788.500 3.913E+09
  1788.750 3.944E+09
  1789.000 4.025E+09
  1789.250 4.057E+09
  1789.500 4.060E+09
  1789.750 4.059E+09
  1790.000 4.047E+09
  1790.250 3.987E+09
  1790.500 3.908E+09
  1790.750 3.918E+09
  1791.000 3.977E+09
  1791.250 4.007E+09
  1791.500 4.003E+09
  1791.750 3.947E+09
  1792.000 3.840E+09
  1792.250 3.869E+09
  1792.500 3.996E+09
  1792.750 4.007E+09
  1793.000 3.930E+09
  1793.250 3.914E+09
  1793.500 3.935E+09
  1793.750 3.847E+09
  1794.000 3.863E+09
  1794.250 3.967E+09
  1794.500 3.961E+09
  1794.750 3.958E+09
  1795.000 3.996E+09
  1795.250 4.004E+09
  1795.500 3.963E+09
  1795.750 3.905E+09
  1796.000 3.900E+09
  1796.250 3.931E+09
  1796.500 3.961E+09
  1796.750 3.874E+09
  1797.000 3.802E+09
  1797.250 3.898E+09
  1797.500 3.952E+09
  1797.750 3.976E+09
  1798.000 3.973E+09
  1798.250 3.892E+09
  1798.500 3.773E+09
  1798.750 3.784E+09
  1799.000 3.856E+09
  1799.250 3.923E+09
  1799.500 3.933E+09
  1799.750 3.952E+09
  1800.000 3.959E+09
  1800.250 3.922E+09
  1800.500 3.855E+09
  1800.750 3.846E+09
  1801.000 3.896E+09
  1801.250 3.877E+09
  1801.500 3.842E+09
  1801.750 3.890E+09
  1802.000 3.927E+09
  1802.250 3.936E+09
  1802.500 3.903E+09
  1802.750 3.877E+09
  1803.000 3.913E+09
  1803.250 3.938E+09
  1803.500 3.939E+09
  1803.750 3.934E+09
  1804.000 3.913E+09
  1804.250 3.789E+09
  1804.500 3.669E+09
  1804.750 3.791E+09
  1805.000 3.864E+09
  1805.250 3.776E+09
  1805.500 3.676E+09
  1805.750 3.693E+09
  1806.000 3.834E+09
  1806.250 3.896E+09
  1806.500 3.890E+09
  1806.750 3.892E+09
  1807.000 3.909E+09
  1807.250 3.856E+09
  1807.500 3.732E+09
  1807.750 3.769E+09
  1808.000 3.876E+09
  1808.250 3.889E+09
  1808.500 3.863E+09
  1808.750 3.863E+09
  1809.000 3.878E+09
  1809.250 3.808E+09
  1809.500 3.752E+09
  1809.750 3.792E+09
  1810.000 3.741E+09
  1810.250 3.776E+09
  1810.500 3.845E+09
  1810.750 3.869E+09
  1811.000 3.834E+09
  1811.250 3.773E+09
  1811.500 3.824E+09
  1811.750 3.872E+09
  1812.000 3.834E+09
  1812.250 3.723E+09
  1812.500 3.685E+09
  1812.750 3.777E+09
  1813.000 3.853E+09
  1813.250 3.870E+09
  1813.500 3.875E+09
  1813.750 3.876E+09
  1814.000 3.874E+09
  1814.250 3.873E+09
  1814.500 3.871E+09
  1814.750 3.861E+09
  1815.000 3.834E+09
  1815.250 3.827E+09
  1815.500 3.845E+09
  1815.750 3.838E+09
  1816.000 3.791E+09
  1816.250 3.769E+09
  1816.500 3.797E+09
  1816.750 3.818E+09
  1817.000 3.822E+09
  1817.250 3.769E+09
  1817.500 3.762E+09
  1817.750 3.822E+09
  1818.000 3.844E+09
  1818.250 3.839E+09
  1818.500 3.823E+09
  1818.750 3.804E+09
  1819.000 3.774E+09
  1819.250 3.749E+09
  1819.500 3.785E+09
  1819.750 3.765E+09
  1820.000 3.690E+09
  1820.250 3.652E+09
  1820.500 3.665E+09
  1820.750 3.762E+09
  1821.000 3.752E+09
  1821.250 3.720E+09
  1821.500 3.766E+09
  1821.750 3.796E+09
  1822.000 3.810E+09
  1822.250 3.812E+09
  1822.500 3.812E+09
  1822.750 3.810E+09
  1823.000 3.794E+09
  1823.250 3.760E+09
  1823.500 3.766E+09
  1823.750 3.796E+09
  1824.000 3.803E+09
  1824.250 3.802E+09
  1824.500 3.796E+09
  1824.750 3.767E+09
  1825.000 3.729E+09
  1825.250 3.752E+09
  1825.500 3.782E+09
  1825.750 3.776E+09
  1826.000 3.724E+09
  1826.250 3.682E+09
  1826.500 3.714E+09
  1826.750 3.684E+09
  1827.000 3.683E+09
  1827.250 3.706E+09
  1827.500 3.691E+09
  1827.750 3.633E+09
  1828.000 3.551E+09
  1828.250 3.663E+09
  1828.500 3.755E+09
  1828.750 3.768E+09
  1829.000 3.766E+09
  1829.250 3.762E+09
  1829.500 3.754E+09
  1829.750 3.715E+09
  1830.000 3.635E+09
  1830.250 3.623E+09
  1830.500 3.692E+09
  1830.750 3.737E+09
  1831.000 3.699E+09
  1831.250 3.624E+09
  1831.500 3.666E+09
  1831.750 3.728E+09
  1832.000 3.744E+09
  1832.250 3.744E+09
  1832.500 3.743E+09
  1832.750 3.741E+09
  1833.000 3.737E+09
  1833.250 3.728E+09
  1833.500 3.708E+09
  1833.750 3.684E+09
  1834.000 3.699E+09
  1834.250 3.723E+09
  1834.500 3.726E+09
  1834.750 3.726E+09
  1835.000 3.724E+09
  1835.250 3.723E+09
  1835.500 3.721E+09
  1835.750 3.719E+09
  1836.000 3.716E+09
  1836.250 3.715E+09
  1836.500 3.714E+09
  1836.750 3.711E+09
  1837.000 3.700E+09
  1837.250 3.636E+09
  1837.500 3.558E+09
  1837.750 3.614E+09
  1838.000 3.663E+09
  1838.250 3.638E+09
  1838.500 3.614E+09
  1838.750 3.627E+09
  1839.000 3.662E+09
  1839.250 3.683E+09
  1839.500 3.689E+09
  1839.750 3.658E+09
  1840.000 3.514E+09
  1840.250 3.425E+09
  1840.500 3.576E+09
  1840.750 3.671E+09
  1841.000 3.669E+09
  1841.250 3.633E+09
  1841.500 3.633E+09
  1841.750 3.647E+09
  1842.000 3.635E+09
  1842.250 3.646E+09
  1842.500 3.639E+09
  1842.750 3.591E+09
  1843.000 3.511E+09
  1843.250 3.535E+09
  1843.500 3.618E+09
  1843.750 3.652E+09
  1844.000 3.653E+09
  1844.250 3.644E+09
  1844.500 3.631E+09
  1844.750 3.615E+09
  1845.000 3.592E+09
  1845.250 3.491E+09
  1845.500 3.347E+09
  1845.750 3.324E+09
  1846.000 3.467E+09
  1846.250 3.560E+09
  1846.500 3.590E+09
  1846.750 3.597E+09
  1847.000 3.617E+09
  1847.250 3.626E+09
  1847.500 3.617E+09
  1847.750 3.616E+09
  1848.000 3.623E+09
  1848.250 3.617E+09
  1848.500 3.609E+09
  1848.750 3.616E+09
  1849.000 3.623E+09
  1849.250 3.612E+09
  1849.500 3.590E+09
  1849.750 3.579E+09
  1850.000 3.592E+09
