   850.000 5.547E+06
   850.250 5.550E+06
   850.500 5.557E+06
   850.750 5.530E+06
   851.000 5.418E+06
   851.250 5.350E+06
   851.500 5.438E+06
   851.750 5.441E+06
   852.000 5.448E+06
   852.250 5.559E+06
   852.500 5.562E+06
   852.750 5.542E+06
   853.000 5.594E+06
   853.250 5.631E+06
   853.500 5.638E+06
   853.750 5.596E+06
   854.000 5.463E+06
   854.250 5.427E+06
   854.500 5.564E+06
   854.750 5.684E+06
   855.000 5.705E+06
   855.250 5.640E+06
   855.500 5.514E+06
   855.750 5.503E+06
   856.000 5.530E+06
   856.250 5.525E+06
   856.500 5.643E+06
   856.750 5.740E+06
   857.000 5.713E+06
   857.250 5.629E+06
   857.500 5.594E+06
   857.750 5.544E+06
   858.000 5.246E+06
   858.250 5.045E+06
   858.500 4.897E+06
   858.750 5.248E+06
   859.000 5.703E+06
   859.250 5.744E+06
   859.500 5.417E+06
   859.750 5.239E+06
   860.000 5.554E+06
   860.250 5.616E+06
   860.500 5.614E+06
   860.750 5.734E+06
   861.000 5.833E+06
   861.250 5.802E+06
   861.500 5.652E+06
   861.750 5.314E+06
   862.000 5.389E+06
   862.250 5.714E+06
   862.500 5.750E+06
   862.750 5.364E+06
   863.000 5.131E+06
   863.250 5.288E+06
   863.500 5.535E+06
   863.750 5.786E+06
   864.000 5.793E+06
   864.250 5.811E+06
   864.500 5.866E+06
   864.750 5.985E+06
   865.000 6.052E+06
   865.250 6.058E+06
   865.500 6.072E+06
   865.750 6.021E+06
   866.000 6.005E+06
   866.250 6.092E+06
   866.500 6.147E+06
   866.750 6.135E+06
   867.000 6.109E+06
   867.250 6.080E+06
   867.500 6.007E+06
   867.750 6.062E+06
   868.000 6.176E+06
   868.250 6.151E+06
   868.500 6.096E+06
   868.750 6.116E+06
   869.000 6.184E+06
   869.250 6.252E+06
   869.500 6.251E+06
   869.750 6.238E+06
   870.000 6.220E+06
   870.250 6.171E+06
   870.500 6.138E+06
   870.750 6.167E+06
   871.000 6.274E+06
   871.250 6.342E+06
   871.500 6.355E+06
   871.750 6.300E+06
   872.000 6.233E+06
   872.250 6.308E+06
   872.500 6.372E+06
   872.750 6.362E+06
   873.000 6.283E+06
   873.250 6.203E+06
   873.500 6.221E+06
   873.750 6.356E+06
   874.000 6.377E+06
   874.250 6.376E+06
   874.500 6.427E+06
   874.750 6.452E+06
   875.000 6.375E+06
   875.250 6.086E+06
   875.500 5.872E+06
   875.750 6.008E+06
   876.000 6.195E+06
   876.250 6.373E+06
   876.500 6.419E+06
   876.750 6.475E+06
   877.000 6.557E+06
   877.250 6.586E+06
   877.500 6.578E+06
   877.750 6.549E+06
   878.000 6.514E+06
   878.250 6.491E+06
   878.500 6.556E+06
   878.750 6.608E+06
   879.000 6.610E+06
   879.250 6.602E+06
   879.500 6.542E+06
   879.750 6.542E+06
   880.000 6.583E+06
   880.250 6.580E+06
   880.500 6.563E+06
   880.750 6.550E+06
   881.000 6.481E+06
   881.250 6.576E+06
   881.500 6.683E+06
   881.750 6.726E+06
   882.000 6.698E+06
   882.250 6.687E+06
   882.500 6.764E+06
   882.750 6.797E+06
   883.000 6.780E+06
   883.250 6.764E+06
   883.500 6.724E+06
   883.750 6.720E+06
   884.000 6.801E+06
   884.250 6.824E+06
   884.500 6.790E+06
   884.750 6.821E+06
   885.000 6.884E+06
   885.250 6.905E+06
   885.500 6.925E+06
   885.750 6.931E+06
   886.000 6.918E+06
   886.250 6.932E+06
   886.500 6.966E+06
   886.750 6.980E+06
   887.000 6.975E+06
   887.250 6.942E+06
   887.500 6.942E+06
   887.750 6.991E+06
   888.000 7.028E+06
   888.250 7.034E+06
   888.500 7.028E+06
   888.750 7.022E+06
   889.000 7.043E+06
   889.250 7.074E+06
   889.500 7.073E+06
   889.750 7.054E+06
   890.000 7.067E+06
   890.250 7.099E+06
   890.500 7.051E+06
   890.750 6.942E+06
   891.000 6.895E+06
   891.250 6.849E+06
   891.500 6.950E+06
   891.750 7.090E+06
   892.000 7.082E+06
   892.250 6.994E+06
   892.500 7.009E+06
   892.750 7.164E+06
   893.000 7.216E+06
   893.250 7.226E+06
   893.500 7.213E+06
   893.750 7.142E+06
   894.000 7.148E+06
   894.250 7.227E+06
   894.500 7.236E+06
   894.750 7.252E+06
   895.000 7.312E+06
   895.250 7.329E+06
   895.500 7.319E+06
   895.750 7.330E+06
   896.000 7.349E+06
   896.250 7.369E+06
   896.500 7.389E+06
   896.750 7.399E+06
   897.000 7.403E+06
   897.250 7.395E+06
   897.500 7.345E+06
   897.750 7.336E+06
   898.000 7.414E+06
   898.250 7.459E+06
   898.500 7.465E+06
   898.750 7.454E+06
   899.000 7.438E+06
   899.250 7.358E+06
   899.500 7.345E+06
   899.750 7.469E+06
   900.000 7.516E+06
   900.250 7.527E+06
   900.500 7.533E+06
   900.750 7.470E+06
   901.000 7.385E+06
   901.250 7.478E+06
   901.500 7.570E+06
   901.750 7.590E+06
   902.000 7.616E+06
   902.250 7.630E+06
   902.500 7.627E+06
   902.750 7.610E+06
   903.000 7.597E+06
   903.250 7.401E+06
   903.500 6.653E+06
   903.750 5.813E+06
   904.000 5.104E+06
   904.250 5.349E+06
   904.500 6.241E+06
   904.750 7.208E+06
   905.000 7.630E+06
   905.250 7.608E+06
   905.500 7.649E+06
   905.750 7.746E+06
   906.000 7.756E+06
   906.250 7.602E+06
   906.500 7.324E+06
   906.750 7.296E+06
   907.000 7.483E+06
   907.250 7.710E+06
   907.500 7.662E+06
   907.750 7.631E+06
   908.000 7.736E+06
   908.250 7.812E+06
   908.500 7.868E+06
   908.750 7.867E+06
   909.000 7.816E+06
   909.250 7.805E+06
   909.500 7.898E+06
   909.750 7.960E+06
   910.000 7.954E+06
   910.250 7.800E+06
   910.500 7.604E+06
   910.750 7.670E+06
   911.000 7.786E+06
   911.250 7.924E+06
   911.500 7.910E+06
   911.750 7.823E+06
   912.000 7.944E+06
   912.250 8.001E+06
   912.500 7.813E+06
   912.750 7.635E+06
   913.000 7.870E+06
   913.250 8.075E+06
   913.500 8.146E+06
   913.750 8.093E+06
   914.000 8.028E+06
   914.250 8.128E+06
   914.500 8.220E+06
   914.750 8.279E+06
   915.000 8.318E+06
   915.250 8.158E+06
   915.500 7.702E+06
   915.750 7.074E+06
   916.000 7.221E+06
   916.250 7.908E+06
   916.500 7.958E+06
   916.750 8.655E+06
   917.000 8.678E+06
   917.250 8.883E+06
   917.500 1.107E+07
   917.750 1.129E+07
   918.000 9.085E+06
   918.250 9.303E+06
   918.500 1.219E+07
   918.750 1.378E+07
   919.000 1.232E+07
   919.250 9.223E+06
   919.500 9.582E+06
   919.750 1.344E+07
   920.000 1.731E+07
   920.250 1.831E+07
   920.500 1.562E+07
   920.750 1.097E+07
   921.000 9.038E+06
   921.250 1.263E+07
   921.500 1.774E+07
   921.750 2.081E+07
   922.000 2.228E+07
   922.250 2.252E+07
   922.500 2.018E+07
   922.750 1.531E+07
   923.000 1.017E+07
   923.250 9.515E+06
   923.500 1.420E+07
   923.750 1.974E+07
   924.000 2.426E+07
   924.250 2.840E+07
   924.500 3.141E+07
   924.750 3.179E+07
   925.000 2.986E+07
   925.250 2.713E+07
   925.500 2.315E+07
   925.750 1.772E+07
   926.000 1.169E+07
   926.250 9.077E+06
   926.500 1.271E+07
   926.750 1.899E+07
   927.000 2.502E+07
   927.250 3.066E+07
   927.500 3.625E+07
   927.750 4.054E+07
   928.000 4.302E+07
   928.250 4.416E+07
   928.500 4.415E+07
   928.750 4.530E+07
   929.000 4.337E+07
   929.250 3.928E+07
   929.500 3.517E+07
   929.750 3.016E+07
   930.000 2.434E+07
   930.250 1.844E+07
   930.500 1.247E+07
   930.750 9.239E+06
   931.000 1.267E+07
   931.250 1.934E+07
   931.500 2.573E+07
   931.750 3.093E+07
   932.000 3.548E+07
   932.250 4.382E+07
   932.500 5.303E+07
   932.750 6.117E+07
   933.000 6.999E+07
   933.250 7.861E+07
   933.500 8.662E+07
   933.750 9.336E+07
   934.000 9.826E+07
   934.250 1.002E+08
   934.500 9.545E+07
   934.750 8.787E+07
   935.000 8.548E+07
   935.250 8.190E+07
   935.500 7.492E+07
   935.750 6.684E+07
   936.000 5.811E+07
   936.250 4.930E+07
   936.500 4.060E+07
   936.750 3.331E+07
   937.000 2.756E+07
   937.250 2.080E+07
   937.500 1.352E+07
   937.750 9.243E+06
   938.000 1.183E+07
   938.250 1.874E+07
   938.500 2.564E+07
   938.750 3.216E+07
   939.000 3.871E+07
   939.250 4.669E+07
   939.500 5.678E+07
   939.750 6.811E+07
   940.000 7.989E+07
   940.250 9.303E+07
   940.500 1.075E+08
   940.750 1.220E+08
   941.000 1.392E+08
   941.250 1.547E+08
   941.500 1.691E+08
   941.750 1.896E+08
   942.000 2.103E+08
   942.250 2.156E+08
   942.500 2.149E+08
   942.750 2.278E+08
   943.000 2.538E+08
   943.250 2.686E+08
   943.500 2.668E+08
   943.750 2.568E+08
   944.000 2.585E+08
   944.250 2.802E+08
   944.500 2.812E+08
   944.750 2.501E+08
   945.000 2.030E+08
   945.250 1.696E+08
   945.500 1.631E+08
   945.750 1.553E+08
   946.000 1.356E+08
   946.250 1.330E+08
   946.500 1.367E+08
   946.750 1.267E+08
   947.000 1.142E+08
   947.250 1.013E+08
   947.500 8.720E+07
   947.750 7.199E+07
   948.000 5.895E+07
   948.250 4.871E+07
   948.500 4.039E+07
   948.750 3.292E+07
   949.000 2.653E+07
   949.250 2.067E+07
   949.500 1.367E+07
   949.750 9.960E+06
   950.000 1.406E+07
   950.250 2.147E+07
   950.500 2.821E+07
   950.750 3.456E+07
   951.000 4.192E+07
   951.250 5.153E+07
   951.500 6.296E+07
   951.750 7.625E+07
   952.000 9.158E+07
   952.250 1.072E+08
   952.500 1.256E+08
   952.750 1.463E+08
   953.000 1.681E+08
   953.250 1.883E+08
   953.500 2.083E+08
   953.750 2.318E+08
   954.000 2.660E+08
   954.250 3.251E+08
   954.500 3.724E+08
   954.750 3.902E+08
   955.000 3.978E+08
   955.250 4.389E+08
   955.500 4.824E+08
   955.750 5.379E+08
   956.000 5.717E+08
   956.250 5.675E+08
   956.500 5.730E+08
   956.750 5.752E+08
   957.000 6.235E+08
   957.250 6.946E+08
   957.500 6.370E+08
   957.750 5.591E+08
   958.000 5.332E+08
   958.250 6.193E+08
   958.500 8.456E+08
   958.750 9.261E+08
   959.000 8.355E+08
   959.250 8.478E+08
   959.500 8.912E+08
   959.750 9.490E+08
   960.000 1.026E+09
   960.250 1.047E+09
   960.500 1.008E+09
   960.750 1.052E+09
   961.000 1.058E+09
   961.250 1.018E+09
   961.500 9.343E+08
   961.750 8.631E+08
   962.000 9.339E+08
   962.250 1.040E+09
   962.500 9.524E+08
   962.750 8.787E+08
   963.000 8.958E+08
   963.250 8.449E+08
   963.500 8.414E+08
   963.750 7.347E+08
   964.000 7.038E+08
   964.250 8.520E+08
   964.500 8.374E+08
   964.750 7.228E+08
   965.000 6.684E+08
   965.250 6.343E+08
   965.500 6.518E+08
   965.750 7.115E+08
   966.000 6.843E+08
   966.250 6.000E+08
   966.500 5.678E+08
   966.750 5.655E+08
   967.000 5.139E+08
   967.250 4.661E+08
   967.500 4.358E+08
   967.750 3.597E+08
   968.000 2.956E+08
   968.250 2.870E+08
   968.500 2.813E+08
   968.750 2.483E+08
   969.000 2.086E+08
   969.250 1.755E+08
   969.500 1.510E+08
   969.750 1.350E+08
   970.000 1.153E+08
   970.250 9.812E+07
   970.500 8.213E+07
   970.750 7.173E+07
   971.000 6.353E+07
   971.250 5.509E+07
   971.500 4.594E+07
   971.750 3.704E+07
   972.000 2.846E+07
   972.250 1.912E+07
   972.500 1.298E+07
   972.750 1.714E+07
   973.000 2.662E+07
   973.250 3.535E+07
   973.500 4.388E+07
   973.750 5.329E+07
   974.000 6.655E+07
   974.250 8.233E+07
   974.500 9.889E+07
   974.750 1.177E+08
   975.000 1.382E+08
   975.250 1.628E+08
   975.500 1.893E+08
   975.750 2.150E+08
   976.000 2.362E+08
   976.250 2.422E+08
   976.500 2.168E+08
   976.750 1.518E+08
   977.000 1.031E+08
   977.250 1.546E+08
   977.500 2.501E+08
   977.750 3.267E+08
   978.000 4.160E+08
   978.250 4.998E+08
   978.500 5.754E+08
   978.750 6.354E+08
   979.000 6.671E+08
   979.250 7.270E+08
   979.500 6.710E+08
   979.750 5.657E+08
   980.000 7.271E+08
   980.250 9.841E+08
   980.500 1.134E+09
   980.750 1.214E+09
   981.000 1.129E+09
   981.250 1.033E+09
   981.500 1.142E+09
   981.750 1.335E+09
   982.000 1.458E+09
   982.250 1.588E+09
   982.500 1.693E+09
   982.750 1.717E+09
   983.000 1.664E+09
   983.250 1.446E+09
   983.500 1.163E+09
   983.750 1.004E+09
   984.000 1.174E+09
   984.250 1.525E+09
   984.500 1.712E+09
   984.750 1.564E+09
   985.000 1.529E+09
   985.250 1.681E+09
   985.500 1.415E+09
   985.750 1.114E+09
   986.000 1.345E+09
   986.250 1.578E+09
   986.500 1.521E+09
   986.750 1.809E+09
   987.000 2.100E+09
   987.250 1.953E+09
   987.500 1.776E+09
   987.750 1.791E+09
   988.000 1.724E+09
   988.250 1.673E+09
   988.500 1.577E+09
   988.750 1.416E+09
   989.000 1.732E+09
   989.250 1.697E+09
   989.500 1.059E+09
   989.750 4.489E+08
   990.000 3.511E+08
   990.250 7.467E+08
   990.500 1.152E+09
   990.750 1.211E+09
   991.000 1.283E+09
   991.250 1.016E+09
   991.500 6.416E+08
   991.750 7.645E+08
   992.000 1.136E+09
   992.250 1.068E+09
   992.500 5.784E+08
   992.750 4.443E+08
   993.000 8.932E+08
   993.250 1.279E+09
   993.500 1.375E+09
   993.750 1.752E+09
   994.000 1.859E+09
   994.250 1.499E+09
   994.500 1.237E+09
   994.750 9.616E+08
   995.000 9.878E+08
   995.250 1.406E+09
   995.500 1.877E+09
   995.750 1.968E+09
   996.000 1.780E+09
   996.250 1.986E+09
   996.500 2.212E+09
   996.750 2.213E+09
   997.000 1.772E+09
   997.250 1.237E+09
   997.500 1.192E+09
   997.750 1.567E+09
   998.000 1.898E+09
   998.250 2.323E+09
   998.500 2.462E+09
   998.750 2.280E+09
   999.000 2.075E+09
   999.250 1.773E+09
   999.500 1.715E+09
   999.750 2.110E+09
  1000.000 2.340E+09
  1000.250 2.276E+09
  1000.500 2.074E+09
  1000.750 1.921E+09
  1001.000 1.871E+09
  1001.250 2.153E+09
  1001.500 2.253E+09
  1001.750 2.237E+09
  1002.000 1.995E+09
  1002.250 1.643E+09
  1002.500 1.736E+09
  1002.750 1.866E+09
  1003.000 1.856E+09
  1003.250 2.001E+09
  1003.500 2.068E+09
  1003.750 2.210E+09
  1004.000 2.466E+09
  1004.250 2.494E+09
  1004.500 2.290E+09
  1004.750 2.152E+09
  1005.000 1.783E+09
  1005.250 1.270E+09
  1005.500 1.485E+09
  1005.750 1.726E+09
  1006.000 1.461E+09
  1006.250 1.473E+09
  1006.500 1.665E+09
  1006.750 1.765E+09
  1007.000 1.774E+09
  1007.250 1.944E+09
  1007.500 2.215E+09
  1007.750 2.246E+09
  1008.000 2.088E+09
  1008.250 2.014E+09
  1008.500 1.863E+09
  1008.750 1.548E+09
  1009.000 1.591E+09
  1009.250 1.705E+09
  1009.500 1.476E+09
  1009.750 8.412E+08
  1010.000 3.120E+08
  1010.250 2.806E+08
  1010.500 7.159E+08
  1010.750 1.383E+09
  1011.000 1.783E+09
  1011.250 1.947E+09
  1011.500 1.951E+09
  1011.750 1.856E+09
  1012.000 1.754E+09
  1012.250 1.478E+09
  1012.500 1.189E+09
  1012.750 1.369E+09
  1013.000 1.683E+09
  1013.250 1.819E+09
  1013.500 1.827E+09
  1013.750 1.741E+09
  1014.000 1.536E+09
  1014.250 1.359E+09
  1014.500 1.329E+09
  1014.750 1.316E+09
  1015.000 1.105E+09
  1015.250 9.415E+08
  1015.500 8.314E+08
  1015.750 9.353E+08
  1016.000 1.124E+09
  1016.250 1.124E+09
  1016.500 1.156E+09
  1016.750 1.176E+09
  1017.000 9.770E+08
  1017.250 7.708E+08
  1017.500 7.369E+08
  1017.750 7.641E+08
  1018.000 8.260E+08
  1018.250 7.260E+08
  1018.500 7.118E+08
  1018.750 7.752E+08
  1019.000 7.538E+08
  1019.250 6.605E+08
  1019.500 5.311E+08
  1019.750 4.165E+08
  1020.000 3.879E+08
  1020.250 4.188E+08
  1020.500 3.783E+08
  1020.750 3.073E+08
  1021.000 2.764E+08
  1021.250 2.446E+08
  1021.500 2.239E+08
  1021.750 2.237E+08
  1022.000 2.278E+08
  1022.250 2.110E+08
  1022.500 1.836E+08
  1022.750 1.558E+08
  1023.000 1.341E+08
  1023.250 1.171E+08
  1023.500 9.647E+07
  1023.750 7.865E+07
  1024.000 6.996E+07
  1024.250 6.287E+07
  1024.500 5.532E+07
  1024.750 4.730E+07
  1025.000 3.940E+07
  1025.250 3.046E+07
  1025.500 1.974E+07
  1025.750 1.468E+07
  1026.000 2.203E+07
  1026.250 3.234E+07
  1026.500 3.993E+07
  1026.750 4.640E+07
  1027.000 5.506E+07
  1027.250 6.380E+07
  1027.500 7.398E+07
  1027.750 8.945E+07
  1028.000 1.016E+08
  1028.250 1.114E+08
  1028.500 1.288E+08
  1028.750 1.547E+08
  1029.000 1.855E+08
  1029.250 2.098E+08
  1029.500 2.237E+08
  1029.750 2.441E+08
  1030.000 2.739E+08
  1030.250 3.045E+08
  1030.500 3.173E+08
  1030.750 3.056E+08
  1031.000 3.082E+08
  1031.250 3.690E+08
  1031.500 4.537E+08
  1031.750 5.287E+08
  1032.000 5.348E+08
  1032.250 5.468E+08
  1032.500 6.595E+08
  1032.750 7.183E+08
  1033.000 6.231E+08
  1033.250 5.217E+08
  1033.500 5.350E+08
  1033.750 5.401E+08
  1034.000 5.997E+08
  1034.250 6.972E+08
  1034.500 7.722E+08
  1034.750 8.392E+08
  1035.000 8.799E+08
  1035.250 8.268E+08
  1035.500 7.243E+08
  1035.750 6.049E+08
  1036.000 4.479E+08
  1036.250 2.747E+08
  1036.500 2.544E+08
  1036.750 2.541E+08
  1037.000 2.130E+08
  1037.250 4.455E+08
  1037.500 8.463E+08
  1037.750 1.137E+09
  1038.000 1.280E+09
  1038.250 1.324E+09
  1038.500 1.488E+09
  1038.750 1.597E+09
  1039.000 1.729E+09
  1039.250 1.837E+09
  1039.500 1.844E+09
  1039.750 1.792E+09
  1040.000 1.661E+09
  1040.250 1.610E+09
  1040.500 1.624E+09
  1040.750 1.671E+09
  1041.000 1.719E+09
  1041.250 1.804E+09
  1041.500 1.995E+09
  1041.750 2.111E+09
  1042.000 2.149E+09
  1042.250 2.194E+09
  1042.500 2.159E+09
  1042.750 2.105E+09
  1043.000 2.124E+09
  1043.250 2.116E+09
  1043.500 2.190E+09
  1043.750 2.291E+09
  1044.000 2.266E+09
  1044.250 2.141E+09
  1044.500 2.059E+09
  1044.750 2.000E+09
  1045.000 1.971E+09
  1045.250 2.057E+09
  1045.500 2.090E+09
  1045.750 1.877E+09
  1046.000 1.928E+09
  1046.250 2.175E+09
  1046.500 2.301E+09
  1046.750 2.286E+09
  1047.000 2.270E+09
  1047.250 2.231E+09
  1047.500 2.076E+09
  1047.750 2.012E+09
  1048.000 2.072E+09
  1048.250 2.189E+09
  1048.500 2.218E+09
  1048.750 2.227E+09
  1049.000 2.134E+09
  1049.250 2.173E+09
  1049.500 2.216E+09
  1049.750 2.094E+09
  1050.000 2.084E+09
  1050.250 2.219E+09
  1050.500 2.201E+09
  1050.750 2.065E+09
  1051.000 2.055E+09
  1051.250 2.149E+09
  1051.500 2.263E+09
  1051.750 2.327E+09
  1052.000 2.308E+09
  1052.250 2.195E+09
  1052.500 1.974E+09
  1052.750 1.940E+09
  1053.000 2.038E+09
  1053.250 1.993E+09
  1053.500 2.081E+09
  1053.750 2.274E+09
  1054.000 2.197E+09
  1054.250 2.031E+09
  1054.500 2.003E+09
  1054.750 1.973E+09
  1055.000 1.912E+09
  1055.250 1.756E+09
  1055.500 1.604E+09
  1055.750 1.454E+09
  1056.000 1.489E+09
  1056.250 1.693E+09
  1056.500 1.990E+09
  1056.750 2.009E+09
  1057.000 2.074E+09
  1057.250 2.096E+09
  1057.500 2.071E+09
  1057.750 2.099E+09
  1058.000 2.165E+09
  1058.250 2.224E+09
  1058.500 2.194E+09
  1058.750 2.241E+09
  1059.000 2.197E+09
  1059.250 2.115E+09
  1059.500 2.151E+09
  1059.750 2.251E+09
  1060.000 2.120E+09
  1060.250 1.890E+09
  1060.500 1.943E+09
  1060.750 1.980E+09
  1061.000 1.808E+09
  1061.250 1.794E+09
  1061.500 1.959E+09
  1061.750 1.891E+09
  1062.000 1.995E+09
  1062.250 1.939E+09
  1062.500 1.661E+09
  1062.750 1.539E+09
  1063.000 1.677E+09
  1063.250 1.693E+09
  1063.500 1.866E+09
  1063.750 1.895E+09
  1064.000 1.923E+09
  1064.250 1.917E+09
  1064.500 1.798E+09
  1064.750 1.763E+09
  1065.000 1.713E+09
  1065.250 1.715E+09
  1065.500 1.422E+09
  1065.750 7.541E+08
  1066.000 3.643E+08
  1066.250 5.567E+08
  1066.500 9.051E+08
  1066.750 1.228E+09
  1067.000 1.487E+09
  1067.250 1.587E+09
  1067.500 1.794E+09
  1067.750 1.862E+09
  1068.000 1.539E+09
  1068.250 1.318E+09
  1068.500 1.699E+09
  1068.750 2.057E+09
  1069.000 2.082E+09
  1069.250 2.183E+09
  1069.500 2.204E+09
  1069.750 2.200E+09
  1070.000 2.069E+09
  1070.250 1.786E+09
  1070.500 1.780E+09
  1070.750 2.022E+09
  1071.000 2.106E+09
  1071.250 2.215E+09
  1071.500 2.074E+09
  1071.750 1.872E+09
  1072.000 1.994E+09
  1072.250 2.058E+09
  1072.500 1.980E+09
  1072.750 1.662E+09
  1073.000 1.307E+09
  1073.250 1.324E+09
  1073.500 1.451E+09
  1073.750 1.644E+09
  1074.000 1.849E+09
  1074.250 2.059E+09
  1074.500 2.155E+09
  1074.750 2.023E+09
  1075.000 1.849E+09
  1075.250 2.005E+09
  1075.500 2.107E+09
  1075.750 2.135E+09
  1076.000 2.184E+09
  1076.250 2.142E+09
  1076.500 2.028E+09
  1076.750 1.875E+09
  1077.000 1.660E+09
  1077.250 1.645E+09
  1077.500 1.955E+09
  1077.750 2.188E+09
  1078.000 2.279E+09
  1078.250 2.303E+09
  1078.500 2.272E+09
  1078.750 2.255E+09
  1079.000 2.200E+09
  1079.250 2.120E+09
  1079.500 2.119E+09
  1079.750 2.263E+09
  1080.000 2.299E+09
  1080.250 2.236E+09
  1080.500 2.276E+09
  1080.750 2.305E+09
  1081.000 2.276E+09
  1081.250 2.337E+09
  1081.500 2.359E+09
  1081.750 2.243E+09
  1082.000 2.112E+09
  1082.250 2.061E+09
  1082.500 2.055E+09
  1082.750 1.916E+09
  1083.000 1.637E+09
  1083.250 1.505E+09
  1083.500 1.779E+09
  1083.750 1.674E+09
  1084.000 1.274E+09
  1084.250 1.270E+09
  1084.500 1.053E+09
  1084.750 1.162E+09
  1085.000 1.643E+09
  1085.250 1.523E+09
  1085.500 8.319E+08
  1085.750 8.245E+08
  1086.000 1.552E+09
  1086.250 1.878E+09
  1086.500 1.746E+09
  1086.750 1.830E+09
  1087.000 2.112E+09
  1087.250 2.165E+09
  1087.500 2.202E+09
  1087.750 2.025E+09
  1088.000 1.546E+09
  1088.250 1.586E+09
  1088.500 1.977E+09
  1088.750 2.038E+09
  1089.000 1.955E+09
  1089.250 1.905E+09
  1089.500 1.762E+09
  1089.750 1.663E+09
  1090.000 1.814E+09
  1090.250 2.040E+09
  1090.500 2.231E+09
  1090.750 2.299E+09
  1091.000 2.221E+09
  1091.250 2.095E+09
  1091.500 1.998E+09
  1091.750 1.843E+09
  1092.000 1.669E+09
  1092.250 1.570E+09
  1092.500 1.424E+09
  1092.750 1.444E+09
  1093.000 1.701E+09
  1093.250 1.888E+09
  1093.500 2.055E+09
  1093.750 2.225E+09
  1094.000 2.265E+09
  1094.250 2.082E+09
  1094.500 1.845E+09
  1094.750 1.850E+09
  1095.000 1.989E+09
  1095.250 1.904E+09
  1095.500 1.863E+09
  1095.750 1.976E+09
  1096.000 1.951E+09
  1096.250 1.996E+09
  1096.500 1.800E+09
  1096.750 1.579E+09
  1097.000 1.803E+09
  1097.250 2.065E+09
  1097.500 2.033E+09
  1097.750 1.977E+09
  1098.000 1.949E+09
  1098.250 1.876E+09
  1098.500 2.040E+09
  1098.750 2.071E+09
  1099.000 1.948E+09
  1099.250 2.016E+09
  1099.500 2.076E+09
  1099.750 1.975E+09
  1100.000 1.961E+09
  1100.250 2.038E+09
  1100.500 1.963E+09
  1100.750 2.081E+09
  1101.000 2.169E+09
  1101.250 2.010E+09
  1101.500 1.948E+09
  1101.750 1.933E+09
  1102.000 1.691E+09
  1102.250 1.601E+09
  1102.500 1.847E+09
  1102.750 2.001E+09
  1103.000 2.010E+09
  1103.250 2.121E+09
  1103.500 2.183E+09
  1103.750 2.152E+09
  1104.000 2.011E+09
  1104.250 1.881E+09
  1104.500 1.967E+09
  1104.750 2.084E+09
  1105.000 2.130E+09
  1105.250 2.105E+09
  1105.500 2.039E+09
  1105.750 1.927E+09
  1106.000 1.818E+09
  1106.250 1.823E+09
  1106.500 1.913E+09
  1106.750 1.944E+09
  1107.000 1.971E+09
  1107.250 1.990E+09
  1107.500 1.879E+09
  1107.750 1.696E+09
  1108.000 1.298E+09
  1108.250 7.514E+08
  1108.500 8.955E+08
  1108.750 1.368E+09
  1109.000 1.529E+09
  1109.250 1.577E+09
  1109.500 1.363E+09
  1109.750 8.227E+08
  1110.000 5.643E+08
  1110.250 9.529E+08
  1110.500 1.464E+09
  1110.750 1.687E+09
  1111.000 1.660E+09
  1111.250 1.698E+09
  1111.500 1.801E+09
  1111.750 1.801E+09
  1112.000 1.643E+09
  1112.250 1.528E+09
  1112.500 1.484E+09
  1112.750 1.184E+09
  1113.000 6.647E+08
  1113.250 4.301E+08
  1113.500 7.825E+08
  1113.750 1.308E+09
  1114.000 1.626E+09
  1114.250 1.753E+09
  1114.500 1.775E+09
  1114.750 1.866E+09
  1115.000 1.831E+09
  1115.250 1.780E+09
  1115.500 1.804E+09
  1115.750 1.853E+09
  1116.000 1.981E+09
  1116.250 1.997E+09
  1116.500 1.970E+09
  1116.750 1.936E+09
  1117.000 1.916E+09
  1117.250 1.813E+09
  1117.500 1.813E+09
  1117.750 1.817E+09
  1118.000 1.795E+09
  1118.250 1.850E+09
  1118.500 1.851E+09
  1118.750 1.945E+09
  1119.000 1.963E+09
  1119.250 1.820E+09
  1119.500 1.860E+09
  1119.750 2.028E+09
  1120.000 1.981E+09
  1120.250 1.807E+09
  1120.500 1.830E+09
  1120.750 1.937E+09
  1121.000 1.790E+09
  1121.250 1.540E+09
  1121.500 1.624E+09
  1121.750 1.641E+09
  1122.000 1.305E+09
  1122.250 8.834E+08
  1122.500 6.864E+08
  1122.750 1.034E+09
  1123.000 1.515E+09
  1123.250 1.789E+09
  1123.500 1.763E+09
  1123.750 1.641E+09
  1124.000 1.649E+09
  1124.250 1.574E+09
  1124.500 1.502E+09
  1124.750 1.266E+09
  1125.000 1.034E+09
  1125.250 1.340E+09
  1125.500 1.435E+09
  1125.750 1.514E+09
  1126.000 1.806E+09
  1126.250 1.855E+09
  1126.500 1.603E+09
  1126.750 1.339E+09
  1127.000 1.441E+09
  1127.250 1.619E+09
  1127.500 1.591E+09
  1127.750 1.333E+09
  1128.000 9.739E+08
  1128.250 7.499E+08
  1128.500 7.559E+08
  1128.750 9.176E+08
  1129.000 1.172E+09
  1129.250 1.389E+09
  1129.500 1.644E+09
  1129.750 1.739E+09
  1130.000 1.775E+09
  1130.250 1.664E+09
  1130.500 1.588E+09
  1130.750 1.638E+09
  1131.000 1.392E+09
  1131.250 1.412E+09
  1131.500 1.590E+09
  1131.750 1.549E+09
  1132.000 1.733E+09
  1132.250 1.991E+09
  1132.500 2.018E+09
  1132.750 1.958E+09
  1133.000 1.999E+09
  1133.250 1.971E+09
  1133.500 1.804E+09
  1133.750 1.716E+09
  1134.000 1.737E+09
  1134.250 1.654E+09
  1134.500 1.691E+09
  1134.750 1.829E+09
  1135.000 1.839E+09
  1135.250 1.957E+09
  1135.500 2.025E+09
  1135.750 2.035E+09
  1136.000 2.025E+09
  1136.250 1.934E+09
  1136.500 1.813E+09
  1136.750 1.809E+09
  1137.000 1.879E+09
  1137.250 1.932E+09
  1137.500 1.976E+09
  1137.750 1.976E+09
  1138.000 1.960E+09
  1138.250 1.884E+09
  1138.500 1.651E+09
  1138.750 1.253E+09
  1139.000 9.285E+08
  1139.250 7.726E+08
  1139.500 9.261E+08
  1139.750 1.327E+09
  1140.000 1.526E+09
  1140.250 1.295E+09
  1140.500 9.783E+08
  1140.750 1.304E+09
  1141.000 1.564E+09
  1141.250 1.292E+09
  1141.500 9.778E+08
  1141.750 1.117E+09
  1142.000 1.315E+09
  1142.250 1.141E+09
  1142.500 1.303E+09
  1142.750 1.602E+09
  1143.000 1.544E+09
  1143.250 1.422E+09
  1143.500 1.257E+09
  1143.750 1.212E+09
  1144.000 1.101E+09
  1144.250 8.308E+08
  1144.500 9.358E+08
  1144.750 1.005E+09
  1145.000 7.691E+08
  1145.250 8.958E+08
  1145.500 1.306E+09
  1145.750 1.588E+09
  1146.000 1.754E+09
  1146.250 1.721E+09
  1146.500 1.741E+09
  1146.750 1.767E+09
  1147.000 1.782E+09
  1147.250 1.736E+09
  1147.500 1.674E+09
  1147.750 1.721E+09
  1148.000 1.655E+09
  1148.250 1.674E+09
  1148.500 1.782E+09
  1148.750 1.798E+09
  1149.000 1.862E+09
  1149.250 1.932E+09
  1149.500 1.869E+09
  1149.750 1.792E+09
  1150.000 1.755E+09
  1150.250 1.723E+09
  1150.500 1.611E+09
  1150.750 1.519E+09
  1151.000 1.496E+09
  1151.250 1.658E+09
  1151.500 1.893E+09
  1151.750 1.911E+09
  1152.000 1.699E+09
  1152.250 1.617E+09
  1152.500 1.754E+09
  1152.750 1.697E+09
  1153.000 1.635E+09
  1153.250 1.666E+09
  1153.500 1.633E+09
  1153.750 1.422E+09
  1154.000 1.339E+09
  1154.250 1.478E+09
  1154.500 1.554E+09
  1154.750 1.505E+09
  1155.000 1.406E+09
  1155.250 1.556E+09
  1155.500 1.667E+09
  1155.750 1.503E+09
  1156.000 1.306E+09
  1156.250 1.536E+09
  1156.500 1.600E+09
  1156.750 1.425E+09
  1157.000 1.550E+09
  1157.250 1.769E+09
  1157.500 1.733E+09
  1157.750 1.453E+09
  1158.000 1.162E+09
  1158.250 1.279E+09
  1158.500 1.644E+09
  1158.750 1.714E+09
  1159.000 1.597E+09
  1159.250 1.583E+09
  1159.500 1.616E+09
  1159.750 1.682E+09
  1160.000 1.569E+09
  1160.250 1.395E+09
  1160.500 1.597E+09
  1160.750 1.784E+09
  1161.000 1.774E+09
  1161.250 1.500E+09
  1161.500 1.116E+09
  1161.750 1.221E+09
  1162.000 1.542E+09
  1162.250 1.679E+09
  1162.500 1.623E+09
  1162.750 1.661E+09
  1163.000 1.820E+09
  1163.250 1.862E+09
  1163.500 1.801E+09
  1163.750 1.656E+09
  1164.000 1.644E+09
  1164.250 1.654E+09
  1164.500 1.622E+09
  1164.750 1.690E+09
  1165.000 1.792E+09
  1165.250 1.787E+09
  1165.500 1.654E+09
  1165.750 1.492E+09
  1166.000 1.468E+09
  1166.250 1.511E+09
  1166.500 1.611E+09
  1166.750 1.649E+09
  1167.000 1.652E+09
  1167.250 1.602E+09
  1167.500 1.478E+09
  1167.750 1.538E+09
  1168.000 1.499E+09
  1168.250 1.475E+09
  1168.500 1.516E+09
  1168.750 1.616E+09
  1169.000 1.672E+09
  1169.250 1.635E+09
  1169.500 1.681E+09
  1169.750 1.722E+09
  1170.000 1.651E+09
  1170.250 1.593E+09
  1170.500 1.614E+09
  1170.750 1.624E+09
  1171.000 1.626E+09
  1171.250 1.604E+09
  1171.500 1.597E+09
  1171.750 1.615E+09
  1172.000 1.623E+09
  1172.250 1.552E+09
  1172.500 1.434E+09
  1172.750 1.400E+09
  1173.000 1.400E+09
  1173.250 1.353E+09
  1173.500 1.302E+09
  1173.750 1.270E+09
  1174.000 1.177E+09
  1174.250 1.014E+09
  1174.500 8.076E+08
  1174.750 5.420E+08
  1175.000 3.384E+08
  1175.250 2.813E+08
  1175.500 2.338E+08
  1175.750 2.042E+08
  1176.000 2.689E+08
  1176.250 3.455E+08
  1176.500 5.002E+08
  1176.750 7.791E+08
  1177.000 9.902E+08
  1177.250 1.127E+09
  1177.500 1.195E+09
  1177.750 1.200E+09
  1178.000 1.225E+09
  1178.250 1.360E+09
  1178.500 1.448E+09
  1178.750 1.506E+09
  1179.000 1.513E+09
  1179.250 1.484E+09
  1179.500 1.509E+09
  1179.750 1.499E+09
  1180.000 1.494E+09
  1180.250 1.540E+09
  1180.500 1.537E+09
  1180.750 1.531E+09
  1181.000 1.582E+09
  1181.250 1.613E+09
  1181.500 1.597E+09
  1181.750 1.551E+09
  1182.000 1.530E+09
  1182.250 1.574E+09
  1182.500 1.581E+09
  1182.750 1.502E+09
  1183.000 1.403E+09
  1183.250 1.465E+09
  1183.500 1.543E+09
  1183.750 1.505E+09
  1184.000 1.547E+09
  1184.250 1.544E+09
  1184.500 1.400E+09
  1184.750 1.489E+09
  1185.000 1.633E+09
  1185.250 1.643E+09
  1185.500 1.628E+09
  1185.750 1.632E+09
  1186.000 1.640E+09
  1186.250 1.663E+09
  1186.500 1.698E+09
  1186.750 1.686E+09
  1187.000 1.641E+09
  1187.250 1.508E+09
  1187.500 1.388E+09
  1187.750 1.509E+09
  1188.000 1.666E+09
  1188.250 1.679E+09
  1188.500 1.623E+09
  1188.750 1.594E+09
  1189.000 1.542E+09
  1189.250 1.475E+09
  1189.500 1.474E+09
  1189.750 1.459E+09
  1190.000 1.199E+09
  1190.250 7.986E+08
  1190.500 8.980E+08
  1190.750 1.317E+09
  1191.000 1.527E+09
  1191.250 1.580E+09
  1191.500 1.519E+09
  1191.750 1.372E+09
  1192.000 1.238E+09
  1192.250 1.181E+09
  1192.500 1.230E+09
  1192.750 1.155E+09
  1193.000 8.575E+08
  1193.250 5.996E+08
  1193.500 8.187E+08
  1193.750 1.073E+09
  1194.000 9.066E+08
  1194.250 6.238E+08
  1194.500 4.860E+08
  1194.750 8.254E+08
  1195.000 1.248E+09
  1195.250 1.410E+09
  1195.500 1.456E+09
  1195.750 1.483E+09
  1196.000 1.444E+09
  1196.250 1.298E+09
  1196.500 1.229E+09
  1196.750 1.343E+09
  1197.000 1.282E+09
  1197.250 9.624E+08
  1197.500 9.308E+08
  1197.750 1.249E+09
  1198.000 1.352E+09
  1198.250 1.261E+09
  1198.500 1.248E+09
  1198.750 1.281E+09
  1199.000 1.244E+09
  1199.250 1.178E+09
  1199.500 1.077E+09
  1199.750 1.152E+09
  1200.000 1.209E+09
  1200.250 1.124E+09
  1200.500 1.067E+09
  1200.750 8.947E+08
  1201.000 8.443E+08
  1201.250 9.585E+08
  1201.500 9.586E+08
  1201.750 9.508E+08
  1202.000 1.005E+09
  1202.250 1.058E+09
  1202.500 1.119E+09
  1202.750 1.133E+09
  1203.000 1.115E+09
  1203.250 1.081E+09
  1203.500 1.030E+09
  1203.750 9.854E+08
  1204.000 9.438E+08
  1204.250 8.892E+08
  1204.500 8.224E+08
  1204.750 7.378E+08
  1205.000 6.433E+08
  1205.250 5.617E+08
  1205.500 4.552E+08
  1205.750 3.263E+08
  1206.000 2.020E+08
  1206.250 1.023E+08
  1206.500 6.001E+07
  1206.750 9.991E+07
  1207.000 1.895E+08
  1207.250 2.735E+08
  1207.500 3.385E+08
  1207.750 4.276E+08
  1208.000 4.970E+08
  1208.250 5.291E+08
  1208.500 5.380E+08
  1208.750 5.301E+08
  1209.000 4.942E+08
  1209.250 4.747E+08
  1209.500 4.813E+08
  1209.750 4.686E+08
  1210.000 4.422E+08
  1210.250 4.153E+08
  1210.500 3.870E+08
  1210.750 3.574E+08
  1211.000 3.214E+08
  1211.250 2.953E+08
  1211.500 2.816E+08
  1211.750 2.584E+08
  1212.000 2.329E+08
  1212.250 2.144E+08
  1212.500 1.967E+08
  1212.750 1.778E+08
  1213.000 1.593E+08
  1213.250 1.440E+08
  1213.500 1.304E+08
  1213.750 1.170E+08
  1214.000 1.038E+08
  1214.250 9.023E+07
  1214.500 7.737E+07
  1214.750 6.744E+07
  1215.000 5.804E+07
  1215.250 4.513E+07
  1215.500 2.897E+07
  1215.750 2.507E+07
  1216.000 3.955E+07
  1216.250 5.505E+07
  1216.500 6.685E+07
  1216.750 7.762E+07
  1217.000 8.868E+07
  1217.250 1.003E+08
  1217.500 1.120E+08
  1217.750 1.257E+08
  1218.000 1.422E+08
  1218.250 1.586E+08
  1218.500 1.757E+08
  1218.750 1.943E+08
  1219.000 2.141E+08
  1219.250 2.349E+08
  1219.500 2.545E+08
  1219.750 2.731E+08
  1220.000 3.017E+08
  1220.250 3.331E+08
  1220.500 3.594E+08
  1220.750 3.736E+08
  1221.000 3.824E+08
  1221.250 4.279E+08
  1221.500 4.755E+08
  1221.750 4.937E+08
  1222.000 5.028E+08
  1222.250 5.076E+08
  1222.500 5.077E+08
  1222.750 5.567E+08
  1223.000 6.419E+08
  1223.250 6.866E+08
  1223.500 6.901E+08
  1223.750 6.281E+08
  1224.000 5.863E+08
  1224.250 6.477E+08
  1224.500 7.508E+08
  1224.750 7.486E+08
  1225.000 7.125E+08
  1225.250 7.747E+08
  1225.500 8.101E+08
  1225.750 8.385E+08
  1226.000 8.682E+08
  1226.250 9.027E+08
  1226.500 8.032E+08
  1226.750 5.394E+08
  1227.000 5.585E+08
  1227.250 7.474E+08
  1227.500 7.350E+08
  1227.750 8.225E+08
  1228.000 9.635E+08
  1228.250 8.705E+08
  1228.500 5.815E+08
  1228.750 5.285E+08
  1229.000 7.167E+08
  1229.250 6.949E+08
  1229.500 7.109E+08
  1229.750 8.339E+08
  1230.000 7.529E+08
  1230.250 7.516E+08
  1230.500 8.937E+08
  1230.750 1.003E+09
  1231.000 9.953E+08
  1231.250 8.634E+08
  1231.500 9.191E+08
  1231.750 1.105E+09
  1232.000 1.199E+09
  1232.250 1.271E+09
  1232.500 1.296E+09
  1232.750 1.260E+09
  1233.000 1.213E+09
  1233.250 1.204E+09
  1233.500 1.179E+09
  1233.750 1.215E+09
  1234.000 1.188E+09
  1234.250 1.230E+09
  1234.500 1.354E+09
  1234.750 1.397E+09
  1235.000 1.385E+09
  1235.250 1.319E+09
  1235.500 1.293E+09
  1235.750 1.366E+09
  1236.000 1.353E+09
  1236.250 1.322E+09
  1236.500 1.395E+09
  1236.750 1.443E+09
  1237.000 1.443E+09
  1237.250 1.446E+09
  1237.500 1.462E+09
  1237.750 1.471E+09
  1238.000 1.463E+09
  1238.250 1.416E+09
  1238.500 1.365E+09
  1238.750 1.411E+09
  1239.000 1.426E+09
  1239.250 1.398E+09
  1239.500 1.433E+09
  1239.750 1.443E+09
  1240.000 1.450E+09
  1240.250 1.480E+09
  1240.500 1.490E+09
  1240.750 1.498E+09
  1241.000 1.503E+09
  1241.250 1.505E+09
  1241.500 1.502E+09
  1241.750 1.481E+09
  1242.000 1.473E+09
  1242.250 1.499E+09
  1242.500 1.511E+09
  1242.750 1.481E+09
  1243.000 1.328E+09
  1243.250 1.190E+09
  1243.500 1.342E+09
  1243.750 1.486E+09
  1244.000 1.514E+09
  1244.250 1.514E+09
  1244.500 1.505E+09
  1244.750 1.487E+09
  1245.000 1.443E+09
  1245.250 1.412E+09
  1245.500 1.439E+09
  1245.750 1.436E+09
  1246.000 1.437E+09
  1246.250 1.423E+09
  1246.500 1.290E+09
  1246.750 1.106E+09
  1247.000 1.014E+09
  1247.250 8.073E+08
  1247.500 7.876E+08
  1247.750 1.025E+09
  1248.000 1.196E+09
  1248.250 1.161E+09
  1248.500 1.141E+09
  1248.750 1.347E+09
  1249.000 1.470E+09
  1249.250 1.490E+09
  1249.500 1.452E+09
  1249.750 1.366E+09
  1250.000 1.385E+09
  1250.250 1.378E+09
  1250.500 1.289E+09
  1250.750 1.325E+09
  1251.000 1.196E+09
  1251.250 1.116E+09
  1251.500 1.326E+09
  1251.750 1.469E+09
  1252.000 1.479E+09
  1252.250 1.457E+09
  1252.500 1.402E+09
  1252.750 1.414E+09
  1253.000 1.490E+09
  1253.250 1.500E+09
  1253.500 1.426E+09
  1253.750 1.293E+09
  1254.000 1.348E+09
  1254.250 1.465E+09
  1254.500 1.499E+09
  1254.750 1.491E+09
  1255.000 1.455E+09
  1255.250 1.434E+09
  1255.500 1.464E+09
  1255.750 1.498E+09
  1256.000 1.495E+09
  1256.250 1.442E+09
  1256.500 1.376E+09
  1256.750 1.406E+09
  1257.000 1.469E+09
  1257.250 1.488E+09
  1257.500 1.483E+09
  1257.750 1.480E+09
  1258.000 1.471E+09
  1258.250 1.406E+09
  1258.500 1.289E+09
  1258.750 1.267E+09
  1259.000 1.216E+09
  1259.250 1.155E+09
  1259.500 1.044E+09
  1259.750 9.485E+08
  1260.000 7.211E+08
  1260.250 3.671E+08
  1260.500 2.584E+08
  1260.750 4.716E+08
  1261.000 7.654E+08
  1261.250 9.733E+08
  1261.500 1.035E+09
  1261.750 1.137E+09
  1262.000 1.207E+09
  1262.250 1.238E+09
  1262.500 1.314E+09
  1262.750 1.355E+09
  1263.000 1.331E+09
  1263.250 1.289E+09
  1263.500 1.194E+09
  1263.750 1.086E+09
  1264.000 9.161E+08
  1264.250 6.006E+08
  1264.500 2.947E+08
  1264.750 1.421E+08
  1265.000 2.242E+08
  1265.250 5.147E+08
  1265.500 8.242E+08
  1265.750 1.020E+09
  1266.000 1.118E+09
  1266.250 1.158E+09
  1266.500 1.204E+09
  1266.750 1.292E+09
  1267.000 1.383E+09
  1267.250 1.373E+09
  1267.500 1.359E+09
  1267.750 1.389E+09
  1268.000 1.373E+09
  1268.250 1.392E+09
  1268.500 1.427E+09
  1268.750 1.407E+09
  1269.000 1.305E+09
  1269.250 1.314E+09
  1269.500 1.420E+09
  1269.750 1.455E+09
  1270.000 1.460E+09
  1270.250 1.462E+09
  1270.500 1.437E+09
  1270.750 1.414E+09
  1271.000 1.424E+09
  1271.250 1.416E+09
  1271.500 1.404E+09
  1271.750 1.344E+09
  1272.000 1.313E+09
  1272.250 1.370E+09
  1272.500 1.395E+09
  1272.750 1.411E+09
  1273.000 1.428E+09
  1273.250 1.403E+09
  1273.500 1.359E+09
  1273.750 1.295E+09
  1274.000 1.334E+09
  1274.250 1.412E+09
  1274.500 1.447E+09
  1274.750 1.437E+09
  1275.000 1.399E+09
  1275.250 1.395E+09
  1275.500 1.408E+09
  1275.750 1.380E+09
  1276.000 1.393E+09
  1276.250 1.428E+09
  1276.500 1.429E+09
  1276.750 1.391E+09
  1277.000 1.283E+09
  1277.250 1.042E+09
  1277.500 9.073E+08
  1277.750 1.073E+09
  1278.000 1.341E+09
  1278.250 1.439E+09
  1278.500 1.423E+09
  1278.750 1.328E+09
  1279.000 1.261E+09
  1279.250 1.315E+09
  1279.500 1.376E+09
  1279.750 1.299E+09
  1280.000 1.139E+09
  1280.250 9.850E+08
  1280.500 1.002E+09
  1280.750 1.166E+09
  1281.000 1.323E+09
  1281.250 1.425E+09
  1281.500 1.441E+09
  1281.750 1.413E+09
  1282.000 1.386E+09
  1282.250 1.387E+09
  1282.500 1.382E+09
  1282.750 1.403E+09
  1283.000 1.396E+09
  1283.250 1.383E+09
  1283.500 1.344E+09
  1283.750 1.333E+09
  1284.000 1.280E+09
  1284.250 1.262E+09
  1284.500 1.374E+09
  1284.750 1.430E+09
  1285.000 1.434E+09
  1285.250 1.433E+09
  1285.500 1.433E+09
  1285.750 1.426E+09
  1286.000 1.381E+09
  1286.250 1.270E+09
  1286.500 1.207E+09
  1286.750 1.262E+09
  1287.000 1.331E+09
  1287.250 1.356E+09
  1287.500 1.329E+09
  1287.750 1.331E+09
  1288.000 1.374E+09
  1288.250 1.370E+09
  1288.500 1.337E+09
  1288.750 1.341E+09
  1289.000 1.361E+09
  1289.250 1.341E+09
  1289.500 1.344E+09
  1289.750 1.345E+09
  1290.000 1.333E+09
  1290.250 1.342E+09
  1290.500 1.349E+09
  1290.750 1.302E+09
  1291.000 1.249E+09
  1291.250 1.170E+09
  1291.500 1.080E+09
  1291.750 1.120E+09
  1292.000 1.257E+09
  1292.250 1.316E+09
  1292.500 1.344E+09
  1292.750 1.331E+09
  1293.000 1.250E+09
  1293.250 1.169E+09
  1293.500 1.157E+09
  1293.750 1.113E+09
  1294.000 1.020E+09
  1294.250 7.291E+08
  1294.500 4.242E+08
  1294.750 5.418E+08
  1295.000 9.180E+08
  1295.250 1.137E+09
  1295.500 1.171E+09
  1295.750 1.079E+09
  1296.000 9.541E+08
  1296.250 8.134E+08
  1296.500 5.840E+08
  1296.750 4.713E+08
  1297.000 7.179E+08
  1297.250 1.001E+09
  1297.500 1.106E+09
  1297.750 1.090E+09
  1298.000 9.996E+08
  1298.250 8.473E+08
  1298.500 5.812E+08
  1298.750 2.977E+08
  1299.000 2.485E+08
  1299.250 4.575E+08
  1299.500 7.202E+08
  1299.750 9.137E+08
  1300.000 1.035E+09
  1300.250 1.098E+09
  1300.500 1.057E+09
  1300.750 8.527E+08
  1301.000 5.502E+08
  1301.250 5.161E+08
  1301.500 7.938E+08
  1301.750 9.434E+08
  1302.000 9.010E+08
  1302.250 9.363E+08
  1302.500 1.081E+09
  1302.750 1.023E+09
  1303.000 7.466E+08
  1303.250 4.685E+08
  1303.500 5.671E+08
  1303.750 9.005E+08
  1304.000 1.068E+09
  1304.250 9.806E+08
  1304.500 9.251E+08
  1304.750 9.491E+08
  1305.000 1.017E+09
  1305.250 1.020E+09
  1305.500 8.405E+08
  1305.750 8.754E+08
  1306.000 1.013E+09
  1306.250 1.169E+09
  1306.500 1.257E+09
  1306.750 1.287E+09
  1307.000 1.317E+09
  1307.250 1.331E+09
  1307.500 1.339E+09
  1307.750 1.335E+09
  1308.000 1.329E+09
  1308.250 1.314E+09
  1308.500 1.255E+09
  1308.750 1.183E+09
  1309.000 1.075E+09
  1309.250 7.584E+08
  1309.500 6.763E+08
  1309.750 9.449E+08
  1310.000 1.194E+09
  1310.250 1.260E+09
  1310.500 1.181E+09
  1310.750 1.136E+09
  1311.000 1.149E+09
  1311.250 1.193E+09
  1311.500 1.253E+09
  1311.750 1.302E+09
  1312.000 1.305E+09
  1312.250 1.222E+09
  1312.500 1.042E+09
  1312.750 1.087E+09
  1313.000 1.253E+09
  1313.250 1.296E+09
  1313.500 1.315E+09
  1313.750 1.335E+09
  1314.000 1.333E+09
  1314.250 1.317E+09
  1314.500 1.295E+09
  1314.750 1.292E+09
  1315.000 1.296E+09
  1315.250 1.295E+09
  1315.500 1.288E+09
  1315.750 1.274E+09
  1316.000 1.200E+09
  1316.250 1.158E+09
  1316.500 1.236E+09
  1316.750 1.293E+09
  1317.000 1.246E+09
  1317.250 1.203E+09
  1317.500 1.270E+09
  1317.750 1.317E+09
  1318.000 1.321E+09
  1318.250 1.320E+09
  1318.500 1.321E+09
  1318.750 1.301E+09
  1319.000 1.257E+09
  1319.250 1.244E+09
  1319.500 1.241E+09
  1319.750 1.231E+09
  1320.000 1.255E+09
  1320.250 1.284E+09
  1320.500 1.297E+09
  1320.750 1.291E+09
  1321.000 1.285E+09
  1321.250 1.273E+09
  1321.500 1.269E+09
  1321.750 1.272E+09
  1322.000 1.281E+09
  1322.250 1.279E+09
  1322.500 1.274E+09
  1322.750 1.256E+09
  1323.000 1.238E+09
  1323.250 1.192E+09
  1323.500 1.031E+09
  1323.750 6.747E+08
  1324.000 5.488E+08
  1324.250 8.630E+08
  1324.500 1.096E+09
  1324.750 1.162E+09
  1325.000 1.224E+09
  1325.250 1.256E+09
  1325.500 1.270E+09
  1325.750 1.275E+09
  1326.000 1.281E+09
  1326.250 1.289E+09
  1326.500 1.270E+09
  1326.750 1.254E+09
  1327.000 1.222E+09
  1327.250 1.148E+09
  1327.500 1.101E+09
  1327.750 1.135E+09
  1328.000 1.176E+09
  1328.250 1.181E+09
  1328.500 1.083E+09
  1328.750 8.583E+08
  1329.000 8.237E+08
  1329.250 9.778E+08
  1329.500 1.022E+09
  1329.750 1.071E+09
  1330.000 1.169E+09
  1330.250 1.164E+09
  1330.500 1.174E+09
  1330.750 1.209E+09
  1331.000 1.204E+09
  1331.250 1.222E+09
  1331.500 1.249E+09
  1331.750 1.252E+09
  1332.000 1.237E+09
  1332.250 1.248E+09
  1332.500 1.261E+09
  1332.750 1.256E+09
  1333.000 1.245E+09
  1333.250 1.231E+09
  1333.500 1.200E+09
  1333.750 1.139E+09
  1334.000 9.941E+08
  1334.250 6.694E+08
  1334.500 3.654E+08
  1334.750 4.401E+08
  1335.000 6.427E+08
  1335.250 5.836E+08
  1335.500 3.484E+08
  1335.750 2.706E+08
  1336.000 5.393E+08
  1336.250 8.729E+08
  1336.500 1.061E+09
  1336.750 1.138E+09
  1337.000 1.179E+09
  1337.250 1.194E+09
  1337.500 1.206E+09
  1337.750 1.223E+09
  1338.000 1.212E+09
  1338.250 1.218E+09
  1338.500 1.242E+09
  1338.750 1.246E+09
  1339.000 1.242E+09
  1339.250 1.249E+09
  1339.500 1.244E+09
  1339.750 1.235E+09
  1340.000 1.235E+09
  1340.250 1.226E+09
  1340.500 1.232E+09
  1340.750 1.229E+09
  1341.000 1.168E+09
  1341.250 9.839E+08
  1341.500 8.734E+08
  1341.750 1.018E+09
  1342.000 1.046E+09
  1342.250 8.620E+08
  1342.500 8.583E+08
  1342.750 1.089E+09
  1343.000 1.139E+09
  1343.250 9.776E+08
  1343.500 9.601E+08
  1343.750 1.137E+09
  1344.000 1.168E+09
  1344.250 1.075E+09
  1344.500 1.093E+09
  1344.750 1.125E+09
  1345.000 1.162E+09
  1345.250 1.220E+09
  1345.500 1.211E+09
  1345.750 1.184E+09
  1346.000 1.192E+09
  1346.250 1.174E+09
  1346.500 1.131E+09
  1346.750 1.058E+09
  1347.000 1.070E+09
  1347.250 1.178E+09
  1347.500 1.210E+09
  1347.750 1.214E+09
  1348.000 1.212E+09
  1348.250 1.149E+09
  1348.500 1.033E+09
  1348.750 1.092E+09
  1349.000 1.200E+09
  1349.250 1.220E+09
  1349.500 1.206E+09
  1349.750 1.129E+09
  1350.000 9.769E+08
  1350.250 9.647E+08
  1350.500 9.981E+08
  1350.750 1.081E+09
  1351.000 1.176E+09
  1351.250 1.184E+09
  1351.500 1.206E+09
  1351.750 1.212E+09
  1352.000 1.187E+09
  1352.250 1.139E+09
  1352.500 9.660E+08
  1352.750 8.267E+08
  1353.000 9.682E+08
  1353.250 1.123E+09
  1353.500 1.075E+09
  1353.750 1.013E+09
  1354.000 1.097E+09
  1354.250 1.156E+09
  1354.500 1.184E+09
  1354.750 1.193E+09
  1355.000 1.204E+09
  1355.250 1.179E+09
  1355.500 1.129E+09
  1355.750 1.079E+09
  1356.000 1.091E+09
  1356.250 1.169E+09
  1356.500 1.203E+09
  1356.750 1.180E+09
  1357.000 1.125E+09
  1357.250 1.139E+09
  1357.500 1.159E+09
  1357.750 1.124E+09
  1358.000 1.152E+09
  1358.250 1.195E+09
  1358.500 1.192E+09
  1358.750 1.140E+09
  1359.000 1.065E+09
  1359.250 1.073E+09
  1359.500 1.138E+09
  1359.750 1.190E+09
  1360.000 1.204E+09
  1360.250 1.177E+09
  1360.500 1.112E+09
  1360.750 1.049E+09
  1361.000 1.026E+09
  1361.250 9.369E+08
  1361.500 8.160E+08
  1361.750 8.993E+08
  1362.000 1.038E+09
  1362.250 1.010E+09
  1362.500 1.015E+09
  1362.750 1.082E+09
  1363.000 1.095E+09
  1363.250 9.914E+08
  1363.500 8.969E+08
  1363.750 1.015E+09
  1364.000 1.112E+09
  1364.250 1.108E+09
  1364.500 1.053E+09
  1364.750 1.027E+09
  1365.000 9.409E+08
  1365.250 8.182E+08
  1365.500 9.292E+08
  1365.750 1.074E+09
  1366.000 1.130E+09
  1366.250 1.114E+09
  1366.500 1.074E+09
  1366.750 9.934E+08
  1367.000 8.844E+08
  1367.250 9.580E+08
  1367.500 1.098E+09
  1367.750 1.126E+09
  1368.000 1.076E+09
  1368.250 1.031E+09
  1368.500 1.041E+09
  1368.750 1.070E+09
  1369.000 1.068E+09
  1369.250 9.839E+08
  1369.500 9.471E+08
  1369.750 1.035E+09
  1370.000 1.062E+09
  1370.250 1.082E+09
  1370.500 1.146E+09
  1370.750 1.143E+09
  1371.000 1.091E+09
  1371.250 1.072E+09
  1371.500 1.037E+09
  1371.750 1.055E+09
  1372.000 1.114E+09
  1372.250 1.111E+09
  1372.500 1.121E+09
  1372.750 1.081E+09
  1373.000 9.927E+08
  1373.250 1.044E+09
  1373.500 1.093E+09
  1373.750 1.034E+09
  1374.000 9.728E+08
  1374.250 9.991E+08
  1374.500 1.023E+09
  1374.750 9.500E+08
  1375.000 8.653E+08
  1375.250 9.300E+08
  1375.500 1.018E+09
  1375.750 1.043E+09
  1376.000 1.091E+09
  1376.250 1.097E+09
  1376.500 1.086E+09
  1376.750 1.030E+09
  1377.000 9.238E+08
  1377.250 9.181E+08
  1377.500 1.036E+09
  1377.750 1.097E+09
  1378.000 1.062E+09
  1378.250 1.061E+09
  1378.500 1.082E+09
  1378.750 1.028E+09
  1379.000 1.015E+09
  1379.250 1.022E+09
  1379.500 8.892E+08
  1379.750 8.895E+08
  1380.000 1.046E+09
  1380.250 1.095E+09
  1380.500 1.080E+09
  1380.750 1.057E+09
  1381.000 1.047E+09
  1381.250 1.016E+09
  1381.500 9.978E+08
  1381.750 1.009E+09
  1382.000 1.064E+09
  1382.250 1.071E+09
  1382.500 1.043E+09
  1382.750 1.068E+09
  1383.000 1.098E+09
  1383.250 1.108E+09
  1383.500 1.051E+09
  1383.750 9.846E+08
  1384.000 8.885E+08
  1384.250 8.865E+08
  1384.500 1.014E+09
  1384.750 1.051E+09
  1385.000 1.067E+09
  1385.250 1.091E+09
  1385.500 1.090E+09
  1385.750 1.032E+09
  1386.000 9.905E+08
  1386.250 1.029E+09
  1386.500 1.073E+09
  1386.750 1.093E+09
  1387.000 1.092E+09
  1387.250 1.047E+09
  1387.500 1.000E+09
  1387.750 9.688E+08
  1388.000 9.523E+08
  1388.250 1.035E+09
  1388.500 1.076E+09
  1388.750 1.085E+09
  1389.000 1.088E+09
  1389.250 1.078E+09
  1389.500 1.048E+09
  1389.750 1.009E+09
  1390.000 1.015E+09
  1390.250 1.028E+09
  1390.500 1.053E+09
  1390.750 1.059E+09
  1391.000 1.049E+09
  1391.250 1.032E+09
  1391.500 9.907E+08
  1391.750 9.211E+08
  1392.000 8.702E+08
  1392.250 8.348E+08
  1392.500 8.219E+08
  1392.750 7.878E+08
  1393.000 7.169E+08
  1393.250 6.174E+08
  1393.500 4.879E+08
  1393.750 3.920E+08
  1394.000 4.760E+08
  1394.250 6.395E+08
  1394.500 7.608E+08
  1394.750 8.244E+08
  1395.000 8.427E+08
  1395.250 8.400E+08
  1395.500 8.712E+08
  1395.750 8.702E+08
  1396.000 8.703E+08
  1396.250 8.898E+08
  1396.500 9.042E+08
  1396.750 9.212E+08
  1397.000 9.358E+08
  1397.250 9.674E+08
  1397.500 9.788E+08
  1397.750 9.773E+08
  1398.000 9.918E+08
  1398.250 1.007E+09
  1398.500 1.024E+09
  1398.750 1.004E+09
  1399.000 9.608E+08
  1399.250 9.966E+08
  1399.500 1.014E+09
  1399.750 9.991E+08
  1400.000 1.021E+09
  1400.250 1.025E+09
  1400.500 1.028E+09
  1400.750 1.026E+09
  1401.000 9.961E+08
  1401.250 9.478E+08
  1401.500 9.111E+08
  1401.750 8.833E+08
  1402.000 8.414E+08
  1402.250 7.500E+08
  1402.500 5.897E+08
  1402.750 4.669E+08
  1403.000 5.500E+08
  1403.250 7.129E+08
  1403.500 8.348E+08
  1403.750 9.051E+08
  1404.000 9.485E+08
  1404.250 9.852E+08
  1404.500 1.009E+09
  1404.750 1.013E+09
  1405.000 9.997E+08
  1405.250 9.692E+08
  1405.500 9.566E+08
  1405.750 9.724E+08
  1406.000 9.795E+08
  1406.250 9.945E+08
  1406.500 1.043E+09
  1406.750 1.057E+09
  1407.000 1.050E+09
  1407.250 1.052E+09
  1407.500 1.047E+09
  1407.750 1.049E+09
  1408.000 1.046E+09
  1408.250 1.031E+09
  1408.500 1.010E+09
  1408.750 1.010E+09
  1409.000 9.889E+08
  1409.250 1.004E+09
  1409.500 1.045E+09
  1409.750 1.049E+09
  1410.000 1.022E+09
  1410.250 9.891E+08
  1410.500 9.831E+08
  1410.750 1.001E+09
  1411.000 9.825E+08
  1411.250 9.885E+08
  1411.500 1.011E+09
  1411.750 1.002E+09
  1412.000 9.687E+08
  1412.250 9.817E+08
  1412.500 1.011E+09
  1412.750 9.794E+08
  1413.000 9.716E+08
  1413.250 1.011E+09
  1413.500 1.006E+09
  1413.750 9.851E+08
  1414.000 1.005E+09
  1414.250 1.006E+09
  1414.500 1.011E+09
  1414.750 9.881E+08
  1415.000 9.468E+08
  1415.250 9.688E+08
  1415.500 9.685E+08
  1415.750 9.560E+08
  1416.000 9.993E+08
  1416.250 1.034E+09
  1416.500 1.005E+09
  1416.750 9.137E+08
  1417.000 7.330E+08
  1417.250 6.143E+08
  1417.500 7.539E+08
  1417.750 8.731E+08
  1418.000 9.555E+08
  1418.250 1.018E+09
  1418.500 1.019E+09
  1418.750 1.016E+09
  1419.000 1.024E+09
  1419.250 1.009E+09
  1419.500 1.001E+09
  1419.750 9.886E+08
  1420.000 9.528E+08
  1420.250 9.416E+08
  1420.500 9.519E+08
  1420.750 9.882E+08
  1421.000 9.979E+08
  1421.250 1.005E+09
  1421.500 9.731E+08
  1421.750 9.468E+08
  1422.000 9.695E+08
  1422.250 9.261E+08
  1422.500 9.243E+08
  1422.750 9.781E+08
  1423.000 1.001E+09
  1423.250 1.024E+09
  1423.500 1.025E+09
  1423.750 9.850E+08
  1424.000 9.223E+08
  1424.250 8.819E+08
  1424.500 8.269E+08
  1424.750 7.867E+08
  1425.000 8.774E+08
  1425.250 9.796E+08
  1425.500 1.004E+09
  1425.750 1.003E+09
  1426.000 9.980E+08
  1426.250 9.590E+08
  1426.500 9.514E+08
  1426.750 9.991E+08
  1427.000 1.006E+09
  1427.250 9.736E+08
  1427.500 9.600E+08
  1427.750 9.452E+08
  1428.000 9.264E+08
  1428.250 9.599E+08
  1428.500 9.707E+08
  1428.750 9.236E+08
  1429.000 9.189E+08
  1429.250 9.586E+08
  1429.500 1.003E+09
  1429.750 1.023E+09
  1430.000 9.933E+08
  1430.250 9.425E+08
  1430.500 8.910E+08
  1430.750 8.616E+08
  1431.000 8.818E+08
  1431.250 9.100E+08
  1431.500 9.015E+08
  1431.750 9.254E+08
  1432.000 9.518E+08
  1432.250 9.500E+08
  1432.500 9.316E+08
  1432.750 9.330E+08
  1433.000 9.567E+08
  1433.250 9.613E+08
  1433.500 9.344E+08
  1433.750 9.361E+08
  1434.000 9.527E+08
  1434.250 9.329E+08
  1434.500 9.644E+08
  1434.750 9.868E+08
  1435.000 9.715E+08
  1435.250 9.441E+08
  1435.500 8.296E+08
  1435.750 7.013E+08
  1436.000 7.180E+08
  1436.250 8.136E+08
  1436.500 9.375E+08
  1436.750 9.992E+08
  1437.000 1.006E+09
  1437.250 9.976E+08
  1437.500 9.975E+08
  1437.750 1.003E+09
  1438.000 9.842E+08
  1438.250 9.723E+08
  1438.500 9.986E+08
  1438.750 1.019E+09
  1439.000 1.022E+09
  1439.250 1.016E+09
  1439.500 1.013E+09
  1439.750 1.020E+09
  1440.000 1.022E+09
  1440.250 1.014E+09
  1440.500 1.005E+09
  1440.750 1.005E+09
  1441.000 9.916E+08
  1441.250 9.701E+08
  1441.500 9.723E+08
  1441.750 9.935E+08
  1442.000 9.844E+08
  1442.250 9.358E+08
  1442.500 9.346E+08
  1442.750 9.679E+08
  1443.000 9.866E+08
  1443.250 9.909E+08
  1443.500 9.833E+08
  1443.750 9.773E+08
  1444.000 9.939E+08
  1444.250 9.946E+08
  1444.500 9.879E+08
  1444.750 9.640E+08
  1445.000 9.386E+08
  1445.250 9.487E+08
  1445.500 9.712E+08
  1445.750 9.955E+08
  1446.000 9.920E+08
  1446.250 9.692E+08
  1446.500 9.288E+08
  1446.750 9.283E+08
  1447.000 9.638E+08
  1447.250 9.819E+08
  1447.500 9.928E+08
  1447.750 9.958E+08
  1448.000 9.614E+08
  1448.250 9.221E+08
  1448.500 9.479E+08
  1448.750 9.858E+08
  1449.000 9.917E+08
  1449.250 9.938E+08
  1449.500 9.976E+08
  1449.750 9.908E+08
  1450.000 9.662E+08
  1450.250 9.419E+08
  1450.500 9.465E+08
  1450.750 9.740E+08
  1451.000 9.888E+08
  1451.250 9.616E+08
  1451.500 9.221E+08
  1451.750 9.253E+08
  1452.000 9.268E+08
  1452.250 9.493E+08
  1452.500 9.677E+08
  1452.750 9.512E+08
  1453.000 9.396E+08
  1453.250 9.639E+08
  1453.500 9.792E+08
  1453.750 9.679E+08
  1454.000 9.404E+08
  1454.250 9.178E+08
  1454.500 9.314E+08
  1454.750 9.083E+08
  1455.000 8.720E+08
  1455.250 8.783E+08
  1455.500 9.244E+08
  1455.750 9.331E+08
  1456.000 9.428E+08
  1456.250 9.380E+08
  1456.500 9.064E+08
  1456.750 9.245E+08
  1457.000 9.509E+08
  1457.250 9.380E+08
  1457.500 9.277E+08
  1457.750 9.397E+08
  1458.000 9.347E+08
  1458.250 9.372E+08
  1458.500 9.548E+08
  1458.750 9.347E+08
  1459.000 8.984E+08
  1459.250 9.092E+08
  1459.500 9.541E+08
  1459.750 9.709E+08
  1460.000 9.525E+08
  1460.250 9.155E+08
  1460.500 9.110E+08
  1460.750 9.477E+08
  1461.000 9.668E+08
  1461.250 9.712E+08
  1461.500 9.722E+08
  1461.750 9.655E+08
  1462.000 9.572E+08
  1462.250 9.546E+08
  1462.500 9.644E+08
  1462.750 9.626E+08
  1463.000 9.002E+08
  1463.250 8.025E+08
  1463.500 8.466E+08
  1463.750 9.392E+08
  1464.000 9.659E+08
  1464.250 9.640E+08
  1464.500 9.565E+08
  1464.750 9.415E+08
  1465.000 9.116E+08
  1465.250 8.790E+08
  1465.500 8.647E+08
  1465.750 8.536E+08
  1466.000 8.920E+08
  1466.250 8.939E+08
  1466.500 8.720E+08
  1466.750 8.890E+08
  1467.000 8.882E+08
  1467.250 8.605E+08
  1467.500 8.409E+08
  1467.750 8.483E+08
  1468.000 9.002E+08
  1468.250 9.066E+08
  1468.500 8.778E+08
  1468.750 8.617E+08
  1469.000 8.363E+08
  1469.250 8.499E+08
  1469.500 8.746E+08
  1469.750 8.610E+08
  1470.000 8.597E+08
  1470.250 9.055E+08
  1470.500 9.079E+08
  1470.750 8.846E+08
  1471.000 8.546E+08
  1471.250 8.666E+08
  1471.500 8.700E+08
  1471.750 8.694E+08
  1472.000 8.912E+08
  1472.250 9.202E+08
  1472.500 9.441E+08
  1472.750 9.381E+08
  1473.000 8.988E+08
  1473.250 8.831E+08
  1473.500 9.042E+08
  1473.750 8.891E+08
  1474.000 8.819E+08
  1474.250 9.083E+08
  1474.500 9.115E+08
  1474.750 9.186E+08
  1475.000 9.222E+08
  1475.250 8.848E+08
  1475.500 8.710E+08
  1475.750 8.723E+08
  1476.000 8.743E+08
  1476.250 8.809E+08
  1476.500 8.654E+08
  1476.750 8.634E+08
  1477.000 8.762E+08
  1477.250 9.067E+08
  1477.500 8.995E+08
  1477.750 8.548E+08
  1478.000 8.205E+08
  1478.250 8.372E+08
  1478.500 8.884E+08
  1478.750 9.220E+08
  1479.000 9.330E+08
  1479.250 9.213E+08
  1479.500 8.831E+08
  1479.750 8.749E+08
  1480.000 8.959E+08
  1480.250 9.125E+08
  1480.500 9.091E+08
  1480.750 8.901E+08
  1481.000 8.549E+08
  1481.250 8.460E+08
  1481.500 8.645E+08
  1481.750 8.540E+08
  1482.000 8.672E+08
  1482.250 8.540E+08
  1482.500 8.659E+08
  1482.750 8.539E+08
  1483.000 8.093E+08
  1483.250 8.364E+08
  1483.500 8.731E+08
  1483.750 8.992E+08
  1484.000 8.775E+08
  1484.250 8.278E+08
  1484.500 8.345E+08
  1484.750 8.810E+08
  1485.000 9.063E+08
  1485.250 8.900E+08
  1485.500 8.682E+08
  1485.750 8.766E+08
  1486.000 8.661E+08
  1486.250 8.306E+08
  1486.500 8.688E+08
  1486.750 9.095E+08
  1487.000 9.226E+08
  1487.250 9.211E+08
  1487.500 9.084E+08
  1487.750 9.042E+08
  1488.000 9.073E+08
  1488.250 8.952E+08
  1488.500 8.525E+08
  1488.750 7.962E+08
  1489.000 7.631E+08
  1489.250 7.299E+08
  1489.500 6.940E+08
  1489.750 6.795E+08
  1490.000 7.432E+08
  1490.250 7.966E+08
  1490.500 8.561E+08
  1490.750 8.759E+08
  1491.000 8.688E+08
  1491.250 8.620E+08
  1491.500 8.415E+08
  1491.750 8.106E+08
  1492.000 8.217E+08
  1492.250 8.513E+08
  1492.500 7.889E+08
  1492.750 7.711E+08
  1493.000 8.463E+08
  1493.250 8.449E+08
  1493.500 7.873E+08
  1493.750 8.029E+08
  1494.000 8.679E+08
  1494.250 8.728E+08
  1494.500 8.047E+08
  1494.750 7.764E+08
  1495.000 8.245E+08
  1495.250 8.185E+08
  1495.500 8.176E+08
  1495.750 8.318E+08
  1496.000 8.315E+08
  1496.250 8.456E+08
  1496.500 8.398E+08
  1496.750 8.304E+08
  1497.000 8.331E+08
  1497.250 8.484E+08
  1497.500 8.630E+08
  1497.750 8.801E+08
  1498.000 8.948E+08
  1498.250 8.803E+08
  1498.500 8.241E+08
  1498.750 7.766E+08
  1499.000 8.152E+08
  1499.250 8.493E+08
  1499.500 8.688E+08
  1499.750 8.475E+08
  1500.000 7.446E+08
  1500.250 6.267E+08
  1500.500 6.874E+08
  1500.750 7.740E+08
  1501.000 6.961E+08
  1501.250 6.310E+08
  1501.500 6.990E+08
  1501.750 6.697E+08
  1502.000 6.655E+08
  1502.250 7.597E+08
  1502.500 8.136E+08
  1502.750 8.031E+08
  1503.000 8.112E+08
  1503.250 8.546E+08
  1503.500 8.603E+08
  1503.750 8.355E+08
  1504.000 8.049E+08
  1504.250 8.323E+08
  1504.500 8.340E+08
  1504.750 7.978E+08
  1505.000 7.649E+08
  1505.250 7.869E+08
  1505.500 8.485E+08
  1505.750 8.262E+08
  1506.000 7.610E+08
  1506.250 7.858E+08
  1506.500 8.401E+08
  1506.750 8.546E+08
  1507.000 8.573E+08
  1507.250 8.240E+08
  1507.500 7.610E+08
  1507.750 7.827E+08
  1508.000 8.189E+08
  1508.250 8.405E+08
  1508.500 8.351E+08
  1508.750 7.691E+08
  1509.000 6.941E+08
  1509.250 7.270E+08
  1509.500 8.222E+08
  1509.750 8.316E+08
  1510.000 8.263E+08
  1510.250 8.524E+08
  1510.500 8.370E+08
  1510.750 7.783E+08
  1511.000 7.221E+08
  1511.250 6.976E+08
  1511.500 7.010E+08
  1511.750 6.939E+08
  1512.000 6.338E+08
  1512.250 5.984E+08
  1512.500 6.800E+08
  1512.750 7.025E+08
  1513.000 7.251E+08
  1513.250 7.353E+08
  1513.500 6.765E+08
  1513.750 6.953E+08
  1514.000 7.691E+08
  1514.250 7.702E+08
  1514.500 7.215E+08
  1514.750 7.393E+08
  1515.000 7.625E+08
  1515.250 7.491E+08
  1515.500 7.205E+08
  1515.750 7.409E+08
  1516.000 7.548E+08
  1516.250 7.430E+08
  1516.500 7.396E+08
  1516.750 7.571E+08
  1517.000 7.489E+08
  1517.250 7.653E+08
  1517.500 8.110E+08
  1517.750 8.230E+08
  1518.000 8.104E+08
  1518.250 8.153E+08
  1518.500 7.897E+08
  1518.750 7.535E+08
  1519.000 8.016E+08
  1519.250 8.392E+08
  1519.500 8.183E+08
  1519.750 8.229E+08
  1520.000 8.398E+08
  1520.250 8.340E+08
  1520.500 8.141E+08
  1520.750 8.006E+08
  1521.000 8.290E+08
  1521.250 8.445E+08
  1521.500 8.352E+08
  1521.750 8.209E+08
  1522.000 8.309E+08
  1522.250 8.513E+08
  1522.500 8.485E+08
  1522.750 8.397E+08
  1523.000 8.426E+08
  1523.250 8.360E+08
  1523.500 8.326E+08
  1523.750 8.298E+08
  1524.000 8.268E+08
  1524.250 8.114E+08
  1524.500 7.372E+08
  1524.750 7.075E+08
  1525.000 7.052E+08
  1525.250 7.244E+08
  1525.500 7.362E+08
  1525.750 6.979E+08
  1526.000 6.877E+08
  1526.250 6.599E+08
  1526.500 4.933E+08
  1526.750 3.999E+08
  1527.000 5.023E+08
  1527.250 5.710E+08
  1527.500 6.520E+08
  1527.750 7.233E+08
  1528.000 7.644E+08
  1528.250 7.944E+08
  1528.500 8.187E+08
  1528.750 8.255E+08
  1529.000 8.257E+08
  1529.250 8.241E+08
  1529.500 7.757E+08
  1529.750 7.062E+08
  1530.000 6.742E+08
  1530.250 6.616E+08
  1530.500 7.249E+08
  1530.750 8.053E+08
  1531.000 7.809E+08
  1531.250 6.707E+08
  1531.500 5.824E+08
  1531.750 5.863E+08
  1532.000 6.934E+08
  1532.250 7.641E+08
  1532.500 7.463E+08
  1532.750 7.042E+08
  1533.000 5.998E+08
  1533.250 4.101E+08
  1533.500 3.554E+08
  1533.750 5.265E+08
  1534.000 6.684E+08
  1534.250 7.378E+08
  1534.500 7.692E+08
  1534.750 7.849E+08
  1535.000 7.741E+08
  1535.250 7.365E+08
  1535.500 7.373E+08
  1535.750 7.584E+08
  1536.000 7.562E+08
  1536.250 7.222E+08
  1536.500 6.271E+08
  1536.750 6.260E+08
  1537.000 7.339E+08
  1537.250 7.697E+08
  1537.500 7.663E+08
  1537.750 7.983E+08
  1538.000 8.010E+08
  1538.250 7.691E+08
  1538.500 7.075E+08
  1538.750 6.681E+08
  1539.000 6.598E+08
  1539.250 6.710E+08
  1539.500 7.070E+08
  1539.750 7.539E+08
  1540.000 7.492E+08
  1540.250 7.417E+08
  1540.500 7.541E+08
  1540.750 6.939E+08
  1541.000 6.870E+08
  1541.250 7.477E+08
  1541.500 7.511E+08
  1541.750 6.920E+08
  1542.000 6.870E+08
  1542.250 7.165E+08
  1542.500 7.031E+08
  1542.750 6.997E+08
  1543.000 7.438E+08
  1543.250 7.658E+08
  1543.500 7.195E+08
  1543.750 6.810E+08
  1544.000 6.813E+08
  1544.250 7.313E+08
  1544.500 7.755E+08
  1544.750 7.849E+08
  1545.000 7.827E+08
  1545.250 7.662E+08
  1545.500 7.722E+08
  1545.750 7.958E+08
  1546.000 7.819E+08
  1546.250 7.684E+08
  1546.500 7.583E+08
  1546.750 7.176E+08
  1547.000 7.128E+08
  1547.250 7.179E+08
  1547.500 6.403E+08
  1547.750 6.207E+08
  1548.000 6.182E+08
  1548.250 6.189E+08
  1548.500 7.018E+08
  1548.750 7.502E+08
  1549.000 7.584E+08
  1549.250 7.647E+08
  1549.500 7.761E+08
  1549.750 7.643E+08
  1550.000 6.709E+08
  1550.250 5.774E+08
  1550.500 5.760E+08
  1550.750 5.444E+08
  1551.000 5.615E+08
  1551.250 6.305E+08
  1551.500 6.913E+08
  1551.750 7.025E+08
  1552.000 6.524E+08
  1552.250 6.490E+08
  1552.500 6.995E+08
  1552.750 7.144E+08
  1553.000 7.110E+08
  1553.250 7.252E+08
  1553.500 7.404E+08
  1553.750 7.523E+08
  1554.000 7.720E+08
  1554.250 7.596E+08
  1554.500 7.135E+08
  1554.750 6.955E+08
  1555.000 7.301E+08
  1555.250 7.360E+08
  1555.500 7.276E+08
  1555.750 6.806E+08
  1556.000 6.509E+08
  1556.250 6.374E+08
  1556.500 6.010E+08
  1556.750 6.331E+08
  1557.000 6.926E+08
  1557.250 7.353E+08
  1557.500 7.440E+08
  1557.750 7.624E+08
  1558.000 7.667E+08
  1558.250 7.156E+08
  1558.500 6.442E+08
  1558.750 6.439E+08
  1559.000 6.519E+08
  1559.250 6.679E+08
  1559.500 6.984E+08
  1559.750 7.338E+08
  1560.000 6.928E+08
  1560.250 5.923E+08
  1560.500 5.610E+08
  1560.750 6.090E+08
  1561.000 6.584E+08
  1561.250 5.697E+08
  1561.500 5.707E+08
  1561.750 7.118E+08
  1562.000 7.686E+08
  1562.250 7.483E+08
  1562.500 7.247E+08
  1562.750 7.131E+08
  1563.000 7.105E+08
  1563.250 7.238E+08
  1563.500 7.203E+08
  1563.750 6.964E+08
  1564.000 7.204E+08
  1564.250 7.167E+08
  1564.500 7.048E+08
  1564.750 7.306E+08
  1565.000 7.516E+08
  1565.250 7.628E+08
  1565.500 7.683E+08
  1565.750 7.630E+08
  1566.000 7.590E+08
  1566.250 7.459E+08
  1566.500 7.217E+08
  1566.750 6.909E+08
  1567.000 7.173E+08
  1567.250 7.650E+08
  1567.500 7.752E+08
  1567.750 7.570E+08
  1568.000 7.261E+08
  1568.250 7.145E+08
  1568.500 6.974E+08
  1568.750 6.725E+08
  1569.000 6.993E+08
  1569.250 7.239E+08
  1569.500 7.281E+08
  1569.750 7.374E+08
  1570.000 7.234E+08
  1570.250 6.645E+08
  1570.500 6.756E+08
  1570.750 7.317E+08
  1571.000 7.530E+08
  1571.250 7.508E+08
  1571.500 7.553E+08
  1571.750 7.604E+08
  1572.000 7.586E+08
  1572.250 7.478E+08
  1572.500 6.977E+08
  1572.750 6.298E+08
  1573.000 6.500E+08
  1573.250 7.309E+08
  1573.500 7.583E+08
  1573.750 7.145E+08
  1574.000 6.807E+08
  1574.250 7.170E+08
  1574.500 7.215E+08
  1574.750 6.528E+08
  1575.000 6.145E+08
  1575.250 6.462E+08
  1575.500 6.967E+08
  1575.750 7.478E+08
  1576.000 7.688E+08
  1576.250 7.576E+08
  1576.500 7.394E+08
  1576.750 7.270E+08
  1577.000 6.756E+08
  1577.250 6.746E+08
  1577.500 7.249E+08
  1577.750 7.085E+08
  1578.000 6.945E+08
  1578.250 7.198E+08
  1578.500 7.137E+08
  1578.750 7.205E+08
  1579.000 7.439E+08
  1579.250 7.286E+08
  1579.500 7.229E+08
  1579.750 7.238E+08
  1580.000 6.658E+08
  1580.250 6.246E+08
  1580.500 6.122E+08
  1580.750 5.927E+08
  1581.000 6.224E+08
  1581.250 6.612E+08
  1581.500 7.241E+08
  1581.750 7.602E+08
  1582.000 7.533E+08
  1582.250 7.188E+08
  1582.500 6.913E+08
  1582.750 7.074E+08
  1583.000 7.098E+08
  1583.250 6.795E+08
  1583.500 7.097E+08
  1583.750 7.416E+08
  1584.000 7.455E+08
  1584.250 7.380E+08
  1584.500 7.101E+08
  1584.750 6.892E+08
  1585.000 6.722E+08
  1585.250 7.006E+08
  1585.500 7.164E+08
  1585.750 7.044E+08
  1586.000 7.163E+08
  1586.250 7.456E+08
  1586.500 7.608E+08
  1586.750 7.600E+08
  1587.000 7.479E+08
  1587.250 7.269E+08
  1587.500 7.230E+08
  1587.750 7.366E+08
  1588.000 7.131E+08
  1588.250 6.767E+08
  1588.500 6.754E+08
  1588.750 6.352E+08
  1589.000 6.242E+08
  1589.250 6.734E+08
  1589.500 6.995E+08
  1589.750 7.215E+08
  1590.000 7.392E+08
  1590.250 7.374E+08
  1590.500 7.182E+08
  1590.750 7.242E+08
  1591.000 7.326E+08
  1591.250 7.188E+08
  1591.500 7.077E+08
  1591.750 6.898E+08
  1592.000 6.732E+08
  1592.250 7.019E+08
  1592.500 7.166E+08
  1592.750 7.124E+08
  1593.000 7.347E+08
  1593.250 7.282E+08
  1593.500 6.858E+08
  1593.750 6.728E+08
  1594.000 7.061E+08
  1594.250 7.359E+08
  1594.500 7.279E+08
  1594.750 6.916E+08
  1595.000 6.671E+08
  1595.250 6.503E+08
  1595.500 6.465E+08
  1595.750 6.827E+08
  1596.000 7.234E+08
  1596.250 7.393E+08
  1596.500 7.407E+08
  1596.750 7.332E+08
  1597.000 7.230E+08
  1597.250 7.145E+08
  1597.500 7.082E+08
  1597.750 7.119E+08
  1598.000 7.228E+08
  1598.250 7.272E+08
  1598.500 7.296E+08
  1598.750 7.390E+08
  1599.000 7.414E+08
  1599.250 7.310E+08
  1599.500 7.221E+08
  1599.750 7.150E+08
  1600.000 6.946E+08
  1600.250 6.814E+08
  1600.500 6.751E+08
  1600.750 6.700E+08
  1601.000 6.249E+08
  1601.250 5.659E+08
  1601.500 6.187E+08
  1601.750 6.353E+08
  1602.000 6.287E+08
  1602.250 6.681E+08
  1602.500 6.834E+08
  1602.750 6.776E+08
  1603.000 6.593E+08
  1603.250 6.834E+08
  1603.500 7.146E+08
  1603.750 7.192E+08
  1604.000 7.264E+08
  1604.250 7.168E+08
  1604.500 6.826E+08
  1604.750 6.773E+08
  1605.000 6.790E+08
  1605.250 6.496E+08
  1605.500 5.629E+08
  1605.750 4.578E+08
  1606.000 5.220E+08
  1606.250 6.573E+08
  1606.500 7.159E+08
  1606.750 7.176E+08
  1607.000 6.992E+08
  1607.250 6.896E+08
  1607.500 6.362E+08
  1607.750 5.962E+08
  1608.000 6.574E+08
  1608.250 6.460E+08
  1608.500 6.118E+08
  1608.750 6.553E+08
  1609.000 6.641E+08
  1609.250 6.746E+08
  1609.500 7.016E+08
  1609.750 6.788E+08
  1610.000 6.489E+08
  1610.250 6.536E+08
  1610.500 6.598E+08
  1610.750 6.478E+08
  1611.000 6.393E+08
  1611.250 6.499E+08
  1611.500 5.614E+08
  1611.750 3.891E+08
  1612.000 4.199E+08
  1612.250 5.750E+08
  1612.500 6.197E+08
  1612.750 6.025E+08
  1613.000 6.569E+08
  1613.250 7.001E+08
  1613.500 6.925E+08
  1613.750 6.710E+08
  1614.000 6.396E+08
  1614.250 6.608E+08
  1614.500 6.794E+08
  1614.750 6.886E+08
  1615.000 7.052E+08
  1615.250 6.990E+08
  1615.500 6.930E+08
  1615.750 7.028E+08
  1616.000 7.152E+08
  1616.250 7.128E+08
  1616.500 6.931E+08
  1616.750 6.805E+08
  1617.000 6.795E+08
  1617.250 6.753E+08
  1617.500 6.880E+08
  1617.750 6.868E+08
  1618.000 6.911E+08
  1618.250 6.744E+08
  1618.500 6.368E+08
  1618.750 6.364E+08
  1619.000 6.493E+08
  1619.250 6.623E+08
  1619.500 6.582E+08
  1619.750 6.726E+08
  1620.000 6.675E+08
  1620.250 6.326E+08
  1620.500 6.120E+08
  1620.750 6.376E+08
  1621.000 6.669E+08
  1621.250 6.795E+08
  1621.500 6.386E+08
  1621.750 5.893E+08
  1622.000 6.353E+08
  1622.250 6.937E+08
  1622.500 7.073E+08
  1622.750 6.929E+08
  1623.000 6.586E+08
  1623.250 6.511E+08
  1623.500 6.411E+08
  1623.750 6.399E+08
  1624.000 6.461E+08
  1624.250 6.495E+08
  1624.500 6.661E+08
  1624.750 6.625E+08
  1625.000 6.798E+08
  1625.250 6.747E+08
  1625.500 6.243E+08
  1625.750 6.136E+08
  1626.000 6.302E+08
  1626.250 6.484E+08
  1626.500 6.643E+08
  1626.750 6.755E+08
  1627.000 6.680E+08
  1627.250 6.511E+08
  1627.500 6.456E+08
  1627.750 6.428E+08
  1628.000 6.414E+08
  1628.250 6.330E+08
  1628.500 6.487E+08
  1628.750 6.575E+08
  1629.000 5.884E+08
  1629.250 5.256E+08
  1629.500 5.789E+08
  1629.750 6.550E+08
  1630.000 6.742E+08
  1630.250 6.745E+08
  1630.500 6.695E+08
  1630.750 6.551E+08
  1631.000 6.162E+08
  1631.250 6.129E+08
  1631.500 6.400E+08
  1631.750 6.412E+08
  1632.000 6.335E+08
  1632.250 6.224E+08
  1632.500 6.142E+08
  1632.750 6.281E+08
  1633.000 6.758E+08
  1633.250 6.917E+08
  1633.500 6.722E+08
  1633.750 6.260E+08
  1634.000 6.079E+08
  1634.250 6.234E+08
  1634.500 6.408E+08
  1634.750 6.674E+08
  1635.000 6.574E+08
  1635.250 6.142E+08
  1635.500 6.049E+08
  1635.750 6.439E+08
  1636.000 6.649E+08
  1636.250 6.415E+08
  1636.500 6.507E+08
  1636.750 6.744E+08
  1637.000 6.647E+08
  1637.250 6.407E+08
  1637.500 6.373E+08
  1637.750 6.759E+08
  1638.000 6.929E+08
  1638.250 6.909E+08
  1638.500 6.906E+08
  1638.750 6.837E+08
  1639.000 6.667E+08
  1639.250 6.418E+08
  1639.500 6.363E+08
  1639.750 6.313E+08
  1640.000 5.676E+08
  1640.250 5.465E+08
  1640.500 5.843E+08
  1640.750 6.276E+08
  1641.000 6.616E+08
  1641.250 6.795E+08
  1641.500 6.585E+08
  1641.750 6.199E+08
  1642.000 6.396E+08
  1642.250 6.568E+08
  1642.500 6.489E+08
  1642.750 6.516E+08
  1643.000 6.598E+08
  1643.250 6.573E+08
  1643.500 6.323E+08
  1643.750 6.423E+08
  1644.000 6.665E+08
  1644.250 6.567E+08
  1644.500 6.426E+08
  1644.750 6.473E+08
  1645.000 6.471E+08
  1645.250 6.644E+08
  1645.500 6.691E+08
  1645.750 6.546E+08
  1646.000 6.370E+08
  1646.250 6.274E+08
  1646.500 6.536E+08
  1646.750 6.616E+08
  1647.000 6.256E+08
  1647.250 6.102E+08
  1647.500 6.311E+08
  1647.750 6.593E+08
  1648.000 6.730E+08
  1648.250 6.659E+08
  1648.500 6.690E+08
  1648.750 6.763E+08
  1649.000 6.656E+08
  1649.250 6.153E+08
  1649.500 5.620E+08
  1649.750 5.815E+08
  1650.000 6.418E+08
  1650.250 6.636E+08
  1650.500 6.416E+08
  1650.750 6.293E+08
  1651.000 6.457E+08
  1651.250 6.525E+08
  1651.500 6.473E+08
  1651.750 6.374E+08
  1652.000 6.215E+08
  1652.250 6.224E+08
  1652.500 6.376E+08
  1652.750 5.942E+08
  1653.000 5.326E+08
  1653.250 5.215E+08
  1653.500 5.248E+08
  1653.750 5.525E+08
  1654.000 6.046E+08
  1654.250 6.127E+08
  1654.500 6.110E+08
  1654.750 6.296E+08
  1655.000 6.459E+08
  1655.250 6.509E+08
  1655.500 6.471E+08
  1655.750 6.440E+08
  1656.000 5.796E+08
  1656.250 5.114E+08
  1656.500 5.313E+08
  1656.750 4.788E+08
  1657.000 4.251E+08
  1657.250 4.891E+08
  1657.500 5.361E+08
  1657.750 5.294E+08
  1658.000 4.861E+08
  1658.250 5.354E+08
  1658.500 5.984E+08
  1658.750 6.083E+08
  1659.000 6.239E+08
  1659.250 6.071E+08
  1659.500 5.775E+08
  1659.750 6.187E+08
  1660.000 6.446E+08
  1660.250 6.523E+08
  1660.500 6.614E+08
  1660.750 6.566E+08
  1661.000 6.409E+08
  1661.250 6.225E+08
  1661.500 6.119E+08
  1661.750 5.970E+08
  1662.000 6.172E+08
  1662.250 6.284E+08
  1662.500 6.284E+08
  1662.750 6.365E+08
  1663.000 6.037E+08
  1663.250 5.841E+08
  1663.500 6.128E+08
  1663.750 6.308E+08
  1664.000 6.458E+08
  1664.250 6.568E+08
  1664.500 6.557E+08
  1664.750 6.483E+08
  1665.000 6.458E+08
  1665.250 6.485E+08
  1665.500 6.514E+08
  1665.750 6.519E+08
  1666.000 6.411E+08
  1666.250 6.259E+08
  1666.500 5.901E+08
  1666.750 5.838E+08
  1667.000 6.233E+08
  1667.250 6.470E+08
  1667.500 6.443E+08
  1667.750 6.266E+08
  1668.000 6.207E+08
  1668.250 6.395E+08
  1668.500 6.490E+08
  1668.750 6.496E+08
  1669.000 6.434E+08
  1669.250 6.227E+08
  1669.500 6.013E+08
  1669.750 6.136E+08
  1670.000 6.404E+08
  1670.250 6.402E+08
  1670.500 5.757E+08
  1670.750 4.421E+08
  1671.000 4.604E+08
  1671.250 5.845E+08
  1671.500 6.380E+08
  1671.750 6.447E+08
  1672.000 6.316E+08
  1672.250 6.127E+08
  1672.500 6.212E+08
  1672.750 6.296E+08
  1673.000 6.239E+08
  1673.250 5.960E+08
  1673.500 5.696E+08
  1673.750 5.950E+08
  1674.000 6.120E+08
  1674.250 6.004E+08
  1674.500 6.000E+08
  1674.750 6.043E+08
  1675.000 6.145E+08
  1675.250 6.121E+08
  1675.500 6.219E+08
  1675.750 6.224E+08
  1676.000 6.106E+08
  1676.250 5.881E+08
  1676.500 5.847E+08
  1676.750 6.044E+08
  1677.000 6.202E+08
  1677.250 6.358E+08
  1677.500 6.344E+08
  1677.750 6.142E+08
  1678.000 6.142E+08
  1678.250 6.261E+08
  1678.500 6.345E+08
  1678.750 6.401E+08
  1679.000 6.275E+08
  1679.250 5.854E+08
  1679.500 5.766E+08
  1679.750 6.170E+08
  1680.000 6.359E+08
  1680.250 6.371E+08
  1680.500 6.277E+08
  1680.750 6.261E+08
  1681.000 6.130E+08
  1681.250 6.045E+08
  1681.500 6.203E+08
  1681.750 6.187E+08
  1682.000 6.107E+08
  1682.250 6.151E+08
  1682.500 6.144E+08
  1682.750 6.298E+08
  1683.000 6.368E+08
  1683.250 6.253E+08
  1683.500 6.104E+08
  1683.750 6.072E+08
  1684.000 6.168E+08
  1684.250 6.282E+08
  1684.500 6.336E+08
  1684.750 6.341E+08
  1685.000 6.310E+08
  1685.250 6.336E+08
  1685.500 6.349E+08
  1685.750 6.156E+08
  1686.000 5.856E+08
  1686.250 5.699E+08
  1686.500 5.648E+08
  1686.750 5.850E+08
  1687.000 6.164E+08
  1687.250 6.241E+08
  1687.500 6.019E+08
  1687.750 5.523E+08
  1688.000 5.470E+08
  1688.250 5.931E+08
  1688.500 6.153E+08
  1688.750 6.241E+08
  1689.000 6.268E+08
  1689.250 6.285E+08
  1689.500 6.209E+08
  1689.750 6.023E+08
  1690.000 5.918E+08
  1690.250 5.836E+08
  1690.500 5.808E+08
  1690.750 5.802E+08
  1691.000 5.815E+08
  1691.250 5.902E+08
  1691.500 6.011E+08
  1691.750 6.054E+08
  1692.000 5.954E+08
  1692.250 5.606E+08
  1692.500 5.319E+08
  1692.750 5.686E+08
  1693.000 6.017E+08
  1693.250 6.018E+08
  1693.500 5.860E+08
  1693.750 5.898E+08
  1694.000 5.962E+08
  1694.250 5.926E+08
  1694.500 5.841E+08
  1694.750 5.727E+08
  1695.000 5.535E+08
  1695.250 5.672E+08
  1695.500 5.716E+08
  1695.750 5.726E+08
  1696.000 5.788E+08
  1696.250 5.900E+08
  1696.500 5.825E+08
  1696.750 5.614E+08
  1697.000 5.872E+08
  1697.250 6.150E+08
  1697.500 6.162E+08
  1697.750 6.046E+08
  1698.000 5.716E+08
  1698.250 5.614E+08
  1698.500 5.927E+08
  1698.750 5.904E+08
  1699.000 5.594E+08
  1699.250 5.589E+08
  1699.500 5.896E+08
  1699.750 6.121E+08
  1700.000 6.122E+08
  1700.250 5.968E+08
  1700.500 5.983E+08
  1700.750 6.009E+08
  1701.000 5.862E+08
  1701.250 5.713E+08
  1701.500 5.359E+08
  1701.750 5.095E+08
  1702.000 4.945E+08
  1702.250 5.442E+08
  1702.500 5.822E+08
  1702.750 5.877E+08
  1703.000 5.978E+08
  1703.250 5.808E+08
  1703.500 5.648E+08
  1703.750 5.804E+08
  1704.000 5.885E+08
  1704.250 5.905E+08
  1704.500 5.773E+08
  1704.750 5.735E+08
  1705.000 5.968E+08
  1705.250 6.135E+08
  1705.500 6.132E+08
  1705.750 5.902E+08
  1706.000 5.605E+08
  1706.250 5.597E+08
  1706.500 5.789E+08
  1706.750 5.950E+08
  1707.000 5.667E+08
  1707.250 4.755E+08
  1707.500 4.633E+08
  1707.750 5.378E+08
  1708.000 5.780E+08
  1708.250 5.694E+08
  1708.500 5.153E+08
  1708.750 5.228E+08
  1709.000 5.827E+08
  1709.250 5.778E+08
  1709.500 4.987E+08
  1709.750 4.426E+08
  1710.000 4.864E+08
  1710.250 5.286E+08
  1710.500 5.502E+08
  1710.750 5.779E+08
  1711.000 5.836E+08
  1711.250 5.731E+08
  1711.500 5.375E+08
  1711.750 5.273E+08
  1712.000 5.704E+08
  1712.250 5.945E+08
  1712.500 5.698E+08
  1712.750 5.307E+08
  1713.000 5.284E+08
  1713.250 5.691E+08
  1713.500 5.808E+08
  1713.750 5.693E+08
  1714.000 5.716E+08
  1714.250 5.726E+08
  1714.500 5.500E+08
  1714.750 5.346E+08
  1715.000 5.312E+08
  1715.250 5.042E+08
  1715.500 5.146E+08
  1715.750 5.315E+08
  1716.000 5.382E+08
  1716.250 5.585E+08
  1716.500 5.618E+08
  1716.750 5.439E+08
  1717.000 5.395E+08
  1717.250 5.428E+08
  1717.500 5.404E+08
  1717.750 5.503E+08
  1718.000 5.172E+08
  1718.250 4.863E+08
  1718.500 5.162E+08
  1718.750 5.374E+08
  1719.000 5.277E+08
  1719.250 5.092E+08
  1719.500 4.814E+08
  1719.750 4.992E+08
  1720.000 5.082E+08
  1720.250 5.395E+08
  1720.500 5.117E+08
  1720.750 4.779E+08
  1721.000 4.852E+08
  1721.250 4.521E+08
  1721.500 4.997E+08
  1721.750 5.617E+08
  1722.000 5.390E+08
  1722.250 5.010E+08
  1722.500 4.961E+08
  1722.750 4.909E+08
  1723.000 5.336E+08
  1723.250 5.777E+08
  1723.500 5.570E+08
  1723.750 5.159E+08
  1724.000 5.031E+08
  1724.250 5.038E+08
  1724.500 5.047E+08
  1724.750 4.890E+08
  1725.000 4.416E+08
  1725.250 4.886E+08
  1725.500 5.576E+08
  1725.750 5.654E+08
  1726.000 5.527E+08
  1726.250 5.314E+08
  1726.500 5.253E+08
  1726.750 5.577E+08
  1727.000 5.735E+08
  1727.250 5.586E+08
  1727.500 5.451E+08
  1727.750 5.553E+08
  1728.000 5.679E+08
  1728.250 5.670E+08
  1728.500 5.547E+08
  1728.750 5.497E+08
  1729.000 5.554E+08
  1729.250 5.394E+08
  1729.500 5.470E+08
  1729.750 5.759E+08
  1730.000 5.735E+08
  1730.250 5.396E+08
  1730.500 5.121E+08
  1730.750 5.065E+08
  1731.000 5.179E+08
  1731.250 5.190E+08
  1731.500 5.170E+08
  1731.750 5.429E+08
  1732.000 5.660E+08
  1732.250 5.654E+08
  1732.500 5.566E+08
  1732.750 5.587E+08
  1733.000 5.353E+08
  1733.250 5.379E+08
  1733.500 5.560E+08
  1733.750 5.415E+08
  1734.000 5.391E+08
  1734.250 5.464E+08
  1734.500 5.436E+08
  1734.750 5.277E+08
  1735.000 5.373E+08
  1735.250 5.566E+08
  1735.500 5.405E+08
  1735.750 5.288E+08
  1736.000 5.280E+08
  1736.250 5.456E+08
  1736.500 5.722E+08
  1736.750 5.828E+08
  1737.000 5.804E+08
  1737.250 5.637E+08
  1737.500 5.228E+08
  1737.750 5.194E+08
  1738.000 5.304E+08
  1738.250 4.844E+08
  1738.500 4.525E+08
  1738.750 4.587E+08
  1739.000 5.098E+08
  1739.250 5.449E+08
  1739.500 5.602E+08
  1739.750 5.505E+08
  1740.000 5.503E+08
  1740.250 5.539E+08
  1740.500 5.447E+08
  1740.750 5.200E+08
  1741.000 5.220E+08
  1741.250 5.357E+08
  1741.500 5.048E+08
  1741.750 4.879E+08
  1742.000 4.886E+08
  1742.250 5.313E+08
  1742.500 5.294E+08
  1742.750 4.927E+08
  1743.000 5.213E+08
  1743.250 5.491E+08
  1743.500 5.599E+08
  1743.750 5.617E+08
  1744.000 5.367E+08
  1744.250 5.139E+08
  1744.500 5.364E+08
  1744.750 5.538E+08
  1745.000 5.444E+08
  1745.250 5.283E+08
  1745.500 5.128E+08
  1745.750 5.222E+08
  1746.000 5.551E+08
  1746.250 5.584E+08
  1746.500 5.299E+08
  1746.750 4.732E+08
  1747.000 4.455E+08
  1747.250 4.726E+08
  1747.500 5.045E+08
  1747.750 5.071E+08
  1748.000 4.894E+08
  1748.250 4.609E+08
  1748.500 4.962E+08
  1748.750 5.334E+08
  1749.000 5.117E+08
  1749.250 4.990E+08
  1749.500 5.071E+08
  1749.750 5.162E+08
  1750.000 5.210E+08
  1750.250 5.064E+08
  1750.500 5.081E+08
  1750.750 5.249E+08
  1751.000 5.247E+08
  1751.250 5.212E+08
  1751.500 5.153E+08
  1751.750 4.797E+08
  1752.000 4.875E+08
  1752.250 5.067E+08
  1752.500 5.100E+08
  1752.750 5.064E+08
  1753.000 4.686E+08
  1753.250 4.642E+08
  1753.500 4.797E+08
  1753.750 5.344E+08
  1754.000 5.628E+08
  1754.250 5.669E+08
  1754.500 5.578E+08
  1754.750 5.349E+08
  1755.000 5.354E+08
  1755.250 5.544E+08
  1755.500 5.601E+08
  1755.750 5.571E+08
  1756.000 5.568E+08
  1756.250 5.617E+08
  1756.500 5.627E+08
  1756.750 5.541E+08
  1757.000 5.448E+08
  1757.250 5.518E+08
  1757.500 5.465E+08
  1757.750 5.295E+08
  1758.000 5.249E+08
  1758.250 5.163E+08
  1758.500 5.047E+08
  1758.750 5.190E+08
  1759.000 5.338E+08
  1759.250 5.446E+08
  1759.500 5.541E+08
  1759.750 5.409E+08
  1760.000 4.840E+08
  1760.250 4.389E+08
  1760.500 4.620E+08
  1760.750 5.198E+08
  1761.000 5.390E+08
  1761.250 5.139E+08
  1761.500 5.078E+08
  1761.750 5.031E+08
  1762.000 4.895E+08
  1762.250 5.131E+08
  1762.500 5.316E+08
  1762.750 5.425E+08
  1763.000 5.401E+08
  1763.250 5.386E+08
  1763.500 5.078E+08
  1763.750 4.261E+08
  1764.000 4.005E+08
  1764.250 4.788E+08
  1764.500 4.890E+08
  1764.750 4.779E+08
  1765.000 5.170E+08
  1765.250 5.243E+08
  1765.500 5.167E+08
  1765.750 4.942E+08
  1766.000 5.090E+08
  1766.250 5.394E+08
  1766.500 5.492E+08
  1766.750 5.534E+08
  1767.000 5.521E+08
  1767.250 5.442E+08
  1767.500 5.083E+08
  1767.750 4.517E+08
  1768.000 4.704E+08
  1768.250 5.265E+08
  1768.500 5.475E+08
  1768.750 5.495E+08
  1769.000 5.318E+08
  1769.250 4.950E+08
  1769.500 4.594E+08
  1769.750 4.591E+08
  1770.000 4.798E+08
  1770.250 4.655E+08
  1770.500 4.623E+08
  1770.750 4.948E+08
  1771.000 5.200E+08
  1771.250 5.146E+08
  1771.500 4.950E+08
  1771.750 4.969E+08
  1772.000 4.918E+08
  1772.250 4.982E+08
  1772.500 4.954E+08
  1772.750 5.003E+08
  1773.000 4.956E+08
  1773.250 4.963E+08
  1773.500 4.788E+08
  1773.750 4.504E+08
  1774.000 4.814E+08
  1774.250 5.237E+08
  1774.500 5.288E+08
  1774.750 5.297E+08
  1775.000 5.193E+08
  1775.250 4.812E+08
  1775.500 4.689E+08
  1775.750 4.446E+08
  1776.000 4.191E+08
  1776.250 4.725E+08
  1776.500 5.080E+08
  1776.750 4.868E+08
  1777.000 4.741E+08
  1777.250 5.006E+08
  1777.500 5.130E+08
  1777.750 4.976E+08
  1778.000 5.131E+08
  1778.250 5.173E+08
  1778.500 4.726E+08
  1778.750 4.424E+08
  1779.000 4.807E+08
  1779.250 4.983E+08
  1779.500 4.979E+08
  1779.750 5.101E+08
  1780.000 5.144E+08
  1780.250 5.224E+08
  1780.500 5.250E+08
  1780.750 5.240E+08
  1781.000 5.043E+08
  1781.250 4.835E+08
  1781.500 5.088E+08
  1781.750 5.294E+08
  1782.000 5.232E+08
  1782.250 5.148E+08
  1782.500 4.993E+08
  1782.750 4.597E+08
  1783.000 4.164E+08
  1783.250 4.406E+08
  1783.500 5.023E+08
  1783.750 5.229E+08
  1784.000 5.254E+08
  1784.250 5.167E+08
  1784.500 4.908E+08
  1784.750 4.765E+08
  1785.000 4.669E+08
  1785.250 4.666E+08
  1785.500 5.034E+08
  1785.750 5.283E+08
  1786.000 5.209E+08
  1786.250 4.749E+08
  1786.500 4.105E+08
  1786.750 4.006E+08
  1787.000 4.469E+08
  1787.250 5.016E+08
  1787.500 5.191E+08
  1787.750 5.026E+08
  1788.000 4.551E+08
  1788.250 4.263E+08
  1788.500 4.371E+08
  1788.750 4.734E+08
  1789.000 4.881E+08
  1789.250 5.043E+08
  1789.500 5.122E+08
  1789.750 5.104E+08
  1790.000 5.028E+08
  1790.250 4.855E+08
  1790.500 4.874E+08
  1790.750 4.904E+08
  1791.000 4.711E+08
  1791.250 4.597E+08
  1791.500 4.546E+08
  1791.750 4.769E+08
  1792.000 4.926E+08
  1792.250 4.918E+08
  1792.500 4.853E+08
  1792.750 4.822E+08
  1793.000 4.794E+08
  1793.250 4.824E+08
  1793.500 4.865E+08
  1793.750 4.815E+08
  1794.000 4.947E+08
  1794.250 5.198E+08
  1794.500 5.191E+08
  1794.750 4.871E+08
  1795.000 4.738E+08
  1795.250 5.007E+08
  1795.500 5.193E+08
  1795.750 5.247E+08
  1796.000 5.287E+08
  1796.250 5.289E+08
  1796.500 5.264E+08
  1796.750 5.219E+08
  1797.000 5.195E+08
  1797.250 5.213E+08
  1797.500 5.170E+08
  1797.750 5.012E+08
  1798.000 4.754E+08
  1798.250 4.637E+08
  1798.500 4.952E+08
  1798.750 5.192E+08
  1799.000 5.200E+08
  1799.250 5.207E+08
  1799.500 5.219E+08
  1799.750 5.125E+08
  1800.000 4.997E+08
  1800.250 5.096E+08
  1800.500 5.197E+08
  1800.750 5.226E+08
  1801.000 5.213E+08
  1801.250 5.062E+08
  1801.500 4.785E+08
  1801.750 4.744E+08
  1802.000 5.012E+08
  1802.250 5.183E+08
  1802.500 5.156E+08
  1802.750 5.059E+08
  1803.000 4.974E+08
  1803.250 4.867E+08
  1803.500 4.820E+08
  1803.750 4.942E+08
  1804.000 5.067E+08
  1804.250 4.947E+08
  1804.500 4.911E+08
  1804.750 5.049E+08
  1805.000 4.812E+08
  1805.250 4.508E+08
  1805.500 4.782E+08
  1805.750 5.102E+08
  1806.000 5.174E+08
  1806.250 5.066E+08
  1806.500 4.923E+08
  1806.750 4.960E+08
  1807.000 4.778E+08
  1807.250 4.607E+08
  1807.500 4.847E+08
  1807.750 4.774E+08
  1808.000 4.405E+08
  1808.250 4.617E+08
  1808.500 5.022E+08
  1808.750 5.141E+08
  1809.000 4.994E+08
  1809.250 4.722E+08
  1809.500 4.799E+08
  1809.750 4.938E+08
  1810.000 5.007E+08
  1810.250 4.916E+08
  1810.500 4.752E+08
  1810.750 4.903E+08
  1811.000 4.979E+08
  1811.250 4.852E+08
  1811.500 4.478E+08
  1811.750 4.089E+08
  1812.000 4.300E+08
  1812.250 4.771E+08
  1812.500 4.798E+08
  1812.750 4.421E+08
  1813.000 4.336E+08
  1813.250 4.690E+08
  1813.500 4.916E+08
  1813.750 4.835E+08
  1814.000 4.841E+08
  1814.250 4.982E+08
  1814.500 5.077E+08
  1814.750 5.023E+08
  1815.000 4.635E+08
  1815.250 4.120E+08
  1815.500 4.210E+08
  1815.750 4.199E+08
  1816.000 4.116E+08
  1816.250 4.531E+08
  1816.500 4.740E+08
  1816.750 4.386E+08
  1817.000 4.236E+08
  1817.250 4.468E+08
  1817.500 4.247E+08
  1817.750 4.447E+08
  1818.000 4.884E+08
  1818.250 4.971E+08
  1818.500 4.943E+08
  1818.750 4.978E+08
  1819.000 4.799E+08
  1819.250 4.325E+08
  1819.500 4.165E+08
  1819.750 4.365E+08
  1820.000 4.625E+08
  1820.250 4.665E+08
  1820.500 4.622E+08
  1820.750 4.758E+08
  1821.000 4.825E+08
  1821.250 4.919E+08
  1821.500 4.883E+08
  1821.750 4.539E+08
  1822.000 4.268E+08
  1822.250 4.452E+08
  1822.500 4.789E+08
  1822.750 4.702E+08
  1823.000 4.409E+08
  1823.250 4.641E+08
  1823.500 4.835E+08
  1823.750 4.716E+08
  1824.000 4.742E+08
  1824.250 4.922E+08
  1824.500 4.859E+08
  1824.750 4.648E+08
  1825.000 4.557E+08
  1825.250 4.718E+08
  1825.500 4.914E+08
  1825.750 4.882E+08
  1826.000 4.577E+08
  1826.250 4.367E+08
  1826.500 4.629E+08
  1826.750 4.838E+08
  1827.000 4.825E+08
  1827.250 4.870E+08
  1827.500 4.932E+08
  1827.750 4.938E+08
  1828.000 4.858E+08
  1828.250 4.778E+08
  1828.500 4.795E+08
  1828.750 4.726E+08
  1829.000 4.582E+08
  1829.250 4.597E+08
  1829.500 4.753E+08
  1829.750 4.445E+08
  1830.000 3.926E+08
  1830.250 4.041E+08
  1830.500 4.214E+08
  1830.750 4.312E+08
  1831.000 4.563E+08
  1831.250 4.600E+08
  1831.500 4.529E+08
  1831.750 4.599E+08
  1832.000 4.656E+08
  1832.250 4.741E+08
  1832.500 4.700E+08
  1832.750 4.657E+08
  1833.000 4.610E+08
  1833.250 4.618E+08
  1833.500 4.615E+08
  1833.750 4.597E+08
  1834.000 4.624E+08
  1834.250 4.695E+08
  1834.500 4.797E+08
  1834.750 4.532E+08
  1835.000 4.339E+08
  1835.250 4.572E+08
  1835.500 4.696E+08
  1835.750 4.670E+08
  1836.000 4.687E+08
  1836.250 4.787E+08
  1836.500 4.801E+08
  1836.750 4.709E+08
  1837.000 4.702E+08
  1837.250 4.652E+08
  1837.500 4.321E+08
  1837.750 4.180E+08
  1838.000 4.267E+08
  1838.250 4.238E+08
  1838.500 4.242E+08
  1838.750 4.382E+08
  1839.000 4.687E+08
  1839.250 4.722E+08
  1839.500 4.555E+08
  1839.750 4.449E+08
  1840.000 4.310E+08
  1840.250 4.380E+08
  1840.500 4.571E+08
  1840.750 4.671E+08
  1841.000 4.674E+08
  1841.250 4.402E+08
  1841.500 4.015E+08
  1841.750 4.191E+08
  1842.000 4.474E+08
  1842.250 4.471E+08
  1842.500 4.169E+08
  1842.750 4.111E+08
  1843.000 4.076E+08
  1843.250 3.830E+08
  1843.500 3.787E+08
  1843.750 4.212E+08
  1844.000 4.216E+08
  1844.250 4.075E+08
  1844.500 4.136E+08
  1844.750 4.276E+08
  1845.000 4.232E+08
  1845.250 4.026E+08
  1845.500 3.957E+08
  1845.750 4.355E+08
  1846.000 4.548E+08
  1846.250 4.411E+08
  1846.500 4.374E+08
  1846.750 4.350E+08
  1847.000 4.163E+08
  1847.250 4.043E+08
  1847.500 4.249E+08
  1847.750 4.409E+08
  1848.000 4.329E+08
  1848.250 4.248E+08
  1848.500 4.288E+08
  1848.750 4.295E+08
  1849.000 4.182E+08
  1849.250 3.665E+08
  1849.500 3.401E+08
  1849.750 3.431E+08
  1850.000 2.429E+08
