   850.000 3.295E+10
   850.250 3.274E+10
   850.500 3.219E+10
   850.750 3.227E+10
   851.000 3.276E+10
   851.250 3.286E+10
   851.500 3.276E+10
   851.750 3.215E+10
   852.000 3.012E+10
   852.250 2.928E+10
   852.500 3.135E+10
   852.750 3.252E+10
   853.000 3.268E+10
   853.250 3.269E+10
   853.500 3.268E+10
   853.750 3.266E+10
   854.000 3.261E+10
   854.250 3.243E+10
   854.500 3.134E+10
   854.750 2.939E+10
   855.000 3.013E+10
   855.250 3.194E+10
   855.500 3.243E+10
   855.750 3.247E+10
   856.000 3.246E+10
   856.250 3.244E+10
   856.500 3.241E+10
   856.750 3.238E+10
   857.000 3.234E+10
   857.250 3.220E+10
   857.500 3.135E+10
   857.750 2.921E+10
   858.000 2.917E+10
   858.250 3.127E+10
   858.500 3.209E+10
   858.750 3.219E+10
   859.000 3.218E+10
   859.250 3.216E+10
   859.500 3.215E+10
   859.750 3.214E+10
   860.000 3.211E+10
   860.250 3.203E+10
   860.500 3.189E+10
   860.750 3.191E+10
   861.000 3.192E+10
   861.250 3.192E+10
   861.500 3.196E+10
   861.750 3.196E+10
   862.000 3.195E+10
   862.250 3.193E+10
   862.500 3.190E+10
   862.750 3.188E+10
   863.000 3.186E+10
   863.250 3.183E+10
   863.500 3.181E+10
   863.750 3.179E+10
   864.000 3.177E+10
   864.250 3.175E+10
   864.500 3.173E+10
   864.750 3.170E+10
   865.000 3.155E+10
   865.250 3.087E+10
   865.500 3.039E+10
   865.750 3.110E+10
   866.000 3.153E+10
   866.250 3.157E+10
   866.500 3.155E+10
   866.750 3.152E+10
   867.000 3.150E+10
   867.250 3.148E+10
   867.500 3.146E+10
   867.750 3.144E+10
   868.000 3.142E+10
   868.250 3.140E+10
   868.500 3.138E+10
   868.750 3.135E+10
   869.000 3.133E+10
   869.250 3.131E+10
   869.500 3.129E+10
   869.750 3.127E+10
   870.000 3.124E+10
   870.250 3.122E+10
   870.500 3.120E+10
   870.750 3.115E+10
   871.000 3.074E+10
   871.250 2.941E+10
   871.500 2.914E+10
   871.750 3.046E+10
   872.000 3.100E+10
   872.250 3.103E+10
   872.500 3.102E+10
   872.750 3.101E+10
   873.000 3.099E+10
   873.250 3.096E+10
   873.500 3.094E+10
   873.750 3.092E+10
   874.000 3.090E+10
   874.250 3.088E+10
   874.500 3.086E+10
   874.750 3.083E+10
   875.000 3.078E+10
   875.250 3.076E+10
   875.500 3.076E+10
   875.750 3.075E+10
   876.000 3.073E+10
   876.250 3.071E+10
   876.500 3.068E+10
   876.750 3.066E+10
   877.000 3.063E+10
   877.250 3.055E+10
   877.500 3.049E+10
   877.750 3.053E+10
   878.000 3.055E+10
   878.250 3.053E+10
   878.500 3.051E+10
   878.750 3.049E+10
   879.000 3.047E+10
   879.250 3.045E+10
   879.500 3.043E+10
   879.750 3.041E+10
   880.000 3.039E+10
   880.250 3.037E+10
   880.500 3.035E+10
   880.750 3.032E+10
   881.000 3.030E+10
   881.250 3.029E+10
   881.500 3.026E+10
   881.750 3.024E+10
   882.000 3.021E+10
   882.250 3.019E+10
   882.500 3.014E+10
   882.750 2.976E+10
   883.000 2.858E+10
   883.250 2.788E+10
   883.500 2.791E+10
   883.750 2.886E+10
   884.000 2.960E+10
   884.250 2.875E+10
   884.500 2.795E+10
   884.750 2.904E+10
   885.000 2.982E+10
   885.250 2.982E+10
   885.500 2.922E+10
   885.750 2.847E+10
   886.000 2.907E+10
   886.250 2.974E+10
   886.500 2.984E+10
   886.750 2.982E+10
   887.000 2.979E+10
   887.250 2.978E+10
   887.500 2.977E+10
   887.750 2.975E+10
   888.000 2.972E+10
   888.250 2.970E+10
   888.500 2.969E+10
   888.750 2.967E+10
   889.000 2.965E+10
   889.250 2.963E+10
   889.500 2.959E+10
   889.750 2.956E+10
   890.000 2.955E+10
   890.250 2.955E+10
   890.500 2.953E+10
   890.750 2.951E+10
   891.000 2.949E+10
   891.250 2.946E+10
   891.500 2.944E+10
   891.750 2.942E+10
   892.000 2.938E+10
   892.250 2.898E+10
   892.500 2.774E+10
   892.750 2.763E+10
   893.000 2.885E+10
   893.250 2.927E+10
   893.500 2.928E+10
   893.750 2.921E+10
   894.000 2.870E+10
   894.250 2.751E+10
   894.500 2.761E+10
   894.750 2.803E+10
   895.000 2.808E+10
   895.250 2.878E+10
   895.500 2.908E+10
   895.750 2.910E+10
   896.000 2.908E+10
   896.250 2.907E+10
   896.500 2.905E+10
   896.750 2.903E+10
   897.000 2.901E+10
   897.250 2.899E+10
   897.500 2.897E+10
   897.750 2.894E+10
   898.000 2.892E+10
   898.250 2.889E+10
   898.500 2.875E+10
   898.750 2.804E+10
   899.000 2.757E+10
   899.250 2.831E+10
   899.500 2.876E+10
   899.750 2.878E+10
   900.000 2.864E+10
   900.250 2.824E+10
   900.500 2.805E+10
   900.750 2.770E+10
   901.000 2.725E+10
   901.250 2.771E+10
   901.500 2.834E+10
   901.750 2.843E+10
   902.000 2.847E+10
   902.250 2.850E+10
   902.500 2.813E+10
   902.750 2.730E+10
   903.000 2.755E+10
   903.250 2.830E+10
   903.500 2.848E+10
   903.750 2.847E+10
   904.000 2.845E+10
   904.250 2.843E+10
   904.500 2.842E+10
   904.750 2.840E+10
   905.000 2.837E+10
   905.250 2.832E+10
   905.500 2.801E+10
   905.750 2.706E+10
   906.000 2.696E+10
   906.250 2.789E+10
   906.500 2.823E+10
   906.750 2.824E+10
   907.000 2.823E+10
   907.250 2.821E+10
   907.500 2.819E+10
   907.750 2.817E+10
   908.000 2.815E+10
   908.250 2.813E+10
   908.500 2.811E+10
   908.750 2.809E+10
   909.000 2.807E+10
   909.250 2.806E+10
   909.500 2.803E+10
   909.750 2.801E+10
   910.000 2.800E+10
   910.250 2.798E+10
   910.500 2.796E+10
   910.750 2.794E+10
   911.000 2.792E+10
   911.250 2.791E+10
   911.500 2.786E+10
   911.750 2.766E+10
   912.000 2.724E+10
   912.250 2.694E+10
   912.500 2.687E+10
   912.750 2.685E+10
   913.000 2.683E+10
   913.250 2.680E+10
   913.500 2.677E+10
   913.750 2.674E+10
   914.000 2.672E+10
   914.250 2.670E+10
   914.500 2.667E+10
   914.750 2.665E+10
   915.000 2.664E+10
   915.250 2.663E+10
   915.500 2.662E+10
   915.750 2.662E+10
   916.000 2.663E+10
   916.250 2.662E+10
   916.500 2.662E+10
   916.750 2.663E+10
   917.000 2.666E+10
   917.250 2.664E+10
   917.500 2.671E+10
   917.750 2.664E+10
   918.000 2.676E+10
   918.250 2.663E+10
   918.500 2.687E+10
   918.750 2.685E+10
   919.000 2.660E+10
   919.250 2.690E+10
   919.500 2.678E+10
   919.750 2.673E+10
   920.000 2.733E+10
   920.250 2.725E+10
   920.500 2.644E+10
   920.750 2.633E+10
   921.000 2.673E+10
   921.250 2.688E+10
   921.500 2.665E+10
   921.750 2.672E+10
   922.000 2.676E+10
   922.250 2.679E+10
   922.500 2.564E+10
   922.750 2.449E+10
   923.000 2.371E+10
   923.250 2.384E+10
   923.500 2.511E+10
   923.750 2.619E+10
   924.000 2.644E+10
   924.250 2.650E+10
   924.500 2.861E+10
   924.750 2.982E+10
   925.000 2.952E+10
   925.250 2.855E+10
   925.500 2.692E+10
   925.750 2.474E+10
   926.000 2.331E+10
   926.250 2.313E+10
   926.500 2.420E+10
   926.750 2.601E+10
   927.000 2.786E+10
   927.250 2.944E+10
   927.500 3.003E+10
   927.750 2.926E+10
   928.000 3.037E+10
   928.250 3.268E+10
   928.500 3.338E+10
   928.750 3.315E+10
   929.000 3.256E+10
   929.250 3.160E+10
   929.500 3.025E+10
   929.750 2.853E+10
   930.000 2.636E+10
   930.250 2.379E+10
   930.500 2.188E+10
   930.750 2.133E+10
   931.000 2.235E+10
   931.250 2.435E+10
   931.500 2.645E+10
   931.750 2.829E+10
   932.000 2.970E+10
   932.250 3.047E+10
   932.500 3.027E+10
   932.750 2.856E+10
   933.000 2.491E+10
   933.250 2.063E+10
   933.500 2.043E+10
   933.750 2.479E+10
   934.000 2.925E+10
   934.250 3.228E+10
   934.500 3.415E+10
   934.750 3.521E+10
   935.000 3.569E+10
   935.250 3.570E+10
   935.500 3.531E+10
   935.750 3.457E+10
   936.000 3.351E+10
   936.250 3.214E+10
   936.500 3.049E+10
   936.750 2.854E+10
   937.000 2.625E+10
   937.250 2.351E+10
   937.500 2.117E+10
   937.750 2.016E+10
   938.000 2.090E+10
   938.250 2.298E+10
   938.500 2.536E+10
   938.750 2.764E+10
   939.000 2.969E+10
   939.250 3.151E+10
   939.500 3.316E+10
   939.750 3.465E+10
   940.000 3.594E+10
   940.250 3.704E+10
   940.500 3.801E+10
   940.750 3.882E+10
   941.000 3.946E+10
   941.250 3.997E+10
   941.500 4.031E+10
   941.750 4.037E+10
   942.000 3.944E+10
   942.250 3.545E+10
   942.500 3.135E+10
   942.750 3.449E+10
   943.000 3.839E+10
   943.250 3.882E+10
   943.500 3.755E+10
   943.750 3.502E+10
   944.000 3.082E+10
   944.250 2.495E+10
   944.500 2.109E+10
   944.750 2.402E+10
   945.000 2.986E+10
   945.250 3.412E+10
   945.500 3.658E+10
   945.750 3.803E+10
   946.000 3.871E+10
   946.250 3.885E+10
   946.500 3.866E+10
   946.750 3.821E+10
   947.000 3.754E+10
   947.250 3.659E+10
   947.500 3.489E+10
   947.750 3.195E+10
   948.000 2.851E+10
   948.250 2.731E+10
   948.500 2.815E+10
   948.750 2.697E+10
   949.000 2.433E+10
   949.250 2.122E+10
   949.500 1.921E+10
   949.750 1.903E+10
   950.000 2.038E+10
   950.250 2.262E+10
   950.500 2.477E+10
   950.750 2.695E+10
   951.000 2.928E+10
   951.250 3.123E+10
   951.500 3.290E+10
   951.750 3.439E+10
   952.000 3.568E+10
   952.250 3.681E+10
   952.500 3.778E+10
   952.750 3.868E+10
   953.000 3.947E+10
   953.250 4.014E+10
   953.500 4.072E+10
   953.750 4.121E+10
   954.000 4.164E+10
   954.250 4.202E+10
   954.500 4.233E+10
   954.750 4.248E+10
   955.000 4.179E+10
   955.250 3.993E+10
   955.500 4.077E+10
   955.750 4.292E+10
   956.000 4.356E+10
   956.250 4.372E+10
   956.500 4.374E+10
   956.750 4.325E+10
   957.000 4.259E+10
   957.250 4.311E+10
   957.500 4.351E+10
   957.750 4.320E+10
   958.000 4.224E+10
   958.250 3.920E+10
   958.500 3.272E+10
   958.750 2.978E+10
   959.000 3.541E+10
   959.250 4.070E+10
   959.500 4.283E+10
   959.750 4.358E+10
   960.000 4.389E+10
   960.250 4.405E+10
   960.500 4.413E+10
   960.750 4.419E+10
   961.000 4.422E+10
   961.250 4.422E+10
   961.500 4.420E+10
   961.750 4.418E+10
   962.000 4.413E+10
   962.250 4.411E+10
   962.500 4.403E+10
   962.750 4.383E+10
   963.000 4.381E+10
   963.250 4.392E+10
   963.500 4.393E+10
   963.750 4.387E+10
   964.000 4.380E+10
   964.250 4.372E+10
   964.500 4.364E+10
   964.750 4.355E+10
   965.000 4.345E+10
   965.250 4.333E+10
   965.500 4.319E+10
   965.750 4.307E+10
   966.000 4.294E+10
   966.250 4.277E+10
   966.500 4.258E+10
   966.750 4.240E+10
   967.000 4.219E+10
   967.250 4.195E+10
   967.500 4.167E+10
   967.750 4.137E+10
   968.000 4.103E+10
   968.250 4.056E+10
   968.500 3.969E+10
   968.750 3.888E+10
   969.000 3.874E+10
   969.250 3.838E+10
   969.500 3.765E+10
   969.750 3.680E+10
   970.000 3.584E+10
   970.250 3.477E+10
   970.500 3.361E+10
   970.750 3.241E+10
   971.000 3.102E+10
   971.250 2.932E+10
   971.500 2.760E+10
   971.750 2.537E+10
   972.000 2.206E+10
   972.250 1.948E+10
   972.500 1.855E+10
   972.750 1.980E+10
   973.000 2.237E+10
   973.250 2.494E+10
   973.500 2.740E+10
   973.750 2.946E+10
   974.000 3.114E+10
   974.250 3.262E+10
   974.500 3.392E+10
   974.750 3.504E+10
   975.000 3.597E+10
   975.250 3.648E+10
   975.500 3.589E+10
   975.750 3.580E+10
   976.000 3.766E+10
   976.250 3.889E+10
   976.500 3.899E+10
   976.750 3.666E+10
   977.000 3.345E+10
   977.250 3.575E+10
   977.500 3.775E+10
   977.750 3.840E+10
   978.000 3.956E+10
   978.250 4.072E+10
   978.500 4.119E+10
   978.750 4.134E+10
   979.000 4.141E+10
   979.250 4.137E+10
   979.500 4.116E+10
   979.750 4.113E+10
   980.000 4.140E+10
   980.250 4.177E+10
   980.500 4.193E+10
   980.750 4.197E+10
   981.000 4.199E+10
   981.250 4.201E+10
   981.500 4.203E+10
   981.750 4.202E+10
   982.000 4.198E+10
   982.250 4.195E+10
   982.500 4.180E+10
   982.750 4.161E+10
   983.000 4.180E+10
   983.250 4.195E+10
   983.500 4.193E+10
   983.750 4.184E+10
   984.000 4.166E+10
   984.250 4.165E+10
   984.500 4.153E+10
   984.750 4.022E+10
   985.000 3.939E+10
   985.250 4.077E+10
   985.500 4.089E+10
   985.750 3.978E+10
   986.000 3.943E+10
   986.250 3.998E+10
   986.500 4.113E+10
   986.750 4.160E+10
   987.000 4.161E+10
   987.250 4.155E+10
   987.500 4.151E+10
   987.750 4.148E+10
   988.000 4.126E+10
   988.250 3.956E+10
   988.500 3.545E+10
   988.750 3.544E+10
   989.000 3.931E+10
   989.250 4.056E+10
   989.500 4.035E+10
   989.750 3.994E+10
   990.000 4.012E+10
   990.250 4.042E+10
   990.500 4.049E+10
   990.750 4.026E+10
   991.000 3.985E+10
   991.250 3.901E+10
   991.500 3.743E+10
   991.750 3.548E+10
   992.000 3.137E+10
   992.250 2.563E+10
   992.500 2.602E+10
   992.750 3.197E+10
   993.000 3.622E+10
   993.250 3.819E+10
   993.500 3.914E+10
   993.750 3.963E+10
   994.000 3.989E+10
   994.250 3.998E+10
   994.500 4.007E+10
   994.750 4.026E+10
   995.000 4.031E+10
   995.250 4.025E+10
   995.500 4.035E+10
   995.750 4.043E+10
   996.000 4.044E+10
   996.250 4.042E+10
   996.500 4.031E+10
   996.750 4.004E+10
   997.000 4.001E+10
   997.250 3.983E+10
   997.500 3.877E+10
   997.750 3.877E+10
   998.000 3.988E+10
   998.250 4.018E+10
   998.500 3.997E+10
   998.750 3.952E+10
   999.000 3.806E+10
   999.250 3.444E+10
   999.500 3.199E+10
   999.750 3.445E+10
  1000.000 3.776E+10
  1000.250 3.848E+10
  1000.500 3.872E+10
  1000.750 3.872E+10
  1001.000 3.862E+10
  1001.250 3.949E+10
  1001.500 3.986E+10
  1001.750 3.980E+10
  1002.000 3.962E+10
  1002.250 3.951E+10
  1002.500 3.954E+10
  1002.750 3.963E+10
  1003.000 3.957E+10
  1003.250 3.945E+10
  1003.500 3.954E+10
  1003.750 3.960E+10
  1004.000 3.958E+10
  1004.250 3.955E+10
  1004.500 3.952E+10
  1004.750 3.947E+10
  1005.000 3.941E+10
  1005.250 3.932E+10
  1005.500 3.930E+10
  1005.750 3.933E+10
  1006.000 3.932E+10
  1006.250 3.930E+10
  1006.500 3.928E+10
  1006.750 3.924E+10
  1007.000 3.921E+10
  1007.250 3.918E+10
  1007.500 3.904E+10
  1007.750 3.865E+10
  1008.000 3.827E+10
  1008.250 3.819E+10
  1008.500 3.833E+10
  1008.750 3.848E+10
  1009.000 3.869E+10
  1009.250 3.883E+10
  1009.500 3.882E+10
  1009.750 3.877E+10
  1010.000 3.862E+10
  1010.250 3.836E+10
  1010.500 3.837E+10
  1010.750 3.853E+10
  1011.000 3.858E+10
  1011.250 3.853E+10
  1011.500 3.846E+10
  1011.750 3.845E+10
  1012.000 3.839E+10
  1012.250 3.825E+10
  1012.500 3.820E+10
  1012.750 3.813E+10
  1013.000 3.801E+10
  1013.250 3.805E+10
  1013.500 3.806E+10
  1013.750 3.789E+10
  1014.000 3.786E+10
  1014.250 3.796E+10
  1014.500 3.791E+10
  1014.750 3.763E+10
  1015.000 3.751E+10
  1015.250 3.766E+10
  1015.500 3.769E+10
  1015.750 3.764E+10
  1016.000 3.748E+10
  1016.250 3.713E+10
  1016.500 3.695E+10
  1016.750 3.691E+10
  1017.000 3.690E+10
  1017.250 3.709E+10
  1017.500 3.707E+10
  1017.750 3.695E+10
  1018.000 3.680E+10
  1018.250 3.664E+10
  1018.500 3.632E+10
  1018.750 3.573E+10
  1019.000 3.581E+10
  1019.250 3.617E+10
  1019.500 3.613E+10
  1019.750 3.593E+10
  1020.000 3.554E+10
  1020.250 3.481E+10
  1020.500 3.452E+10
  1020.750 3.462E+10
  1021.000 3.445E+10
  1021.250 3.429E+10
  1021.500 3.399E+10
  1021.750 3.349E+10
  1022.000 3.308E+10
  1022.250 3.270E+10
  1022.500 3.218E+10
  1022.750 3.157E+10
  1023.000 3.082E+10
  1023.250 3.001E+10
  1023.500 2.914E+10
  1023.750 2.812E+10
  1024.000 2.700E+10
  1024.250 2.578E+10
  1024.500 2.438E+10
  1024.750 2.271E+10
  1025.000 2.043E+10
  1025.250 1.791E+10
  1025.500 1.639E+10
  1025.750 1.604E+10
  1026.000 1.765E+10
  1026.250 1.990E+10
  1026.500 2.174E+10
  1026.750 2.331E+10
  1027.000 2.472E+10
  1027.250 2.598E+10
  1027.500 2.707E+10
  1027.750 2.809E+10
  1028.000 2.893E+10
  1028.250 2.970E+10
  1028.500 3.053E+10
  1028.750 3.124E+10
  1029.000 3.177E+10
  1029.250 3.221E+10
  1029.500 3.244E+10
  1029.750 3.232E+10
  1030.000 3.259E+10
  1030.250 3.274E+10
  1030.500 3.268E+10
  1030.750 3.332E+10
  1031.000 3.338E+10
  1031.250 3.367E+10
  1031.500 3.381E+10
  1031.750 3.191E+10
  1032.000 3.142E+10
  1032.250 3.383E+10
  1032.500 3.488E+10
  1032.750 3.487E+10
  1033.000 3.454E+10
  1033.250 3.396E+10
  1033.500 3.384E+10
  1033.750 3.468E+10
  1034.000 3.514E+10
  1034.250 3.521E+10
  1034.500 3.518E+10
  1034.750 3.507E+10
  1035.000 3.481E+10
  1035.250 3.482E+10
  1035.500 3.498E+10
  1035.750 3.516E+10
  1036.000 3.523E+10
  1036.250 3.513E+10
  1036.500 3.522E+10
  1036.750 3.529E+10
  1037.000 3.504E+10
  1037.250 3.431E+10
  1037.500 3.222E+10
  1037.750 3.211E+10
  1038.000 3.428E+10
  1038.250 3.527E+10
  1038.500 3.542E+10
  1038.750 3.542E+10
  1039.000 3.540E+10
  1039.250 3.536E+10
  1039.500 3.524E+10
  1039.750 3.495E+10
  1040.000 3.462E+10
  1040.250 3.481E+10
  1040.500 3.516E+10
  1040.750 3.522E+10
  1041.000 3.510E+10
  1041.250 3.506E+10
  1041.500 3.511E+10
  1041.750 3.507E+10
  1042.000 3.485E+10
  1042.250 3.411E+10
  1042.500 3.385E+10
  1042.750 3.456E+10
  1043.000 3.493E+10
  1043.250 3.479E+10
  1043.500 3.438E+10
  1043.750 3.430E+10
  1044.000 3.450E+10
  1044.250 3.445E+10
  1044.500 3.466E+10
  1044.750 3.446E+10
  1045.000 3.370E+10
  1045.250 3.314E+10
  1045.500 3.340E+10
  1045.750 3.397E+10
  1046.000 3.364E+10
  1046.250 3.219E+10
  1046.500 3.254E+10
  1046.750 3.406E+10
  1047.000 3.453E+10
  1047.250 3.425E+10
  1047.500 3.392E+10
  1047.750 3.411E+10
  1048.000 3.421E+10
  1048.250 3.391E+10
  1048.500 3.355E+10
  1048.750 3.355E+10
  1049.000 3.407E+10
  1049.250 3.414E+10
  1049.500 3.407E+10
  1049.750 3.424E+10
  1050.000 3.429E+10
  1050.250 3.414E+10
  1050.500 3.399E+10
  1050.750 3.377E+10
  1051.000 3.373E+10
  1051.250 3.402E+10
  1051.500 3.397E+10
  1051.750 3.399E+10
  1052.000 3.410E+10
  1052.250 3.404E+10
  1052.500 3.377E+10
  1052.750 3.373E+10
  1053.000 3.395E+10
  1053.250 3.401E+10
  1053.500 3.401E+10
  1053.750 3.397E+10
  1054.000 3.393E+10
  1054.250 3.390E+10
  1054.500 3.383E+10
  1054.750 3.369E+10
  1055.000 3.350E+10
  1055.250 3.354E+10
  1055.500 3.356E+10
  1055.750 3.322E+10
  1056.000 3.288E+10
  1056.250 3.330E+10
  1056.500 3.361E+10
  1056.750 3.350E+10
  1057.000 3.290E+10
  1057.250 3.275E+10
  1057.500 3.329E+10
  1057.750 3.334E+10
  1058.000 3.297E+10
  1058.250 3.251E+10
  1058.500 3.288E+10
  1058.750 3.333E+10
  1059.000 3.331E+10
  1059.250 3.293E+10
  1059.500 3.188E+10
  1059.750 3.114E+10
  1060.000 3.234E+10
  1060.250 3.270E+10
  1060.500 3.161E+10
  1060.750 3.165E+10
  1061.000 3.280E+10
  1061.250 3.309E+10
  1061.500 3.259E+10
  1061.750 3.122E+10
  1062.000 2.951E+10
  1062.250 2.894E+10
  1062.500 2.944E+10
  1062.750 3.007E+10
  1063.000 3.170E+10
  1063.250 3.271E+10
  1063.500 3.292E+10
  1063.750 3.289E+10
  1064.000 3.287E+10
  1064.250 3.286E+10
  1064.500 3.279E+10
  1064.750 3.278E+10
  1065.000 3.279E+10
  1065.250 3.275E+10
  1065.500 3.268E+10
  1065.750 3.258E+10
  1066.000 3.221E+10
  1066.250 3.046E+10
  1066.500 2.671E+10
  1066.750 2.664E+10
  1067.000 3.033E+10
  1067.250 3.182E+10
  1067.500 3.026E+10
  1067.750 2.686E+10
  1068.000 2.805E+10
  1068.250 3.112E+10
  1068.500 3.202E+10
  1068.750 3.223E+10
  1069.000 3.221E+10
  1069.250 3.196E+10
  1069.500 3.170E+10
  1069.750 3.157E+10
  1070.000 3.140E+10
  1070.250 3.185E+10
  1070.500 3.223E+10
  1070.750 3.228E+10
  1071.000 3.226E+10
  1071.250 3.222E+10
  1071.500 3.212E+10
  1071.750 3.201E+10
  1072.000 3.172E+10
  1072.250 3.154E+10
  1072.500 3.171E+10
  1072.750 3.075E+10
  1073.000 2.952E+10
  1073.250 3.006E+10
  1073.500 3.032E+10
  1073.750 3.097E+10
  1074.000 3.128E+10
  1074.250 3.085E+10
  1074.500 3.086E+10
  1074.750 3.150E+10
  1075.000 3.162E+10
  1075.250 3.155E+10
  1075.500 3.166E+10
  1075.750 3.169E+10
  1076.000 3.165E+10
  1076.250 3.152E+10
  1076.500 3.119E+10
  1076.750 3.112E+10
  1077.000 3.131E+10
  1077.250 3.146E+10
  1077.500 3.144E+10
  1077.750 3.123E+10
  1078.000 3.099E+10
  1078.250 3.095E+10
  1078.500 3.073E+10
  1078.750 3.092E+10
  1079.000 3.110E+10
  1079.250 3.092E+10
  1079.500 3.091E+10
  1079.750 3.106E+10
  1080.000 3.107E+10
  1080.250 3.099E+10
  1080.500 3.058E+10
  1080.750 2.940E+10
  1081.000 2.852E+10
  1081.250 2.953E+10
  1081.500 3.040E+10
  1081.750 3.050E+10
  1082.000 3.040E+10
  1082.250 3.019E+10
  1082.500 2.992E+10
  1082.750 2.949E+10
  1083.000 2.920E+10
  1083.250 2.876E+10
  1083.500 2.809E+10
  1083.750 2.742E+10
  1084.000 2.589E+10
  1084.250 2.388E+10
  1084.500 2.180E+10
  1084.750 1.856E+10
  1085.000 1.735E+10
  1085.250 2.011E+10
  1085.500 2.323E+10
  1085.750 2.553E+10
  1086.000 2.706E+10
  1086.250 2.799E+10
  1086.500 2.863E+10
  1086.750 2.909E+10
  1087.000 2.943E+10
  1087.250 2.963E+10
  1087.500 2.952E+10
  1087.750 2.913E+10
  1088.000 2.939E+10
  1088.250 2.980E+10
  1088.500 2.988E+10
  1088.750 3.000E+10
  1089.000 3.004E+10
  1089.250 3.004E+10
  1089.500 3.001E+10
  1089.750 3.009E+10
  1090.000 3.021E+10
  1090.250 3.023E+10
  1090.500 3.007E+10
  1090.750 2.956E+10
  1091.000 2.923E+10
  1091.250 2.968E+10
  1091.500 2.993E+10
  1091.750 2.979E+10
  1092.000 2.957E+10
  1092.250 2.981E+10
  1092.500 3.009E+10
  1092.750 3.012E+10
  1093.000 3.002E+10
  1093.250 2.988E+10
  1093.500 2.992E+10
  1093.750 3.003E+10
  1094.000 3.003E+10
  1094.250 2.999E+10
  1094.500 2.995E+10
  1094.750 2.987E+10
  1095.000 2.982E+10
  1095.250 2.963E+10
  1095.500 2.967E+10
  1095.750 2.989E+10
  1096.000 2.995E+10
  1096.250 2.991E+10
  1096.500 2.969E+10
  1096.750 2.940E+10
  1097.000 2.958E+10
  1097.250 2.979E+10
  1097.500 2.979E+10
  1097.750 2.976E+10
  1098.000 2.972E+10
  1098.250 2.965E+10
  1098.500 2.967E+10
  1098.750 2.965E+10
  1099.000 2.958E+10
  1099.250 2.952E+10
  1099.500 2.916E+10
  1099.750 2.848E+10
  1100.000 2.871E+10
  1100.250 2.936E+10
  1100.500 2.952E+10
  1100.750 2.952E+10
  1101.000 2.948E+10
  1101.250 2.917E+10
  1101.500 2.855E+10
  1101.750 2.819E+10
  1102.000 2.839E+10
  1102.250 2.907E+10
  1102.500 2.933E+10
  1102.750 2.931E+10
  1103.000 2.921E+10
  1103.250 2.904E+10
  1103.500 2.902E+10
  1103.750 2.910E+10
  1104.000 2.883E+10
  1104.250 2.827E+10
  1104.500 2.855E+10
  1104.750 2.900E+10
  1105.000 2.905E+10
  1105.250 2.903E+10
  1105.500 2.893E+10
  1105.750 2.886E+10
  1106.000 2.880E+10
  1106.250 2.865E+10
  1106.500 2.845E+10
  1106.750 2.808E+10
  1107.000 2.757E+10
  1107.250 2.568E+10
  1107.500 2.169E+10
  1107.750 1.910E+10
  1108.000 2.016E+10
  1108.250 2.397E+10
  1108.500 2.672E+10
  1108.750 2.801E+10
  1109.000 2.844E+10
  1109.250 2.852E+10
  1109.500 2.846E+10
  1109.750 2.841E+10
  1110.000 2.846E+10
  1110.250 2.843E+10
  1110.500 2.808E+10
  1110.750 2.792E+10
  1111.000 2.823E+10
  1111.250 2.838E+10
  1111.500 2.814E+10
  1111.750 2.746E+10
  1112.000 2.743E+10
  1112.250 2.743E+10
  1112.500 2.684E+10
  1112.750 2.706E+10
  1113.000 2.792E+10
  1113.250 2.818E+10
  1113.500 2.824E+10
  1113.750 2.793E+10
  1114.000 2.710E+10
  1114.250 2.700E+10
  1114.500 2.755E+10
  1114.750 2.766E+10
  1115.000 2.694E+10
  1115.250 2.713E+10
  1115.500 2.784E+10
  1115.750 2.774E+10
  1116.000 2.679E+10
  1116.250 2.622E+10
  1116.500 2.658E+10
  1116.750 2.722E+10
  1117.000 2.745E+10
  1117.250 2.688E+10
  1117.500 2.499E+10
  1117.750 2.177E+10
  1118.000 2.034E+10
  1118.250 2.303E+10
  1118.500 2.560E+10
  1118.750 2.690E+10
  1119.000 2.685E+10
  1119.250 2.655E+10
  1119.500 2.693E+10
  1119.750 2.750E+10
  1120.000 2.782E+10
  1120.250 2.782E+10
  1120.500 2.760E+10
  1120.750 2.654E+10
  1121.000 2.524E+10
  1121.250 2.606E+10
  1121.500 2.737E+10
  1121.750 2.760E+10
  1122.000 2.706E+10
  1122.250 2.495E+10
  1122.500 2.331E+10
  1122.750 2.538E+10
  1123.000 2.715E+10
  1123.250 2.745E+10
  1123.500 2.697E+10
  1123.750 2.600E+10
  1124.000 2.626E+10
  1124.250 2.678E+10
  1124.500 2.693E+10
  1124.750 2.708E+10
  1125.000 2.726E+10
  1125.250 2.716E+10
  1125.500 2.644E+10
  1125.750 2.622E+10
  1126.000 2.684E+10
  1126.250 2.714E+10
  1126.500 2.723E+10
  1126.750 2.716E+10
  1127.000 2.694E+10
  1127.250 2.663E+10
  1127.500 2.576E+10
  1127.750 2.407E+10
  1128.000 2.145E+10
  1128.250 2.012E+10
  1128.500 2.251E+10
  1128.750 2.565E+10
  1129.000 2.643E+10
  1129.250 2.632E+10
  1129.500 2.667E+10
  1129.750 2.690E+10
  1130.000 2.690E+10
  1130.250 2.699E+10
  1130.500 2.700E+10
  1130.750 2.676E+10
  1131.000 2.660E+10
  1131.250 2.683E+10
  1131.500 2.697E+10
  1131.750 2.694E+10
  1132.000 2.681E+10
  1132.250 2.669E+10
  1132.500 2.668E+10
  1132.750 2.671E+10
  1133.000 2.680E+10
  1133.250 2.671E+10
  1133.500 2.638E+10
  1133.750 2.641E+10
  1134.000 2.665E+10
  1134.250 2.663E+10
  1134.500 2.655E+10
  1134.750 2.644E+10
  1135.000 2.644E+10
  1135.250 2.658E+10
  1135.500 2.663E+10
  1135.750 2.664E+10
  1136.000 2.663E+10
  1136.250 2.661E+10
  1136.500 2.660E+10
  1136.750 2.653E+10
  1137.000 2.641E+10
  1137.250 2.630E+10
  1137.500 2.615E+10
  1137.750 2.625E+10
  1138.000 2.616E+10
  1138.250 2.543E+10
  1138.500 2.459E+10
  1138.750 2.525E+10
  1139.000 2.612E+10
  1139.250 2.626E+10
  1139.500 2.622E+10
  1139.750 2.626E+10
  1140.000 2.628E+10
  1140.250 2.608E+10
  1140.500 2.584E+10
  1140.750 2.600E+10
  1141.000 2.613E+10
  1141.250 2.593E+10
  1141.500 2.579E+10
  1141.750 2.593E+10
  1142.000 2.595E+10
  1142.250 2.584E+10
  1142.500 2.591E+10
  1142.750 2.595E+10
  1143.000 2.601E+10
  1143.250 2.604E+10
  1143.500 2.595E+10
  1143.750 2.586E+10
  1144.000 2.577E+10
  1144.250 2.569E+10
  1144.500 2.575E+10
  1144.750 2.586E+10
  1145.000 2.588E+10
  1145.250 2.583E+10
  1145.500 2.586E+10
  1145.750 2.586E+10
  1146.000 2.574E+10
  1146.250 2.570E+10
  1146.500 2.568E+10
  1146.750 2.567E+10
  1147.000 2.576E+10
  1147.250 2.578E+10
  1147.500 2.576E+10
  1147.750 2.572E+10
  1148.000 2.570E+10
  1148.250 2.571E+10
  1148.500 2.569E+10
  1148.750 2.549E+10
  1149.000 2.502E+10
  1149.250 2.475E+10
  1149.500 2.433E+10
  1149.750 2.446E+10
  1150.000 2.508E+10
  1150.250 2.527E+10
  1150.500 2.500E+10
  1150.750 2.369E+10
  1151.000 2.340E+10
  1151.250 2.479E+10
  1151.500 2.539E+10
  1151.750 2.531E+10
  1152.000 2.515E+10
  1152.250 2.505E+10
  1152.500 2.437E+10
  1152.750 2.364E+10
  1153.000 2.442E+10
  1153.250 2.502E+10
  1153.500 2.423E+10
  1153.750 2.296E+10
  1154.000 2.386E+10
  1154.250 2.478E+10
  1154.500 2.445E+10
  1154.750 2.421E+10
  1155.000 2.452E+10
  1155.250 2.497E+10
  1155.500 2.510E+10
  1155.750 2.481E+10
  1156.000 2.451E+10
  1156.250 2.478E+10
  1156.500 2.503E+10
  1156.750 2.500E+10
  1157.000 2.483E+10
  1157.250 2.475E+10
  1157.500 2.475E+10
  1157.750 2.480E+10
  1158.000 2.477E+10
  1158.250 2.481E+10
  1158.500 2.492E+10
  1158.750 2.479E+10
  1159.000 2.454E+10
  1159.250 2.463E+10
  1159.500 2.479E+10
  1159.750 2.481E+10
  1160.000 2.466E+10
  1160.250 2.423E+10
  1160.500 2.389E+10
  1160.750 2.431E+10
  1161.000 2.467E+10
  1161.250 2.467E+10
  1161.500 2.460E+10
  1161.750 2.443E+10
  1162.000 2.431E+10
  1162.250 2.440E+10
  1162.500 2.443E+10
  1162.750 2.449E+10
  1163.000 2.456E+10
  1163.250 2.450E+10
  1163.500 2.431E+10
  1163.750 2.411E+10
  1164.000 2.357E+10
  1164.250 2.251E+10
  1164.500 2.234E+10
  1164.750 2.342E+10
  1165.000 2.406E+10
  1165.250 2.395E+10
  1165.500 2.309E+10
  1165.750 2.240E+10
  1166.000 2.310E+10
  1166.250 2.362E+10
  1166.500 2.382E+10
  1166.750 2.391E+10
  1167.000 2.384E+10
  1167.250 2.361E+10
  1167.500 2.282E+10
  1167.750 2.198E+10
  1168.000 2.213E+10
  1168.250 2.175E+10
  1168.500 1.955E+10
  1168.750 1.595E+10
  1169.000 1.495E+10
  1169.250 1.798E+10
  1169.500 2.096E+10
  1169.750 2.240E+10
  1170.000 2.287E+10
  1170.250 2.293E+10
  1170.500 2.331E+10
  1170.750 2.364E+10
  1171.000 2.369E+10
  1171.250 2.366E+10
  1171.500 2.349E+10
  1171.750 2.324E+10
  1172.000 2.324E+10
  1172.250 2.338E+10
  1172.500 2.357E+10
  1172.750 2.362E+10
  1173.000 2.366E+10
  1173.250 2.377E+10
  1173.500 2.369E+10
  1173.750 2.354E+10
  1174.000 2.356E+10
  1174.250 2.354E+10
  1174.500 2.319E+10
  1174.750 2.126E+10
  1175.000 1.907E+10
  1175.250 1.825E+10
  1175.500 1.707E+10
  1175.750 1.635E+10
  1176.000 1.788E+10
  1176.250 1.922E+10
  1176.500 2.078E+10
  1176.750 2.283E+10
  1177.000 2.335E+10
  1177.250 2.346E+10
  1177.500 2.343E+10
  1177.750 2.312E+10
  1178.000 2.311E+10
  1178.250 2.330E+10
  1178.500 2.328E+10
  1178.750 2.300E+10
  1179.000 2.294E+10
  1179.250 2.328E+10
  1179.500 2.337E+10
  1179.750 2.330E+10
  1180.000 2.327E+10
  1180.250 2.326E+10
  1180.500 2.322E+10
  1180.750 2.305E+10
  1181.000 2.311E+10
  1181.250 2.330E+10
  1181.500 2.334E+10
  1181.750 2.322E+10
  1182.000 2.299E+10
  1182.250 2.293E+10
  1182.500 2.294E+10
  1182.750 2.304E+10
  1183.000 2.321E+10
  1183.250 2.320E+10
  1183.500 2.309E+10
  1183.750 2.301E+10
  1184.000 2.298E+10
  1184.250 2.296E+10
  1184.500 2.296E+10
  1184.750 2.302E+10
  1185.000 2.310E+10
  1185.250 2.308E+10
  1185.500 2.303E+10
  1185.750 2.280E+10
  1186.000 2.264E+10
  1186.250 2.280E+10
  1186.500 2.272E+10
  1186.750 2.278E+10
  1187.000 2.294E+10
  1187.250 2.292E+10
  1187.500 2.285E+10
  1187.750 2.276E+10
  1188.000 2.272E+10
  1188.250 2.281E+10
  1188.500 2.277E+10
  1188.750 2.274E+10
  1189.000 2.283E+10
  1189.250 2.279E+10
  1189.500 2.261E+10
  1189.750 2.262E+10
  1190.000 2.251E+10
  1190.250 2.219E+10
  1190.500 2.229E+10
  1190.750 2.257E+10
  1191.000 2.262E+10
  1191.250 2.265E+10
  1191.500 2.270E+10
  1191.750 2.268E+10
  1192.000 2.264E+10
  1192.250 2.258E+10
  1192.500 2.246E+10
  1192.750 2.235E+10
  1193.000 2.236E+10
  1193.250 2.248E+10
  1193.500 2.245E+10
  1193.750 2.207E+10
  1194.000 2.144E+10
  1194.250 2.001E+10
  1194.500 1.898E+10
  1194.750 2.058E+10
  1195.000 2.139E+10
  1195.250 2.162E+10
  1195.500 2.211E+10
  1195.750 2.200E+10
  1196.000 2.119E+10
  1196.250 2.080E+10
  1196.500 2.108E+10
  1196.750 2.145E+10
  1197.000 2.162E+10
  1197.250 2.151E+10
  1197.500 2.158E+10
  1197.750 2.148E+10
  1198.000 2.107E+10
  1198.250 1.967E+10
  1198.500 1.839E+10
  1198.750 1.967E+10
  1199.000 2.119E+10
  1199.250 2.085E+10
  1199.500 2.059E+10
  1199.750 2.134E+10
  1200.000 2.154E+10
  1200.250 2.147E+10
  1200.500 2.174E+10
  1200.750 2.167E+10
  1201.000 2.152E+10
  1201.250 2.149E+10
  1201.500 2.136E+10
  1201.750 2.078E+10
  1202.000 2.055E+10
  1202.250 2.115E+10
  1202.500 2.146E+10
  1202.750 2.160E+10
  1203.000 2.154E+10
  1203.250 2.108E+10
  1203.500 2.104E+10
  1203.750 2.119E+10
  1204.000 2.147E+10
  1204.250 2.167E+10
  1204.500 2.162E+10
  1204.750 2.156E+10
  1205.000 2.140E+10
  1205.250 2.098E+10
  1205.500 2.073E+10
  1205.750 2.055E+10
  1206.000 2.025E+10
  1206.250 2.065E+10
  1206.500 2.114E+10
  1206.750 2.130E+10
  1207.000 2.122E+10
  1207.250 2.075E+10
  1207.500 2.044E+10
  1207.750 2.066E+10
  1208.000 2.029E+10
  1208.250 1.984E+10
  1208.500 2.033E+10
  1208.750 2.040E+10
  1209.000 2.034E+10
  1209.250 2.053E+10
  1209.500 2.039E+10
  1209.750 2.018E+10
  1210.000 2.009E+10
  1210.250 1.937E+10
  1210.500 1.875E+10
  1210.750 1.922E+10
  1211.000 1.969E+10
  1211.250 1.949E+10
  1211.500 1.897E+10
  1211.750 1.898E+10
  1212.000 1.920E+10
  1212.250 1.915E+10
  1212.500 1.868E+10
  1212.750 1.812E+10
  1213.000 1.771E+10
  1213.250 1.761E+10
  1213.500 1.750E+10
  1213.750 1.701E+10
  1214.000 1.642E+10
  1214.250 1.580E+10
  1214.500 1.503E+10
  1214.750 1.383E+10
  1215.000 1.217E+10
  1215.250 1.120E+10
  1215.500 1.075E+10
  1215.750 1.079E+10
  1216.000 1.196E+10
  1216.250 1.332E+10
  1216.500 1.438E+10
  1216.750 1.522E+10
  1217.000 1.588E+10
  1217.250 1.651E+10
  1217.500 1.698E+10
  1217.750 1.727E+10
  1218.000 1.772E+10
  1218.250 1.812E+10
  1218.500 1.843E+10
  1218.750 1.877E+10
  1219.000 1.900E+10
  1219.250 1.916E+10
  1219.500 1.935E+10
  1219.750 1.952E+10
  1220.000 1.948E+10
  1220.250 1.903E+10
  1220.500 1.886E+10
  1220.750 1.862E+10
  1221.000 1.851E+10
  1221.250 1.938E+10
  1221.500 1.991E+10
  1221.750 1.982E+10
  1222.000 1.950E+10
  1222.250 1.963E+10
  1222.500 1.984E+10
  1222.750 1.942E+10
  1223.000 1.955E+10
  1223.250 1.988E+10
  1223.500 1.997E+10
  1223.750 1.975E+10
  1224.000 1.947E+10
  1224.250 1.981E+10
  1224.500 1.986E+10
  1224.750 1.979E+10
  1225.000 1.990E+10
  1225.250 2.019E+10
  1225.500 2.035E+10
  1225.750 2.041E+10
  1226.000 2.041E+10
  1226.250 2.034E+10
  1226.500 2.031E+10
  1226.750 2.032E+10
  1227.000 2.026E+10
  1227.250 2.021E+10
  1227.500 2.003E+10
  1227.750 1.948E+10
  1228.000 1.950E+10
  1228.250 1.941E+10
  1228.500 1.837E+10
  1228.750 1.806E+10
  1229.000 1.882E+10
  1229.250 1.947E+10
  1229.500 1.953E+10
  1229.750 1.857E+10
  1230.000 1.693E+10
  1230.250 1.688E+10
  1230.500 1.664E+10
  1230.750 1.740E+10
  1231.000 1.873E+10
  1231.250 1.977E+10
  1231.500 2.005E+10
  1231.750 1.976E+10
  1232.000 1.967E+10
  1232.250 1.932E+10
  1232.500 1.853E+10
  1232.750 1.861E+10
  1233.000 1.890E+10
  1233.250 1.912E+10
  1233.500 1.940E+10
  1233.750 1.949E+10
  1234.000 1.920E+10
  1234.250 1.909E+10
  1234.500 1.913E+10
  1234.750 1.937E+10
  1235.000 1.987E+10
  1235.250 2.003E+10
  1235.500 1.981E+10
  1235.750 1.929E+10
  1236.000 1.919E+10
  1236.250 1.929E+10
  1236.500 1.946E+10
  1236.750 1.920E+10
  1237.000 1.885E+10
  1237.250 1.910E+10
  1237.500 1.950E+10
  1237.750 1.962E+10
  1238.000 1.942E+10
  1238.250 1.928E+10
  1238.500 1.818E+10
  1238.750 1.602E+10
  1239.000 1.697E+10
  1239.250 1.900E+10
  1239.500 1.923E+10
  1239.750 1.897E+10
  1240.000 1.869E+10
  1240.250 1.893E+10
  1240.500 1.947E+10
  1240.750 1.941E+10
  1241.000 1.894E+10
  1241.250 1.859E+10
  1241.500 1.844E+10
  1241.750 1.852E+10
  1242.000 1.829E+10
  1242.250 1.826E+10
  1242.500 1.755E+10
  1242.750 1.620E+10
  1243.000 1.709E+10
  1243.250 1.831E+10
  1243.500 1.862E+10
  1243.750 1.880E+10
  1244.000 1.828E+10
  1244.250 1.822E+10
  1244.500 1.907E+10
  1244.750 1.892E+10
  1245.000 1.796E+10
  1245.250 1.779E+10
  1245.500 1.853E+10
  1245.750 1.915E+10
  1246.000 1.924E+10
  1246.250 1.907E+10
  1246.500 1.881E+10
  1246.750 1.855E+10
  1247.000 1.818E+10
  1247.250 1.698E+10
  1247.500 1.695E+10
  1247.750 1.834E+10
  1248.000 1.827E+10
  1248.250 1.802E+10
  1248.500 1.852E+10
  1248.750 1.891E+10
  1249.000 1.909E+10
  1249.250 1.882E+10
  1249.500 1.835E+10
  1249.750 1.866E+10
  1250.000 1.860E+10
  1250.250 1.788E+10
  1250.500 1.741E+10
  1250.750 1.765E+10
  1251.000 1.831E+10
  1251.250 1.887E+10
  1251.500 1.889E+10
  1251.750 1.824E+10
  1252.000 1.762E+10
  1252.250 1.750E+10
  1252.500 1.771E+10
  1252.750 1.717E+10
  1253.000 1.722E+10
  1253.250 1.765E+10
  1253.500 1.731E+10
  1253.750 1.703E+10
  1254.000 1.750E+10
  1254.250 1.807E+10
  1254.500 1.848E+10
  1254.750 1.884E+10
  1255.000 1.896E+10
  1255.250 1.876E+10
  1255.500 1.821E+10
  1255.750 1.789E+10
  1256.000 1.811E+10
  1256.250 1.824E+10
  1256.500 1.831E+10
  1256.750 1.840E+10
  1257.000 1.823E+10
  1257.250 1.796E+10
  1257.500 1.773E+10
  1257.750 1.770E+10
  1258.000 1.768E+10
  1258.250 1.794E+10
  1258.500 1.818E+10
  1258.750 1.805E+10
  1259.000 1.787E+10
  1259.250 1.809E+10
  1259.500 1.807E+10
  1259.750 1.792E+10
  1260.000 1.779E+10
  1260.250 1.710E+10
  1260.500 1.700E+10
  1260.750 1.709E+10
  1261.000 1.675E+10
  1261.250 1.664E+10
  1261.500 1.733E+10
  1261.750 1.779E+10
  1262.000 1.830E+10
  1262.250 1.855E+10
  1262.500 1.833E+10
  1262.750 1.831E+10
  1263.000 1.826E+10
  1263.250 1.791E+10
  1263.500 1.789E+10
  1263.750 1.827E+10
  1264.000 1.824E+10
  1264.250 1.764E+10
  1264.500 1.712E+10
  1264.750 1.751E+10
  1265.000 1.809E+10
  1265.250 1.831E+10
  1265.500 1.765E+10
  1265.750 1.653E+10
  1266.000 1.625E+10
  1266.250 1.649E+10
  1266.500 1.678E+10
  1266.750 1.728E+10
  1267.000 1.733E+10
  1267.250 1.716E+10
  1267.500 1.746E+10
  1267.750 1.739E+10
  1268.000 1.744E+10
  1268.250 1.796E+10
  1268.500 1.822E+10
  1268.750 1.808E+10
  1269.000 1.796E+10
  1269.250 1.776E+10
  1269.500 1.765E+10
  1269.750 1.767E+10
  1270.000 1.773E+10
  1270.250 1.744E+10
  1270.500 1.689E+10
  1270.750 1.697E+10
  1271.000 1.713E+10
  1271.250 1.725E+10
  1271.500 1.764E+10
  1271.750 1.763E+10
  1272.000 1.702E+10
  1272.250 1.718E+10
  1272.500 1.737E+10
  1272.750 1.712E+10
  1273.000 1.719E+10
  1273.250 1.739E+10
  1273.500 1.753E+10
  1273.750 1.697E+10
  1274.000 1.707E+10
  1274.250 1.763E+10
  1274.500 1.787E+10
  1274.750 1.783E+10
  1275.000 1.791E+10
  1275.250 1.807E+10
  1275.500 1.804E+10
  1275.750 1.780E+10
  1276.000 1.752E+10
  1276.250 1.726E+10
  1276.500 1.685E+10
  1276.750 1.589E+10
  1277.000 1.524E+10
  1277.250 1.638E+10
  1277.500 1.741E+10
  1277.750 1.777E+10
  1278.000 1.755E+10
  1278.250 1.693E+10
  1278.500 1.708E+10
  1278.750 1.703E+10
  1279.000 1.676E+10
  1279.250 1.701E+10
  1279.500 1.660E+10
  1279.750 1.642E+10
  1280.000 1.686E+10
  1280.250 1.679E+10
  1280.500 1.674E+10
  1280.750 1.722E+10
  1281.000 1.729E+10
  1281.250 1.671E+10
  1281.500 1.663E+10
  1281.750 1.682E+10
  1282.000 1.642E+10
  1282.250 1.593E+10
  1282.500 1.627E+10
  1282.750 1.698E+10
  1283.000 1.730E+10
  1283.250 1.709E+10
  1283.500 1.704E+10
  1283.750 1.698E+10
  1284.000 1.644E+10
  1284.250 1.650E+10
  1284.500 1.681E+10
  1284.750 1.720E+10
  1285.000 1.703E+10
  1285.250 1.633E+10
  1285.500 1.637E+10
  1285.750 1.643E+10
  1286.000 1.598E+10
  1286.250 1.620E+10
  1286.500 1.694E+10
  1286.750 1.685E+10
  1287.000 1.601E+10
  1287.250 1.629E+10
  1287.500 1.656E+10
  1287.750 1.654E+10
  1288.000 1.645E+10
  1288.250 1.621E+10
  1288.500 1.666E+10
  1288.750 1.687E+10
  1289.000 1.707E+10
  1289.250 1.731E+10
  1289.500 1.722E+10
  1289.750 1.700E+10
  1290.000 1.700E+10
  1290.250 1.704E+10
  1290.500 1.713E+10
  1290.750 1.726E+10
  1291.000 1.702E+10
  1291.250 1.661E+10
  1291.500 1.670E+10
  1291.750 1.699E+10
  1292.000 1.697E+10
  1292.250 1.705E+10
  1292.500 1.694E+10
  1292.750 1.688E+10
  1293.000 1.676E+10
  1293.250 1.618E+10
  1293.500 1.638E+10
  1293.750 1.698E+10
  1294.000 1.709E+10
  1294.250 1.692E+10
  1294.500 1.654E+10
  1294.750 1.665E+10
  1295.000 1.649E+10
  1295.250 1.608E+10
  1295.500 1.637E+10
  1295.750 1.626E+10
  1296.000 1.595E+10
  1296.250 1.550E+10
  1296.500 1.547E+10
  1296.750 1.531E+10
  1297.000 1.591E+10
  1297.250 1.654E+10
  1297.500 1.625E+10
  1297.750 1.643E+10
  1298.000 1.686E+10
  1298.250 1.699E+10
  1298.500 1.673E+10
  1298.750 1.625E+10
  1299.000 1.646E+10
  1299.250 1.688E+10
  1299.500 1.689E+10
  1299.750 1.668E+10
  1300.000 1.672E+10
  1300.250 1.678E+10
  1300.500 1.637E+10
  1300.750 1.575E+10
  1301.000 1.540E+10
  1301.250 1.568E+10
  1301.500 1.587E+10
  1301.750 1.577E+10
  1302.000 1.619E+10
  1302.250 1.639E+10
  1302.500 1.621E+10
  1302.750 1.585E+10
  1303.000 1.591E+10
  1303.250 1.569E+10
  1303.500 1.533E+10
  1303.750 1.596E+10
  1304.000 1.655E+10
  1304.250 1.669E+10
  1304.500 1.636E+10
  1304.750 1.559E+10
  1305.000 1.573E+10
  1305.250 1.643E+10
  1305.500 1.634E+10
  1305.750 1.569E+10
  1306.000 1.497E+10
  1306.250 1.504E+10
  1306.500 1.535E+10
  1306.750 1.563E+10
  1307.000 1.598E+10
  1307.250 1.540E+10
  1307.500 1.499E+10
  1307.750 1.562E+10
  1308.000 1.630E+10
  1308.250 1.627E+10
  1308.500 1.559E+10
  1308.750 1.544E+10
  1309.000 1.595E+10
  1309.250 1.582E+10
  1309.500 1.534E+10
  1309.750 1.503E+10
  1310.000 1.503E+10
  1310.250 1.543E+10
  1310.500 1.573E+10
  1310.750 1.557E+10
  1311.000 1.520E+10
  1311.250 1.542E+10
  1311.500 1.574E+10
  1311.750 1.546E+10
  1312.000 1.561E+10
  1312.250 1.603E+10
  1312.500 1.574E+10
  1312.750 1.544E+10
  1313.000 1.572E+10
  1313.250 1.566E+10
  1313.500 1.583E+10
  1313.750 1.613E+10
  1314.000 1.600E+10
  1314.250 1.500E+10
  1314.500 1.441E+10
  1314.750 1.494E+10
  1315.000 1.545E+10
  1315.250 1.565E+10
  1315.500 1.508E+10
  1315.750 1.447E+10
  1316.000 1.505E+10
  1316.250 1.584E+10
  1316.500 1.607E+10
  1316.750 1.583E+10
  1317.000 1.564E+10
  1317.250 1.556E+10
  1317.500 1.501E+10
  1317.750 1.436E+10
  1318.000 1.445E+10
  1318.250 1.439E+10
  1318.500 1.453E+10
  1318.750 1.551E+10
  1319.000 1.580E+10
  1319.250 1.557E+10
  1319.500 1.569E+10
  1319.750 1.583E+10
  1320.000 1.570E+10
  1320.250 1.497E+10
  1320.500 1.448E+10
  1320.750 1.490E+10
  1321.000 1.527E+10
  1321.250 1.454E+10
  1321.500 1.421E+10
  1321.750 1.493E+10
  1322.000 1.554E+10
  1322.250 1.595E+10
  1322.500 1.602E+10
  1322.750 1.589E+10
  1323.000 1.535E+10
  1323.250 1.463E+10
  1323.500 1.482E+10
  1323.750 1.514E+10
  1324.000 1.480E+10
  1324.250 1.441E+10
  1324.500 1.480E+10
  1324.750 1.546E+10
  1325.000 1.564E+10
  1325.250 1.574E+10
  1325.500 1.563E+10
  1325.750 1.526E+10
  1326.000 1.543E+10
  1326.250 1.553E+10
  1326.500 1.529E+10
  1326.750 1.524E+10
  1327.000 1.501E+10
  1327.250 1.517E+10
  1327.500 1.548E+10
  1327.750 1.551E+10
  1328.000 1.545E+10
  1328.250 1.558E+10
  1328.500 1.563E+10
  1328.750 1.546E+10
  1329.000 1.477E+10
  1329.250 1.426E+10
  1329.500 1.473E+10
  1329.750 1.521E+10
  1330.000 1.516E+10
  1330.250 1.457E+10
  1330.500 1.428E+10
  1330.750 1.467E+10
  1331.000 1.445E+10
  1331.250 1.441E+10
  1331.500 1.437E+10
  1331.750 1.462E+10
  1332.000 1.521E+10
  1332.250 1.538E+10
  1332.500 1.531E+10
  1332.750 1.513E+10
  1333.000 1.500E+10
  1333.250 1.506E+10
  1333.500 1.513E+10
  1333.750 1.486E+10
  1334.000 1.447E+10
  1334.250 1.466E+10
  1334.500 1.517E+10
  1334.750 1.526E+10
  1335.000 1.510E+10
  1335.250 1.521E+10
  1335.500 1.513E+10
  1335.750 1.474E+10
  1336.000 1.443E+10
  1336.250 1.456E+10
  1336.500 1.482E+10
  1336.750 1.448E+10
  1337.000 1.439E+10
  1337.250 1.477E+10
  1337.500 1.461E+10
  1337.750 1.415E+10
  1338.000 1.467E+10
  1338.250 1.522E+10
  1338.500 1.516E+10
  1338.750 1.471E+10
  1339.000 1.467E+10
  1339.250 1.489E+10
  1339.500 1.468E+10
  1339.750 1.449E+10
  1340.000 1.489E+10
  1340.250 1.497E+10
  1340.500 1.498E+10
  1340.750 1.510E+10
  1341.000 1.502E+10
  1341.250 1.508E+10
  1341.500 1.521E+10
  1341.750 1.516E+10
  1342.000 1.486E+10
  1342.250 1.463E+10
  1342.500 1.482E+10
  1342.750 1.472E+10
  1343.000 1.429E+10
  1343.250 1.424E+10
  1343.500 1.459E+10
  1343.750 1.476E+10
  1344.000 1.475E+10
  1344.250 1.472E+10
  1344.500 1.479E+10
  1344.750 1.500E+10
  1345.000 1.500E+10
  1345.250 1.452E+10
  1345.500 1.365E+10
  1345.750 1.383E+10
  1346.000 1.471E+10
  1346.250 1.499E+10
  1346.500 1.500E+10
  1346.750 1.501E+10
  1347.000 1.492E+10
  1347.250 1.478E+10
  1347.500 1.457E+10
  1347.750 1.430E+10
  1348.000 1.438E+10
  1348.250 1.462E+10
  1348.500 1.471E+10
  1348.750 1.439E+10
  1349.000 1.414E+10
  1349.250 1.431E+10
  1349.500 1.461E+10
  1349.750 1.461E+10
  1350.000 1.431E+10
  1350.250 1.417E+10
  1350.500 1.404E+10
  1350.750 1.419E+10
  1351.000 1.441E+10
  1351.250 1.410E+10
  1351.500 1.354E+10
  1351.750 1.380E+10
  1352.000 1.429E+10
  1352.250 1.461E+10
  1352.500 1.467E+10
  1352.750 1.455E+10
  1353.000 1.444E+10
  1353.250 1.441E+10
  1353.500 1.412E+10
  1353.750 1.379E+10
  1354.000 1.425E+10
  1354.250 1.461E+10
  1354.500 1.443E+10
  1354.750 1.382E+10
  1355.000 1.365E+10
  1355.250 1.383E+10
  1355.500 1.375E+10
  1355.750 1.408E+10
  1356.000 1.448E+10
  1356.250 1.454E+10
  1356.500 1.459E+10
  1356.750 1.442E+10
  1357.000 1.408E+10
  1357.250 1.401E+10
  1357.500 1.365E+10
  1357.750 1.330E+10
  1358.000 1.375E+10
  1358.250 1.357E+10
  1358.500 1.308E+10
  1358.750 1.311E+10
  1359.000 1.306E+10
  1359.250 1.325E+10
  1359.500 1.377E+10
  1359.750 1.438E+10
  1360.000 1.454E+10
  1360.250 1.452E+10
  1360.500 1.451E+10
  1360.750 1.444E+10
  1361.000 1.403E+10
  1361.250 1.300E+10
  1361.500 1.225E+10
  1361.750 1.228E+10
  1362.000 1.340E+10
  1362.250 1.420E+10
  1362.500 1.407E+10
  1362.750 1.324E+10
  1363.000 1.253E+10
  1363.250 1.283E+10
  1363.500 1.288E+10
  1363.750 1.284E+10
  1364.000 1.351E+10
  1364.250 1.416E+10
  1364.500 1.415E+10
  1364.750 1.349E+10
  1365.000 1.302E+10
  1365.250 1.314E+10
  1365.500 1.306E+10
  1365.750 1.308E+10
  1366.000 1.333E+10
  1366.250 1.382E+10
  1366.500 1.420E+10
  1366.750 1.419E+10
  1367.000 1.391E+10
  1367.250 1.384E+10
  1367.500 1.415E+10
  1367.750 1.428E+10
  1368.000 1.421E+10
  1368.250 1.406E+10
  1368.500 1.411E+10
  1368.750 1.422E+10
  1369.000 1.420E+10
  1369.250 1.418E+10
  1369.500 1.418E+10
  1369.750 1.417E+10
  1370.000 1.402E+10
  1370.250 1.368E+10
  1370.500 1.333E+10
  1370.750 1.244E+10
  1371.000 1.119E+10
  1371.250 1.055E+10
  1371.500 1.180E+10
  1371.750 1.297E+10
  1372.000 1.325E+10
  1372.250 1.369E+10
  1372.500 1.368E+10
  1372.750 1.363E+10
  1373.000 1.380E+10
  1373.250 1.349E+10
  1373.500 1.227E+10
  1373.750 1.163E+10
  1374.000 1.179E+10
  1374.250 1.233E+10
  1374.500 1.271E+10
  1374.750 1.269E+10
  1375.000 1.330E+10
  1375.250 1.349E+10
  1375.500 1.337E+10
  1375.750 1.338E+10
  1376.000 1.324E+10
  1376.250 1.227E+10
  1376.500 1.221E+10
  1376.750 1.339E+10
  1377.000 1.384E+10
  1377.250 1.383E+10
  1377.500 1.354E+10
  1377.750 1.320E+10
  1378.000 1.305E+10
  1378.250 1.295E+10
  1378.500 1.260E+10
  1378.750 1.264E+10
  1379.000 1.269E+10
  1379.250 1.303E+10
  1379.500 1.357E+10
  1379.750 1.352E+10
  1380.000 1.295E+10
  1380.250 1.286E+10
  1380.500 1.345E+10
  1380.750 1.377E+10
  1381.000 1.382E+10
  1381.250 1.365E+10
  1381.500 1.321E+10
  1381.750 1.316E+10
  1382.000 1.350E+10
  1382.250 1.337E+10
  1382.500 1.328E+10
  1382.750 1.349E+10
  1383.000 1.361E+10
  1383.250 1.367E+10
  1383.500 1.365E+10
  1383.750 1.337E+10
  1384.000 1.263E+10
  1384.250 1.251E+10
  1384.500 1.307E+10
  1384.750 1.325E+10
  1385.000 1.319E+10
  1385.250 1.279E+10
  1385.500 1.254E+10
  1385.750 1.264E+10
  1386.000 1.320E+10
  1386.250 1.336E+10
  1386.500 1.329E+10
  1386.750 1.319E+10
  1387.000 1.268E+10
  1387.250 1.258E+10
  1387.500 1.293E+10
  1387.750 1.256E+10
  1388.000 1.167E+10
  1388.250 1.180E+10
  1388.500 1.274E+10
  1388.750 1.296E+10
  1389.000 1.260E+10
  1389.250 1.299E+10
  1389.500 1.331E+10
  1389.750 1.334E+10
  1390.000 1.332E+10
  1390.250 1.332E+10
  1390.500 1.288E+10
  1390.750 1.213E+10
  1391.000 1.216E+10
  1391.250 1.272E+10
  1391.500 1.320E+10
  1391.750 1.332E+10
  1392.000 1.294E+10
  1392.250 1.243E+10
  1392.500 1.273E+10
  1392.750 1.293E+10
  1393.000 1.249E+10
  1393.250 1.221E+10
  1393.500 1.150E+10
  1393.750 1.075E+10
  1394.000 1.143E+10
  1394.250 1.183E+10
  1394.500 1.174E+10
  1394.750 1.203E+10
  1395.000 1.289E+10
  1395.250 1.320E+10
  1395.500 1.318E+10
  1395.750 1.316E+10
  1396.000 1.295E+10
  1396.250 1.293E+10
  1396.500 1.312E+10
  1396.750 1.305E+10
  1397.000 1.270E+10
  1397.250 1.258E+10
  1397.500 1.266E+10
  1397.750 1.223E+10
  1398.000 1.191E+10
  1398.250 1.244E+10
  1398.500 1.306E+10
  1398.750 1.318E+10
  1399.000 1.315E+10
  1399.250 1.319E+10
  1399.500 1.320E+10
  1399.750 1.307E+10
  1400.000 1.261E+10
  1400.250 1.221E+10
  1400.500 1.260E+10
  1400.750 1.294E+10
  1401.000 1.296E+10
  1401.250 1.297E+10
  1401.500 1.307E+10
  1401.750 1.307E+10
  1402.000 1.275E+10
  1402.250 1.185E+10
  1402.500 1.104E+10
  1402.750 1.076E+10
  1403.000 1.149E+10
  1403.250 1.185E+10
  1403.500 1.226E+10
  1403.750 1.276E+10
  1404.000 1.250E+10
  1404.250 1.223E+10
  1404.500 1.257E+10
  1404.750 1.287E+10
  1405.000 1.283E+10
  1405.250 1.261E+10
  1405.500 1.268E+10
  1405.750 1.269E+10
  1406.000 1.255E+10
  1406.250 1.256E+10
  1406.500 1.173E+10
  1406.750 1.068E+10
  1407.000 1.091E+10
  1407.250 1.156E+10
  1407.500 1.223E+10
  1407.750 1.240E+10
  1408.000 1.208E+10
  1408.250 1.218E+10
  1408.500 1.247E+10
  1408.750 1.195E+10
  1409.000 1.105E+10
  1409.250 1.057E+10
  1409.500 1.078E+10
  1409.750 1.125E+10
  1410.000 1.198E+10
  1410.250 1.266E+10
  1410.500 1.285E+10
  1410.750 1.274E+10
  1411.000 1.242E+10
  1411.250 1.217E+10
  1411.500 1.187E+10
  1411.750 1.218E+10
  1412.000 1.266E+10
  1412.250 1.279E+10
  1412.500 1.278E+10
  1412.750 1.276E+10
  1413.000 1.274E+10
  1413.250 1.262E+10
  1413.500 1.261E+10
  1413.750 1.272E+10
  1414.000 1.273E+10
  1414.250 1.267E+10
  1414.500 1.245E+10
  1414.750 1.194E+10
  1415.000 1.137E+10
  1415.250 1.128E+10
  1415.500 1.191E+10
  1415.750 1.235E+10
  1416.000 1.218E+10
  1416.250 1.187E+10
  1416.500 1.219E+10
  1416.750 1.224E+10
  1417.000 1.205E+10
  1417.250 1.229E+10
  1417.500 1.230E+10
  1417.750 1.203E+10
  1418.000 1.159E+10
  1418.250 1.170E+10
  1418.500 1.237E+10
  1418.750 1.255E+10
  1419.000 1.239E+10
  1419.250 1.213E+10
  1419.500 1.170E+10
  1419.750 1.145E+10
  1420.000 1.142E+10
  1420.250 1.095E+10
  1420.500 1.044E+10
  1420.750 1.095E+10
  1421.000 1.161E+10
  1421.250 1.208E+10
  1421.500 1.232E+10
  1421.750 1.229E+10
  1422.000 1.224E+10
  1422.250 1.208E+10
  1422.500 1.191E+10
  1422.750 1.220E+10
  1423.000 1.230E+10
  1423.250 1.214E+10
  1423.500 1.192E+10
  1423.750 1.203E+10
  1424.000 1.219E+10
  1424.250 1.202E+10
  1424.500 1.203E+10
  1424.750 1.205E+10
  1425.000 1.189E+10
  1425.250 1.203E+10
  1425.500 1.221E+10
  1425.750 1.223E+10
  1426.000 1.221E+10
  1426.250 1.203E+10
  1426.500 1.199E+10
  1426.750 1.217E+10
  1427.000 1.219E+10
  1427.250 1.202E+10
  1427.500 1.182E+10
  1427.750 1.151E+10
  1428.000 1.137E+10
  1428.250 1.169E+10
  1428.500 1.199E+10
  1428.750 1.181E+10
  1429.000 1.141E+10
  1429.250 1.122E+10
  1429.500 1.117E+10
  1429.750 1.178E+10
  1430.000 1.193E+10
  1430.250 1.124E+10
  1430.500 1.053E+10
  1430.750 1.082E+10
  1431.000 1.167E+10
  1431.250 1.201E+10
  1431.500 1.203E+10
  1431.750 1.184E+10
  1432.000 1.177E+10
  1432.250 1.204E+10
  1432.500 1.208E+10
  1432.750 1.176E+10
  1433.000 1.158E+10
  1433.250 1.189E+10
  1433.500 1.210E+10
  1433.750 1.214E+10
  1434.000 1.212E+10
  1434.250 1.211E+10
  1434.500 1.210E+10
  1434.750 1.191E+10
  1435.000 1.150E+10
  1435.250 1.161E+10
  1435.500 1.194E+10
  1435.750 1.206E+10
  1436.000 1.209E+10
  1436.250 1.207E+10
  1436.500 1.198E+10
  1436.750 1.174E+10
  1437.000 1.164E+10
  1437.250 1.163E+10
  1437.500 1.135E+10
  1437.750 1.156E+10
  1438.000 1.192E+10
  1438.250 1.200E+10
  1438.500 1.195E+10
  1438.750 1.172E+10
  1439.000 1.137E+10
  1439.250 1.159E+10
  1439.500 1.188E+10
  1439.750 1.186E+10
  1440.000 1.159E+10
  1440.250 1.086E+10
  1440.500 1.020E+10
  1440.750 1.020E+10
  1441.000 1.053E+10
  1441.250 1.130E+10
  1441.500 1.179E+10
  1441.750 1.179E+10
  1442.000 1.139E+10
  1442.250 1.109E+10
  1442.500 1.154E+10
  1442.750 1.177E+10
  1443.000 1.149E+10
  1443.250 1.134E+10
  1443.500 1.163E+10
  1443.750 1.179E+10
  1444.000 1.182E+10
  1444.250 1.176E+10
  1444.500 1.170E+10
  1444.750 1.169E+10
  1445.000 1.169E+10
  1445.250 1.166E+10
  1445.500 1.144E+10
  1445.750 1.117E+10
  1446.000 1.119E+10
  1446.250 1.104E+10
  1446.500 1.054E+10
  1446.750 1.075E+10
  1447.000 1.142E+10
  1447.250 1.162E+10
  1447.500 1.150E+10
  1447.750 1.135E+10
  1448.000 1.134E+10
  1448.250 1.113E+10
  1448.500 1.072E+10
  1448.750 1.049E+10
  1449.000 1.089E+10
  1449.250 1.148E+10
  1449.500 1.138E+10
  1449.750 1.075E+10
  1450.000 1.078E+10
  1450.250 1.140E+10
  1450.500 1.153E+10
  1450.750 1.125E+10
  1451.000 1.086E+10
  1451.250 1.094E+10
  1451.500 1.134E+10
  1451.750 1.150E+10
  1452.000 1.147E+10
  1452.250 1.134E+10
  1452.500 1.125E+10
  1452.750 1.097E+10
  1453.000 1.091E+10
  1453.250 1.109E+10
  1453.500 1.074E+10
  1453.750 1.065E+10
  1454.000 1.074E+10
  1454.250 1.078E+10
  1454.500 1.078E+10
  1454.750 1.079E+10
  1455.000 1.117E+10
  1455.250 1.095E+10
  1455.500 1.054E+10
  1455.750 1.079E+10
  1456.000 1.059E+10
  1456.250 1.020E+10
  1456.500 1.089E+10
  1456.750 1.141E+10
  1457.000 1.148E+10
  1457.250 1.136E+10
  1457.500 1.101E+10
  1457.750 1.078E+10
  1458.000 1.114E+10
  1458.250 1.136E+10
  1458.500 1.134E+10
  1458.750 1.131E+10
  1459.000 1.109E+10
  1459.250 1.074E+10
  1459.500 1.056E+10
  1459.750 1.010E+10
  1460.000 1.054E+10
  1460.250 1.113E+10
  1460.500 1.091E+10
  1460.750 1.054E+10
  1461.000 1.073E+10
  1461.250 1.111E+10
  1461.500 1.131E+10
  1461.750 1.134E+10
  1462.000 1.129E+10
  1462.250 1.111E+10
  1462.500 1.070E+10
  1462.750 1.070E+10
  1463.000 1.113E+10
  1463.250 1.126E+10
  1463.500 1.113E+10
  1463.750 1.096E+10
  1464.000 1.087E+10
  1464.250 1.064E+10
  1464.500 1.035E+10
  1464.750 9.945E+09
  1465.000 1.035E+10
  1465.250 1.045E+10
  1465.500 1.043E+10
  1465.750 1.073E+10
  1466.000 1.094E+10
  1466.250 1.106E+10
  1466.500 1.066E+10
  1466.750 1.053E+10
  1467.000 1.090E+10
  1467.250 1.102E+10
  1467.500 1.112E+10
  1467.750 1.120E+10
  1468.000 1.119E+10
  1468.250 1.119E+10
  1468.500 1.106E+10
  1468.750 1.039E+10
  1469.000 9.927E+09
  1469.250 1.063E+10
  1469.500 1.108E+10
  1469.750 1.113E+10
  1470.000 1.112E+10
  1470.250 1.110E+10
  1470.500 1.107E+10
  1470.750 1.106E+10
  1471.000 1.092E+10
  1471.250 1.065E+10
  1471.500 1.080E+10
  1471.750 1.086E+10
  1472.000 1.039E+10
  1472.250 1.016E+10
  1472.500 1.011E+10
  1472.750 1.039E+10
  1473.000 1.078E+10
  1473.250 1.092E+10
  1473.500 1.101E+10
  1473.750 1.104E+10
  1474.000 1.091E+10
  1474.250 1.070E+10
  1474.500 1.074E+10
  1474.750 1.085E+10
  1475.000 1.089E+10
  1475.250 1.071E+10
  1475.500 1.041E+10
  1475.750 1.049E+10
  1476.000 1.078E+10
  1476.250 1.085E+10
  1476.500 1.070E+10
  1476.750 1.064E+10
  1477.000 1.081E+10
  1477.250 1.076E+10
  1477.500 1.030E+10
  1477.750 9.976E+09
  1478.000 1.019E+10
  1478.250 1.043E+10
  1478.500 1.058E+10
  1478.750 1.056E+10
  1479.000 1.061E+10
  1479.250 1.024E+10
  1479.500 9.881E+09
  1479.750 1.039E+10
  1480.000 1.072E+10
  1480.250 1.077E+10
  1480.500 1.077E+10
  1480.750 1.073E+10
  1481.000 1.080E+10
  1481.250 1.083E+10
  1481.500 1.070E+10
  1481.750 1.067E+10
  1482.000 1.079E+10
  1482.250 1.075E+10
  1482.500 1.061E+10
  1482.750 1.043E+10
  1483.000 1.023E+10
  1483.250 1.026E+10
  1483.500 1.062E+10
  1483.750 1.075E+10
  1484.000 1.055E+10
  1484.250 1.031E+10
  1484.500 1.036E+10
  1484.750 1.032E+10
  1485.000 1.006E+10
  1485.250 1.001E+10
  1485.500 1.018E+10
  1485.750 1.044E+10
  1486.000 1.052E+10
  1486.250 1.051E+10
  1486.500 1.040E+10
  1486.750 1.044E+10
  1487.000 1.060E+10
  1487.250 1.066E+10
  1487.500 1.070E+10
  1487.750 1.071E+10
  1488.000 1.070E+10
  1488.250 1.064E+10
  1488.500 1.056E+10
  1488.750 1.057E+10
  1489.000 1.042E+10
  1489.250 1.021E+10
  1489.500 1.016E+10
  1489.750 1.020E+10
  1490.000 1.043E+10
  1490.250 1.045E+10
  1490.500 1.026E+10
  1490.750 1.028E+10
  1491.000 1.046E+10
  1491.250 1.048E+10
  1491.500 1.053E+10
  1491.750 1.059E+10
  1492.000 1.060E+10
  1492.250 1.061E+10
  1492.500 1.060E+10
  1492.750 1.054E+10
  1493.000 1.044E+10
  1493.250 1.045E+10
  1493.500 1.047E+10
  1493.750 1.044E+10
  1494.000 1.052E+10
  1494.250 1.053E+10
  1494.500 1.039E+10
  1494.750 1.017E+10
  1495.000 1.018E+10
  1495.250 1.031E+10
  1495.500 1.028E+10
  1495.750 1.028E+10
  1496.000 1.019E+10
  1496.250 9.909E+09
  1496.500 1.014E+10
  1496.750 1.038E+10
  1497.000 1.034E+10
  1497.250 1.034E+10
  1497.500 1.035E+10
  1497.750 1.019E+10
  1498.000 1.003E+10
  1498.250 1.022E+10
  1498.500 1.030E+10
  1498.750 1.031E+10
  1499.000 1.033E+10
  1499.250 1.034E+10
  1499.500 1.036E+10
  1499.750 1.029E+10
  1500.000 1.019E+10
  1500.250 1.026E+10
  1500.500 1.025E+10
  1500.750 1.029E+10
  1501.000 1.037E+10
  1501.250 1.036E+10
  1501.500 1.035E+10
  1501.750 1.035E+10
  1502.000 1.024E+10
  1502.250 1.005E+10
  1502.500 1.010E+10
  1502.750 1.025E+10
  1503.000 1.028E+10
  1503.250 1.013E+10
  1503.500 9.894E+09
  1503.750 9.911E+09
  1504.000 9.949E+09
  1504.250 9.768E+09
  1504.500 9.836E+09
  1504.750 1.001E+10
  1505.000 1.013E+10
  1505.250 1.025E+10
  1505.500 1.026E+10
  1505.750 1.023E+10
  1506.000 1.025E+10
  1506.250 1.027E+10
  1506.500 1.026E+10
  1506.750 1.019E+10
  1507.000 1.006E+10
  1507.250 1.008E+10
  1507.500 1.018E+10
  1507.750 1.017E+10
  1508.000 1.012E+10
  1508.250 1.013E+10
  1508.500 1.019E+10
  1508.750 1.019E+10
  1509.000 1.017E+10
  1509.250 1.016E+10
  1509.500 1.005E+10
  1509.750 9.924E+09
  1510.000 1.004E+10
  1510.250 1.015E+10
  1510.500 1.015E+10
  1510.750 1.011E+10
  1511.000 9.965E+09
  1511.250 9.792E+09
  1511.500 9.872E+09
  1511.750 1.005E+10
  1512.000 1.011E+10
  1512.250 1.011E+10
  1512.500 1.008E+10
  1512.750 1.000E+10
  1513.000 1.001E+10
  1513.250 1.001E+10
  1513.500 9.901E+09
  1513.750 9.920E+09
  1514.000 1.005E+10
  1514.250 1.006E+10
  1514.500 1.000E+10
  1514.750 9.886E+09
  1515.000 9.865E+09
  1515.250 9.929E+09
  1515.500 9.835E+09
  1515.750 9.822E+09
  1516.000 9.927E+09
  1516.250 9.972E+09
  1516.500 9.823E+09
  1516.750 9.659E+09
  1517.000 9.835E+09
  1517.250 9.988E+09
  1517.500 9.877E+09
  1517.750 9.654E+09
  1518.000 9.785E+09
  1518.250 9.960E+09
  1518.500 9.946E+09
  1518.750 9.758E+09
  1519.000 9.456E+09
  1519.250 9.569E+09
  1519.500 9.625E+09
  1519.750 9.517E+09
  1520.000 9.617E+09
  1520.250 9.824E+09
  1520.500 9.829E+09
  1520.750 9.846E+09
  1521.000 9.912E+09
  1521.250 9.926E+09
  1521.500 9.910E+09
  1521.750 9.908E+09
  1522.000 9.918E+09
  1522.250 9.916E+09
  1522.500 9.910E+09
  1522.750 9.906E+09
  1523.000 9.904E+09
  1523.250 9.896E+09
  1523.500 9.870E+09
  1523.750 9.787E+09
  1524.000 9.744E+09
  1524.250 9.809E+09
  1524.500 9.825E+09
  1524.750 9.770E+09
  1525.000 9.616E+09
  1525.250 9.531E+09
  1525.500 9.663E+09
  1525.750 9.718E+09
  1526.000 9.626E+09
  1526.250 9.626E+09
  1526.500 9.516E+09
  1526.750 9.443E+09
  1527.000 9.658E+09
  1527.250 9.768E+09
  1527.500 9.734E+09
  1527.750 9.625E+09
  1528.000 9.467E+09
  1528.250 9.400E+09
  1528.500 9.446E+09
  1528.750 9.628E+09
  1529.000 9.742E+09
  1529.250 9.732E+09
  1529.500 9.665E+09
  1529.750 9.610E+09
  1530.000 9.389E+09
  1530.250 9.084E+09
  1530.500 9.188E+09
  1530.750 9.554E+09
  1531.000 9.620E+09
  1531.250 9.546E+09
  1531.500 9.551E+09
  1531.750 9.453E+09
  1532.000 9.339E+09
  1532.250 9.107E+09
  1532.500 8.906E+09
  1532.750 8.899E+09
  1533.000 8.805E+09
  1533.250 8.625E+09
  1533.500 8.963E+09
  1533.750 9.236E+09
  1534.000 9.283E+09
  1534.250 9.456E+09
  1534.500 9.521E+09
  1534.750 9.508E+09
  1535.000 9.564E+09
  1535.250 9.591E+09
  1535.500 9.556E+09
  1535.750 9.545E+09
  1536.000 9.576E+09
  1536.250 9.525E+09
  1536.500 9.430E+09
  1536.750 9.472E+09
  1537.000 9.536E+09
  1537.250 9.530E+09
  1537.500 9.546E+09
  1537.750 9.532E+09
  1538.000 9.431E+09
  1538.250 9.305E+09
  1538.500 9.362E+09
  1538.750 9.415E+09
  1539.000 9.381E+09
  1539.250 9.296E+09
  1539.500 9.298E+09
  1539.750 9.424E+09
  1540.000 9.439E+09
  1540.250 9.342E+09
  1540.500 9.306E+09
  1540.750 9.332E+09
  1541.000 9.276E+09
  1541.250 9.312E+09
  1541.500 9.362E+09
  1541.750 9.332E+09
  1542.000 9.180E+09
  1542.250 9.101E+09
  1542.500 9.062E+09
  1542.750 8.968E+09
  1543.000 8.917E+09
  1543.250 8.745E+09
  1543.500 8.965E+09
  1543.750 9.163E+09
  1544.000 9.000E+09
  1544.250 8.733E+09
  1544.500 8.804E+09
  1544.750 8.997E+09
  1545.000 9.051E+09
  1545.250 8.991E+09
  1545.500 8.919E+09
  1545.750 8.861E+09
  1546.000 8.736E+09
  1546.250 8.528E+09
  1546.500 8.353E+09
  1546.750 8.188E+09
  1547.000 7.900E+09
  1547.250 7.498E+09
  1547.500 7.011E+09
  1547.750 6.442E+09
  1548.000 5.781E+09
  1548.250 5.535E+09
  1548.500 6.048E+09
  1548.750 6.651E+09
  1549.000 7.116E+09
  1549.250 7.464E+09
  1549.500 7.637E+09
  1549.750 7.583E+09
  1550.000 7.334E+09
  1550.250 6.888E+09
  1550.500 6.168E+09
  1550.750 5.629E+09
  1551.000 6.027E+09
  1551.250 6.836E+09
  1551.500 7.486E+09
  1551.750 7.947E+09
  1552.000 8.240E+09
  1552.250 8.414E+09
  1552.500 8.553E+09
  1552.750 8.676E+09
  1553.000 8.742E+09
  1553.250 8.762E+09
  1553.500 8.861E+09
  1553.750 8.899E+09
  1554.000 8.646E+09
  1554.250 8.449E+09
  1554.500 8.763E+09
  1554.750 8.935E+09
  1555.000 8.924E+09
  1555.250 8.803E+09
  1555.500 8.756E+09
  1555.750 8.910E+09
  1556.000 8.955E+09
  1556.250 8.961E+09
  1556.500 8.805E+09
  1556.750 8.604E+09
  1557.000 8.538E+09
  1557.250 8.457E+09
  1557.500 8.599E+09
  1557.750 8.847E+09
  1558.000 8.975E+09
  1558.250 9.006E+09
  1558.500 9.020E+09
  1558.750 9.002E+09
  1559.000 8.961E+09
  1559.250 8.951E+09
  1559.500 9.038E+09
  1559.750 9.057E+09
  1560.000 8.955E+09
  1560.250 8.819E+09
  1560.500 8.889E+09
  1560.750 9.000E+09
  1561.000 8.986E+09
  1561.250 8.919E+09
  1561.500 8.977E+09
  1561.750 9.032E+09
  1562.000 8.995E+09
  1562.250 8.870E+09
  1562.500 8.739E+09
  1562.750 8.779E+09
  1563.000 8.890E+09
  1563.250 8.904E+09
  1563.500 8.817E+09
  1563.750 8.663E+09
  1564.000 8.702E+09
  1564.250 8.839E+09
  1564.500 8.863E+09
  1564.750 8.844E+09
  1565.000 8.810E+09
  1565.250 8.746E+09
  1565.500 8.840E+09
  1565.750 8.906E+09
  1566.000 8.852E+09
  1566.250 8.631E+09
  1566.500 8.404E+09
  1566.750 8.483E+09
  1567.000 8.790E+09
  1567.250 8.932E+09
  1567.500 8.956E+09
  1567.750 8.927E+09
  1568.000 8.784E+09
  1568.250 8.544E+09
  1568.500 8.559E+09
  1568.750 8.672E+09
  1569.000 8.718E+09
  1569.250 8.728E+09
  1569.500 8.814E+09
  1569.750 8.769E+09
  1570.000 8.549E+09
  1570.250 8.468E+09
  1570.500 8.638E+09
  1570.750 8.784E+09
  1571.000 8.731E+09
  1571.250 8.696E+09
  1571.500 8.769E+09
  1571.750 8.706E+09
  1572.000 8.671E+09
  1572.250 8.786E+09
  1572.500 8.764E+09
  1572.750 8.704E+09
  1573.000 8.773E+09
  1573.250 8.836E+09
  1573.500 8.832E+09
  1573.750 8.808E+09
  1574.000 8.815E+09
  1574.250 8.810E+09
  1574.500 8.740E+09
  1574.750 8.693E+09
  1575.000 8.655E+09
  1575.250 8.564E+09
  1575.500 8.539E+09
  1575.750 8.552E+09
  1576.000 8.460E+09
  1576.250 8.324E+09
  1576.500 8.354E+09
  1576.750 8.571E+09
  1577.000 8.577E+09
  1577.250 8.425E+09
  1577.500 8.490E+09
  1577.750 8.465E+09
  1578.000 8.459E+09
  1578.250 8.601E+09
  1578.500 8.628E+09
  1578.750 8.596E+09
  1579.000 8.663E+09
  1579.250 8.658E+09
  1579.500 8.435E+09
  1579.750 8.304E+09
  1580.000 8.526E+09
  1580.250 8.630E+09
  1580.500 8.674E+09
  1580.750 8.682E+09
  1581.000 8.643E+09
  1581.250 8.622E+09
  1581.500 8.637E+09
  1581.750 8.647E+09
  1582.000 8.652E+09
  1582.250 8.622E+09
  1582.500 8.568E+09
  1582.750 8.440E+09
  1583.000 8.350E+09
  1583.250 8.441E+09
  1583.500 8.502E+09
  1583.750 8.483E+09
  1584.000 8.411E+09
  1584.250 8.132E+09
  1584.500 8.044E+09
  1584.750 8.344E+09
  1585.000 8.465E+09
  1585.250 8.405E+09
  1585.500 8.130E+09
  1585.750 7.644E+09
  1586.000 7.396E+09
  1586.250 7.698E+09
  1586.500 8.290E+09
  1586.750 8.537E+09
  1587.000 8.556E+09
  1587.250 8.490E+09
  1587.500 8.435E+09
  1587.750 8.467E+09
  1588.000 8.456E+09
  1588.250 8.459E+09
  1588.500 8.459E+09
  1588.750 8.230E+09
  1589.000 8.043E+09
  1589.250 8.139E+09
  1589.500 8.275E+09
  1589.750 8.361E+09
  1590.000 8.261E+09
  1590.250 8.296E+09
  1590.500 8.337E+09
  1590.750 8.328E+09
  1591.000 8.332E+09
  1591.250 8.148E+09
  1591.500 7.810E+09
  1591.750 7.694E+09
  1592.000 7.868E+09
  1592.250 8.030E+09
  1592.500 8.203E+09
  1592.750 8.389E+09
  1593.000 8.420E+09
  1593.250 8.376E+09
  1593.500 8.284E+09
  1593.750 8.239E+09
  1594.000 8.340E+09
  1594.250 8.380E+09
  1594.500 8.381E+09
  1594.750 8.355E+09
  1595.000 8.355E+09
  1595.250 8.399E+09
  1595.500 8.398E+09
  1595.750 8.360E+09
  1596.000 8.336E+09
  1596.250 8.234E+09
  1596.500 8.213E+09
  1596.750 8.279E+09
  1597.000 8.283E+09
  1597.250 8.240E+09
  1597.500 8.270E+09
  1597.750 8.286E+09
  1598.000 8.211E+09
  1598.250 8.178E+09
  1598.500 7.989E+09
  1598.750 7.842E+09
  1599.000 8.060E+09
  1599.250 8.302E+09
  1599.500 8.328E+09
  1599.750 8.277E+09
  1600.000 8.279E+09
  1600.250 8.257E+09
  1600.500 8.150E+09
  1600.750 8.190E+09
  1601.000 8.260E+09
  1601.250 8.211E+09
  1601.500 8.074E+09
  1601.750 7.948E+09
  1602.000 7.987E+09
  1602.250 8.156E+09
  1602.500 8.262E+09
  1602.750 8.225E+09
  1603.000 8.020E+09
  1603.250 7.900E+09
  1603.500 8.063E+09
  1603.750 8.123E+09
  1604.000 8.189E+09
  1604.250 8.153E+09
  1604.500 7.981E+09
  1604.750 7.812E+09
  1605.000 7.891E+09
  1605.250 8.126E+09
  1605.500 8.109E+09
  1605.750 7.909E+09
  1606.000 7.901E+09
  1606.250 8.022E+09
  1606.500 7.887E+09
  1606.750 7.648E+09
  1607.000 7.845E+09
  1607.250 8.108E+09
  1607.500 8.040E+09
  1607.750 7.817E+09
  1608.000 7.920E+09
  1608.250 8.132E+09
  1608.500 8.130E+09
  1608.750 7.851E+09
  1609.000 7.489E+09
  1609.250 7.697E+09
  1609.500 7.974E+09
  1609.750 7.795E+09
  1610.000 7.645E+09
  1610.250 7.708E+09
  1610.500 7.707E+09
  1610.750 7.846E+09
  1611.000 7.927E+09
  1611.250 7.932E+09
  1611.500 7.970E+09
  1611.750 7.808E+09
  1612.000 7.793E+09
  1612.250 7.956E+09
  1612.500 7.931E+09
  1612.750 7.957E+09
  1613.000 7.999E+09
  1613.250 7.906E+09
  1613.500 7.917E+09
  1613.750 7.860E+09
  1614.000 7.601E+09
  1614.250 7.636E+09
  1614.500 7.778E+09
  1614.750 7.781E+09
  1615.000 7.779E+09
  1615.250 7.804E+09
  1615.500 7.832E+09
  1615.750 7.911E+09
  1616.000 8.003E+09
  1616.250 7.996E+09
  1616.500 7.855E+09
  1616.750 7.698E+09
  1617.000 7.693E+09
  1617.250 7.786E+09
  1617.500 7.771E+09
  1617.750 7.775E+09
  1618.000 7.821E+09
  1618.250 7.838E+09
  1618.500 7.863E+09
  1618.750 7.931E+09
  1619.000 7.945E+09
  1619.250 7.862E+09
  1619.500 7.848E+09
  1619.750 7.778E+09
  1620.000 7.441E+09
  1620.250 7.339E+09
  1620.500 7.442E+09
  1620.750 7.459E+09
  1621.000 7.476E+09
  1621.250 7.602E+09
  1621.500 7.677E+09
  1621.750 7.792E+09
  1622.000 7.919E+09
  1622.250 7.926E+09
  1622.500 7.909E+09
  1622.750 7.915E+09
  1623.000 7.890E+09
  1623.250 7.728E+09
  1623.500 7.575E+09
  1623.750 7.583E+09
  1624.000 7.434E+09
  1624.250 7.407E+09
  1624.500 7.679E+09
  1624.750 7.753E+09
  1625.000 7.586E+09
  1625.250 7.446E+09
  1625.500 7.649E+09
  1625.750 7.825E+09
  1626.000 7.762E+09
  1626.250 7.588E+09
  1626.500 7.543E+09
  1626.750 7.617E+09
  1627.000 7.637E+09
  1627.250 7.666E+09
  1627.500 7.722E+09
  1627.750 7.818E+09
  1628.000 7.835E+09
  1628.250 7.794E+09
  1628.500 7.746E+09
  1628.750 7.723E+09
  1629.000 7.569E+09
  1629.250 7.482E+09
  1629.500 7.667E+09
  1629.750 7.731E+09
  1630.000 7.625E+09
  1630.250 7.561E+09
  1630.500 7.582E+09
  1630.750 7.490E+09
  1631.000 7.354E+09
  1631.250 7.470E+09
  1631.500 7.606E+09
  1631.750 7.621E+09
  1632.000 7.575E+09
  1632.250 7.467E+09
  1632.500 7.502E+09
  1632.750 7.665E+09
  1633.000 7.706E+09
  1633.250 7.709E+09
  1633.500 7.704E+09
  1633.750 7.661E+09
  1634.000 7.626E+09
  1634.250 7.517E+09
  1634.500 7.229E+09
  1634.750 7.261E+09
  1635.000 7.536E+09
  1635.250 7.600E+09
  1635.500 7.583E+09
  1635.750 7.577E+09
  1636.000 7.582E+09
  1636.250 7.595E+09
  1636.500 7.583E+09
  1636.750 7.561E+09
  1637.000 7.535E+09
  1637.250 7.511E+09
  1637.500 7.482E+09
  1637.750 7.421E+09
  1638.000 7.322E+09
  1638.250 7.134E+09
  1638.500 6.951E+09
  1638.750 7.015E+09
  1639.000 6.985E+09
  1639.250 6.719E+09
  1639.500 6.448E+09
  1639.750 6.175E+09
  1640.000 5.633E+09
  1640.250 4.990E+09
  1640.500 4.859E+09
  1640.750 5.405E+09
  1641.000 6.028E+09
  1641.250 6.443E+09
  1641.500 6.687E+09
  1641.750 6.801E+09
  1642.000 6.942E+09
  1642.250 7.116E+09
  1642.500 7.185E+09
  1642.750 7.144E+09
  1643.000 7.187E+09
  1643.250 7.169E+09
  1643.500 7.153E+09
  1643.750 7.268E+09
  1644.000 7.238E+09
  1644.250 7.325E+09
  1644.500 7.432E+09
  1644.750 7.366E+09
  1645.000 7.252E+09
  1645.250 7.335E+09
  1645.500 7.371E+09
  1645.750 7.314E+09
  1646.000 7.410E+09
  1646.250 7.482E+09
  1646.500 7.476E+09
  1646.750 7.426E+09
  1647.000 7.308E+09
  1647.250 7.342E+09
  1647.500 7.465E+09
  1647.750 7.496E+09
  1648.000 7.496E+09
  1648.250 7.475E+09
  1648.500 7.395E+09
  1648.750 7.344E+09
  1649.000 7.396E+09
  1649.250 7.406E+09
  1649.500 7.322E+09
  1649.750 7.333E+09
  1650.000 7.414E+09
  1650.250 7.451E+09
  1650.500 7.454E+09
  1650.750 7.447E+09
  1651.000 7.451E+09
  1651.250 7.420E+09
  1651.500 7.323E+09
  1651.750 7.276E+09
  1652.000 7.296E+09
  1652.250 7.307E+09
  1652.500 7.219E+09
  1652.750 7.189E+09
  1653.000 7.241E+09
  1653.250 7.224E+09
  1653.500 7.153E+09
  1653.750 7.141E+09
  1654.000 7.140E+09
  1654.250 7.188E+09
  1654.500 7.039E+09
  1654.750 6.959E+09
  1655.000 7.226E+09
  1655.250 7.360E+09
  1655.500 7.283E+09
  1655.750 7.236E+09
  1656.000 7.217E+09
  1656.250 7.229E+09
  1656.500 7.236E+09
  1656.750 7.237E+09
  1657.000 7.310E+09
  1657.250 7.323E+09
  1657.500 7.313E+09
  1657.750 7.272E+09
  1658.000 7.241E+09
  1658.250 7.168E+09
  1658.500 7.178E+09
  1658.750 7.267E+09
  1659.000 7.261E+09
  1659.250 7.278E+09
  1659.500 7.303E+09
  1659.750 7.232E+09
  1660.000 7.123E+09
  1660.250 7.152E+09
  1660.500 7.177E+09
  1660.750 7.180E+09
  1661.000 7.206E+09
  1661.250 7.228E+09
  1661.500 7.174E+09
  1661.750 7.129E+09
  1662.000 7.115E+09
  1662.250 7.055E+09
  1662.500 7.000E+09
  1662.750 7.089E+09
  1663.000 7.207E+09
  1663.250 7.197E+09
  1663.500 7.161E+09
  1663.750 7.218E+09
  1664.000 7.262E+09
  1664.250 7.236E+09
  1664.500 7.210E+09
  1664.750 7.214E+09
  1665.000 7.228E+09
  1665.250 7.248E+09
  1665.500 7.255E+09
  1665.750 7.253E+09
  1666.000 7.248E+09
  1666.250 7.240E+09
  1666.500 7.226E+09
  1666.750 7.214E+09
  1667.000 7.205E+09
  1667.250 7.217E+09
  1667.500 7.210E+09
  1667.750 7.173E+09
  1668.000 7.139E+09
  1668.250 7.146E+09
  1668.500 7.169E+09
  1668.750 7.137E+09
  1669.000 7.118E+09
  1669.250 7.153E+09
  1669.500 7.140E+09
  1669.750 7.127E+09
  1670.000 7.155E+09
  1670.250 7.169E+09
  1670.500 7.125E+09
  1670.750 7.045E+09
  1671.000 7.011E+09
  1671.250 7.081E+09
  1671.500 7.145E+09
  1671.750 7.125E+09
  1672.000 7.062E+09
  1672.250 7.004E+09
  1672.500 6.993E+09
  1672.750 6.973E+09
  1673.000 6.997E+09
  1673.250 7.037E+09
  1673.500 6.972E+09
  1673.750 6.958E+09
  1674.000 7.074E+09
  1674.250 7.123E+09
  1674.500 7.124E+09
  1674.750 7.119E+09
  1675.000 7.107E+09
  1675.250 7.073E+09
  1675.500 6.967E+09
  1675.750 6.938E+09
  1676.000 7.011E+09
  1676.250 6.881E+09
  1676.500 6.778E+09
  1676.750 6.910E+09
  1677.000 6.979E+09
  1677.250 6.989E+09
  1677.500 6.987E+09
  1677.750 7.012E+09
  1678.000 7.048E+09
  1678.250 7.053E+09
  1678.500 7.038E+09
  1678.750 7.016E+09
  1679.000 6.993E+09
  1679.250 6.979E+09
  1679.500 7.005E+09
  1679.750 7.010E+09
  1680.000 6.968E+09
  1680.250 6.966E+09
  1680.500 7.011E+09
  1680.750 7.025E+09
  1681.000 6.997E+09
  1681.250 6.945E+09
  1681.500 6.945E+09
  1681.750 6.930E+09
  1682.000 6.924E+09
  1682.250 6.976E+09
  1682.500 6.997E+09
  1682.750 6.969E+09
  1683.000 6.920E+09
  1683.250 6.944E+09
  1683.500 6.982E+09
  1683.750 6.985E+09
  1684.000 6.979E+09
  1684.250 6.965E+09
  1684.500 6.950E+09
  1684.750 6.959E+09
  1685.000 6.967E+09
  1685.250 6.965E+09
  1685.500 6.958E+09
  1685.750 6.946E+09
  1686.000 6.942E+09
  1686.250 6.924E+09
  1686.500 6.827E+09
  1686.750 6.761E+09
  1687.000 6.808E+09
  1687.250 6.797E+09
  1687.500 6.689E+09
  1687.750 6.699E+09
  1688.000 6.851E+09
  1688.250 6.911E+09
  1688.500 6.914E+09
  1688.750 6.914E+09
  1689.000 6.910E+09
  1689.250 6.903E+09
  1689.500 6.881E+09
  1689.750 6.834E+09
  1690.000 6.764E+09
  1690.250 6.742E+09
  1690.500 6.781E+09
  1690.750 6.829E+09
  1691.000 6.865E+09
  1691.250 6.876E+09
  1691.500 6.869E+09
  1691.750 6.855E+09
  1692.000 6.821E+09
  1692.250 6.814E+09
  1692.500 6.841E+09
  1692.750 6.843E+09
  1693.000 6.830E+09
  1693.250 6.829E+09
  1693.500 6.840E+09
  1693.750 6.834E+09
  1694.000 6.823E+09
  1694.250 6.817E+09
  1694.500 6.795E+09
  1694.750 6.795E+09
  1695.000 6.813E+09
  1695.250 6.815E+09
  1695.500 6.786E+09
  1695.750 6.743E+09
  1696.000 6.768E+09
  1696.250 6.794E+09
  1696.500 6.784E+09
  1696.750 6.780E+09
  1697.000 6.762E+09
  1697.250 6.734E+09
  1697.500 6.754E+09
  1697.750 6.777E+09
  1698.000 6.774E+09
  1698.250 6.759E+09
  1698.500 6.710E+09
  1698.750 6.578E+09
  1699.000 6.580E+09
  1699.250 6.692E+09
  1699.500 6.674E+09
  1699.750 6.670E+09
  1700.000 6.702E+09
  1700.250 6.633E+09
  1700.500 6.575E+09
  1700.750 6.576E+09
  1701.000 6.609E+09
  1701.250 6.655E+09
  1701.500 6.680E+09
  1701.750 6.712E+09
  1702.000 6.725E+09
  1702.250 6.709E+09
  1702.500 6.672E+09
  1702.750 6.671E+09
  1703.000 6.689E+09
  1703.250 6.671E+09
  1703.500 6.618E+09
  1703.750 6.607E+09
  1704.000 6.661E+09
  1704.250 6.679E+09
  1704.500 6.647E+09
  1704.750 6.534E+09
  1705.000 6.499E+09
  1705.250 6.611E+09
  1705.500 6.619E+09
  1705.750 6.607E+09
  1706.000 6.643E+09
  1706.250 6.653E+09
  1706.500 6.626E+09
  1706.750 6.559E+09
  1707.000 6.449E+09
  1707.250 6.445E+09
  1707.500 6.539E+09
  1707.750 6.607E+09
  1708.000 6.627E+09
  1708.250 6.624E+09
  1708.500 6.595E+09
  1708.750 6.603E+09
  1709.000 6.627E+09
  1709.250 6.623E+09
  1709.500 6.560E+09
  1709.750 6.440E+09
  1710.000 6.489E+09
  1710.250 6.591E+09
  1710.500 6.608E+09
  1710.750 6.598E+09
  1711.000 6.562E+09
  1711.250 6.450E+09
  1711.500 6.417E+09
  1711.750 6.529E+09
  1712.000 6.540E+09
  1712.250 6.510E+09
  1712.500 6.483E+09
  1712.750 6.424E+09
  1713.000 6.492E+09
  1713.250 6.554E+09
  1713.500 6.562E+09
  1713.750 6.560E+09
  1714.000 6.555E+09
  1714.250 6.551E+09
  1714.500 6.545E+09
  1714.750 6.525E+09
  1715.000 6.517E+09
  1715.250 6.530E+09
  1715.500 6.535E+09
  1715.750 6.532E+09
  1716.000 6.530E+09
  1716.250 6.520E+09
  1716.500 6.492E+09
  1716.750 6.467E+09
  1717.000 6.444E+09
  1717.250 6.453E+09
  1717.500 6.461E+09
  1717.750 6.334E+09
  1718.000 6.184E+09
  1718.250 6.055E+09
  1718.500 5.876E+09
  1718.750 6.110E+09
  1719.000 6.399E+09
  1719.250 6.411E+09
  1719.500 6.374E+09
  1719.750 6.430E+09
  1720.000 6.443E+09
  1720.250 6.396E+09
  1720.500 6.388E+09
  1720.750 6.421E+09
  1721.000 6.431E+09
  1721.250 6.401E+09
  1721.500 6.297E+09
  1721.750 5.940E+09
  1722.000 5.304E+09
  1722.250 5.279E+09
  1722.500 5.581E+09
  1722.750 5.923E+09
  1723.000 6.278E+09
  1723.250 6.394E+09
  1723.500 6.401E+09
  1723.750 6.332E+09
  1724.000 6.183E+09
  1724.250 6.195E+09
  1724.500 6.290E+09
  1724.750 6.352E+09
  1725.000 6.389E+09
  1725.250 6.350E+09
  1725.500 6.223E+09
  1725.750 6.231E+09
  1726.000 6.351E+09
  1726.250 6.377E+09
  1726.500 6.352E+09
  1726.750 6.348E+09
  1727.000 6.285E+09
  1727.250 6.054E+09
  1727.500 6.054E+09
  1727.750 6.287E+09
  1728.000 6.356E+09
  1728.250 6.330E+09
  1728.500 6.321E+09
  1728.750 6.347E+09
  1729.000 6.362E+09
  1729.250 6.354E+09
  1729.500 6.342E+09
  1729.750 6.334E+09
  1730.000 6.325E+09
  1730.250 6.292E+09
  1730.500 6.251E+09
  1730.750 6.224E+09
  1731.000 6.256E+09
  1731.250 6.281E+09
  1731.500 6.271E+09
  1731.750 6.236E+09
  1732.000 6.268E+09
  1732.250 6.310E+09
  1732.500 6.295E+09
  1732.750 6.222E+09
  1733.000 6.195E+09
  1733.250 6.264E+09
  1733.500 6.301E+09
  1733.750 6.300E+09
  1734.000 6.294E+09
  1734.250 6.292E+09
  1734.500 6.287E+09
  1734.750 6.281E+09
  1735.000 6.284E+09
  1735.250 6.284E+09
  1735.500 6.272E+09
  1735.750 6.257E+09
  1736.000 6.245E+09
  1736.250 6.225E+09
  1736.500 6.237E+09
  1736.750 6.259E+09
  1737.000 6.256E+09
  1737.250 6.237E+09
  1737.500 6.235E+09
  1737.750 6.243E+09
  1738.000 6.247E+09
  1738.250 6.237E+09
  1738.500 6.144E+09
  1738.750 5.940E+09
  1739.000 5.969E+09
  1739.250 6.154E+09
  1739.500 6.219E+09
  1739.750 6.226E+09
  1740.000 6.224E+09
  1740.250 6.220E+09
  1740.500 6.213E+09
  1740.750 6.203E+09
  1741.000 6.200E+09
  1741.250 6.199E+09
  1741.500 6.191E+09
  1741.750 6.186E+09
  1742.000 6.175E+09
  1742.250 6.166E+09
  1742.500 6.175E+09
  1742.750 6.175E+09
  1743.000 6.171E+09
  1743.250 6.174E+09
  1743.500 6.167E+09
  1743.750 6.147E+09
  1744.000 6.142E+09
  1744.250 6.161E+09
  1744.500 6.166E+09
  1744.750 6.160E+09
  1745.000 6.142E+09
  1745.250 6.094E+09
  1745.500 6.086E+09
  1745.750 6.112E+09
  1746.000 6.066E+09
  1746.250 6.053E+09
  1746.500 6.112E+09
  1746.750 6.131E+09
  1747.000 6.125E+09
  1747.250 6.060E+09
  1747.500 5.941E+09
  1747.750 5.991E+09
  1748.000 6.076E+09
  1748.250 6.089E+09
  1748.500 6.073E+09
  1748.750 5.936E+09
  1749.000 5.881E+09
  1749.250 6.025E+09
  1749.500 6.092E+09
  1749.750 6.102E+09
  1750.000 6.102E+09
  1750.250 6.094E+09
  1750.500 6.078E+09
  1750.750 6.074E+09
  1751.000 6.067E+09
  1751.250 6.035E+09
  1751.500 6.028E+09
  1751.750 6.036E+09
  1752.000 6.058E+09
  1752.250 6.071E+09
  1752.500 6.067E+09
  1752.750 6.053E+09
  1753.000 6.032E+09
  1753.250 6.031E+09
  1753.500 6.032E+09
  1753.750 6.014E+09
  1754.000 6.023E+09
  1754.250 6.040E+09
  1754.500 6.032E+09
  1754.750 6.026E+09
  1755.000 6.031E+09
  1755.250 6.032E+09
  1755.500 6.020E+09
  1755.750 6.014E+09
  1756.000 6.020E+09
  1756.250 6.019E+09
  1756.500 6.018E+09
  1756.750 6.017E+09
  1757.000 6.014E+09
  1757.250 6.012E+09
  1757.500 6.004E+09
  1757.750 5.982E+09
  1758.000 5.974E+09
  1758.250 5.980E+09
  1758.500 5.971E+09
  1758.750 5.972E+09
  1759.000 5.981E+09
  1759.250 5.986E+09
  1759.500 5.980E+09
  1759.750 5.971E+09
  1760.000 5.964E+09
  1760.250 5.917E+09
  1760.500 5.873E+09
  1760.750 5.872E+09
  1761.000 5.851E+09
  1761.250 5.883E+09
  1761.500 5.941E+09
  1761.750 5.955E+09
  1762.000 5.951E+09
  1762.250 5.937E+09
  1762.500 5.905E+09
  1762.750 5.894E+09
  1763.000 5.912E+09
  1763.250 5.927E+09
  1763.500 5.918E+09
  1763.750 5.904E+09
  1764.000 5.916E+09
  1764.250 5.900E+09
  1764.500 5.823E+09
  1764.750 5.780E+09
  1765.000 5.826E+09
  1765.250 5.889E+09
  1765.500 5.891E+09
  1765.750 5.860E+09
  1766.000 5.873E+09
  1766.250 5.877E+09
  1766.500 5.849E+09
  1766.750 5.831E+09
  1767.000 5.851E+09
  1767.250 5.873E+09
  1767.500 5.882E+09
  1767.750 5.885E+09
  1768.000 5.884E+09
  1768.250 5.882E+09
  1768.500 5.878E+09
  1768.750 5.866E+09
  1769.000 5.849E+09
  1769.250 5.853E+09
  1769.500 5.859E+09
  1769.750 5.858E+09
  1770.000 5.859E+09
  1770.250 5.854E+09
  1770.500 5.851E+09
  1770.750 5.843E+09
  1771.000 5.834E+09
  1771.250 5.837E+09
  1771.500 5.840E+09
  1771.750 5.840E+09
  1772.000 5.830E+09
  1772.250 5.807E+09
  1772.500 5.802E+09
  1772.750 5.791E+09
  1773.000 5.751E+09
  1773.250 5.767E+09
  1773.500 5.802E+09
  1773.750 5.806E+09
  1774.000 5.803E+09
  1774.250 5.808E+09
  1774.500 5.806E+09
  1774.750 5.797E+09
  1775.000 5.798E+09
  1775.250 5.801E+09
  1775.500 5.799E+09
  1775.750 5.796E+09
  1776.000 5.791E+09
  1776.250 5.786E+09
  1776.500 5.771E+09
  1776.750 5.734E+09
  1777.000 5.733E+09
  1777.250 5.765E+09
  1777.500 5.767E+09
  1777.750 5.751E+09
  1778.000 5.754E+09
  1778.250 5.762E+09
  1778.500 5.755E+09
  1778.750 5.723E+09
  1779.000 5.671E+09
  1779.250 5.680E+09
  1779.500 5.732E+09
  1779.750 5.748E+09
  1780.000 5.746E+09
  1780.250 5.741E+09
  1780.500 5.723E+09
  1780.750 5.707E+09
  1781.000 5.719E+09
  1781.250 5.727E+09
  1781.500 5.719E+09
  1781.750 5.706E+09
  1782.000 5.700E+09
  1782.250 5.698E+09
  1782.500 5.705E+09
  1782.750 5.688E+09
  1783.000 5.580E+09
  1783.250 5.490E+09
  1783.500 5.603E+09
  1783.750 5.691E+09
  1784.000 5.702E+09
  1784.250 5.697E+09
  1784.500 5.686E+09
  1784.750 5.682E+09
  1785.000 5.682E+09
  1785.250 5.671E+09
  1785.500 5.665E+09
  1785.750 5.667E+09
  1786.000 5.669E+09
  1786.250 5.673E+09
  1786.500 5.673E+09
  1786.750 5.671E+09
  1787.000 5.667E+09
  1787.250 5.658E+09
  1787.500 5.649E+09
  1787.750 5.620E+09
  1788.000 5.606E+09
  1788.250 5.623E+09
  1788.500 5.622E+09
  1788.750 5.626E+09
  1789.000 5.639E+09
  1789.250 5.641E+09
  1789.500 5.640E+09
  1789.750 5.638E+09
  1790.000 5.634E+09
  1790.250 5.623E+09
  1790.500 5.609E+09
  1790.750 5.608E+09
  1791.000 5.611E+09
  1791.250 5.605E+09
  1791.500 5.602E+09
  1791.750 5.590E+09
  1792.000 5.547E+09
  1792.250 5.551E+09
  1792.500 5.593E+09
  1792.750 5.598E+09
  1793.000 5.576E+09
  1793.250 5.567E+09
  1793.500 5.573E+09
  1793.750 5.553E+09
  1794.000 5.553E+09
  1794.250 5.552E+09
  1794.500 5.502E+09
  1794.750 5.518E+09
  1795.000 5.566E+09
  1795.250 5.574E+09
  1795.500 5.563E+09
  1795.750 5.541E+09
  1796.000 5.517E+09
  1796.250 5.519E+09
  1796.500 5.541E+09
  1796.750 5.515E+09
  1797.000 5.481E+09
  1797.250 5.496E+09
  1797.500 5.512E+09
  1797.750 5.534E+09
  1798.000 5.543E+09
  1798.250 5.527E+09
  1798.500 5.480E+09
  1798.750 5.394E+09
  1799.000 5.376E+09
  1799.250 5.478E+09
  1799.500 5.522E+09
  1799.750 5.526E+09
  1800.000 5.519E+09
  1800.250 5.457E+09
  1800.500 5.301E+09
  1800.750 5.292E+09
  1801.000 5.443E+09
  1801.250 5.490E+09
  1801.500 5.486E+09
  1801.750 5.495E+09
  1802.000 5.500E+09
  1802.250 5.499E+09
  1802.500 5.492E+09
  1802.750 5.482E+09
  1803.000 5.482E+09
  1803.250 5.486E+09
  1803.500 5.484E+09
  1803.750 5.474E+09
  1804.000 5.469E+09
  1804.250 5.466E+09
  1804.500 5.460E+09
  1804.750 5.466E+09
  1805.000 5.462E+09
  1805.250 5.446E+09
  1805.500 5.449E+09
  1805.750 5.459E+09
  1806.000 5.456E+09
  1806.250 5.452E+09
  1806.500 5.446E+09
  1806.750 5.442E+09
  1807.000 5.438E+09
  1807.250 5.375E+09
  1807.500 5.258E+09
  1807.750 5.309E+09
  1808.000 5.411E+09
  1808.250 5.423E+09
  1808.500 5.398E+09
  1808.750 5.401E+09
  1809.000 5.418E+09
  1809.250 5.399E+09
  1809.500 5.382E+09
  1809.750 5.391E+09
  1810.000 5.376E+09
  1810.250 5.385E+09
  1810.500 5.403E+09
  1810.750 5.407E+09
  1811.000 5.397E+09
  1811.250 5.383E+09
  1811.500 5.387E+09
  1811.750 5.395E+09
  1812.000 5.389E+09
  1812.250 5.368E+09
  1812.500 5.358E+09
  1812.750 5.372E+09
  1813.000 5.382E+09
  1813.250 5.383E+09
  1813.500 5.381E+09
  1813.750 5.378E+09
  1814.000 5.375E+09
  1814.250 5.373E+09
  1814.500 5.371E+09
  1814.750 5.367E+09
  1815.000 5.356E+09
  1815.250 5.339E+09
  1815.500 5.341E+09
  1815.750 5.336E+09
  1816.000 5.263E+09
  1816.250 5.227E+09
  1816.500 5.302E+09
  1816.750 5.339E+09
  1817.000 5.340E+09
  1817.250 5.328E+09
  1817.500 5.324E+09
  1817.750 5.332E+09
  1818.000 5.335E+09
  1818.250 5.330E+09
  1818.500 5.312E+09
  1818.750 5.287E+09
  1819.000 5.289E+09
  1819.250 5.301E+09
  1819.500 5.309E+09
  1819.750 5.293E+09
  1820.000 5.263E+09
  1820.250 5.228E+09
  1820.500 5.223E+09
  1820.750 5.275E+09
  1821.000 5.282E+09
  1821.250 5.275E+09
  1821.500 5.286E+09
  1821.750 5.290E+09
  1822.000 5.291E+09
  1822.250 5.288E+09
  1822.500 5.286E+09
  1822.750 5.286E+09
  1823.000 5.282E+09
  1823.250 5.274E+09
  1823.500 5.272E+09
  1823.750 5.274E+09
  1824.000 5.273E+09
  1824.250 5.271E+09
  1824.500 5.268E+09
  1824.750 5.260E+09
  1825.000 5.245E+09
  1825.250 5.242E+09
  1825.500 5.251E+09
  1825.750 5.253E+09
  1826.000 5.241E+09
  1826.250 5.229E+09
  1826.500 5.218E+09
  1826.750 5.194E+09
  1827.000 5.207E+09
  1827.250 5.225E+09
  1827.500 5.220E+09
  1827.750 5.182E+09
  1828.000 5.131E+09
  1828.250 5.170E+09
  1828.500 5.217E+09
  1828.750 5.224E+09
  1829.000 5.222E+09
  1829.250 5.219E+09
  1829.500 5.213E+09
  1829.750 5.190E+09
  1830.000 5.160E+09
  1830.250 5.170E+09
  1830.500 5.194E+09
  1830.750 5.201E+09
  1831.000 5.190E+09
  1831.250 5.170E+09
  1831.500 5.177E+09
  1831.750 5.190E+09
  1832.000 5.191E+09
  1832.250 5.186E+09
  1832.500 5.182E+09
  1832.750 5.183E+09
  1833.000 5.182E+09
  1833.250 5.179E+09
  1833.500 5.173E+09
  1833.750 5.167E+09
  1834.000 5.168E+09
  1834.250 5.169E+09
  1834.500 5.167E+09
  1834.750 5.165E+09
  1835.000 5.162E+09
  1835.250 5.160E+09
  1835.500 5.157E+09
  1835.750 5.154E+09
  1836.000 5.151E+09
  1836.250 5.149E+09
  1836.500 5.147E+09
  1836.750 5.144E+09
  1837.000 5.129E+09
  1837.250 5.043E+09
  1837.500 4.941E+09
  1837.750 5.023E+09
  1838.000 5.077E+09
  1838.250 5.026E+09
  1838.500 4.986E+09
  1838.750 5.003E+09
  1839.000 5.078E+09
  1839.250 5.114E+09
  1839.500 5.116E+09
  1839.750 5.105E+09
  1840.000 5.068E+09
  1840.250 5.045E+09
  1840.500 5.081E+09
  1840.750 5.102E+09
  1841.000 5.100E+09
  1841.250 5.090E+09
  1841.500 5.086E+09
  1841.750 5.087E+09
  1842.000 5.075E+09
  1842.250 5.049E+09
  1842.500 5.043E+09
  1842.750 5.061E+09
  1843.000 5.053E+09
  1843.250 5.057E+09
  1843.500 5.071E+09
  1843.750 5.075E+09
  1844.000 5.071E+09
  1844.250 5.064E+09
  1844.500 5.062E+09
  1844.750 5.062E+09
  1845.000 5.061E+09
  1845.250 5.060E+09
  1845.500 5.052E+09
  1845.750 5.034E+09
  1846.000 5.019E+09
  1846.250 4.994E+09
  1846.500 4.968E+09
  1846.750 4.938E+09
  1847.000 4.925E+09
  1847.250 4.946E+09
  1847.500 4.985E+09
  1847.750 5.013E+09
  1848.000 5.030E+09
  1848.250 5.031E+09
  1848.500 5.028E+09
  1848.750 5.026E+09
  1849.000 5.023E+09
  1849.250 5.012E+09
  1849.500 4.976E+09
  1849.750 4.939E+09
  1850.000 4.964E+09
