   850.000 1.071E+06
   850.250 1.071E+06
   850.500 1.072E+06
   850.750 1.062E+06
   851.000 1.031E+06
   851.250 1.016E+06
   851.500 1.039E+06
   851.750 1.039E+06
   852.000 1.043E+06
   852.250 1.072E+06
   852.500 1.069E+06
   852.750 1.060E+06
   853.000 1.075E+06
   853.250 1.088E+06
   853.500 1.091E+06
   853.750 1.079E+06
   854.000 1.041E+06
   854.250 1.032E+06
   854.500 1.072E+06
   854.750 1.104E+06
   855.000 1.109E+06
   855.250 1.091E+06
   855.500 1.055E+06
   855.750 1.050E+06
   856.000 1.060E+06
   856.250 1.061E+06
   856.500 1.090E+06
   856.750 1.115E+06
   857.000 1.106E+06
   857.250 1.084E+06
   857.500 1.077E+06
   857.750 1.068E+06
   858.000 1.004E+06
   858.250 9.564E+05
   858.500 9.208E+05
   858.750 1.001E+06
   859.000 1.107E+06
   859.250 1.117E+06
   859.500 1.038E+06
   859.750 9.930E+05
   860.000 1.067E+06
   860.250 1.078E+06
   860.500 1.076E+06
   860.750 1.108E+06
   861.000 1.136E+06
   861.250 1.129E+06
   861.500 1.092E+06
   861.750 1.009E+06
   862.000 1.025E+06
   862.250 1.104E+06
   862.500 1.116E+06
   862.750 1.018E+06
   863.000 9.575E+05
   863.250 9.956E+05
   863.500 1.060E+06
   863.750 1.124E+06
   864.000 1.127E+06
   864.250 1.127E+06
   864.500 1.137E+06
   864.750 1.171E+06
   865.000 1.192E+06
   865.250 1.195E+06
   865.500 1.199E+06
   865.750 1.185E+06
   866.000 1.178E+06
   866.250 1.200E+06
   866.500 1.218E+06
   866.750 1.212E+06
   867.000 1.200E+06
   867.250 1.189E+06
   867.500 1.167E+06
   867.750 1.188E+06
   868.000 1.225E+06
   868.250 1.218E+06
   868.500 1.201E+06
   868.750 1.205E+06
   869.000 1.226E+06
   869.250 1.246E+06
   869.500 1.243E+06
   869.750 1.238E+06
   870.000 1.233E+06
   870.250 1.219E+06
   870.500 1.212E+06
   870.750 1.219E+06
   871.000 1.248E+06
   871.250 1.270E+06
   871.500 1.274E+06
   871.750 1.258E+06
   872.000 1.238E+06
   872.250 1.259E+06
   872.500 1.276E+06
   872.750 1.272E+06
   873.000 1.247E+06
   873.250 1.226E+06
   873.500 1.236E+06
   873.750 1.272E+06
   874.000 1.273E+06
   874.250 1.271E+06
   874.500 1.288E+06
   874.750 1.296E+06
   875.000 1.274E+06
   875.250 1.197E+06
   875.500 1.140E+06
   875.750 1.173E+06
   876.000 1.223E+06
   876.250 1.271E+06
   876.500 1.281E+06
   876.750 1.298E+06
   877.000 1.324E+06
   877.250 1.333E+06
   877.500 1.331E+06
   877.750 1.324E+06
   878.000 1.312E+06
   878.250 1.300E+06
   878.500 1.320E+06
   878.750 1.339E+06
   879.000 1.341E+06
   879.250 1.336E+06
   879.500 1.313E+06
   879.750 1.312E+06
   880.000 1.326E+06
   880.250 1.328E+06
   880.500 1.324E+06
   880.750 1.321E+06
   881.000 1.303E+06
   881.250 1.329E+06
   881.500 1.356E+06
   881.750 1.368E+06
   882.000 1.359E+06
   882.250 1.355E+06
   882.500 1.377E+06
   882.750 1.387E+06
   883.000 1.380E+06
   883.250 1.374E+06
   883.500 1.363E+06
   883.750 1.363E+06
   884.000 1.386E+06
   884.250 1.394E+06
   884.500 1.385E+06
   884.750 1.394E+06
   885.000 1.410E+06
   885.250 1.416E+06
   885.500 1.422E+06
   885.750 1.422E+06
   886.000 1.415E+06
   886.250 1.420E+06
   886.500 1.432E+06
   886.750 1.437E+06
   887.000 1.433E+06
   887.250 1.422E+06
   887.500 1.421E+06
   887.750 1.436E+06
   888.000 1.449E+06
   888.250 1.450E+06
   888.500 1.447E+06
   888.750 1.444E+06
   889.000 1.450E+06
   889.250 1.461E+06
   889.500 1.461E+06
   889.750 1.454E+06
   890.000 1.456E+06
   890.250 1.467E+06
   890.500 1.456E+06
   890.750 1.428E+06
   891.000 1.417E+06
   891.250 1.405E+06
   891.500 1.430E+06
   891.750 1.465E+06
   892.000 1.459E+06
   892.250 1.430E+06
   892.500 1.434E+06
   892.750 1.482E+06
   893.000 1.497E+06
   893.250 1.500E+06
   893.500 1.495E+06
   893.750 1.470E+06
   894.000 1.473E+06
   894.250 1.498E+06
   894.500 1.497E+06
   894.750 1.502E+06
   895.000 1.523E+06
   895.250 1.529E+06
   895.500 1.524E+06
   895.750 1.527E+06
   896.000 1.533E+06
   896.250 1.540E+06
   896.500 1.546E+06
   896.750 1.548E+06
   897.000 1.548E+06
   897.250 1.545E+06
   897.500 1.528E+06
   897.750 1.525E+06
   898.000 1.550E+06
   898.250 1.564E+06
   898.500 1.565E+06
   898.750 1.560E+06
   899.000 1.555E+06
   899.250 1.532E+06
   899.500 1.529E+06
   899.750 1.565E+06
   900.000 1.577E+06
   900.250 1.580E+06
   900.500 1.582E+06
   900.750 1.564E+06
   901.000 1.539E+06
   901.250 1.566E+06
   901.500 1.593E+06
   901.750 1.599E+06
   902.000 1.606E+06
   902.250 1.609E+06
   902.500 1.606E+06
   902.750 1.599E+06
   903.000 1.593E+06
   903.250 1.539E+06
   903.500 1.341E+06
   903.750 1.117E+06
   904.000 9.339E+05
   904.250 9.891E+05
   904.500 1.225E+06
   904.750 1.487E+06
   905.000 1.603E+06
   905.250 1.600E+06
   905.500 1.612E+06
   905.750 1.638E+06
   906.000 1.640E+06
   906.250 1.598E+06
   906.500 1.516E+06
   906.750 1.505E+06
   907.000 1.559E+06
   907.250 1.626E+06
   907.500 1.611E+06
   907.750 1.601E+06
   908.000 1.633E+06
   908.250 1.655E+06
   908.500 1.672E+06
   908.750 1.672E+06
   909.000 1.655E+06
   909.250 1.651E+06
   909.500 1.681E+06
   909.750 1.701E+06
   910.000 1.698E+06
   910.250 1.651E+06
   910.500 1.591E+06
   910.750 1.607E+06
   911.000 1.643E+06
   911.250 1.688E+06
   911.500 1.692E+06
   911.750 1.676E+06
   912.000 1.708E+06
   912.250 1.722E+06
   912.500 1.670E+06
   912.750 1.617E+06
   913.000 1.677E+06
   913.250 1.718E+06
   913.500 1.731E+06
   913.750 1.733E+06
   914.000 1.763E+06
   914.250 1.878E+06
   914.500 1.997E+06
   914.750 2.112E+06
   915.000 2.243E+06
   915.250 2.259E+06
   915.500 2.153E+06
   915.750 1.934E+06
   916.000 2.161E+06
   916.250 2.528E+06
   916.500 2.491E+06
   916.750 2.970E+06
   917.000 2.996E+06
   917.250 3.035E+06
   917.500 4.094E+06
   917.750 4.156E+06
   918.000 3.110E+06
   918.250 3.211E+06
   918.500 4.395E+06
   918.750 4.991E+06
   919.000 4.546E+06
   919.250 3.273E+06
   919.500 3.402E+06
   919.750 4.898E+06
   920.000 6.327E+06
   920.250 6.761E+06
   920.500 5.854E+06
   920.750 4.065E+06
   921.000 3.251E+06
   921.250 4.798E+06
   921.500 6.718E+06
   921.750 7.589E+06
   922.000 7.870E+06
   922.250 8.105E+06
   922.500 7.481E+06
   922.750 5.784E+06
   923.000 3.744E+06
   923.250 3.433E+06
   923.500 5.246E+06
   923.750 7.208E+06
   924.000 9.057E+06
   924.250 1.125E+07
   924.500 1.293E+07
   924.750 1.280E+07
   925.000 1.144E+07
   925.250 1.023E+07
   925.500 8.740E+06
   925.750 6.762E+06
   926.000 4.376E+06
   926.250 3.256E+06
   926.500 4.709E+06
   926.750 7.180E+06
   927.000 9.814E+06
   927.250 1.296E+07
   927.500 1.702E+07
   927.750 2.037E+07
   928.000 2.189E+07
   928.250 2.183E+07
   928.500 2.122E+07
   928.750 2.235E+07
   929.000 2.123E+07
   929.250 1.849E+07
   929.500 1.541E+07
   929.750 1.236E+07
   930.000 9.623E+06
   930.250 7.230E+06
   930.500 4.880E+06
   930.750 3.450E+06
   931.000 4.971E+06
   931.250 7.879E+06
   931.500 1.089E+07
   931.750 1.375E+07
   932.000 1.680E+07
   932.250 2.378E+07
   932.500 3.164E+07
   932.750 3.939E+07
   933.000 4.963E+07
   933.250 5.937E+07
   933.500 6.894E+07
   933.750 7.865E+07
   934.000 8.685E+07
   934.250 9.094E+07
   934.500 8.284E+07
   934.750 6.882E+07
   935.000 6.375E+07
   935.250 6.098E+07
   935.500 5.321E+07
   935.750 4.483E+07
   936.000 3.643E+07
   936.250 2.827E+07
   936.500 2.095E+07
   936.750 1.535E+07
   937.000 1.219E+07
   937.250 8.852E+06
   937.500 5.410E+06
   937.750 3.475E+06
   938.000 4.847E+06
   938.250 8.207E+06
   938.500 1.164E+07
   938.750 1.554E+07
   939.000 2.009E+07
   939.250 2.667E+07
   939.500 3.606E+07
   939.750 4.806E+07
   940.000 6.063E+07
   940.250 7.503E+07
   940.500 9.162E+07
   940.750 1.089E+08
   941.000 1.332E+08
   941.250 1.469E+08
   941.500 1.571E+08
   941.750 1.912E+08
   942.000 2.286E+08
   942.250 2.343E+08
   942.500 2.170E+08
   942.750 2.115E+08
   943.000 2.440E+08
   943.250 2.800E+08
   943.500 2.800E+08
   943.750 2.566E+08
   944.000 2.584E+08
   944.250 2.995E+08
   944.500 2.969E+08
   944.750 2.384E+08
   945.000 1.744E+08
   945.250 1.492E+08
   945.500 1.555E+08
   945.750 1.392E+08
   946.000 1.148E+08
   946.250 1.164E+08
   946.500 1.206E+08
   946.750 1.094E+08
   947.000 9.975E+07
   947.250 9.010E+07
   947.500 7.457E+07
   947.750 5.383E+07
   948.000 3.821E+07
   948.250 2.901E+07
   948.500 2.177E+07
   948.750 1.605E+07
   949.000 1.230E+07
   949.250 9.392E+06
   949.500 5.954E+06
   949.750 4.071E+06
   950.000 6.156E+06
   950.250 9.868E+06
   950.500 1.348E+07
   950.750 1.720E+07
   951.000 2.202E+07
   951.250 3.106E+07
   951.500 4.423E+07
   951.750 6.131E+07
   952.000 8.045E+07
   952.250 9.580E+07
   952.500 1.165E+08
   952.750 1.438E+08
   953.000 1.753E+08
   953.250 1.974E+08
   953.500 2.173E+08
   953.750 2.450E+08
   954.000 2.900E+08
   954.250 3.712E+08
   954.500 4.156E+08
   954.750 4.058E+08
   955.000 3.987E+08
   955.250 4.437E+08
   955.500 4.851E+08
   955.750 5.471E+08
   956.000 5.662E+08
   956.250 5.201E+08
   956.500 4.870E+08
   956.750 4.559E+08
   957.000 5.160E+08
   957.250 6.035E+08
   957.500 5.131E+08
   957.750 4.033E+08
   958.000 3.645E+08
   958.250 4.476E+08
   958.500 6.742E+08
   958.750 7.330E+08
   959.000 6.142E+08
   959.250 6.327E+08
   959.500 6.800E+08
   959.750 7.128E+08
   960.000 7.612E+08
   960.250 7.756E+08
   960.500 6.977E+08
   960.750 7.224E+08
   961.000 7.555E+08
   961.250 7.319E+08
   961.500 6.554E+08
   961.750 5.792E+08
   962.000 6.679E+08
   962.250 7.999E+08
   962.500 7.084E+08
   962.750 6.198E+08
   963.000 6.553E+08
   963.250 6.189E+08
   963.500 6.045E+08
   963.750 5.087E+08
   964.000 5.212E+08
   964.250 6.797E+08
   964.500 6.616E+08
   964.750 5.473E+08
   965.000 4.868E+08
   965.250 4.631E+08
   965.500 5.183E+08
   965.750 6.073E+08
   966.000 5.749E+08
   966.250 4.723E+08
   966.500 4.795E+08
   966.750 5.249E+08
   967.000 4.776E+08
   967.250 4.422E+08
   967.500 4.343E+08
   967.750 3.472E+08
   968.000 2.694E+08
   968.250 2.848E+08
   968.500 3.008E+08
   968.750 2.605E+08
   969.000 2.140E+08
   969.250 1.719E+08
   969.500 1.370E+08
   969.750 1.216E+08
   970.000 1.024E+08
   970.250 8.339E+07
   970.500 6.336E+07
   970.750 5.031E+07
   971.000 4.168E+07
   971.250 3.388E+07
   971.500 2.535E+07
   971.750 1.852E+07
   972.000 1.325E+07
   972.250 8.415E+06
   972.500 5.417E+06
   972.750 7.707E+06
   973.000 1.255E+07
   973.250 1.748E+07
   973.500 2.354E+07
   973.750 3.152E+07
   974.000 4.534E+07
   974.250 6.293E+07
   974.500 8.080E+07
   974.750 9.872E+07
   975.000 1.134E+08
   975.250 1.320E+08
   975.500 1.461E+08
   975.750 1.495E+08
   976.000 1.419E+08
   976.250 1.222E+08
   976.500 8.964E+07
   976.750 5.160E+07
   977.000 2.984E+07
   977.250 4.707E+07
   977.500 8.420E+07
   977.750 1.206E+08
   978.000 1.711E+08
   978.250 2.245E+08
   978.500 2.783E+08
   978.750 3.223E+08
   979.000 3.489E+08
   979.250 3.887E+08
   979.500 3.429E+08
   979.750 2.756E+08
   980.000 3.912E+08
   980.250 5.481E+08
   980.500 6.380E+08
   980.750 6.766E+08
   981.000 5.909E+08
   981.250 4.896E+08
   981.500 5.455E+08
   981.750 6.828E+08
   982.000 7.465E+08
   982.250 8.380E+08
   982.500 9.294E+08
   982.750 9.264E+08
   983.000 8.784E+08
   983.250 7.298E+08
   983.500 5.472E+08
   983.750 4.435E+08
   984.000 5.211E+08
   984.250 7.228E+08
   984.500 8.367E+08
   984.750 7.478E+08
   985.000 7.322E+08
   985.250 8.140E+08
   985.500 6.345E+08
   985.750 4.281E+08
   986.000 5.319E+08
   986.250 6.477E+08
   986.500 6.579E+08
   986.750 8.803E+08
   987.000 1.042E+09
   987.250 8.920E+08
   987.500 7.351E+08
   987.750 7.430E+08
   988.000 7.356E+08
   988.250 7.422E+08
   988.500 7.315E+08
   988.750 6.962E+08
   989.000 9.008E+08
   989.250 8.762E+08
   989.500 5.233E+08
   989.750 2.110E+08
   990.000 1.472E+08
   990.250 2.902E+08
   990.500 4.466E+08
   990.750 4.967E+08
   991.000 5.661E+08
   991.250 4.287E+08
   991.500 2.547E+08
   991.750 3.252E+08
   992.000 5.218E+08
   992.250 5.336E+08
   992.500 3.162E+08
   992.750 2.606E+08
   993.000 4.780E+08
   993.250 6.321E+08
   993.500 6.809E+08
   993.750 8.676E+08
   994.000 8.678E+08
   994.250 6.096E+08
   994.500 4.681E+08
   994.750 3.752E+08
   995.000 3.910E+08
   995.250 5.972E+08
   995.500 8.518E+08
   995.750 9.041E+08
   996.000 8.083E+08
   996.250 9.110E+08
   996.500 1.022E+09
   996.750 1.025E+09
   997.000 7.955E+08
   997.250 5.558E+08
   997.500 5.382E+08
   997.750 6.943E+08
   998.000 8.445E+08
   998.250 1.081E+09
   998.500 1.142E+09
   998.750 9.938E+08
   999.000 8.625E+08
   999.250 7.537E+08
   999.500 7.877E+08
   999.750 9.702E+08
  1000.000 1.033E+09
  1000.250 1.001E+09
  1000.500 9.232E+08
  1000.750 8.405E+08
  1001.000 8.140E+08
  1001.250 9.825E+08
  1001.500 1.043E+09
  1001.750 1.049E+09
  1002.000 9.027E+08
  1002.250 6.428E+08
  1002.500 6.632E+08
  1002.750 7.900E+08
  1003.000 8.228E+08
  1003.250 9.126E+08
  1003.500 9.588E+08
  1003.750 1.025E+09
  1004.000 1.163E+09
  1004.250 1.199E+09
  1004.500 1.058E+09
  1004.750 9.758E+08
  1005.000 8.097E+08
  1005.250 5.825E+08
  1005.500 7.314E+08
  1005.750 8.186E+08
  1006.000 6.678E+08
  1006.250 6.622E+08
  1006.500 7.206E+08
  1006.750 7.751E+08
  1007.000 7.819E+08
  1007.250 8.647E+08
  1007.500 1.027E+09
  1007.750 1.065E+09
  1008.000 9.796E+08
  1008.250 9.140E+08
  1008.500 7.965E+08
  1008.750 6.179E+08
  1009.000 6.536E+08
  1009.250 7.280E+08
  1009.500 6.445E+08
  1009.750 3.619E+08
  1010.000 1.166E+08
  1010.250 1.042E+08
  1010.500 3.248E+08
  1010.750 6.733E+08
  1011.000 9.001E+08
  1011.250 1.037E+09
  1011.500 1.050E+09
  1011.750 9.772E+08
  1012.000 9.301E+08
  1012.250 7.601E+08
  1012.500 5.495E+08
  1012.750 6.672E+08
  1013.000 9.213E+08
  1013.250 1.049E+09
  1013.500 1.076E+09
  1013.750 1.007E+09
  1014.000 8.532E+08
  1014.250 7.465E+08
  1014.500 7.418E+08
  1014.750 7.243E+08
  1015.000 5.878E+08
  1015.250 5.187E+08
  1015.500 4.629E+08
  1015.750 5.511E+08
  1016.000 7.218E+08
  1016.250 7.361E+08
  1016.500 7.975E+08
  1016.750 8.294E+08
  1017.000 6.461E+08
  1017.250 4.998E+08
  1017.500 5.028E+08
  1017.750 5.512E+08
  1018.000 6.325E+08
  1018.250 5.349E+08
  1018.500 5.374E+08
  1018.750 6.544E+08
  1019.000 6.685E+08
  1019.250 5.907E+08
  1019.500 4.612E+08
  1019.750 3.317E+08
  1020.000 3.002E+08
  1020.250 3.490E+08
  1020.500 3.403E+08
  1020.750 2.768E+08
  1021.000 2.292E+08
  1021.250 1.932E+08
  1021.500 1.860E+08
  1021.750 2.028E+08
  1022.000 2.234E+08
  1022.250 2.155E+08
  1022.500 1.826E+08
  1022.750 1.459E+08
  1023.000 1.194E+08
  1023.250 9.998E+07
  1023.500 7.449E+07
  1023.750 5.337E+07
  1024.000 4.346E+07
  1024.250 3.696E+07
  1024.500 3.080E+07
  1024.750 2.452E+07
  1025.000 1.923E+07
  1025.250 1.431E+07
  1025.500 8.848E+06
  1025.750 6.215E+06
  1026.000 9.867E+06
  1026.250 1.476E+07
  1026.500 1.859E+07
  1026.750 2.287E+07
  1027.000 2.926E+07
  1027.250 3.574E+07
  1027.500 4.529E+07
  1027.750 6.358E+07
  1028.000 7.542E+07
  1028.250 8.319E+07
  1028.500 1.057E+08
  1028.750 1.402E+08
  1029.000 1.846E+08
  1029.250 2.135E+08
  1029.500 2.136E+08
  1029.750 2.238E+08
  1030.000 2.621E+08
  1030.250 2.980E+08
  1030.500 2.885E+08
  1030.750 2.452E+08
  1031.000 2.199E+08
  1031.250 2.744E+08
  1031.500 3.684E+08
  1031.750 4.467E+08
  1032.000 4.242E+08
  1032.250 4.121E+08
  1032.500 5.304E+08
  1032.750 5.748E+08
  1033.000 4.436E+08
  1033.250 3.307E+08
  1033.500 3.370E+08
  1033.750 3.246E+08
  1034.000 3.512E+08
  1034.250 4.000E+08
  1034.500 4.451E+08
  1034.750 4.899E+08
  1035.000 4.893E+08
  1035.250 4.110E+08
  1035.500 3.190E+08
  1035.750 2.164E+08
  1036.000 1.080E+08
  1036.250 4.094E+07
  1036.500 2.679E+07
  1036.750 2.535E+07
  1037.000 2.471E+07
  1037.250 7.885E+07
  1037.500 2.180E+08
  1037.750 3.906E+08
  1038.000 5.166E+08
  1038.250 5.585E+08
  1038.500 6.403E+08
  1038.750 6.996E+08
  1039.000 8.159E+08
  1039.250 9.138E+08
  1039.500 9.081E+08
  1039.750 8.766E+08
  1040.000 7.936E+08
  1040.250 7.475E+08
  1040.500 7.477E+08
  1040.750 7.648E+08
  1041.000 7.735E+08
  1041.250 8.155E+08
  1041.500 9.542E+08
  1041.750 1.032E+09
  1042.000 1.058E+09
  1042.250 1.096E+09
  1042.500 1.045E+09
  1042.750 9.746E+08
  1043.000 1.001E+09
  1043.250 9.965E+08
  1043.500 1.042E+09
  1043.750 1.132E+09
  1044.000 1.112E+09
  1044.250 9.914E+08
  1044.500 9.024E+08
  1044.750 8.498E+08
  1045.000 8.244E+08
  1045.250 8.803E+08
  1045.500 9.463E+08
  1045.750 8.169E+08
  1046.000 8.069E+08
  1046.250 9.670E+08
  1046.500 1.066E+09
  1046.750 1.052E+09
  1047.000 1.045E+09
  1047.250 1.038E+09
  1047.500 9.668E+08
  1047.750 9.302E+08
  1048.000 9.449E+08
  1048.250 9.844E+08
  1048.500 9.768E+08
  1048.750 9.999E+08
  1049.000 9.475E+08
  1049.250 9.664E+08
  1049.500 9.883E+08
  1049.750 8.996E+08
  1050.000 8.837E+08
  1050.250 9.672E+08
  1050.500 9.642E+08
  1050.750 8.931E+08
  1051.000 8.969E+08
  1051.250 9.547E+08
  1051.500 1.019E+09
  1051.750 1.065E+09
  1052.000 1.052E+09
  1052.250 9.707E+08
  1052.500 8.359E+08
  1052.750 8.125E+08
  1053.000 8.516E+08
  1053.250 8.330E+08
  1053.500 9.214E+08
  1053.750 1.045E+09
  1054.000 9.760E+08
  1054.250 8.682E+08
  1054.500 8.551E+08
  1054.750 8.532E+08
  1055.000 8.246E+08
  1055.250 7.282E+08
  1055.500 6.560E+08
  1055.750 5.791E+08
  1056.000 5.894E+08
  1056.250 7.151E+08
  1056.500 8.793E+08
  1056.750 8.589E+08
  1057.000 9.028E+08
  1057.250 9.181E+08
  1057.500 8.685E+08
  1057.750 8.988E+08
  1058.000 9.564E+08
  1058.250 9.932E+08
  1058.500 9.674E+08
  1058.750 1.026E+09
  1059.000 1.024E+09
  1059.250 9.594E+08
  1059.500 9.622E+08
  1059.750 1.036E+09
  1060.000 9.927E+08
  1060.250 8.527E+08
  1060.500 8.482E+08
  1060.750 8.648E+08
  1061.000 7.847E+08
  1061.250 7.720E+08
  1061.500 8.713E+08
  1061.750 8.527E+08
  1062.000 9.107E+08
  1062.250 8.914E+08
  1062.500 7.599E+08
  1062.750 6.858E+08
  1063.000 7.238E+08
  1063.250 7.009E+08
  1063.500 7.568E+08
  1063.750 7.712E+08
  1064.000 8.132E+08
  1064.250 8.328E+08
  1064.500 7.878E+08
  1064.750 7.555E+08
  1065.000 7.107E+08
  1065.250 7.892E+08
  1065.500 7.479E+08
  1065.750 4.344E+08
  1066.000 2.121E+08
  1066.250 3.150E+08
  1066.500 4.922E+08
  1066.750 6.396E+08
  1067.000 7.243E+08
  1067.250 7.164E+08
  1067.500 7.869E+08
  1067.750 7.819E+08
  1068.000 6.106E+08
  1068.250 5.151E+08
  1068.500 6.940E+08
  1068.750 8.846E+08
  1069.000 9.325E+08
  1069.250 9.940E+08
  1069.500 9.840E+08
  1069.750 9.511E+08
  1070.000 8.574E+08
  1070.250 7.278E+08
  1070.500 7.529E+08
  1070.750 8.934E+08
  1071.000 9.401E+08
  1071.250 1.009E+09
  1071.500 9.403E+08
  1071.750 8.366E+08
  1072.000 9.051E+08
  1072.250 9.238E+08
  1072.500 8.819E+08
  1072.750 7.473E+08
  1073.000 5.746E+08
  1073.250 5.583E+08
  1073.500 6.329E+08
  1073.750 7.103E+08
  1074.000 7.616E+08
  1074.250 8.527E+08
  1074.500 8.977E+08
  1074.750 8.398E+08
  1075.000 7.577E+08
  1075.250 8.482E+08
  1075.500 8.981E+08
  1075.750 9.149E+08
  1076.000 9.806E+08
  1076.250 9.877E+08
  1076.500 9.304E+08
  1076.750 8.380E+08
  1077.000 7.417E+08
  1077.250 7.155E+08
  1077.500 8.334E+08
  1077.750 9.734E+08
  1078.000 1.042E+09
  1078.250 1.044E+09
  1078.500 1.009E+09
  1078.750 1.002E+09
  1079.000 9.684E+08
  1079.250 9.139E+08
  1079.500 9.210E+08
  1079.750 1.025E+09
  1080.000 1.028E+09
  1080.250 9.572E+08
  1080.500 1.001E+09
  1080.750 1.040E+09
  1081.000 1.018E+09
  1081.250 1.074E+09
  1081.500 1.100E+09
  1081.750 1.011E+09
  1082.000 8.794E+08
  1082.250 8.249E+08
  1082.500 8.510E+08
  1082.750 8.264E+08
  1083.000 7.289E+08
  1083.250 6.582E+08
  1083.500 7.518E+08
  1083.750 6.883E+08
  1084.000 4.992E+08
  1084.250 5.002E+08
  1084.500 3.983E+08
  1084.750 4.302E+08
  1085.000 6.349E+08
  1085.250 5.740E+08
  1085.500 2.803E+08
  1085.750 2.671E+08
  1086.000 5.860E+08
  1086.250 7.700E+08
  1086.500 7.180E+08
  1086.750 7.698E+08
  1087.000 9.398E+08
  1087.250 9.699E+08
  1087.500 9.727E+08
  1087.750 8.497E+08
  1088.000 5.691E+08
  1088.250 5.947E+08
  1088.500 8.044E+08
  1088.750 8.149E+08
  1089.000 7.988E+08
  1089.250 8.124E+08
  1089.500 7.285E+08
  1089.750 6.325E+08
  1090.000 7.057E+08
  1090.250 8.497E+08
  1090.500 9.857E+08
  1090.750 1.049E+09
  1091.000 9.911E+08
  1091.250 8.797E+08
  1091.500 8.315E+08
  1091.750 8.102E+08
  1092.000 7.696E+08
  1092.250 7.257E+08
  1092.500 6.364E+08
  1092.750 6.493E+08
  1093.000 7.277E+08
  1093.250 7.896E+08
  1093.500 9.001E+08
  1093.750 1.009E+09
  1094.000 1.029E+09
  1094.250 9.025E+08
  1094.500 7.479E+08
  1094.750 7.533E+08
  1095.000 8.410E+08
  1095.250 8.135E+08
  1095.500 7.966E+08
  1095.750 8.572E+08
  1096.000 8.460E+08
  1096.250 8.834E+08
  1096.500 7.845E+08
  1096.750 6.393E+08
  1097.000 7.279E+08
  1097.250 8.641E+08
  1097.500 8.731E+08
  1097.750 8.511E+08
  1098.000 8.222E+08
  1098.250 7.899E+08
  1098.500 8.741E+08
  1098.750 8.640E+08
  1099.000 7.855E+08
  1099.250 8.429E+08
  1099.500 8.736E+08
  1099.750 8.028E+08
  1100.000 8.198E+08
  1100.250 8.795E+08
  1100.500 8.269E+08
  1100.750 9.148E+08
  1101.000 9.868E+08
  1101.250 8.888E+08
  1101.500 8.421E+08
  1101.750 8.242E+08
  1102.000 6.873E+08
  1102.250 6.593E+08
  1102.500 8.080E+08
  1102.750 8.745E+08
  1103.000 8.608E+08
  1103.250 9.381E+08
  1103.500 9.826E+08
  1103.750 9.466E+08
  1104.000 8.441E+08
  1104.250 7.412E+08
  1104.500 7.876E+08
  1104.750 8.718E+08
  1105.000 9.037E+08
  1105.250 8.968E+08
  1105.500 8.721E+08
  1105.750 8.141E+08
  1106.000 7.522E+08
  1106.250 7.620E+08
  1106.500 8.048E+08
  1106.750 8.038E+08
  1107.000 8.155E+08
  1107.250 8.180E+08
  1107.500 7.590E+08
  1107.750 6.871E+08
  1108.000 5.191E+08
  1108.250 2.744E+08
  1108.500 3.191E+08
  1108.750 4.899E+08
  1109.000 5.320E+08
  1109.250 5.818E+08
  1109.500 5.281E+08
  1109.750 3.066E+08
  1110.000 1.948E+08
  1110.250 3.409E+08
  1110.500 5.640E+08
  1110.750 6.693E+08
  1111.000 6.408E+08
  1111.250 6.625E+08
  1111.500 7.217E+08
  1111.750 7.224E+08
  1112.000 6.198E+08
  1112.250 5.586E+08
  1112.500 5.686E+08
  1112.750 4.509E+08
  1113.000 2.349E+08
  1113.250 1.441E+08
  1113.500 2.873E+08
  1113.750 5.070E+08
  1114.000 6.410E+08
  1114.250 6.987E+08
  1114.500 7.198E+08
  1114.750 7.922E+08
  1115.000 7.735E+08
  1115.250 7.442E+08
  1115.500 7.577E+08
  1115.750 7.925E+08
  1116.000 8.661E+08
  1116.250 8.620E+08
  1116.500 8.652E+08
  1116.750 8.564E+08
  1117.000 8.395E+08
  1117.250 7.749E+08
  1117.500 7.586E+08
  1117.750 7.434E+08
  1118.000 7.127E+08
  1118.250 7.508E+08
  1118.500 7.815E+08
  1118.750 8.440E+08
  1119.000 8.367E+08
  1119.250 7.273E+08
  1119.500 7.789E+08
  1119.750 8.984E+08
  1120.000 8.740E+08
  1120.250 7.730E+08
  1120.500 7.727E+08
  1120.750 8.337E+08
  1121.000 7.470E+08
  1121.250 6.122E+08
  1121.500 7.023E+08
  1121.750 7.501E+08
  1122.000 5.691E+08
  1122.250 3.560E+08
  1122.500 2.519E+08
  1122.750 4.147E+08
  1123.000 6.740E+08
  1123.250 8.283E+08
  1123.500 7.904E+08
  1123.750 7.254E+08
  1124.000 7.316E+08
  1124.250 7.077E+08
  1124.500 6.713E+08
  1124.750 5.226E+08
  1125.000 4.254E+08
  1125.250 6.123E+08
  1125.500 6.890E+08
  1125.750 7.069E+08
  1126.000 8.141E+08
  1126.250 8.259E+08
  1126.500 6.723E+08
  1126.750 5.012E+08
  1127.000 5.706E+08
  1127.250 7.062E+08
  1127.500 7.197E+08
  1127.750 5.840E+08
  1128.000 3.999E+08
  1128.250 3.085E+08
  1128.500 2.841E+08
  1128.750 3.237E+08
  1129.000 4.477E+08
  1129.250 5.562E+08
  1129.500 7.072E+08
  1129.750 7.671E+08
  1130.000 7.815E+08
  1130.250 7.083E+08
  1130.500 6.697E+08
  1130.750 7.446E+08
  1131.000 6.531E+08
  1131.250 6.515E+08
  1131.500 7.418E+08
  1131.750 7.025E+08
  1132.000 7.750E+08
  1132.250 9.239E+08
  1132.500 9.394E+08
  1132.750 8.971E+08
  1133.000 9.210E+08
  1133.250 9.062E+08
  1133.500 7.873E+08
  1133.750 7.178E+08
  1134.000 7.427E+08
  1134.250 7.129E+08
  1134.500 7.587E+08
  1134.750 8.562E+08
  1135.000 8.645E+08
  1135.250 9.125E+08
  1135.500 9.319E+08
  1135.750 9.386E+08
  1136.000 9.322E+08
  1136.250 8.500E+08
  1136.500 7.698E+08
  1136.750 7.938E+08
  1137.000 8.440E+08
  1137.250 8.677E+08
  1137.500 8.919E+08
  1137.750 9.020E+08
  1138.000 9.046E+08
  1138.250 8.639E+08
  1138.500 7.434E+08
  1138.750 5.853E+08
  1139.000 4.885E+08
  1139.250 4.204E+08
  1139.500 4.547E+08
  1139.750 5.928E+08
  1140.000 6.967E+08
  1140.250 6.391E+08
  1140.500 5.115E+08
  1140.750 6.733E+08
  1141.000 7.784E+08
  1141.250 6.416E+08
  1141.500 5.203E+08
  1141.750 5.984E+08
  1142.000 6.890E+08
  1142.250 5.797E+08
  1142.500 6.354E+08
  1142.750 7.671E+08
  1143.000 6.869E+08
  1143.250 5.774E+08
  1143.500 5.164E+08
  1143.750 5.527E+08
  1144.000 5.460E+08
  1144.250 4.433E+08
  1144.500 5.009E+08
  1144.750 5.304E+08
  1145.000 4.210E+08
  1145.250 4.822E+08
  1145.500 6.599E+08
  1145.750 7.703E+08
  1146.000 8.303E+08
  1146.250 7.882E+08
  1146.500 7.752E+08
  1146.750 7.643E+08
  1147.000 7.870E+08
  1147.250 7.668E+08
  1147.500 7.075E+08
  1147.750 7.468E+08
  1148.000 7.372E+08
  1148.250 7.498E+08
  1148.500 7.870E+08
  1148.750 7.748E+08
  1149.000 8.322E+08
  1149.250 8.987E+08
  1149.500 8.492E+08
  1149.750 7.941E+08
  1150.000 7.666E+08
  1150.250 7.370E+08
  1150.500 6.893E+08
  1150.750 6.978E+08
  1151.000 6.946E+08
  1151.250 7.605E+08
  1151.500 8.997E+08
  1151.750 9.206E+08
  1152.000 8.236E+08
  1152.250 7.667E+08
  1152.500 7.964E+08
  1152.750 7.255E+08
  1153.000 6.790E+08
  1153.250 7.326E+08
  1153.500 7.870E+08
  1153.750 7.183E+08
  1154.000 5.955E+08
  1154.250 5.892E+08
  1154.500 6.344E+08
  1154.750 6.771E+08
  1155.000 6.793E+08
  1155.250 7.287E+08
  1155.500 7.643E+08
  1155.750 7.179E+08
  1156.000 6.348E+08
  1156.250 7.315E+08
  1156.500 7.589E+08
  1156.750 6.931E+08
  1157.000 7.371E+08
  1157.250 8.284E+08
  1157.500 7.934E+08
  1157.750 6.187E+08
  1158.000 4.940E+08
  1158.250 5.740E+08
  1158.500 7.454E+08
  1158.750 7.513E+08
  1159.000 6.661E+08
  1159.250 6.544E+08
  1159.500 6.764E+08
  1159.750 7.467E+08
  1160.000 7.478E+08
  1160.250 7.024E+08
  1160.500 7.930E+08
  1160.750 8.629E+08
  1161.000 8.638E+08
  1161.250 7.451E+08
  1161.500 5.732E+08
  1161.750 6.035E+08
  1162.000 6.987E+08
  1162.250 7.603E+08
  1162.500 7.582E+08
  1162.750 7.763E+08
  1163.000 8.581E+08
  1163.250 8.690E+08
  1163.500 8.210E+08
  1163.750 7.214E+08
  1164.000 7.167E+08
  1164.250 7.288E+08
  1164.500 7.160E+08
  1164.750 7.652E+08
  1165.000 8.263E+08
  1165.250 8.376E+08
  1165.500 8.052E+08
  1165.750 7.559E+08
  1166.000 7.139E+08
  1166.250 6.751E+08
  1166.500 6.991E+08
  1166.750 6.967E+08
  1167.000 7.045E+08
  1167.250 7.162E+08
  1167.500 6.537E+08
  1167.750 6.732E+08
  1168.000 6.129E+08
  1168.250 5.844E+08
  1168.500 6.357E+08
  1168.750 7.171E+08
  1169.000 7.578E+08
  1169.250 7.215E+08
  1169.500 7.714E+08
  1169.750 8.149E+08
  1170.000 7.558E+08
  1170.250 7.065E+08
  1170.500 7.321E+08
  1170.750 7.456E+08
  1171.000 7.551E+08
  1171.250 7.591E+08
  1171.500 7.680E+08
  1171.750 7.884E+08
  1172.000 7.998E+08
  1172.250 7.515E+08
  1172.500 6.711E+08
  1172.750 6.569E+08
  1173.000 6.700E+08
  1173.250 6.443E+08
  1173.500 6.251E+08
  1173.750 6.213E+08
  1174.000 5.749E+08
  1174.250 4.926E+08
  1174.500 3.892E+08
  1174.750 2.543E+08
  1175.000 1.509E+08
  1175.250 1.228E+08
  1175.500 1.026E+08
  1175.750 9.045E+07
  1176.000 1.214E+08
  1176.250 1.559E+08
  1176.500 2.248E+08
  1176.750 3.593E+08
  1177.000 4.657E+08
  1177.250 5.406E+08
  1177.500 5.713E+08
  1177.750 5.766E+08
  1178.000 6.005E+08
  1178.250 6.659E+08
  1178.500 6.932E+08
  1178.750 7.305E+08
  1179.000 7.252E+08
  1179.250 6.812E+08
  1179.500 6.982E+08
  1179.750 6.933E+08
  1180.000 6.774E+08
  1180.250 7.064E+08
  1180.500 7.081E+08
  1180.750 7.076E+08
  1181.000 7.379E+08
  1181.250 7.533E+08
  1181.500 7.440E+08
  1181.750 7.295E+08
  1182.000 7.283E+08
  1182.250 7.461E+08
  1182.500 7.351E+08
  1182.750 7.025E+08
  1183.000 6.760E+08
  1183.250 7.011E+08
  1183.500 7.213E+08
  1183.750 6.943E+08
  1184.000 7.449E+08
  1184.250 7.722E+08
  1184.500 6.975E+08
  1184.750 7.338E+08
  1185.000 8.016E+08
  1185.250 7.926E+08
  1185.500 7.755E+08
  1185.750 7.792E+08
  1186.000 7.910E+08
  1186.250 8.147E+08
  1186.500 8.368E+08
  1186.750 8.165E+08
  1187.000 7.746E+08
  1187.250 6.751E+08
  1187.500 6.036E+08
  1187.750 7.082E+08
  1188.000 8.336E+08
  1188.250 8.458E+08
  1188.500 7.949E+08
  1188.750 7.597E+08
  1189.000 7.063E+08
  1189.250 6.435E+08
  1189.500 6.520E+08
  1189.750 6.668E+08
  1190.000 5.343E+08
  1190.250 3.060E+08
  1190.500 3.397E+08
  1190.750 5.694E+08
  1191.000 7.160E+08
  1191.250 7.687E+08
  1191.500 7.308E+08
  1191.750 6.404E+08
  1192.000 5.780E+08
  1192.250 5.636E+08
  1192.500 5.555E+08
  1192.750 4.761E+08
  1193.000 3.241E+08
  1193.250 1.946E+08
  1193.500 2.896E+08
  1193.750 4.303E+08
  1194.000 3.573E+08
  1194.250 2.048E+08
  1194.500 1.409E+08
  1194.750 2.971E+08
  1195.000 5.391E+08
  1195.250 6.705E+08
  1195.500 7.144E+08
  1195.750 7.324E+08
  1196.000 7.010E+08
  1196.250 6.265E+08
  1196.500 6.097E+08
  1196.750 6.720E+08
  1197.000 6.047E+08
  1197.250 3.943E+08
  1197.500 3.834E+08
  1197.750 5.969E+08
  1198.000 6.829E+08
  1198.250 6.254E+08
  1198.500 6.051E+08
  1198.750 6.330E+08
  1199.000 6.208E+08
  1199.250 5.884E+08
  1199.500 5.392E+08
  1199.750 5.998E+08
  1200.000 6.445E+08
  1200.250 5.878E+08
  1200.500 5.379E+08
  1200.750 4.444E+08
  1201.000 4.164E+08
  1201.250 4.579E+08
  1201.500 4.562E+08
  1201.750 4.781E+08
  1202.000 5.093E+08
  1202.250 5.313E+08
  1202.500 5.708E+08
  1202.750 5.880E+08
  1203.000 5.789E+08
  1203.250 5.516E+08
  1203.500 5.034E+08
  1203.750 4.649E+08
  1204.000 4.325E+08
  1204.250 3.858E+08
  1204.500 3.318E+08
  1204.750 2.766E+08
  1205.000 2.164E+08
  1205.250 1.678E+08
  1205.500 1.195E+08
  1205.750 7.439E+07
  1206.000 4.154E+07
  1206.250 2.073E+07
  1206.500 1.270E+07
  1206.750 2.049E+07
  1207.000 4.015E+07
  1207.250 6.693E+07
  1207.500 1.020E+08
  1207.750 1.502E+08
  1208.000 1.977E+08
  1208.250 2.395E+08
  1208.500 2.719E+08
  1208.750 2.947E+08
  1209.000 2.874E+08
  1209.250 2.933E+08
  1209.500 3.280E+08
  1209.750 3.415E+08
  1210.000 3.314E+08
  1210.250 3.181E+08
  1210.500 3.009E+08
  1210.750 2.841E+08
  1211.000 2.568E+08
  1211.250 2.349E+08
  1211.500 2.291E+08
  1211.750 2.067E+08
  1212.000 1.790E+08
  1212.250 1.672E+08
  1212.500 1.532E+08
  1212.750 1.313E+08
  1213.000 1.086E+08
  1213.250 9.348E+07
  1213.500 8.123E+07
  1213.750 6.744E+07
  1214.000 5.599E+07
  1214.250 4.645E+07
  1214.500 3.794E+07
  1214.750 3.206E+07
  1215.000 2.739E+07
  1215.250 2.123E+07
  1215.500 1.300E+07
  1215.750 1.081E+07
  1216.000 1.785E+07
  1216.250 2.460E+07
  1216.500 2.975E+07
  1216.750 3.616E+07
  1217.000 4.490E+07
  1217.250 5.431E+07
  1217.500 6.270E+07
  1217.750 7.475E+07
  1218.000 9.349E+07
  1218.250 1.129E+08
  1218.500 1.315E+08
  1218.750 1.524E+08
  1219.000 1.756E+08
  1219.250 1.993E+08
  1219.500 2.187E+08
  1219.750 2.338E+08
  1220.000 2.632E+08
  1220.250 2.963E+08
  1220.500 3.149E+08
  1220.750 3.081E+08
  1221.000 3.013E+08
  1221.250 3.582E+08
  1221.500 4.089E+08
  1221.750 4.075E+08
  1222.000 3.984E+08
  1222.250 4.039E+08
  1222.500 4.072E+08
  1222.750 4.424E+08
  1223.000 5.086E+08
  1223.250 5.386E+08
  1223.500 5.262E+08
  1223.750 4.523E+08
  1224.000 3.996E+08
  1224.250 4.458E+08
  1224.500 5.413E+08
  1224.750 5.440E+08
  1225.000 4.929E+08
  1225.250 4.908E+08
  1225.500 4.890E+08
  1225.750 5.285E+08
  1226.000 5.636E+08
  1226.250 5.924E+08
  1226.500 5.290E+08
  1226.750 3.477E+08
  1227.000 3.687E+08
  1227.250 4.941E+08
  1227.500 4.901E+08
  1227.750 5.446E+08
  1228.000 6.223E+08
  1228.250 5.641E+08
  1228.500 3.741E+08
  1228.750 3.454E+08
  1229.000 4.778E+08
  1229.250 4.816E+08
  1229.500 4.826E+08
  1229.750 5.431E+08
  1230.000 4.741E+08
  1230.250 4.542E+08
  1230.500 5.134E+08
  1230.750 5.548E+08
  1231.000 5.610E+08
  1231.250 5.096E+08
  1231.500 5.537E+08
  1231.750 6.432E+08
  1232.000 6.853E+08
  1232.250 7.302E+08
  1232.500 7.444E+08
  1232.750 7.136E+08
  1233.000 6.704E+08
  1233.250 6.434E+08
  1233.500 5.989E+08
  1233.750 6.183E+08
  1234.000 6.111E+08
  1234.250 6.562E+08
  1234.500 7.443E+08
  1234.750 7.695E+08
  1235.000 7.609E+08
  1235.250 7.254E+08
  1235.500 7.075E+08
  1235.750 7.407E+08
  1236.000 7.174E+08
  1236.250 6.843E+08
  1236.500 7.306E+08
  1236.750 7.676E+08
  1237.000 7.588E+08
  1237.250 7.597E+08
  1237.500 7.778E+08
  1237.750 7.865E+08
  1238.000 7.752E+08
  1238.250 7.335E+08
  1238.500 6.995E+08
  1238.750 7.296E+08
  1239.000 7.289E+08
  1239.250 7.053E+08
  1239.500 7.360E+08
  1239.750 7.377E+08
  1240.000 7.417E+08
  1240.250 7.706E+08
  1240.500 7.774E+08
  1240.750 7.853E+08
  1241.000 7.901E+08
  1241.250 7.908E+08
  1241.500 7.851E+08
  1241.750 7.631E+08
  1242.000 7.542E+08
  1242.250 7.795E+08
  1242.500 7.908E+08
  1242.750 7.701E+08
  1243.000 6.749E+08
  1243.250 5.876E+08
  1243.500 6.759E+08
  1243.750 7.668E+08
  1244.000 7.878E+08
  1244.250 7.872E+08
  1244.500 7.763E+08
  1244.750 7.562E+08
  1245.000 7.172E+08
  1245.250 6.963E+08
  1245.500 7.179E+08
  1245.750 7.073E+08
  1246.000 7.162E+08
  1246.250 7.329E+08
  1246.500 6.794E+08
  1246.750 5.855E+08
  1247.000 5.265E+08
  1247.250 4.108E+08
  1247.500 3.971E+08
  1247.750 5.174E+08
  1248.000 6.148E+08
  1248.250 6.152E+08
  1248.500 5.995E+08
  1248.750 6.935E+08
  1249.000 7.599E+08
  1249.250 7.680E+08
  1249.500 7.380E+08
  1249.750 6.744E+08
  1250.000 6.860E+08
  1250.250 6.866E+08
  1250.500 6.350E+08
  1250.750 6.776E+08
  1251.000 6.443E+08
  1251.250 5.951E+08
  1251.500 6.794E+08
  1251.750 7.506E+08
  1252.000 7.414E+08
  1252.250 7.221E+08
  1252.500 6.977E+08
  1252.750 7.123E+08
  1253.000 7.626E+08
  1253.250 7.664E+08
  1253.500 7.212E+08
  1253.750 6.380E+08
  1254.000 6.579E+08
  1254.250 7.305E+08
  1254.500 7.611E+08
  1254.750 7.564E+08
  1255.000 7.189E+08
  1255.250 6.974E+08
  1255.500 7.320E+08
  1255.750 7.703E+08
  1256.000 7.740E+08
  1256.250 7.561E+08
  1256.500 7.230E+08
  1256.750 7.125E+08
  1257.000 7.488E+08
  1257.250 7.655E+08
  1257.500 7.597E+08
  1257.750 7.619E+08
  1258.000 7.626E+08
  1258.250 7.231E+08
  1258.500 6.451E+08
  1258.750 6.311E+08
  1259.000 5.957E+08
  1259.250 5.677E+08
  1259.500 5.263E+08
  1259.750 5.096E+08
  1260.000 4.346E+08
  1260.250 2.407E+08
  1260.500 1.558E+08
  1260.750 2.459E+08
  1261.000 3.762E+08
  1261.250 4.878E+08
  1261.500 5.198E+08
  1261.750 5.717E+08
  1262.000 5.872E+08
  1262.250 5.875E+08
  1262.500 6.541E+08
  1262.750 6.965E+08
  1263.000 6.789E+08
  1263.250 6.662E+08
  1263.500 6.267E+08
  1263.750 5.866E+08
  1264.000 5.242E+08
  1264.250 3.656E+08
  1264.500 1.922E+08
  1264.750 8.643E+07
  1265.000 1.383E+08
  1265.250 3.137E+08
  1265.500 4.667E+08
  1265.750 5.361E+08
  1266.000 5.409E+08
  1266.250 5.407E+08
  1266.500 5.728E+08
  1266.750 6.414E+08
  1267.000 7.157E+08
  1267.250 7.064E+08
  1267.500 6.884E+08
  1267.750 6.987E+08
  1268.000 6.686E+08
  1268.250 6.784E+08
  1268.500 7.157E+08
  1268.750 7.078E+08
  1269.000 6.358E+08
  1269.250 6.395E+08
  1269.500 7.142E+08
  1269.750 7.404E+08
  1270.000 7.459E+08
  1270.250 7.505E+08
  1270.500 7.252E+08
  1270.750 6.985E+08
  1271.000 7.024E+08
  1271.250 6.894E+08
  1271.500 6.838E+08
  1271.750 6.454E+08
  1272.000 6.215E+08
  1272.250 6.618E+08
  1272.500 6.828E+08
  1272.750 6.987E+08
  1273.000 7.073E+08
  1273.250 6.785E+08
  1273.500 6.582E+08
  1273.750 6.315E+08
  1274.000 6.480E+08
  1274.250 6.951E+08
  1274.500 7.314E+08
  1274.750 7.230E+08
  1275.000 6.832E+08
  1275.250 6.780E+08
  1275.500 6.974E+08
  1275.750 6.763E+08
  1276.000 6.833E+08
  1276.250 7.149E+08
  1276.500 7.185E+08
  1276.750 6.888E+08
  1277.000 6.311E+08
  1277.250 5.025E+08
  1277.500 4.172E+08
  1277.750 4.998E+08
  1278.000 6.657E+08
  1278.250 7.355E+08
  1278.500 7.248E+08
  1278.750 6.589E+08
  1279.000 6.001E+08
  1279.250 6.286E+08
  1279.500 6.853E+08
  1279.750 6.479E+08
  1280.000 5.521E+08
  1280.250 4.623E+08
  1280.500 4.592E+08
  1280.750 5.572E+08
  1281.000 6.650E+08
  1281.250 7.340E+08
  1281.500 7.425E+08
  1281.750 7.150E+08
  1282.000 6.881E+08
  1282.250 6.848E+08
  1282.500 6.814E+08
  1282.750 7.021E+08
  1283.000 6.916E+08
  1283.250 6.887E+08
  1283.500 6.737E+08
  1283.750 6.592E+08
  1284.000 6.026E+08
  1284.250 5.926E+08
  1284.500 6.900E+08
  1284.750 7.361E+08
  1285.000 7.387E+08
  1285.250 7.379E+08
  1285.500 7.392E+08
  1285.750 7.324E+08
  1286.000 6.915E+08
  1286.250 6.163E+08
  1286.500 5.880E+08
  1286.750 6.166E+08
  1287.000 6.437E+08
  1287.250 6.617E+08
  1287.500 6.506E+08
  1287.750 6.472E+08
  1288.000 6.813E+08
  1288.250 6.848E+08
  1288.500 6.505E+08
  1288.750 6.486E+08
  1289.000 6.676E+08
  1289.250 6.446E+08
  1289.500 6.494E+08
  1289.750 6.597E+08
  1290.000 6.513E+08
  1290.250 6.584E+08
  1290.500 6.656E+08
  1290.750 6.337E+08
  1291.000 6.050E+08
  1291.250 5.574E+08
  1291.500 4.812E+08
  1291.750 5.013E+08
  1292.000 6.037E+08
  1292.250 6.479E+08
  1292.500 6.669E+08
  1292.750 6.570E+08
  1293.000 6.099E+08
  1293.250 5.630E+08
  1293.500 5.435E+08
  1293.750 5.141E+08
  1294.000 4.733E+08
  1294.250 3.232E+08
  1294.500 1.726E+08
  1294.750 2.286E+08
  1295.000 4.212E+08
  1295.250 5.445E+08
  1295.500 5.611E+08
  1295.750 5.050E+08
  1296.000 4.401E+08
  1296.250 3.730E+08
  1296.500 2.570E+08
  1296.750 1.969E+08
  1297.000 3.178E+08
  1297.250 4.656E+08
  1297.500 5.235E+08
  1297.750 5.099E+08
  1298.000 4.515E+08
  1298.250 3.707E+08
  1298.500 2.408E+08
  1298.750 1.110E+08
  1299.000 9.018E+07
  1299.250 1.779E+08
  1299.500 2.955E+08
  1299.750 3.875E+08
  1300.000 4.583E+08
  1300.250 5.126E+08
  1300.500 4.965E+08
  1300.750 3.847E+08
  1301.000 2.329E+08
  1301.250 2.169E+08
  1301.500 3.538E+08
  1301.750 4.351E+08
  1302.000 4.246E+08
  1302.250 4.513E+08
  1302.500 5.221E+08
  1302.750 4.779E+08
  1303.000 3.279E+08
  1303.250 1.925E+08
  1303.500 2.431E+08
  1303.750 4.138E+08
  1304.000 5.038E+08
  1304.250 4.418E+08
  1304.500 3.983E+08
  1304.750 4.371E+08
  1305.000 4.969E+08
  1305.250 5.115E+08
  1305.500 4.455E+08
  1305.750 4.749E+08
  1306.000 5.217E+08
  1306.250 5.860E+08
  1306.500 6.190E+08
  1306.750 6.334E+08
  1307.000 6.605E+08
  1307.250 6.754E+08
  1307.500 6.866E+08
  1307.750 6.849E+08
  1308.000 6.812E+08
  1308.250 6.745E+08
  1308.500 6.462E+08
  1308.750 5.966E+08
  1309.000 5.224E+08
  1309.250 3.613E+08
  1309.500 3.344E+08
  1309.750 4.602E+08
  1310.000 5.835E+08
  1310.250 6.219E+08
  1310.500 5.649E+08
  1310.750 5.335E+08
  1311.000 5.494E+08
  1311.250 5.835E+08
  1311.500 6.237E+08
  1311.750 6.588E+08
  1312.000 6.669E+08
  1312.250 6.307E+08
  1312.500 5.421E+08
  1312.750 5.659E+08
  1313.000 6.385E+08
  1313.250 6.449E+08
  1313.500 6.637E+08
  1313.750 6.896E+08
  1314.000 6.871E+08
  1314.250 6.717E+08
  1314.500 6.510E+08
  1314.750 6.467E+08
  1315.000 6.462E+08
  1315.250 6.426E+08
  1315.500 6.376E+08
  1315.750 6.327E+08
  1316.000 5.828E+08
  1316.250 5.469E+08
  1316.500 5.996E+08
  1316.750 6.512E+08
  1317.000 6.190E+08
  1317.250 5.855E+08
  1317.500 6.374E+08
  1317.750 6.777E+08
  1318.000 6.821E+08
  1318.250 6.832E+08
  1318.500 6.852E+08
  1318.750 6.659E+08
  1319.000 6.219E+08
  1319.250 6.085E+08
  1319.500 6.124E+08
  1319.750 6.059E+08
  1320.000 6.215E+08
  1320.250 6.489E+08
  1320.500 6.631E+08
  1320.750 6.574E+08
  1321.000 6.571E+08
  1321.250 6.484E+08
  1321.500 6.395E+08
  1321.750 6.433E+08
  1322.000 6.559E+08
  1322.250 6.561E+08
  1322.500 6.545E+08
  1322.750 6.377E+08
  1323.000 6.276E+08
  1323.250 6.148E+08
  1323.500 5.557E+08
  1323.750 3.803E+08
  1324.000 3.115E+08
  1324.250 4.655E+08
  1324.500 5.675E+08
  1324.750 5.904E+08
  1325.000 6.203E+08
  1325.250 6.387E+08
  1325.500 6.489E+08
  1325.750 6.494E+08
  1326.000 6.559E+08
  1326.250 6.673E+08
  1326.500 6.435E+08
  1326.750 6.275E+08
  1327.000 6.101E+08
  1327.250 5.609E+08
  1327.500 5.279E+08
  1327.750 5.484E+08
  1328.000 5.873E+08
  1328.250 6.155E+08
  1328.500 5.928E+08
  1328.750 4.841E+08
  1329.000 4.430E+08
  1329.250 4.991E+08
  1329.500 5.121E+08
  1329.750 5.310E+08
  1330.000 5.873E+08
  1330.250 5.883E+08
  1330.500 5.894E+08
  1330.750 6.038E+08
  1331.000 5.976E+08
  1331.250 6.088E+08
  1331.500 6.292E+08
  1331.750 6.323E+08
  1332.000 6.178E+08
  1332.250 6.329E+08
  1332.500 6.505E+08
  1332.750 6.463E+08
  1333.000 6.363E+08
  1333.250 6.244E+08
  1333.500 5.992E+08
  1333.750 5.504E+08
  1334.000 4.543E+08
  1334.250 2.749E+08
  1334.500 1.272E+08
  1334.750 1.533E+08
  1335.000 2.350E+08
  1335.250 2.030E+08
  1335.500 1.098E+08
  1335.750 8.518E+07
  1336.000 2.010E+08
  1336.250 3.723E+08
  1336.500 4.917E+08
  1336.750 5.465E+08
  1337.000 5.811E+08
  1337.250 5.919E+08
  1337.500 6.024E+08
  1337.750 6.230E+08
  1338.000 6.141E+08
  1338.250 6.167E+08
  1338.500 6.386E+08
  1338.750 6.430E+08
  1339.000 6.398E+08
  1339.250 6.473E+08
  1339.500 6.398E+08
  1339.750 6.271E+08
  1340.000 6.296E+08
  1340.250 6.201E+08
  1340.500 6.331E+08
  1340.750 6.438E+08
  1341.000 6.194E+08
  1341.250 5.341E+08
  1341.500 4.873E+08
  1341.750 5.559E+08
  1342.000 5.562E+08
  1342.250 4.563E+08
  1342.500 4.573E+08
  1342.750 5.853E+08
  1343.000 6.123E+08
  1343.250 5.251E+08
  1343.500 5.191E+08
  1343.750 6.063E+08
  1344.000 6.049E+08
  1344.250 5.445E+08
  1344.500 5.562E+08
  1344.750 5.700E+08
  1345.000 5.943E+08
  1345.250 6.315E+08
  1345.500 6.199E+08
  1345.750 5.925E+08
  1346.000 5.987E+08
  1346.250 5.959E+08
  1346.500 5.755E+08
  1346.750 5.530E+08
  1347.000 5.638E+08
  1347.250 6.107E+08
  1347.500 6.196E+08
  1347.750 6.228E+08
  1348.000 6.271E+08
  1348.250 6.014E+08
  1348.500 5.451E+08
  1348.750 5.754E+08
  1349.000 6.284E+08
  1349.250 6.356E+08
  1349.500 6.286E+08
  1349.750 5.999E+08
  1350.000 5.324E+08
  1350.250 5.099E+08
  1350.500 5.038E+08
  1350.750 5.520E+08
  1351.000 6.085E+08
  1351.250 6.052E+08
  1351.500 6.237E+08
  1351.750 6.289E+08
  1352.000 6.103E+08
  1352.250 5.896E+08
  1352.500 5.033E+08
  1352.750 4.298E+08
  1353.000 4.976E+08
  1353.250 5.816E+08
  1353.500 5.613E+08
  1353.750 5.334E+08
  1354.000 5.635E+08
  1354.250 5.858E+08
  1354.500 6.048E+08
  1354.750 6.120E+08
  1355.000 6.261E+08
  1355.250 6.038E+08
  1355.500 5.616E+08
  1355.750 5.377E+08
  1356.000 5.479E+08
  1356.250 5.976E+08
  1356.500 6.239E+08
  1356.750 6.092E+08
  1357.000 5.683E+08
  1357.250 5.751E+08
  1357.500 5.903E+08
  1357.750 5.618E+08
  1358.000 5.838E+08
  1358.250 6.194E+08
  1358.500 6.158E+08
  1358.750 5.774E+08
  1359.000 5.223E+08
  1359.250 5.297E+08
  1359.500 5.787E+08
  1359.750 6.214E+08
  1360.000 6.359E+08
  1360.250 6.135E+08
  1360.500 5.592E+08
  1360.750 5.072E+08
  1361.000 4.884E+08
  1361.250 4.622E+08
  1361.500 4.480E+08
  1361.750 5.077E+08
  1362.000 5.641E+08
  1362.250 5.415E+08
  1362.500 5.318E+08
  1362.750 5.499E+08
  1363.000 5.621E+08
  1363.250 5.302E+08
  1363.500 4.861E+08
  1363.750 5.315E+08
  1364.000 5.637E+08
  1364.250 5.490E+08
  1364.500 5.064E+08
  1364.750 4.992E+08
  1365.000 4.797E+08
  1365.250 4.300E+08
  1365.500 4.853E+08
  1365.750 5.490E+08
  1366.000 5.763E+08
  1366.250 5.592E+08
  1366.500 5.386E+08
  1366.750 5.238E+08
  1367.000 4.828E+08
  1367.250 5.095E+08
  1367.500 5.726E+08
  1367.750 5.770E+08
  1368.000 5.210E+08
  1368.250 4.690E+08
  1368.500 4.823E+08
  1368.750 5.199E+08
  1369.000 5.340E+08
  1369.250 5.021E+08
  1369.500 4.774E+08
  1369.750 5.126E+08
  1370.000 5.305E+08
  1370.250 5.453E+08
  1370.500 5.939E+08
  1370.750 5.983E+08
  1371.000 5.625E+08
  1371.250 5.401E+08
  1371.500 5.217E+08
  1371.750 5.465E+08
  1372.000 5.768E+08
  1372.250 5.577E+08
  1372.500 5.779E+08
  1372.750 5.814E+08
  1373.000 5.386E+08
  1373.250 5.574E+08
  1373.500 5.712E+08
  1373.750 5.213E+08
  1374.000 4.801E+08
  1374.250 5.010E+08
  1374.500 5.137E+08
  1374.750 4.537E+08
  1375.000 3.967E+08
  1375.250 4.373E+08
  1375.500 4.969E+08
  1375.750 5.227E+08
  1376.000 5.583E+08
  1376.250 5.612E+08
  1376.500 5.498E+08
  1376.750 5.135E+08
  1377.000 4.610E+08
  1377.250 4.655E+08
  1377.500 5.358E+08
  1377.750 5.734E+08
  1378.000 5.420E+08
  1378.250 5.340E+08
  1378.500 5.516E+08
  1378.750 5.195E+08
  1379.000 5.035E+08
  1379.250 5.060E+08
  1379.500 4.285E+08
  1379.750 4.374E+08
  1380.000 5.299E+08
  1380.250 5.537E+08
  1380.500 5.408E+08
  1380.750 5.259E+08
  1381.000 5.266E+08
  1381.250 5.204E+08
  1381.500 5.323E+08
  1381.750 5.399E+08
  1382.000 5.583E+08
  1382.250 5.469E+08
  1382.500 5.132E+08
  1382.750 5.271E+08
  1383.000 5.549E+08
  1383.250 5.720E+08
  1383.500 5.311E+08
  1383.750 4.950E+08
  1384.000 4.627E+08
  1384.250 4.587E+08
  1384.500 5.077E+08
  1384.750 5.136E+08
  1385.000 5.328E+08
  1385.250 5.581E+08
  1385.500 5.656E+08
  1385.750 5.330E+08
  1386.000 4.981E+08
  1386.250 5.150E+08
  1386.500 5.476E+08
  1386.750 5.678E+08
  1387.000 5.673E+08
  1387.250 5.293E+08
  1387.500 5.033E+08
  1387.750 4.895E+08
  1388.000 4.843E+08
  1388.250 5.417E+08
  1388.500 5.625E+08
  1388.750 5.689E+08
  1389.000 5.735E+08
  1389.250 5.652E+08
  1389.500 5.426E+08
  1389.750 5.091E+08
  1390.000 5.187E+08
  1390.250 5.348E+08
  1390.500 5.578E+08
  1390.750 5.651E+08
  1391.000 5.620E+08
  1391.250 5.519E+08
  1391.500 5.227E+08
  1391.750 4.769E+08
  1392.000 4.432E+08
  1392.250 4.213E+08
  1392.500 4.175E+08
  1392.750 4.046E+08
  1393.000 3.656E+08
  1393.250 3.078E+08
  1393.500 2.481E+08
  1393.750 2.040E+08
  1394.000 2.504E+08
  1394.250 3.419E+08
  1394.500 4.104E+08
  1394.750 4.424E+08
  1395.000 4.475E+08
  1395.250 4.347E+08
  1395.500 4.487E+08
  1395.750 4.470E+08
  1396.000 4.421E+08
  1396.250 4.453E+08
  1396.500 4.418E+08
  1396.750 4.518E+08
  1397.000 4.628E+08
  1397.250 4.916E+08
  1397.500 4.951E+08
  1397.750 4.870E+08
  1398.000 5.005E+08
  1398.250 5.134E+08
  1398.500 5.230E+08
  1398.750 5.061E+08
  1399.000 4.708E+08
  1399.250 5.082E+08
  1399.500 5.305E+08
  1399.750 5.226E+08
  1400.000 5.380E+08
  1400.250 5.385E+08
  1400.500 5.462E+08
  1400.750 5.524E+08
  1401.000 5.349E+08
  1401.250 5.011E+08
  1401.500 4.751E+08
  1401.750 4.627E+08
  1402.000 4.503E+08
  1402.250 4.069E+08
  1402.500 3.207E+08
  1402.750 2.524E+08
  1403.000 2.914E+08
  1403.250 3.778E+08
  1403.500 4.509E+08
  1403.750 4.869E+08
  1404.000 5.061E+08
  1404.250 5.304E+08
  1404.500 5.445E+08
  1404.750 5.409E+08
  1405.000 5.244E+08
  1405.250 4.967E+08
  1405.500 4.819E+08
  1405.750 4.916E+08
  1406.000 5.060E+08
  1406.250 5.237E+08
  1406.500 5.554E+08
  1406.750 5.612E+08
  1407.000 5.544E+08
  1407.250 5.523E+08
  1407.500 5.419E+08
  1407.750 5.441E+08
  1408.000 5.460E+08
  1408.250 5.378E+08
  1408.500 5.188E+08
  1408.750 5.131E+08
  1409.000 4.932E+08
  1409.250 5.023E+08
  1409.500 5.434E+08
  1409.750 5.564E+08
  1410.000 5.362E+08
  1410.250 5.062E+08
  1410.500 4.985E+08
  1410.750 5.134E+08
  1411.000 4.993E+08
  1411.250 5.043E+08
  1411.500 5.191E+08
  1411.750 5.097E+08
  1412.000 4.834E+08
  1412.250 5.048E+08
  1412.500 5.277E+08
  1412.750 4.888E+08
  1413.000 4.785E+08
  1413.250 5.111E+08
  1413.500 5.059E+08
  1413.750 4.900E+08
  1414.000 5.087E+08
  1414.250 5.110E+08
  1414.500 5.181E+08
  1414.750 5.013E+08
  1415.000 4.718E+08
  1415.250 4.886E+08
  1415.500 4.837E+08
  1415.750 4.742E+08
  1416.000 5.162E+08
  1416.250 5.424E+08
  1416.500 5.169E+08
  1416.750 4.634E+08
  1417.000 3.733E+08
  1417.250 3.101E+08
  1417.500 3.784E+08
  1417.750 4.328E+08
  1418.000 4.850E+08
  1418.250 5.299E+08
  1418.500 5.329E+08
  1418.750 5.274E+08
  1419.000 5.320E+08
  1419.250 5.202E+08
  1419.500 5.225E+08
  1419.750 5.180E+08
  1420.000 4.841E+08
  1420.250 4.710E+08
  1420.500 4.768E+08
  1420.750 5.033E+08
  1421.000 5.172E+08
  1421.250 5.306E+08
  1421.500 4.965E+08
  1421.750 4.678E+08
  1422.000 4.860E+08
  1422.250 4.564E+08
  1422.500 4.589E+08
  1422.750 5.042E+08
  1423.000 5.168E+08
  1423.250 5.308E+08
  1423.500 5.379E+08
  1423.750 5.051E+08
  1424.000 4.515E+08
  1424.250 4.337E+08
  1424.500 4.222E+08
  1424.750 4.118E+08
  1425.000 4.611E+08
  1425.250 5.231E+08
  1425.500 5.522E+08
  1425.750 5.519E+08
  1426.000 5.394E+08
  1426.250 5.111E+08
  1426.500 5.064E+08
  1426.750 5.253E+08
  1427.000 5.289E+08
  1427.250 5.303E+08
  1427.500 5.301E+08
  1427.750 5.108E+08
  1428.000 5.008E+08
  1428.250 5.327E+08
  1428.500 5.334E+08
  1428.750 4.885E+08
  1429.000 4.768E+08
  1429.250 4.917E+08
  1429.500 5.252E+08
  1429.750 5.441E+08
  1430.000 5.203E+08
  1430.250 4.863E+08
  1430.500 4.485E+08
  1430.750 4.206E+08
  1431.000 4.325E+08
  1431.250 4.513E+08
  1431.500 4.460E+08
  1431.750 4.605E+08
  1432.000 4.812E+08
  1432.250 4.820E+08
  1432.500 4.619E+08
  1432.750 4.552E+08
  1433.000 4.713E+08
  1433.250 4.809E+08
  1433.500 4.672E+08
  1433.750 4.754E+08
  1434.000 4.958E+08
  1434.250 4.874E+08
  1434.500 5.080E+08
  1434.750 5.169E+08
  1435.000 5.043E+08
  1435.250 5.007E+08
  1435.500 4.582E+08
  1435.750 4.107E+08
  1436.000 4.271E+08
  1436.250 4.641E+08
  1436.500 5.154E+08
  1436.750 5.441E+08
  1437.000 5.432E+08
  1437.250 5.355E+08
  1437.500 5.349E+08
  1437.750 5.370E+08
  1438.000 5.154E+08
  1438.250 5.025E+08
  1438.500 5.275E+08
  1438.750 5.482E+08
  1439.000 5.517E+08
  1439.250 5.443E+08
  1439.500 5.416E+08
  1439.750 5.508E+08
  1440.000 5.550E+08
  1440.250 5.453E+08
  1440.500 5.331E+08
  1440.750 5.309E+08
  1441.000 5.217E+08
  1441.250 5.087E+08
  1441.500 5.112E+08
  1441.750 5.279E+08
  1442.000 5.206E+08
  1442.250 4.805E+08
  1442.500 4.765E+08
  1442.750 5.002E+08
  1443.000 5.160E+08
  1443.250 5.190E+08
  1443.500 5.151E+08
  1443.750 5.129E+08
  1444.000 5.321E+08
  1444.250 5.407E+08
  1444.500 5.376E+08
  1444.750 5.099E+08
  1445.000 4.814E+08
  1445.250 4.953E+08
  1445.500 5.184E+08
  1445.750 5.352E+08
  1446.000 5.279E+08
  1446.250 5.042E+08
  1446.500 4.648E+08
  1446.750 4.702E+08
  1447.000 5.049E+08
  1447.250 5.148E+08
  1447.500 5.266E+08
  1447.750 5.357E+08
  1448.000 5.098E+08
  1448.250 4.761E+08
  1448.500 4.949E+08
  1448.750 5.270E+08
  1449.000 5.309E+08
  1449.250 5.342E+08
  1449.500 5.398E+08
  1449.750 5.305E+08
  1450.000 5.015E+08
  1450.250 4.797E+08
  1450.500 4.888E+08
  1450.750 5.169E+08
  1451.000 5.337E+08
  1451.250 5.155E+08
  1451.500 4.876E+08
  1451.750 4.886E+08
  1452.000 4.928E+08
  1452.250 5.209E+08
  1452.500 5.292E+08
  1452.750 5.034E+08
  1453.000 4.997E+08
  1453.250 5.212E+08
  1453.500 5.259E+08
  1453.750 5.135E+08
  1454.000 4.889E+08
  1454.250 4.732E+08
  1454.500 4.889E+08
  1454.750 4.758E+08
  1455.000 4.557E+08
  1455.250 4.631E+08
  1455.500 4.825E+08
  1455.750 4.775E+08
  1456.000 4.932E+08
  1456.250 4.943E+08
  1456.500 4.705E+08
  1456.750 4.893E+08
  1457.000 5.089E+08
  1457.250 4.947E+08
  1457.500 4.847E+08
  1457.750 4.955E+08
  1458.000 4.943E+08
  1458.250 4.991E+08
  1458.500 5.121E+08
  1458.750 4.906E+08
  1459.000 4.583E+08
  1459.250 4.714E+08
  1459.500 5.111E+08
  1459.750 5.260E+08
  1460.000 5.147E+08
  1460.250 4.894E+08
  1460.500 4.825E+08
  1460.750 5.062E+08
  1461.000 5.197E+08
  1461.250 5.248E+08
  1461.500 5.267E+08
  1461.750 5.186E+08
  1462.000 5.107E+08
  1462.250 5.093E+08
  1462.500 5.198E+08
  1462.750 5.209E+08
  1463.000 4.740E+08
  1463.250 4.099E+08
  1463.500 4.450E+08
  1463.750 5.069E+08
  1464.000 5.257E+08
  1464.250 5.219E+08
  1464.500 5.119E+08
  1464.750 4.988E+08
  1465.000 4.778E+08
  1465.250 4.621E+08
  1465.500 4.559E+08
  1465.750 4.464E+08
  1466.000 4.679E+08
  1466.250 4.650E+08
  1466.500 4.562E+08
  1466.750 4.684E+08
  1467.000 4.570E+08
  1467.250 4.287E+08
  1467.500 4.244E+08
  1467.750 4.429E+08
  1468.000 4.799E+08
  1468.250 4.797E+08
  1468.500 4.515E+08
  1468.750 4.382E+08
  1469.000 4.209E+08
  1469.250 4.250E+08
  1469.500 4.506E+08
  1469.750 4.537E+08
  1470.000 4.506E+08
  1470.250 4.833E+08
  1470.500 4.888E+08
  1470.750 4.641E+08
  1471.000 4.369E+08
  1471.250 4.450E+08
  1471.500 4.528E+08
  1471.750 4.527E+08
  1472.000 4.630E+08
  1472.250 4.883E+08
  1472.500 5.110E+08
  1472.750 5.054E+08
  1473.000 4.782E+08
  1473.250 4.677E+08
  1473.500 4.775E+08
  1473.750 4.620E+08
  1474.000 4.533E+08
  1474.250 4.747E+08
  1474.500 4.772E+08
  1474.750 4.851E+08
  1475.000 4.936E+08
  1475.250 4.627E+08
  1475.500 4.444E+08
  1475.750 4.375E+08
  1476.000 4.449E+08
  1476.250 4.572E+08
  1476.500 4.451E+08
  1476.750 4.469E+08
  1477.000 4.591E+08
  1477.250 4.844E+08
  1477.500 4.938E+08
  1477.750 4.717E+08
  1478.000 4.404E+08
  1478.250 4.444E+08
  1478.500 4.718E+08
  1478.750 4.901E+08
  1479.000 5.032E+08
  1479.250 4.989E+08
  1479.500 4.701E+08
  1479.750 4.626E+08
  1480.000 4.763E+08
  1480.250 4.870E+08
  1480.500 4.824E+08
  1480.750 4.673E+08
  1481.000 4.440E+08
  1481.250 4.396E+08
  1481.500 4.510E+08
  1481.750 4.429E+08
  1482.000 4.559E+08
  1482.250 4.458E+08
  1482.500 4.557E+08
  1482.750 4.506E+08
  1483.000 4.150E+08
  1483.250 4.277E+08
  1483.500 4.492E+08
  1483.750 4.732E+08
  1484.000 4.617E+08
  1484.250 4.293E+08
  1484.500 4.401E+08
  1484.750 4.741E+08
  1485.000 4.872E+08
  1485.250 4.647E+08
  1485.500 4.445E+08
  1485.750 4.614E+08
  1486.000 4.665E+08
  1486.250 4.460E+08
  1486.500 4.649E+08
  1486.750 4.918E+08
  1487.000 5.045E+08
  1487.250 5.022E+08
  1487.500 4.908E+08
  1487.750 4.891E+08
  1488.000 4.924E+08
  1488.250 4.866E+08
  1488.500 4.639E+08
  1488.750 4.356E+08
  1489.000 4.214E+08
  1489.250 4.050E+08
  1489.500 3.913E+08
  1489.750 3.860E+08
  1490.000 4.105E+08
  1490.250 4.259E+08
  1490.500 4.545E+08
  1490.750 4.650E+08
  1491.000 4.590E+08
  1491.250 4.582E+08
  1491.500 4.473E+08
  1491.750 4.179E+08
  1492.000 4.202E+08
  1492.250 4.478E+08
  1492.500 4.074E+08
  1492.750 3.904E+08
  1493.000 4.419E+08
  1493.250 4.377E+08
  1493.500 4.070E+08
  1493.750 4.311E+08
  1494.000 4.674E+08
  1494.250 4.652E+08
  1494.500 4.129E+08
  1494.750 3.929E+08
  1495.000 4.398E+08
  1495.250 4.418E+08
  1495.500 4.388E+08
  1495.750 4.483E+08
  1496.000 4.468E+08
  1496.250 4.481E+08
  1496.500 4.303E+08
  1496.750 4.241E+08
  1497.000 4.305E+08
  1497.250 4.512E+08
  1497.500 4.679E+08
  1497.750 4.774E+08
  1498.000 4.897E+08
  1498.250 4.803E+08
  1498.500 4.420E+08
  1498.750 4.085E+08
  1499.000 4.235E+08
  1499.250 4.397E+08
  1499.500 4.699E+08
  1499.750 4.742E+08
  1500.000 4.312E+08
  1500.250 3.632E+08
  1500.500 3.831E+08
  1500.750 4.318E+08
  1501.000 3.911E+08
  1501.250 3.543E+08
  1501.500 3.947E+08
  1501.750 3.788E+08
  1502.000 3.607E+08
  1502.250 3.965E+08
  1502.500 4.329E+08
  1502.750 4.353E+08
  1503.000 4.436E+08
  1503.250 4.730E+08
  1503.500 4.709E+08
  1503.750 4.509E+08
  1504.000 4.286E+08
  1504.250 4.451E+08
  1504.500 4.443E+08
  1504.750 4.143E+08
  1505.000 3.986E+08
  1505.250 4.261E+08
  1505.500 4.717E+08
  1505.750 4.654E+08
  1506.000 4.307E+08
  1506.250 4.382E+08
  1506.500 4.570E+08
  1506.750 4.564E+08
  1507.000 4.581E+08
  1507.250 4.414E+08
  1507.500 3.987E+08
  1507.750 4.096E+08
  1508.000 4.322E+08
  1508.250 4.468E+08
  1508.500 4.459E+08
  1508.750 4.086E+08
  1509.000 3.746E+08
  1509.250 3.940E+08
  1509.500 4.453E+08
  1509.750 4.491E+08
  1510.000 4.447E+08
  1510.250 4.602E+08
  1510.500 4.390E+08
  1510.750 3.837E+08
  1511.000 3.540E+08
  1511.250 3.548E+08
  1511.500 3.662E+08
  1511.750 3.665E+08
  1512.000 3.336E+08
  1512.250 3.086E+08
  1512.500 3.537E+08
  1512.750 3.626E+08
  1513.000 3.764E+08
  1513.250 3.860E+08
  1513.500 3.465E+08
  1513.750 3.549E+08
  1514.000 4.009E+08
  1514.250 3.998E+08
  1514.500 3.734E+08
  1514.750 3.882E+08
  1515.000 4.019E+08
  1515.250 3.929E+08
  1515.500 3.715E+08
  1515.750 3.771E+08
  1516.000 3.870E+08
  1516.250 3.890E+08
  1516.500 3.909E+08
  1516.750 4.018E+08
  1517.000 3.931E+08
  1517.250 4.031E+08
  1517.500 4.348E+08
  1517.750 4.438E+08
  1518.000 4.333E+08
  1518.250 4.374E+08
  1518.500 4.259E+08
  1518.750 4.051E+08
  1519.000 4.363E+08
  1519.250 4.574E+08
  1519.500 4.382E+08
  1519.750 4.427E+08
  1520.000 4.571E+08
  1520.250 4.541E+08
  1520.500 4.422E+08
  1520.750 4.321E+08
  1521.000 4.500E+08
  1521.250 4.617E+08
  1521.500 4.542E+08
  1521.750 4.449E+08
  1522.000 4.548E+08
  1522.250 4.688E+08
  1522.500 4.625E+08
  1522.750 4.527E+08
  1523.000 4.548E+08
  1523.250 4.472E+08
  1523.500 4.482E+08
  1523.750 4.530E+08
  1524.000 4.539E+08
  1524.250 4.470E+08
  1524.500 3.982E+08
  1524.750 3.752E+08
  1525.000 3.753E+08
  1525.250 3.924E+08
  1525.500 3.951E+08
  1525.750 3.678E+08
  1526.000 3.680E+08
  1526.250 3.577E+08
  1526.500 2.711E+08
  1526.750 2.274E+08
  1527.000 2.745E+08
  1527.250 2.837E+08
  1527.500 3.226E+08
  1527.750 3.766E+08
  1528.000 4.052E+08
  1528.250 4.214E+08
  1528.500 4.385E+08
  1528.750 4.461E+08
  1529.000 4.481E+08
  1529.250 4.509E+08
  1529.500 4.200E+08
  1529.750 3.757E+08
  1530.000 3.528E+08
  1530.250 3.433E+08
  1530.500 3.842E+08
  1530.750 4.400E+08
  1531.000 4.264E+08
  1531.250 3.544E+08
  1531.500 2.986E+08
  1531.750 3.080E+08
  1532.000 3.753E+08
  1532.250 4.130E+08
  1532.500 3.994E+08
  1532.750 3.809E+08
  1533.000 3.359E+08
  1533.250 2.455E+08
  1533.500 2.216E+08
  1533.750 3.159E+08
  1534.000 3.788E+08
  1534.250 4.036E+08
  1534.500 4.181E+08
  1534.750 4.282E+08
  1535.000 4.160E+08
  1535.250 3.936E+08
  1535.500 3.977E+08
  1535.750 4.022E+08
  1536.000 3.978E+08
  1536.250 3.753E+08
  1536.500 3.145E+08
  1536.750 3.111E+08
  1537.000 3.800E+08
  1537.250 4.115E+08
  1537.500 4.113E+08
  1537.750 4.339E+08
  1538.000 4.357E+08
  1538.250 4.163E+08
  1538.500 3.795E+08
  1538.750 3.512E+08
  1539.000 3.423E+08
  1539.250 3.548E+08
  1539.500 3.778E+08
  1539.750 4.031E+08
  1540.000 4.028E+08
  1540.250 4.012E+08
  1540.500 4.065E+08
  1540.750 3.621E+08
  1541.000 3.547E+08
  1541.250 3.930E+08
  1541.500 3.935E+08
  1541.750 3.589E+08
  1542.000 3.539E+08
  1542.250 3.641E+08
  1542.500 3.612E+08
  1542.750 3.662E+08
  1543.000 3.918E+08
  1543.250 4.093E+08
  1543.500 3.861E+08
  1543.750 3.601E+08
  1544.000 3.547E+08
  1544.250 3.873E+08
  1544.500 4.211E+08
  1544.750 4.252E+08
  1545.000 4.210E+08
  1545.250 4.149E+08
  1545.500 4.226E+08
  1545.750 4.354E+08
  1546.000 4.265E+08
  1546.250 4.228E+08
  1546.500 4.144E+08
  1546.750 3.858E+08
  1547.000 3.844E+08
  1547.250 3.883E+08
  1547.500 3.383E+08
  1547.750 3.296E+08
  1548.000 3.382E+08
  1548.250 3.453E+08
  1548.500 3.888E+08
  1548.750 4.094E+08
  1549.000 4.110E+08
  1549.250 4.111E+08
  1549.500 4.198E+08
  1549.750 4.206E+08
  1550.000 3.633E+08
  1550.250 2.996E+08
  1550.500 3.081E+08
  1550.750 2.952E+08
  1551.000 2.984E+08
  1551.250 3.382E+08
  1551.500 3.751E+08
  1551.750 3.748E+08
  1552.000 3.453E+08
  1552.250 3.468E+08
  1552.500 3.749E+08
  1552.750 3.801E+08
  1553.000 3.768E+08
  1553.250 3.874E+08
  1553.500 3.935E+08
  1553.750 4.005E+08
  1554.000 4.191E+08
  1554.250 4.134E+08
  1554.500 3.839E+08
  1554.750 3.750E+08
  1555.000 3.999E+08
  1555.250 3.981E+08
  1555.500 3.880E+08
  1555.750 3.592E+08
  1556.000 3.405E+08
  1556.250 3.311E+08
  1556.500 3.131E+08
  1556.750 3.363E+08
  1557.000 3.734E+08
  1557.250 3.969E+08
  1557.500 4.008E+08
  1557.750 4.150E+08
  1558.000 4.208E+08
  1558.250 3.834E+08
  1558.500 3.259E+08
  1558.750 3.278E+08
  1559.000 3.429E+08
  1559.250 3.583E+08
  1559.500 3.807E+08
  1559.750 3.996E+08
  1560.000 3.649E+08
  1560.250 2.956E+08
  1560.500 2.837E+08
  1560.750 3.161E+08
  1561.000 3.422E+08
  1561.250 2.854E+08
  1561.500 2.890E+08
  1561.750 3.821E+08
  1562.000 4.202E+08
  1562.250 4.031E+08
  1562.500 3.904E+08
  1562.750 3.885E+08
  1563.000 3.853E+08
  1563.250 3.888E+08
  1563.500 3.847E+08
  1563.750 3.717E+08
  1564.000 3.916E+08
  1564.250 3.934E+08
  1564.500 3.901E+08
  1564.750 4.041E+08
  1565.000 4.117E+08
  1565.250 4.142E+08
  1565.500 4.193E+08
  1565.750 4.223E+08
  1566.000 4.234E+08
  1566.250 4.156E+08
  1566.500 3.992E+08
  1566.750 3.775E+08
  1567.000 3.902E+08
  1567.250 4.205E+08
  1567.500 4.272E+08
  1567.750 4.114E+08
  1568.000 3.864E+08
  1568.250 3.805E+08
  1568.500 3.692E+08
  1568.750 3.573E+08
  1569.000 3.777E+08
  1569.250 3.898E+08
  1569.500 3.872E+08
  1569.750 3.970E+08
  1570.000 3.954E+08
  1570.250 3.540E+08
  1570.500 3.548E+08
  1570.750 3.914E+08
  1571.000 4.049E+08
  1571.250 4.062E+08
  1571.500 4.119E+08
  1571.750 4.163E+08
  1572.000 4.164E+08
  1572.250 4.105E+08
  1572.500 3.775E+08
  1572.750 3.342E+08
  1573.000 3.480E+08
  1573.250 4.030E+08
  1573.500 4.206E+08
  1573.750 3.824E+08
  1574.000 3.554E+08
  1574.250 3.844E+08
  1574.500 3.810E+08
  1574.750 3.264E+08
  1575.000 3.032E+08
  1575.250 3.339E+08
  1575.500 3.757E+08
  1575.750 4.142E+08
  1576.000 4.319E+08
  1576.250 4.305E+08
  1576.500 4.201E+08
  1576.750 4.023E+08
  1577.000 3.646E+08
  1577.250 3.716E+08
  1577.500 4.083E+08
  1577.750 3.952E+08
  1578.000 3.794E+08
  1578.250 3.849E+08
  1578.500 3.761E+08
  1578.750 3.871E+08
  1579.000 4.102E+08
  1579.250 3.994E+08
  1579.500 3.941E+08
  1579.750 3.946E+08
  1580.000 3.555E+08
  1580.250 3.313E+08
  1580.500 3.234E+08
  1580.750 3.084E+08
  1581.000 3.209E+08
  1581.250 3.389E+08
  1581.500 3.875E+08
  1581.750 4.218E+08
  1582.000 4.182E+08
  1582.250 3.927E+08
  1582.500 3.770E+08
  1582.750 3.907E+08
  1583.000 3.913E+08
  1583.250 3.698E+08
  1583.500 3.936E+08
  1583.750 4.194E+08
  1584.000 4.198E+08
  1584.250 4.107E+08
  1584.500 3.866E+08
  1584.750 3.734E+08
  1585.000 3.658E+08
  1585.250 3.846E+08
  1585.500 3.913E+08
  1585.750 3.823E+08
  1586.000 3.905E+08
  1586.250 4.127E+08
  1586.500 4.266E+08
  1586.750 4.262E+08
  1587.000 4.154E+08
  1587.250 3.995E+08
  1587.500 4.018E+08
  1587.750 4.140E+08
  1588.000 3.923E+08
  1588.250 3.625E+08
  1588.500 3.653E+08
  1588.750 3.499E+08
  1589.000 3.532E+08
  1589.250 3.783E+08
  1589.500 3.883E+08
  1589.750 3.997E+08
  1590.000 4.102E+08
  1590.250 4.094E+08
  1590.500 3.988E+08
  1590.750 4.072E+08
  1591.000 4.159E+08
  1591.250 4.067E+08
  1591.500 3.987E+08
  1591.750 3.840E+08
  1592.000 3.695E+08
  1592.250 3.841E+08
  1592.500 3.930E+08
  1592.750 3.936E+08
  1593.000 4.133E+08
  1593.250 4.091E+08
  1593.500 3.734E+08
  1593.750 3.614E+08
  1594.000 3.856E+08
  1594.250 4.088E+08
  1594.500 4.047E+08
  1594.750 3.777E+08
  1595.000 3.569E+08
  1595.250 3.424E+08
  1595.500 3.469E+08
  1595.750 3.759E+08
  1596.000 4.009E+08
  1596.250 4.127E+08
  1596.500 4.129E+08
  1596.750 4.042E+08
  1597.000 3.951E+08
  1597.250 3.909E+08
  1597.500 3.904E+08
  1597.750 3.953E+08
  1598.000 4.040E+08
  1598.250 4.071E+08
  1598.500 4.107E+08
  1598.750 4.181E+08
  1599.000 4.172E+08
  1599.250 4.055E+08
  1599.500 3.978E+08
  1599.750 3.934E+08
  1600.000 3.755E+08
  1600.250 3.652E+08
  1600.500 3.627E+08
  1600.750 3.586E+08
  1601.000 3.362E+08
  1601.250 3.045E+08
  1601.500 3.428E+08
  1601.750 3.583E+08
  1602.000 3.470E+08
  1602.250 3.569E+08
  1602.500 3.576E+08
  1602.750 3.509E+08
  1603.000 3.362E+08
  1603.250 3.637E+08
  1603.500 3.954E+08
  1603.750 4.026E+08
  1604.000 4.088E+08
  1604.250 4.028E+08
  1604.500 3.803E+08
  1604.750 3.814E+08
  1605.000 3.791E+08
  1605.250 3.529E+08
  1605.500 3.032E+08
  1605.750 2.445E+08
  1606.000 2.823E+08
  1606.250 3.692E+08
  1606.500 4.077E+08
  1606.750 4.025E+08
  1607.000 3.828E+08
  1607.250 3.777E+08
  1607.500 3.501E+08
  1607.750 3.258E+08
  1608.000 3.596E+08
  1608.250 3.451E+08
  1608.500 3.174E+08
  1608.750 3.521E+08
  1609.000 3.640E+08
  1609.250 3.712E+08
  1609.500 3.918E+08
  1609.750 3.767E+08
  1610.000 3.500E+08
  1610.250 3.479E+08
  1610.500 3.560E+08
  1610.750 3.511E+08
  1611.000 3.506E+08
  1611.250 3.621E+08
  1611.500 3.106E+08
  1611.750 2.125E+08
  1612.000 2.331E+08
  1612.250 3.211E+08
  1612.500 3.443E+08
  1612.750 3.287E+08
  1613.000 3.621E+08
  1613.250 3.895E+08
  1613.500 3.785E+08
  1613.750 3.595E+08
  1614.000 3.391E+08
  1614.250 3.603E+08
  1614.500 3.779E+08
  1614.750 3.869E+08
  1615.000 4.016E+08
  1615.250 3.964E+08
  1615.500 3.877E+08
  1615.750 3.949E+08
  1616.000 4.079E+08
  1616.250 4.053E+08
  1616.500 3.847E+08
  1616.750 3.736E+08
  1617.000 3.746E+08
  1617.250 3.720E+08
  1617.500 3.831E+08
  1617.750 3.810E+08
  1618.000 3.816E+08
  1618.250 3.725E+08
  1618.500 3.463E+08
  1618.750 3.408E+08
  1619.000 3.454E+08
  1619.250 3.595E+08
  1619.500 3.592E+08
  1619.750 3.755E+08
  1620.000 3.819E+08
  1620.250 3.611E+08
  1620.500 3.487E+08
  1620.750 3.645E+08
  1621.000 3.762E+08
  1621.250 3.820E+08
  1621.500 3.522E+08
  1621.750 3.088E+08
  1622.000 3.388E+08
  1622.250 3.895E+08
  1622.500 4.018E+08
  1622.750 3.873E+08
  1623.000 3.593E+08
  1623.250 3.593E+08
  1623.500 3.503E+08
  1623.750 3.459E+08
  1624.000 3.610E+08
  1624.250 3.625E+08
  1624.500 3.654E+08
  1624.750 3.593E+08
  1625.000 3.783E+08
  1625.250 3.778E+08
  1625.500 3.377E+08
  1625.750 3.212E+08
  1626.000 3.348E+08
  1626.250 3.574E+08
  1626.500 3.696E+08
  1626.750 3.790E+08
  1627.000 3.743E+08
  1627.250 3.625E+08
  1627.500 3.557E+08
  1627.750 3.493E+08
  1628.000 3.517E+08
  1628.250 3.509E+08
  1628.500 3.616E+08
  1628.750 3.664E+08
  1629.000 3.151E+08
  1629.250 2.626E+08
  1629.500 2.959E+08
  1629.750 3.537E+08
  1630.000 3.750E+08
  1630.250 3.838E+08
  1630.500 3.775E+08
  1630.750 3.643E+08
  1631.000 3.350E+08
  1631.250 3.282E+08
  1631.500 3.477E+08
  1631.750 3.496E+08
  1632.000 3.458E+08
  1632.250 3.400E+08
  1632.500 3.319E+08
  1632.750 3.396E+08
  1633.000 3.777E+08
  1633.250 3.913E+08
  1633.500 3.739E+08
  1633.750 3.390E+08
  1634.000 3.260E+08
  1634.250 3.338E+08
  1634.500 3.492E+08
  1634.750 3.748E+08
  1635.000 3.676E+08
  1635.250 3.356E+08
  1635.500 3.270E+08
  1635.750 3.547E+08
  1636.000 3.723E+08
  1636.250 3.538E+08
  1636.500 3.610E+08
  1636.750 3.806E+08
  1637.000 3.745E+08
  1637.250 3.565E+08
  1637.500 3.524E+08
  1637.750 3.817E+08
  1638.000 3.952E+08
  1638.250 3.924E+08
  1638.500 3.924E+08
  1638.750 3.852E+08
  1639.000 3.697E+08
  1639.250 3.523E+08
  1639.500 3.493E+08
  1639.750 3.486E+08
  1640.000 3.160E+08
  1640.250 3.314E+08
  1640.500 3.686E+08
  1640.750 3.673E+08
  1641.000 3.731E+08
  1641.250 3.865E+08
  1641.500 3.724E+08
  1641.750 3.454E+08
  1642.000 3.593E+08
  1642.250 3.659E+08
  1642.500 3.563E+08
  1642.750 3.660E+08
  1643.000 3.729E+08
  1643.250 3.678E+08
  1643.500 3.500E+08
  1643.750 3.561E+08
  1644.000 3.721E+08
  1644.250 3.655E+08
  1644.500 3.575E+08
  1644.750 3.624E+08
  1645.000 3.649E+08
  1645.250 3.778E+08
  1645.500 3.773E+08
  1645.750 3.644E+08
  1646.000 3.493E+08
  1646.250 3.424E+08
  1646.500 3.647E+08
  1646.750 3.704E+08
  1647.000 3.434E+08
  1647.250 3.284E+08
  1647.500 3.397E+08
  1647.750 3.659E+08
  1648.000 3.805E+08
  1648.250 3.734E+08
  1648.500 3.765E+08
  1648.750 3.849E+08
  1649.000 3.774E+08
  1649.250 3.365E+08
  1649.500 2.948E+08
  1649.750 3.122E+08
  1650.000 3.579E+08
  1650.250 3.707E+08
  1650.500 3.511E+08
  1650.750 3.437E+08
  1651.000 3.592E+08
  1651.250 3.665E+08
  1651.500 3.628E+08
  1651.750 3.529E+08
  1652.000 3.385E+08
  1652.250 3.381E+08
  1652.500 3.530E+08
  1652.750 3.271E+08
  1653.000 2.848E+08
  1653.250 2.725E+08
  1653.500 2.714E+08
  1653.750 2.873E+08
  1654.000 3.149E+08
  1654.250 3.182E+08
  1654.500 3.252E+08
  1654.750 3.425E+08
  1655.000 3.533E+08
  1655.250 3.583E+08
  1655.500 3.582E+08
  1655.750 3.623E+08
  1656.000 3.232E+08
  1656.250 2.733E+08
  1656.500 2.813E+08
  1656.750 2.501E+08
  1657.000 2.182E+08
  1657.250 2.541E+08
  1657.500 2.809E+08
  1657.750 2.817E+08
  1658.000 2.590E+08
  1658.250 2.905E+08
  1658.500 3.259E+08
  1658.750 3.321E+08
  1659.000 3.465E+08
  1659.250 3.341E+08
  1659.500 3.105E+08
  1659.750 3.416E+08
  1660.000 3.659E+08
  1660.250 3.725E+08
  1660.500 3.763E+08
  1660.750 3.668E+08
  1661.000 3.503E+08
  1661.250 3.350E+08
  1661.500 3.341E+08
  1661.750 3.292E+08
  1662.000 3.441E+08
  1662.250 3.514E+08
  1662.500 3.508E+08
  1662.750 3.560E+08
  1663.000 3.245E+08
  1663.250 3.087E+08
  1663.500 3.333E+08
  1663.750 3.447E+08
  1664.000 3.594E+08
  1664.250 3.718E+08
  1664.500 3.734E+08
  1664.750 3.695E+08
  1665.000 3.646E+08
  1665.250 3.629E+08
  1665.500 3.650E+08
  1665.750 3.684E+08
  1666.000 3.616E+08
  1666.250 3.500E+08
  1666.500 3.205E+08
  1666.750 3.144E+08
  1667.000 3.479E+08
  1667.250 3.662E+08
  1667.500 3.613E+08
  1667.750 3.444E+08
  1668.000 3.404E+08
  1668.250 3.600E+08
  1668.500 3.691E+08
  1668.750 3.682E+08
  1669.000 3.622E+08
  1669.250 3.439E+08
  1669.500 3.237E+08
  1669.750 3.354E+08
  1670.000 3.615E+08
  1670.250 3.613E+08
  1670.500 3.170E+08
  1670.750 2.250E+08
  1671.000 2.275E+08
  1671.250 3.135E+08
  1671.500 3.592E+08
  1671.750 3.678E+08
  1672.000 3.607E+08
  1672.250 3.496E+08
  1672.500 3.561E+08
  1672.750 3.603E+08
  1673.000 3.531E+08
  1673.250 3.308E+08
  1673.500 3.099E+08
  1673.750 3.237E+08
  1674.000 3.327E+08
  1674.250 3.220E+08
  1674.500 3.233E+08
  1674.750 3.314E+08
  1675.000 3.422E+08
  1675.250 3.393E+08
  1675.500 3.489E+08
  1675.750 3.466E+08
  1676.000 3.310E+08
  1676.250 3.131E+08
  1676.500 3.165E+08
  1676.750 3.329E+08
  1677.000 3.473E+08
  1677.250 3.642E+08
  1677.500 3.600E+08
  1677.750 3.386E+08
  1678.000 3.388E+08
  1678.250 3.503E+08
  1678.500 3.576E+08
  1678.750 3.631E+08
  1679.000 3.538E+08
  1679.250 3.199E+08
  1679.500 3.086E+08
  1679.750 3.417E+08
  1680.000 3.607E+08
  1680.250 3.642E+08
  1680.500 3.562E+08
  1680.750 3.531E+08
  1681.000 3.372E+08
  1681.250 3.313E+08
  1681.500 3.499E+08
  1681.750 3.495E+08
  1682.000 3.415E+08
  1682.250 3.435E+08
  1682.500 3.430E+08
  1682.750 3.581E+08
  1683.000 3.633E+08
  1683.250 3.481E+08
  1683.500 3.346E+08
  1683.750 3.339E+08
  1684.000 3.411E+08
  1684.250 3.535E+08
  1684.500 3.604E+08
  1684.750 3.617E+08
  1685.000 3.591E+08
  1685.250 3.625E+08
  1685.500 3.646E+08
  1685.750 3.468E+08
  1686.000 3.213E+08
  1686.250 3.101E+08
  1686.500 3.013E+08
  1686.750 3.141E+08
  1687.000 3.449E+08
  1687.250 3.569E+08
  1687.500 3.437E+08
  1687.750 3.094E+08
  1688.000 2.996E+08
  1688.250 3.222E+08
  1688.500 3.390E+08
  1688.750 3.507E+08
  1689.000 3.548E+08
  1689.250 3.593E+08
  1689.500 3.532E+08
  1689.750 3.324E+08
  1690.000 3.248E+08
  1690.250 3.254E+08
  1690.500 3.222E+08
  1690.750 3.165E+08
  1691.000 3.141E+08
  1691.250 3.175E+08
  1691.500 3.249E+08
  1691.750 3.323E+08
  1692.000 3.335E+08
  1692.250 3.133E+08
  1692.500 2.924E+08
  1692.750 3.151E+08
  1693.000 3.372E+08
  1693.250 3.328E+08
  1693.500 3.149E+08
  1693.750 3.186E+08
  1694.000 3.269E+08
  1694.250 3.255E+08
  1694.500 3.151E+08
  1694.750 3.102E+08
  1695.000 3.037E+08
  1695.250 3.130E+08
  1695.500 3.125E+08
  1695.750 3.111E+08
  1696.000 3.137E+08
  1696.250 3.240E+08
  1696.500 3.181E+08
  1696.750 3.021E+08
  1697.000 3.251E+08
  1697.250 3.499E+08
  1697.500 3.495E+08
  1697.750 3.381E+08
  1698.000 3.106E+08
  1698.250 3.041E+08
  1698.500 3.319E+08
  1698.750 3.329E+08
  1699.000 3.037E+08
  1699.250 3.013E+08
  1699.500 3.299E+08
  1699.750 3.502E+08
  1700.000 3.492E+08
  1700.250 3.349E+08
  1700.500 3.395E+08
  1700.750 3.453E+08
  1701.000 3.335E+08
  1701.250 3.201E+08
  1701.500 2.937E+08
  1701.750 2.729E+08
  1702.000 2.620E+08
  1702.250 3.008E+08
  1702.500 3.275E+08
  1702.750 3.271E+08
  1703.000 3.342E+08
  1703.250 3.165E+08
  1703.500 3.004E+08
  1703.750 3.164E+08
  1704.000 3.296E+08
  1704.250 3.351E+08
  1704.500 3.244E+08
  1704.750 3.234E+08
  1705.000 3.440E+08
  1705.250 3.563E+08
  1705.500 3.544E+08
  1705.750 3.319E+08
  1706.000 3.056E+08
  1706.250 3.075E+08
  1706.500 3.237E+08
  1706.750 3.371E+08
  1707.000 3.180E+08
  1707.250 2.548E+08
  1707.500 2.415E+08
  1707.750 2.889E+08
  1708.000 3.170E+08
  1708.250 3.119E+08
  1708.500 2.750E+08
  1708.750 2.825E+08
  1709.000 3.290E+08
  1709.250 3.222E+08
  1709.500 2.564E+08
  1709.750 2.220E+08
  1710.000 2.614E+08
  1710.250 2.898E+08
  1710.500 3.020E+08
  1710.750 3.194E+08
  1711.000 3.234E+08
  1711.250 3.172E+08
  1711.500 2.885E+08
  1711.750 2.795E+08
  1712.000 3.183E+08
  1712.250 3.397E+08
  1712.500 3.214E+08
  1712.750 2.928E+08
  1713.000 2.911E+08
  1713.250 3.205E+08
  1713.500 3.270E+08
  1713.750 3.170E+08
  1714.000 3.191E+08
  1714.250 3.189E+08
  1714.500 3.008E+08
  1714.750 2.876E+08
  1715.000 2.833E+08
  1715.250 2.705E+08
  1715.500 2.798E+08
  1715.750 2.914E+08
  1716.000 2.957E+08
  1716.250 3.033E+08
  1716.500 3.069E+08
  1716.750 3.000E+08
  1717.000 2.999E+08
  1717.250 3.035E+08
  1717.500 2.978E+08
  1717.750 3.020E+08
  1718.000 2.790E+08
  1718.250 2.585E+08
  1718.500 2.811E+08
  1718.750 2.948E+08
  1719.000 2.868E+08
  1719.250 2.781E+08
  1719.500 2.632E+08
  1719.750 2.693E+08
  1720.000 2.642E+08
  1720.250 2.893E+08
  1720.500 2.758E+08
  1720.750 2.524E+08
  1721.000 2.610E+08
  1721.250 2.462E+08
  1721.500 2.839E+08
  1721.750 3.235E+08
  1722.000 3.024E+08
  1722.250 2.768E+08
  1722.500 2.781E+08
  1722.750 2.730E+08
  1723.000 2.999E+08
  1723.250 3.311E+08
  1723.500 3.133E+08
  1723.750 2.814E+08
  1724.000 2.712E+08
  1724.250 2.721E+08
  1724.500 2.679E+08
  1724.750 2.505E+08
  1725.000 2.231E+08
  1725.250 2.682E+08
  1725.500 3.167E+08
  1725.750 3.164E+08
  1726.000 3.008E+08
  1726.250 2.861E+08
  1726.500 2.832E+08
  1726.750 3.091E+08
  1727.000 3.246E+08
  1727.250 3.185E+08
  1727.500 3.085E+08
  1727.750 3.130E+08
  1728.000 3.202E+08
  1728.250 3.203E+08
  1728.500 3.118E+08
  1728.750 3.062E+08
  1729.000 3.098E+08
  1729.250 3.005E+08
  1729.500 3.098E+08
  1729.750 3.337E+08
  1730.000 3.301E+08
  1730.250 3.012E+08
  1730.500 2.805E+08
  1730.750 2.763E+08
  1731.000 2.814E+08
  1731.250 2.812E+08
  1731.500 2.788E+08
  1731.750 2.961E+08
  1732.000 3.180E+08
  1732.250 3.209E+08
  1732.500 3.117E+08
  1732.750 3.165E+08
  1733.000 3.048E+08
  1733.250 3.063E+08
  1733.500 3.158E+08
  1733.750 3.046E+08
  1734.000 3.020E+08
  1734.250 3.058E+08
  1734.500 3.060E+08
  1734.750 2.991E+08
  1735.000 3.055E+08
  1735.250 3.143E+08
  1735.500 2.976E+08
  1735.750 2.910E+08
  1736.000 2.928E+08
  1736.250 3.065E+08
  1736.500 3.296E+08
  1736.750 3.391E+08
  1737.000 3.351E+08
  1737.250 3.225E+08
  1737.500 2.995E+08
  1737.750 2.982E+08
  1738.000 3.023E+08
  1738.250 2.695E+08
  1738.500 2.455E+08
  1738.750 2.491E+08
  1739.000 2.866E+08
  1739.250 3.123E+08
  1739.500 3.224E+08
  1739.750 3.119E+08
  1740.000 3.094E+08
  1740.250 3.111E+08
  1740.500 3.033E+08
  1740.750 2.838E+08
  1741.000 2.892E+08
  1741.250 3.038E+08
  1741.500 2.816E+08
  1741.750 2.707E+08
  1742.000 2.731E+08
  1742.250 3.034E+08
  1742.500 2.987E+08
  1742.750 2.689E+08
  1743.000 2.904E+08
  1743.250 3.091E+08
  1743.500 3.182E+08
  1743.750 3.211E+08
  1744.000 3.044E+08
  1744.250 2.895E+08
  1744.500 3.039E+08
  1744.750 3.153E+08
  1745.000 3.061E+08
  1745.250 2.936E+08
  1745.500 2.873E+08
  1745.750 2.965E+08
  1746.000 3.182E+08
  1746.250 3.187E+08
  1746.500 2.990E+08
  1746.750 2.600E+08
  1747.000 2.421E+08
  1747.250 2.591E+08
  1747.500 2.814E+08
  1747.750 2.874E+08
  1748.000 2.742E+08
  1748.250 2.485E+08
  1748.500 2.713E+08
  1748.750 3.003E+08
  1749.000 2.809E+08
  1749.250 2.686E+08
  1749.500 2.751E+08
  1749.750 2.814E+08
  1750.000 2.875E+08
  1750.250 2.784E+08
  1750.500 2.828E+08
  1750.750 2.970E+08
  1751.000 2.955E+08
  1751.250 2.937E+08
  1751.500 2.930E+08
  1751.750 2.647E+08
  1752.000 2.673E+08
  1752.250 2.837E+08
  1752.500 2.889E+08
  1752.750 2.891E+08
  1753.000 2.645E+08
  1753.250 2.601E+08
  1753.500 2.715E+08
  1753.750 3.120E+08
  1754.000 3.310E+08
  1754.250 3.321E+08
  1754.500 3.222E+08
  1754.750 2.971E+08
  1755.000 2.973E+08
  1755.250 3.182E+08
  1755.500 3.242E+08
  1755.750 3.201E+08
  1756.000 3.194E+08
  1756.250 3.261E+08
  1756.500 3.277E+08
  1756.750 3.196E+08
  1757.000 3.127E+08
  1757.250 3.191E+08
  1757.500 3.120E+08
  1757.750 2.977E+08
  1758.000 2.954E+08
  1758.250 2.870E+08
  1758.500 2.761E+08
  1758.750 2.871E+08
  1759.000 2.998E+08
  1759.250 3.109E+08
  1759.500 3.211E+08
  1759.750 3.128E+08
  1760.000 2.709E+08
  1760.250 2.340E+08
  1760.500 2.510E+08
  1760.750 2.979E+08
  1761.000 3.154E+08
  1761.250 2.954E+08
  1761.500 2.884E+08
  1761.750 2.854E+08
  1762.000 2.764E+08
  1762.250 2.922E+08
  1762.500 3.042E+08
  1762.750 3.098E+08
  1763.000 3.048E+08
  1763.250 3.065E+08
  1763.500 2.863E+08
  1763.750 2.288E+08
  1764.000 2.094E+08
  1764.250 2.644E+08
  1764.500 2.770E+08
  1764.750 2.716E+08
  1765.000 2.965E+08
  1765.250 2.965E+08
  1765.500 2.922E+08
  1765.750 2.793E+08
  1766.000 2.904E+08
  1766.250 3.126E+08
  1766.500 3.205E+08
  1766.750 3.237E+08
  1767.000 3.224E+08
  1767.250 3.153E+08
  1767.500 2.897E+08
  1767.750 2.515E+08
  1768.000 2.651E+08
  1768.250 3.028E+08
  1768.500 3.173E+08
  1768.750 3.200E+08
  1769.000 3.063E+08
  1769.250 2.792E+08
  1769.500 2.573E+08
  1769.750 2.547E+08
  1770.000 2.630E+08
  1770.250 2.562E+08
  1770.500 2.589E+08
  1770.750 2.800E+08
  1771.000 2.941E+08
  1771.250 2.916E+08
  1771.500 2.785E+08
  1771.750 2.778E+08
  1772.000 2.729E+08
  1772.250 2.785E+08
  1772.500 2.759E+08
  1772.750 2.786E+08
  1773.000 2.752E+08
  1773.250 2.758E+08
  1773.500 2.604E+08
  1773.750 2.360E+08
  1774.000 2.592E+08
  1774.250 2.962E+08
  1774.500 3.018E+08
  1774.750 3.044E+08
  1775.000 2.988E+08
  1775.250 2.680E+08
  1775.500 2.568E+08
  1775.750 2.457E+08
  1776.000 2.328E+08
  1776.250 2.664E+08
  1776.500 2.852E+08
  1776.750 2.675E+08
  1777.000 2.580E+08
  1777.250 2.796E+08
  1777.500 2.925E+08
  1777.750 2.793E+08
  1778.000 2.917E+08
  1778.250 3.023E+08
  1778.500 2.803E+08
  1778.750 2.636E+08
  1779.000 2.821E+08
  1779.250 2.850E+08
  1779.500 2.808E+08
  1779.750 2.874E+08
  1780.000 2.887E+08
  1780.250 2.975E+08
  1780.500 3.024E+08
  1780.750 3.040E+08
  1781.000 2.867E+08
  1781.250 2.664E+08
  1781.500 2.869E+08
  1781.750 3.060E+08
  1782.000 3.003E+08
  1782.250 2.940E+08
  1782.500 2.851E+08
  1782.750 2.596E+08
  1783.000 2.345E+08
  1783.250 2.550E+08
  1783.500 2.923E+08
  1783.750 3.025E+08
  1784.000 3.036E+08
  1784.250 2.975E+08
  1784.500 2.776E+08
  1784.750 2.674E+08
  1785.000 2.618E+08
  1785.250 2.649E+08
  1785.500 2.920E+08
  1785.750 3.072E+08
  1786.000 3.005E+08
  1786.250 2.724E+08
  1786.500 2.340E+08
  1786.750 2.224E+08
  1787.000 2.459E+08
  1787.250 2.833E+08
  1787.500 2.973E+08
  1787.750 2.887E+08
  1788.000 2.537E+08
  1788.250 2.296E+08
  1788.500 2.363E+08
  1788.750 2.604E+08
  1789.000 2.676E+08
  1789.250 2.816E+08
  1789.500 2.891E+08
  1789.750 2.890E+08
  1790.000 2.849E+08
  1790.250 2.761E+08
  1790.500 2.807E+08
  1790.750 2.814E+08
  1791.000 2.625E+08
  1791.250 2.519E+08
  1791.500 2.516E+08
  1791.750 2.705E+08
  1792.000 2.796E+08
  1792.250 2.749E+08
  1792.500 2.661E+08
  1792.750 2.673E+08
  1793.000 2.717E+08
  1793.250 2.742E+08
  1793.500 2.761E+08
  1793.750 2.715E+08
  1794.000 2.805E+08
  1794.250 3.020E+08
  1794.500 3.033E+08
  1794.750 2.790E+08
  1795.000 2.673E+08
  1795.250 2.864E+08
  1795.500 3.019E+08
  1795.750 3.079E+08
  1796.000 3.124E+08
  1796.250 3.116E+08
  1796.500 3.085E+08
  1796.750 3.044E+08
  1797.000 3.022E+08
  1797.250 3.036E+08
  1797.500 3.001E+08
  1797.750 2.856E+08
  1798.000 2.614E+08
  1798.250 2.524E+08
  1798.500 2.833E+08
  1798.750 3.046E+08
  1799.000 3.037E+08
  1799.250 3.041E+08
  1799.500 3.058E+08
  1799.750 2.983E+08
  1800.000 2.884E+08
  1800.250 2.965E+08
  1800.500 3.039E+08
  1800.750 3.066E+08
  1801.000 3.062E+08
  1801.250 2.954E+08
  1801.500 2.751E+08
  1801.750 2.723E+08
  1802.000 2.922E+08
  1802.250 3.038E+08
  1802.500 2.993E+08
  1802.750 2.904E+08
  1803.000 2.851E+08
  1803.250 2.771E+08
  1803.500 2.692E+08
  1803.750 2.778E+08
  1804.000 2.912E+08
  1804.250 2.807E+08
  1804.500 2.761E+08
  1804.750 2.907E+08
  1805.000 2.722E+08
  1805.250 2.464E+08
  1805.500 2.692E+08
  1805.750 2.969E+08
  1806.000 3.040E+08
  1806.250 2.947E+08
  1806.500 2.817E+08
  1806.750 2.844E+08
  1807.000 2.683E+08
  1807.250 2.550E+08
  1807.500 2.762E+08
  1807.750 2.734E+08
  1808.000 2.467E+08
  1808.250 2.613E+08
  1808.500 2.925E+08
  1808.750 3.029E+08
  1809.000 2.889E+08
  1809.250 2.666E+08
  1809.500 2.762E+08
  1809.750 2.881E+08
  1810.000 2.950E+08
  1810.250 2.886E+08
  1810.500 2.738E+08
  1810.750 2.805E+08
  1811.000 2.832E+08
  1811.250 2.720E+08
  1811.500 2.438E+08
  1811.750 2.128E+08
  1812.000 2.255E+08
  1812.250 2.663E+08
  1812.500 2.731E+08
  1812.750 2.420E+08
  1813.000 2.349E+08
  1813.250 2.633E+08
  1813.500 2.833E+08
  1813.750 2.757E+08
  1814.000 2.732E+08
  1814.250 2.854E+08
  1814.500 2.961E+08
  1814.750 2.923E+08
  1815.000 2.597E+08
  1815.250 2.172E+08
  1815.500 2.228E+08
  1815.750 2.219E+08
  1816.000 2.187E+08
  1816.250 2.533E+08
  1816.500 2.705E+08
  1816.750 2.473E+08
  1817.000 2.377E+08
  1817.250 2.492E+08
  1817.500 2.278E+08
  1817.750 2.452E+08
  1818.000 2.809E+08
  1818.250 2.863E+08
  1818.500 2.812E+08
  1818.750 2.867E+08
  1819.000 2.765E+08
  1819.250 2.400E+08
  1819.500 2.237E+08
  1819.750 2.354E+08
  1820.000 2.567E+08
  1820.250 2.618E+08
  1820.500 2.603E+08
  1820.750 2.713E+08
  1821.000 2.754E+08
  1821.250 2.843E+08
  1821.500 2.821E+08
  1821.750 2.514E+08
  1822.000 2.273E+08
  1822.250 2.437E+08
  1822.500 2.736E+08
  1822.750 2.675E+08
  1823.000 2.478E+08
  1823.250 2.672E+08
  1823.500 2.775E+08
  1823.750 2.596E+08
  1824.000 2.589E+08
  1824.250 2.821E+08
  1824.500 2.824E+08
  1824.750 2.637E+08
  1825.000 2.536E+08
  1825.250 2.652E+08
  1825.500 2.827E+08
  1825.750 2.812E+08
  1826.000 2.562E+08
  1826.250 2.380E+08
  1826.500 2.580E+08
  1826.750 2.761E+08
  1827.000 2.727E+08
  1827.250 2.773E+08
  1827.500 2.849E+08
  1827.750 2.879E+08
  1828.000 2.834E+08
  1828.250 2.756E+08
  1828.500 2.763E+08
  1828.750 2.709E+08
  1829.000 2.612E+08
  1829.250 2.635E+08
  1829.500 2.732E+08
  1829.750 2.482E+08
  1830.000 2.114E+08
  1830.250 2.167E+08
  1830.500 2.275E+08
  1830.750 2.356E+08
  1831.000 2.549E+08
  1831.250 2.568E+08
  1831.500 2.499E+08
  1831.750 2.539E+08
  1832.000 2.590E+08
  1832.250 2.678E+08
  1832.500 2.655E+08
  1832.750 2.633E+08
  1833.000 2.582E+08
  1833.250 2.605E+08
  1833.500 2.647E+08
  1833.750 2.647E+08
  1834.000 2.672E+08
  1834.250 2.719E+08
  1834.500 2.798E+08
  1834.750 2.586E+08
  1835.000 2.419E+08
  1835.250 2.553E+08
  1835.500 2.631E+08
  1835.750 2.630E+08
  1836.000 2.663E+08
  1836.250 2.770E+08
  1836.500 2.802E+08
  1836.750 2.730E+08
  1837.000 2.701E+08
  1837.250 2.663E+08
  1837.500 2.425E+08
  1837.750 2.310E+08
  1838.000 2.400E+08
  1838.250 2.425E+08
  1838.500 2.403E+08
  1838.750 2.457E+08
  1839.000 2.697E+08
  1839.250 2.718E+08
  1839.500 2.551E+08
  1839.750 2.471E+08
  1840.000 2.401E+08
  1840.250 2.478E+08
  1840.500 2.614E+08
  1840.750 2.698E+08
  1841.000 2.723E+08
  1841.250 2.528E+08
  1841.500 2.182E+08
  1841.750 2.259E+08
  1842.000 2.513E+08
  1842.250 2.606E+08
  1842.500 2.479E+08
  1842.750 2.410E+08
  1843.000 2.295E+08
  1843.250 2.070E+08
  1843.500 2.056E+08
  1843.750 2.379E+08
  1844.000 2.401E+08
  1844.250 2.314E+08
  1844.500 2.366E+08
  1844.750 2.456E+08
  1845.000 2.414E+08
  1845.250 2.286E+08
  1845.500 2.240E+08
  1845.750 2.484E+08
  1846.000 2.581E+08
  1846.250 2.445E+08
  1846.500 2.404E+08
  1846.750 2.419E+08
  1847.000 2.344E+08
  1847.250 2.278E+08
  1847.500 2.389E+08
  1847.750 2.468E+08
  1848.000 2.421E+08
  1848.250 2.367E+08
  1848.500 2.385E+08
  1848.750 2.376E+08
  1849.000 2.307E+08
  1849.250 1.988E+08
  1849.500 1.846E+08
  1849.750 1.904E+08
  1850.000 1.285E+08
