   850.000 5.958E+07
   850.250 5.905E+07
   850.500 5.868E+07
   850.750 5.720E+07
   851.000 5.321E+07
   851.250 5.145E+07
   851.500 5.353E+07
   851.750 5.275E+07
   852.000 5.378E+07
   852.250 5.788E+07
   852.500 5.690E+07
   852.750 5.467E+07
   853.000 5.581E+07
   853.250 5.746E+07
   853.500 5.748E+07
   853.750 5.608E+07
   854.000 5.314E+07
   854.250 5.244E+07
   854.500 5.543E+07
   854.750 5.821E+07
   855.000 5.748E+07
   855.250 5.263E+07
   855.500 4.798E+07
   855.750 4.754E+07
   856.000 4.824E+07
   856.250 4.947E+07
   856.500 5.322E+07
   856.750 5.634E+07
   857.000 5.627E+07
   857.250 5.478E+07
   857.500 5.339E+07
   857.750 5.400E+07
   858.000 5.227E+07
   858.250 4.825E+07
   858.500 4.557E+07
   858.750 5.025E+07
   859.000 5.628E+07
   859.250 5.678E+07
   859.500 5.061E+07
   859.750 4.677E+07
   860.000 5.128E+07
   860.250 5.097E+07
   860.500 5.094E+07
   860.750 5.392E+07
   861.000 5.607E+07
   861.250 5.604E+07
   861.500 5.467E+07
   861.750 4.927E+07
   862.000 4.996E+07
   862.250 5.390E+07
   862.500 5.440E+07
   862.750 5.115E+07
   863.000 4.915E+07
   863.250 5.026E+07
   863.500 5.391E+07
   863.750 5.579E+07
   864.000 5.414E+07
   864.250 5.325E+07
   864.500 5.418E+07
   864.750 5.804E+07
   865.000 5.988E+07
   865.250 5.989E+07
   865.500 6.002E+07
   865.750 5.935E+07
   866.000 5.890E+07
   866.250 5.983E+07
   866.500 6.178E+07
   866.750 6.114E+07
   867.000 5.844E+07
   867.250 5.624E+07
   867.500 5.342E+07
   867.750 5.642E+07
   868.000 6.141E+07
   868.250 6.073E+07
   868.500 5.807E+07
   868.750 5.782E+07
   869.000 5.994E+07
   869.250 6.207E+07
   869.500 6.125E+07
   869.750 6.005E+07
   870.000 5.827E+07
   870.250 5.605E+07
   870.500 5.568E+07
   870.750 5.664E+07
   871.000 5.925E+07
   871.250 6.194E+07
   871.500 6.344E+07
   871.750 6.196E+07
   872.000 5.951E+07
   872.250 6.084E+07
   872.500 6.133E+07
   872.750 6.099E+07
   873.000 5.772E+07
   873.250 5.494E+07
   873.500 5.700E+07
   873.750 6.149E+07
   874.000 6.074E+07
   874.250 6.026E+07
   874.500 6.157E+07
   874.750 6.215E+07
   875.000 6.111E+07
   875.250 5.747E+07
   875.500 5.548E+07
   875.750 5.830E+07
   876.000 6.029E+07
   876.250 5.996E+07
   876.500 5.789E+07
   876.750 5.981E+07
   877.000 6.371E+07
   877.250 6.458E+07
   877.500 6.406E+07
   877.750 6.365E+07
   878.000 6.073E+07
   878.250 5.719E+07
   878.500 5.879E+07
   878.750 6.039E+07
   879.000 6.249E+07
   879.250 6.262E+07
   879.500 5.867E+07
   879.750 5.909E+07
   880.000 6.181E+07
   880.250 6.240E+07
   880.500 6.145E+07
   880.750 6.036E+07
   881.000 5.888E+07
   881.250 6.099E+07
   881.500 6.264E+07
   881.750 6.363E+07
   882.000 6.315E+07
   882.250 6.256E+07
   882.500 6.460E+07
   882.750 6.432E+07
   883.000 6.114E+07
   883.250 5.984E+07
   883.500 6.065E+07
   883.750 6.105E+07
   884.000 6.228E+07
   884.250 6.224E+07
   884.500 6.222E+07
   884.750 6.405E+07
   885.000 6.479E+07
   885.250 6.462E+07
   885.500 6.650E+07
   885.750 6.690E+07
   886.000 6.516E+07
   886.250 6.553E+07
   886.500 6.753E+07
   886.750 6.770E+07
   887.000 6.618E+07
   887.250 6.253E+07
   887.500 6.148E+07
   887.750 6.510E+07
   888.000 6.745E+07
   888.250 6.676E+07
   888.500 6.568E+07
   888.750 6.532E+07
   889.000 6.599E+07
   889.250 6.763E+07
   889.500 6.814E+07
   889.750 6.734E+07
   890.000 6.647E+07
   890.250 6.748E+07
   890.500 6.701E+07
   890.750 6.466E+07
   891.000 6.361E+07
   891.250 6.229E+07
   891.500 6.385E+07
   891.750 6.679E+07
   892.000 6.619E+07
   892.250 6.272E+07
   892.500 6.258E+07
   892.750 6.653E+07
   893.000 6.669E+07
   893.250 6.644E+07
   893.500 6.676E+07
   893.750 6.492E+07
   894.000 6.431E+07
   894.250 6.569E+07
   894.500 6.604E+07
   894.750 6.737E+07
   895.000 6.962E+07
   895.250 6.890E+07
   895.500 6.593E+07
   895.750 6.570E+07
   896.000 6.704E+07
   896.250 6.820E+07
   896.500 6.926E+07
   896.750 6.912E+07
   897.000 6.819E+07
   897.250 6.715E+07
   897.500 6.432E+07
   897.750 6.469E+07
   898.000 6.848E+07
   898.250 6.983E+07
   898.500 6.985E+07
   898.750 6.845E+07
   899.000 6.657E+07
   899.250 6.313E+07
   899.500 6.321E+07
   899.750 6.793E+07
   900.000 6.780E+07
   900.250 6.700E+07
   900.500 6.708E+07
   900.750 6.529E+07
   901.000 6.365E+07
   901.250 6.600E+07
   901.500 6.783E+07
   901.750 6.884E+07
   902.000 7.072E+07
   902.250 7.075E+07
   902.500 6.885E+07
   902.750 6.588E+07
   903.000 6.592E+07
   903.250 6.626E+07
   903.500 5.924E+07
   903.750 5.095E+07
   904.000 4.353E+07
   904.250 4.504E+07
   904.500 5.486E+07
   904.750 6.614E+07
   905.000 7.025E+07
   905.250 6.824E+07
   905.500 6.842E+07
   905.750 6.949E+07
   906.000 6.976E+07
   906.250 7.038E+07
   906.500 6.917E+07
   906.750 6.832E+07
   907.000 6.831E+07
   907.250 6.974E+07
   907.500 7.027E+07
   907.750 6.864E+07
   908.000 6.789E+07
   908.250 7.004E+07
   908.500 7.149E+07
   908.750 6.961E+07
   909.000 6.738E+07
   909.250 6.695E+07
   909.500 7.002E+07
   909.750 7.282E+07
   910.000 7.296E+07
   910.250 7.006E+07
   910.500 6.498E+07
   910.750 6.332E+07
   911.000 6.579E+07
   911.250 6.885E+07
   911.500 6.925E+07
   911.750 6.735E+07
   912.000 6.952E+07
   912.250 6.994E+07
   912.500 6.744E+07
   912.750 6.568E+07
   913.000 6.872E+07
   913.250 7.071E+07
   913.500 7.217E+07
   913.750 7.023E+07
   914.000 6.805E+07
   914.250 7.212E+07
   914.500 7.561E+07
   914.750 7.735E+07
   915.000 7.870E+07
   915.250 7.573E+07
   915.500 6.825E+07
   915.750 6.135E+07
   916.000 6.688E+07
   916.250 7.755E+07
   916.500 7.602E+07
   916.750 8.701E+07
   917.000 9.022E+07
   917.250 9.443E+07
   917.500 1.266E+08
   917.750 1.238E+08
   918.000 9.341E+07
   918.250 9.995E+07
   918.500 1.347E+08
   918.750 1.548E+08
   919.000 1.462E+08
   919.250 1.063E+08
   919.500 1.179E+08
   919.750 1.945E+08
   920.000 2.794E+08
   920.250 3.042E+08
   920.500 2.426E+08
   920.750 1.495E+08
   921.000 1.167E+08
   921.250 1.985E+08
   921.500 3.292E+08
   921.750 4.071E+08
   922.000 4.327E+08
   922.250 4.467E+08
   922.500 3.748E+08
   922.750 2.485E+08
   923.000 1.424E+08
   923.250 1.250E+08
   923.500 2.157E+08
   923.750 3.638E+08
   924.000 5.563E+08
   924.250 8.053E+08
   924.500 1.046E+09
   924.750 1.044E+09
   925.000 8.054E+08
   925.250 5.982E+08
   925.500 4.736E+08
   925.750 3.387E+08
   926.000 1.795E+08
   926.250 1.158E+08
   926.500 1.852E+08
   926.750 3.763E+08
   927.000 6.242E+08
   927.250 9.188E+08
   927.500 1.351E+09
   927.750 1.638E+09
   928.000 1.675E+09
   928.250 1.509E+09
   928.500 1.283E+09
   928.750 1.381E+09
   929.000 1.380E+09
   929.250 1.307E+09
   929.500 1.101E+09
   929.750 8.280E+08
   930.000 5.875E+08
   930.250 3.717E+08
   930.500 2.082E+08
   930.750 1.288E+08
   931.000 2.065E+08
   931.250 4.274E+08
   931.500 7.437E+08
   931.750 1.078E+09
   932.000 1.380E+09
   932.250 1.817E+09
   932.500 2.164E+09
   932.750 2.364E+09
   933.000 2.571E+09
   933.250 2.638E+09
   933.500 2.866E+09
   933.750 3.220E+09
   934.000 3.468E+09
   934.250 3.510E+09
   934.500 3.094E+09
   934.750 2.526E+09
   935.000 2.457E+09
   935.250 2.658E+09
   935.500 2.610E+09
   935.750 2.352E+09
   936.000 1.940E+09
   936.250 1.746E+09
   936.500 1.469E+09
   936.750 1.050E+09
   937.000 7.406E+08
   937.250 4.495E+08
   937.500 2.218E+08
   937.750 1.240E+08
   938.000 1.852E+08
   938.250 3.789E+08
   938.500 6.574E+08
   938.750 9.991E+08
   939.000 1.298E+09
   939.250 1.690E+09
   939.500 2.081E+09
   939.750 2.449E+09
   940.000 2.773E+09
   940.250 2.880E+09
   940.500 2.924E+09
   940.750 3.067E+09
   941.000 3.398E+09
   941.250 3.592E+09
   941.500 3.466E+09
   941.750 3.658E+09
   942.000 4.060E+09
   942.250 3.843E+09
   942.500 3.436E+09
   942.750 3.275E+09
   943.000 3.545E+09
   943.250 3.844E+09
   943.500 3.816E+09
   943.750 3.523E+09
   944.000 3.399E+09
   944.250 3.819E+09
   944.500 3.906E+09
   944.750 3.351E+09
   945.000 3.002E+09
   945.250 3.317E+09
   945.500 3.299E+09
   945.750 2.714E+09
   946.000 2.268E+09
   946.250 2.536E+09
   946.500 2.880E+09
   946.750 3.002E+09
   947.000 3.153E+09
   947.250 3.202E+09
   947.500 2.987E+09
   947.750 2.344E+09
   948.000 1.823E+09
   948.250 1.568E+09
   948.500 1.278E+09
   948.750 8.900E+08
   949.000 5.693E+08
   949.250 3.654E+08
   949.500 1.965E+08
   949.750 1.281E+08
   950.000 2.181E+08
   950.250 3.785E+08
   950.500 4.892E+08
   950.750 6.499E+08
   951.000 9.417E+08
   951.250 1.475E+09
   951.500 2.107E+09
   951.750 2.630E+09
   952.000 3.056E+09
   952.250 3.188E+09
   952.500 3.241E+09
   952.750 3.328E+09
   953.000 3.654E+09
   953.250 3.806E+09
   953.500 3.855E+09
   953.750 3.825E+09
   954.000 3.784E+09
   954.250 4.178E+09
   954.500 4.323E+09
   954.750 3.974E+09
   955.000 3.315E+09
   955.250 2.837E+09
   955.500 3.091E+09
   955.750 3.842E+09
   956.000 4.048E+09
   956.250 3.667E+09
   956.500 3.344E+09
   956.750 3.068E+09
   957.000 3.329E+09
   957.250 3.909E+09
   957.500 3.636E+09
   957.750 3.177E+09
   958.000 2.818E+09
   958.250 2.790E+09
   958.500 3.142E+09
   958.750 3.062E+09
   959.000 2.963E+09
   959.250 3.340E+09
   959.500 3.649E+09
   959.750 3.814E+09
   960.000 3.987E+09
   960.250 4.003E+09
   960.500 3.741E+09
   960.750 3.999E+09
   961.000 4.222E+09
   961.250 4.055E+09
   961.500 3.675E+09
   961.750 3.269E+09
   962.000 3.574E+09
   962.250 4.161E+09
   962.500 3.891E+09
   962.750 3.388E+09
   963.000 3.373E+09
   963.250 3.307E+09
   963.500 3.652E+09
   963.750 3.660E+09
   964.000 3.809E+09
   964.250 4.211E+09
   964.500 4.050E+09
   964.750 3.745E+09
   965.000 3.761E+09
   965.250 3.805E+09
   965.500 3.820E+09
   965.750 3.859E+09
   966.000 3.647E+09
   966.250 3.309E+09
   966.500 3.522E+09
   966.750 3.679E+09
   967.000 3.426E+09
   967.250 3.358E+09
   967.500 3.439E+09
   967.750 3.008E+09
   968.000 2.825E+09
   968.250 3.343E+09
   968.500 3.572E+09
   968.750 3.200E+09
   969.000 2.996E+09
   969.250 2.876E+09
   969.500 2.676E+09
   969.750 2.631E+09
   970.000 2.555E+09
   970.250 2.418E+09
   970.500 2.090E+09
   970.750 1.886E+09
   971.000 1.793E+09
   971.250 1.597E+09
   971.500 1.187E+09
   971.750 8.309E+08
   972.000 5.194E+08
   972.250 2.705E+08
   972.500 1.578E+08
   972.750 2.533E+08
   973.000 4.575E+08
   973.250 6.870E+08
   973.500 9.356E+08
   973.750 1.135E+09
   974.000 1.331E+09
   974.250 1.437E+09
   974.500 1.345E+09
   974.750 1.211E+09
   975.000 1.005E+09
   975.250 8.323E+08
   975.500 6.826E+08
   975.750 5.141E+08
   976.000 3.626E+08
   976.250 2.383E+08
   976.500 1.436E+08
   976.750 7.832E+07
   977.000 4.940E+07
   977.250 6.929E+07
   977.500 1.208E+08
   977.750 1.946E+08
   978.000 3.169E+08
   978.250 4.781E+08
   978.500 6.879E+08
   978.750 8.976E+08
   979.000 1.076E+09
   979.250 1.286E+09
   979.500 1.148E+09
   979.750 8.129E+08
   980.000 1.223E+09
   980.250 2.006E+09
   980.500 2.447E+09
   980.750 2.643E+09
   981.000 2.398E+09
   981.250 2.111E+09
   981.500 2.360E+09
   981.750 2.843E+09
   982.000 3.154E+09
   982.250 3.440E+09
   982.500 3.599E+09
   982.750 3.603E+09
   983.000 3.489E+09
   983.250 3.007E+09
   983.500 2.409E+09
   983.750 2.046E+09
   984.000 2.344E+09
   984.250 3.048E+09
   984.500 3.449E+09
   984.750 2.993E+09
   985.000 2.672E+09
   985.250 3.076E+09
   985.500 2.635E+09
   985.750 1.891E+09
   986.000 2.128E+09
   986.250 2.652E+09
   986.500 2.758E+09
   986.750 3.399E+09
   987.000 3.997E+09
   987.250 3.923E+09
   987.500 3.752E+09
   987.750 3.614E+09
   988.000 3.356E+09
   988.250 3.374E+09
   988.500 3.529E+09
   988.750 3.260E+09
   989.000 3.465E+09
   989.250 3.179E+09
   989.500 1.922E+09
   989.750 9.361E+08
   990.000 1.061E+09
   990.250 1.899E+09
   990.500 2.558E+09
   990.750 2.471E+09
   991.000 2.238E+09
   991.250 1.415E+09
   991.500 6.635E+08
   991.750 8.755E+08
   992.000 1.666E+09
   992.250 1.983E+09
   992.500 2.031E+09
   992.750 2.336E+09
   993.000 2.799E+09
   993.250 2.955E+09
   993.500 2.874E+09
   993.750 3.404E+09
   994.000 3.600E+09
   994.250 3.233E+09
   994.500 3.070E+09
   994.750 2.563E+09
   995.000 2.214E+09
   995.250 2.624E+09
   995.500 3.565E+09
   995.750 3.761E+09
   996.000 3.314E+09
   996.250 3.527E+09
   996.500 3.782E+09
   996.750 3.730E+09
   997.000 3.372E+09
   997.250 3.031E+09
   997.500 2.892E+09
   997.750 3.090E+09
   998.000 3.476E+09
   998.250 4.131E+09
   998.500 4.259E+09
   998.750 3.992E+09
   999.000 3.697E+09
   999.250 3.308E+09
   999.500 3.426E+09
   999.750 3.821E+09
  1000.000 3.916E+09
  1000.250 3.796E+09
  1000.500 3.551E+09
  1000.750 3.315E+09
  1001.000 3.189E+09
  1001.250 3.673E+09
  1001.500 3.795E+09
  1001.750 3.505E+09
  1002.000 2.816E+09
  1002.250 2.054E+09
  1002.500 2.363E+09
  1002.750 2.756E+09
  1003.000 2.800E+09
  1003.250 3.141E+09
  1003.500 3.470E+09
  1003.750 3.784E+09
  1004.000 4.174E+09
  1004.250 4.239E+09
  1004.500 3.921E+09
  1004.750 3.725E+09
  1005.000 3.097E+09
  1005.250 2.334E+09
  1005.500 2.813E+09
  1005.750 2.948E+09
  1006.000 2.334E+09
  1006.250 2.609E+09
  1006.500 3.232E+09
  1006.750 3.314E+09
  1007.000 3.165E+09
  1007.250 3.543E+09
  1007.500 4.017E+09
  1007.750 3.771E+09
  1008.000 3.309E+09
  1008.250 3.232E+09
  1008.500 3.114E+09
  1008.750 2.740E+09
  1009.000 3.072E+09
  1009.250 3.619E+09
  1009.500 3.586E+09
  1009.750 2.654E+09
  1010.000 1.647E+09
  1010.250 1.730E+09
  1010.500 2.678E+09
  1010.750 3.759E+09
  1011.000 4.201E+09
  1011.250 4.342E+09
  1011.500 4.247E+09
  1011.750 3.988E+09
  1012.000 3.744E+09
  1012.250 3.181E+09
  1012.500 2.630E+09
  1012.750 2.977E+09
  1013.000 3.653E+09
  1013.250 4.144E+09
  1013.500 4.301E+09
  1013.750 4.163E+09
  1014.000 3.811E+09
  1014.250 3.518E+09
  1014.500 3.427E+09
  1014.750 3.227E+09
  1015.000 2.619E+09
  1015.250 2.455E+09
  1015.500 2.393E+09
  1015.750 2.713E+09
  1016.000 3.327E+09
  1016.250 3.404E+09
  1016.500 3.666E+09
  1016.750 3.861E+09
  1017.000 3.236E+09
  1017.250 2.617E+09
  1017.500 2.623E+09
  1017.750 2.907E+09
  1018.000 3.321E+09
  1018.250 2.946E+09
  1018.500 3.076E+09
  1018.750 3.747E+09
  1019.000 3.949E+09
  1019.250 3.687E+09
  1019.500 3.157E+09
  1019.750 2.401E+09
  1020.000 2.267E+09
  1020.250 2.814E+09
  1020.500 3.064E+09
  1020.750 2.901E+09
  1021.000 2.396E+09
  1021.250 2.013E+09
  1021.500 2.091E+09
  1021.750 2.529E+09
  1022.000 3.070E+09
  1022.250 3.263E+09
  1022.500 3.101E+09
  1022.750 2.876E+09
  1023.000 2.852E+09
  1023.250 2.854E+09
  1023.500 2.542E+09
  1023.750 2.163E+09
  1024.000 1.834E+09
  1024.250 1.648E+09
  1024.500 1.436E+09
  1024.750 1.087E+09
  1025.000 7.608E+08
  1025.250 4.860E+08
  1025.500 2.529E+08
  1025.750 1.606E+08
  1026.000 2.877E+08
  1026.250 5.152E+08
  1026.500 7.421E+08
  1026.750 9.297E+08
  1027.000 1.171E+09
  1027.250 1.412E+09
  1027.500 1.641E+09
  1027.750 2.076E+09
  1028.000 2.166E+09
  1028.250 2.088E+09
  1028.500 2.340E+09
  1028.750 2.755E+09
  1029.000 3.229E+09
  1029.250 3.315E+09
  1029.500 2.997E+09
  1029.750 2.869E+09
  1030.000 2.982E+09
  1030.250 2.932E+09
  1030.500 2.463E+09
  1030.750 2.107E+09
  1031.000 1.948E+09
  1031.250 2.385E+09
  1031.500 2.929E+09
  1031.750 3.151E+09
  1032.000 2.896E+09
  1032.250 2.703E+09
  1032.500 3.178E+09
  1032.750 3.249E+09
  1033.000 2.364E+09
  1033.250 1.786E+09
  1033.500 1.996E+09
  1033.750 1.957E+09
  1034.000 2.065E+09
  1034.250 2.309E+09
  1034.500 2.546E+09
  1034.750 2.858E+09
  1035.000 2.951E+09
  1035.250 2.501E+09
  1035.500 1.996E+09
  1035.750 1.844E+09
  1036.000 1.806E+09
  1036.250 1.563E+09
  1036.500 1.585E+09
  1036.750 1.650E+09
  1037.000 1.430E+09
  1037.250 2.032E+09
  1037.500 2.703E+09
  1037.750 2.850E+09
  1038.000 2.858E+09
  1038.250 2.858E+09
  1038.500 3.012E+09
  1038.750 3.122E+09
  1039.000 3.396E+09
  1039.250 3.665E+09
  1039.500 3.684E+09
  1039.750 3.532E+09
  1040.000 3.224E+09
  1040.250 3.096E+09
  1040.500 3.079E+09
  1040.750 3.114E+09
  1041.000 3.158E+09
  1041.250 3.297E+09
  1041.500 3.663E+09
  1041.750 3.851E+09
  1042.000 3.891E+09
  1042.250 3.955E+09
  1042.500 3.902E+09
  1042.750 3.801E+09
  1043.000 3.795E+09
  1043.250 3.703E+09
  1043.500 3.824E+09
  1043.750 4.045E+09
  1044.000 4.011E+09
  1044.250 3.774E+09
  1044.500 3.573E+09
  1044.750 3.432E+09
  1045.000 3.356E+09
  1045.250 3.471E+09
  1045.500 3.617E+09
  1045.750 3.355E+09
  1046.000 3.315E+09
  1046.250 3.665E+09
  1046.500 3.899E+09
  1046.750 3.809E+09
  1047.000 3.709E+09
  1047.250 3.584E+09
  1047.500 3.472E+09
  1047.750 3.429E+09
  1048.000 3.562E+09
  1048.250 3.871E+09
  1048.500 3.887E+09
  1048.750 3.827E+09
  1049.000 3.594E+09
  1049.250 3.509E+09
  1049.500 3.467E+09
  1049.750 3.315E+09
  1050.000 3.392E+09
  1050.250 3.545E+09
  1050.500 3.492E+09
  1050.750 3.295E+09
  1051.000 3.263E+09
  1051.250 3.452E+09
  1051.500 3.688E+09
  1051.750 3.838E+09
  1052.000 3.828E+09
  1052.250 3.611E+09
  1052.500 3.190E+09
  1052.750 3.116E+09
  1053.000 3.258E+09
  1053.250 3.111E+09
  1053.500 3.281E+09
  1053.750 3.681E+09
  1054.000 3.568E+09
  1054.250 3.236E+09
  1054.500 3.128E+09
  1054.750 3.100E+09
  1055.000 3.128E+09
  1055.250 3.012E+09
  1055.500 2.846E+09
  1055.750 2.680E+09
  1056.000 2.571E+09
  1056.250 2.793E+09
  1056.500 3.253E+09
  1056.750 3.224E+09
  1057.000 3.287E+09
  1057.250 3.330E+09
  1057.500 3.286E+09
  1057.750 3.357E+09
  1058.000 3.476E+09
  1058.250 3.559E+09
  1058.500 3.505E+09
  1058.750 3.625E+09
  1059.000 3.588E+09
  1059.250 3.449E+09
  1059.500 3.500E+09
  1059.750 3.681E+09
  1060.000 3.488E+09
  1060.250 3.177E+09
  1060.500 3.232E+09
  1060.750 3.113E+09
  1061.000 2.777E+09
  1061.250 2.776E+09
  1061.500 3.040E+09
  1061.750 2.905E+09
  1062.000 3.019E+09
  1062.250 2.943E+09
  1062.500 2.542E+09
  1062.750 2.385E+09
  1063.000 2.761E+09
  1063.250 2.763E+09
  1063.500 2.995E+09
  1063.750 3.083E+09
  1064.000 3.111E+09
  1064.250 3.093E+09
  1064.500 2.974E+09
  1064.750 3.079E+09
  1065.000 2.993E+09
  1065.250 3.127E+09
  1065.500 3.108E+09
  1065.750 2.287E+09
  1066.000 1.468E+09
  1066.250 1.580E+09
  1066.500 1.756E+09
  1066.750 2.045E+09
  1067.000 2.560E+09
  1067.250 2.774E+09
  1067.500 3.172E+09
  1067.750 3.201E+09
  1068.000 2.715E+09
  1068.250 2.472E+09
  1068.500 3.007E+09
  1068.750 3.355E+09
  1069.000 3.255E+09
  1069.250 3.405E+09
  1069.500 3.311E+09
  1069.750 3.248E+09
  1070.000 3.181E+09
  1070.250 2.681E+09
  1070.500 2.651E+09
  1070.750 3.190E+09
  1071.000 3.453E+09
  1071.250 3.646E+09
  1071.500 3.493E+09
  1071.750 3.121E+09
  1072.000 3.149E+09
  1072.250 3.160E+09
  1072.500 3.001E+09
  1072.750 2.446E+09
  1073.000 1.872E+09
  1073.250 2.140E+09
  1073.500 2.333E+09
  1073.750 2.521E+09
  1074.000 2.820E+09
  1074.250 3.178E+09
  1074.500 3.397E+09
  1074.750 3.144E+09
  1075.000 2.862E+09
  1075.250 3.301E+09
  1075.500 3.620E+09
  1075.750 3.610E+09
  1076.000 3.529E+09
  1076.250 3.396E+09
  1076.500 3.270E+09
  1076.750 3.228E+09
  1077.000 2.969E+09
  1077.250 2.752E+09
  1077.500 3.093E+09
  1077.750 3.460E+09
  1078.000 3.621E+09
  1078.250 3.656E+09
  1078.500 3.593E+09
  1078.750 3.590E+09
  1079.000 3.540E+09
  1079.250 3.278E+09
  1079.500 3.171E+09
  1079.750 3.491E+09
  1080.000 3.593E+09
  1080.250 3.480E+09
  1080.500 3.561E+09
  1080.750 3.630E+09
  1081.000 3.576E+09
  1081.250 3.640E+09
  1081.500 3.708E+09
  1081.750 3.653E+09
  1082.000 3.431E+09
  1082.250 3.215E+09
  1082.500 3.187E+09
  1082.750 3.013E+09
  1083.000 2.692E+09
  1083.250 2.620E+09
  1083.500 3.044E+09
  1083.750 2.870E+09
  1084.000 2.322E+09
  1084.250 2.349E+09
  1084.500 1.896E+09
  1084.750 1.548E+09
  1085.000 1.889E+09
  1085.250 1.983E+09
  1085.500 1.259E+09
  1085.750 1.412E+09
  1086.000 2.551E+09
  1086.250 2.951E+09
  1086.500 2.660E+09
  1086.750 2.735E+09
  1087.000 3.180E+09
  1087.250 3.337E+09
  1087.500 3.435E+09
  1087.750 3.185E+09
  1088.000 2.385E+09
  1088.250 2.305E+09
  1088.500 2.806E+09
  1088.750 2.910E+09
  1089.000 2.905E+09
  1089.250 2.880E+09
  1089.500 2.614E+09
  1089.750 2.452E+09
  1090.000 2.716E+09
  1090.250 3.103E+09
  1090.500 3.430E+09
  1090.750 3.540E+09
  1091.000 3.381E+09
  1091.250 3.162E+09
  1091.500 3.141E+09
  1091.750 3.134E+09
  1092.000 3.056E+09
  1092.250 2.971E+09
  1092.500 2.693E+09
  1092.750 2.683E+09
  1093.000 2.915E+09
  1093.250 3.000E+09
  1093.500 3.185E+09
  1093.750 3.473E+09
  1094.000 3.539E+09
  1094.250 3.361E+09
  1094.500 3.233E+09
  1094.750 3.286E+09
  1095.000 3.406E+09
  1095.250 3.205E+09
  1095.500 2.929E+09
  1095.750 3.116E+09
  1096.000 3.164E+09
  1096.250 3.149E+09
  1096.500 2.882E+09
  1096.750 2.688E+09
  1097.000 3.065E+09
  1097.250 3.369E+09
  1097.500 3.251E+09
  1097.750 3.196E+09
  1098.000 3.138E+09
  1098.250 2.929E+09
  1098.500 3.174E+09
  1098.750 3.267E+09
  1099.000 3.110E+09
  1099.250 3.250E+09
  1099.500 3.303E+09
  1099.750 3.137E+09
  1100.000 3.211E+09
  1100.250 3.422E+09
  1100.500 3.311E+09
  1100.750 3.345E+09
  1101.000 3.414E+09
  1101.250 3.219E+09
  1101.500 3.211E+09
  1101.750 3.229E+09
  1102.000 2.939E+09
  1102.250 2.765E+09
  1102.500 3.061E+09
  1102.750 3.170E+09
  1103.000 3.121E+09
  1103.250 3.270E+09
  1103.500 3.386E+09
  1103.750 3.397E+09
  1104.000 3.245E+09
  1104.250 3.092E+09
  1104.500 3.186E+09
  1104.750 3.346E+09
  1105.000 3.472E+09
  1105.250 3.455E+09
  1105.500 3.291E+09
  1105.750 3.042E+09
  1106.000 2.746E+09
  1106.250 2.833E+09
  1106.500 3.195E+09
  1106.750 3.251E+09
  1107.000 3.244E+09
  1107.250 3.311E+09
  1107.500 3.105E+09
  1107.750 2.819E+09
  1108.000 2.296E+09
  1108.250 1.486E+09
  1108.500 1.769E+09
  1108.750 2.580E+09
  1109.000 2.807E+09
  1109.250 2.896E+09
  1109.500 2.620E+09
  1109.750 1.668E+09
  1110.000 1.167E+09
  1110.250 1.923E+09
  1110.500 2.724E+09
  1110.750 3.029E+09
  1111.000 2.896E+09
  1111.250 2.869E+09
  1111.500 3.109E+09
  1111.750 3.230E+09
  1112.000 3.149E+09
  1112.250 2.960E+09
  1112.500 2.849E+09
  1112.750 2.424E+09
  1113.000 1.421E+09
  1113.250 8.691E+08
  1113.500 1.589E+09
  1113.750 2.584E+09
  1114.000 3.048E+09
  1114.250 3.130E+09
  1114.500 3.062E+09
  1114.750 3.196E+09
  1115.000 3.241E+09
  1115.250 3.232E+09
  1115.500 3.301E+09
  1115.750 3.314E+09
  1116.000 3.291E+09
  1116.250 3.211E+09
  1116.500 3.180E+09
  1116.750 3.185E+09
  1117.000 3.174E+09
  1117.250 3.005E+09
  1117.500 3.010E+09
  1117.750 2.717E+09
  1118.000 2.358E+09
  1118.250 2.651E+09
  1118.500 2.814E+09
  1118.750 3.027E+09
  1119.000 3.197E+09
  1119.250 3.008E+09
  1119.500 2.993E+09
  1119.750 3.207E+09
  1120.000 3.154E+09
  1120.250 2.899E+09
  1120.500 2.930E+09
  1120.750 2.971E+09
  1121.000 2.712E+09
  1121.250 2.352E+09
  1121.500 2.486E+09
  1121.750 2.615E+09
  1122.000 2.149E+09
  1122.250 1.297E+09
  1122.500 8.387E+08
  1122.750 1.358E+09
  1123.000 2.152E+09
  1123.250 2.579E+09
  1123.500 2.525E+09
  1123.750 2.290E+09
  1124.000 2.499E+09
  1124.250 2.726E+09
  1124.500 2.742E+09
  1124.750 2.324E+09
  1125.000 2.044E+09
  1125.250 2.490E+09
  1125.500 2.434E+09
  1125.750 2.325E+09
  1126.000 2.775E+09
  1126.250 2.928E+09
  1126.500 2.635E+09
  1126.750 2.335E+09
  1127.000 2.471E+09
  1127.250 2.504E+09
  1127.500 2.299E+09
  1127.750 1.755E+09
  1128.000 1.039E+09
  1128.250 6.157E+08
  1128.500 6.756E+08
  1128.750 1.102E+09
  1129.000 1.644E+09
  1129.250 2.075E+09
  1129.500 2.570E+09
  1129.750 2.779E+09
  1130.000 2.851E+09
  1130.250 2.739E+09
  1130.500 2.663E+09
  1130.750 2.819E+09
  1131.000 2.638E+09
  1131.250 2.612E+09
  1131.500 2.905E+09
  1131.750 2.835E+09
  1132.000 2.886E+09
  1132.250 3.135E+09
  1132.500 3.139E+09
  1132.750 3.091E+09
  1133.000 3.223E+09
  1133.250 3.277E+09
  1133.500 3.167E+09
  1133.750 3.064E+09
  1134.000 3.086E+09
  1134.250 3.067E+09
  1134.500 3.061E+09
  1134.750 3.173E+09
  1135.000 3.206E+09
  1135.250 3.240E+09
  1135.500 3.237E+09
  1135.750 3.191E+09
  1136.000 3.115E+09
  1136.250 2.895E+09
  1136.500 2.786E+09
  1136.750 2.914E+09
  1137.000 3.070E+09
  1137.250 3.082E+09
  1137.500 3.137E+09
  1137.750 3.156E+09
  1138.000 3.067E+09
  1138.250 2.844E+09
  1138.500 2.469E+09
  1138.750 2.265E+09
  1139.000 2.275E+09
  1139.250 2.175E+09
  1139.500 2.283E+09
  1139.750 2.684E+09
  1140.000 2.855E+09
  1140.250 2.783E+09
  1140.500 2.494E+09
  1140.750 2.729E+09
  1141.000 2.940E+09
  1141.250 2.589E+09
  1141.500 2.247E+09
  1141.750 2.451E+09
  1142.000 2.742E+09
  1142.250 2.428E+09
  1142.500 2.494E+09
  1142.750 2.804E+09
  1143.000 2.777E+09
  1143.250 2.702E+09
  1143.500 2.300E+09
  1143.750 2.222E+09
  1144.000 2.326E+09
  1144.250 2.120E+09
  1144.500 2.342E+09
  1144.750 2.397E+09
  1145.000 1.878E+09
  1145.250 1.976E+09
  1145.500 2.584E+09
  1145.750 2.862E+09
  1146.000 2.959E+09
  1146.250 2.855E+09
  1146.500 2.945E+09
  1146.750 3.138E+09
  1147.000 3.210E+09
  1147.250 3.157E+09
  1147.500 3.060E+09
  1147.750 2.979E+09
  1148.000 2.883E+09
  1148.250 3.002E+09
  1148.500 3.150E+09
  1148.750 3.215E+09
  1149.000 3.212E+09
  1149.250 3.079E+09
  1149.500 2.747E+09
  1149.750 2.667E+09
  1150.000 2.840E+09
  1150.250 2.976E+09
  1150.500 2.887E+09
  1150.750 2.473E+09
  1151.000 2.308E+09
  1151.250 2.701E+09
  1151.500 3.080E+09
  1151.750 3.147E+09
  1152.000 2.935E+09
  1152.250 2.869E+09
  1152.500 3.047E+09
  1152.750 3.031E+09
  1153.000 2.948E+09
  1153.250 2.872E+09
  1153.500 2.532E+09
  1153.750 2.058E+09
  1154.000 2.208E+09
  1154.250 2.604E+09
  1154.500 2.682E+09
  1154.750 2.625E+09
  1155.000 2.620E+09
  1155.250 2.771E+09
  1155.500 2.830E+09
  1155.750 2.628E+09
  1156.000 2.321E+09
  1156.250 2.638E+09
  1156.500 2.815E+09
  1156.750 2.689E+09
  1157.000 2.800E+09
  1157.250 2.945E+09
  1157.500 2.986E+09
  1157.750 2.865E+09
  1158.000 2.495E+09
  1158.250 2.472E+09
  1158.500 2.925E+09
  1158.750 3.027E+09
  1159.000 2.852E+09
  1159.250 2.756E+09
  1159.500 2.736E+09
  1159.750 2.842E+09
  1160.000 2.789E+09
  1160.250 2.569E+09
  1160.500 2.756E+09
  1160.750 2.974E+09
  1161.000 3.010E+09
  1161.250 2.682E+09
  1161.500 2.201E+09
  1161.750 2.378E+09
  1162.000 2.717E+09
  1162.250 2.881E+09
  1162.500 2.858E+09
  1162.750 2.910E+09
  1163.000 3.073E+09
  1163.250 3.097E+09
  1163.500 3.017E+09
  1163.750 2.840E+09
  1164.000 2.881E+09
  1164.250 3.018E+09
  1164.500 2.964E+09
  1164.750 2.916E+09
  1165.000 2.978E+09
  1165.250 2.912E+09
  1165.500 2.527E+09
  1165.750 2.140E+09
  1166.000 2.324E+09
  1166.250 2.609E+09
  1166.500 2.712E+09
  1166.750 2.714E+09
  1167.000 2.765E+09
  1167.250 2.862E+09
  1167.500 2.804E+09
  1167.750 2.712E+09
  1168.000 2.635E+09
  1168.250 2.719E+09
  1168.500 2.816E+09
  1168.750 2.828E+09
  1169.000 2.825E+09
  1169.250 2.714E+09
  1169.500 2.735E+09
  1169.750 2.809E+09
  1170.000 2.680E+09
  1170.250 2.568E+09
  1170.500 2.548E+09
  1170.750 2.503E+09
  1171.000 2.601E+09
  1171.250 2.655E+09
  1171.500 2.541E+09
  1171.750 2.525E+09
  1172.000 2.570E+09
  1172.250 2.405E+09
  1172.500 2.140E+09
  1172.750 2.082E+09
  1173.000 2.113E+09
  1173.250 2.090E+09
  1173.500 1.952E+09
  1173.750 1.750E+09
  1174.000 1.477E+09
  1174.250 1.131E+09
  1174.500 7.757E+08
  1174.750 4.428E+08
  1175.000 2.304E+08
  1175.250 1.741E+08
  1175.500 1.420E+08
  1175.750 1.230E+08
  1176.000 1.636E+08
  1176.250 2.274E+08
  1176.500 3.956E+08
  1176.750 7.233E+08
  1177.000 1.070E+09
  1177.250 1.369E+09
  1177.500 1.580E+09
  1177.750 1.689E+09
  1178.000 1.783E+09
  1178.250 2.045E+09
  1178.500 2.234E+09
  1178.750 2.367E+09
  1179.000 2.377E+09
  1179.250 2.316E+09
  1179.500 2.382E+09
  1179.750 2.384E+09
  1180.000 2.455E+09
  1180.250 2.628E+09
  1180.500 2.567E+09
  1180.750 2.470E+09
  1181.000 2.610E+09
  1181.250 2.756E+09
  1181.500 2.732E+09
  1181.750 2.647E+09
  1182.000 2.650E+09
  1182.250 2.716E+09
  1182.500 2.649E+09
  1182.750 2.312E+09
  1183.000 1.923E+09
  1183.250 2.150E+09
  1183.500 2.508E+09
  1183.750 2.541E+09
  1184.000 2.513E+09
  1184.250 2.297E+09
  1184.500 1.946E+09
  1184.750 2.295E+09
  1185.000 2.730E+09
  1185.250 2.765E+09
  1185.500 2.763E+09
  1185.750 2.778E+09
  1186.000 2.734E+09
  1186.250 2.792E+09
  1186.500 2.882E+09
  1186.750 2.865E+09
  1187.000 2.805E+09
  1187.250 2.569E+09
  1187.500 2.264E+09
  1187.750 2.480E+09
  1188.000 2.849E+09
  1188.250 2.914E+09
  1188.500 2.836E+09
  1188.750 2.876E+09
  1189.000 2.894E+09
  1189.250 2.797E+09
  1189.500 2.817E+09
  1189.750 2.863E+09
  1190.000 2.576E+09
  1190.250 2.173E+09
  1190.500 2.383E+09
  1190.750 2.756E+09
  1191.000 2.867E+09
  1191.250 2.893E+09
  1191.500 2.773E+09
  1191.750 2.643E+09
  1192.000 2.535E+09
  1192.250 2.324E+09
  1192.500 2.294E+09
  1192.750 2.324E+09
  1193.000 2.395E+09
  1193.250 2.270E+09
  1193.500 2.386E+09
  1193.750 2.516E+09
  1194.000 2.256E+09
  1194.250 2.027E+09
  1194.500 1.965E+09
  1194.750 2.448E+09
  1195.000 2.741E+09
  1195.250 2.736E+09
  1195.500 2.798E+09
  1195.750 2.858E+09
  1196.000 2.756E+09
  1196.250 2.522E+09
  1196.500 2.459E+09
  1196.750 2.724E+09
  1197.000 2.749E+09
  1197.250 2.407E+09
  1197.500 2.336E+09
  1197.750 2.618E+09
  1198.000 2.660E+09
  1198.250 2.512E+09
  1198.500 2.513E+09
  1198.750 2.665E+09
  1199.000 2.706E+09
  1199.250 2.675E+09
  1199.500 2.613E+09
  1199.750 2.701E+09
  1200.000 2.752E+09
  1200.250 2.691E+09
  1200.500 2.594E+09
  1200.750 2.316E+09
  1201.000 2.067E+09
  1201.250 2.102E+09
  1201.500 2.068E+09
  1201.750 2.096E+09
  1202.000 2.197E+09
  1202.250 2.309E+09
  1202.500 2.478E+09
  1202.750 2.565E+09
  1203.000 2.598E+09
  1203.250 2.548E+09
  1203.500 2.447E+09
  1203.750 2.368E+09
  1204.000 2.343E+09
  1204.250 2.245E+09
  1204.500 2.046E+09
  1204.750 1.837E+09
  1205.000 1.645E+09
  1205.250 1.456E+09
  1205.500 1.129E+09
  1205.750 7.003E+08
  1206.000 3.482E+08
  1206.250 1.582E+08
  1206.500 9.953E+07
  1206.750 1.525E+08
  1207.000 3.212E+08
  1207.250 5.774E+08
  1207.500 8.900E+08
  1207.750 1.343E+09
  1208.000 1.696E+09
  1208.250 1.899E+09
  1208.500 2.027E+09
  1208.750 2.135E+09
  1209.000 2.083E+09
  1209.250 2.092E+09
  1209.500 2.290E+09
  1209.750 2.327E+09
  1210.000 2.218E+09
  1210.250 2.218E+09
  1210.500 2.189E+09
  1210.750 2.185E+09
  1211.000 2.176E+09
  1211.250 2.182E+09
  1211.500 2.213E+09
  1211.750 2.060E+09
  1212.000 2.012E+09
  1212.250 2.151E+09
  1212.500 2.208E+09
  1212.750 2.119E+09
  1213.000 1.999E+09
  1213.250 1.915E+09
  1213.500 1.777E+09
  1213.750 1.629E+09
  1214.000 1.468E+09
  1214.250 1.227E+09
  1214.500 9.503E+08
  1214.750 7.516E+08
  1215.000 5.838E+08
  1215.250 3.878E+08
  1215.500 2.092E+08
  1215.750 1.711E+08
  1216.000 3.147E+08
  1216.250 5.113E+08
  1216.500 7.156E+08
  1216.750 9.349E+08
  1217.000 1.168E+09
  1217.250 1.402E+09
  1217.500 1.588E+09
  1217.750 1.760E+09
  1218.000 1.954E+09
  1218.250 2.080E+09
  1218.500 2.161E+09
  1218.750 2.250E+09
  1219.000 2.327E+09
  1219.250 2.368E+09
  1219.500 2.352E+09
  1219.750 2.283E+09
  1220.000 2.340E+09
  1220.250 2.469E+09
  1220.500 2.446E+09
  1220.750 2.249E+09
  1221.000 2.099E+09
  1221.250 2.343E+09
  1221.500 2.548E+09
  1221.750 2.441E+09
  1222.000 2.372E+09
  1222.250 2.485E+09
  1222.500 2.506E+09
  1222.750 2.485E+09
  1223.000 2.537E+09
  1223.250 2.619E+09
  1223.500 2.610E+09
  1223.750 2.466E+09
  1224.000 2.412E+09
  1224.250 2.516E+09
  1224.500 2.618E+09
  1224.750 2.554E+09
  1225.000 2.444E+09
  1225.250 2.415E+09
  1225.500 2.343E+09
  1225.750 2.349E+09
  1226.000 2.411E+09
  1226.250 2.524E+09
  1226.500 2.437E+09
  1226.750 2.153E+09
  1227.000 2.243E+09
  1227.250 2.494E+09
  1227.500 2.488E+09
  1227.750 2.517E+09
  1228.000 2.572E+09
  1228.250 2.443E+09
  1228.500 2.125E+09
  1228.750 2.011E+09
  1229.000 2.206E+09
  1229.250 2.289E+09
  1229.500 2.337E+09
  1229.750 2.353E+09
  1230.000 2.068E+09
  1230.250 1.994E+09
  1230.500 2.130E+09
  1230.750 2.258E+09
  1231.000 2.455E+09
  1231.250 2.490E+09
  1231.500 2.478E+09
  1231.750 2.488E+09
  1232.000 2.517E+09
  1232.250 2.605E+09
  1232.500 2.622E+09
  1232.750 2.538E+09
  1233.000 2.445E+09
  1233.250 2.498E+09
  1233.500 2.478E+09
  1233.750 2.468E+09
  1234.000 2.415E+09
  1234.250 2.495E+09
  1234.500 2.647E+09
  1234.750 2.682E+09
  1235.000 2.623E+09
  1235.250 2.502E+09
  1235.500 2.440E+09
  1235.750 2.490E+09
  1236.000 2.447E+09
  1236.250 2.381E+09
  1236.500 2.491E+09
  1236.750 2.558E+09
  1237.000 2.532E+09
  1237.250 2.590E+09
  1237.500 2.660E+09
  1237.750 2.671E+09
  1238.000 2.656E+09
  1238.250 2.567E+09
  1238.500 2.447E+09
  1238.750 2.483E+09
  1239.000 2.464E+09
  1239.250 2.430E+09
  1239.500 2.540E+09
  1239.750 2.608E+09
  1240.000 2.621E+09
  1240.250 2.639E+09
  1240.500 2.637E+09
  1240.750 2.636E+09
  1241.000 2.650E+09
  1241.250 2.642E+09
  1241.500 2.581E+09
  1241.750 2.546E+09
  1242.000 2.580E+09
  1242.250 2.587E+09
  1242.500 2.614E+09
  1242.750 2.613E+09
  1243.000 2.573E+09
  1243.250 2.557E+09
  1243.500 2.585E+09
  1243.750 2.612E+09
  1244.000 2.597E+09
  1244.250 2.539E+09
  1244.500 2.529E+09
  1244.750 2.543E+09
  1245.000 2.455E+09
  1245.250 2.353E+09
  1245.500 2.319E+09
  1245.750 2.246E+09
  1246.000 2.216E+09
  1246.250 2.211E+09
  1246.500 2.114E+09
  1246.750 1.799E+09
  1247.000 1.319E+09
  1247.250 8.050E+08
  1247.500 7.498E+08
  1247.750 1.186E+09
  1248.000 1.716E+09
  1248.250 2.039E+09
  1248.500 2.160E+09
  1248.750 2.306E+09
  1249.000 2.435E+09
  1249.250 2.504E+09
  1249.500 2.517E+09
  1249.750 2.504E+09
  1250.000 2.494E+09
  1250.250 2.396E+09
  1250.500 2.279E+09
  1250.750 2.381E+09
  1251.000 2.382E+09
  1251.250 2.300E+09
  1251.500 2.374E+09
  1251.750 2.456E+09
  1252.000 2.397E+09
  1252.250 2.343E+09
  1252.500 2.265E+09
  1252.750 2.317E+09
  1253.000 2.468E+09
  1253.250 2.492E+09
  1253.500 2.345E+09
  1253.750 2.142E+09
  1254.000 2.287E+09
  1254.250 2.486E+09
  1254.500 2.524E+09
  1254.750 2.482E+09
  1255.000 2.380E+09
  1255.250 2.366E+09
  1255.500 2.438E+09
  1255.750 2.457E+09
  1256.000 2.479E+09
  1256.250 2.325E+09
  1256.500 2.062E+09
  1256.750 2.216E+09
  1257.000 2.449E+09
  1257.250 2.457E+09
  1257.500 2.416E+09
  1257.750 2.420E+09
  1258.000 2.490E+09
  1258.250 2.424E+09
  1258.500 2.228E+09
  1258.750 2.261E+09
  1259.000 2.300E+09
  1259.250 2.281E+09
  1259.500 2.169E+09
  1259.750 2.252E+09
  1260.000 2.342E+09
  1260.250 2.122E+09
  1260.500 2.052E+09
  1260.750 2.327E+09
  1261.000 2.463E+09
  1261.250 2.514E+09
  1261.500 2.489E+09
  1261.750 2.373E+09
  1262.000 2.316E+09
  1262.250 2.317E+09
  1262.500 2.358E+09
  1262.750 2.438E+09
  1263.000 2.447E+09
  1263.250 2.438E+09
  1263.500 2.342E+09
  1263.750 2.286E+09
  1264.000 2.284E+09
  1264.250 2.198E+09
  1264.500 2.070E+09
  1264.750 1.856E+09
  1265.000 1.895E+09
  1265.250 2.093E+09
  1265.500 2.246E+09
  1265.750 2.243E+09
  1266.000 2.185E+09
  1266.250 2.277E+09
  1266.500 2.411E+09
  1266.750 2.450E+09
  1267.000 2.409E+09
  1267.250 2.389E+09
  1267.500 2.443E+09
  1267.750 2.426E+09
  1268.000 2.353E+09
  1268.250 2.378E+09
  1268.500 2.456E+09
  1268.750 2.406E+09
  1269.000 2.182E+09
  1269.250 2.209E+09
  1269.500 2.381E+09
  1269.750 2.411E+09
  1270.000 2.451E+09
  1270.250 2.465E+09
  1270.500 2.373E+09
  1270.750 2.292E+09
  1271.000 2.392E+09
  1271.250 2.467E+09
  1271.500 2.455E+09
  1271.750 2.361E+09
  1272.000 2.360E+09
  1272.250 2.438E+09
  1272.500 2.462E+09
  1272.750 2.453E+09
  1273.000 2.424E+09
  1273.250 2.375E+09
  1273.500 2.288E+09
  1273.750 2.163E+09
  1274.000 2.252E+09
  1274.250 2.398E+09
  1274.500 2.459E+09
  1274.750 2.459E+09
  1275.000 2.447E+09
  1275.250 2.459E+09
  1275.500 2.467E+09
  1275.750 2.428E+09
  1276.000 2.383E+09
  1276.250 2.414E+09
  1276.500 2.435E+09
  1276.750 2.432E+09
  1277.000 2.443E+09
  1277.250 2.415E+09
  1277.500 2.370E+09
  1277.750 2.394E+09
  1278.000 2.442E+09
  1278.250 2.432E+09
  1278.500 2.364E+09
  1278.750 2.194E+09
  1279.000 2.164E+09
  1279.250 2.322E+09
  1279.500 2.376E+09
  1279.750 2.368E+09
  1280.000 2.326E+09
  1280.250 2.244E+09
  1280.500 2.271E+09
  1280.750 2.400E+09
  1281.000 2.435E+09
  1281.250 2.410E+09
  1281.500 2.357E+09
  1281.750 2.316E+09
  1282.000 2.303E+09
  1282.250 2.317E+09
  1282.500 2.293E+09
  1282.750 2.321E+09
  1283.000 2.362E+09
  1283.250 2.328E+09
  1283.500 2.195E+09
  1283.750 2.160E+09
  1284.000 2.052E+09
  1284.250 2.055E+09
  1284.500 2.307E+09
  1284.750 2.419E+09
  1285.000 2.425E+09
  1285.250 2.413E+09
  1285.500 2.400E+09
  1285.750 2.391E+09
  1286.000 2.315E+09
  1286.250 2.123E+09
  1286.500 1.988E+09
  1286.750 2.057E+09
  1287.000 2.157E+09
  1287.250 2.220E+09
  1287.500 2.199E+09
  1287.750 2.214E+09
  1288.000 2.300E+09
  1288.250 2.306E+09
  1288.500 2.282E+09
  1288.750 2.273E+09
  1289.000 2.320E+09
  1289.250 2.310E+09
  1289.500 2.295E+09
  1289.750 2.266E+09
  1290.000 2.260E+09
  1290.250 2.295E+09
  1290.500 2.307E+09
  1290.750 2.247E+09
  1291.000 2.126E+09
  1291.250 1.953E+09
  1291.500 1.764E+09
  1291.750 1.825E+09
  1292.000 2.073E+09
  1292.250 2.158E+09
  1292.500 2.225E+09
  1292.750 2.270E+09
  1293.000 2.174E+09
  1293.250 2.028E+09
  1293.500 1.983E+09
  1293.750 1.918E+09
  1294.000 1.847E+09
  1294.250 1.350E+09
  1294.500 7.602E+08
  1294.750 1.016E+09
  1295.000 1.729E+09
  1295.250 2.079E+09
  1295.500 2.099E+09
  1295.750 1.940E+09
  1296.000 1.727E+09
  1296.250 1.340E+09
  1296.500 8.834E+08
  1296.750 7.827E+08
  1297.000 1.327E+09
  1297.250 1.837E+09
  1297.500 1.991E+09
  1297.750 2.003E+09
  1298.000 1.885E+09
  1298.250 1.631E+09
  1298.500 1.098E+09
  1298.750 4.938E+08
  1299.000 3.755E+08
  1299.250 8.154E+08
  1299.500 1.360E+09
  1299.750 1.676E+09
  1300.000 1.866E+09
  1300.250 1.948E+09
  1300.500 1.865E+09
  1300.750 1.475E+09
  1301.000 9.127E+08
  1301.250 9.117E+08
  1301.500 1.478E+09
  1301.750 1.724E+09
  1302.000 1.661E+09
  1302.250 1.783E+09
  1302.500 2.013E+09
  1302.750 1.888E+09
  1303.000 1.368E+09
  1303.250 8.179E+08
  1303.500 1.027E+09
  1303.750 1.678E+09
  1304.000 1.987E+09
  1304.250 1.901E+09
  1304.500 1.816E+09
  1304.750 1.840E+09
  1305.000 1.916E+09
  1305.250 1.950E+09
  1305.500 1.920E+09
  1305.750 1.983E+09
  1306.000 1.983E+09
  1306.250 2.063E+09
  1306.500 2.148E+09
  1306.750 2.230E+09
  1307.000 2.254E+09
  1307.250 2.246E+09
  1307.500 2.272E+09
  1307.750 2.263E+09
  1308.000 2.187E+09
  1308.250 2.090E+09
  1308.500 1.947E+09
  1308.750 1.850E+09
  1309.000 1.900E+09
  1309.250 1.700E+09
  1309.500 1.785E+09
  1309.750 2.074E+09
  1310.000 2.208E+09
  1310.250 2.244E+09
  1310.500 2.248E+09
  1310.750 2.233E+09
  1311.000 2.227E+09
  1311.250 2.216E+09
  1311.500 2.179E+09
  1311.750 2.197E+09
  1312.000 2.177E+09
  1312.250 2.081E+09
  1312.500 1.839E+09
  1312.750 1.898E+09
  1313.000 2.116E+09
  1313.250 2.175E+09
  1313.500 2.212E+09
  1313.750 2.214E+09
  1314.000 2.194E+09
  1314.250 2.150E+09
  1314.500 2.056E+09
  1314.750 2.018E+09
  1315.000 2.075E+09
  1315.250 2.095E+09
  1315.500 2.105E+09
  1315.750 2.094E+09
  1316.000 1.986E+09
  1316.250 1.938E+09
  1316.500 2.114E+09
  1316.750 2.229E+09
  1317.000 2.195E+09
  1317.250 2.153E+09
  1317.500 2.176E+09
  1317.750 2.181E+09
  1318.000 2.204E+09
  1318.250 2.176E+09
  1318.500 2.121E+09
  1318.750 2.140E+09
  1319.000 2.117E+09
  1319.250 2.056E+09
  1319.500 2.093E+09
  1319.750 2.101E+09
  1320.000 2.124E+09
  1320.250 2.170E+09
  1320.500 2.171E+09
  1320.750 2.102E+09
  1321.000 2.109E+09
  1321.250 2.115E+09
  1321.500 2.100E+09
  1321.750 2.097E+09
  1322.000 2.129E+09
  1322.250 2.145E+09
  1322.500 2.156E+09
  1322.750 2.118E+09
  1323.000 2.094E+09
  1323.250 2.145E+09
  1323.500 2.054E+09
  1323.750 1.548E+09
  1324.000 1.319E+09
  1324.250 1.719E+09
  1324.500 1.881E+09
  1324.750 1.831E+09
  1325.000 1.898E+09
  1325.250 2.063E+09
  1325.500 2.141E+09
  1325.750 2.125E+09
  1326.000 2.120E+09
  1326.250 2.150E+09
  1326.500 2.126E+09
  1326.750 2.084E+09
  1327.000 2.011E+09
  1327.250 1.852E+09
  1327.500 1.757E+09
  1327.750 1.818E+09
  1328.000 1.905E+09
  1328.250 1.965E+09
  1328.500 1.942E+09
  1328.750 1.758E+09
  1329.000 1.802E+09
  1329.250 1.967E+09
  1329.500 2.040E+09
  1329.750 1.939E+09
  1330.000 1.903E+09
  1330.250 1.902E+09
  1330.500 1.943E+09
  1330.750 2.061E+09
  1331.000 2.075E+09
  1331.250 2.051E+09
  1331.500 2.090E+09
  1331.750 2.086E+09
  1332.000 2.047E+09
  1332.250 2.050E+09
  1332.500 2.068E+09
  1332.750 2.075E+09
  1333.000 2.077E+09
  1333.250 2.116E+09
  1333.500 2.111E+09
  1333.750 2.079E+09
  1334.000 2.014E+09
  1334.250 1.707E+09
  1334.500 1.231E+09
  1334.750 1.292E+09
  1335.000 1.608E+09
  1335.250 1.623E+09
  1335.500 1.251E+09
  1335.750 1.073E+09
  1336.000 1.493E+09
  1336.250 1.839E+09
  1336.500 1.973E+09
  1336.750 1.981E+09
  1337.000 2.038E+09
  1337.250 2.062E+09
  1337.500 2.018E+09
  1337.750 1.966E+09
  1338.000 1.935E+09
  1338.250 2.011E+09
  1338.500 2.071E+09
  1338.750 1.993E+09
  1339.000 1.907E+09
  1339.250 1.957E+09
  1339.500 2.007E+09
  1339.750 2.000E+09
  1340.000 2.053E+09
  1340.250 2.024E+09
  1340.500 2.030E+09
  1340.750 2.079E+09
  1341.000 2.048E+09
  1341.250 1.801E+09
  1341.500 1.637E+09
  1341.750 1.883E+09
  1342.000 1.858E+09
  1342.250 1.472E+09
  1342.500 1.474E+09
  1342.750 1.903E+09
  1343.000 1.993E+09
  1343.250 1.703E+09
  1343.500 1.682E+09
  1343.750 1.953E+09
  1344.000 1.920E+09
  1344.250 1.753E+09
  1344.500 1.830E+09
  1344.750 1.875E+09
  1345.000 1.948E+09
  1345.250 2.064E+09
  1345.500 1.992E+09
  1345.750 1.898E+09
  1346.000 1.895E+09
  1346.250 1.876E+09
  1346.500 1.903E+09
  1346.750 1.975E+09
  1347.000 2.022E+09
  1347.250 2.030E+09
  1347.500 1.937E+09
  1347.750 1.816E+09
  1348.000 1.815E+09
  1348.250 1.923E+09
  1348.500 1.918E+09
  1348.750 1.924E+09
  1349.000 1.932E+09
  1349.250 1.960E+09
  1349.500 2.065E+09
  1349.750 2.065E+09
  1350.000 1.916E+09
  1350.250 1.827E+09
  1350.500 1.889E+09
  1350.750 1.986E+09
  1351.000 1.987E+09
  1351.250 1.870E+09
  1351.500 1.885E+09
  1351.750 1.960E+09
  1352.000 1.966E+09
  1352.250 1.960E+09
  1352.500 1.843E+09
  1352.750 1.651E+09
  1353.000 1.730E+09
  1353.250 1.902E+09
  1353.500 1.892E+09
  1353.750 1.936E+09
  1354.000 1.959E+09
  1354.250 1.931E+09
  1354.500 2.001E+09
  1354.750 2.042E+09
  1355.000 1.990E+09
  1355.250 1.832E+09
  1355.500 1.774E+09
  1355.750 1.895E+09
  1356.000 1.893E+09
  1356.250 1.921E+09
  1356.500 1.963E+09
  1356.750 1.879E+09
  1357.000 1.719E+09
  1357.250 1.781E+09
  1357.500 1.915E+09
  1357.750 1.849E+09
  1358.000 1.877E+09
  1358.250 1.995E+09
  1358.500 2.008E+09
  1358.750 1.995E+09
  1359.000 1.955E+09
  1359.250 1.886E+09
  1359.500 1.927E+09
  1359.750 2.003E+09
  1360.000 2.007E+09
  1360.250 2.011E+09
  1360.500 1.969E+09
  1360.750 1.884E+09
  1361.000 1.844E+09
  1361.250 1.779E+09
  1361.500 1.682E+09
  1361.750 1.781E+09
  1362.000 1.897E+09
  1362.250 1.774E+09
  1362.500 1.796E+09
  1362.750 1.896E+09
  1363.000 1.830E+09
  1363.250 1.629E+09
  1363.500 1.520E+09
  1363.750 1.749E+09
  1364.000 1.926E+09
  1364.250 1.987E+09
  1364.500 1.942E+09
  1364.750 1.803E+09
  1365.000 1.594E+09
  1365.250 1.405E+09
  1365.500 1.692E+09
  1365.750 1.952E+09
  1366.000 1.971E+09
  1366.250 1.951E+09
  1366.500 1.913E+09
  1366.750 1.797E+09
  1367.000 1.664E+09
  1367.250 1.778E+09
  1367.500 1.938E+09
  1367.750 1.977E+09
  1368.000 1.915E+09
  1368.250 1.835E+09
  1368.500 1.817E+09
  1368.750 1.822E+09
  1369.000 1.786E+09
  1369.250 1.691E+09
  1369.500 1.699E+09
  1369.750 1.866E+09
  1370.000 1.935E+09
  1370.250 1.968E+09
  1370.500 2.018E+09
  1370.750 2.023E+09
  1371.000 1.980E+09
  1371.250 1.854E+09
  1371.500 1.620E+09
  1371.750 1.597E+09
  1372.000 1.840E+09
  1372.250 1.966E+09
  1372.500 1.933E+09
  1372.750 1.825E+09
  1373.000 1.724E+09
  1373.250 1.801E+09
  1373.500 1.871E+09
  1373.750 1.768E+09
  1374.000 1.610E+09
  1374.250 1.641E+09
  1374.500 1.672E+09
  1374.750 1.560E+09
  1375.000 1.500E+09
  1375.250 1.604E+09
  1375.500 1.647E+09
  1375.750 1.736E+09
  1376.000 1.862E+09
  1376.250 1.848E+09
  1376.500 1.851E+09
  1376.750 1.745E+09
  1377.000 1.501E+09
  1377.250 1.463E+09
  1377.500 1.646E+09
  1377.750 1.776E+09
  1378.000 1.767E+09
  1378.250 1.759E+09
  1378.500 1.733E+09
  1378.750 1.573E+09
  1379.000 1.591E+09
  1379.250 1.717E+09
  1379.500 1.628E+09
  1379.750 1.633E+09
  1380.000 1.813E+09
  1380.250 1.847E+09
  1380.500 1.770E+09
  1380.750 1.702E+09
  1381.000 1.740E+09
  1381.250 1.711E+09
  1381.500 1.590E+09
  1381.750 1.585E+09
  1382.000 1.732E+09
  1382.250 1.734E+09
  1382.500 1.643E+09
  1382.750 1.706E+09
  1383.000 1.795E+09
  1383.250 1.890E+09
  1383.500 1.835E+09
  1383.750 1.649E+09
  1384.000 1.505E+09
  1384.250 1.526E+09
  1384.500 1.638E+09
  1384.750 1.652E+09
  1385.000 1.770E+09
  1385.250 1.833E+09
  1385.500 1.768E+09
  1385.750 1.612E+09
  1386.000 1.512E+09
  1386.250 1.549E+09
  1386.500 1.643E+09
  1386.750 1.726E+09
  1387.000 1.755E+09
  1387.250 1.584E+09
  1387.500 1.488E+09
  1387.750 1.486E+09
  1388.000 1.468E+09
  1388.250 1.669E+09
  1388.500 1.756E+09
  1388.750 1.774E+09
  1389.000 1.772E+09
  1389.250 1.734E+09
  1389.500 1.668E+09
  1389.750 1.570E+09
  1390.000 1.578E+09
  1390.250 1.599E+09
  1390.500 1.632E+09
  1390.750 1.642E+09
  1391.000 1.631E+09
  1391.250 1.572E+09
  1391.500 1.450E+09
  1391.750 1.293E+09
  1392.000 1.189E+09
  1392.250 1.065E+09
  1392.500 9.393E+08
  1392.750 8.326E+08
  1393.000 6.687E+08
  1393.250 4.856E+08
  1393.500 3.087E+08
  1393.750 2.097E+08
  1394.000 2.890E+08
  1394.250 4.761E+08
  1394.500 6.688E+08
  1394.750 8.237E+08
  1395.000 9.383E+08
  1395.250 1.017E+09
  1395.500 1.126E+09
  1395.750 1.155E+09
  1396.000 1.131E+09
  1396.250 1.152E+09
  1396.500 1.198E+09
  1396.750 1.267E+09
  1397.000 1.316E+09
  1397.250 1.401E+09
  1397.500 1.504E+09
  1397.750 1.527E+09
  1398.000 1.429E+09
  1398.250 1.467E+09
  1398.500 1.623E+09
  1398.750 1.595E+09
  1399.000 1.566E+09
  1399.250 1.641E+09
  1399.500 1.603E+09
  1399.750 1.510E+09
  1400.000 1.510E+09
  1400.250 1.504E+09
  1400.500 1.486E+09
  1400.750 1.426E+09
  1401.000 1.359E+09
  1401.250 1.278E+09
  1401.500 1.194E+09
  1401.750 1.090E+09
  1402.000 9.077E+08
  1402.250 6.683E+08
  1402.500 4.135E+08
  1402.750 2.713E+08
  1403.000 3.759E+08
  1403.250 6.264E+08
  1403.500 8.807E+08
  1403.750 1.088E+09
  1404.000 1.269E+09
  1404.250 1.418E+09
  1404.500 1.480E+09
  1404.750 1.445E+09
  1405.000 1.435E+09
  1405.250 1.446E+09
  1405.500 1.454E+09
  1405.750 1.473E+09
  1406.000 1.420E+09
  1406.250 1.468E+09
  1406.500 1.651E+09
  1406.750 1.741E+09
  1407.000 1.742E+09
  1407.250 1.740E+09
  1407.500 1.722E+09
  1407.750 1.720E+09
  1408.000 1.694E+09
  1408.250 1.696E+09
  1408.500 1.697E+09
  1408.750 1.633E+09
  1409.000 1.634E+09
  1409.250 1.715E+09
  1409.500 1.748E+09
  1409.750 1.660E+09
  1410.000 1.613E+09
  1410.250 1.601E+09
  1410.500 1.564E+09
  1410.750 1.609E+09
  1411.000 1.595E+09
  1411.250 1.536E+09
  1411.500 1.531E+09
  1411.750 1.600E+09
  1412.000 1.593E+09
  1412.250 1.597E+09
  1412.500 1.662E+09
  1412.750 1.629E+09
  1413.000 1.608E+09
  1413.250 1.666E+09
  1413.500 1.697E+09
  1413.750 1.650E+09
  1414.000 1.598E+09
  1414.250 1.528E+09
  1414.500 1.503E+09
  1414.750 1.453E+09
  1415.000 1.431E+09
  1415.250 1.553E+09
  1415.500 1.589E+09
  1415.750 1.573E+09
  1416.000 1.663E+09
  1416.250 1.692E+09
  1416.500 1.603E+09
  1416.750 1.494E+09
  1417.000 1.186E+09
  1417.250 9.845E+08
  1417.500 1.234E+09
  1417.750 1.433E+09
  1418.000 1.568E+09
  1418.250 1.636E+09
  1418.500 1.607E+09
  1418.750 1.636E+09
  1419.000 1.612E+09
  1419.250 1.529E+09
  1419.500 1.486E+09
  1419.750 1.505E+09
  1420.000 1.432E+09
  1420.250 1.402E+09
  1420.500 1.560E+09
  1420.750 1.731E+09
  1421.000 1.687E+09
  1421.250 1.587E+09
  1421.500 1.578E+09
  1421.750 1.545E+09
  1422.000 1.538E+09
  1422.250 1.475E+09
  1422.500 1.518E+09
  1422.750 1.560E+09
  1423.000 1.553E+09
  1423.250 1.598E+09
  1423.500 1.555E+09
  1423.750 1.501E+09
  1424.000 1.462E+09
  1424.250 1.358E+09
  1424.500 1.295E+09
  1424.750 1.403E+09
  1425.000 1.577E+09
  1425.250 1.646E+09
  1425.500 1.543E+09
  1425.750 1.457E+09
  1426.000 1.439E+09
  1426.250 1.312E+09
  1426.500 1.328E+09
  1426.750 1.573E+09
  1427.000 1.601E+09
  1427.250 1.350E+09
  1427.500 1.198E+09
  1427.750 1.228E+09
  1428.000 1.257E+09
  1428.250 1.368E+09
  1428.500 1.367E+09
  1428.750 1.268E+09
  1429.000 1.268E+09
  1429.250 1.433E+09
  1429.500 1.650E+09
  1429.750 1.731E+09
  1430.000 1.589E+09
  1430.250 1.349E+09
  1430.500 1.266E+09
  1430.750 1.386E+09
  1431.000 1.393E+09
  1431.250 1.414E+09
  1431.500 1.473E+09
  1431.750 1.596E+09
  1432.000 1.684E+09
  1432.250 1.638E+09
  1432.500 1.551E+09
  1432.750 1.601E+09
  1433.000 1.585E+09
  1433.250 1.494E+09
  1433.500 1.480E+09
  1433.750 1.543E+09
  1434.000 1.552E+09
  1434.250 1.433E+09
  1434.500 1.540E+09
  1434.750 1.669E+09
  1435.000 1.616E+09
  1435.250 1.566E+09
  1435.500 1.455E+09
  1435.750 1.321E+09
  1436.000 1.384E+09
  1436.250 1.502E+09
  1436.500 1.661E+09
  1436.750 1.712E+09
  1437.000 1.647E+09
  1437.250 1.560E+09
  1437.500 1.531E+09
  1437.750 1.547E+09
  1438.000 1.509E+09
  1438.250 1.484E+09
  1438.500 1.522E+09
  1438.750 1.538E+09
  1439.000 1.568E+09
  1439.250 1.629E+09
  1439.500 1.590E+09
  1439.750 1.582E+09
  1440.000 1.680E+09
  1440.250 1.684E+09
  1440.500 1.636E+09
  1440.750 1.617E+09
  1441.000 1.569E+09
  1441.250 1.547E+09
  1441.500 1.571E+09
  1441.750 1.598E+09
  1442.000 1.543E+09
  1442.250 1.406E+09
  1442.500 1.389E+09
  1442.750 1.495E+09
  1443.000 1.615E+09
  1443.250 1.669E+09
  1443.500 1.692E+09
  1443.750 1.686E+09
  1444.000 1.616E+09
  1444.250 1.496E+09
  1444.500 1.476E+09
  1444.750 1.469E+09
  1445.000 1.393E+09
  1445.250 1.460E+09
  1445.500 1.583E+09
  1445.750 1.657E+09
  1446.000 1.610E+09
  1446.250 1.570E+09
  1446.500 1.505E+09
  1446.750 1.460E+09
  1447.000 1.555E+09
  1447.250 1.633E+09
  1447.500 1.603E+09
  1447.750 1.581E+09
  1448.000 1.576E+09
  1448.250 1.573E+09
  1448.500 1.621E+09
  1448.750 1.559E+09
  1449.000 1.485E+09
  1449.250 1.543E+09
  1449.500 1.602E+09
  1449.750 1.605E+09
  1450.000 1.584E+09
  1450.250 1.503E+09
  1450.500 1.520E+09
  1450.750 1.600E+09
  1451.000 1.606E+09
  1451.250 1.492E+09
  1451.500 1.381E+09
  1451.750 1.418E+09
  1452.000 1.407E+09
  1452.250 1.348E+09
  1452.500 1.423E+09
  1452.750 1.568E+09
  1453.000 1.555E+09
  1453.250 1.516E+09
  1453.500 1.499E+09
  1453.750 1.480E+09
  1454.000 1.464E+09
  1454.250 1.440E+09
  1454.500 1.447E+09
  1454.750 1.512E+09
  1455.000 1.479E+09
  1455.250 1.371E+09
  1455.500 1.375E+09
  1455.750 1.426E+09
  1456.000 1.534E+09
  1456.250 1.575E+09
  1456.500 1.469E+09
  1456.750 1.463E+09
  1457.000 1.536E+09
  1457.250 1.439E+09
  1457.500 1.385E+09
  1457.750 1.452E+09
  1458.000 1.439E+09
  1458.250 1.409E+09
  1458.500 1.400E+09
  1458.750 1.402E+09
  1459.000 1.419E+09
  1459.250 1.462E+09
  1459.500 1.571E+09
  1459.750 1.602E+09
  1460.000 1.525E+09
  1460.250 1.362E+09
  1460.500 1.307E+09
  1460.750 1.404E+09
  1461.000 1.477E+09
  1461.250 1.515E+09
  1461.500 1.504E+09
  1461.750 1.487E+09
  1462.000 1.415E+09
  1462.250 1.407E+09
  1462.500 1.494E+09
  1462.750 1.577E+09
  1463.000 1.571E+09
  1463.250 1.518E+09
  1463.500 1.494E+09
  1463.750 1.499E+09
  1464.000 1.558E+09
  1464.250 1.559E+09
  1464.500 1.516E+09
  1464.750 1.496E+09
  1465.000 1.512E+09
  1465.250 1.436E+09
  1465.500 1.368E+09
  1465.750 1.345E+09
  1466.000 1.466E+09
  1466.250 1.478E+09
  1466.500 1.360E+09
  1466.750 1.294E+09
  1467.000 1.299E+09
  1467.250 1.285E+09
  1467.500 1.257E+09
  1467.750 1.307E+09
  1468.000 1.378E+09
  1468.250 1.399E+09
  1468.500 1.402E+09
  1468.750 1.355E+09
  1469.000 1.257E+09
  1469.250 1.317E+09
  1469.500 1.405E+09
  1469.750 1.367E+09
  1470.000 1.370E+09
  1470.250 1.420E+09
  1470.500 1.365E+09
  1470.750 1.379E+09
  1471.000 1.334E+09
  1471.250 1.356E+09
  1471.500 1.395E+09
  1471.750 1.409E+09
  1472.000 1.469E+09
  1472.250 1.501E+09
  1472.500 1.498E+09
  1472.750 1.510E+09
  1473.000 1.418E+09
  1473.250 1.352E+09
  1473.500 1.479E+09
  1473.750 1.503E+09
  1474.000 1.483E+09
  1474.250 1.521E+09
  1474.500 1.493E+09
  1474.750 1.508E+09
  1475.000 1.509E+09
  1475.250 1.404E+09
  1475.500 1.414E+09
  1475.750 1.496E+09
  1476.000 1.497E+09
  1476.250 1.390E+09
  1476.500 1.270E+09
  1476.750 1.258E+09
  1477.000 1.340E+09
  1477.250 1.443E+09
  1477.500 1.338E+09
  1477.750 1.195E+09
  1478.000 1.172E+09
  1478.250 1.212E+09
  1478.500 1.388E+09
  1478.750 1.508E+09
  1479.000 1.546E+09
  1479.250 1.532E+09
  1479.500 1.437E+09
  1479.750 1.401E+09
  1480.000 1.445E+09
  1480.250 1.432E+09
  1480.500 1.423E+09
  1480.750 1.450E+09
  1481.000 1.411E+09
  1481.250 1.372E+09
  1481.500 1.444E+09
  1481.750 1.497E+09
  1482.000 1.444E+09
  1482.250 1.306E+09
  1482.500 1.328E+09
  1482.750 1.352E+09
  1483.000 1.215E+09
  1483.250 1.210E+09
  1483.500 1.333E+09
  1483.750 1.435E+09
  1484.000 1.419E+09
  1484.250 1.268E+09
  1484.500 1.226E+09
  1484.750 1.333E+09
  1485.000 1.398E+09
  1485.250 1.368E+09
  1485.500 1.378E+09
  1485.750 1.438E+09
  1486.000 1.399E+09
  1486.250 1.303E+09
  1486.500 1.383E+09
  1486.750 1.457E+09
  1487.000 1.461E+09
  1487.250 1.513E+09
  1487.500 1.507E+09
  1487.750 1.448E+09
  1488.000 1.467E+09
  1488.250 1.494E+09
  1488.500 1.454E+09
  1488.750 1.378E+09
  1489.000 1.324E+09
  1489.250 1.280E+09
  1489.500 1.185E+09
  1489.750 1.164E+09
  1490.000 1.277E+09
  1490.250 1.336E+09
  1490.500 1.416E+09
  1490.750 1.426E+09
  1491.000 1.368E+09
  1491.250 1.370E+09
  1491.500 1.348E+09
  1491.750 1.241E+09
  1492.000 1.250E+09
  1492.250 1.427E+09
  1492.500 1.494E+09
  1492.750 1.454E+09
  1493.000 1.413E+09
  1493.250 1.345E+09
  1493.500 1.204E+09
  1493.750 1.209E+09
  1494.000 1.377E+09
  1494.250 1.432E+09
  1494.500 1.428E+09
  1494.750 1.451E+09
  1495.000 1.400E+09
  1495.250 1.299E+09
  1495.500 1.284E+09
  1495.750 1.268E+09
  1496.000 1.261E+09
  1496.250 1.321E+09
  1496.500 1.398E+09
  1496.750 1.387E+09
  1497.000 1.347E+09
  1497.250 1.319E+09
  1497.500 1.291E+09
  1497.750 1.339E+09
  1498.000 1.375E+09
  1498.250 1.370E+09
  1498.500 1.272E+09
  1498.750 1.102E+09
  1499.000 1.137E+09
  1499.250 1.239E+09
  1499.500 1.347E+09
  1499.750 1.359E+09
  1500.000 1.224E+09
  1500.250 1.075E+09
  1500.500 1.180E+09
  1500.750 1.340E+09
  1501.000 1.197E+09
  1501.250 1.010E+09
  1501.500 1.133E+09
  1501.750 1.099E+09
  1502.000 1.069E+09
  1502.250 1.198E+09
  1502.500 1.276E+09
  1502.750 1.246E+09
  1503.000 1.258E+09
  1503.250 1.299E+09
  1503.500 1.294E+09
  1503.750 1.283E+09
  1504.000 1.254E+09
  1504.250 1.313E+09
  1504.500 1.301E+09
  1504.750 1.234E+09
  1505.000 1.192E+09
  1505.250 1.227E+09
  1505.500 1.333E+09
  1505.750 1.297E+09
  1506.000 1.244E+09
  1506.250 1.343E+09
  1506.500 1.440E+09
  1506.750 1.433E+09
  1507.000 1.394E+09
  1507.250 1.327E+09
  1507.500 1.169E+09
  1507.750 1.211E+09
  1508.000 1.330E+09
  1508.250 1.415E+09
  1508.500 1.426E+09
  1508.750 1.314E+09
  1509.000 1.248E+09
  1509.250 1.302E+09
  1509.500 1.389E+09
  1509.750 1.358E+09
  1510.000 1.327E+09
  1510.250 1.401E+09
  1510.500 1.409E+09
  1510.750 1.314E+09
  1511.000 1.145E+09
  1511.250 1.034E+09
  1511.500 1.066E+09
  1511.750 1.125E+09
  1512.000 1.075E+09
  1512.250 9.293E+08
  1512.500 9.732E+08
  1512.750 9.363E+08
  1513.000 9.845E+08
  1513.250 1.076E+09
  1513.500 9.860E+08
  1513.750 1.025E+09
  1514.000 1.205E+09
  1514.250 1.243E+09
  1514.500 1.127E+09
  1514.750 1.088E+09
  1515.000 1.111E+09
  1515.250 1.146E+09
  1515.500 1.110E+09
  1515.750 1.166E+09
  1516.000 1.165E+09
  1516.250 1.085E+09
  1516.500 1.038E+09
  1516.750 1.108E+09
  1517.000 1.156E+09
  1517.250 1.205E+09
  1517.500 1.306E+09
  1517.750 1.312E+09
  1518.000 1.293E+09
  1518.250 1.333E+09
  1518.500 1.283E+09
  1518.750 1.186E+09
  1519.000 1.307E+09
  1519.250 1.418E+09
  1519.500 1.351E+09
  1519.750 1.347E+09
  1520.000 1.404E+09
  1520.250 1.376E+09
  1520.500 1.287E+09
  1520.750 1.247E+09
  1521.000 1.337E+09
  1521.250 1.367E+09
  1521.500 1.314E+09
  1521.750 1.304E+09
  1522.000 1.380E+09
  1522.250 1.448E+09
  1522.500 1.451E+09
  1522.750 1.431E+09
  1523.000 1.431E+09
  1523.250 1.397E+09
  1523.500 1.361E+09
  1523.750 1.311E+09
  1524.000 1.261E+09
  1524.250 1.241E+09
  1524.500 1.122E+09
  1524.750 1.073E+09
  1525.000 1.052E+09
  1525.250 1.058E+09
  1525.500 1.093E+09
  1525.750 1.037E+09
  1526.000 1.029E+09
  1526.250 1.095E+09
  1526.500 1.017E+09
  1526.750 9.555E+08
  1527.000 9.839E+08
  1527.250 9.232E+08
  1527.500 9.769E+08
  1527.750 1.050E+09
  1528.000 1.122E+09
  1528.250 1.197E+09
  1528.500 1.267E+09
  1528.750 1.317E+09
  1529.000 1.341E+09
  1529.250 1.377E+09
  1529.500 1.264E+09
  1529.750 1.042E+09
  1530.000 8.555E+08
  1530.250 8.136E+08
  1530.500 1.084E+09
  1530.750 1.342E+09
  1531.000 1.251E+09
  1531.250 9.439E+08
  1531.500 7.393E+08
  1531.750 7.803E+08
  1532.000 1.041E+09
  1532.250 1.201E+09
  1532.500 1.127E+09
  1532.750 1.056E+09
  1533.000 1.021E+09
  1533.250 9.256E+08
  1533.500 9.085E+08
  1533.750 9.831E+08
  1534.000 1.004E+09
  1534.250 1.143E+09
  1534.500 1.193E+09
  1534.750 1.187E+09
  1535.000 1.179E+09
  1535.250 1.115E+09
  1535.500 1.075E+09
  1535.750 1.133E+09
  1536.000 1.207E+09
  1536.250 1.116E+09
  1536.500 8.868E+08
  1536.750 9.089E+08
  1537.000 1.131E+09
  1537.250 1.158E+09
  1537.500 1.160E+09
  1537.750 1.246E+09
  1538.000 1.224E+09
  1538.250 1.123E+09
  1538.500 1.064E+09
  1538.750 9.969E+08
  1539.000 9.426E+08
  1539.250 9.667E+08
  1539.500 1.083E+09
  1539.750 1.258E+09
  1540.000 1.239E+09
  1540.250 1.116E+09
  1540.500 1.062E+09
  1540.750 9.587E+08
  1541.000 9.527E+08
  1541.250 1.120E+09
  1541.500 1.177E+09
  1541.750 1.028E+09
  1542.000 9.555E+08
  1542.250 9.982E+08
  1542.500 9.590E+08
  1542.750 9.244E+08
  1543.000 1.069E+09
  1543.250 1.109E+09
  1543.500 9.891E+08
  1543.750 9.441E+08
  1544.000 9.386E+08
  1544.250 1.016E+09
  1544.500 1.067E+09
  1544.750 1.107E+09
  1545.000 1.148E+09
  1545.250 1.089E+09
  1545.500 1.089E+09
  1545.750 1.166E+09
  1546.000 1.096E+09
  1546.250 9.879E+08
  1546.500 9.599E+08
  1546.750 9.163E+08
  1547.000 9.085E+08
  1547.250 9.004E+08
  1547.500 7.363E+08
  1547.750 6.553E+08
  1548.000 5.832E+08
  1548.250 5.585E+08
  1548.500 7.286E+08
  1548.750 8.659E+08
  1549.000 9.274E+08
  1549.250 9.713E+08
  1549.500 1.009E+09
  1549.750 9.820E+08
  1550.000 8.331E+08
  1550.250 6.989E+08
  1550.500 6.191E+08
  1550.750 5.102E+08
  1551.000 5.709E+08
  1551.250 7.294E+08
  1551.500 8.592E+08
  1551.750 8.981E+08
  1552.000 8.261E+08
  1552.250 8.194E+08
  1552.500 9.215E+08
  1552.750 9.627E+08
  1553.000 9.499E+08
  1553.250 9.403E+08
  1553.500 9.866E+08
  1553.750 1.085E+09
  1554.000 1.144E+09
  1554.250 1.144E+09
  1554.500 1.079E+09
  1554.750 1.003E+09
  1555.000 1.053E+09
  1555.250 1.110E+09
  1555.500 1.098E+09
  1555.750 9.504E+08
  1556.000 8.230E+08
  1556.250 8.118E+08
  1556.500 7.885E+08
  1556.750 8.862E+08
  1557.000 9.855E+08
  1557.250 9.983E+08
  1557.500 1.048E+09
  1557.750 1.166E+09
  1558.000 1.186E+09
  1558.250 1.097E+09
  1558.500 1.044E+09
  1558.750 1.053E+09
  1559.000 9.992E+08
  1559.250 9.831E+08
  1559.500 1.055E+09
  1559.750 1.115E+09
  1560.000 1.028E+09
  1560.250 9.221E+08
  1560.500 9.796E+08
  1560.750 1.120E+09
  1561.000 1.125E+09
  1561.250 9.997E+08
  1561.500 1.081E+09
  1561.750 1.244E+09
  1562.000 1.270E+09
  1562.250 1.142E+09
  1562.500 1.035E+09
  1562.750 1.005E+09
  1563.000 9.989E+08
  1563.250 1.025E+09
  1563.500 1.101E+09
  1563.750 1.182E+09
  1564.000 1.225E+09
  1564.250 1.095E+09
  1564.500 9.812E+08
  1564.750 1.030E+09
  1565.000 1.173E+09
  1565.250 1.276E+09
  1565.500 1.254E+09
  1565.750 1.167E+09
  1566.000 1.142E+09
  1566.250 1.025E+09
  1566.500 9.147E+08
  1566.750 9.501E+08
  1567.000 1.085E+09
  1567.250 1.229E+09
  1567.500 1.282E+09
  1567.750 1.252E+09
  1568.000 1.166E+09
  1568.250 1.063E+09
  1568.500 1.011E+09
  1568.750 9.767E+08
  1569.000 1.025E+09
  1569.250 1.060E+09
  1569.500 1.174E+09
  1569.750 1.269E+09
  1570.000 1.201E+09
  1570.250 1.063E+09
  1570.500 1.055E+09
  1570.750 1.184E+09
  1571.000 1.210E+09
  1571.250 1.157E+09
  1571.500 1.196E+09
  1571.750 1.234E+09
  1572.000 1.238E+09
  1572.250 1.226E+09
  1572.500 1.126E+09
  1572.750 9.522E+08
  1573.000 9.854E+08
  1573.250 1.212E+09
  1573.500 1.297E+09
  1573.750 1.222E+09
  1574.000 1.187E+09
  1574.250 1.228E+09
  1574.500 1.162E+09
  1574.750 1.063E+09
  1575.000 1.018E+09
  1575.250 9.287E+08
  1575.500 9.726E+08
  1575.750 1.117E+09
  1576.000 1.242E+09
  1576.250 1.218E+09
  1576.500 1.141E+09
  1576.750 1.157E+09
  1577.000 1.046E+09
  1577.250 9.742E+08
  1577.500 1.071E+09
  1577.750 9.986E+08
  1578.000 9.777E+08
  1578.250 1.146E+09
  1578.500 1.156E+09
  1578.750 1.131E+09
  1579.000 1.188E+09
  1579.250 1.116E+09
  1579.500 1.118E+09
  1579.750 1.142E+09
  1580.000 1.001E+09
  1580.250 9.626E+08
  1580.500 1.027E+09
  1580.750 9.440E+08
  1581.000 8.940E+08
  1581.250 9.642E+08
  1581.500 1.119E+09
  1581.750 1.233E+09
  1582.000 1.226E+09
  1582.250 1.070E+09
  1582.500 1.000E+09
  1582.750 1.098E+09
  1583.000 1.101E+09
  1583.250 9.954E+08
  1583.500 1.015E+09
  1583.750 1.072E+09
  1584.000 1.090E+09
  1584.250 1.119E+09
  1584.500 1.119E+09
  1584.750 1.134E+09
  1585.000 1.084E+09
  1585.250 1.093E+09
  1585.500 1.113E+09
  1585.750 1.080E+09
  1586.000 1.156E+09
  1586.250 1.247E+09
  1586.500 1.307E+09
  1586.750 1.319E+09
  1587.000 1.276E+09
  1587.250 1.174E+09
  1587.500 1.113E+09
  1587.750 1.176E+09
  1588.000 1.192E+09
  1588.250 1.202E+09
  1588.500 1.182E+09
  1588.750 1.046E+09
  1589.000 1.025E+09
  1589.250 1.117E+09
  1589.500 1.146E+09
  1589.750 1.171E+09
  1590.000 1.185E+09
  1590.250 1.185E+09
  1590.500 1.112E+09
  1590.750 1.076E+09
  1591.000 1.085E+09
  1591.250 1.039E+09
  1591.500 9.819E+08
  1591.750 9.398E+08
  1592.000 9.276E+08
  1592.250 1.070E+09
  1592.500 1.142E+09
  1592.750 1.135E+09
  1593.000 1.156E+09
  1593.250 1.105E+09
  1593.500 1.016E+09
  1593.750 1.002E+09
  1594.000 1.111E+09
  1594.250 1.213E+09
  1594.500 1.143E+09
  1594.750 9.930E+08
  1595.000 9.255E+08
  1595.250 9.447E+08
  1595.500 9.910E+08
  1595.750 1.065E+09
  1596.000 1.167E+09
  1596.250 1.233E+09
  1596.500 1.231E+09
  1596.750 1.207E+09
  1597.000 1.182E+09
  1597.250 1.144E+09
  1597.500 1.122E+09
  1597.750 1.100E+09
  1598.000 1.086E+09
  1598.250 1.099E+09
  1598.500 1.130E+09
  1598.750 1.227E+09
  1599.000 1.270E+09
  1599.250 1.236E+09
  1599.500 1.225E+09
  1599.750 1.253E+09
  1600.000 1.227E+09
  1600.250 1.093E+09
  1600.500 9.960E+08
  1600.750 1.062E+09
  1601.000 1.016E+09
  1601.250 8.481E+08
  1601.500 8.468E+08
  1601.750 7.892E+08
  1602.000 8.226E+08
  1602.250 1.043E+09
  1602.500 1.162E+09
  1602.750 1.166E+09
  1603.000 1.085E+09
  1603.250 1.089E+09
  1603.500 1.131E+09
  1603.750 1.120E+09
  1604.000 1.174E+09
  1604.250 1.154E+09
  1604.500 1.038E+09
  1604.750 9.422E+08
  1605.000 9.777E+08
  1605.250 1.094E+09
  1605.500 9.818E+08
  1605.750 7.392E+08
  1606.000 8.003E+08
  1606.250 1.028E+09
  1606.500 1.130E+09
  1606.750 1.128E+09
  1607.000 1.085E+09
  1607.250 1.076E+09
  1607.500 9.708E+08
  1607.750 9.114E+08
  1608.000 1.052E+09
  1608.250 1.087E+09
  1608.500 1.057E+09
  1608.750 1.011E+09
  1609.000 8.963E+08
  1609.250 9.580E+08
  1609.500 1.086E+09
  1609.750 9.444E+08
  1610.000 8.077E+08
  1610.250 8.665E+08
  1610.500 9.260E+08
  1610.750 9.721E+08
  1611.000 9.602E+08
  1611.250 9.956E+08
  1611.500 9.224E+08
  1611.750 6.307E+08
  1612.000 6.435E+08
  1612.250 8.767E+08
  1612.500 9.000E+08
  1612.750 9.234E+08
  1613.000 1.102E+09
  1613.250 1.141E+09
  1613.500 1.069E+09
  1613.750 1.015E+09
  1614.000 9.452E+08
  1614.250 1.035E+09
  1614.500 1.104E+09
  1614.750 1.108E+09
  1615.000 1.097E+09
  1615.250 1.041E+09
  1615.500 1.036E+09
  1615.750 1.100E+09
  1616.000 1.164E+09
  1616.250 1.170E+09
  1616.500 1.131E+09
  1616.750 1.095E+09
  1617.000 1.123E+09
  1617.250 1.119E+09
  1617.500 1.101E+09
  1617.750 1.058E+09
  1618.000 1.118E+09
  1618.250 1.148E+09
  1618.500 1.060E+09
  1618.750 1.014E+09
  1619.000 1.037E+09
  1619.250 1.049E+09
  1619.500 1.044E+09
  1619.750 1.067E+09
  1620.000 9.793E+08
  1620.250 8.346E+08
  1620.500 7.636E+08
  1620.750 7.913E+08
  1621.000 8.626E+08
  1621.250 9.627E+08
  1621.500 9.904E+08
  1621.750 9.541E+08
  1622.000 1.031E+09
  1622.250 1.134E+09
  1622.500 1.174E+09
  1622.750 1.171E+09
  1623.000 1.133E+09
  1623.250 1.027E+09
  1623.500 9.010E+08
  1623.750 9.360E+08
  1624.000 9.529E+08
  1624.250 9.956E+08
  1624.500 1.058E+09
  1624.750 1.036E+09
  1625.000 1.056E+09
  1625.250 1.124E+09
  1625.500 1.111E+09
  1625.750 1.068E+09
  1626.000 1.024E+09
  1626.250 9.750E+08
  1626.500 1.006E+09
  1626.750 1.026E+09
  1627.000 9.691E+08
  1627.250 9.401E+08
  1627.500 9.783E+08
  1627.750 9.943E+08
  1628.000 9.807E+08
  1628.250 9.415E+08
  1628.500 9.682E+08
  1628.750 9.747E+08
  1629.000 8.177E+08
  1629.250 7.675E+08
  1629.500 9.289E+08
  1629.750 1.058E+09
  1630.000 1.003E+09
  1630.250 9.192E+08
  1630.500 9.368E+08
  1630.750 9.669E+08
  1631.000 9.479E+08
  1631.250 9.350E+08
  1631.500 9.056E+08
  1631.750 8.914E+08
  1632.000 8.787E+08
  1632.250 8.297E+08
  1632.500 8.754E+08
  1632.750 9.982E+08
  1633.000 1.103E+09
  1633.250 1.158E+09
  1633.500 1.151E+09
  1633.750 1.043E+09
  1634.000 9.771E+08
  1634.250 1.019E+09
  1634.500 9.984E+08
  1634.750 1.018E+09
  1635.000 1.071E+09
  1635.250 1.047E+09
  1635.500 1.007E+09
  1635.750 1.009E+09
  1636.000 1.101E+09
  1636.250 1.140E+09
  1636.500 1.147E+09
  1636.750 1.143E+09
  1637.000 1.087E+09
  1637.250 1.096E+09
  1637.500 1.144E+09
  1637.750 1.152E+09
  1638.000 1.106E+09
  1638.250 1.063E+09
  1638.500 1.110E+09
  1638.750 1.162E+09
  1639.000 1.139E+09
  1639.250 1.068E+09
  1639.500 1.042E+09
  1639.750 9.788E+08
  1640.000 7.553E+08
  1640.250 6.318E+08
  1640.500 6.896E+08
  1640.750 8.584E+08
  1641.000 1.027E+09
  1641.250 1.109E+09
  1641.500 1.073E+09
  1641.750 9.904E+08
  1642.000 1.000E+09
  1642.250 1.060E+09
  1642.500 1.079E+09
  1642.750 1.003E+09
  1643.000 1.029E+09
  1643.250 1.127E+09
  1643.500 1.152E+09
  1643.750 1.137E+09
  1644.000 1.118E+09
  1644.250 1.087E+09
  1644.500 1.045E+09
  1644.750 1.012E+09
  1645.000 9.483E+08
  1645.250 1.016E+09
  1645.500 1.087E+09
  1645.750 1.068E+09
  1646.000 1.071E+09
  1646.250 1.090E+09
  1646.500 1.120E+09
  1646.750 1.108E+09
  1647.000 1.012E+09
  1647.250 1.007E+09
  1647.500 1.083E+09
  1647.750 1.141E+09
  1648.000 1.159E+09
  1648.250 1.127E+09
  1648.500 1.126E+09
  1648.750 1.109E+09
  1649.000 1.048E+09
  1649.250 1.044E+09
  1649.500 1.052E+09
  1649.750 1.006E+09
  1650.000 1.032E+09
  1650.250 1.085E+09
  1650.500 1.059E+09
  1650.750 1.051E+09
  1651.000 1.077E+09
  1651.250 1.066E+09
  1651.500 1.009E+09
  1651.750 9.798E+08
  1652.000 9.609E+08
  1652.250 9.904E+08
  1652.500 1.058E+09
  1652.750 9.254E+08
  1653.000 7.372E+08
  1653.250 6.815E+08
  1653.500 6.699E+08
  1653.750 7.390E+08
  1654.000 9.109E+08
  1654.250 1.022E+09
  1654.500 1.070E+09
  1654.750 1.089E+09
  1655.000 1.116E+09
  1655.250 1.141E+09
  1655.500 1.145E+09
  1655.750 1.115E+09
  1656.000 9.924E+08
  1656.250 9.165E+08
  1656.500 8.746E+08
  1656.750 8.412E+08
  1657.000 9.142E+08
  1657.250 9.837E+08
  1657.500 9.989E+08
  1657.750 9.593E+08
  1658.000 9.473E+08
  1658.250 9.380E+08
  1658.500 9.846E+08
  1658.750 1.066E+09
  1659.000 1.060E+09
  1659.250 1.014E+09
  1659.500 9.876E+08
  1659.750 1.034E+09
  1660.000 1.021E+09
  1660.250 1.028E+09
  1660.500 1.072E+09
  1660.750 1.071E+09
  1661.000 9.744E+08
  1661.250 9.105E+08
  1661.500 9.342E+08
  1661.750 9.239E+08
  1662.000 9.876E+08
  1662.250 9.726E+08
  1662.500 9.604E+08
  1662.750 1.049E+09
  1663.000 1.060E+09
  1663.250 1.046E+09
  1663.500 1.016E+09
  1663.750 1.062E+09
  1664.000 1.123E+09
  1664.250 1.112E+09
  1664.500 1.045E+09
  1664.750 9.919E+08
  1665.000 1.000E+09
  1665.250 1.044E+09
  1665.500 1.083E+09
  1665.750 1.106E+09
  1666.000 1.067E+09
  1666.250 9.750E+08
  1666.500 8.262E+08
  1666.750 8.385E+08
  1667.000 9.619E+08
  1667.250 1.071E+09
  1667.500 1.076E+09
  1667.750 1.004E+09
  1668.000 9.257E+08
  1668.250 9.381E+08
  1668.500 1.022E+09
  1668.750 1.094E+09
  1669.000 1.092E+09
  1669.250 9.917E+08
  1669.500 8.636E+08
  1669.750 8.663E+08
  1670.000 9.858E+08
  1670.250 1.049E+09
  1670.500 9.921E+08
  1670.750 8.369E+08
  1671.000 8.206E+08
  1671.250 9.698E+08
  1671.500 1.064E+09
  1671.750 1.020E+09
  1672.000 9.394E+08
  1672.250 8.778E+08
  1672.500 8.730E+08
  1672.750 8.953E+08
  1673.000 9.107E+08
  1673.250 9.099E+08
  1673.500 8.986E+08
  1673.750 9.532E+08
  1674.000 1.065E+09
  1674.250 1.106E+09
  1674.500 1.096E+09
  1674.750 1.102E+09
  1675.000 1.064E+09
  1675.250 9.829E+08
  1675.500 9.410E+08
  1675.750 9.644E+08
  1676.000 1.003E+09
  1676.250 9.517E+08
  1676.500 9.196E+08
  1676.750 9.581E+08
  1677.000 9.933E+08
  1677.250 1.044E+09
  1677.500 1.086E+09
  1677.750 1.076E+09
  1678.000 1.064E+09
  1678.250 1.061E+09
  1678.500 1.086E+09
  1678.750 1.105E+09
  1679.000 1.075E+09
  1679.250 1.031E+09
  1679.500 1.042E+09
  1679.750 1.081E+09
  1680.000 1.101E+09
  1680.250 1.096E+09
  1680.500 1.052E+09
  1680.750 1.056E+09
  1681.000 1.041E+09
  1681.250 9.789E+08
  1681.500 9.649E+08
  1681.750 9.093E+08
  1682.000 8.877E+08
  1682.250 9.653E+08
  1682.500 1.001E+09
  1682.750 1.062E+09
  1683.000 1.094E+09
  1683.250 1.077E+09
  1683.500 1.017E+09
  1683.750 9.895E+08
  1684.000 1.035E+09
  1684.250 1.069E+09
  1684.500 1.084E+09
  1684.750 1.086E+09
  1685.000 1.073E+09
  1685.250 1.085E+09
  1685.500 1.091E+09
  1685.750 1.037E+09
  1686.000 9.706E+08
  1686.250 9.583E+08
  1686.500 9.386E+08
  1686.750 9.148E+08
  1687.000 9.873E+08
  1687.250 9.686E+08
  1687.500 8.281E+08
  1687.750 7.443E+08
  1688.000 8.541E+08
  1688.250 1.033E+09
  1688.500 1.092E+09
  1688.750 1.091E+09
  1689.000 1.084E+09
  1689.250 1.070E+09
  1689.500 1.021E+09
  1689.750 9.458E+08
  1690.000 8.791E+08
  1690.250 8.376E+08
  1690.500 8.388E+08
  1690.750 8.698E+08
  1691.000 9.286E+08
  1691.250 1.026E+09
  1691.500 1.048E+09
  1691.750 1.001E+09
  1692.000 9.214E+08
  1692.250 8.401E+08
  1692.500 8.165E+08
  1692.750 8.919E+08
  1693.000 9.662E+08
  1693.250 9.946E+08
  1693.500 9.940E+08
  1693.750 1.001E+09
  1694.000 9.898E+08
  1694.250 9.446E+08
  1694.500 9.140E+08
  1694.750 9.328E+08
  1695.000 9.123E+08
  1695.250 9.103E+08
  1695.500 8.619E+08
  1695.750 8.236E+08
  1696.000 8.595E+08
  1696.250 9.596E+08
  1696.500 1.012E+09
  1696.750 9.744E+08
  1697.000 1.004E+09
  1697.250 1.046E+09
  1697.500 1.021E+09
  1697.750 9.811E+08
  1698.000 8.916E+08
  1698.250 8.660E+08
  1698.500 9.346E+08
  1698.750 8.707E+08
  1699.000 7.955E+08
  1699.250 8.555E+08
  1699.500 9.395E+08
  1699.750 1.014E+09
  1700.000 1.036E+09
  1700.250 9.584E+08
  1700.500 9.275E+08
  1700.750 9.177E+08
  1701.000 8.743E+08
  1701.250 8.775E+08
  1701.500 8.240E+08
  1701.750 8.785E+08
  1702.000 9.509E+08
  1702.250 9.792E+08
  1702.500 9.562E+08
  1702.750 9.431E+08
  1703.000 1.001E+09
  1703.250 9.787E+08
  1703.500 9.119E+08
  1703.750 9.422E+08
  1704.000 9.510E+08
  1704.250 9.532E+08
  1704.500 9.447E+08
  1704.750 9.169E+08
  1705.000 9.594E+08
  1705.250 1.037E+09
  1705.500 1.035E+09
  1705.750 9.447E+08
  1706.000 8.626E+08
  1706.250 8.677E+08
  1706.500 9.103E+08
  1706.750 9.707E+08
  1707.000 9.115E+08
  1707.250 6.932E+08
  1707.500 7.245E+08
  1707.750 9.235E+08
  1708.000 9.847E+08
  1708.250 9.846E+08
  1708.500 8.815E+08
  1708.750 8.902E+08
  1709.000 1.001E+09
  1709.250 1.012E+09
  1709.500 9.141E+08
  1709.750 7.422E+08
  1710.000 7.531E+08
  1710.250 8.407E+08
  1710.500 8.866E+08
  1710.750 9.261E+08
  1711.000 9.131E+08
  1711.250 8.683E+08
  1711.500 7.741E+08
  1711.750 7.834E+08
  1712.000 9.268E+08
  1712.250 1.004E+09
  1712.500 9.087E+08
  1712.750 8.014E+08
  1713.000 8.942E+08
  1713.250 9.933E+08
  1713.500 9.546E+08
  1713.750 8.889E+08
  1714.000 8.869E+08
  1714.250 9.012E+08
  1714.500 8.657E+08
  1714.750 8.427E+08
  1715.000 8.412E+08
  1715.250 8.205E+08
  1715.500 8.776E+08
  1715.750 8.650E+08
  1716.000 8.545E+08
  1716.250 9.021E+08
  1716.500 8.978E+08
  1716.750 8.358E+08
  1717.000 8.010E+08
  1717.250 8.284E+08
  1717.500 8.578E+08
  1717.750 8.511E+08
  1718.000 7.467E+08
  1718.250 6.580E+08
  1718.500 6.737E+08
  1718.750 7.580E+08
  1719.000 8.102E+08
  1719.250 8.272E+08
  1719.500 8.095E+08
  1719.750 8.222E+08
  1720.000 8.209E+08
  1720.250 8.913E+08
  1720.500 8.310E+08
  1720.750 7.478E+08
  1721.000 8.004E+08
  1721.250 8.278E+08
  1721.500 8.807E+08
  1721.750 9.198E+08
  1722.000 8.600E+08
  1722.250 7.489E+08
  1722.500 6.489E+08
  1722.750 6.226E+08
  1723.000 8.067E+08
  1723.250 9.639E+08
  1723.500 9.010E+08
  1723.750 7.610E+08
  1724.000 6.817E+08
  1724.250 6.890E+08
  1724.500 7.420E+08
  1724.750 8.371E+08
  1725.000 9.153E+08
  1725.250 9.204E+08
  1725.500 8.548E+08
  1725.750 8.583E+08
  1726.000 9.285E+08
  1726.250 9.319E+08
  1726.500 8.958E+08
  1726.750 9.204E+08
  1727.000 9.332E+08
  1727.250 8.590E+08
  1727.500 8.188E+08
  1727.750 8.804E+08
  1728.000 9.137E+08
  1728.250 8.836E+08
  1728.500 8.467E+08
  1728.750 8.523E+08
  1729.000 8.944E+08
  1729.250 8.443E+08
  1729.500 8.501E+08
  1729.750 9.086E+08
  1730.000 8.967E+08
  1730.250 8.109E+08
  1730.500 7.746E+08
  1730.750 8.141E+08
  1731.000 8.663E+08
  1731.250 8.407E+08
  1731.500 8.009E+08
  1731.750 8.557E+08
  1732.000 9.302E+08
  1732.250 9.247E+08
  1732.500 8.678E+08
  1732.750 8.348E+08
  1733.000 7.973E+08
  1733.250 8.669E+08
  1733.500 9.281E+08
  1733.750 8.569E+08
  1734.000 8.250E+08
  1734.250 8.713E+08
  1734.500 9.078E+08
  1734.750 9.264E+08
  1735.000 9.549E+08
  1735.250 9.422E+08
  1735.500 8.566E+08
  1735.750 8.042E+08
  1736.000 7.902E+08
  1736.250 8.213E+08
  1736.500 9.226E+08
  1736.750 9.989E+08
  1737.000 9.989E+08
  1737.250 9.468E+08
  1737.500 9.178E+08
  1737.750 9.478E+08
  1738.000 9.260E+08
  1738.250 7.830E+08
  1738.500 6.656E+08
  1738.750 6.495E+08
  1739.000 7.590E+08
  1739.250 8.557E+08
  1739.500 9.097E+08
  1739.750 8.741E+08
  1740.000 8.868E+08
  1740.250 9.353E+08
  1740.500 8.842E+08
  1740.750 7.486E+08
  1741.000 7.467E+08
  1741.250 8.649E+08
  1741.500 8.989E+08
  1741.750 8.286E+08
  1742.000 7.421E+08
  1742.250 8.241E+08
  1742.500 9.111E+08
  1742.750 8.785E+08
  1743.000 8.781E+08
  1743.250 9.259E+08
  1743.500 9.339E+08
  1743.750 9.352E+08
  1744.000 8.917E+08
  1744.250 8.680E+08
  1744.500 9.405E+08
  1744.750 9.576E+08
  1745.000 9.192E+08
  1745.250 8.864E+08
  1745.500 8.317E+08
  1745.750 8.553E+08
  1746.000 9.330E+08
  1746.250 9.353E+08
  1746.500 8.885E+08
  1746.750 8.110E+08
  1747.000 7.182E+08
  1747.250 7.116E+08
  1747.500 7.508E+08
  1747.750 7.030E+08
  1748.000 7.065E+08
  1748.250 7.369E+08
  1748.500 7.953E+08
  1748.750 8.734E+08
  1749.000 8.549E+08
  1749.250 8.176E+08
  1749.500 8.252E+08
  1749.750 8.627E+08
  1750.000 8.507E+08
  1750.250 7.881E+08
  1750.500 8.237E+08
  1750.750 8.833E+08
  1751.000 7.962E+08
  1751.250 6.998E+08
  1751.500 6.904E+08
  1751.750 6.878E+08
  1752.000 7.853E+08
  1752.250 8.179E+08
  1752.500 8.291E+08
  1752.750 8.116E+08
  1753.000 6.776E+08
  1753.250 6.659E+08
  1753.500 7.216E+08
  1753.750 8.206E+08
  1754.000 9.018E+08
  1754.250 9.583E+08
  1754.500 9.376E+08
  1754.750 8.919E+08
  1755.000 8.935E+08
  1755.250 9.299E+08
  1755.500 9.204E+08
  1755.750 9.007E+08
  1756.000 9.253E+08
  1756.250 9.623E+08
  1756.500 9.687E+08
  1756.750 9.304E+08
  1757.000 8.986E+08
  1757.250 9.377E+08
  1757.500 9.568E+08
  1757.750 9.426E+08
  1758.000 9.290E+08
  1758.250 8.812E+08
  1758.500 7.722E+08
  1758.750 7.819E+08
  1759.000 8.413E+08
  1759.250 8.938E+08
  1759.500 9.318E+08
  1759.750 9.264E+08
  1760.000 8.882E+08
  1760.250 7.672E+08
  1760.500 7.257E+08
  1760.750 8.221E+08
  1761.000 8.412E+08
  1761.250 8.261E+08
  1761.500 8.730E+08
  1761.750 9.027E+08
  1762.000 9.160E+08
  1762.250 8.835E+08
  1762.500 8.688E+08
  1762.750 8.771E+08
  1763.000 8.583E+08
  1763.250 8.795E+08
  1763.500 8.533E+08
  1763.750 8.291E+08
  1764.000 8.528E+08
  1764.250 8.755E+08
  1764.500 7.852E+08
  1764.750 7.062E+08
  1765.000 8.131E+08
  1765.250 9.168E+08
  1765.500 9.500E+08
  1765.750 9.491E+08
  1766.000 9.279E+08
  1766.250 8.989E+08
  1766.500 9.111E+08
  1766.750 9.373E+08
  1767.000 9.056E+08
  1767.250 8.713E+08
  1767.500 8.840E+08
  1767.750 8.477E+08
  1768.000 8.166E+08
  1768.250 8.745E+08
  1768.500 9.138E+08
  1768.750 9.331E+08
  1769.000 9.241E+08
  1769.250 8.781E+08
  1769.500 7.800E+08
  1769.750 7.449E+08
  1770.000 7.552E+08
  1770.250 7.167E+08
  1770.500 7.290E+08
  1770.750 8.010E+08
  1771.000 8.383E+08
  1771.250 8.251E+08
  1771.500 7.836E+08
  1771.750 7.867E+08
  1772.000 7.718E+08
  1772.250 8.194E+08
  1772.500 8.599E+08
  1772.750 8.375E+08
  1773.000 7.580E+08
  1773.250 7.358E+08
  1773.500 7.098E+08
  1773.750 6.857E+08
  1774.000 8.125E+08
  1774.250 8.871E+08
  1774.500 8.520E+08
  1774.750 8.531E+08
  1775.000 8.573E+08
  1775.250 7.661E+08
  1775.500 7.191E+08
  1775.750 6.759E+08
  1776.000 6.322E+08
  1776.250 7.370E+08
  1776.500 8.216E+08
  1776.750 7.849E+08
  1777.000 7.386E+08
  1777.250 7.887E+08
  1777.500 8.335E+08
  1777.750 7.870E+08
  1778.000 8.303E+08
  1778.250 8.615E+08
  1778.500 7.710E+08
  1778.750 6.764E+08
  1779.000 7.114E+08
  1779.250 7.681E+08
  1779.500 8.049E+08
  1779.750 8.211E+08
  1780.000 8.132E+08
  1780.250 8.506E+08
  1780.500 8.453E+08
  1780.750 8.198E+08
  1781.000 7.896E+08
  1781.250 7.799E+08
  1781.500 8.641E+08
  1781.750 8.933E+08
  1782.000 8.502E+08
  1782.250 8.101E+08
  1782.500 7.960E+08
  1782.750 7.176E+08
  1783.000 6.171E+08
  1783.250 7.094E+08
  1783.500 8.598E+08
  1783.750 8.847E+08
  1784.000 8.717E+08
  1784.250 8.515E+08
  1784.500 7.756E+08
  1784.750 7.301E+08
  1785.000 7.584E+08
  1785.250 8.267E+08
  1785.500 8.797E+08
  1785.750 8.855E+08
  1786.000 8.429E+08
  1786.250 7.566E+08
  1786.500 6.587E+08
  1786.750 6.824E+08
  1787.000 7.153E+08
  1787.250 7.835E+08
  1787.500 8.293E+08
  1787.750 8.387E+08
  1788.000 7.576E+08
  1788.250 6.425E+08
  1788.500 6.503E+08
  1788.750 7.231E+08
  1789.000 7.499E+08
  1789.250 8.018E+08
  1789.500 8.275E+08
  1789.750 8.203E+08
  1790.000 7.921E+08
  1790.250 7.377E+08
  1790.500 7.256E+08
  1790.750 7.328E+08
  1791.000 6.815E+08
  1791.250 6.599E+08
  1791.500 6.739E+08
  1791.750 7.320E+08
  1792.000 7.592E+08
  1792.250 7.482E+08
  1792.500 7.393E+08
  1792.750 7.473E+08
  1793.000 7.431E+08
  1793.250 8.064E+08
  1793.500 8.237E+08
  1793.750 7.275E+08
  1794.000 7.496E+08
  1794.250 8.638E+08
  1794.500 8.672E+08
  1794.750 7.731E+08
  1795.000 7.551E+08
  1795.250 8.298E+08
  1795.500 8.652E+08
  1795.750 8.527E+08
  1796.000 8.702E+08
  1796.250 8.887E+08
  1796.500 8.933E+08
  1796.750 8.602E+08
  1797.000 8.353E+08
  1797.250 8.675E+08
  1797.500 8.705E+08
  1797.750 8.357E+08
  1798.000 7.945E+08
  1798.250 7.429E+08
  1798.500 7.493E+08
  1798.750 8.266E+08
  1799.000 8.609E+08
  1799.250 8.783E+08
  1799.500 8.777E+08
  1799.750 8.643E+08
  1800.000 8.252E+08
  1800.250 8.389E+08
  1800.500 8.680E+08
  1800.750 8.778E+08
  1801.000 8.695E+08
  1801.250 8.271E+08
  1801.500 7.471E+08
  1801.750 7.429E+08
  1802.000 8.283E+08
  1802.250 8.857E+08
  1802.500 8.576E+08
  1802.750 8.030E+08
  1803.000 7.851E+08
  1803.250 7.915E+08
  1803.500 8.420E+08
  1803.750 8.889E+08
  1804.000 8.738E+08
  1804.250 8.017E+08
  1804.500 7.744E+08
  1804.750 8.480E+08
  1805.000 8.445E+08
  1805.250 7.589E+08
  1805.500 7.537E+08
  1805.750 8.172E+08
  1806.000 8.510E+08
  1806.250 8.201E+08
  1806.500 7.669E+08
  1806.750 7.852E+08
  1807.000 7.477E+08
  1807.250 7.250E+08
  1807.500 7.868E+08
  1807.750 8.010E+08
  1808.000 7.656E+08
  1808.250 7.601E+08
  1808.500 8.107E+08
  1808.750 8.518E+08
  1809.000 8.330E+08
  1809.250 7.503E+08
  1809.500 7.525E+08
  1809.750 7.881E+08
  1810.000 7.956E+08
  1810.250 7.882E+08
  1810.500 7.612E+08
  1810.750 7.995E+08
  1811.000 8.021E+08
  1811.250 7.276E+08
  1811.500 6.303E+08
  1811.750 5.577E+08
  1812.000 6.166E+08
  1812.250 6.935E+08
  1812.500 6.812E+08
  1812.750 6.111E+08
  1813.000 6.171E+08
  1813.250 7.281E+08
  1813.500 8.085E+08
  1813.750 7.828E+08
  1814.000 7.719E+08
  1814.250 8.161E+08
  1814.500 8.554E+08
  1814.750 8.297E+08
  1815.000 6.990E+08
  1815.250 5.593E+08
  1815.500 6.047E+08
  1815.750 6.058E+08
  1816.000 5.810E+08
  1816.250 6.903E+08
  1816.500 7.562E+08
  1816.750 7.397E+08
  1817.000 7.456E+08
  1817.250 7.569E+08
  1817.500 6.790E+08
  1817.750 6.999E+08
  1818.000 8.178E+08
  1818.250 8.685E+08
  1818.500 8.656E+08
  1818.750 8.463E+08
  1819.000 7.809E+08
  1819.250 6.412E+08
  1819.500 5.888E+08
  1819.750 6.179E+08
  1820.000 6.718E+08
  1820.250 7.035E+08
  1820.500 7.122E+08
  1820.750 7.704E+08
  1821.000 7.752E+08
  1821.250 7.840E+08
  1821.500 7.685E+08
  1821.750 6.729E+08
  1822.000 6.397E+08
  1822.250 7.079E+08
  1822.500 7.821E+08
  1822.750 7.524E+08
  1823.000 6.786E+08
  1823.250 7.304E+08
  1823.500 7.765E+08
  1823.750 7.721E+08
  1824.000 8.092E+08
  1824.250 8.536E+08
  1824.500 8.144E+08
  1824.750 7.343E+08
  1825.000 6.955E+08
  1825.250 7.481E+08
  1825.500 8.148E+08
  1825.750 7.974E+08
  1826.000 6.966E+08
  1826.250 6.339E+08
  1826.500 7.170E+08
  1826.750 7.849E+08
  1827.000 7.867E+08
  1827.250 7.878E+08
  1827.500 8.021E+08
  1827.750 8.056E+08
  1828.000 7.584E+08
  1828.250 7.559E+08
  1828.500 7.795E+08
  1828.750 7.682E+08
  1829.000 7.465E+08
  1829.250 7.544E+08
  1829.500 7.794E+08
  1829.750 6.878E+08
  1830.000 5.632E+08
  1830.250 6.100E+08
  1830.500 6.618E+08
  1830.750 6.702E+08
  1831.000 7.284E+08
  1831.250 7.308E+08
  1831.500 7.072E+08
  1831.750 7.557E+08
  1832.000 7.857E+08
  1832.250 7.930E+08
  1832.500 7.667E+08
  1832.750 7.519E+08
  1833.000 7.375E+08
  1833.250 7.359E+08
  1833.500 7.487E+08
  1833.750 7.372E+08
  1834.000 7.433E+08
  1834.250 7.686E+08
  1834.500 7.995E+08
  1834.750 7.375E+08
  1835.000 6.936E+08
  1835.250 7.548E+08
  1835.500 7.983E+08
  1835.750 8.230E+08
  1836.000 8.188E+08
  1836.250 7.982E+08
  1836.500 7.986E+08
  1836.750 7.728E+08
  1837.000 7.718E+08
  1837.250 7.574E+08
  1837.500 6.572E+08
  1837.750 6.327E+08
  1838.000 7.063E+08
  1838.250 6.994E+08
  1838.500 6.577E+08
  1838.750 6.645E+08
  1839.000 7.560E+08
  1839.250 7.924E+08
  1839.500 7.802E+08
  1839.750 7.892E+08
  1840.000 7.277E+08
  1840.250 6.500E+08
  1840.500 6.916E+08
  1840.750 7.544E+08
  1841.000 7.751E+08
  1841.250 7.159E+08
  1841.500 6.566E+08
  1841.750 7.327E+08
  1842.000 7.691E+08
  1842.250 7.542E+08
  1842.500 6.775E+08
  1842.750 6.438E+08
  1843.000 6.361E+08
  1843.250 5.980E+08
  1843.500 5.637E+08
  1843.750 6.560E+08
  1844.000 6.687E+08
  1844.250 6.385E+08
  1844.500 6.518E+08
  1844.750 6.759E+08
  1845.000 6.652E+08
  1845.250 6.278E+08
  1845.500 6.057E+08
  1845.750 6.857E+08
  1846.000 7.494E+08
  1846.250 7.402E+08
  1846.500 7.490E+08
  1846.750 7.262E+08
  1847.000 6.532E+08
  1847.250 6.144E+08
  1847.500 6.490E+08
  1847.750 6.790E+08
  1848.000 6.773E+08
  1848.250 6.687E+08
  1848.500 6.669E+08
  1848.750 6.845E+08
  1849.000 6.517E+08
  1849.250 5.212E+08
  1849.500 4.736E+08
  1849.750 5.162E+08
  1850.000 3.540E+08
