   850.000 3.042E+03
   850.250 3.049E+03
   850.500 3.061E+03
   850.750 3.073E+03
   851.000 3.084E+03
   851.250 3.095E+03
   851.500 3.106E+03
   851.750 3.117E+03
   852.000 3.128E+03
   852.250 3.139E+03
   852.500 3.151E+03
   852.750 3.162E+03
   853.000 3.173E+03
   853.250 3.185E+03
   853.500 3.196E+03
   853.750 3.207E+03
   854.000 3.218E+03
   854.250 3.229E+03
   854.500 3.242E+03
   854.750 3.254E+03
   855.000 3.265E+03
   855.250 3.277E+03
   855.500 3.288E+03
   855.750 3.300E+03
   856.000 3.312E+03
   856.250 3.323E+03
   856.500 3.335E+03
   856.750 3.347E+03
   857.000 3.359E+03
   857.250 3.370E+03
   857.500 3.380E+03
   857.750 3.369E+03
   858.000 3.320E+03
   858.250 3.308E+03
   858.500 3.300E+03
   858.750 3.361E+03
   859.000 3.441E+03
   859.250 3.465E+03
   859.500 3.469E+03
   859.750 3.476E+03
   860.000 3.497E+03
   860.250 3.514E+03
   860.500 3.527E+03
   860.750 3.541E+03
   861.000 3.554E+03
   861.250 3.566E+03
   861.500 3.574E+03
   861.750 3.578E+03
   862.000 3.593E+03
   862.250 3.612E+03
   862.500 3.607E+03
   862.750 3.538E+03
   863.000 3.488E+03
   863.250 3.532E+03
   863.500 3.584E+03
   863.750 3.661E+03
   864.000 3.699E+03
   864.250 3.716E+03
   864.500 3.731E+03
   864.750 3.744E+03
   865.000 3.757E+03
   865.250 3.770E+03
   865.500 3.784E+03
   865.750 3.796E+03
   866.000 3.809E+03
   866.250 3.822E+03
   866.500 3.833E+03
   866.750 3.842E+03
   867.000 3.858E+03
   867.250 3.875E+03
   867.500 3.890E+03
   867.750 3.903E+03
   868.000 3.917E+03
   868.250 3.930E+03
   868.500 3.944E+03
   868.750 3.957E+03
   869.000 3.971E+03
   869.250 3.985E+03
   869.500 3.998E+03
   869.750 4.012E+03
   870.000 4.026E+03
   870.250 4.040E+03
   870.500 4.053E+03
   870.750 4.068E+03
   871.000 4.082E+03
   871.250 4.096E+03
   871.500 4.110E+03
   871.750 4.124E+03
   872.000 4.138E+03
   872.250 4.152E+03
   872.500 4.166E+03
   872.750 4.181E+03
   873.000 4.195E+03
   873.250 4.209E+03
   873.500 4.223E+03
   873.750 4.238E+03
   874.000 4.252E+03
   874.250 4.267E+03
   874.500 4.281E+03
   874.750 4.295E+03
   875.000 4.294E+03
   875.250 4.234E+03
   875.500 4.196E+03
   875.750 4.261E+03
   876.000 4.318E+03
   876.250 4.365E+03
   876.500 4.396E+03
   876.750 4.414E+03
   877.000 4.429E+03
   877.250 4.443E+03
   877.500 4.442E+03
   877.750 4.416E+03
   878.000 4.434E+03
   878.250 4.486E+03
   878.500 4.514E+03
   878.750 4.514E+03
   879.000 4.502E+03
   879.250 4.529E+03
   879.500 4.559E+03
   879.750 4.584E+03
   880.000 4.609E+03
   880.250 4.627E+03
   880.500 4.642E+03
   880.750 4.658E+03
   881.000 4.673E+03
   881.250 4.689E+03
   881.500 4.705E+03
   881.750 4.721E+03
   882.000 4.737E+03
   882.250 4.752E+03
   882.500 4.768E+03
   882.750 4.784E+03
   883.000 4.800E+03
   883.250 4.816E+03
   883.500 4.832E+03
   883.750 4.848E+03
   884.000 4.865E+03
   884.250 4.881E+03
   884.500 4.897E+03
   884.750 4.913E+03
   885.000 4.929E+03
   885.250 4.945E+03
   885.500 4.962E+03
   885.750 4.978E+03
   886.000 4.994E+03
   886.250 5.010E+03
   886.500 5.026E+03
   886.750 5.044E+03
   887.000 5.061E+03
   887.250 5.078E+03
   887.500 5.095E+03
   887.750 5.112E+03
   888.000 5.129E+03
   888.250 5.146E+03
   888.500 5.163E+03
   888.750 5.180E+03
   889.000 5.197E+03
   889.250 5.212E+03
   889.500 5.220E+03
   889.750 5.229E+03
   890.000 5.257E+03
   890.250 5.282E+03
   890.500 5.300E+03
   890.750 5.317E+03
   891.000 5.334E+03
   891.250 5.351E+03
   891.500 5.367E+03
   891.750 5.370E+03
   892.000 5.369E+03
   892.250 5.404E+03
   892.500 5.437E+03
   892.750 5.458E+03
   893.000 5.476E+03
   893.250 5.494E+03
   893.500 5.512E+03
   893.750 5.529E+03
   894.000 5.547E+03
   894.250 5.566E+03
   894.500 5.584E+03
   894.750 5.602E+03
   895.000 5.620E+03
   895.250 5.639E+03
   895.500 5.657E+03
   895.750 5.676E+03
   896.000 5.694E+03
   896.250 5.712E+03
   896.500 5.731E+03
   896.750 5.749E+03
   897.000 5.768E+03
   897.250 5.787E+03
   897.500 5.805E+03
   897.750 5.824E+03
   898.000 5.843E+03
   898.250 5.862E+03
   898.500 5.881E+03
   898.750 5.899E+03
   899.000 5.918E+03
   899.250 5.934E+03
   899.500 5.952E+03
   899.750 5.971E+03
   900.000 5.989E+03
   900.250 6.011E+03
   900.500 6.032E+03
   900.750 6.052E+03
   901.000 6.072E+03
   901.250 6.091E+03
   901.500 6.107E+03
   901.750 6.123E+03
   902.000 6.147E+03
   902.250 6.170E+03
   902.500 6.190E+03
   902.750 6.209E+03
   903.000 6.226E+03
   903.250 6.195E+03
   903.500 6.030E+03
   903.750 5.848E+03
   904.000 5.690E+03
   904.250 5.779E+03
   904.500 6.014E+03
   904.750 6.254E+03
   905.000 6.375E+03
   905.250 6.406E+03
   905.500 6.428E+03
   905.750 6.449E+03
   906.000 6.464E+03
   906.250 6.434E+03
   906.500 6.376E+03
   906.750 6.396E+03
   907.000 6.469E+03
   907.250 6.546E+03
   907.500 6.569E+03
   907.750 6.591E+03
   908.000 6.629E+03
   908.250 6.654E+03
   908.500 6.676E+03
   908.750 6.699E+03
   909.000 6.720E+03
   909.250 6.741E+03
   909.500 6.762E+03
   909.750 6.783E+03
   910.000 6.800E+03
   910.250 6.789E+03
   910.500 6.779E+03
   910.750 6.833E+03
   911.000 6.882E+03
   911.250 6.912E+03
   911.500 6.948E+03
   911.750 7.062E+03
   912.000 7.326E+03
   912.250 7.565E+03
   912.500 7.461E+03
   912.750 7.090E+03
   913.000 6.876E+03
   913.250 6.993E+03
   913.500 7.354E+03
   913.750 7.774E+03
   914.000 8.336E+03
   914.250 9.223E+03
   914.500 1.045E+04
   914.750 1.192E+04
   915.000 1.363E+04
   915.250 1.496E+04
   915.500 1.665E+04
   915.750 1.659E+04
   916.000 2.019E+04
   916.250 2.190E+04
   916.500 2.189E+04
   916.750 2.968E+04
   917.000 2.749E+04
   917.250 2.654E+04
   917.500 4.111E+04
   917.750 4.405E+04
   918.000 2.992E+04
   918.250 3.069E+04
   918.500 5.051E+04
   918.750 6.045E+04
   919.000 4.957E+04
   919.250 3.021E+04
   919.500 3.300E+04
   919.750 5.526E+04
   920.000 7.182E+04
   920.250 7.482E+04
   920.500 6.337E+04
   920.750 4.005E+04
   921.000 2.922E+04
   921.250 4.833E+04
   921.500 7.173E+04
   921.750 8.309E+04
   922.000 8.625E+04
   922.250 8.699E+04
   922.500 8.041E+04
   922.750 6.125E+04
   923.000 3.576E+04
   923.250 3.259E+04
   923.500 5.709E+04
   923.750 8.043E+04
   924.000 9.467E+04
   924.250 1.035E+05
   924.500 1.079E+05
   924.750 1.074E+05
   925.000 1.047E+05
   925.250 1.008E+05
   925.500 9.102E+04
   925.750 7.242E+04
   926.000 4.469E+04
   926.250 3.077E+04
   926.500 5.042E+04
   926.750 7.736E+04
   927.000 9.522E+04
   927.250 1.081E+05
   927.500 1.181E+05
   927.750 1.253E+05
   928.000 1.297E+05
   928.250 1.327E+05
   928.500 1.346E+05
   928.750 1.348E+05
   929.000 1.323E+05
   929.250 1.259E+05
   929.500 1.163E+05
   929.750 1.081E+05
   930.000 9.665E+04
   930.250 7.734E+04
   930.500 4.898E+04
   930.750 3.170E+04
   931.000 5.011E+04
   931.250 7.958E+04
   931.500 9.943E+04
   931.750 1.123E+05
   932.000 1.207E+05
   932.250 1.318E+05
   932.500 1.424E+05
   932.750 1.504E+05
   933.000 1.591E+05
   933.250 1.660E+05
   933.500 1.713E+05
   933.750 1.750E+05
   934.000 1.774E+05
   934.250 1.796E+05
   934.500 1.798E+05
   934.750 1.781E+05
   935.000 1.760E+05
   935.250 1.717E+05
   935.500 1.650E+05
   935.750 1.585E+05
   936.000 1.518E+05
   936.250 1.425E+05
   936.500 1.298E+05
   936.750 1.176E+05
   937.000 1.076E+05
   937.250 8.896E+04
   937.500 5.840E+04
   937.750 3.391E+04
   938.000 4.618E+04
   938.250 7.913E+04
   938.500 1.034E+05
   938.750 1.196E+05
   939.000 1.324E+05
   939.250 1.430E+05
   939.500 1.542E+05
   939.750 1.647E+05
   940.000 1.721E+05
   940.250 1.815E+05
   940.500 1.937E+05
   940.750 2.014E+05
   941.000 2.079E+05
   941.250 2.121E+05
   941.500 2.204E+05
   941.750 2.313E+05
   942.000 2.400E+05
   942.250 2.493E+05
   942.500 2.552E+05
   942.750 2.605E+05
   943.000 2.692E+05
   943.250 2.738E+05
   943.500 2.715E+05
   943.750 2.690E+05
   944.000 2.723E+05
   944.250 2.776E+05
   944.500 2.783E+05
   944.750 2.709E+05
   945.000 2.459E+05
   945.250 2.185E+05
   945.500 2.171E+05
   945.750 2.311E+05
   946.000 2.407E+05
   946.250 2.376E+05
   946.500 2.281E+05
   946.750 2.176E+05
   947.000 2.100E+05
   947.250 2.024E+05
   947.500 1.925E+05
   947.750 1.817E+05
   948.000 1.714E+05
   948.250 1.600E+05
   948.500 1.440E+05
   948.750 1.291E+05
   949.000 1.168E+05
   949.250 9.425E+04
   949.500 5.844E+04
   949.750 3.717E+04
   950.000 5.925E+04
   950.250 9.558E+04
   950.500 1.204E+05
   950.750 1.368E+05
   951.000 1.528E+05
   951.250 1.671E+05
   951.500 1.800E+05
   951.750 1.923E+05
   952.000 2.027E+05
   952.250 2.102E+05
   952.500 2.222E+05
   952.750 2.373E+05
   953.000 2.467E+05
   953.250 2.518E+05
   953.500 2.538E+05
   953.750 2.628E+05
   954.000 2.817E+05
   954.250 3.125E+05
   954.500 3.358E+05
   954.750 3.497E+05
   955.000 3.628E+05
   955.250 3.766E+05
   955.500 3.913E+05
   955.750 4.081E+05
   956.000 4.276E+05
   956.250 4.493E+05
   956.500 4.680E+05
   956.750 4.850E+05
   957.000 4.994E+05
   957.250 5.001E+05
   957.500 4.865E+05
   957.750 4.852E+05
   958.000 5.141E+05
   958.250 5.499E+05
   958.500 5.879E+05
   958.750 6.197E+05
   959.000 6.392E+05
   959.250 6.496E+05
   959.500 6.544E+05
   959.750 6.707E+05
   960.000 6.805E+05
   960.250 6.804E+05
   960.500 6.891E+05
   960.750 7.014E+05
   961.000 7.068E+05
   961.250 7.111E+05
   961.500 7.055E+05
   961.750 7.129E+05
   962.000 7.142E+05
   962.250 7.100E+05
   962.500 7.016E+05
   962.750 7.097E+05
   963.000 7.211E+05
   963.250 7.074E+05
   963.500 6.603E+05
   963.750 5.833E+05
   964.000 5.405E+05
   964.250 5.784E+05
   964.500 5.676E+05
   964.750 5.236E+05
   965.000 4.925E+05
   965.250 4.804E+05
   965.500 4.986E+05
   965.750 5.342E+05
   966.000 5.305E+05
   966.250 5.004E+05
   966.500 4.677E+05
   966.750 4.610E+05
   967.000 4.514E+05
   967.250 4.329E+05
   967.500 4.160E+05
   967.750 3.951E+05
   968.000 3.662E+05
   968.250 3.478E+05
   968.500 3.418E+05
   968.750 3.310E+05
   969.000 3.152E+05
   969.250 2.982E+05
   969.500 2.842E+05
   969.750 2.725E+05
   970.000 2.597E+05
   970.250 2.467E+05
   970.500 2.344E+05
   970.750 2.230E+05
   971.000 2.118E+05
   971.250 1.994E+05
   971.500 1.818E+05
   971.750 1.605E+05
   972.000 1.388E+05
   972.250 9.843E+04
   972.500 6.258E+04
   972.750 8.535E+04
   973.000 1.315E+05
   973.250 1.626E+05
   973.500 1.887E+05
   973.750 2.065E+05
   974.000 2.249E+05
   974.250 2.474E+05
   974.500 2.665E+05
   974.750 2.840E+05
   975.000 3.009E+05
   975.250 3.179E+05
   975.500 3.356E+05
   975.750 3.546E+05
   976.000 3.736E+05
   976.250 3.922E+05
   976.500 4.108E+05
   976.750 4.285E+05
   977.000 4.464E+05
   977.250 4.686E+05
   977.500 4.942E+05
   977.750 5.222E+05
   978.000 5.519E+05
   978.250 5.800E+05
   978.500 6.042E+05
   978.750 6.366E+05
   979.000 6.810E+05
   979.250 7.208E+05
   979.500 7.563E+05
   979.750 8.134E+05
   980.000 8.930E+05
   980.250 9.704E+05
   980.500 1.065E+06
   980.750 1.144E+06
   981.000 1.214E+06
   981.250 1.270E+06
   981.500 1.358E+06
   981.750 1.464E+06
   982.000 1.459E+06
   982.250 1.571E+06
   982.500 1.820E+06
   982.750 1.971E+06
   983.000 2.052E+06
   983.250 2.113E+06
   983.500 2.120E+06
   983.750 2.126E+06
   984.000 2.279E+06
   984.250 2.490E+06
   984.500 2.525E+06
   984.750 2.595E+06
   985.000 2.981E+06
   985.250 3.158E+06
   985.500 2.846E+06
   985.750 2.814E+06
   986.000 3.650E+06
   986.250 4.247E+06
   986.500 4.294E+06
   986.750 4.672E+06
   987.000 5.053E+06
   987.250 4.668E+06
   987.500 4.192E+06
   987.750 4.389E+06
   988.000 4.598E+06
   988.250 4.314E+06
   988.500 3.341E+06
   988.750 2.651E+06
   989.000 3.397E+06
   989.250 3.291E+06
   989.500 2.034E+06
   989.750 9.409E+05
   990.000 6.748E+05
   990.250 1.346E+06
   990.500 2.305E+06
   990.750 2.727E+06
   991.000 3.432E+06
   991.250 3.784E+06
   991.500 3.536E+06
   991.750 3.195E+06
   992.000 2.778E+06
   992.250 1.986E+06
   992.500 1.041E+06
   992.750 8.182E+05
   993.000 1.610E+06
   993.250 2.971E+06
   993.500 4.470E+06
   993.750 5.768E+06
   994.000 5.942E+06
   994.250 5.104E+06
   994.500 4.524E+06
   994.750 4.630E+06
   995.000 6.294E+06
   995.250 8.283E+06
   995.500 9.131E+06
   995.750 9.462E+06
   996.000 9.651E+06
   996.250 1.175E+07
   996.500 1.313E+07
   996.750 1.259E+07
   997.000 1.048E+07
   997.250 9.738E+06
   997.500 1.142E+07
   997.750 1.391E+07
   998.000 1.522E+07
   998.250 1.739E+07
   998.500 1.873E+07
   998.750 1.708E+07
   999.000 1.568E+07
   999.250 1.340E+07
   999.500 1.085E+07
   999.750 1.542E+07
  1000.000 2.043E+07
  1000.250 2.193E+07
  1000.500 2.075E+07
  1000.750 1.924E+07
  1001.000 1.975E+07
  1001.250 2.244E+07
  1001.500 2.303E+07
  1001.750 2.332E+07
  1002.000 2.364E+07
  1002.250 2.266E+07
  1002.500 2.201E+07
  1002.750 2.112E+07
  1003.000 1.980E+07
  1003.250 2.032E+07
  1003.500 2.023E+07
  1003.750 2.006E+07
  1004.000 2.046E+07
  1004.250 1.980E+07
  1004.500 1.817E+07
  1004.750 1.713E+07
  1005.000 1.610E+07
  1005.250 1.549E+07
  1005.500 1.557E+07
  1005.750 1.467E+07
  1006.000 1.252E+07
  1006.250 1.098E+07
  1006.500 1.067E+07
  1006.750 1.103E+07
  1007.000 1.114E+07
  1007.250 1.026E+07
  1007.500 9.359E+06
  1007.750 9.380E+06
  1008.000 9.360E+06
  1008.250 9.256E+06
  1008.500 8.744E+06
  1008.750 7.609E+06
  1009.000 6.781E+06
  1009.250 6.373E+06
  1009.500 6.033E+06
  1009.750 5.103E+06
  1010.000 3.920E+06
  1010.250 3.656E+06
  1010.500 4.417E+06
  1010.750 5.070E+06
  1011.000 4.791E+06
  1011.250 4.667E+06
  1011.500 4.516E+06
  1011.750 4.148E+06
  1012.000 3.853E+06
  1012.250 3.444E+06
  1012.500 3.027E+06
  1012.750 3.037E+06
  1013.000 3.076E+06
  1013.250 2.861E+06
  1013.500 2.690E+06
  1013.750 2.533E+06
  1014.000 2.311E+06
  1014.250 2.121E+06
  1014.500 2.036E+06
  1014.750 1.986E+06
  1015.000 1.854E+06
  1015.250 1.668E+06
  1015.500 1.513E+06
  1015.750 1.527E+06
  1016.000 1.508E+06
  1016.250 1.433E+06
  1016.500 1.361E+06
  1016.750 1.296E+06
  1017.000 1.215E+06
  1017.250 1.131E+06
  1017.500 1.080E+06
  1017.750 1.033E+06
  1018.000 9.863E+05
  1018.250 9.310E+05
  1018.500 8.996E+05
  1018.750 8.731E+05
  1019.000 8.362E+05
  1019.250 7.928E+05
  1019.500 7.464E+05
  1019.750 7.229E+05
  1020.000 7.028E+05
  1020.250 6.674E+05
  1020.500 6.127E+05
  1020.750 5.731E+05
  1021.000 5.785E+05
  1021.250 5.711E+05
  1021.500 5.495E+05
  1021.750 5.279E+05
  1022.000 5.075E+05
  1022.250 4.861E+05
  1022.500 4.646E+05
  1022.750 4.447E+05
  1023.000 4.247E+05
  1023.250 4.023E+05
  1023.500 3.708E+05
  1023.750 3.440E+05
  1024.000 3.376E+05
  1024.250 3.250E+05
  1024.500 3.038E+05
  1024.750 2.797E+05
  1025.000 2.503E+05
  1025.250 2.036E+05
  1025.500 1.301E+05
  1025.750 9.202E+04
  1026.000 1.469E+05
  1026.250 2.145E+05
  1026.500 2.546E+05
  1026.750 2.872E+05
  1027.000 3.126E+05
  1027.250 3.261E+05
  1027.500 3.435E+05
  1027.750 3.734E+05
  1028.000 3.877E+05
  1028.250 4.057E+05
  1028.500 4.392E+05
  1028.750 4.641E+05
  1029.000 4.868E+05
  1029.250 5.122E+05
  1029.500 5.355E+05
  1029.750 5.572E+05
  1030.000 5.791E+05
  1030.250 6.020E+05
  1030.500 6.267E+05
  1030.750 6.535E+05
  1031.000 6.843E+05
  1031.250 7.174E+05
  1031.500 7.529E+05
  1031.750 7.957E+05
  1032.000 8.308E+05
  1032.250 8.728E+05
  1032.500 9.247E+05
  1032.750 9.717E+05
  1033.000 1.005E+06
  1033.250 1.020E+06
  1033.500 1.057E+06
  1033.750 1.125E+06
  1034.000 1.197E+06
  1034.250 1.247E+06
  1034.500 1.289E+06
  1034.750 1.328E+06
  1035.000 1.372E+06
  1035.250 1.427E+06
  1035.500 1.481E+06
  1035.750 1.508E+06
  1036.000 1.448E+06
  1036.250 1.309E+06
  1036.500 1.484E+06
  1036.750 1.598E+06
  1037.000 1.496E+06
  1037.250 2.027E+06
  1037.500 2.719E+06
  1037.750 3.182E+06
  1038.000 3.495E+06
  1038.250 3.711E+06
  1038.500 4.184E+06
  1038.750 4.631E+06
  1039.000 5.136E+06
  1039.250 5.840E+06
  1039.500 6.479E+06
  1039.750 6.999E+06
  1040.000 7.308E+06
  1040.250 7.676E+06
  1040.500 8.293E+06
  1040.750 9.133E+06
  1041.000 9.949E+06
  1041.250 1.062E+07
  1041.500 1.138E+07
  1041.750 1.228E+07
  1042.000 1.313E+07
  1042.250 1.385E+07
  1042.500 1.405E+07
  1042.750 1.405E+07
  1043.000 1.473E+07
  1043.250 1.584E+07
  1043.500 1.708E+07
  1043.750 1.840E+07
  1044.000 1.820E+07
  1044.250 1.791E+07
  1044.500 1.965E+07
  1044.750 2.055E+07
  1045.000 2.176E+07
  1045.250 2.414E+07
  1045.500 2.462E+07
  1045.750 2.256E+07
  1046.000 2.492E+07
  1046.250 2.847E+07
  1046.500 2.917E+07
  1046.750 3.102E+07
  1047.000 3.320E+07
  1047.250 3.347E+07
  1047.500 3.176E+07
  1047.750 3.195E+07
  1048.000 3.203E+07
  1048.250 3.032E+07
  1048.500 2.988E+07
  1048.750 3.293E+07
  1049.000 3.437E+07
  1049.250 3.878E+07
  1049.500 4.162E+07
  1049.750 3.894E+07
  1050.000 4.003E+07
  1050.250 4.506E+07
  1050.500 4.509E+07
  1050.750 4.393E+07
  1051.000 4.571E+07
  1051.250 4.726E+07
  1051.500 4.810E+07
  1051.750 4.599E+07
  1052.000 4.263E+07
  1052.250 4.271E+07
  1052.500 4.306E+07
  1052.750 4.350E+07
  1053.000 4.122E+07
  1053.250 4.003E+07
  1053.500 4.380E+07
  1053.750 4.803E+07
  1054.000 4.972E+07
  1054.250 4.981E+07
  1054.500 4.850E+07
  1054.750 4.765E+07
  1055.000 4.594E+07
  1055.250 4.054E+07
  1055.500 3.840E+07
  1055.750 3.768E+07
  1056.000 4.100E+07
  1056.250 4.372E+07
  1056.500 4.618E+07
  1056.750 4.735E+07
  1057.000 4.930E+07
  1057.250 4.916E+07
  1057.500 4.946E+07
  1057.750 5.095E+07
  1058.000 5.222E+07
  1058.250 5.294E+07
  1058.500 5.293E+07
  1058.750 5.351E+07
  1059.000 5.250E+07
  1059.250 5.101E+07
  1059.500 5.029E+07
  1059.750 5.257E+07
  1060.000 5.330E+07
  1060.250 5.048E+07
  1060.500 5.288E+07
  1060.750 5.710E+07
  1061.000 5.531E+07
  1061.250 5.545E+07
  1061.500 6.083E+07
  1061.750 6.292E+07
  1062.000 6.780E+07
  1062.250 6.969E+07
  1062.500 6.829E+07
  1062.750 6.696E+07
  1063.000 6.596E+07
  1063.250 6.788E+07
  1063.500 7.468E+07
  1063.750 7.191E+07
  1064.000 7.495E+07
  1064.250 8.299E+07
  1064.500 8.311E+07
  1064.750 7.897E+07
  1065.000 8.077E+07
  1065.250 8.470E+07
  1065.500 7.116E+07
  1065.750 4.380E+07
  1066.000 3.057E+07
  1066.250 4.570E+07
  1066.500 6.846E+07
  1066.750 8.478E+07
  1067.000 9.046E+07
  1067.250 8.347E+07
  1067.500 7.491E+07
  1067.750 8.105E+07
  1068.000 7.737E+07
  1068.250 5.906E+07
  1068.500 6.049E+07
  1068.750 8.387E+07
  1069.000 9.900E+07
  1069.250 1.023E+08
  1069.500 1.079E+08
  1069.750 1.112E+08
  1070.000 1.025E+08
  1070.250 9.876E+07
  1070.500 9.977E+07
  1070.750 1.017E+08
  1071.000 1.036E+08
  1071.250 1.060E+08
  1071.500 9.817E+07
  1071.750 9.598E+07
  1072.000 1.076E+08
  1072.250 1.136E+08
  1072.500 1.158E+08
  1072.750 1.138E+08
  1073.000 9.901E+07
  1073.250 7.898E+07
  1073.500 8.552E+07
  1073.750 9.590E+07
  1074.000 9.542E+07
  1074.250 9.836E+07
  1074.500 9.870E+07
  1074.750 9.382E+07
  1075.000 8.929E+07
  1075.250 8.811E+07
  1075.500 8.285E+07
  1075.750 8.435E+07
  1076.000 9.238E+07
  1076.250 9.468E+07
  1076.500 9.154E+07
  1076.750 8.299E+07
  1077.000 7.801E+07
  1077.250 8.580E+07
  1077.500 9.914E+07
  1077.750 1.072E+08
  1078.000 1.099E+08
  1078.250 1.083E+08
  1078.500 1.082E+08
  1078.750 1.131E+08
  1079.000 1.117E+08
  1079.250 1.121E+08
  1079.500 1.194E+08
  1079.750 1.304E+08
  1080.000 1.364E+08
  1080.250 1.365E+08
  1080.500 1.401E+08
  1080.750 1.445E+08
  1081.000 1.449E+08
  1081.250 1.534E+08
  1081.500 1.579E+08
  1081.750 1.474E+08
  1082.000 1.429E+08
  1082.250 1.534E+08
  1082.500 1.599E+08
  1082.750 1.570E+08
  1083.000 1.441E+08
  1083.250 1.289E+08
  1083.500 1.332E+08
  1083.750 1.239E+08
  1084.000 9.697E+07
  1084.250 9.389E+07
  1084.500 7.782E+07
  1084.750 8.726E+07
  1085.000 1.174E+08
  1085.250 1.098E+08
  1085.500 6.566E+07
  1085.750 6.705E+07
  1086.000 1.250E+08
  1086.250 1.568E+08
  1086.500 1.526E+08
  1086.750 1.632E+08
  1087.000 1.834E+08
  1087.250 1.875E+08
  1087.500 1.888E+08
  1087.750 1.738E+08
  1088.000 1.456E+08
  1088.250 1.588E+08
  1088.500 1.876E+08
  1088.750 1.937E+08
  1089.000 1.894E+08
  1089.250 1.813E+08
  1089.500 1.610E+08
  1089.750 1.471E+08
  1090.000 1.609E+08
  1090.250 1.800E+08
  1090.500 1.937E+08
  1090.750 2.007E+08
  1091.000 1.960E+08
  1091.250 1.740E+08
  1091.500 1.574E+08
  1091.750 1.662E+08
  1092.000 1.686E+08
  1092.250 1.656E+08
  1092.500 1.603E+08
  1092.750 1.591E+08
  1093.000 1.652E+08
  1093.250 1.781E+08
  1093.500 2.016E+08
  1093.750 2.121E+08
  1094.000 2.121E+08
  1094.250 1.969E+08
  1094.500 1.667E+08
  1094.750 1.608E+08
  1095.000 1.726E+08
  1095.250 1.701E+08
  1095.500 1.735E+08
  1095.750 1.656E+08
  1096.000 1.526E+08
  1096.250 1.656E+08
  1096.500 1.421E+08
  1096.750 9.411E+07
  1097.000 1.025E+08
  1097.250 1.415E+08
  1097.500 1.613E+08
  1097.750 1.526E+08
  1098.000 1.376E+08
  1098.250 1.420E+08
  1098.500 1.659E+08
  1098.750 1.666E+08
  1099.000 1.551E+08
  1099.250 1.578E+08
  1099.500 1.763E+08
  1099.750 1.758E+08
  1100.000 1.616E+08
  1100.250 1.431E+08
  1100.500 1.367E+08
  1100.750 1.805E+08
  1101.000 1.975E+08
  1101.250 1.711E+08
  1101.500 1.652E+08
  1101.750 1.710E+08
  1102.000 1.422E+08
  1102.250 1.254E+08
  1102.500 1.478E+08
  1102.750 1.784E+08
  1103.000 1.808E+08
  1103.250 1.831E+08
  1103.500 1.951E+08
  1103.750 1.881E+08
  1104.000 1.521E+08
  1104.250 1.291E+08
  1104.500 1.449E+08
  1104.750 1.509E+08
  1105.000 1.435E+08
  1105.250 1.496E+08
  1105.500 1.599E+08
  1105.750 1.592E+08
  1106.000 1.365E+08
  1106.250 1.073E+08
  1106.500 1.065E+08
  1106.750 1.271E+08
  1107.000 1.356E+08
  1107.250 1.240E+08
  1107.500 1.243E+08
  1107.750 1.338E+08
  1108.000 1.106E+08
  1108.250 6.434E+07
  1108.500 6.583E+07
  1108.750 8.818E+07
  1109.000 9.602E+07
  1109.250 1.155E+08
  1109.500 1.208E+08
  1109.750 8.824E+07
  1110.000 6.705E+07
  1110.250 8.879E+07
  1110.500 1.251E+08
  1110.750 1.315E+08
  1111.000 1.167E+08
  1111.250 1.239E+08
  1111.500 1.326E+08
  1111.750 1.202E+08
  1112.000 9.413E+07
  1112.250 9.560E+07
  1112.500 1.174E+08
  1112.750 1.079E+08
  1113.000 7.332E+07
  1113.250 5.815E+07
  1113.500 8.899E+07
  1113.750 1.134E+08
  1114.000 1.088E+08
  1114.250 9.882E+07
  1114.500 9.649E+07
  1114.750 1.135E+08
  1115.000 1.178E+08
  1115.250 1.277E+08
  1115.500 1.345E+08
  1115.750 1.423E+08
  1116.000 1.751E+08
  1116.250 1.825E+08
  1116.500 1.668E+08
  1116.750 1.449E+08
  1117.000 1.269E+08
  1117.250 1.140E+08
  1117.500 9.829E+07
  1117.750 9.006E+07
  1118.000 9.921E+07
  1118.250 1.182E+08
  1118.500 1.403E+08
  1118.750 1.615E+08
  1119.000 1.544E+08
  1119.250 1.416E+08
  1119.500 1.618E+08
  1119.750 1.803E+08
  1120.000 1.664E+08
  1120.250 1.433E+08
  1120.500 1.390E+08
  1120.750 1.500E+08
  1121.000 1.372E+08
  1121.250 1.164E+08
  1121.500 9.631E+07
  1121.750 5.981E+07
  1122.000 2.250E+07
  1122.250 7.016E+06
  1122.500 1.033E+07
  1122.750 3.609E+07
  1123.000 8.413E+07
  1123.250 1.312E+08
  1123.500 1.549E+08
  1123.750 1.581E+08
  1124.000 1.367E+08
  1124.250 9.592E+07
  1124.500 7.467E+07
  1124.750 6.168E+07
  1125.000 5.402E+07
  1125.250 8.671E+07
  1125.500 1.222E+08
  1125.750 1.520E+08
  1126.000 1.713E+08
  1126.250 1.631E+08
  1126.500 1.260E+08
  1126.750 9.498E+07
  1127.000 1.157E+08
  1127.250 1.578E+08
  1127.500 1.640E+08
  1127.750 1.390E+08
  1128.000 1.129E+08
  1128.250 1.039E+08
  1128.500 8.936E+07
  1128.750 6.878E+07
  1129.000 6.092E+07
  1129.250 5.887E+07
  1129.500 7.317E+07
  1129.750 9.129E+07
  1130.000 1.064E+08
  1130.250 1.052E+08
  1130.500 1.067E+08
  1130.750 1.105E+08
  1131.000 7.869E+07
  1131.250 8.061E+07
  1131.500 9.189E+07
  1131.750 8.835E+07
  1132.000 1.246E+08
  1132.250 1.680E+08
  1132.500 1.791E+08
  1132.750 1.726E+08
  1133.000 1.677E+08
  1133.250 1.673E+08
  1133.500 1.406E+08
  1133.750 1.212E+08
  1134.000 1.246E+08
  1134.250 1.136E+08
  1134.500 1.213E+08
  1134.750 1.415E+08
  1135.000 1.369E+08
  1135.250 1.446E+08
  1135.500 1.477E+08
  1135.750 1.640E+08
  1136.000 1.820E+08
  1136.250 1.874E+08
  1136.500 1.772E+08
  1136.750 1.616E+08
  1137.000 1.578E+08
  1137.250 1.670E+08
  1137.500 1.791E+08
  1137.750 1.781E+08
  1138.000 1.733E+08
  1138.250 1.499E+08
  1138.500 1.081E+08
  1138.750 8.975E+07
  1139.000 7.243E+07
  1139.250 5.542E+07
  1139.500 5.150E+07
  1139.750 4.570E+07
  1140.000 3.310E+07
  1140.250 2.004E+07
  1140.500 2.126E+07
  1140.750 5.828E+07
  1141.000 9.897E+07
  1141.250 1.067E+08
  1141.500 1.120E+08
  1141.750 1.309E+08
  1142.000 1.350E+08
  1142.250 1.191E+08
  1142.500 1.313E+08
  1142.750 1.547E+08
  1143.000 1.309E+08
  1143.250 9.656E+07
  1143.500 9.387E+07
  1143.750 1.152E+08
  1144.000 1.270E+08
  1144.250 1.103E+08
  1144.500 1.181E+08
  1144.750 1.235E+08
  1145.000 1.195E+08
  1145.250 1.407E+08
  1145.500 1.502E+08
  1145.750 1.601E+08
  1146.000 1.710E+08
  1146.250 1.606E+08
  1146.500 1.468E+08
  1146.750 1.318E+08
  1147.000 1.287E+08
  1147.250 1.237E+08
  1147.500 1.129E+08
  1147.750 1.256E+08
  1148.000 1.296E+08
  1148.250 1.257E+08
  1148.500 1.270E+08
  1148.750 1.153E+08
  1149.000 1.342E+08
  1149.250 1.568E+08
  1149.500 1.405E+08
  1149.750 1.322E+08
  1150.000 1.372E+08
  1150.250 1.271E+08
  1150.500 1.059E+08
  1150.750 1.160E+08
  1151.000 1.339E+08
  1151.250 1.474E+08
  1151.500 1.601E+08
  1151.750 1.414E+08
  1152.000 1.009E+08
  1152.250 8.805E+07
  1152.500 1.153E+08
  1152.750 1.169E+08
  1153.000 1.109E+08
  1153.250 1.269E+08
  1153.500 1.455E+08
  1153.750 1.431E+08
  1154.000 1.225E+08
  1154.250 1.154E+08
  1154.500 1.233E+08
  1154.750 1.347E+08
  1155.000 1.351E+08
  1155.250 1.408E+08
  1155.500 1.429E+08
  1155.750 1.305E+08
  1156.000 1.191E+08
  1156.250 1.116E+08
  1156.500 8.809E+07
  1156.750 9.542E+07
  1157.000 1.202E+08
  1157.250 1.254E+08
  1157.500 1.022E+08
  1157.750 5.224E+07
  1158.000 2.816E+07
  1158.250 4.144E+07
  1158.500 5.839E+07
  1158.750 6.186E+07
  1159.000 7.501E+07
  1159.250 1.067E+08
  1159.500 1.268E+08
  1159.750 1.340E+08
  1160.000 1.250E+08
  1160.250 1.254E+08
  1160.500 1.384E+08
  1160.750 1.478E+08
  1161.000 1.509E+08
  1161.250 1.413E+08
  1161.500 1.224E+08
  1161.750 1.205E+08
  1162.000 1.255E+08
  1162.250 1.304E+08
  1162.500 1.351E+08
  1162.750 1.369E+08
  1163.000 1.385E+08
  1163.250 1.358E+08
  1163.500 1.248E+08
  1163.750 1.004E+08
  1164.000 8.917E+07
  1164.250 8.155E+07
  1164.500 9.158E+07
  1164.750 1.181E+08
  1165.000 1.305E+08
  1165.250 1.309E+08
  1165.500 1.199E+08
  1165.750 1.076E+08
  1166.000 1.058E+08
  1166.250 1.085E+08
  1166.500 1.163E+08
  1166.750 1.112E+08
  1167.000 9.891E+07
  1167.250 9.040E+07
  1167.500 8.587E+07
  1167.750 1.043E+08
  1168.000 9.724E+07
  1168.250 7.317E+07
  1168.500 6.969E+07
  1168.750 8.992E+07
  1169.000 9.789E+07
  1169.250 1.011E+08
  1169.500 1.125E+08
  1169.750 1.119E+08
  1170.000 1.059E+08
  1170.250 9.587E+07
  1170.500 9.476E+07
  1170.750 1.014E+08
  1171.000 1.028E+08
  1171.250 1.007E+08
  1171.500 1.061E+08
  1171.750 1.107E+08
  1172.000 1.116E+08
  1172.250 1.124E+08
  1172.500 1.128E+08
  1172.750 1.113E+08
  1173.000 1.048E+08
  1173.250 9.583E+07
  1173.500 9.909E+07
  1173.750 1.010E+08
  1174.000 9.741E+07
  1174.250 1.023E+08
  1174.500 1.040E+08
  1174.750 8.993E+07
  1175.000 7.157E+07
  1175.250 6.571E+07
  1175.500 6.192E+07
  1175.750 5.616E+07
  1176.000 6.227E+07
  1176.250 6.263E+07
  1176.500 5.711E+07
  1176.750 7.649E+07
  1177.000 9.095E+07
  1177.250 9.194E+07
  1177.500 8.488E+07
  1177.750 7.792E+07
  1178.000 8.457E+07
  1178.250 9.018E+07
  1178.500 8.703E+07
  1178.750 8.611E+07
  1179.000 8.619E+07
  1179.250 8.330E+07
  1179.500 8.296E+07
  1179.750 8.252E+07
  1180.000 7.570E+07
  1180.250 6.840E+07
  1180.500 7.003E+07
  1180.750 7.462E+07
  1181.000 6.970E+07
  1181.250 6.316E+07
  1181.500 6.469E+07
  1181.750 6.912E+07
  1182.000 6.885E+07
  1182.250 6.675E+07
  1182.500 6.570E+07
  1182.750 6.753E+07
  1183.000 6.843E+07
  1183.250 6.283E+07
  1183.500 5.530E+07
  1183.750 5.338E+07
  1184.000 5.999E+07
  1184.250 6.188E+07
  1184.500 5.856E+07
  1184.750 5.701E+07
  1185.000 5.812E+07
  1185.250 5.757E+07
  1185.500 5.308E+07
  1185.750 5.113E+07
  1186.000 5.429E+07
  1186.250 5.698E+07
  1186.500 5.736E+07
  1186.750 5.513E+07
  1187.000 5.029E+07
  1187.250 4.092E+07
  1187.500 3.734E+07
  1187.750 4.346E+07
  1188.000 4.648E+07
  1188.250 4.478E+07
  1188.500 3.907E+07
  1188.750 2.967E+07
  1189.000 2.258E+07
  1189.250 2.111E+07
  1189.500 2.031E+07
  1189.750 1.925E+07
  1190.000 1.462E+07
  1190.250 7.348E+06
  1190.500 6.374E+06
  1190.750 1.264E+07
  1191.000 2.007E+07
  1191.250 2.406E+07
  1191.500 2.363E+07
  1191.750 2.091E+07
  1192.000 1.832E+07
  1192.250 1.876E+07
  1192.500 1.753E+07
  1192.750 1.236E+07
  1193.000 5.955E+06
  1193.250 2.739E+06
  1193.500 3.764E+06
  1193.750 5.855E+06
  1194.000 5.251E+06
  1194.250 2.973E+06
  1194.500 1.990E+06
  1194.750 3.737E+06
  1195.000 7.294E+06
  1195.250 1.071E+07
  1195.500 1.262E+07
  1195.750 1.350E+07
  1196.000 1.387E+07
  1196.250 1.364E+07
  1196.500 1.301E+07
  1196.750 1.168E+07
  1197.000 8.972E+06
  1197.250 5.156E+06
  1197.500 4.891E+06
  1197.750 8.192E+06
  1198.000 1.016E+07
  1198.250 1.012E+07
  1198.500 9.915E+06
  1198.750 9.673E+06
  1199.000 8.954E+06
  1199.250 7.532E+06
  1199.500 6.108E+06
  1199.750 6.835E+06
  1200.000 7.287E+06
  1200.250 6.469E+06
  1200.500 6.250E+06
  1200.750 5.860E+06
  1201.000 6.060E+06
  1201.250 6.185E+06
  1201.500 6.049E+06
  1201.750 6.146E+06
  1202.000 6.109E+06
  1202.250 5.900E+06
  1202.500 5.654E+06
  1202.750 5.408E+06
  1203.000 5.172E+06
  1203.250 4.945E+06
  1203.500 4.728E+06
  1203.750 4.490E+06
  1204.000 4.241E+06
  1204.250 4.113E+06
  1204.500 3.990E+06
  1204.750 3.811E+06
  1205.000 3.624E+06
  1205.250 3.491E+06
  1205.500 3.386E+06
  1205.750 3.257E+06
  1206.000 3.090E+06
  1206.250 2.779E+06
  1206.500 2.466E+06
  1206.750 2.611E+06
  1207.000 2.734E+06
  1207.250 2.676E+06
  1207.500 2.587E+06
  1207.750 2.488E+06
  1208.000 2.401E+06
  1208.250 2.343E+06
  1208.500 2.280E+06
  1208.750 2.206E+06
  1209.000 2.129E+06
  1209.250 2.061E+06
  1209.500 2.005E+06
  1209.750 1.957E+06
  1210.000 1.904E+06
  1210.250 1.853E+06
  1210.500 1.803E+06
  1210.750 1.748E+06
  1211.000 1.693E+06
  1211.250 1.643E+06
  1211.500 1.594E+06
  1211.750 1.538E+06
  1212.000 1.484E+06
  1212.250 1.447E+06
  1212.500 1.408E+06
  1212.750 1.356E+06
  1213.000 1.300E+06
  1213.250 1.257E+06
  1213.500 1.214E+06
  1213.750 1.155E+06
  1214.000 1.100E+06
  1214.250 1.045E+06
  1214.500 9.804E+05
  1214.750 8.956E+05
  1215.000 7.879E+05
  1215.250 6.210E+05
  1215.500 3.822E+05
  1215.750 3.194E+05
  1216.000 5.286E+05
  1216.250 7.275E+05
  1216.500 8.489E+05
  1216.750 9.482E+05
  1217.000 1.034E+06
  1217.250 1.099E+06
  1217.500 1.151E+06
  1217.750 1.207E+06
  1218.000 1.273E+06
  1218.250 1.330E+06
  1218.500 1.380E+06
  1218.750 1.430E+06
  1219.000 1.481E+06
  1219.250 1.529E+06
  1219.500 1.569E+06
  1219.750 1.604E+06
  1220.000 1.666E+06
  1220.250 1.735E+06
  1220.500 1.794E+06
  1220.750 1.848E+06
  1221.000 1.907E+06
  1221.250 1.971E+06
  1221.500 2.033E+06
  1221.750 2.102E+06
  1222.000 2.163E+06
  1222.250 2.204E+06
  1222.500 2.240E+06
  1222.750 2.323E+06
  1223.000 2.440E+06
  1223.250 2.527E+06
  1223.500 2.591E+06
  1223.750 2.596E+06
  1224.000 2.584E+06
  1224.250 2.677E+06
  1224.500 2.831E+06
  1224.750 2.901E+06
  1225.000 2.944E+06
  1225.250 3.077E+06
  1225.500 3.208E+06
  1225.750 3.376E+06
  1226.000 3.481E+06
  1226.250 3.561E+06
  1226.500 3.481E+06
  1226.750 3.116E+06
  1227.000 3.216E+06
  1227.250 3.661E+06
  1227.500 3.755E+06
  1227.750 3.935E+06
  1228.000 4.269E+06
  1228.250 4.172E+06
  1228.500 3.619E+06
  1228.750 3.636E+06
  1229.000 4.222E+06
  1229.250 4.289E+06
  1229.500 4.494E+06
  1229.750 5.110E+06
  1230.000 5.434E+06
  1230.250 5.486E+06
  1230.500 5.446E+06
  1230.750 5.581E+06
  1231.000 5.632E+06
  1231.250 5.495E+06
  1231.500 6.000E+06
  1231.750 7.134E+06
  1232.000 7.849E+06
  1232.250 8.358E+06
  1232.500 8.949E+06
  1232.750 9.502E+06
  1233.000 9.791E+06
  1233.250 9.713E+06
  1233.500 1.006E+07
  1233.750 1.106E+07
  1234.000 1.166E+07
  1234.250 1.259E+07
  1234.500 1.416E+07
  1234.750 1.508E+07
  1235.000 1.585E+07
  1235.250 1.679E+07
  1235.500 1.755E+07
  1235.750 1.847E+07
  1236.000 1.918E+07
  1236.250 1.995E+07
  1236.500 2.158E+07
  1236.750 2.347E+07
  1237.000 2.464E+07
  1237.250 2.537E+07
  1237.500 2.680E+07
  1237.750 2.859E+07
  1238.000 2.927E+07
  1238.250 2.896E+07
  1238.500 3.008E+07
  1238.750 3.264E+07
  1239.000 3.314E+07
  1239.250 3.138E+07
  1239.500 3.237E+07
  1239.750 3.277E+07
  1240.000 3.389E+07
  1240.250 3.750E+07
  1240.500 4.026E+07
  1240.750 4.340E+07
  1241.000 4.527E+07
  1241.250 4.687E+07
  1241.500 4.780E+07
  1241.750 4.665E+07
  1242.000 4.615E+07
  1242.250 5.048E+07
  1242.500 5.413E+07
  1242.750 5.377E+07
  1243.000 4.518E+07
  1243.250 3.723E+07
  1243.500 4.754E+07
  1243.750 5.863E+07
  1244.000 6.239E+07
  1244.250 6.334E+07
  1244.500 6.205E+07
  1244.750 6.200E+07
  1245.000 6.576E+07
  1245.250 6.852E+07
  1245.500 6.879E+07
  1245.750 6.736E+07
  1246.000 6.922E+07
  1246.250 6.865E+07
  1246.500 5.728E+07
  1246.750 4.594E+07
  1247.000 5.212E+07
  1247.250 6.176E+07
  1247.500 6.855E+07
  1247.750 7.063E+07
  1248.000 6.473E+07
  1248.250 4.792E+07
  1248.500 4.496E+07
  1248.750 6.594E+07
  1249.000 8.161E+07
  1249.250 8.561E+07
  1249.500 8.273E+07
  1249.750 7.445E+07
  1250.000 7.561E+07
  1250.250 7.651E+07
  1250.500 6.826E+07
  1250.750 6.327E+07
  1251.000 4.842E+07
  1251.250 4.411E+07
  1251.500 6.558E+07
  1251.750 8.313E+07
  1252.000 8.958E+07
  1252.250 9.116E+07
  1252.500 8.982E+07
  1252.750 8.997E+07
  1253.000 9.058E+07
  1253.250 8.313E+07
  1253.500 7.716E+07
  1253.750 7.285E+07
  1254.000 7.993E+07
  1254.250 8.580E+07
  1254.500 8.631E+07
  1254.750 8.840E+07
  1255.000 8.567E+07
  1255.250 7.851E+07
  1255.500 8.008E+07
  1255.750 8.478E+07
  1256.000 7.964E+07
  1256.250 7.117E+07
  1256.500 6.820E+07
  1256.750 7.356E+07
  1257.000 7.540E+07
  1257.250 7.285E+07
  1257.500 6.822E+07
  1257.750 6.336E+07
  1258.000 5.899E+07
  1258.250 5.283E+07
  1258.500 4.403E+07
  1258.750 3.376E+07
  1259.000 2.494E+07
  1259.250 1.890E+07
  1259.500 1.362E+07
  1259.750 9.263E+06
  1260.000 5.824E+06
  1260.250 3.071E+06
  1260.500 2.185E+06
  1260.750 3.031E+06
  1261.000 5.092E+06
  1261.250 7.997E+06
  1261.500 1.123E+07
  1261.750 1.769E+07
  1262.000 2.193E+07
  1262.250 2.435E+07
  1262.500 2.669E+07
  1262.750 2.552E+07
  1263.000 2.216E+07
  1263.250 1.883E+07
  1263.500 1.521E+07
  1263.750 1.119E+07
  1264.000 7.793E+06
  1264.250 4.987E+06
  1264.500 2.843E+06
  1264.750 1.784E+06
  1265.000 2.308E+06
  1265.250 4.257E+06
  1265.500 6.760E+06
  1265.750 1.005E+07
  1266.000 1.395E+07
  1266.250 1.645E+07
  1266.500 1.992E+07
  1266.750 2.876E+07
  1267.000 3.900E+07
  1267.250 4.279E+07
  1267.500 4.527E+07
  1267.750 5.418E+07
  1268.000 6.258E+07
  1268.250 6.909E+07
  1268.500 7.394E+07
  1268.750 7.747E+07
  1269.000 7.697E+07
  1269.250 8.011E+07
  1269.500 8.904E+07
  1269.750 9.420E+07
  1270.000 9.819E+07
  1270.250 1.054E+08
  1270.500 1.046E+08
  1270.750 9.382E+07
  1271.000 9.446E+07
  1271.250 9.694E+07
  1271.500 1.005E+08
  1271.750 1.025E+08
  1272.000 9.967E+07
  1272.250 1.051E+08
  1272.500 1.081E+08
  1272.750 1.124E+08
  1273.000 1.171E+08
  1273.250 1.179E+08
  1273.500 1.218E+08
  1273.750 1.211E+08
  1274.000 1.147E+08
  1274.250 1.185E+08
  1274.500 1.231E+08
  1274.750 1.104E+08
  1275.000 8.896E+07
  1275.250 9.233E+07
  1275.500 1.143E+08
  1275.750 1.208E+08
  1276.000 1.256E+08
  1276.250 1.284E+08
  1276.500 1.283E+08
  1276.750 1.151E+08
  1277.000 8.296E+07
  1277.250 4.400E+07
  1277.500 2.733E+07
  1277.750 5.039E+07
  1278.000 1.003E+08
  1278.250 1.373E+08
  1278.500 1.464E+08
  1278.750 1.332E+08
  1279.000 1.024E+08
  1279.250 9.307E+07
  1279.500 1.044E+08
  1279.750 8.608E+07
  1280.000 4.894E+07
  1280.250 2.654E+07
  1280.500 2.760E+07
  1280.750 5.200E+07
  1281.000 9.746E+07
  1281.250 1.378E+08
  1281.500 1.508E+08
  1281.750 1.525E+08
  1282.000 1.532E+08
  1282.250 1.537E+08
  1282.500 1.518E+08
  1282.750 1.481E+08
  1283.000 1.415E+08
  1283.250 1.459E+08
  1283.500 1.509E+08
  1283.750 1.518E+08
  1284.000 1.478E+08
  1284.250 1.457E+08
  1284.500 1.534E+08
  1284.750 1.583E+08
  1285.000 1.591E+08
  1285.250 1.590E+08
  1285.500 1.578E+08
  1285.750 1.567E+08
  1286.000 1.523E+08
  1286.250 1.424E+08
  1286.500 1.392E+08
  1286.750 1.467E+08
  1287.000 1.505E+08
  1287.250 1.512E+08
  1287.500 1.515E+08
  1287.750 1.498E+08
  1288.000 1.406E+08
  1288.250 1.219E+08
  1288.500 1.104E+08
  1288.750 1.153E+08
  1289.000 1.212E+08
  1289.250 1.319E+08
  1289.500 1.435E+08
  1289.750 1.371E+08
  1290.000 1.168E+08
  1290.250 1.249E+08
  1290.500 1.437E+08
  1290.750 1.426E+08
  1291.000 1.406E+08
  1291.250 1.308E+08
  1291.500 1.241E+08
  1291.750 1.344E+08
  1292.000 1.486E+08
  1292.250 1.488E+08
  1292.500 1.432E+08
  1292.750 1.445E+08
  1293.000 1.385E+08
  1293.250 1.356E+08
  1293.500 1.393E+08
  1293.750 1.404E+08
  1294.000 1.398E+08
  1294.250 1.176E+08
  1294.500 8.252E+07
  1294.750 8.680E+07
  1295.000 1.222E+08
  1295.250 1.389E+08
  1295.500 1.256E+08
  1295.750 1.047E+08
  1296.000 9.702E+07
  1296.250 9.948E+07
  1296.500 9.929E+07
  1296.750 9.390E+07
  1297.000 1.173E+08
  1297.250 1.381E+08
  1297.500 1.409E+08
  1297.750 1.351E+08
  1298.000 1.242E+08
  1298.250 1.203E+08
  1298.500 1.014E+08
  1298.750 6.644E+07
  1299.000 5.983E+07
  1299.250 8.076E+07
  1299.500 1.019E+08
  1299.750 1.243E+08
  1300.000 1.359E+08
  1300.250 1.425E+08
  1300.500 1.383E+08
  1300.750 1.217E+08
  1301.000 9.681E+07
  1301.250 9.158E+07
  1301.500 1.063E+08
  1301.750 9.455E+07
  1302.000 5.755E+07
  1302.250 4.818E+07
  1302.500 8.673E+07
  1302.750 1.065E+08
  1303.000 8.693E+07
  1303.250 6.486E+07
  1303.500 8.069E+07
  1303.750 1.119E+08
  1304.000 1.065E+08
  1304.250 6.828E+07
  1304.500 4.525E+07
  1304.750 4.276E+07
  1305.000 5.646E+07
  1305.250 6.695E+07
  1305.500 4.760E+07
  1305.750 3.994E+07
  1306.000 5.487E+07
  1306.250 9.277E+07
  1306.500 1.158E+08
  1306.750 1.179E+08
  1307.000 1.273E+08
  1307.250 1.364E+08
  1307.500 1.446E+08
  1307.750 1.433E+08
  1308.000 1.383E+08
  1308.250 1.356E+08
  1308.500 1.345E+08
  1308.750 1.143E+08
  1309.000 7.183E+07
  1309.250 3.277E+07
  1309.500 2.853E+07
  1309.750 5.680E+07
  1310.000 8.855E+07
  1310.250 9.879E+07
  1310.500 9.110E+07
  1310.750 8.667E+07
  1311.000 8.571E+07
  1311.250 8.895E+07
  1311.500 1.032E+08
  1311.750 1.171E+08
  1312.000 1.243E+08
  1312.250 1.314E+08
  1312.500 1.285E+08
  1312.750 1.388E+08
  1313.000 1.450E+08
  1313.250 1.354E+08
  1313.500 1.413E+08
  1313.750 1.558E+08
  1314.000 1.617E+08
  1314.250 1.616E+08
  1314.500 1.601E+08
  1314.750 1.601E+08
  1315.000 1.597E+08
  1315.250 1.567E+08
  1315.500 1.516E+08
  1315.750 1.369E+08
  1316.000 1.204E+08
  1316.250 1.167E+08
  1316.500 1.091E+08
  1316.750 1.225E+08
  1317.000 1.299E+08
  1317.250 1.264E+08
  1317.500 1.404E+08
  1317.750 1.533E+08
  1318.000 1.537E+08
  1318.250 1.551E+08
  1318.500 1.539E+08
  1318.750 1.405E+08
  1319.000 1.305E+08
  1319.250 1.369E+08
  1319.500 1.298E+08
  1319.750 1.271E+08
  1320.000 1.413E+08
  1320.250 1.494E+08
  1320.500 1.494E+08
  1320.750 1.518E+08
  1321.000 1.597E+08
  1321.250 1.634E+08
  1321.500 1.634E+08
  1321.750 1.629E+08
  1322.000 1.631E+08
  1322.250 1.628E+08
  1322.500 1.608E+08
  1322.750 1.552E+08
  1323.000 1.423E+08
  1323.250 1.218E+08
  1323.500 1.004E+08
  1323.750 7.629E+07
  1324.000 7.481E+07
  1324.250 1.110E+08
  1324.500 1.414E+08
  1324.750 1.523E+08
  1325.000 1.568E+08
  1325.250 1.590E+08
  1325.500 1.600E+08
  1325.750 1.615E+08
  1326.000 1.619E+08
  1326.250 1.566E+08
  1326.500 1.411E+08
  1326.750 1.426E+08
  1327.000 1.556E+08
  1327.250 1.535E+08
  1327.500 1.458E+08
  1327.750 1.420E+08
  1328.000 1.416E+08
  1328.250 1.489E+08
  1328.500 1.475E+08
  1328.750 1.186E+08
  1329.000 9.541E+07
  1329.250 1.035E+08
  1329.500 1.068E+08
  1329.750 1.229E+08
  1330.000 1.495E+08
  1330.250 1.535E+08
  1330.500 1.519E+08
  1330.750 1.482E+08
  1331.000 1.441E+08
  1331.250 1.491E+08
  1331.500 1.501E+08
  1331.750 1.517E+08
  1332.000 1.529E+08
  1332.250 1.540E+08
  1332.500 1.526E+08
  1332.750 1.471E+08
  1333.000 1.445E+08
  1333.250 1.432E+08
  1333.500 1.388E+08
  1333.750 1.272E+08
  1334.000 1.046E+08
  1334.250 6.728E+07
  1334.500 3.788E+07
  1334.750 4.831E+07
  1335.000 6.538E+07
  1335.250 5.472E+07
  1335.500 3.191E+07
  1335.750 2.600E+07
  1336.000 5.244E+07
  1336.250 8.530E+07
  1336.500 1.079E+08
  1336.750 1.243E+08
  1337.000 1.371E+08
  1337.250 1.429E+08
  1337.500 1.472E+08
  1337.750 1.516E+08
  1338.000 1.540E+08
  1338.250 1.557E+08
  1338.500 1.571E+08
  1338.750 1.577E+08
  1339.000 1.584E+08
  1339.250 1.588E+08
  1339.500 1.570E+08
  1339.750 1.538E+08
  1340.000 1.524E+08
  1340.250 1.522E+08
  1340.500 1.563E+08
  1340.750 1.576E+08
  1341.000 1.522E+08
  1341.250 1.463E+08
  1341.500 1.440E+08
  1341.750 1.421E+08
  1342.000 1.427E+08
  1342.250 1.424E+08
  1342.500 1.383E+08
  1342.750 1.487E+08
  1343.000 1.575E+08
  1343.250 1.578E+08
  1343.500 1.579E+08
  1343.750 1.581E+08
  1344.000 1.522E+08
  1344.250 1.412E+08
  1344.500 1.446E+08
  1344.750 1.509E+08
  1345.000 1.526E+08
  1345.250 1.489E+08
  1345.500 1.471E+08
  1345.750 1.452E+08
  1346.000 1.427E+08
  1346.250 1.443E+08
  1346.500 1.343E+08
  1346.750 1.037E+08
  1347.000 9.453E+07
  1347.250 1.164E+08
  1347.500 1.399E+08
  1347.750 1.490E+08
  1348.000 1.410E+08
  1348.250 1.188E+08
  1348.500 9.487E+07
  1348.750 1.138E+08
  1349.000 1.408E+08
  1349.250 1.447E+08
  1349.500 1.315E+08
  1349.750 1.057E+08
  1350.000 7.522E+07
  1350.250 7.220E+07
  1350.500 8.076E+07
  1350.750 1.066E+08
  1351.000 1.389E+08
  1351.250 1.475E+08
  1351.500 1.485E+08
  1351.750 1.488E+08
  1352.000 1.480E+08
  1352.250 1.337E+08
  1352.500 9.866E+07
  1352.750 8.985E+07
  1353.000 1.176E+08
  1353.250 1.334E+08
  1353.500 1.135E+08
  1353.750 9.121E+07
  1354.000 1.090E+08
  1354.250 1.314E+08
  1354.500 1.399E+08
  1354.750 1.434E+08
  1355.000 1.516E+08
  1355.250 1.513E+08
  1355.500 1.374E+08
  1355.750 1.139E+08
  1356.000 1.163E+08
  1356.250 1.351E+08
  1356.500 1.456E+08
  1356.750 1.488E+08
  1357.000 1.325E+08
  1357.250 1.242E+08
  1357.500 1.316E+08
  1357.750 1.296E+08
  1358.000 1.440E+08
  1358.250 1.572E+08
  1358.500 1.567E+08
  1358.750 1.409E+08
  1359.000 1.117E+08
  1359.250 9.578E+07
  1359.500 1.069E+08
  1359.750 1.363E+08
  1360.000 1.535E+08
  1360.250 1.480E+08
  1360.500 1.316E+08
  1360.750 1.224E+08
  1361.000 1.258E+08
  1361.250 1.275E+08
  1361.500 1.338E+08
  1361.750 1.432E+08
  1362.000 1.425E+08
  1362.250 1.428E+08
  1362.500 1.432E+08
  1362.750 1.421E+08
  1363.000 1.486E+08
  1363.250 1.497E+08
  1363.500 1.455E+08
  1363.750 1.437E+08
  1364.000 1.310E+08
  1364.250 1.131E+08
  1364.500 1.076E+08
  1364.750 1.220E+08
  1365.000 1.382E+08
  1365.250 1.340E+08
  1365.500 1.221E+08
  1365.750 1.268E+08
  1366.000 1.444E+08
  1366.250 1.413E+08
  1366.500 1.310E+08
  1366.750 1.299E+08
  1367.000 1.223E+08
  1367.250 1.136E+08
  1367.500 1.246E+08
  1367.750 1.273E+08
  1368.000 1.173E+08
  1368.250 1.059E+08
  1368.500 1.059E+08
  1368.750 1.220E+08
  1369.000 1.374E+08
  1369.250 1.282E+08
  1369.500 1.047E+08
  1369.750 1.041E+08
  1370.000 1.132E+08
  1370.250 1.214E+08
  1370.500 1.363E+08
  1370.750 1.389E+08
  1371.000 1.273E+08
  1371.250 1.229E+08
  1371.500 1.349E+08
  1371.750 1.467E+08
  1372.000 1.388E+08
  1372.250 1.243E+08
  1372.500 1.375E+08
  1372.750 1.488E+08
  1373.000 1.445E+08
  1373.250 1.431E+08
  1373.500 1.371E+08
  1373.750 1.219E+08
  1374.000 1.227E+08
  1374.250 1.337E+08
  1374.500 1.385E+08
  1374.750 1.245E+08
  1375.000 1.088E+08
  1375.250 1.163E+08
  1375.500 1.338E+08
  1375.750 1.340E+08
  1376.000 1.391E+08
  1376.250 1.454E+08
  1376.500 1.398E+08
  1376.750 1.368E+08
  1377.000 1.434E+08
  1377.250 1.465E+08
  1377.500 1.473E+08
  1377.750 1.395E+08
  1378.000 1.238E+08
  1378.250 1.232E+08
  1378.500 1.331E+08
  1378.750 1.348E+08
  1379.000 1.354E+08
  1379.250 1.285E+08
  1379.500 1.033E+08
  1379.750 1.087E+08
  1380.000 1.314E+08
  1380.250 1.327E+08
  1380.500 1.315E+08
  1380.750 1.358E+08
  1381.000 1.298E+08
  1381.250 1.161E+08
  1381.500 1.166E+08
  1381.750 1.205E+08
  1382.000 1.315E+08
  1382.250 1.292E+08
  1382.500 1.175E+08
  1382.750 1.246E+08
  1383.000 1.380E+08
  1383.250 1.356E+08
  1383.500 1.237E+08
  1383.750 1.249E+08
  1384.000 1.248E+08
  1384.250 1.240E+08
  1384.500 1.297E+08
  1384.750 1.191E+08
  1385.000 9.941E+07
  1385.250 1.070E+08
  1385.500 1.306E+08
  1385.750 1.384E+08
  1386.000 1.336E+08
  1386.250 1.315E+08
  1386.500 1.371E+08
  1386.750 1.395E+08
  1387.000 1.349E+08
  1387.250 1.267E+08
  1387.500 1.293E+08
  1387.750 1.381E+08
  1388.000 1.405E+08
  1388.250 1.347E+08
  1388.500 1.259E+08
  1388.750 1.320E+08
  1389.000 1.417E+08
  1389.250 1.437E+08
  1389.500 1.432E+08
  1389.750 1.418E+08
  1390.000 1.418E+08
  1390.250 1.430E+08
  1390.500 1.437E+08
  1390.750 1.385E+08
  1391.000 1.259E+08
  1391.250 1.267E+08
  1391.500 1.365E+08
  1391.750 1.346E+08
  1392.000 1.254E+08
  1392.250 1.247E+08
  1392.500 1.296E+08
  1392.750 1.233E+08
  1393.000 1.187E+08
  1393.250 1.123E+08
  1393.500 1.200E+08
  1393.750 1.298E+08
  1394.000 1.336E+08
  1394.250 1.370E+08
  1394.500 1.377E+08
  1394.750 1.393E+08
  1395.000 1.390E+08
  1395.250 1.368E+08
  1395.500 1.378E+08
  1395.750 1.370E+08
  1396.000 1.386E+08
  1396.250 1.389E+08
  1396.500 1.378E+08
  1396.750 1.375E+08
  1397.000 1.389E+08
  1397.250 1.367E+08
  1397.500 1.264E+08
  1397.750 1.218E+08
  1398.000 1.282E+08
  1398.250 1.257E+08
  1398.500 1.177E+08
  1398.750 1.153E+08
  1399.000 1.118E+08
  1399.250 1.278E+08
  1399.500 1.389E+08
  1399.750 1.374E+08
  1400.000 1.377E+08
  1400.250 1.402E+08
  1400.500 1.404E+08
  1400.750 1.415E+08
  1401.000 1.407E+08
  1401.250 1.313E+08
  1401.500 1.190E+08
  1401.750 1.193E+08
  1402.000 1.333E+08
  1402.250 1.436E+08
  1402.500 1.456E+08
  1402.750 1.411E+08
  1403.000 1.284E+08
  1403.250 1.265E+08
  1403.500 1.405E+08
  1403.750 1.464E+08
  1404.000 1.432E+08
  1404.250 1.438E+08
  1404.500 1.477E+08
  1404.750 1.474E+08
  1405.000 1.473E+08
  1405.250 1.447E+08
  1405.500 1.307E+08
  1405.750 1.226E+08
  1406.000 1.360E+08
  1406.250 1.474E+08
  1406.500 1.486E+08
  1406.750 1.460E+08
  1407.000 1.446E+08
  1407.250 1.412E+08
  1407.500 1.374E+08
  1407.750 1.438E+08
  1408.000 1.463E+08
  1408.250 1.359E+08
  1408.500 1.273E+08
  1408.750 1.334E+08
  1409.000 1.247E+08
  1409.250 1.152E+08
  1409.500 1.282E+08
  1409.750 1.390E+08
  1410.000 1.299E+08
  1410.250 1.238E+08
  1410.500 1.346E+08
  1410.750 1.395E+08
  1411.000 1.331E+08
  1411.250 1.297E+08
  1411.500 1.281E+08
  1411.750 1.241E+08
  1412.000 1.210E+08
  1412.250 1.383E+08
  1412.500 1.436E+08
  1412.750 1.306E+08
  1413.000 1.324E+08
  1413.250 1.433E+08
  1413.500 1.377E+08
  1413.750 1.319E+08
  1414.000 1.329E+08
  1414.250 1.303E+08
  1414.500 1.328E+08
  1414.750 1.284E+08
  1415.000 1.296E+08
  1415.250 1.365E+08
  1415.500 1.260E+08
  1415.750 1.170E+08
  1416.000 1.336E+08
  1416.250 1.445E+08
  1416.500 1.332E+08
  1416.750 1.235E+08
  1417.000 1.233E+08
  1417.250 1.164E+08
  1417.500 1.220E+08
  1417.750 1.273E+08
  1418.000 1.324E+08
  1418.250 1.359E+08
  1418.500 1.371E+08
  1418.750 1.351E+08
  1419.000 1.363E+08
  1419.250 1.322E+08
  1419.500 1.329E+08
  1419.750 1.377E+08
  1420.000 1.389E+08
  1420.250 1.353E+08
  1420.500 1.239E+08
  1420.750 1.205E+08
  1421.000 1.266E+08
  1421.250 1.307E+08
  1421.500 1.314E+08
  1421.750 1.355E+08
  1422.000 1.336E+08
  1422.250 1.288E+08
  1422.500 1.293E+08
  1422.750 1.406E+08
  1423.000 1.428E+08
  1423.250 1.399E+08
  1423.500 1.442E+08
  1423.750 1.346E+08
  1424.000 1.159E+08
  1424.250 1.177E+08
  1424.500 1.152E+08
  1424.750 1.000E+08
  1425.000 9.753E+07
  1425.250 1.146E+08
  1425.500 1.397E+08
  1425.750 1.482E+08
  1426.000 1.435E+08
  1426.250 1.393E+08
  1426.500 1.447E+08
  1426.750 1.436E+08
  1427.000 1.361E+08
  1427.250 1.325E+08
  1427.500 1.368E+08
  1427.750 1.346E+08
  1428.000 1.381E+08
  1428.250 1.439E+08
  1428.500 1.359E+08
  1428.750 1.330E+08
  1429.000 1.395E+08
  1429.250 1.356E+08
  1429.500 1.379E+08
  1429.750 1.411E+08
  1430.000 1.343E+08
  1430.250 1.362E+08
  1430.500 1.340E+08
  1430.750 1.109E+08
  1431.000 1.090E+08
  1431.250 1.088E+08
  1431.500 9.485E+07
  1431.750 9.433E+07
  1432.000 9.144E+07
  1432.250 8.769E+07
  1432.500 8.734E+07
  1432.750 9.055E+07
  1433.000 9.203E+07
  1433.250 9.673E+07
  1433.500 1.009E+08
  1433.750 1.036E+08
  1434.000 1.245E+08
  1434.250 1.387E+08
  1434.500 1.329E+08
  1434.750 1.243E+08
  1435.000 1.177E+08
  1435.250 1.134E+08
  1435.500 1.157E+08
  1435.750 1.231E+08
  1436.000 1.329E+08
  1436.250 1.383E+08
  1436.500 1.381E+08
  1436.750 1.367E+08
  1437.000 1.317E+08
  1437.250 1.384E+08
  1437.500 1.440E+08
  1437.750 1.458E+08
  1438.000 1.405E+08
  1438.250 1.347E+08
  1438.500 1.337E+08
  1438.750 1.380E+08
  1439.000 1.437E+08
  1439.250 1.406E+08
  1439.500 1.359E+08
  1439.750 1.421E+08
  1440.000 1.474E+08
  1440.250 1.453E+08
  1440.500 1.366E+08
  1440.750 1.276E+08
  1441.000 1.273E+08
  1441.250 1.339E+08
  1441.500 1.344E+08
  1441.750 1.370E+08
  1442.000 1.371E+08
  1442.250 1.265E+08
  1442.500 1.231E+08
  1442.750 1.280E+08
  1443.000 1.361E+08
  1443.250 1.423E+08
  1443.500 1.389E+08
  1443.750 1.316E+08
  1444.000 1.348E+08
  1444.250 1.381E+08
  1444.500 1.422E+08
  1444.750 1.373E+08
  1445.000 1.283E+08
  1445.250 1.356E+08
  1445.500 1.435E+08
  1445.750 1.462E+08
  1446.000 1.466E+08
  1446.250 1.431E+08
  1446.500 1.351E+08
  1446.750 1.365E+08
  1447.000 1.389E+08
  1447.250 1.326E+08
  1447.500 1.355E+08
  1447.750 1.390E+08
  1448.000 1.258E+08
  1448.250 1.060E+08
  1448.500 1.164E+08
  1448.750 1.387E+08
  1449.000 1.448E+08
  1449.250 1.435E+08
  1449.500 1.418E+08
  1449.750 1.379E+08
  1450.000 1.311E+08
  1450.250 1.370E+08
  1450.500 1.424E+08
  1450.750 1.404E+08
  1451.000 1.404E+08
  1451.250 1.407E+08
  1451.500 1.397E+08
  1451.750 1.367E+08
  1452.000 1.335E+08
  1452.250 1.400E+08
  1452.500 1.415E+08
  1452.750 1.331E+08
  1453.000 1.327E+08
  1453.250 1.422E+08
  1453.500 1.453E+08
  1453.750 1.448E+08
  1454.000 1.407E+08
  1454.250 1.323E+08
  1454.500 1.316E+08
  1454.750 1.260E+08
  1455.000 1.222E+08
  1455.250 1.285E+08
  1455.500 1.371E+08
  1455.750 1.372E+08
  1456.000 1.374E+08
  1456.250 1.351E+08
  1456.500 1.300E+08
  1456.750 1.365E+08
  1457.000 1.422E+08
  1457.250 1.430E+08
  1457.500 1.403E+08
  1457.750 1.366E+08
  1458.000 1.403E+08
  1458.250 1.434E+08
  1458.500 1.424E+08
  1458.750 1.321E+08
  1459.000 1.136E+08
  1459.250 1.171E+08
  1459.500 1.339E+08
  1459.750 1.422E+08
  1460.000 1.425E+08
  1460.250 1.418E+08
  1460.500 1.430E+08
  1460.750 1.416E+08
  1461.000 1.360E+08
  1461.250 1.342E+08
  1461.500 1.368E+08
  1461.750 1.329E+08
  1462.000 1.302E+08
  1462.250 1.292E+08
  1462.500 1.306E+08
  1462.750 1.342E+08
  1463.000 1.163E+08
  1463.250 8.407E+07
  1463.500 9.554E+07
  1463.750 1.276E+08
  1464.000 1.400E+08
  1464.250 1.400E+08
  1464.500 1.336E+08
  1464.750 1.272E+08
  1465.000 1.241E+08
  1465.250 1.310E+08
  1465.500 1.376E+08
  1465.750 1.388E+08
  1466.000 1.334E+08
  1466.250 1.265E+08
  1466.500 1.263E+08
  1466.750 1.270E+08
  1467.000 1.165E+08
  1467.250 9.435E+07
  1467.500 9.180E+07
  1467.750 1.067E+08
  1468.000 1.202E+08
  1468.250 1.245E+08
  1468.500 1.216E+08
  1468.750 1.275E+08
  1469.000 1.325E+08
  1469.250 1.286E+08
  1469.500 1.256E+08
  1469.750 1.230E+08
  1470.000 1.143E+08
  1470.250 1.158E+08
  1470.500 1.213E+08
  1470.750 1.250E+08
  1471.000 1.333E+08
  1471.250 1.368E+08
  1471.500 1.342E+08
  1471.750 1.287E+08
  1472.000 1.245E+08
  1472.250 1.300E+08
  1472.500 1.326E+08
  1472.750 1.263E+08
  1473.000 1.251E+08
  1473.250 1.324E+08
  1473.500 1.329E+08
  1473.750 1.189E+08
  1474.000 1.099E+08
  1474.250 1.143E+08
  1474.500 1.177E+08
  1474.750 1.256E+08
  1475.000 1.345E+08
  1475.250 1.359E+08
  1475.500 1.242E+08
  1475.750 1.040E+08
  1476.000 1.040E+08
  1476.250 1.238E+08
  1476.500 1.315E+08
  1476.750 1.324E+08
  1477.000 1.321E+08
  1477.250 1.253E+08
  1477.500 1.200E+08
  1477.750 1.125E+08
  1478.000 9.796E+07
  1478.250 1.063E+08
  1478.500 1.214E+08
  1478.750 1.310E+08
  1479.000 1.361E+08
  1479.250 1.354E+08
  1479.500 1.329E+08
  1479.750 1.332E+08
  1480.000 1.344E+08
  1480.250 1.360E+08
  1480.500 1.334E+08
  1480.750 1.177E+08
  1481.000 1.100E+08
  1481.250 1.186E+08
  1481.500 1.155E+08
  1481.750 1.075E+08
  1482.000 1.197E+08
  1482.250 1.260E+08
  1482.500 1.232E+08
  1482.750 1.081E+08
  1483.000 8.930E+07
  1483.250 9.596E+07
  1483.500 1.093E+08
  1483.750 1.193E+08
  1484.000 1.260E+08
  1484.250 1.304E+08
  1484.500 1.345E+08
  1484.750 1.347E+08
  1485.000 1.297E+08
  1485.250 1.226E+08
  1485.500 1.219E+08
  1485.750 1.319E+08
  1486.000 1.346E+08
  1486.250 1.269E+08
  1486.500 1.239E+08
  1486.750 1.309E+08
  1487.000 1.283E+08
  1487.250 1.222E+08
  1487.500 1.276E+08
  1487.750 1.349E+08
  1488.000 1.353E+08
  1488.250 1.298E+08
  1488.500 1.280E+08
  1488.750 1.305E+08
  1489.000 1.266E+08
  1489.250 1.218E+08
  1489.500 1.224E+08
  1489.750 1.218E+08
  1490.000 1.246E+08
  1490.250 1.281E+08
  1490.500 1.269E+08
  1490.750 1.286E+08
  1491.000 1.340E+08
  1491.250 1.330E+08
  1491.500 1.317E+08
  1491.750 1.306E+08
  1492.000 1.292E+08
  1492.250 1.199E+08
  1492.500 8.818E+07
  1492.750 7.581E+07
  1493.000 1.021E+08
  1493.250 1.175E+08
  1493.500 1.226E+08
  1493.750 1.249E+08
  1494.000 1.246E+08
  1494.250 1.192E+08
  1494.500 9.502E+07
  1494.750 8.867E+07
  1495.000 1.173E+08
  1495.250 1.295E+08
  1495.500 1.312E+08
  1495.750 1.346E+08
  1496.000 1.341E+08
  1496.250 1.284E+08
  1496.500 1.208E+08
  1496.750 1.236E+08
  1497.000 1.264E+08
  1497.250 1.310E+08
  1497.500 1.356E+08
  1497.750 1.368E+08
  1498.000 1.363E+08
  1498.250 1.339E+08
  1498.500 1.292E+08
  1498.750 1.257E+08
  1499.000 1.291E+08
  1499.250 1.314E+08
  1499.500 1.332E+08
  1499.750 1.337E+08
  1500.000 1.291E+08
  1500.250 1.176E+08
  1500.500 1.163E+08
  1500.750 1.235E+08
  1501.000 1.203E+08
  1501.250 1.231E+08
  1501.500 1.288E+08
  1501.750 1.240E+08
  1502.000 1.155E+08
  1502.250 1.198E+08
  1502.500 1.301E+08
  1502.750 1.316E+08
  1503.000 1.312E+08
  1503.250 1.338E+08
  1503.500 1.352E+08
  1503.750 1.334E+08
  1504.000 1.292E+08
  1504.250 1.274E+08
  1504.500 1.298E+08
  1504.750 1.309E+08
  1505.000 1.284E+08
  1505.250 1.287E+08
  1505.500 1.298E+08
  1505.750 1.275E+08
  1506.000 1.301E+08
  1506.250 1.295E+08
  1506.500 1.225E+08
  1506.750 1.185E+08
  1507.000 1.192E+08
  1507.250 1.247E+08
  1507.500 1.274E+08
  1507.750 1.264E+08
  1508.000 1.235E+08
  1508.250 1.177E+08
  1508.500 1.106E+08
  1508.750 9.399E+07
  1509.000 7.718E+07
  1509.250 8.428E+07
  1509.500 1.109E+08
  1509.750 1.265E+08
  1510.000 1.282E+08
  1510.250 1.263E+08
  1510.500 1.167E+08
  1510.750 1.011E+08
  1511.000 1.057E+08
  1511.250 1.187E+08
  1511.500 1.205E+08
  1511.750 1.097E+08
  1512.000 9.121E+07
  1512.250 9.837E+07
  1512.500 1.201E+08
  1512.750 1.258E+08
  1513.000 1.241E+08
  1513.250 1.210E+08
  1513.500 1.203E+08
  1513.750 1.232E+08
  1514.000 1.251E+08
  1514.250 1.203E+08
  1514.500 1.176E+08
  1514.750 1.245E+08
  1515.000 1.286E+08
  1515.250 1.275E+08
  1515.500 1.215E+08
  1515.750 1.093E+08
  1516.000 1.038E+08
  1516.250 1.159E+08
  1516.500 1.238E+08
  1516.750 1.258E+08
  1517.000 1.272E+08
  1517.250 1.299E+08
  1517.500 1.315E+08
  1517.750 1.316E+08
  1518.000 1.311E+08
  1518.250 1.297E+08
  1518.500 1.264E+08
  1518.750 1.255E+08
  1519.000 1.278E+08
  1519.250 1.253E+08
  1519.500 1.221E+08
  1519.750 1.263E+08
  1520.000 1.287E+08
  1520.250 1.277E+08
  1520.500 1.241E+08
  1520.750 1.189E+08
  1521.000 1.208E+08
  1521.250 1.265E+08
  1521.500 1.250E+08
  1521.750 1.242E+08
  1522.000 1.262E+08
  1522.250 1.259E+08
  1522.500 1.208E+08
  1522.750 1.174E+08
  1523.000 1.191E+08
  1523.250 1.132E+08
  1523.500 1.133E+08
  1523.750 1.194E+08
  1524.000 1.196E+08
  1524.250 1.168E+08
  1524.500 1.106E+08
  1524.750 1.045E+08
  1525.000 9.546E+07
  1525.250 9.149E+07
  1525.500 8.771E+07
  1525.750 7.449E+07
  1526.000 5.602E+07
  1526.250 3.414E+07
  1526.500 1.627E+07
  1526.750 1.157E+07
  1527.000 2.036E+07
  1527.250 3.473E+07
  1527.500 5.391E+07
  1527.750 7.381E+07
  1528.000 9.102E+07
  1528.250 1.013E+08
  1528.500 1.058E+08
  1528.750 1.075E+08
  1529.000 1.096E+08
  1529.250 1.106E+08
  1529.500 1.091E+08
  1529.750 1.095E+08
  1530.000 1.104E+08
  1530.250 1.073E+08
  1530.500 1.032E+08
  1530.750 1.041E+08
  1531.000 1.038E+08
  1531.250 9.816E+07
  1531.500 9.013E+07
  1531.750 8.297E+07
  1532.000 7.748E+07
  1532.250 6.729E+07
  1532.500 5.182E+07
  1532.750 3.532E+07
  1533.000 2.113E+07
  1533.250 1.129E+07
  1533.500 9.332E+06
  1533.750 1.740E+07
  1534.000 3.152E+07
  1534.250 4.773E+07
  1534.500 6.351E+07
  1534.750 7.663E+07
  1535.000 8.678E+07
  1535.250 9.424E+07
  1535.500 9.867E+07
  1535.750 9.941E+07
  1536.000 1.020E+08
  1536.250 1.057E+08
  1536.500 1.026E+08
  1536.750 9.792E+07
  1537.000 1.040E+08
  1537.250 1.147E+08
  1537.500 1.186E+08
  1537.750 1.186E+08
  1538.000 1.148E+08
  1538.250 1.157E+08
  1538.500 1.161E+08
  1538.750 1.151E+08
  1539.000 1.139E+08
  1539.250 1.128E+08
  1539.500 1.120E+08
  1539.750 1.088E+08
  1540.000 1.118E+08
  1540.250 1.195E+08
  1540.500 1.228E+08
  1540.750 1.219E+08
  1541.000 1.211E+08
  1541.250 1.179E+08
  1541.500 1.119E+08
  1541.750 1.151E+08
  1542.000 1.152E+08
  1542.250 1.103E+08
  1542.500 1.149E+08
  1542.750 1.197E+08
  1543.000 1.194E+08
  1543.250 1.204E+08
  1543.500 1.214E+08
  1543.750 1.208E+08
  1544.000 1.218E+08
  1544.250 1.244E+08
  1544.500 1.222E+08
  1544.750 1.159E+08
  1545.000 1.148E+08
  1545.250 1.192E+08
  1545.500 1.207E+08
  1545.750 1.169E+08
  1546.000 1.193E+08
  1546.250 1.216E+08
  1546.500 1.203E+08
  1546.750 1.223E+08
  1547.000 1.224E+08
  1547.250 1.213E+08
  1547.500 1.190E+08
  1547.750 1.131E+08
  1548.000 1.107E+08
  1548.250 1.140E+08
  1548.500 1.149E+08
  1548.750 1.154E+08
  1549.000 1.221E+08
  1549.250 1.233E+08
  1549.500 1.184E+08
  1549.750 1.171E+08
  1550.000 1.085E+08
  1550.250 9.604E+07
  1550.500 1.037E+08
  1550.750 1.113E+08
  1551.000 1.099E+08
  1551.250 1.111E+08
  1551.500 1.179E+08
  1551.750 1.156E+08
  1552.000 1.096E+08
  1552.250 1.106E+08
  1552.500 1.089E+08
  1552.750 1.039E+08
  1553.000 9.769E+07
  1553.250 9.762E+07
  1553.500 1.097E+08
  1553.750 1.112E+08
  1554.000 1.130E+08
  1554.250 1.106E+08
  1554.500 9.482E+07
  1554.750 9.165E+07
  1555.000 1.070E+08
  1555.250 1.093E+08
  1555.500 1.039E+08
  1555.750 1.028E+08
  1556.000 1.075E+08
  1556.250 1.094E+08
  1556.500 1.094E+08
  1556.750 1.093E+08
  1557.000 1.111E+08
  1557.250 1.149E+08
  1557.500 1.154E+08
  1557.750 1.158E+08
  1558.000 1.171E+08
  1558.250 1.099E+08
  1558.500 9.130E+07
  1558.750 8.712E+07
  1559.000 8.896E+07
  1559.250 9.049E+07
  1559.500 9.749E+07
  1559.750 9.554E+07
  1560.000 8.215E+07
  1560.250 6.581E+07
  1560.500 6.362E+07
  1560.750 6.838E+07
  1561.000 7.802E+07
  1561.250 6.734E+07
  1561.500 6.566E+07
  1561.750 8.373E+07
  1562.000 9.534E+07
  1562.250 1.015E+08
  1562.500 1.106E+08
  1562.750 1.163E+08
  1563.000 1.151E+08
  1563.250 1.100E+08
  1563.500 1.018E+08
  1563.750 9.464E+07
  1564.000 1.024E+08
  1564.250 1.095E+08
  1564.500 1.063E+08
  1564.750 1.067E+08
  1565.000 1.112E+08
  1565.250 1.087E+08
  1565.500 1.108E+08
  1565.750 1.182E+08
  1566.000 1.174E+08
  1566.250 1.087E+08
  1566.500 1.016E+08
  1566.750 9.826E+07
  1567.000 1.049E+08
  1567.250 1.149E+08
  1567.500 1.133E+08
  1567.750 1.021E+08
  1568.000 9.483E+07
  1568.250 1.065E+08
  1568.500 1.126E+08
  1568.750 1.134E+08
  1569.000 1.186E+08
  1569.250 1.192E+08
  1569.500 1.108E+08
  1569.750 1.069E+08
  1570.000 1.073E+08
  1570.250 9.990E+07
  1570.500 1.063E+08
  1570.750 1.120E+08
  1571.000 1.046E+08
  1571.250 1.071E+08
  1571.500 1.159E+08
  1571.750 1.173E+08
  1572.000 1.183E+08
  1572.250 1.183E+08
  1572.500 1.109E+08
  1572.750 1.007E+08
  1573.000 1.026E+08
  1573.250 1.116E+08
  1573.500 1.101E+08
  1573.750 9.492E+07
  1574.000 8.826E+07
  1574.250 9.883E+07
  1574.500 9.360E+07
  1574.750 7.158E+07
  1575.000 6.854E+07
  1575.250 9.528E+07
  1575.500 1.105E+08
  1575.750 1.145E+08
  1576.000 1.178E+08
  1576.250 1.187E+08
  1576.500 1.163E+08
  1576.750 1.087E+08
  1577.000 9.682E+07
  1577.250 1.005E+08
  1577.500 1.152E+08
  1577.750 1.153E+08
  1578.000 1.048E+08
  1578.250 9.881E+07
  1578.500 1.021E+08
  1578.750 1.122E+08
  1579.000 1.164E+08
  1579.250 1.160E+08
  1579.500 1.182E+08
  1579.750 1.186E+08
  1580.000 1.140E+08
  1580.250 1.064E+08
  1580.500 9.870E+07
  1580.750 1.018E+08
  1581.000 1.089E+08
  1581.250 9.996E+07
  1581.500 9.980E+07
  1581.750 1.120E+08
  1582.000 1.174E+08
  1582.250 1.154E+08
  1582.500 1.162E+08
  1582.750 1.175E+08
  1583.000 1.167E+08
  1583.250 1.175E+08
  1583.500 1.189E+08
  1583.750 1.196E+08
  1584.000 1.177E+08
  1584.250 1.133E+08
  1584.500 1.117E+08
  1584.750 1.044E+08
  1585.000 9.411E+07
  1585.250 9.984E+07
  1585.500 1.088E+08
  1585.750 1.072E+08
  1586.000 1.005E+08
  1586.250 1.047E+08
  1586.500 1.113E+08
  1586.750 1.117E+08
  1587.000 1.135E+08
  1587.250 1.145E+08
  1587.500 1.134E+08
  1587.750 1.134E+08
  1588.000 1.085E+08
  1588.250 9.915E+07
  1588.500 1.034E+08
  1588.750 1.115E+08
  1589.000 1.153E+08
  1589.250 1.146E+08
  1589.500 1.156E+08
  1589.750 1.164E+08
  1590.000 1.129E+08
  1590.250 1.074E+08
  1590.500 1.044E+08
  1590.750 1.099E+08
  1591.000 1.132E+08
  1591.250 1.146E+08
  1591.500 1.153E+08
  1591.750 1.141E+08
  1592.000 1.103E+08
  1592.250 9.967E+07
  1592.500 9.837E+07
  1592.750 1.097E+08
  1593.000 1.161E+08
  1593.250 1.151E+08
  1593.500 1.107E+08
  1593.750 1.099E+08
  1594.000 1.103E+08
  1594.250 1.118E+08
  1594.500 1.113E+08
  1594.750 9.611E+07
  1595.000 8.938E+07
  1595.250 1.017E+08
  1595.500 1.077E+08
  1595.750 1.112E+08
  1596.000 1.159E+08
  1596.250 1.165E+08
  1596.500 1.115E+08
  1596.750 1.109E+08
  1597.000 1.163E+08
  1597.250 1.180E+08
  1597.500 1.176E+08
  1597.750 1.179E+08
  1598.000 1.180E+08
  1598.250 1.167E+08
  1598.500 1.157E+08
  1598.750 1.173E+08
  1599.000 1.181E+08
  1599.250 1.175E+08
  1599.500 1.164E+08
  1599.750 1.114E+08
  1600.000 1.034E+08
  1600.250 1.031E+08
  1600.500 9.847E+07
  1600.750 9.271E+07
  1601.000 9.887E+07
  1601.250 1.052E+08
  1601.500 1.113E+08
  1601.750 1.136E+08
  1602.000 1.077E+08
  1602.250 1.001E+08
  1602.500 9.414E+07
  1602.750 9.256E+07
  1603.000 9.318E+07
  1603.250 1.039E+08
  1603.500 1.120E+08
  1603.750 1.161E+08
  1604.000 1.173E+08
  1604.250 1.149E+08
  1604.500 1.088E+08
  1604.750 1.101E+08
  1605.000 1.098E+08
  1605.250 9.875E+07
  1605.500 9.297E+07
  1605.750 8.964E+07
  1606.000 9.781E+07
  1606.250 1.095E+08
  1606.500 1.144E+08
  1606.750 1.127E+08
  1607.000 1.100E+08
  1607.250 1.116E+08
  1607.500 1.099E+08
  1607.750 1.069E+08
  1608.000 1.055E+08
  1608.250 9.273E+07
  1608.500 8.261E+07
  1608.750 9.865E+07
  1609.000 1.093E+08
  1609.250 1.120E+08
  1609.500 1.137E+08
  1609.750 1.133E+08
  1610.000 1.110E+08
  1610.250 1.089E+08
  1610.500 1.067E+08
  1610.750 9.896E+07
  1611.000 9.383E+07
  1611.250 1.015E+08
  1611.500 1.020E+08
  1611.750 8.697E+07
  1612.000 8.785E+07
  1612.250 1.031E+08
  1612.500 1.039E+08
  1612.750 9.130E+07
  1613.000 9.655E+07
  1613.250 1.090E+08
  1613.500 1.089E+08
  1613.750 1.014E+08
  1614.000 1.025E+08
  1614.250 1.097E+08
  1614.500 1.097E+08
  1614.750 1.108E+08
  1615.000 1.139E+08
  1615.250 1.131E+08
  1615.500 1.107E+08
  1615.750 1.088E+08
  1616.000 1.085E+08
  1616.250 1.089E+08
  1616.500 9.975E+07
  1616.750 9.872E+07
  1617.000 1.069E+08
  1617.250 1.085E+08
  1617.500 1.114E+08
  1617.750 1.144E+08
  1618.000 1.134E+08
  1618.250 1.045E+08
  1618.500 9.614E+07
  1618.750 9.736E+07
  1619.000 9.479E+07
  1619.250 1.018E+08
  1619.500 1.070E+08
  1619.750 1.091E+08
  1620.000 1.076E+08
  1620.250 1.028E+08
  1620.500 1.050E+08
  1620.750 1.114E+08
  1621.000 1.111E+08
  1621.250 1.078E+08
  1621.500 9.774E+07
  1621.750 8.657E+07
  1622.000 9.610E+07
  1622.250 1.069E+08
  1622.500 1.067E+08
  1622.750 9.628E+07
  1623.000 8.746E+07
  1623.250 9.678E+07
  1623.500 1.016E+08
  1623.750 9.952E+07
  1624.000 1.066E+08
  1624.250 1.108E+08
  1624.500 1.095E+08
  1624.750 1.057E+08
  1625.000 1.073E+08
  1625.250 1.023E+08
  1625.500 8.629E+07
  1625.750 8.227E+07
  1626.000 9.301E+07
  1626.250 1.007E+08
  1626.500 1.012E+08
  1626.750 1.061E+08
  1627.000 1.046E+08
  1627.250 9.866E+07
  1627.500 9.969E+07
  1627.750 1.062E+08
  1628.000 1.096E+08
  1628.250 1.085E+08
  1628.500 1.064E+08
  1628.750 1.042E+08
  1629.000 8.852E+07
  1629.250 6.564E+07
  1629.500 6.959E+07
  1629.750 8.161E+07
  1630.000 8.376E+07
  1630.250 9.481E+07
  1630.500 1.040E+08
  1630.750 1.034E+08
  1631.000 9.090E+07
  1631.250 8.784E+07
  1631.500 9.497E+07
  1631.750 9.977E+07
  1632.000 1.044E+08
  1632.250 1.022E+08
  1632.500 9.760E+07
  1632.750 9.726E+07
  1633.000 1.047E+08
  1633.250 1.050E+08
  1633.500 9.861E+07
  1633.750 8.826E+07
  1634.000 8.437E+07
  1634.250 9.144E+07
  1634.500 1.009E+08
  1634.750 1.098E+08
  1635.000 1.081E+08
  1635.250 9.609E+07
  1635.500 9.281E+07
  1635.750 1.016E+08
  1636.000 1.019E+08
  1636.250 9.454E+07
  1636.500 9.962E+07
  1636.750 1.089E+08
  1637.000 1.087E+08
  1637.250 9.832E+07
  1637.500 9.391E+07
  1637.750 1.046E+08
  1638.000 1.108E+08
  1638.250 1.119E+08
  1638.500 1.117E+08
  1638.750 1.085E+08
  1639.000 1.024E+08
  1639.250 9.289E+07
  1639.500 8.982E+07
  1639.750 9.909E+07
  1640.000 9.527E+07
  1640.250 9.214E+07
  1640.500 1.017E+08
  1640.750 1.009E+08
  1641.000 1.024E+08
  1641.250 1.082E+08
  1641.500 1.035E+08
  1641.750 9.496E+07
  1642.000 9.808E+07
  1642.250 9.746E+07
  1642.500 9.543E+07
  1642.750 1.044E+08
  1643.000 1.090E+08
  1643.250 1.031E+08
  1643.500 9.391E+07
  1643.750 9.830E+07
  1644.000 1.073E+08
  1644.250 1.097E+08
  1644.500 1.092E+08
  1644.750 1.051E+08
  1645.000 1.004E+08
  1645.250 1.051E+08
  1645.500 1.095E+08
  1645.750 1.086E+08
  1646.000 1.012E+08
  1646.250 9.747E+07
  1646.500 1.056E+08
  1646.750 1.082E+08
  1647.000 1.002E+08
  1647.250 9.405E+07
  1647.500 9.600E+07
  1647.750 1.025E+08
  1648.000 1.087E+08
  1648.250 1.094E+08
  1648.500 1.095E+08
  1648.750 1.103E+08
  1649.000 1.061E+08
  1649.250 8.855E+07
  1649.500 7.539E+07
  1649.750 8.634E+07
  1650.000 1.004E+08
  1650.250 1.033E+08
  1650.500 9.642E+07
  1650.750 9.389E+07
  1651.000 1.028E+08
  1651.250 1.076E+08
  1651.500 1.048E+08
  1651.750 1.027E+08
  1652.000 1.035E+08
  1652.250 1.055E+08
  1652.500 1.073E+08
  1652.750 1.072E+08
  1653.000 1.047E+08
  1653.250 9.910E+07
  1653.500 9.667E+07
  1653.750 9.757E+07
  1654.000 8.737E+07
  1654.250 7.743E+07
  1654.500 8.033E+07
  1654.750 8.923E+07
  1655.000 9.329E+07
  1655.250 9.436E+07
  1655.500 9.331E+07
  1655.750 9.720E+07
  1656.000 8.789E+07
  1656.250 6.797E+07
  1656.500 6.941E+07
  1656.750 5.935E+07
  1657.000 3.985E+07
  1657.250 4.280E+07
  1657.500 5.521E+07
  1657.750 5.897E+07
  1658.000 4.919E+07
  1658.250 6.395E+07
  1658.500 8.308E+07
  1658.750 8.563E+07
  1659.000 8.994E+07
  1659.250 9.128E+07
  1659.500 8.930E+07
  1659.750 1.003E+08
  1660.000 1.076E+08
  1660.250 1.072E+08
  1660.500 1.039E+08
  1660.750 9.716E+07
  1661.000 9.493E+07
  1661.250 9.354E+07
  1661.500 9.790E+07
  1661.750 1.044E+08
  1662.000 1.045E+08
  1662.250 9.783E+07
  1662.500 9.591E+07
  1662.750 1.001E+08
  1663.000 9.079E+07
  1663.250 8.257E+07
  1663.500 8.917E+07
  1663.750 8.868E+07
  1664.000 9.414E+07
  1664.250 9.978E+07
  1664.500 1.030E+08
  1664.750 1.069E+08
  1665.000 1.078E+08
  1665.250 1.065E+08
  1665.500 1.051E+08
  1665.750 1.050E+08
  1666.000 1.043E+08
  1666.250 1.020E+08
  1666.500 9.459E+07
  1666.750 9.127E+07
  1667.000 1.009E+08
  1667.250 1.054E+08
  1667.500 1.010E+08
  1667.750 9.409E+07
  1668.000 9.495E+07
  1668.250 1.012E+08
  1668.500 1.011E+08
  1668.750 1.009E+08
  1669.000 1.004E+08
  1669.250 1.021E+08
  1669.500 9.849E+07
  1669.750 9.579E+07
  1670.000 9.865E+07
  1670.250 9.350E+07
  1670.500 7.081E+07
  1670.750 3.882E+07
  1671.000 4.123E+07
  1671.250 7.268E+07
  1671.500 9.250E+07
  1671.750 1.003E+08
  1672.000 1.033E+08
  1672.250 1.009E+08
  1672.500 9.601E+07
  1672.750 9.919E+07
  1673.000 1.037E+08
  1673.250 9.729E+07
  1673.500 9.113E+07
  1673.750 9.644E+07
  1674.000 9.085E+07
  1674.250 8.164E+07
  1674.500 8.306E+07
  1674.750 8.636E+07
  1675.000 9.160E+07
  1675.250 9.302E+07
  1675.500 9.910E+07
  1675.750 9.769E+07
  1676.000 9.445E+07
  1676.250 9.337E+07
  1676.500 9.332E+07
  1676.750 9.251E+07
  1677.000 9.669E+07
  1677.250 1.043E+08
  1677.500 1.033E+08
  1677.750 9.589E+07
  1678.000 9.643E+07
  1678.250 9.956E+07
  1678.500 9.900E+07
  1678.750 1.018E+08
  1679.000 1.011E+08
  1679.250 8.682E+07
  1679.500 7.885E+07
  1679.750 9.224E+07
  1680.000 1.019E+08
  1680.250 1.042E+08
  1680.500 1.049E+08
  1680.750 1.032E+08
  1681.000 9.615E+07
  1681.250 9.654E+07
  1681.500 1.035E+08
  1681.750 1.057E+08
  1682.000 1.054E+08
  1682.250 1.047E+08
  1682.500 1.043E+08
  1682.750 1.038E+08
  1683.000 1.003E+08
  1683.250 9.407E+07
  1683.500 9.596E+07
  1683.750 9.803E+07
  1684.000 9.556E+07
  1684.250 9.904E+07
  1684.500 1.030E+08
  1684.750 1.047E+08
  1685.000 1.053E+08
  1685.250 1.050E+08
  1685.500 1.030E+08
  1685.750 9.606E+07
  1686.000 9.040E+07
  1686.250 8.898E+07
  1686.500 7.926E+07
  1686.750 7.704E+07
  1687.000 9.132E+07
  1687.250 1.014E+08
  1687.500 1.010E+08
  1687.750 9.839E+07
  1688.000 9.484E+07
  1688.250 8.734E+07
  1688.500 8.879E+07
  1688.750 9.433E+07
  1689.000 9.724E+07
  1689.250 1.016E+08
  1689.500 1.002E+08
  1689.750 9.468E+07
  1690.000 9.657E+07
  1690.250 1.013E+08
  1690.500 9.783E+07
  1690.750 9.118E+07
  1691.000 9.119E+07
  1691.250 8.772E+07
  1691.500 8.798E+07
  1691.750 9.640E+07
  1692.000 1.013E+08
  1692.250 9.674E+07
  1692.500 9.119E+07
  1692.750 9.674E+07
  1693.000 9.841E+07
  1693.250 8.867E+07
  1693.500 8.352E+07
  1693.750 8.597E+07
  1694.000 8.928E+07
  1694.250 9.263E+07
  1694.500 8.650E+07
  1694.750 8.720E+07
  1695.000 9.387E+07
  1695.250 9.630E+07
  1695.500 9.448E+07
  1695.750 9.341E+07
  1696.000 8.311E+07
  1696.250 7.150E+07
  1696.500 7.397E+07
  1696.750 7.630E+07
  1697.000 8.441E+07
  1697.250 9.506E+07
  1697.500 9.562E+07
  1697.750 8.126E+07
  1698.000 6.790E+07
  1698.250 7.721E+07
  1698.500 9.074E+07
  1698.750 9.810E+07
  1699.000 9.464E+07
  1699.250 9.209E+07
  1699.500 9.860E+07
  1699.750 1.007E+08
  1700.000 9.882E+07
  1700.250 9.308E+07
  1700.500 8.785E+07
  1700.750 9.120E+07
  1701.000 9.633E+07
  1701.250 9.736E+07
  1701.500 9.378E+07
  1701.750 8.073E+07
  1702.000 7.116E+07
  1702.250 8.636E+07
  1702.500 9.690E+07
  1702.750 9.256E+07
  1703.000 9.269E+07
  1703.250 9.137E+07
  1703.500 8.735E+07
  1703.750 9.021E+07
  1704.000 9.755E+07
  1704.250 9.634E+07
  1704.500 8.744E+07
  1704.750 8.982E+07
  1705.000 9.947E+07
  1705.250 1.027E+08
  1705.500 1.027E+08
  1705.750 1.012E+08
  1706.000 9.631E+07
  1706.250 9.445E+07
  1706.500 9.773E+07
  1706.750 9.892E+07
  1707.000 9.750E+07
  1707.250 8.697E+07
  1707.500 7.705E+07
  1707.750 8.347E+07
  1708.000 9.110E+07
  1708.250 8.782E+07
  1708.500 8.419E+07
  1708.750 8.881E+07
  1709.000 9.841E+07
  1709.250 9.300E+07
  1709.500 7.069E+07
  1709.750 6.933E+07
  1710.000 8.954E+07
  1710.250 9.863E+07
  1710.500 1.004E+08
  1710.750 1.011E+08
  1711.000 1.007E+08
  1711.250 9.937E+07
  1711.500 9.395E+07
  1711.750 9.167E+07
  1712.000 9.770E+07
  1712.250 1.006E+08
  1712.500 9.899E+07
  1712.750 9.197E+07
  1713.000 8.319E+07
  1713.250 8.947E+07
  1713.500 9.818E+07
  1713.750 1.006E+08
  1714.000 1.006E+08
  1714.250 9.785E+07
  1714.500 9.066E+07
  1714.750 8.393E+07
  1715.000 8.441E+07
  1715.250 8.567E+07
  1715.500 8.560E+07
  1715.750 9.224E+07
  1716.000 9.498E+07
  1716.250 8.909E+07
  1716.500 8.699E+07
  1716.750 9.130E+07
  1717.000 9.392E+07
  1717.250 9.460E+07
  1717.500 8.995E+07
  1717.750 8.307E+07
  1718.000 8.296E+07
  1718.250 8.749E+07
  1718.500 9.441E+07
  1718.750 9.367E+07
  1719.000 8.747E+07
  1719.250 8.079E+07
  1719.500 7.630E+07
  1719.750 8.415E+07
  1720.000 8.309E+07
  1720.250 7.907E+07
  1720.500 7.462E+07
  1720.750 7.759E+07
  1721.000 8.043E+07
  1721.250 7.037E+07
  1721.500 7.697E+07
  1721.750 9.208E+07
  1722.000 9.481E+07
  1722.250 8.999E+07
  1722.500 8.722E+07
  1722.750 8.904E+07
  1723.000 9.232E+07
  1723.250 9.683E+07
  1723.500 9.755E+07
  1723.750 9.701E+07
  1724.000 9.746E+07
  1724.250 9.501E+07
  1724.500 8.494E+07
  1724.750 6.562E+07
  1725.000 4.876E+07
  1725.250 6.606E+07
  1725.500 8.844E+07
  1725.750 9.056E+07
  1726.000 8.120E+07
  1726.250 7.299E+07
  1726.500 7.452E+07
  1726.750 8.402E+07
  1727.000 8.969E+07
  1727.250 9.157E+07
  1727.500 9.438E+07
  1727.750 9.828E+07
  1728.000 9.905E+07
  1728.250 9.856E+07
  1728.500 9.738E+07
  1728.750 9.349E+07
  1729.000 9.333E+07
  1729.250 9.489E+07
  1729.500 9.641E+07
  1729.750 9.841E+07
  1730.000 9.624E+07
  1730.250 9.172E+07
  1730.500 8.937E+07
  1730.750 8.415E+07
  1731.000 7.508E+07
  1731.250 7.563E+07
  1731.500 8.483E+07
  1731.750 8.783E+07
  1732.000 8.823E+07
  1732.250 9.460E+07
  1732.500 9.600E+07
  1732.750 9.466E+07
  1733.000 9.390E+07
  1733.250 9.226E+07
  1733.500 8.997E+07
  1733.750 9.223E+07
  1734.000 9.314E+07
  1734.250 8.853E+07
  1734.500 8.157E+07
  1734.750 7.448E+07
  1735.000 7.847E+07
  1735.250 8.809E+07
  1735.500 8.673E+07
  1735.750 8.790E+07
  1736.000 9.262E+07
  1736.250 9.544E+07
  1736.500 9.666E+07
  1736.750 9.645E+07
  1737.000 9.136E+07
  1737.250 8.186E+07
  1737.500 6.991E+07
  1737.750 6.945E+07
  1738.000 8.113E+07
  1738.250 8.714E+07
  1738.500 8.993E+07
  1738.750 9.321E+07
  1739.000 9.619E+07
  1739.250 9.747E+07
  1739.500 9.788E+07
  1739.750 9.708E+07
  1740.000 9.260E+07
  1740.250 8.717E+07
  1740.500 8.965E+07
  1740.750 9.500E+07
  1741.000 9.636E+07
  1741.250 9.013E+07
  1741.500 7.645E+07
  1741.750 7.867E+07
  1742.000 8.757E+07
  1742.250 9.130E+07
  1742.500 8.407E+07
  1742.750 7.494E+07
  1743.000 8.174E+07
  1743.250 8.418E+07
  1743.500 8.967E+07
  1743.750 9.467E+07
  1744.000 9.297E+07
  1744.250 8.886E+07
  1744.500 8.761E+07
  1744.750 9.101E+07
  1745.000 8.756E+07
  1745.250 7.939E+07
  1745.500 8.508E+07
  1745.750 9.256E+07
  1746.000 9.663E+07
  1746.250 9.696E+07
  1746.500 9.130E+07
  1746.750 7.752E+07
  1747.000 7.678E+07
  1747.250 8.853E+07
  1747.500 9.399E+07
  1747.750 9.431E+07
  1748.000 8.875E+07
  1748.250 8.123E+07
  1748.500 8.787E+07
  1748.750 9.303E+07
  1749.000 8.575E+07
  1749.250 7.968E+07
  1749.500 7.844E+07
  1749.750 8.045E+07
  1750.000 8.952E+07
  1750.250 9.239E+07
  1750.500 8.438E+07
  1750.750 8.211E+07
  1751.000 9.157E+07
  1751.250 9.537E+07
  1751.500 8.920E+07
  1751.750 7.210E+07
  1752.000 7.338E+07
  1752.250 8.812E+07
  1752.500 9.129E+07
  1752.750 9.214E+07
  1753.000 9.094E+07
  1753.250 8.298E+07
  1753.500 7.667E+07
  1753.750 8.727E+07
  1754.000 9.486E+07
  1754.250 9.559E+07
  1754.500 9.266E+07
  1754.750 8.620E+07
  1755.000 8.923E+07
  1755.250 9.504E+07
  1755.500 9.598E+07
  1755.750 9.511E+07
  1756.000 9.517E+07
  1756.250 9.619E+07
  1756.500 9.655E+07
  1756.750 9.632E+07
  1757.000 9.604E+07
  1757.250 9.538E+07
  1757.500 9.059E+07
  1757.750 8.343E+07
  1758.000 8.089E+07
  1758.250 8.221E+07
  1758.500 8.866E+07
  1758.750 9.331E+07
  1759.000 9.469E+07
  1759.250 9.510E+07
  1759.500 9.260E+07
  1759.750 8.490E+07
  1760.000 7.244E+07
  1760.250 6.599E+07
  1760.500 7.535E+07
  1760.750 8.692E+07
  1761.000 9.060E+07
  1761.250 8.391E+07
  1761.500 8.250E+07
  1761.750 8.230E+07
  1762.000 7.735E+07
  1762.250 8.620E+07
  1762.500 9.241E+07
  1762.750 8.914E+07
  1763.000 8.597E+07
  1763.250 9.020E+07
  1763.500 8.619E+07
  1763.750 6.513E+07
  1764.000 5.409E+07
  1764.250 7.360E+07
  1764.500 8.794E+07
  1764.750 8.954E+07
  1765.000 8.773E+07
  1765.250 8.063E+07
  1765.500 7.609E+07
  1765.750 7.234E+07
  1766.000 7.794E+07
  1766.250 8.361E+07
  1766.500 8.664E+07
  1766.750 9.238E+07
  1767.000 9.428E+07
  1767.250 9.183E+07
  1767.500 8.177E+07
  1767.750 7.370E+07
  1768.000 8.310E+07
  1768.250 9.082E+07
  1768.500 9.079E+07
  1768.750 9.124E+07
  1769.000 8.776E+07
  1769.250 8.053E+07
  1769.500 7.777E+07
  1769.750 7.841E+07
  1770.000 8.498E+07
  1770.250 8.778E+07
  1770.500 8.389E+07
  1770.750 8.307E+07
  1771.000 8.769E+07
  1771.250 9.184E+07
  1771.500 9.195E+07
  1771.750 8.918E+07
  1772.000 8.645E+07
  1772.250 8.384E+07
  1772.500 7.870E+07
  1772.750 8.321E+07
  1773.000 8.977E+07
  1773.250 9.214E+07
  1773.500 9.132E+07
  1773.750 8.488E+07
  1774.000 8.085E+07
  1774.250 8.803E+07
  1774.500 9.229E+07
  1774.750 9.094E+07
  1775.000 8.866E+07
  1775.250 8.781E+07
  1775.500 9.038E+07
  1775.750 8.962E+07
  1776.000 8.716E+07
  1776.250 8.875E+07
  1776.500 8.319E+07
  1776.750 7.493E+07
  1777.000 8.007E+07
  1777.250 8.927E+07
  1777.500 9.042E+07
  1777.750 8.440E+07
  1778.000 8.486E+07
  1778.250 9.019E+07
  1778.500 9.002E+07
  1778.750 8.985E+07
  1779.000 9.194E+07
  1779.250 9.058E+07
  1779.500 8.847E+07
  1779.750 9.064E+07
  1780.000 9.243E+07
  1780.250 9.303E+07
  1780.500 9.338E+07
  1780.750 9.312E+07
  1781.000 9.000E+07
  1781.250 8.298E+07
  1781.500 8.313E+07
  1781.750 8.755E+07
  1782.000 8.617E+07
  1782.250 8.596E+07
  1782.500 8.816E+07
  1782.750 8.877E+07
  1783.000 8.774E+07
  1783.250 8.625E+07
  1783.500 8.869E+07
  1783.750 9.207E+07
  1784.000 9.293E+07
  1784.250 9.239E+07
  1784.500 9.056E+07
  1784.750 8.930E+07
  1785.000 8.375E+07
  1785.250 7.563E+07
  1785.500 8.234E+07
  1785.750 8.834E+07
  1786.000 8.632E+07
  1786.250 8.300E+07
  1786.500 7.858E+07
  1786.750 7.345E+07
  1787.000 8.210E+07
  1787.250 9.051E+07
  1787.500 9.077E+07
  1787.750 8.347E+07
  1788.000 7.453E+07
  1788.250 7.592E+07
  1788.500 7.782E+07
  1788.750 8.534E+07
  1789.000 9.070E+07
  1789.250 9.207E+07
  1789.500 9.141E+07
  1789.750 8.857E+07
  1790.000 8.816E+07
  1790.250 9.014E+07
  1790.500 9.044E+07
  1790.750 9.051E+07
  1791.000 9.006E+07
  1791.250 8.975E+07
  1791.500 8.944E+07
  1791.750 9.020E+07
  1792.000 9.110E+07
  1792.250 9.144E+07
  1792.500 9.158E+07
  1792.750 9.127E+07
  1793.000 8.880E+07
  1793.250 8.176E+07
  1793.500 8.104E+07
  1793.750 8.584E+07
  1794.000 8.863E+07
  1794.250 9.053E+07
  1794.500 9.097E+07
  1794.750 8.921E+07
  1795.000 8.602E+07
  1795.250 8.609E+07
  1795.500 8.702E+07
  1795.750 8.869E+07
  1796.000 9.115E+07
  1796.250 9.187E+07
  1796.500 9.129E+07
  1796.750 8.927E+07
  1797.000 8.806E+07
  1797.250 8.868E+07
  1797.500 8.899E+07
  1797.750 8.779E+07
  1798.000 7.968E+07
  1798.250 7.661E+07
  1798.500 8.651E+07
  1798.750 9.106E+07
  1799.000 9.038E+07
  1799.250 8.821E+07
  1799.500 8.752E+07
  1799.750 8.729E+07
  1800.000 8.893E+07
  1800.250 9.064E+07
  1800.500 9.071E+07
  1800.750 9.046E+07
  1801.000 9.009E+07
  1801.250 8.984E+07
  1801.500 8.991E+07
  1801.750 8.959E+07
  1802.000 8.864E+07
  1802.250 8.853E+07
  1802.500 8.970E+07
  1802.750 8.987E+07
  1803.000 9.027E+07
  1803.250 8.860E+07
  1803.500 8.423E+07
  1803.750 8.475E+07
  1804.000 8.754E+07
  1804.250 8.418E+07
  1804.500 8.075E+07
  1804.750 8.381E+07
  1805.000 8.323E+07
  1805.250 8.179E+07
  1805.500 8.495E+07
  1805.750 8.766E+07
  1806.000 8.964E+07
  1806.250 9.040E+07
  1806.500 9.040E+07
  1806.750 8.984E+07
  1807.000 8.545E+07
  1807.250 7.591E+07
  1807.500 7.511E+07
  1807.750 7.423E+07
  1808.000 7.066E+07
  1808.250 7.977E+07
  1808.500 8.713E+07
  1808.750 8.697E+07
  1809.000 8.189E+07
  1809.250 7.592E+07
  1809.500 8.117E+07
  1809.750 8.824E+07
  1810.000 8.972E+07
  1810.250 8.961E+07
  1810.500 8.918E+07
  1810.750 8.874E+07
  1811.000 8.745E+07
  1811.250 8.773E+07
  1811.500 8.809E+07
  1811.750 8.466E+07
  1812.000 8.005E+07
  1812.250 8.308E+07
  1812.500 8.779E+07
  1812.750 8.787E+07
  1813.000 8.696E+07
  1813.250 8.826E+07
  1813.500 8.897E+07
  1813.750 8.674E+07
  1814.000 8.245E+07
  1814.250 8.373E+07
  1814.500 8.747E+07
  1814.750 8.884E+07
  1815.000 8.712E+07
  1815.250 8.049E+07
  1815.500 7.631E+07
  1815.750 7.790E+07
  1816.000 8.237E+07
  1816.250 8.536E+07
  1816.500 8.044E+07
  1816.750 6.404E+07
  1817.000 5.726E+07
  1817.250 6.589E+07
  1817.500 7.022E+07
  1817.750 8.099E+07
  1818.000 8.628E+07
  1818.250 8.163E+07
  1818.500 7.750E+07
  1818.750 8.337E+07
  1819.000 8.708E+07
  1819.250 8.530E+07
  1819.500 8.336E+07
  1819.750 8.387E+07
  1820.000 8.303E+07
  1820.250 7.440E+07
  1820.500 7.343E+07
  1820.750 8.073E+07
  1821.000 8.362E+07
  1821.250 8.699E+07
  1821.500 8.811E+07
  1821.750 8.519E+07
  1822.000 7.679E+07
  1822.250 7.572E+07
  1822.500 8.449E+07
  1822.750 8.671E+07
  1823.000 8.570E+07
  1823.250 8.680E+07
  1823.500 8.539E+07
  1823.750 7.542E+07
  1824.000 7.071E+07
  1824.250 8.068E+07
  1824.500 8.690E+07
  1824.750 8.524E+07
  1825.000 8.151E+07
  1825.250 8.005E+07
  1825.500 8.311E+07
  1825.750 8.594E+07
  1826.000 8.260E+07
  1826.250 7.794E+07
  1826.500 8.143E+07
  1826.750 8.062E+07
  1827.000 7.629E+07
  1827.250 8.190E+07
  1827.500 8.364E+07
  1827.750 8.023E+07
  1828.000 8.151E+07
  1828.250 8.231E+07
  1828.500 8.253E+07
  1828.750 8.094E+07
  1829.000 8.093E+07
  1829.250 8.454E+07
  1829.500 8.673E+07
  1829.750 8.557E+07
  1830.000 8.005E+07
  1830.250 7.336E+07
  1830.500 7.322E+07
  1830.750 7.592E+07
  1831.000 7.632E+07
  1831.250 7.494E+07
  1831.500 7.468E+07
  1831.750 7.216E+07
  1832.000 7.301E+07
  1832.250 7.583E+07
  1832.500 7.603E+07
  1832.750 7.908E+07
  1833.000 7.872E+07
  1833.250 7.869E+07
  1833.500 7.736E+07
  1833.750 7.783E+07
  1834.000 8.393E+07
  1834.250 8.659E+07
  1834.500 8.640E+07
  1834.750 8.211E+07
  1835.000 7.808E+07
  1835.250 7.826E+07
  1835.500 7.782E+07
  1835.750 7.627E+07
  1836.000 7.791E+07
  1836.250 8.369E+07
  1836.500 8.467E+07
  1836.750 8.557E+07
  1837.000 8.575E+07
  1837.250 8.532E+07
  1837.500 8.436E+07
  1837.750 7.964E+07
  1838.000 7.377E+07
  1838.250 7.820E+07
  1838.500 8.400E+07
  1838.750 8.549E+07
  1839.000 8.474E+07
  1839.250 7.920E+07
  1839.500 6.979E+07
  1839.750 6.367E+07
  1840.000 6.279E+07
  1840.250 7.372E+07
  1840.500 8.390E+07
  1840.750 8.584E+07
  1841.000 8.385E+07
  1841.250 7.671E+07
  1841.500 6.240E+07
  1841.750 5.807E+07
  1842.000 6.638E+07
  1842.250 7.512E+07
  1842.500 8.079E+07
  1842.750 7.853E+07
  1843.000 7.055E+07
  1843.250 6.681E+07
  1843.500 7.411E+07
  1843.750 7.998E+07
  1844.000 7.982E+07
  1844.250 7.798E+07
  1844.500 7.866E+07
  1844.750 7.837E+07
  1845.000 7.780E+07
  1845.250 7.711E+07
  1845.500 7.534E+07
  1845.750 7.876E+07
  1846.000 7.685E+07
  1846.250 7.223E+07
  1846.500 7.022E+07
  1846.750 7.288E+07
  1847.000 7.882E+07
  1847.250 7.730E+07
  1847.500 7.313E+07
  1847.750 7.417E+07
  1848.000 7.203E+07
  1848.250 7.171E+07
  1848.500 7.471E+07
  1848.750 7.304E+07
  1849.000 7.741E+07
  1849.250 7.868E+07
  1849.500 7.835E+07
  1849.750 7.845E+07
  1850.000 7.079E+07
