   850.000 8.343E+09
   850.250 8.234E+09
   850.500 7.981E+09
   850.750 8.021E+09
   851.000 8.209E+09
   851.250 8.233E+09
   851.500 8.265E+09
   851.750 8.190E+09
   852.000 7.879E+09
   852.250 7.786E+09
   852.500 8.118E+09
   852.750 8.273E+09
   853.000 8.300E+09
   853.250 8.303E+09
   853.500 8.298E+09
   853.750 8.285E+09
   854.000 8.254E+09
   854.250 8.210E+09
   854.500 8.072E+09
   854.750 7.810E+09
   855.000 7.930E+09
   855.250 8.160E+09
   855.500 8.160E+09
   855.750 8.153E+09
   856.000 8.153E+09
   856.250 8.139E+09
   856.500 8.192E+09
   856.750 8.232E+09
   857.000 8.232E+09
   857.250 8.205E+09
   857.500 8.076E+09
   857.750 7.702E+09
   858.000 7.555E+09
   858.250 7.752E+09
   858.500 7.781E+09
   858.750 7.967E+09
   859.000 8.163E+09
   859.250 8.167E+09
   859.500 8.008E+09
   859.750 7.917E+09
   860.000 8.065E+09
   860.250 8.082E+09
   860.500 8.016E+09
   860.750 8.064E+09
   861.000 8.103E+09
   861.250 8.094E+09
   861.500 8.084E+09
   861.750 7.998E+09
   862.000 8.028E+09
   862.250 8.116E+09
   862.500 8.121E+09
   862.750 8.095E+09
   863.000 8.083E+09
   863.250 8.076E+09
   863.500 8.108E+09
   863.750 8.115E+09
   864.000 8.084E+09
   864.250 8.094E+09
   864.500 8.114E+09
   864.750 8.128E+09
   865.000 8.112E+09
   865.250 8.037E+09
   865.500 7.990E+09
   865.750 8.062E+09
   866.000 8.107E+09
   866.250 8.119E+09
   866.500 8.112E+09
   866.750 8.090E+09
   867.000 8.091E+09
   867.250 8.094E+09
   867.500 8.072E+09
   867.750 8.071E+09
   868.000 8.089E+09
   868.250 8.076E+09
   868.500 8.057E+09
   868.750 8.057E+09
   869.000 8.068E+09
   869.250 8.080E+09
   869.500 8.077E+09
   869.750 8.069E+09
   870.000 8.054E+09
   870.250 8.027E+09
   870.500 8.003E+09
   870.750 7.991E+09
   871.000 7.929E+09
   871.250 7.809E+09
   871.500 7.836E+09
   871.750 7.951E+09
   872.000 7.972E+09
   872.250 8.004E+09
   872.500 8.028E+09
   872.750 8.024E+09
   873.000 7.994E+09
   873.250 7.940E+09
   873.500 7.917E+09
   873.750 7.977E+09
   874.000 8.000E+09
   874.250 7.999E+09
   874.500 8.001E+09
   874.750 7.985E+09
   875.000 7.925E+09
   875.250 7.873E+09
   875.500 7.873E+09
   875.750 7.930E+09
   876.000 7.961E+09
   876.250 7.958E+09
   876.500 7.951E+09
   876.750 7.959E+09
   877.000 7.951E+09
   877.250 7.827E+09
   877.500 7.718E+09
   877.750 7.854E+09
   878.000 7.939E+09
   878.250 7.923E+09
   878.500 7.857E+09
   878.750 7.799E+09
   879.000 7.874E+09
   879.250 7.908E+09
   879.500 7.866E+09
   879.750 7.867E+09
   880.000 7.898E+09
   880.250 7.893E+09
   880.500 7.879E+09
   880.750 7.863E+09
   881.000 7.824E+09
   881.250 7.850E+09
   881.500 7.887E+09
   881.750 7.898E+09
   882.000 7.886E+09
   882.250 7.878E+09
   882.500 7.889E+09
   882.750 7.846E+09
   883.000 7.652E+09
   883.250 7.476E+09
   883.500 7.546E+09
   883.750 7.739E+09
   884.000 7.808E+09
   884.250 7.585E+09
   884.500 7.280E+09
   884.750 7.529E+09
   885.000 7.811E+09
   885.250 7.855E+09
   885.500 7.846E+09
   885.750 7.827E+09
   886.000 7.834E+09
   886.250 7.845E+09
   886.500 7.848E+09
   886.750 7.845E+09
   887.000 7.828E+09
   887.250 7.773E+09
   887.500 7.758E+09
   887.750 7.808E+09
   888.000 7.827E+09
   888.250 7.823E+09
   888.500 7.816E+09
   888.750 7.807E+09
   889.000 7.804E+09
   889.250 7.808E+09
   889.500 7.808E+09
   889.750 7.803E+09
   890.000 7.797E+09
   890.250 7.793E+09
   890.500 7.763E+09
   890.750 7.712E+09
   891.000 7.681E+09
   891.250 7.652E+09
   891.500 7.687E+09
   891.750 7.749E+09
   892.000 7.762E+09
   892.250 7.729E+09
   892.500 7.716E+09
   892.750 7.745E+09
   893.000 7.753E+09
   893.250 7.752E+09
   893.500 7.749E+09
   893.750 7.733E+09
   894.000 7.665E+09
   894.250 7.533E+09
   894.500 7.564E+09
   894.750 7.664E+09
   895.000 7.682E+09
   895.250 7.707E+09
   895.500 7.714E+09
   895.750 7.709E+09
   896.000 7.704E+09
   896.250 7.707E+09
   896.500 7.711E+09
   896.750 7.711E+09
   897.000 7.708E+09
   897.250 7.700E+09
   897.500 7.685E+09
   897.750 7.676E+09
   898.000 7.685E+09
   898.250 7.685E+09
   898.500 7.623E+09
   898.750 7.334E+09
   899.000 7.136E+09
   899.250 7.408E+09
   899.500 7.588E+09
   899.750 7.646E+09
   900.000 7.605E+09
   900.250 7.429E+09
   900.500 7.394E+09
   900.750 7.463E+09
   901.000 7.319E+09
   901.250 7.277E+09
   901.500 7.447E+09
   901.750 7.481E+09
   902.000 7.548E+09
   902.250 7.617E+09
   902.500 7.596E+09
   902.750 7.492E+09
   903.000 7.483E+09
   903.250 7.516E+09
   903.500 7.299E+09
   903.750 7.017E+09
   904.000 6.759E+09
   904.250 6.850E+09
   904.500 7.150E+09
   904.750 7.451E+09
   905.000 7.575E+09
   905.250 7.562E+09
   905.500 7.557E+09
   905.750 7.549E+09
   906.000 7.549E+09
   906.250 7.576E+09
   906.500 7.582E+09
   906.750 7.579E+09
   907.000 7.574E+09
   907.250 7.572E+09
   907.500 7.568E+09
   907.750 7.553E+09
   908.000 7.537E+09
   908.250 7.543E+09
   908.500 7.552E+09
   908.750 7.543E+09
   909.000 7.525E+09
   909.250 7.512E+09
   909.500 7.522E+09
   909.750 7.536E+09
   910.000 7.539E+09
   910.250 7.531E+09
   910.500 7.513E+09
   910.750 7.490E+09
   911.000 7.483E+09
   911.250 7.486E+09
   911.500 7.378E+09
   911.750 7.246E+09
   912.000 7.359E+09
   912.250 7.448E+09
   912.500 7.429E+09
   912.750 7.408E+09
   913.000 7.438E+09
   913.250 7.451E+09
   913.500 7.440E+09
   913.750 7.414E+09
   914.000 7.395E+09
   914.250 7.404E+09
   914.500 7.402E+09
   914.750 7.394E+09
   915.000 7.387E+09
   915.250 7.335E+09
   915.500 7.181E+09
   915.750 7.011E+09
   916.000 6.937E+09
   916.250 7.126E+09
   916.500 7.116E+09
   916.750 7.019E+09
   917.000 7.176E+09
   917.250 7.281E+09
   917.500 7.315E+09
   917.750 7.296E+09
   918.000 7.288E+09
   918.250 7.281E+09
   918.500 7.233E+09
   918.750 7.236E+09
   919.000 7.301E+09
   919.250 7.341E+09
   919.500 7.349E+09
   919.750 7.365E+09
   920.000 7.402E+09
   920.250 7.405E+09
   920.500 7.371E+09
   920.750 7.367E+09
   921.000 7.397E+09
   921.250 7.428E+09
   921.500 7.390E+09
   921.750 7.087E+09
   922.000 6.745E+09
   922.250 6.830E+09
   922.500 6.668E+09
   922.750 6.623E+09
   923.000 6.136E+09
   923.250 6.001E+09
   923.500 6.499E+09
   923.750 6.818E+09
   924.000 7.085E+09
   924.250 6.930E+09
   924.500 7.333E+09
   924.750 7.720E+09
   925.000 7.693E+09
   925.250 7.528E+09
   925.500 7.286E+09
   925.750 6.978E+09
   926.000 6.740E+09
   926.250 6.693E+09
   926.500 6.884E+09
   926.750 7.215E+09
   927.000 7.565E+09
   927.250 7.882E+09
   927.500 8.110E+09
   927.750 8.193E+09
   928.000 8.327E+09
   928.250 8.499E+09
   928.500 8.514E+09
   928.750 8.447E+09
   929.000 8.266E+09
   929.250 7.998E+09
   929.500 7.675E+09
   929.750 7.271E+09
   930.000 6.800E+09
   930.250 6.313E+09
   930.500 5.917E+09
   930.750 5.765E+09
   931.000 5.961E+09
   931.250 6.391E+09
   931.500 6.891E+09
   931.750 7.399E+09
   932.000 7.895E+09
   932.250 8.376E+09
   932.500 8.826E+09
   932.750 9.226E+09
   933.000 9.510E+09
   933.250 9.517E+09
   933.500 9.598E+09
   933.750 1.010E+10
   934.000 1.042E+10
   934.250 1.048E+10
   934.500 1.039E+10
   934.750 1.024E+10
   935.000 1.009E+10
   935.250 9.857E+09
   935.500 9.516E+09
   935.750 9.099E+09
   936.000 8.619E+09
   936.250 8.120E+09
   936.500 7.598E+09
   936.750 7.047E+09
   937.000 6.485E+09
   937.250 5.923E+09
   937.500 5.416E+09
   937.750 5.129E+09
   938.000 5.262E+09
   938.250 5.710E+09
   938.500 6.250E+09
   938.750 6.807E+09
   939.000 7.362E+09
   939.250 7.937E+09
   939.500 8.517E+09
   939.750 9.075E+09
   940.000 9.613E+09
   940.250 1.013E+10
   940.500 1.063E+10
   940.750 1.109E+10
   941.000 1.153E+10
   941.250 1.194E+10
   941.500 1.230E+10
   941.750 1.260E+10
   942.000 1.264E+10
   942.250 1.194E+10
   942.500 1.120E+10
   942.750 1.219E+10
   943.000 1.339E+10
   943.250 1.384E+10
   943.500 1.400E+10
   943.750 1.405E+10
   944.000 1.405E+10
   944.250 1.402E+10
   944.500 1.394E+10
   944.750 1.378E+10
   945.000 1.358E+10
   945.250 1.335E+10
   945.500 1.305E+10
   945.750 1.260E+10
   946.000 1.199E+10
   946.250 1.162E+10
   946.500 1.144E+10
   946.750 1.108E+10
   947.000 1.060E+10
   947.250 1.008E+10
   947.500 9.535E+09
   947.750 8.961E+09
   948.000 8.366E+09
   948.250 7.781E+09
   948.500 7.213E+09
   948.750 6.623E+09
   949.000 6.031E+09
   949.250 5.460E+09
   949.500 4.977E+09
   949.750 4.789E+09
   950.000 5.036E+09
   950.250 5.480E+09
   950.500 5.819E+09
   950.750 6.334E+09
   951.000 7.142E+09
   951.250 7.822E+09
   951.500 8.414E+09
   951.750 8.994E+09
   952.000 9.566E+09
   952.250 1.013E+10
   952.500 1.067E+10
   952.750 1.121E+10
   953.000 1.173E+10
   953.250 1.223E+10
   953.500 1.271E+10
   953.750 1.318E+10
   954.000 1.362E+10
   954.250 1.406E+10
   954.500 1.446E+10
   954.750 1.473E+10
   955.000 1.429E+10
   955.250 1.303E+10
   955.500 1.370E+10
   955.750 1.557E+10
   956.000 1.642E+10
   956.250 1.675E+10
   956.500 1.699E+10
   956.750 1.720E+10
   957.000 1.739E+10
   957.250 1.754E+10
   957.500 1.756E+10
   957.750 1.739E+10
   958.000 1.685E+10
   958.250 1.541E+10
   958.500 1.278E+10
   958.750 1.169E+10
   959.000 1.404E+10
   959.250 1.647E+10
   959.500 1.768E+10
   959.750 1.835E+10
   960.000 1.876E+10
   960.250 1.896E+10
   960.500 1.913E+10
   960.750 1.935E+10
   961.000 1.949E+10
   961.250 1.956E+10
   961.500 1.950E+10
   961.750 1.924E+10
   962.000 1.921E+10
   962.250 1.946E+10
   962.500 1.940E+10
   962.750 1.931E+10
   963.000 1.937E+10
   963.250 1.935E+10
   963.500 1.932E+10
   963.750 1.921E+10
   964.000 1.910E+10
   964.250 1.900E+10
   964.500 1.884E+10
   964.750 1.867E+10
   965.000 1.849E+10
   965.250 1.829E+10
   965.500 1.806E+10
   965.750 1.780E+10
   966.000 1.754E+10
   966.250 1.726E+10
   966.500 1.696E+10
   966.750 1.660E+10
   967.000 1.611E+10
   967.250 1.565E+10
   967.500 1.530E+10
   967.750 1.470E+10
   968.000 1.422E+10
   968.250 1.401E+10
   968.500 1.365E+10
   968.750 1.311E+10
   969.000 1.255E+10
   969.250 1.204E+10
   969.500 1.149E+10
   969.750 1.093E+10
   970.000 1.036E+10
   970.250 9.783E+09
   970.500 9.224E+09
   970.750 8.703E+09
   971.000 8.194E+09
   971.250 7.672E+09
   971.500 7.122E+09
   971.750 6.502E+09
   972.000 5.800E+09
   972.250 5.148E+09
   972.500 4.793E+09
   972.750 5.015E+09
   973.000 5.549E+09
   973.250 6.157E+09
   973.500 6.904E+09
   973.750 7.607E+09
   974.000 8.246E+09
   974.250 8.844E+09
   974.500 9.409E+09
   974.750 9.978E+09
   975.000 1.051E+10
   975.250 1.101E+10
   975.500 1.147E+10
   975.750 1.181E+10
   976.000 1.193E+10
   976.250 1.157E+10
   976.500 1.023E+10
   976.750 7.699E+09
   977.000 5.902E+09
   977.250 7.087E+09
   977.500 9.387E+09
   977.750 1.135E+10
   978.000 1.327E+10
   978.250 1.501E+10
   978.500 1.592E+10
   978.750 1.641E+10
   979.000 1.669E+10
   979.250 1.657E+10
   979.500 1.462E+10
   979.750 1.085E+10
   980.000 1.158E+10
   980.250 1.631E+10
   980.500 1.869E+10
   980.750 1.935E+10
   981.000 1.943E+10
   981.250 1.910E+10
   981.500 1.937E+10
   981.750 2.007E+10
   982.000 2.022E+10
   982.250 2.040E+10
   982.500 2.073E+10
   982.750 2.092E+10
   983.000 2.102E+10
   983.250 2.094E+10
   983.500 2.049E+10
   983.750 1.983E+10
   984.000 2.013E+10
   984.250 2.107E+10
   984.500 2.100E+10
   984.750 1.919E+10
   985.000 1.814E+10
   985.250 2.001E+10
   985.500 1.996E+10
   985.750 1.818E+10
   986.000 1.897E+10
   986.250 2.069E+10
   986.500 2.132E+10
   986.750 2.162E+10
   987.000 2.191E+10
   987.250 2.195E+10
   987.500 2.190E+10
   987.750 2.172E+10
   988.000 2.127E+10
   988.250 2.063E+10
   988.500 2.004E+10
   988.750 2.020E+10
   989.000 2.078E+10
   989.250 2.010E+10
   989.500 1.684E+10
   989.750 1.293E+10
   990.000 1.468E+10
   990.250 1.828E+10
   990.500 1.930E+10
   990.750 1.877E+10
   991.000 1.724E+10
   991.250 1.366E+10
   991.500 9.633E+09
   991.750 9.965E+09
   992.000 1.119E+10
   992.250 9.899E+09
   992.500 1.030E+10
   992.750 1.301E+10
   993.000 1.517E+10
   993.250 1.662E+10
   993.500 1.764E+10
   993.750 1.872E+10
   994.000 1.936E+10
   994.250 1.956E+10
   994.500 1.954E+10
   994.750 1.901E+10
   995.000 1.954E+10
   995.250 2.042E+10
   995.500 2.123E+10
   995.750 2.165E+10
   996.000 2.177E+10
   996.250 2.183E+10
   996.500 2.160E+10
   996.750 2.090E+10
   997.000 2.044E+10
   997.250 1.981E+10
   997.500 1.958E+10
   997.750 2.076E+10
   998.000 2.176E+10
   998.250 2.222E+10
   998.500 2.239E+10
   998.750 2.241E+10
   999.000 2.236E+10
   999.250 2.212E+10
   999.500 2.214E+10
   999.750 2.239E+10
  1000.000 2.236E+10
  1000.250 2.211E+10
  1000.500 2.213E+10
  1000.750 2.234E+10
  1001.000 2.238E+10
  1001.250 2.223E+10
  1001.500 2.113E+10
  1001.750 1.915E+10
  1002.000 1.741E+10
  1002.250 1.715E+10
  1002.500 1.826E+10
  1002.750 1.757E+10
  1003.000 1.729E+10
  1003.250 1.844E+10
  1003.500 2.028E+10
  1003.750 2.144E+10
  1004.000 2.186E+10
  1004.250 2.197E+10
  1004.500 2.190E+10
  1004.750 2.181E+10
  1005.000 2.121E+10
  1005.250 2.011E+10
  1005.500 2.006E+10
  1005.750 1.876E+10
  1006.000 1.644E+10
  1006.250 1.840E+10
  1006.500 2.090E+10
  1006.750 2.146E+10
  1007.000 2.144E+10
  1007.250 2.142E+10
  1007.500 2.074E+10
  1007.750 1.873E+10
  1008.000 1.715E+10
  1008.250 1.739E+10
  1008.500 1.850E+10
  1008.750 1.907E+10
  1009.000 1.976E+10
  1009.250 2.068E+10
  1009.500 2.035E+10
  1009.750 1.811E+10
  1010.000 1.582E+10
  1010.250 1.552E+10
  1010.500 1.724E+10
  1010.750 1.972E+10
  1011.000 2.058E+10
  1011.250 2.063E+10
  1011.500 2.053E+10
  1011.750 2.044E+10
  1012.000 2.029E+10
  1012.250 1.980E+10
  1012.500 1.929E+10
  1012.750 1.955E+10
  1013.000 1.978E+10
  1013.250 1.981E+10
  1013.500 1.975E+10
  1013.750 1.962E+10
  1014.000 1.951E+10
  1014.250 1.938E+10
  1014.500 1.919E+10
  1014.750 1.858E+10
  1015.000 1.767E+10
  1015.250 1.743E+10
  1015.500 1.686E+10
  1015.750 1.690E+10
  1016.000 1.761E+10
  1016.250 1.785E+10
  1016.500 1.773E+10
  1016.750 1.754E+10
  1017.000 1.712E+10
  1017.250 1.661E+10
  1017.500 1.646E+10
  1017.750 1.624E+10
  1018.000 1.605E+10
  1018.250 1.572E+10
  1018.500 1.569E+10
  1018.750 1.567E+10
  1019.000 1.545E+10
  1019.250 1.516E+10
  1019.500 1.478E+10
  1019.750 1.427E+10
  1020.000 1.389E+10
  1020.250 1.361E+10
  1020.500 1.332E+10
  1020.750 1.301E+10
  1021.000 1.230E+10
  1021.250 1.155E+10
  1021.500 1.143E+10
  1021.750 1.149E+10
  1022.000 1.124E+10
  1022.250 1.080E+10
  1022.500 1.036E+10
  1022.750 9.934E+09
  1023.000 9.486E+09
  1023.250 9.023E+09
  1023.500 8.550E+09
  1023.750 8.059E+09
  1024.000 7.581E+09
  1024.250 7.117E+09
  1024.500 6.639E+09
  1024.750 6.155E+09
  1025.000 5.639E+09
  1025.250 5.071E+09
  1025.500 4.541E+09
  1025.750 4.329E+09
  1026.000 4.718E+09
  1026.250 5.287E+09
  1026.500 5.784E+09
  1026.750 6.241E+09
  1027.000 6.714E+09
  1027.250 7.196E+09
  1027.500 7.659E+09
  1027.750 8.048E+09
  1028.000 8.292E+09
  1028.250 8.766E+09
  1028.500 9.389E+09
  1028.750 9.889E+09
  1029.000 1.033E+10
  1029.250 1.073E+10
  1029.500 1.109E+10
  1029.750 1.145E+10
  1030.000 1.174E+10
  1030.250 1.158E+10
  1030.500 1.125E+10
  1030.750 1.202E+10
  1031.000 1.290E+10
  1031.250 1.346E+10
  1031.500 1.387E+10
  1031.750 1.414E+10
  1032.000 1.421E+10
  1032.250 1.443E+10
  1032.500 1.484E+10
  1032.750 1.478E+10
  1033.000 1.393E+10
  1033.250 1.399E+10
  1033.500 1.522E+10
  1033.750 1.580E+10
  1034.000 1.600E+10
  1034.250 1.625E+10
  1034.500 1.641E+10
  1034.750 1.655E+10
  1035.000 1.664E+10
  1035.250 1.609E+10
  1035.500 1.522E+10
  1035.750 1.578E+10
  1036.000 1.609E+10
  1036.250 1.512E+10
  1036.500 1.568E+10
  1036.750 1.613E+10
  1037.000 1.531E+10
  1037.250 1.669E+10
  1037.500 1.809E+10
  1037.750 1.833E+10
  1038.000 1.830E+10
  1038.250 1.817E+10
  1038.500 1.785E+10
  1038.750 1.758E+10
  1039.000 1.760E+10
  1039.250 1.838E+10
  1039.500 1.900E+10
  1039.750 1.917E+10
  1040.000 1.922E+10
  1040.250 1.927E+10
  1040.500 1.932E+10
  1040.750 1.936E+10
  1041.000 1.943E+10
  1041.250 1.949E+10
  1041.500 1.953E+10
  1041.750 1.955E+10
  1042.000 1.955E+10
  1042.250 1.953E+10
  1042.500 1.955E+10
  1042.750 1.960E+10
  1043.000 1.963E+10
  1043.250 1.961E+10
  1043.500 1.958E+10
  1043.750 1.964E+10
  1044.000 1.971E+10
  1044.250 1.973E+10
  1044.500 1.973E+10
  1044.750 1.968E+10
  1045.000 1.949E+10
  1045.250 1.917E+10
  1045.500 1.919E+10
  1045.750 1.946E+10
  1046.000 1.931E+10
  1046.250 1.886E+10
  1046.500 1.910E+10
  1046.750 1.960E+10
  1047.000 1.962E+10
  1047.250 1.942E+10
  1047.500 1.952E+10
  1047.750 1.969E+10
  1048.000 1.974E+10
  1048.250 1.974E+10
  1048.500 1.971E+10
  1048.750 1.969E+10
  1049.000 1.966E+10
  1049.250 1.956E+10
  1049.500 1.937E+10
  1049.750 1.933E+10
  1050.000 1.948E+10
  1050.250 1.931E+10
  1050.500 1.926E+10
  1050.750 1.947E+10
  1051.000 1.960E+10
  1051.250 1.968E+10
  1051.500 1.970E+10
  1051.750 1.969E+10
  1052.000 1.968E+10
  1052.250 1.966E+10
  1052.500 1.964E+10
  1052.750 1.962E+10
  1053.000 1.961E+10
  1053.250 1.959E+10
  1053.500 1.958E+10
  1053.750 1.958E+10
  1054.000 1.956E+10
  1054.250 1.951E+10
  1054.500 1.944E+10
  1054.750 1.943E+10
  1055.000 1.946E+10
  1055.250 1.942E+10
  1055.500 1.935E+10
  1055.750 1.927E+10
  1056.000 1.904E+10
  1056.250 1.888E+10
  1056.500 1.901E+10
  1056.750 1.926E+10
  1057.000 1.931E+10
  1057.250 1.931E+10
  1057.500 1.933E+10
  1057.750 1.932E+10
  1058.000 1.926E+10
  1058.250 1.918E+10
  1058.500 1.921E+10
  1058.750 1.925E+10
  1059.000 1.923E+10
  1059.250 1.919E+10
  1059.500 1.908E+10
  1059.750 1.901E+10
  1060.000 1.906E+10
  1060.250 1.898E+10
  1060.500 1.877E+10
  1060.750 1.867E+10
  1061.000 1.868E+10
  1061.250 1.858E+10
  1061.500 1.836E+10
  1061.750 1.783E+10
  1062.000 1.729E+10
  1062.250 1.635E+10
  1062.500 1.408E+10
  1062.750 1.347E+10
  1063.000 1.643E+10
  1063.250 1.828E+10
  1063.500 1.863E+10
  1063.750 1.838E+10
  1064.000 1.833E+10
  1064.250 1.850E+10
  1064.500 1.818E+10
  1064.750 1.810E+10
  1065.000 1.824E+10
  1065.250 1.788E+10
  1065.500 1.673E+10
  1065.750 1.424E+10
  1066.000 1.173E+10
  1066.250 1.038E+10
  1066.500 8.667E+09
  1066.750 9.110E+09
  1067.000 1.244E+10
  1067.250 1.503E+10
  1067.500 1.570E+10
  1067.750 1.534E+10
  1068.000 1.590E+10
  1068.250 1.703E+10
  1068.500 1.788E+10
  1068.750 1.828E+10
  1069.000 1.838E+10
  1069.250 1.852E+10
  1069.500 1.855E+10
  1069.750 1.853E+10
  1070.000 1.840E+10
  1070.250 1.807E+10
  1070.500 1.818E+10
  1070.750 1.855E+10
  1071.000 1.868E+10
  1071.250 1.866E+10
  1071.500 1.850E+10
  1071.750 1.828E+10
  1072.000 1.823E+10
  1072.250 1.805E+10
  1072.500 1.713E+10
  1072.750 1.421E+10
  1073.000 1.174E+10
  1073.250 1.303E+10
  1073.500 1.424E+10
  1073.750 1.635E+10
  1074.000 1.800E+10
  1074.250 1.827E+10
  1074.500 1.819E+10
  1074.750 1.806E+10
  1075.000 1.796E+10
  1075.250 1.803E+10
  1075.500 1.810E+10
  1075.750 1.809E+10
  1076.000 1.804E+10
  1076.250 1.796E+10
  1076.500 1.786E+10
  1076.750 1.760E+10
  1077.000 1.676E+10
  1077.250 1.661E+10
  1077.500 1.746E+10
  1077.750 1.774E+10
  1078.000 1.767E+10
  1078.250 1.747E+10
  1078.500 1.694E+10
  1078.750 1.658E+10
  1079.000 1.668E+10
  1079.250 1.617E+10
  1079.500 1.601E+10
  1079.750 1.679E+10
  1080.000 1.709E+10
  1080.250 1.703E+10
  1080.500 1.684E+10
  1080.750 1.647E+10
  1081.000 1.616E+10
  1081.250 1.616E+10
  1081.500 1.615E+10
  1081.750 1.600E+10
  1082.000 1.573E+10
  1082.250 1.544E+10
  1082.500 1.515E+10
  1082.750 1.470E+10
  1083.000 1.410E+10
  1083.250 1.355E+10
  1083.500 1.315E+10
  1083.750 1.220E+10
  1084.000 1.095E+10
  1084.250 1.016E+10
  1084.500 8.631E+09
  1084.750 6.995E+09
  1085.000 6.750E+09
  1085.250 7.998E+09
  1085.500 8.746E+09
  1085.750 9.806E+09
  1086.000 1.172E+10
  1086.250 1.287E+10
  1086.500 1.342E+10
  1086.750 1.382E+10
  1087.000 1.435E+10
  1087.250 1.483E+10
  1087.500 1.518E+10
  1087.750 1.540E+10
  1088.000 1.554E+10
  1088.250 1.572E+10
  1088.500 1.584E+10
  1088.750 1.599E+10
  1089.000 1.616E+10
  1089.250 1.604E+10
  1089.500 1.573E+10
  1089.750 1.602E+10
  1090.000 1.658E+10
  1090.250 1.682E+10
  1090.500 1.691E+10
  1090.750 1.691E+10
  1091.000 1.686E+10
  1091.250 1.671E+10
  1091.500 1.666E+10
  1091.750 1.691E+10
  1092.000 1.701E+10
  1092.250 1.703E+10
  1092.500 1.697E+10
  1092.750 1.691E+10
  1093.000 1.705E+10
  1093.250 1.710E+10
  1093.500 1.711E+10
  1093.750 1.723E+10
  1094.000 1.731E+10
  1094.250 1.733E+10
  1094.500 1.734E+10
  1094.750 1.734E+10
  1095.000 1.734E+10
  1095.250 1.727E+10
  1095.500 1.719E+10
  1095.750 1.730E+10
  1096.000 1.749E+10
  1096.250 1.753E+10
  1096.500 1.733E+10
  1096.750 1.725E+10
  1097.000 1.742E+10
  1097.250 1.751E+10
  1097.500 1.744E+10
  1097.750 1.740E+10
  1098.000 1.740E+10
  1098.250 1.730E+10
  1098.500 1.741E+10
  1098.750 1.749E+10
  1099.000 1.746E+10
  1099.250 1.745E+10
  1099.500 1.741E+10
  1099.750 1.732E+10
  1100.000 1.734E+10
  1100.250 1.741E+10
  1100.500 1.740E+10
  1100.750 1.739E+10
  1101.000 1.738E+10
  1101.250 1.734E+10
  1101.500 1.726E+10
  1101.750 1.721E+10
  1102.000 1.719E+10
  1102.250 1.723E+10
  1102.500 1.726E+10
  1102.750 1.727E+10
  1103.000 1.726E+10
  1103.250 1.720E+10
  1103.500 1.717E+10
  1103.750 1.718E+10
  1104.000 1.708E+10
  1104.250 1.687E+10
  1104.500 1.679E+10
  1104.750 1.692E+10
  1105.000 1.704E+10
  1105.250 1.704E+10
  1105.500 1.694E+10
  1105.750 1.657E+10
  1106.000 1.598E+10
  1106.250 1.591E+10
  1106.500 1.621E+10
  1106.750 1.626E+10
  1107.000 1.582E+10
  1107.250 1.460E+10
  1107.500 1.255E+10
  1107.750 1.122E+10
  1108.000 1.134E+10
  1108.250 1.237E+10
  1108.500 1.404E+10
  1108.750 1.573E+10
  1109.000 1.635E+10
  1109.250 1.650E+10
  1109.500 1.624E+10
  1109.750 1.481E+10
  1110.000 1.387E+10
  1110.250 1.549E+10
  1110.500 1.653E+10
  1110.750 1.671E+10
  1111.000 1.676E+10
  1111.250 1.677E+10
  1111.500 1.673E+10
  1111.750 1.662E+10
  1112.000 1.662E+10
  1112.250 1.662E+10
  1112.500 1.644E+10
  1112.750 1.610E+10
  1113.000 1.461E+10
  1113.250 1.341E+10
  1113.500 1.516E+10
  1113.750 1.640E+10
  1114.000 1.644E+10
  1114.250 1.630E+10
  1114.500 1.622E+10
  1114.750 1.636E+10
  1115.000 1.643E+10
  1115.250 1.651E+10
  1115.500 1.660E+10
  1115.750 1.657E+10
  1116.000 1.638E+10
  1116.250 1.625E+10
  1116.500 1.629E+10
  1116.750 1.638E+10
  1117.000 1.637E+10
  1117.250 1.617E+10
  1117.500 1.544E+10
  1117.750 1.338E+10
  1118.000 1.171E+10
  1118.250 1.307E+10
  1118.500 1.428E+10
  1118.750 1.530E+10
  1119.000 1.603E+10
  1119.250 1.613E+10
  1119.500 1.620E+10
  1119.750 1.626E+10
  1120.000 1.623E+10
  1120.250 1.616E+10
  1120.500 1.607E+10
  1120.750 1.585E+10
  1121.000 1.560E+10
  1121.250 1.550E+10
  1121.500 1.526E+10
  1121.750 1.449E+10
  1122.000 1.266E+10
  1122.250 9.476E+09
  1122.500 7.660E+09
  1122.750 9.872E+09
  1123.000 1.291E+10
  1123.250 1.441E+10
  1123.500 1.435E+10
  1123.750 1.352E+10
  1124.000 1.434E+10
  1124.250 1.535E+10
  1124.500 1.543E+10
  1124.750 1.491E+10
  1125.000 1.448E+10
  1125.250 1.357E+10
  1125.500 1.125E+10
  1125.750 1.083E+10
  1126.000 1.311E+10
  1126.250 1.456E+10
  1126.500 1.473E+10
  1126.750 1.464E+10
  1127.000 1.474E+10
  1127.250 1.444E+10
  1127.500 1.343E+10
  1127.750 1.127E+10
  1128.000 8.116E+09
  1128.250 6.169E+09
  1128.500 7.114E+09
  1128.750 9.949E+09
  1129.000 1.226E+10
  1129.250 1.354E+10
  1129.500 1.446E+10
  1129.750 1.502E+10
  1130.000 1.527E+10
  1130.250 1.528E+10
  1130.500 1.533E+10
  1130.750 1.547E+10
  1131.000 1.537E+10
  1131.250 1.529E+10
  1131.500 1.538E+10
  1131.750 1.545E+10
  1132.000 1.541E+10
  1132.250 1.549E+10
  1132.500 1.555E+10
  1132.750 1.546E+10
  1133.000 1.526E+10
  1133.250 1.533E+10
  1133.500 1.559E+10
  1133.750 1.569E+10
  1134.000 1.573E+10
  1134.250 1.572E+10
  1134.500 1.568E+10
  1134.750 1.562E+10
  1135.000 1.544E+10
  1135.250 1.529E+10
  1135.500 1.538E+10
  1135.750 1.540E+10
  1136.000 1.528E+10
  1136.250 1.515E+10
  1136.500 1.538E+10
  1136.750 1.557E+10
  1137.000 1.557E+10
  1137.250 1.550E+10
  1137.500 1.550E+10
  1137.750 1.548E+10
  1138.000 1.520E+10
  1138.250 1.398E+10
  1138.500 1.224E+10
  1138.750 1.287E+10
  1139.000 1.419E+10
  1139.250 1.441E+10
  1139.500 1.468E+10
  1139.750 1.500E+10
  1140.000 1.475E+10
  1140.250 1.441E+10
  1140.500 1.405E+10
  1140.750 1.452E+10
  1141.000 1.506E+10
  1141.250 1.456E+10
  1141.500 1.357E+10
  1141.750 1.394E+10
  1142.000 1.462E+10
  1142.250 1.433E+10
  1142.500 1.460E+10
  1142.750 1.503E+10
  1143.000 1.509E+10
  1143.250 1.518E+10
  1143.500 1.507E+10
  1143.750 1.489E+10
  1144.000 1.416E+10
  1144.250 1.284E+10
  1144.500 1.335E+10
  1144.750 1.396E+10
  1145.000 1.323E+10
  1145.250 1.353E+10
  1145.500 1.463E+10
  1145.750 1.509E+10
  1146.000 1.520E+10
  1146.250 1.521E+10
  1146.500 1.520E+10
  1146.750 1.520E+10
  1147.000 1.520E+10
  1147.250 1.520E+10
  1147.500 1.519E+10
  1147.750 1.516E+10
  1148.000 1.512E+10
  1148.250 1.513E+10
  1148.500 1.513E+10
  1148.750 1.509E+10
  1149.000 1.493E+10
  1149.250 1.422E+10
  1149.500 1.271E+10
  1149.750 1.293E+10
  1150.000 1.437E+10
  1150.250 1.472E+10
  1150.500 1.393E+10
  1150.750 1.194E+10
  1151.000 1.183E+10
  1151.250 1.382E+10
  1151.500 1.474E+10
  1151.750 1.489E+10
  1152.000 1.486E+10
  1152.250 1.478E+10
  1152.500 1.474E+10
  1152.750 1.460E+10
  1153.000 1.433E+10
  1153.250 1.396E+10
  1153.500 1.250E+10
  1153.750 1.082E+10
  1154.000 1.214E+10
  1154.250 1.378E+10
  1154.500 1.383E+10
  1154.750 1.375E+10
  1155.000 1.405E+10
  1155.250 1.450E+10
  1155.500 1.469E+10
  1155.750 1.447E+10
  1156.000 1.427E+10
  1156.250 1.443E+10
  1156.500 1.437E+10
  1156.750 1.413E+10
  1157.000 1.381E+10
  1157.250 1.384E+10
  1157.500 1.438E+10
  1157.750 1.449E+10
  1158.000 1.413E+10
  1158.250 1.416E+10
  1158.500 1.456E+10
  1158.750 1.467E+10
  1159.000 1.462E+10
  1159.250 1.458E+10
  1159.500 1.459E+10
  1159.750 1.447E+10
  1160.000 1.395E+10
  1160.250 1.355E+10
  1160.500 1.400E+10
  1160.750 1.442E+10
  1161.000 1.449E+10
  1161.250 1.412E+10
  1161.500 1.338E+10
  1161.750 1.357E+10
  1162.000 1.421E+10
  1162.250 1.437E+10
  1162.500 1.430E+10
  1162.750 1.431E+10
  1163.000 1.440E+10
  1163.250 1.442E+10
  1163.500 1.438E+10
  1163.750 1.427E+10
  1164.000 1.405E+10
  1164.250 1.377E+10
  1164.500 1.364E+10
  1164.750 1.373E+10
  1165.000 1.375E+10
  1165.250 1.318E+10
  1165.500 1.135E+10
  1165.750 9.687E+09
  1166.000 1.076E+10
  1166.250 1.275E+10
  1166.500 1.357E+10
  1166.750 1.373E+10
  1167.000 1.372E+10
  1167.250 1.364E+10
  1167.500 1.350E+10
  1167.750 1.327E+10
  1168.000 1.292E+10
  1168.250 1.232E+10
  1168.500 1.110E+10
  1168.750 9.208E+09
  1169.000 8.648E+09
  1169.250 1.027E+10
  1169.500 1.180E+10
  1169.750 1.258E+10
  1170.000 1.298E+10
  1170.250 1.318E+10
  1170.500 1.323E+10
  1170.750 1.327E+10
  1171.000 1.338E+10
  1171.250 1.332E+10
  1171.500 1.317E+10
  1171.750 1.322E+10
  1172.000 1.328E+10
  1172.250 1.307E+10
  1172.500 1.288E+10
  1172.750 1.296E+10
  1173.000 1.291E+10
  1173.250 1.270E+10
  1173.500 1.239E+10
  1173.750 1.194E+10
  1174.000 1.123E+10
  1174.250 1.014E+10
  1174.500 8.380E+09
  1174.750 6.064E+09
  1175.000 4.491E+09
  1175.250 4.056E+09
  1175.500 3.771E+09
  1175.750 3.599E+09
  1176.000 3.962E+09
  1176.250 4.473E+09
  1176.500 5.733E+09
  1176.750 8.000E+09
  1177.000 9.846E+09
  1177.250 1.100E+10
  1177.500 1.168E+10
  1177.750 1.204E+10
  1178.000 1.237E+10
  1178.250 1.271E+10
  1178.500 1.293E+10
  1178.750 1.304E+10
  1179.000 1.312E+10
  1179.250 1.323E+10
  1179.500 1.330E+10
  1179.750 1.335E+10
  1180.000 1.338E+10
  1180.250 1.341E+10
  1180.500 1.343E+10
  1180.750 1.343E+10
  1181.000 1.343E+10
  1181.250 1.347E+10
  1181.500 1.348E+10
  1181.750 1.347E+10
  1182.000 1.345E+10
  1182.250 1.342E+10
  1182.500 1.314E+10
  1182.750 1.173E+10
  1183.000 1.017E+10
  1183.250 1.146E+10
  1183.500 1.292E+10
  1183.750 1.321E+10
  1184.000 1.295E+10
  1184.250 1.152E+10
  1184.500 9.771E+09
  1184.750 1.105E+10
  1185.000 1.286E+10
  1185.250 1.332E+10
  1185.500 1.335E+10
  1185.750 1.333E+10
  1186.000 1.334E+10
  1186.250 1.340E+10
  1186.500 1.343E+10
  1186.750 1.342E+10
  1187.000 1.337E+10
  1187.250 1.300E+10
  1187.500 1.240E+10
  1187.750 1.258E+10
  1188.000 1.291E+10
  1188.250 1.315E+10
  1188.500 1.330E+10
  1188.750 1.332E+10
  1189.000 1.331E+10
  1189.250 1.329E+10
  1189.500 1.326E+10
  1189.750 1.319E+10
  1190.000 1.280E+10
  1190.250 1.251E+10
  1190.500 1.292E+10
  1190.750 1.318E+10
  1191.000 1.319E+10
  1191.250 1.317E+10
  1191.500 1.313E+10
  1191.750 1.307E+10
  1192.000 1.295E+10
  1192.250 1.283E+10
  1192.500 1.281E+10
  1192.750 1.247E+10
  1193.000 1.211E+10
  1193.250 1.249E+10
  1193.500 1.284E+10
  1193.750 1.254E+10
  1194.000 1.175E+10
  1194.250 1.118E+10
  1194.500 1.103E+10
  1194.750 1.198E+10
  1195.000 1.250E+10
  1195.250 1.253E+10
  1195.500 1.255E+10
  1195.750 1.253E+10
  1196.000 1.250E+10
  1196.250 1.248E+10
  1196.500 1.249E+10
  1196.750 1.258E+10
  1197.000 1.255E+10
  1197.250 1.228E+10
  1197.500 1.216E+10
  1197.750 1.236E+10
  1198.000 1.239E+10
  1198.250 1.202E+10
  1198.500 1.153E+10
  1198.750 1.179E+10
  1199.000 1.227E+10
  1199.250 1.232E+10
  1199.500 1.228E+10
  1199.750 1.237E+10
  1200.000 1.237E+10
  1200.250 1.232E+10
  1200.500 1.220E+10
  1200.750 1.163E+10
  1201.000 1.123E+10
  1201.250 1.172E+10
  1201.500 1.178E+10
  1201.750 1.150E+10
  1202.000 1.169E+10
  1202.250 1.188E+10
  1202.500 1.178E+10
  1202.750 1.171E+10
  1203.000 1.182E+10
  1203.250 1.181E+10
  1203.500 1.176E+10
  1203.750 1.168E+10
  1204.000 1.164E+10
  1204.250 1.161E+10
  1204.500 1.150E+10
  1204.750 1.137E+10
  1205.000 1.128E+10
  1205.250 1.121E+10
  1205.500 1.115E+10
  1205.750 1.103E+10
  1206.000 1.069E+10
  1206.250 9.422E+09
  1206.500 8.064E+09
  1206.750 9.049E+09
  1207.000 1.020E+10
  1207.250 1.007E+10
  1207.500 9.588E+09
  1207.750 9.857E+09
  1208.000 1.014E+10
  1208.250 1.009E+10
  1208.500 9.985E+09
  1208.750 9.857E+09
  1209.000 9.707E+09
  1209.250 9.551E+09
  1209.500 9.378E+09
  1209.750 9.045E+09
  1210.000 8.560E+09
  1210.250 8.489E+09
  1210.500 8.582E+09
  1210.750 8.492E+09
  1211.000 8.381E+09
  1211.250 8.217E+09
  1211.500 7.971E+09
  1211.750 7.681E+09
  1212.000 7.507E+09
  1212.250 7.360E+09
  1212.500 7.160E+09
  1212.750 6.932E+09
  1213.000 6.693E+09
  1213.250 6.451E+09
  1213.500 6.201E+09
  1213.750 5.942E+09
  1214.000 5.672E+09
  1214.250 5.375E+09
  1214.500 5.052E+09
  1214.750 4.673E+09
  1215.000 4.202E+09
  1215.250 3.821E+09
  1215.500 3.524E+09
  1215.750 3.464E+09
  1216.000 3.834E+09
  1216.250 4.249E+09
  1216.500 4.606E+09
  1216.750 4.945E+09
  1217.000 5.268E+09
  1217.250 5.571E+09
  1217.500 5.849E+09
  1217.750 6.111E+09
  1218.000 6.366E+09
  1218.250 6.609E+09
  1218.500 6.838E+09
  1218.750 7.058E+09
  1219.000 7.269E+09
  1219.250 7.473E+09
  1219.500 7.672E+09
  1219.750 7.857E+09
  1220.000 8.034E+09
  1220.250 8.227E+09
  1220.500 8.397E+09
  1220.750 8.557E+09
  1221.000 8.733E+09
  1221.250 8.898E+09
  1221.500 9.047E+09
  1221.750 9.165E+09
  1222.000 9.276E+09
  1222.250 9.420E+09
  1222.500 9.552E+09
  1222.750 9.636E+09
  1223.000 9.711E+09
  1223.250 9.833E+09
  1223.500 9.944E+09
  1223.750 1.003E+10
  1224.000 1.011E+10
  1224.250 1.019E+10
  1224.500 1.025E+10
  1224.750 1.030E+10
  1225.000 1.036E+10
  1225.250 1.043E+10
  1225.500 1.048E+10
  1225.750 1.054E+10
  1226.000 1.063E+10
  1226.250 1.072E+10
  1226.500 1.077E+10
  1226.750 1.082E+10
  1227.000 1.084E+10
  1227.250 1.085E+10
  1227.500 1.089E+10
  1227.750 1.091E+10
  1228.000 1.087E+10
  1228.250 1.075E+10
  1228.500 1.077E+10
  1228.750 1.090E+10
  1229.000 1.095E+10
  1229.250 1.097E+10
  1229.500 1.095E+10
  1229.750 1.066E+10
  1230.000 1.015E+10
  1230.250 9.940E+09
  1230.500 9.751E+09
  1230.750 1.002E+10
  1231.000 1.065E+10
  1231.250 1.108E+10
  1231.500 1.122E+10
  1231.750 1.126E+10
  1232.000 1.129E+10
  1232.250 1.131E+10
  1232.500 1.130E+10
  1232.750 1.131E+10
  1233.000 1.134E+10
  1233.250 1.138E+10
  1233.500 1.143E+10
  1233.750 1.145E+10
  1234.000 1.144E+10
  1234.250 1.144E+10
  1234.500 1.145E+10
  1234.750 1.147E+10
  1235.000 1.147E+10
  1235.250 1.145E+10
  1235.500 1.143E+10
  1235.750 1.140E+10
  1236.000 1.143E+10
  1236.250 1.144E+10
  1236.500 1.139E+10
  1236.750 1.124E+10
  1237.000 1.113E+10
  1237.250 1.127E+10
  1237.500 1.140E+10
  1237.750 1.140E+10
  1238.000 1.130E+10
  1238.250 1.106E+10
  1238.500 1.035E+10
  1238.750 9.323E+09
  1239.000 9.676E+09
  1239.250 1.073E+10
  1239.500 1.117E+10
  1239.750 1.130E+10
  1240.000 1.136E+10
  1240.250 1.143E+10
  1240.500 1.147E+10
  1240.750 1.147E+10
  1241.000 1.144E+10
  1241.250 1.141E+10
  1241.500 1.134E+10
  1241.750 1.129E+10
  1242.000 1.121E+10
  1242.250 1.099E+10
  1242.500 1.039E+10
  1242.750 9.567E+09
  1243.000 9.994E+09
  1243.250 1.088E+10
  1243.500 1.122E+10
  1243.750 1.131E+10
  1244.000 1.120E+10
  1244.250 1.112E+10
  1244.500 1.128E+10
  1244.750 1.135E+10
  1245.000 1.128E+10
  1245.250 1.122E+10
  1245.500 1.110E+10
  1245.750 1.087E+10
  1246.000 1.080E+10
  1246.250 1.087E+10
  1246.500 1.076E+10
  1246.750 1.013E+10
  1247.000 8.521E+09
  1247.250 6.294E+09
  1247.500 6.125E+09
  1247.750 8.163E+09
  1248.000 9.826E+09
  1248.250 1.062E+10
  1248.500 1.099E+10
  1248.750 1.114E+10
  1249.000 1.123E+10
  1249.250 1.125E+10
  1249.500 1.122E+10
  1249.750 1.128E+10
  1250.000 1.127E+10
  1250.250 1.116E+10
  1250.500 1.109E+10
  1250.750 1.115E+10
  1251.000 1.124E+10
  1251.250 1.131E+10
  1251.500 1.129E+10
  1251.750 1.115E+10
  1252.000 1.104E+10
  1252.250 1.106E+10
  1252.500 1.111E+10
  1252.750 1.114E+10
  1253.000 1.118E+10
  1253.250 1.116E+10
  1253.500 1.096E+10
  1253.750 1.072E+10
  1254.000 1.090E+10
  1254.250 1.116E+10
  1254.500 1.121E+10
  1254.750 1.119E+10
  1255.000 1.115E+10
  1255.250 1.116E+10
  1255.500 1.114E+10
  1255.750 1.105E+10
  1256.000 1.095E+10
  1256.250 1.023E+10
  1256.500 9.437E+09
  1256.750 1.016E+10
  1257.000 1.087E+10
  1257.250 1.090E+10
  1257.500 1.090E+10
  1257.750 1.098E+10
  1258.000 1.111E+10
  1258.250 1.115E+10
  1258.500 1.115E+10
  1258.750 1.116E+10
  1259.000 1.113E+10
  1259.250 1.109E+10
  1259.500 1.105E+10
  1259.750 1.105E+10
  1260.000 1.107E+10
  1260.250 1.105E+10
  1260.500 1.106E+10
  1260.750 1.111E+10
  1261.000 1.108E+10
  1261.250 1.099E+10
  1261.500 1.098E+10
  1261.750 1.099E+10
  1262.000 1.104E+10
  1262.250 1.107E+10
  1262.500 1.103E+10
  1262.750 1.103E+10
  1263.000 1.104E+10
  1263.250 1.101E+10
  1263.500 1.099E+10
  1263.750 1.098E+10
  1264.000 1.098E+10
  1264.250 1.089E+10
  1264.500 1.075E+10
  1264.750 1.084E+10
  1265.000 1.093E+10
  1265.250 1.091E+10
  1265.500 1.066E+10
  1265.750 1.022E+10
  1266.000 1.005E+10
  1266.250 1.024E+10
  1266.500 1.057E+10
  1266.750 1.059E+10
  1267.000 1.013E+10
  1267.250 9.965E+09
  1267.500 1.049E+10
  1267.750 1.074E+10
  1268.000 1.077E+10
  1268.250 1.080E+10
  1268.500 1.087E+10
  1268.750 1.087E+10
  1269.000 1.080E+10
  1269.250 1.079E+10
  1269.500 1.079E+10
  1269.750 1.076E+10
  1270.000 1.069E+10
  1270.250 1.054E+10
  1270.500 1.050E+10
  1270.750 1.059E+10
  1271.000 1.076E+10
  1271.250 1.082E+10
  1271.500 1.082E+10
  1271.750 1.080E+10
  1272.000 1.071E+10
  1272.250 1.068E+10
  1272.500 1.072E+10
  1272.750 1.070E+10
  1273.000 1.068E+10
  1273.250 1.063E+10
  1273.500 1.061E+10
  1273.750 1.058E+10
  1274.000 1.065E+10
  1274.250 1.073E+10
  1274.500 1.075E+10
  1274.750 1.073E+10
  1275.000 1.073E+10
  1275.250 1.075E+10
  1275.500 1.074E+10
  1275.750 1.070E+10
  1276.000 1.066E+10
  1276.250 1.064E+10
  1276.500 1.061E+10
  1276.750 1.055E+10
  1277.000 1.051E+10
  1277.250 1.060E+10
  1277.500 1.063E+10
  1277.750 1.063E+10
  1278.000 1.063E+10
  1278.250 1.056E+10
  1278.500 1.033E+10
  1278.750 9.816E+09
  1279.000 9.704E+09
  1279.250 1.016E+10
  1279.500 1.033E+10
  1279.750 1.038E+10
  1280.000 1.047E+10
  1280.250 1.042E+10
  1280.500 1.041E+10
  1280.750 1.051E+10
  1281.000 1.053E+10
  1281.250 1.044E+10
  1281.500 1.039E+10
  1281.750 1.041E+10
  1282.000 1.040E+10
  1282.250 1.041E+10
  1282.500 1.044E+10
  1282.750 1.044E+10
  1283.000 1.049E+10
  1283.250 1.050E+10
  1283.500 1.048E+10
  1283.750 1.043E+10
  1284.000 1.033E+10
  1284.250 1.029E+10
  1284.500 1.037E+10
  1284.750 1.046E+10
  1285.000 1.048E+10
  1285.250 1.046E+10
  1285.500 1.043E+10
  1285.750 1.037E+10
  1286.000 1.034E+10
  1286.250 1.036E+10
  1286.500 1.036E+10
  1286.750 1.032E+10
  1287.000 1.021E+10
  1287.250 1.024E+10
  1287.500 1.031E+10
  1287.750 1.031E+10
  1288.000 1.023E+10
  1288.250 1.016E+10
  1288.500 1.026E+10
  1288.750 1.031E+10
  1289.000 1.033E+10
  1289.250 1.036E+10
  1289.500 1.034E+10
  1289.750 1.029E+10
  1290.000 1.025E+10
  1290.250 1.025E+10
  1290.500 1.029E+10
  1290.750 1.031E+10
  1291.000 1.028E+10
  1291.250 1.024E+10
  1291.500 1.026E+10
  1291.750 1.026E+10
  1292.000 1.021E+10
  1292.250 1.008E+10
  1292.500 1.004E+10
  1292.750 1.016E+10
  1293.000 1.018E+10
  1293.250 1.009E+10
  1293.500 1.009E+10
  1293.750 1.013E+10
  1294.000 1.007E+10
  1294.250 9.562E+09
  1294.500 8.733E+09
  1294.750 9.131E+09
  1295.000 9.798E+09
  1295.250 9.829E+09
  1295.500 9.591E+09
  1295.750 9.032E+09
  1296.000 7.826E+09
  1296.250 6.370E+09
  1296.500 6.267E+09
  1296.750 7.374E+09
  1297.000 8.818E+09
  1297.250 9.521E+09
  1297.500 9.656E+09
  1297.750 9.801E+09
  1298.000 9.890E+09
  1298.250 9.910E+09
  1298.500 9.554E+09
  1298.750 8.257E+09
  1299.000 7.769E+09
  1299.250 9.072E+09
  1299.500 9.799E+09
  1299.750 9.922E+09
  1300.000 9.969E+09
  1300.250 9.939E+09
  1300.500 9.839E+09
  1300.750 9.513E+09
  1301.000 8.783E+09
  1301.250 8.786E+09
  1301.500 9.621E+09
  1301.750 9.935E+09
  1302.000 9.953E+09
  1302.250 9.957E+09
  1302.500 9.943E+09
  1302.750 9.831E+09
  1303.000 9.400E+09
  1303.250 8.565E+09
  1303.500 8.814E+09
  1303.750 9.664E+09
  1304.000 9.931E+09
  1304.250 9.924E+09
  1304.500 9.849E+09
  1304.750 9.794E+09
  1305.000 9.836E+09
  1305.250 9.890E+09
  1305.500 9.864E+09
  1305.750 9.752E+09
  1306.000 9.566E+09
  1306.250 9.612E+09
  1306.500 9.722E+09
  1306.750 9.778E+09
  1307.000 9.800E+09
  1307.250 9.683E+09
  1307.500 9.630E+09
  1307.750 9.721E+09
  1308.000 9.712E+09
  1308.250 9.483E+09
  1308.500 8.794E+09
  1308.750 8.371E+09
  1309.000 9.136E+09
  1309.250 9.526E+09
  1309.500 9.512E+09
  1309.750 9.600E+09
  1310.000 9.710E+09
  1310.250 9.749E+09
  1310.500 9.787E+09
  1310.750 9.773E+09
  1311.000 9.700E+09
  1311.250 9.648E+09
  1311.500 9.581E+09
  1311.750 9.519E+09
  1312.000 9.512E+09
  1312.250 9.518E+09
  1312.500 9.270E+09
  1312.750 9.292E+09
  1313.000 9.535E+09
  1313.250 9.581E+09
  1313.500 9.627E+09
  1313.750 9.632E+09
  1314.000 9.566E+09
  1314.250 9.400E+09
  1314.500 9.318E+09
  1314.750 9.389E+09
  1315.000 9.489E+09
  1315.250 9.513E+09
  1315.500 9.451E+09
  1315.750 9.349E+09
  1316.000 9.412E+09
  1316.250 9.558E+09
  1316.500 9.635E+09
  1316.750 9.630E+09
  1317.000 9.596E+09
  1317.250 9.567E+09
  1317.500 9.507E+09
  1317.750 9.416E+09
  1318.000 9.397E+09
  1318.250 9.287E+09
  1318.500 9.209E+09
  1318.750 9.404E+09
  1319.000 9.520E+09
  1319.250 9.481E+09
  1319.500 9.443E+09
  1319.750 9.440E+09
  1320.000 9.487E+09
  1320.250 9.366E+09
  1320.500 9.259E+09
  1320.750 9.313E+09
  1321.000 9.376E+09
  1321.250 9.252E+09
  1321.500 9.182E+09
  1321.750 9.349E+09
  1322.000 9.470E+09
  1322.250 9.520E+09
  1322.500 9.516E+09
  1322.750 9.457E+09
  1323.000 9.285E+09
  1323.250 9.133E+09
  1323.500 8.995E+09
  1323.750 8.112E+09
  1324.000 7.515E+09
  1324.250 8.081E+09
  1324.500 8.587E+09
  1324.750 8.922E+09
  1325.000 9.069E+09
  1325.250 9.297E+09
  1325.500 9.373E+09
  1325.750 9.316E+09
  1326.000 9.343E+09
  1326.250 9.375E+09
  1326.500 9.369E+09
  1326.750 9.355E+09
  1327.000 9.304E+09
  1327.250 9.298E+09
  1327.500 9.313E+09
  1327.750 9.291E+09
  1328.000 9.277E+09
  1328.250 9.243E+09
  1328.500 9.049E+09
  1328.750 8.691E+09
  1329.000 8.699E+09
  1329.250 8.926E+09
  1329.500 9.084E+09
  1329.750 8.997E+09
  1330.000 8.988E+09
  1330.250 8.995E+09
  1330.500 9.008E+09
  1330.750 9.208E+09
  1331.000 9.244E+09
  1331.250 9.191E+09
  1331.500 9.115E+09
  1331.750 9.102E+09
  1332.000 9.175E+09
  1332.250 9.122E+09
  1332.500 9.067E+09
  1332.750 9.097E+09
  1333.000 9.121E+09
  1333.250 9.185E+09
  1333.500 9.213E+09
  1333.750 9.187E+09
  1334.000 9.067E+09
  1334.250 8.552E+09
  1334.500 7.818E+09
  1334.750 8.320E+09
  1335.000 8.954E+09
  1335.250 8.910E+09
  1335.500 8.009E+09
  1335.750 7.408E+09
  1336.000 8.151E+09
  1336.250 8.679E+09
  1336.500 8.935E+09
  1336.750 9.011E+09
  1337.000 9.081E+09
  1337.250 9.135E+09
  1337.500 9.101E+09
  1337.750 9.013E+09
  1338.000 9.019E+09
  1338.250 9.095E+09
  1338.500 9.085E+09
  1338.750 8.933E+09
  1339.000 8.791E+09
  1339.250 8.827E+09
  1339.500 8.853E+09
  1339.750 8.836E+09
  1340.000 8.998E+09
  1340.250 9.032E+09
  1340.500 9.021E+09
  1340.750 9.050E+09
  1341.000 8.982E+09
  1341.250 8.654E+09
  1341.500 8.428E+09
  1341.750 8.753E+09
  1342.000 8.834E+09
  1342.250 8.534E+09
  1342.500 8.547E+09
  1342.750 8.862E+09
  1343.000 8.890E+09
  1343.250 8.703E+09
  1343.500 8.701E+09
  1343.750 8.871E+09
  1344.000 8.858E+09
  1344.250 8.839E+09
  1344.500 8.928E+09
  1344.750 8.986E+09
  1345.000 8.991E+09
  1345.250 8.918E+09
  1345.500 8.646E+09
  1345.750 8.484E+09
  1346.000 8.622E+09
  1346.250 8.788E+09
  1346.500 8.913E+09
  1346.750 8.932E+09
  1347.000 8.879E+09
  1347.250 8.729E+09
  1347.500 8.339E+09
  1347.750 7.806E+09
  1348.000 7.912E+09
  1348.250 8.419E+09
  1348.500 8.665E+09
  1348.750 8.551E+09
  1349.000 8.173E+09
  1349.250 8.124E+09
  1349.500 8.484E+09
  1349.750 8.709E+09
  1350.000 8.687E+09
  1350.250 8.576E+09
  1350.500 8.619E+09
  1350.750 8.728E+09
  1351.000 8.767E+09
  1351.250 8.623E+09
  1351.500 8.494E+09
  1351.750 8.623E+09
  1352.000 8.778E+09
  1352.250 8.791E+09
  1352.500 8.683E+09
  1352.750 8.535E+09
  1353.000 8.557E+09
  1353.250 8.654E+09
  1353.500 8.619E+09
  1353.750 8.613E+09
  1354.000 8.691E+09
  1354.250 8.738E+09
  1354.500 8.733E+09
  1354.750 8.622E+09
  1355.000 8.557E+09
  1355.250 8.518E+09
  1355.500 8.520E+09
  1355.750 8.579E+09
  1356.000 8.506E+09
  1356.250 8.547E+09
  1356.500 8.651E+09
  1356.750 8.544E+09
  1357.000 8.223E+09
  1357.250 8.248E+09
  1357.500 8.465E+09
  1357.750 8.493E+09
  1358.000 8.590E+09
  1358.250 8.634E+09
  1358.500 8.570E+09
  1358.750 8.510E+09
  1359.000 8.363E+09
  1359.250 8.254E+09
  1359.500 8.396E+09
  1359.750 8.582E+09
  1360.000 8.616E+09
  1360.250 8.636E+09
  1360.500 8.658E+09
  1360.750 8.645E+09
  1361.000 8.539E+09
  1361.250 8.201E+09
  1361.500 7.754E+09
  1361.750 7.800E+09
  1362.000 8.239E+09
  1362.250 8.397E+09
  1362.500 8.422E+09
  1362.750 8.324E+09
  1363.000 8.079E+09
  1363.250 7.914E+09
  1363.500 7.894E+09
  1363.750 8.138E+09
  1364.000 8.417E+09
  1364.250 8.547E+09
  1364.500 8.491E+09
  1364.750 8.263E+09
  1365.000 7.977E+09
  1365.250 7.757E+09
  1365.500 7.983E+09
  1365.750 8.296E+09
  1366.000 8.436E+09
  1366.250 8.480E+09
  1366.500 8.424E+09
  1366.750 8.245E+09
  1367.000 8.099E+09
  1367.250 8.219E+09
  1367.500 8.421E+09
  1367.750 8.491E+09
  1368.000 8.458E+09
  1368.250 8.424E+09
  1368.500 8.464E+09
  1368.750 8.480E+09
  1369.000 8.453E+09
  1369.250 8.384E+09
  1369.500 8.348E+09
  1369.750 8.408E+09
  1370.000 8.425E+09
  1370.250 8.409E+09
  1370.500 8.410E+09
  1370.750 8.320E+09
  1371.000 8.078E+09
  1371.250 7.766E+09
  1371.500 7.636E+09
  1371.750 7.721E+09
  1372.000 8.056E+09
  1372.250 8.316E+09
  1372.500 8.301E+09
  1372.750 8.208E+09
  1373.000 8.185E+09
  1373.250 8.121E+09
  1373.500 7.786E+09
  1373.750 7.653E+09
  1374.000 7.845E+09
  1374.250 8.083E+09
  1374.500 8.244E+09
  1374.750 8.209E+09
  1375.000 8.213E+09
  1375.250 8.217E+09
  1375.500 8.167E+09
  1375.750 8.194E+09
  1376.000 8.161E+09
  1376.250 7.850E+09
  1376.500 7.826E+09
  1376.750 8.141E+09
  1377.000 8.189E+09
  1377.250 8.129E+09
  1377.500 8.099E+09
  1377.750 8.076E+09
  1378.000 8.109E+09
  1378.250 8.075E+09
  1378.500 7.868E+09
  1378.750 7.834E+09
  1379.000 7.963E+09
  1379.250 8.039E+09
  1379.500 7.967E+09
  1379.750 7.897E+09
  1380.000 7.921E+09
  1380.250 7.940E+09
  1380.500 7.984E+09
  1380.750 7.958E+09
  1381.000 7.719E+09
  1381.250 7.016E+09
  1381.500 5.979E+09
  1381.750 5.855E+09
  1382.000 6.856E+09
  1382.250 7.501E+09
  1382.500 7.690E+09
  1382.750 7.880E+09
  1383.000 8.010E+09
  1383.250 8.076E+09
  1383.500 8.067E+09
  1383.750 7.877E+09
  1384.000 7.556E+09
  1384.250 7.597E+09
  1384.500 7.876E+09
  1384.750 7.973E+09
  1385.000 8.007E+09
  1385.250 7.925E+09
  1385.500 7.826E+09
  1385.750 7.790E+09
  1386.000 7.828E+09
  1386.250 7.761E+09
  1386.500 7.791E+09
  1386.750 7.770E+09
  1387.000 7.417E+09
  1387.250 6.827E+09
  1387.500 6.994E+09
  1387.750 7.428E+09
  1388.000 7.429E+09
  1388.250 7.572E+09
  1388.500 7.745E+09
  1388.750 7.824E+09
  1389.000 7.816E+09
  1389.250 7.876E+09
  1389.500 7.909E+09
  1389.750 7.885E+09
  1390.000 7.869E+09
  1390.250 7.840E+09
  1390.500 7.723E+09
  1390.750 7.609E+09
  1391.000 7.630E+09
  1391.250 7.639E+09
  1391.500 7.578E+09
  1391.750 7.467E+09
  1392.000 7.270E+09
  1392.250 6.991E+09
  1392.500 6.718E+09
  1392.750 6.288E+09
  1393.000 5.618E+09
  1393.250 4.749E+09
  1393.500 3.781E+09
  1393.750 3.254E+09
  1394.000 3.734E+09
  1394.250 4.685E+09
  1394.500 5.518E+09
  1394.750 6.121E+09
  1395.000 6.618E+09
  1395.250 6.985E+09
  1395.500 7.207E+09
  1395.750 7.272E+09
  1396.000 7.233E+09
  1396.250 7.270E+09
  1396.500 7.353E+09
  1396.750 7.453E+09
  1397.000 7.498E+09
  1397.250 7.434E+09
  1397.500 7.457E+09
  1397.750 7.415E+09
  1398.000 7.092E+09
  1398.250 7.118E+09
  1398.500 7.510E+09
  1398.750 7.570E+09
  1399.000 7.578E+09
  1399.250 7.681E+09
  1399.500 7.665E+09
  1399.750 7.486E+09
  1400.000 7.255E+09
  1400.250 7.166E+09
  1400.500 7.163E+09
  1400.750 7.118E+09
  1401.000 7.188E+09
  1401.250 7.221E+09
  1401.500 7.085E+09
  1401.750 6.756E+09
  1402.000 6.219E+09
  1402.250 5.352E+09
  1402.500 4.185E+09
  1402.750 3.483E+09
  1403.000 4.038E+09
  1403.250 5.184E+09
  1403.500 6.094E+09
  1403.750 6.645E+09
  1404.000 6.987E+09
  1404.250 7.208E+09
  1404.500 7.336E+09
  1404.750 7.354E+09
  1405.000 7.413E+09
  1405.250 7.506E+09
  1405.500 7.498E+09
  1405.750 7.359E+09
  1406.000 7.172E+09
  1406.250 7.206E+09
  1406.500 7.176E+09
  1406.750 7.104E+09
  1407.000 7.249E+09
  1407.250 7.331E+09
  1407.500 7.473E+09
  1407.750 7.583E+09
  1408.000 7.496E+09
  1408.250 7.458E+09
  1408.500 7.435E+09
  1408.750 7.257E+09
  1409.000 7.127E+09
  1409.250 7.028E+09
  1409.500 7.072E+09
  1409.750 7.138E+09
  1410.000 7.240E+09
  1410.250 7.448E+09
  1410.500 7.589E+09
  1410.750 7.592E+09
  1411.000 7.461E+09
  1411.250 7.160E+09
  1411.500 6.968E+09
  1411.750 7.282E+09
  1412.000 7.519E+09
  1412.250 7.523E+09
  1412.500 7.406E+09
  1412.750 7.404E+09
  1413.000 7.536E+09
  1413.250 7.584E+09
  1413.500 7.576E+09
  1413.750 7.547E+09
  1414.000 7.447E+09
  1414.250 7.269E+09
  1414.500 7.169E+09
  1414.750 7.148E+09
  1415.000 7.178E+09
  1415.250 7.238E+09
  1415.500 7.433E+09
  1415.750 7.518E+09
  1416.000 7.452E+09
  1416.250 7.250E+09
  1416.500 7.154E+09
  1416.750 7.140E+09
  1417.000 6.794E+09
  1417.250 6.610E+09
  1417.500 7.049E+09
  1417.750 7.331E+09
  1418.000 7.221E+09
  1418.250 7.135E+09
  1418.500 7.290E+09
  1418.750 7.397E+09
  1419.000 7.268E+09
  1419.250 7.126E+09
  1419.500 7.041E+09
  1419.750 7.125E+09
  1420.000 7.058E+09
  1420.250 6.876E+09
  1420.500 6.967E+09
  1420.750 7.174E+09
  1421.000 7.136E+09
  1421.250 7.034E+09
  1421.500 7.270E+09
  1421.750 7.359E+09
  1422.000 7.244E+09
  1422.250 7.228E+09
  1422.500 7.273E+09
  1422.750 7.281E+09
  1423.000 7.265E+09
  1423.250 7.247E+09
  1423.500 7.215E+09
  1423.750 7.245E+09
  1424.000 7.176E+09
  1424.250 6.767E+09
  1424.500 6.614E+09
  1424.750 6.990E+09
  1425.000 7.198E+09
  1425.250 7.125E+09
  1425.500 6.815E+09
  1425.750 6.667E+09
  1426.000 6.545E+09
  1426.250 5.977E+09
  1426.500 5.866E+09
  1426.750 6.674E+09
  1427.000 6.907E+09
  1427.250 6.254E+09
  1427.500 5.694E+09
  1427.750 5.457E+09
  1428.000 5.374E+09
  1428.250 5.545E+09
  1428.500 5.664E+09
  1428.750 5.801E+09
  1429.000 5.991E+09
  1429.250 6.474E+09
  1429.500 6.907E+09
  1429.750 7.153E+09
  1430.000 7.014E+09
  1430.250 6.516E+09
  1430.500 6.239E+09
  1430.750 6.572E+09
  1431.000 6.842E+09
  1431.250 6.876E+09
  1431.500 6.896E+09
  1431.750 7.131E+09
  1432.000 7.236E+09
  1432.250 7.161E+09
  1432.500 7.083E+09
  1432.750 7.118E+09
  1433.000 7.010E+09
  1433.250 6.984E+09
  1433.500 7.152E+09
  1433.750 7.230E+09
  1434.000 7.163E+09
  1434.250 6.975E+09
  1434.500 6.999E+09
  1434.750 7.078E+09
  1435.000 6.892E+09
  1435.250 6.831E+09
  1435.500 6.802E+09
  1435.750 6.602E+09
  1436.000 6.740E+09
  1436.250 6.992E+09
  1436.500 7.134E+09
  1436.750 7.135E+09
  1437.000 7.022E+09
  1437.250 6.878E+09
  1437.500 6.834E+09
  1437.750 6.894E+09
  1438.000 6.933E+09
  1438.250 6.942E+09
  1438.500 6.858E+09
  1438.750 6.748E+09
  1439.000 6.775E+09
  1439.250 6.935E+09
  1439.500 6.869E+09
  1439.750 6.842E+09
  1440.000 7.004E+09
  1440.250 6.937E+09
  1440.500 6.688E+09
  1440.750 6.597E+09
  1441.000 6.594E+09
  1441.250 6.802E+09
  1441.500 6.949E+09
  1441.750 6.921E+09
  1442.000 6.762E+09
  1442.250 6.608E+09
  1442.500 6.705E+09
  1442.750 6.871E+09
  1443.000 7.012E+09
  1443.250 7.066E+09
  1443.500 7.094E+09
  1443.750 7.071E+09
  1444.000 6.930E+09
  1444.250 6.641E+09
  1444.500 6.595E+09
  1444.750 6.711E+09
  1445.000 6.635E+09
  1445.250 6.789E+09
  1445.500 6.968E+09
  1445.750 6.968E+09
  1446.000 6.895E+09
  1446.250 6.860E+09
  1446.500 6.774E+09
  1446.750 6.766E+09
  1447.000 6.916E+09
  1447.250 6.964E+09
  1447.500 6.862E+09
  1447.750 6.812E+09
  1448.000 6.898E+09
  1448.250 6.882E+09
  1448.500 6.735E+09
  1448.750 6.479E+09
  1449.000 6.406E+09
  1449.250 6.691E+09
  1449.500 6.804E+09
  1449.750 6.692E+09
  1450.000 6.711E+09
  1450.250 6.827E+09
  1450.500 6.910E+09
  1450.750 6.904E+09
  1451.000 6.802E+09
  1451.250 6.696E+09
  1451.500 6.668E+09
  1451.750 6.686E+09
  1452.000 6.533E+09
  1452.250 6.208E+09
  1452.500 6.315E+09
  1452.750 6.621E+09
  1453.000 6.577E+09
  1453.250 6.541E+09
  1453.500 6.498E+09
  1453.750 6.545E+09
  1454.000 6.654E+09
  1454.250 6.605E+09
  1454.500 6.446E+09
  1454.750 6.554E+09
  1455.000 6.740E+09
  1455.250 6.569E+09
  1455.500 6.315E+09
  1455.750 6.448E+09
  1456.000 6.557E+09
  1456.250 6.506E+09
  1456.500 6.550E+09
  1456.750 6.620E+09
  1457.000 6.715E+09
  1457.250 6.581E+09
  1457.500 6.481E+09
  1457.750 6.514E+09
  1458.000 6.607E+09
  1458.250 6.593E+09
  1458.500 6.427E+09
  1458.750 6.451E+09
  1459.000 6.505E+09
  1459.250 6.479E+09
  1459.500 6.539E+09
  1459.750 6.435E+09
  1460.000 6.439E+09
  1460.250 6.421E+09
  1460.500 6.337E+09
  1460.750 6.331E+09
  1461.000 6.470E+09
  1461.250 6.550E+09
  1461.500 6.509E+09
  1461.750 6.498E+09
  1462.000 6.350E+09
  1462.250 6.300E+09
  1462.500 6.385E+09
  1462.750 6.538E+09
  1463.000 6.710E+09
  1463.250 6.698E+09
  1463.500 6.597E+09
  1463.750 6.551E+09
  1464.000 6.617E+09
  1464.250 6.583E+09
  1464.500 6.417E+09
  1464.750 6.303E+09
  1465.000 6.482E+09
  1465.250 6.490E+09
  1465.500 6.488E+09
  1465.750 6.612E+09
  1466.000 6.676E+09
  1466.250 6.629E+09
  1466.500 6.376E+09
  1466.750 6.181E+09
  1467.000 6.269E+09
  1467.250 6.345E+09
  1467.500 6.424E+09
  1467.750 6.483E+09
  1468.000 6.424E+09
  1468.250 6.477E+09
  1468.500 6.561E+09
  1468.750 6.405E+09
  1469.000 6.266E+09
  1469.250 6.486E+09
  1469.500 6.586E+09
  1469.750 6.470E+09
  1470.000 6.458E+09
  1470.250 6.400E+09
  1470.500 6.295E+09
  1470.750 6.486E+09
  1471.000 6.596E+09
  1471.250 6.583E+09
  1471.500 6.592E+09
  1471.750 6.550E+09
  1472.000 6.436E+09
  1472.250 6.333E+09
  1472.500 6.212E+09
  1472.750 6.288E+09
  1473.000 6.275E+09
  1473.250 6.208E+09
  1473.500 6.449E+09
  1473.750 6.511E+09
  1474.000 6.498E+09
  1474.250 6.529E+09
  1474.500 6.506E+09
  1474.750 6.512E+09
  1475.000 6.540E+09
  1475.250 6.515E+09
  1475.500 6.468E+09
  1475.750 6.476E+09
  1476.000 6.426E+09
  1476.250 6.231E+09
  1476.500 6.057E+09
  1476.750 5.887E+09
  1477.000 5.949E+09
  1477.250 5.944E+09
  1477.500 5.291E+09
  1477.750 4.704E+09
  1478.000 4.623E+09
  1478.250 4.884E+09
  1478.500 5.594E+09
  1478.750 6.143E+09
  1479.000 6.320E+09
  1479.250 6.298E+09
  1479.500 6.267E+09
  1479.750 6.381E+09
  1480.000 6.429E+09
  1480.250 6.323E+09
  1480.500 6.290E+09
  1480.750 6.316E+09
  1481.000 6.358E+09
  1481.250 6.399E+09
  1481.500 6.406E+09
  1481.750 6.444E+09
  1482.000 6.368E+09
  1482.250 6.222E+09
  1482.500 6.222E+09
  1482.750 6.191E+09
  1483.000 5.940E+09
  1483.250 5.877E+09
  1483.500 6.198E+09
  1483.750 6.343E+09
  1484.000 6.346E+09
  1484.250 6.229E+09
  1484.500 6.134E+09
  1484.750 6.169E+09
  1485.000 6.187E+09
  1485.250 6.147E+09
  1485.500 6.211E+09
  1485.750 6.322E+09
  1486.000 6.196E+09
  1486.250 6.057E+09
  1486.500 6.188E+09
  1486.750 6.262E+09
  1487.000 6.201E+09
  1487.250 6.284E+09
  1487.500 6.350E+09
  1487.750 6.282E+09
  1488.000 6.296E+09
  1488.250 6.368E+09
  1488.500 6.353E+09
  1488.750 6.267E+09
  1489.000 6.212E+09
  1489.250 6.109E+09
  1489.500 5.864E+09
  1489.750 5.851E+09
  1490.000 6.046E+09
  1490.250 6.220E+09
  1490.500 6.294E+09
  1490.750 6.281E+09
  1491.000 6.245E+09
  1491.250 6.260E+09
  1491.500 6.280E+09
  1491.750 6.212E+09
  1492.000 6.182E+09
  1492.250 6.254E+09
  1492.500 6.241E+09
  1492.750 6.131E+09
  1493.000 6.038E+09
  1493.250 6.069E+09
  1493.500 5.889E+09
  1493.750 5.764E+09
  1494.000 6.063E+09
  1494.250 6.213E+09
  1494.500 6.209E+09
  1494.750 6.190E+09
  1495.000 6.053E+09
  1495.250 5.986E+09
  1495.500 6.096E+09
  1495.750 6.063E+09
  1496.000 6.048E+09
  1496.250 6.054E+09
  1496.500 6.166E+09
  1496.750 6.243E+09
  1497.000 6.218E+09
  1497.250 6.069E+09
  1497.500 5.894E+09
  1497.750 5.963E+09
  1498.000 6.008E+09
  1498.250 6.039E+09
  1498.500 5.964E+09
  1498.750 5.732E+09
  1499.000 5.715E+09
  1499.250 5.801E+09
  1499.500 5.915E+09
  1499.750 5.935E+09
  1500.000 5.681E+09
  1500.250 5.498E+09
  1500.500 5.762E+09
  1500.750 5.991E+09
  1501.000 5.774E+09
  1501.250 5.502E+09
  1501.500 5.640E+09
  1501.750 5.652E+09
  1502.000 5.577E+09
  1502.250 5.694E+09
  1502.500 5.859E+09
  1502.750 5.938E+09
  1503.000 5.923E+09
  1503.250 5.815E+09
  1503.500 5.863E+09
  1503.750 5.960E+09
  1504.000 5.970E+09
  1504.250 5.907E+09
  1504.500 5.769E+09
  1504.750 5.755E+09
  1505.000 5.846E+09
  1505.250 5.880E+09
  1505.500 5.881E+09
  1505.750 5.767E+09
  1506.000 5.819E+09
  1506.250 5.986E+09
  1506.500 6.077E+09
  1506.750 6.037E+09
  1507.000 5.943E+09
  1507.250 5.991E+09
  1507.500 6.028E+09
  1507.750 6.041E+09
  1508.000 6.070E+09
  1508.250 6.089E+09
  1508.500 6.079E+09
  1508.750 5.982E+09
  1509.000 5.887E+09
  1509.250 5.916E+09
  1509.500 5.969E+09
  1509.750 6.003E+09
  1510.000 6.021E+09
  1510.250 6.030E+09
  1510.500 6.030E+09
  1510.750 6.006E+09
  1511.000 5.886E+09
  1511.250 5.764E+09
  1511.500 5.806E+09
  1511.750 5.900E+09
  1512.000 5.875E+09
  1512.250 5.769E+09
  1512.500 5.610E+09
  1512.750 5.337E+09
  1513.000 5.378E+09
  1513.250 5.594E+09
  1513.500 5.664E+09
  1513.750 5.809E+09
  1514.000 5.956E+09
  1514.250 5.976E+09
  1514.500 5.906E+09
  1514.750 5.795E+09
  1515.000 5.755E+09
  1515.250 5.857E+09
  1515.500 5.879E+09
  1515.750 5.890E+09
  1516.000 5.799E+09
  1516.250 5.704E+09
  1516.500 5.514E+09
  1516.750 5.556E+09
  1517.000 5.854E+09
  1517.250 5.955E+09
  1517.500 5.899E+09
  1517.750 5.771E+09
  1518.000 5.836E+09
  1518.250 5.942E+09
  1518.500 5.931E+09
  1518.750 5.850E+09
  1519.000 5.830E+09
  1519.250 5.881E+09
  1519.500 5.831E+09
  1519.750 5.829E+09
  1520.000 5.907E+09
  1520.250 5.869E+09
  1520.500 5.677E+09
  1520.750 5.642E+09
  1521.000 5.798E+09
  1521.250 5.830E+09
  1521.500 5.737E+09
  1521.750 5.756E+09
  1522.000 5.870E+09
  1522.250 5.910E+09
  1522.500 5.910E+09
  1522.750 5.904E+09
  1523.000 5.910E+09
  1523.250 5.886E+09
  1523.500 5.814E+09
  1523.750 5.591E+09
  1524.000 5.450E+09
  1524.250 5.608E+09
  1524.500 5.698E+09
  1524.750 5.668E+09
  1525.000 5.474E+09
  1525.250 5.322E+09
  1525.500 5.445E+09
  1525.750 5.497E+09
  1526.000 5.357E+09
  1526.250 5.387E+09
  1526.500 5.334E+09
  1526.750 5.332E+09
  1527.000 5.479E+09
  1527.250 5.523E+09
  1527.500 5.478E+09
  1527.750 5.329E+09
  1528.000 5.350E+09
  1528.250 5.525E+09
  1528.500 5.660E+09
  1528.750 5.738E+09
  1529.000 5.783E+09
  1529.250 5.806E+09
  1529.500 5.734E+09
  1529.750 5.452E+09
  1530.000 4.974E+09
  1530.250 4.920E+09
  1530.500 5.423E+09
  1530.750 5.698E+09
  1531.000 5.511E+09
  1531.250 5.160E+09
  1531.500 4.940E+09
  1531.750 4.611E+09
  1532.000 4.807E+09
  1532.250 5.171E+09
  1532.500 4.971E+09
  1532.750 4.753E+09
  1533.000 4.625E+09
  1533.250 4.564E+09
  1533.500 4.867E+09
  1533.750 4.859E+09
  1534.000 4.879E+09
  1534.250 5.384E+09
  1534.500 5.463E+09
  1534.750 5.343E+09
  1535.000 5.482E+09
  1535.250 5.488E+09
  1535.500 5.301E+09
  1535.750 5.329E+09
  1536.000 5.536E+09
  1536.250 5.452E+09
  1536.500 5.156E+09
  1536.750 5.241E+09
  1537.000 5.444E+09
  1537.250 5.446E+09
  1537.500 5.552E+09
  1537.750 5.573E+09
  1538.000 5.343E+09
  1538.250 5.089E+09
  1538.500 5.175E+09
  1538.750 5.207E+09
  1539.000 5.139E+09
  1539.250 5.182E+09
  1539.500 5.314E+09
  1539.750 5.440E+09
  1540.000 5.395E+09
  1540.250 5.204E+09
  1540.500 5.126E+09
  1540.750 5.190E+09
  1541.000 5.105E+09
  1541.250 5.140E+09
  1541.500 5.286E+09
  1541.750 5.223E+09
  1542.000 4.950E+09
  1542.250 4.820E+09
  1542.500 4.822E+09
  1542.750 4.750E+09
  1543.000 4.949E+09
  1543.250 4.887E+09
  1543.500 4.783E+09
  1543.750 4.924E+09
  1544.000 4.965E+09
  1544.250 4.822E+09
  1544.500 4.634E+09
  1544.750 4.700E+09
  1545.000 4.771E+09
  1545.250 4.608E+09
  1545.500 4.522E+09
  1545.750 4.563E+09
  1546.000 4.422E+09
  1546.250 4.135E+09
  1546.500 4.004E+09
  1546.750 3.979E+09
  1547.000 3.830E+09
  1547.250 3.595E+09
  1547.500 3.281E+09
  1547.750 2.886E+09
  1548.000 2.412E+09
  1548.250 2.237E+09
  1548.500 2.615E+09
  1548.750 3.057E+09
  1549.000 3.365E+09
  1549.250 3.580E+09
  1549.500 3.685E+09
  1549.750 3.642E+09
  1550.000 3.453E+09
  1550.250 3.163E+09
  1550.500 2.701E+09
  1550.750 2.337E+09
  1551.000 2.628E+09
  1551.250 3.185E+09
  1551.500 3.595E+09
  1551.750 3.844E+09
  1552.000 3.944E+09
  1552.250 4.026E+09
  1552.500 4.177E+09
  1552.750 4.333E+09
  1553.000 4.390E+09
  1553.250 4.356E+09
  1553.500 4.585E+09
  1553.750 4.804E+09
  1554.000 4.824E+09
  1554.250 4.854E+09
  1554.500 4.863E+09
  1554.750 4.753E+09
  1555.000 4.814E+09
  1555.250 5.010E+09
  1555.500 5.031E+09
  1555.750 4.840E+09
  1556.000 4.678E+09
  1556.250 4.781E+09
  1556.500 4.896E+09
  1556.750 5.012E+09
  1557.000 4.920E+09
  1557.250 4.692E+09
  1557.500 4.816E+09
  1557.750 5.111E+09
  1558.000 5.184E+09
  1558.250 5.144E+09
  1558.500 5.088E+09
  1558.750 5.003E+09
  1559.000 4.862E+09
  1559.250 4.828E+09
  1559.500 5.074E+09
  1559.750 5.156E+09
  1560.000 4.937E+09
  1560.250 4.672E+09
  1560.500 4.784E+09
  1560.750 5.058E+09
  1561.000 5.073E+09
  1561.250 4.883E+09
  1561.500 5.086E+09
  1561.750 5.332E+09
  1562.000 5.272E+09
  1562.250 4.945E+09
  1562.500 4.722E+09
  1562.750 4.791E+09
  1563.000 4.905E+09
  1563.250 4.895E+09
  1563.500 4.972E+09
  1563.750 5.138E+09
  1564.000 5.198E+09
  1564.250 4.981E+09
  1564.500 4.803E+09
  1564.750 4.854E+09
  1565.000 5.174E+09
  1565.250 5.327E+09
  1565.500 5.236E+09
  1565.750 5.092E+09
  1566.000 4.974E+09
  1566.250 4.565E+09
  1566.500 4.278E+09
  1566.750 4.561E+09
  1567.000 4.958E+09
  1567.250 5.216E+09
  1567.500 5.312E+09
  1567.750 5.234E+09
  1568.000 4.992E+09
  1568.250 4.760E+09
  1568.500 4.833E+09
  1568.750 4.899E+09
  1569.000 4.922E+09
  1569.250 4.883E+09
  1569.500 5.097E+09
  1569.750 5.215E+09
  1570.000 4.988E+09
  1570.250 4.732E+09
  1570.500 4.899E+09
  1570.750 5.183E+09
  1571.000 5.101E+09
  1571.250 4.936E+09
  1571.500 5.122E+09
  1571.750 5.258E+09
  1572.000 5.269E+09
  1572.250 5.273E+09
  1572.500 5.211E+09
  1572.750 5.018E+09
  1573.000 5.024E+09
  1573.250 5.216E+09
  1573.500 5.222E+09
  1573.750 5.117E+09
  1574.000 5.161E+09
  1574.250 5.194E+09
  1574.500 4.999E+09
  1574.750 4.825E+09
  1575.000 4.724E+09
  1575.250 4.521E+09
  1575.500 4.518E+09
  1575.750 4.738E+09
  1576.000 4.856E+09
  1576.250 4.469E+09
  1576.500 4.133E+09
  1576.750 4.440E+09
  1577.000 4.413E+09
  1577.250 4.016E+09
  1577.500 4.109E+09
  1577.750 4.051E+09
  1578.000 4.146E+09
  1578.250 4.716E+09
  1578.500 4.862E+09
  1578.750 4.802E+09
  1579.000 4.983E+09
  1579.250 5.049E+09
  1579.500 5.074E+09
  1579.750 5.075E+09
  1580.000 4.987E+09
  1580.250 4.902E+09
  1580.500 5.004E+09
  1580.750 4.995E+09
  1581.000 4.910E+09
  1581.250 4.905E+09
  1581.500 4.961E+09
  1581.750 5.051E+09
  1582.000 5.092E+09
  1582.250 4.952E+09
  1582.500 4.926E+09
  1582.750 5.017E+09
  1583.000 5.000E+09
  1583.250 4.959E+09
  1583.500 4.815E+09
  1583.750 4.691E+09
  1584.000 4.732E+09
  1584.250 4.837E+09
  1584.500 4.874E+09
  1584.750 4.845E+09
  1585.000 4.660E+09
  1585.250 4.662E+09
  1585.500 4.816E+09
  1585.750 4.728E+09
  1586.000 4.739E+09
  1586.250 4.929E+09
  1586.500 5.071E+09
  1586.750 5.125E+09
  1587.000 5.090E+09
  1587.250 4.877E+09
  1587.500 4.680E+09
  1587.750 4.774E+09
  1588.000 4.872E+09
  1588.250 4.998E+09
  1588.500 5.054E+09
  1588.750 4.959E+09
  1589.000 4.858E+09
  1589.250 4.880E+09
  1589.500 4.930E+09
  1589.750 4.847E+09
  1590.000 4.578E+09
  1590.250 4.557E+09
  1590.500 4.554E+09
  1590.750 4.480E+09
  1591.000 4.446E+09
  1591.250 4.149E+09
  1591.500 3.894E+09
  1591.750 3.983E+09
  1592.000 4.161E+09
  1592.250 4.607E+09
  1592.500 4.910E+09
  1592.750 4.971E+09
  1593.000 4.894E+09
  1593.250 4.786E+09
  1593.500 4.841E+09
  1593.750 4.924E+09
  1594.000 4.961E+09
  1594.250 4.998E+09
  1594.500 4.925E+09
  1594.750 4.767E+09
  1595.000 4.770E+09
  1595.250 4.926E+09
  1595.500 4.904E+09
  1595.750 4.814E+09
  1596.000 4.907E+09
  1596.250 4.987E+09
  1596.500 4.948E+09
  1596.750 4.941E+09
  1597.000 4.993E+09
  1597.250 4.976E+09
  1597.500 4.936E+09
  1597.750 4.799E+09
  1598.000 4.626E+09
  1598.250 4.697E+09
  1598.500 4.765E+09
  1598.750 4.871E+09
  1599.000 4.974E+09
  1599.250 5.009E+09
  1599.500 5.009E+09
  1599.750 5.003E+09
  1600.000 4.967E+09
  1600.250 4.758E+09
  1600.500 4.475E+09
  1600.750 4.640E+09
  1601.000 4.737E+09
  1601.250 4.509E+09
  1601.500 4.294E+09
  1601.750 4.051E+09
  1602.000 4.168E+09
  1602.250 4.645E+09
  1602.500 4.933E+09
  1602.750 4.930E+09
  1603.000 4.712E+09
  1603.250 4.588E+09
  1603.500 4.640E+09
  1603.750 4.609E+09
  1604.000 4.774E+09
  1604.250 4.823E+09
  1604.500 4.610E+09
  1604.750 4.212E+09
  1605.000 4.255E+09
  1605.250 4.666E+09
  1605.500 4.611E+09
  1605.750 4.239E+09
  1606.000 4.280E+09
  1606.250 4.556E+09
  1606.500 4.671E+09
  1606.750 4.711E+09
  1607.000 4.750E+09
  1607.250 4.778E+09
  1607.500 4.636E+09
  1607.750 4.551E+09
  1608.000 4.709E+09
  1608.250 4.818E+09
  1608.500 4.814E+09
  1608.750 4.538E+09
  1609.000 4.095E+09
  1609.250 4.297E+09
  1609.500 4.559E+09
  1609.750 4.099E+09
  1610.000 3.772E+09
  1610.250 3.999E+09
  1610.500 4.235E+09
  1610.750 4.380E+09
  1611.000 4.296E+09
  1611.250 4.399E+09
  1611.500 4.501E+09
  1611.750 4.086E+09
  1612.000 3.993E+09
  1612.250 4.376E+09
  1612.500 4.383E+09
  1612.750 4.397E+09
  1613.000 4.653E+09
  1613.250 4.724E+09
  1613.500 4.649E+09
  1613.750 4.459E+09
  1614.000 4.254E+09
  1614.250 4.478E+09
  1614.500 4.633E+09
  1614.750 4.609E+09
  1615.000 4.505E+09
  1615.250 4.324E+09
  1615.500 4.323E+09
  1615.750 4.490E+09
  1616.000 4.637E+09
  1616.250 4.642E+09
  1616.500 4.504E+09
  1616.750 4.423E+09
  1617.000 4.657E+09
  1617.250 4.737E+09
  1617.500 4.567E+09
  1617.750 4.478E+09
  1618.000 4.670E+09
  1618.250 4.694E+09
  1618.500 4.553E+09
  1618.750 4.568E+09
  1619.000 4.617E+09
  1619.250 4.602E+09
  1619.500 4.517E+09
  1619.750 4.123E+09
  1620.000 3.432E+09
  1620.250 3.076E+09
  1620.500 3.068E+09
  1620.750 3.224E+09
  1621.000 3.598E+09
  1621.250 3.985E+09
  1621.500 4.208E+09
  1621.750 4.438E+09
  1622.000 4.641E+09
  1622.250 4.630E+09
  1622.500 4.634E+09
  1622.750 4.660E+09
  1623.000 4.557E+09
  1623.250 4.182E+09
  1623.500 3.804E+09
  1623.750 3.804E+09
  1624.000 3.851E+09
  1624.250 4.208E+09
  1624.500 4.499E+09
  1624.750 4.419E+09
  1625.000 4.349E+09
  1625.250 4.510E+09
  1625.500 4.633E+09
  1625.750 4.654E+09
  1626.000 4.532E+09
  1626.250 4.210E+09
  1626.500 4.128E+09
  1626.750 4.224E+09
  1627.000 4.158E+09
  1627.250 4.095E+09
  1627.500 4.266E+09
  1627.750 4.561E+09
  1628.000 4.579E+09
  1628.250 4.444E+09
  1628.500 4.350E+09
  1628.750 4.276E+09
  1629.000 3.873E+09
  1629.250 3.729E+09
  1629.500 4.254E+09
  1629.750 4.501E+09
  1630.000 4.229E+09
  1630.250 3.983E+09
  1630.500 4.101E+09
  1630.750 4.149E+09
  1631.000 4.059E+09
  1631.250 4.135E+09
  1631.500 4.157E+09
  1631.750 4.160E+09
  1632.000 4.146E+09
  1632.250 4.011E+09
  1632.500 4.126E+09
  1632.750 4.405E+09
  1633.000 4.445E+09
  1633.250 4.466E+09
  1633.500 4.478E+09
  1633.750 4.333E+09
  1634.000 4.215E+09
  1634.250 4.143E+09
  1634.500 3.885E+09
  1634.750 3.900E+09
  1635.000 4.202E+09
  1635.250 4.270E+09
  1635.500 4.229E+09
  1635.750 4.221E+09
  1636.000 4.283E+09
  1636.250 4.345E+09
  1636.500 4.339E+09
  1636.750 4.303E+09
  1637.000 4.232E+09
  1637.250 4.208E+09
  1637.500 4.208E+09
  1637.750 4.153E+09
  1638.000 4.023E+09
  1638.250 3.898E+09
  1638.500 3.901E+09
  1638.750 3.914E+09
  1639.000 3.814E+09
  1639.250 3.598E+09
  1639.500 3.418E+09
  1639.750 3.236E+09
  1640.000 2.769E+09
  1640.250 2.279E+09
  1640.500 2.245E+09
  1640.750 2.699E+09
  1641.000 3.175E+09
  1641.250 3.450E+09
  1641.500 3.549E+09
  1641.750 3.539E+09
  1642.000 3.624E+09
  1642.250 3.811E+09
  1642.500 3.900E+09
  1642.750 3.825E+09
  1643.000 3.933E+09
  1643.250 4.121E+09
  1643.500 4.191E+09
  1643.750 4.223E+09
  1644.000 4.241E+09
  1644.250 4.259E+09
  1644.500 4.207E+09
  1644.750 3.912E+09
  1645.000 3.558E+09
  1645.250 3.801E+09
  1645.500 4.191E+09
  1645.750 4.315E+09
  1646.000 4.349E+09
  1646.250 4.378E+09
  1646.500 4.392E+09
  1646.750 4.314E+09
  1647.000 4.090E+09
  1647.250 4.136E+09
  1647.500 4.355E+09
  1647.750 4.421E+09
  1648.000 4.433E+09
  1648.250 4.436E+09
  1648.500 4.421E+09
  1648.750 4.344E+09
  1649.000 4.252E+09
  1649.250 4.290E+09
  1649.500 4.385E+09
  1649.750 4.362E+09
  1650.000 4.300E+09
  1650.250 4.347E+09
  1650.500 4.352E+09
  1650.750 4.347E+09
  1651.000 4.423E+09
  1651.250 4.379E+09
  1651.500 4.183E+09
  1651.750 4.238E+09
  1652.000 4.405E+09
  1652.250 4.451E+09
  1652.500 4.409E+09
  1652.750 4.186E+09
  1653.000 4.047E+09
  1653.250 4.033E+09
  1653.500 4.039E+09
  1653.750 4.196E+09
  1654.000 4.285E+09
  1654.250 4.332E+09
  1654.500 4.381E+09
  1654.750 4.406E+09
  1655.000 4.438E+09
  1655.250 4.455E+09
  1655.500 4.441E+09
  1655.750 4.362E+09
  1656.000 4.141E+09
  1656.250 4.083E+09
  1656.500 4.077E+09
  1656.750 4.091E+09
  1657.000 4.210E+09
  1657.250 4.177E+09
  1657.500 4.149E+09
  1657.750 4.058E+09
  1658.000 4.022E+09
  1658.250 3.977E+09
  1658.500 4.082E+09
  1658.750 4.251E+09
  1659.000 4.232E+09
  1659.250 4.302E+09
  1659.500 4.380E+09
  1659.750 4.325E+09
  1660.000 4.113E+09
  1660.250 4.120E+09
  1660.500 4.279E+09
  1660.750 4.312E+09
  1661.000 4.238E+09
  1661.250 4.148E+09
  1661.500 4.085E+09
  1661.750 4.165E+09
  1662.000 4.219E+09
  1662.250 3.958E+09
  1662.500 3.875E+09
  1662.750 4.175E+09
  1663.000 4.337E+09
  1663.250 4.264E+09
  1663.500 4.108E+09
  1663.750 4.200E+09
  1664.000 4.312E+09
  1664.250 4.239E+09
  1664.500 4.133E+09
  1664.750 4.103E+09
  1665.000 4.163E+09
  1665.250 4.284E+09
  1665.500 4.339E+09
  1665.750 4.354E+09
  1666.000 4.339E+09
  1666.250 4.225E+09
  1666.500 4.057E+09
  1666.750 4.114E+09
  1667.000 4.194E+09
  1667.250 4.281E+09
  1667.500 4.276E+09
  1667.750 4.131E+09
  1668.000 3.957E+09
  1668.250 3.971E+09
  1668.500 4.143E+09
  1668.750 4.259E+09
  1669.000 4.281E+09
  1669.250 4.228E+09
  1669.500 4.056E+09
  1669.750 3.972E+09
  1670.000 4.126E+09
  1670.250 4.239E+09
  1670.500 4.134E+09
  1670.750 3.919E+09
  1671.000 3.895E+09
  1671.250 4.105E+09
  1671.500 4.242E+09
  1671.750 4.142E+09
  1672.000 3.975E+09
  1672.250 3.837E+09
  1672.500 3.793E+09
  1672.750 3.799E+09
  1673.000 3.877E+09
  1673.250 3.974E+09
  1673.500 3.911E+09
  1673.750 3.956E+09
  1674.000 4.188E+09
  1674.250 4.286E+09
  1674.500 4.294E+09
  1674.750 4.292E+09
  1675.000 4.282E+09
  1675.250 4.205E+09
  1675.500 3.983E+09
  1675.750 3.954E+09
  1676.000 4.169E+09
  1676.250 4.181E+09
  1676.500 4.042E+09
  1676.750 3.959E+09
  1677.000 3.972E+09
  1677.250 4.082E+09
  1677.500 4.217E+09
  1677.750 4.251E+09
  1678.000 4.252E+09
  1678.250 4.250E+09
  1678.500 4.246E+09
  1678.750 4.212E+09
  1679.000 4.093E+09
  1679.250 4.054E+09
  1679.500 4.171E+09
  1679.750 4.234E+09
  1680.000 4.242E+09
  1680.250 4.239E+09
  1680.500 4.231E+09
  1680.750 4.219E+09
  1681.000 4.142E+09
  1681.250 4.000E+09
  1681.500 3.989E+09
  1681.750 3.917E+09
  1682.000 3.913E+09
  1682.250 4.097E+09
  1682.500 4.194E+09
  1682.750 4.208E+09
  1683.000 4.200E+09
  1683.250 4.200E+09
  1683.500 4.203E+09
  1683.750 4.190E+09
  1684.000 4.183E+09
  1684.250 4.186E+09
  1684.500 4.196E+09
  1684.750 4.201E+09
  1685.000 4.201E+09
  1685.250 4.199E+09
  1685.500 4.174E+09
  1685.750 4.115E+09
  1686.000 4.107E+09
  1686.250 4.099E+09
  1686.500 3.880E+09
  1686.750 3.708E+09
  1687.000 3.890E+09
  1687.250 3.870E+09
  1687.500 3.573E+09
  1687.750 3.598E+09
  1688.000 3.951E+09
  1688.250 4.141E+09
  1688.500 4.170E+09
  1688.750 4.166E+09
  1689.000 4.158E+09
  1689.250 4.133E+09
  1689.500 4.047E+09
  1689.750 3.927E+09
  1690.000 3.771E+09
  1690.250 3.706E+09
  1690.500 3.758E+09
  1690.750 3.881E+09
  1691.000 4.049E+09
  1691.250 4.129E+09
  1691.500 4.126E+09
  1691.750 4.080E+09
  1692.000 3.953E+09
  1692.250 3.890E+09
  1692.500 3.939E+09
  1692.750 4.000E+09
  1693.000 4.042E+09
  1693.250 4.071E+09
  1693.500 4.109E+09
  1693.750 4.084E+09
  1694.000 4.037E+09
  1694.250 4.019E+09
  1694.500 3.943E+09
  1694.750 3.969E+09
  1695.000 4.049E+09
  1695.250 4.069E+09
  1695.500 4.005E+09
  1695.750 3.905E+09
  1696.000 3.988E+09
  1696.250 4.078E+09
  1696.500 4.086E+09
  1696.750 4.055E+09
  1697.000 4.052E+09
  1697.250 4.068E+09
  1697.500 4.055E+09
  1697.750 4.051E+09
  1698.000 4.023E+09
  1698.250 3.981E+09
  1698.500 3.926E+09
  1698.750 3.739E+09
  1699.000 3.743E+09
  1699.250 3.948E+09
  1699.500 4.016E+09
  1699.750 4.033E+09
  1700.000 4.019E+09
  1700.250 3.843E+09
  1700.500 3.706E+09
  1700.750 3.675E+09
  1701.000 3.704E+09
  1701.250 3.826E+09
  1701.500 3.859E+09
  1701.750 3.967E+09
  1702.000 4.043E+09
  1702.250 4.046E+09
  1702.500 4.017E+09
  1702.750 3.987E+09
  1703.000 4.013E+09
  1703.250 4.005E+09
  1703.500 3.914E+09
  1703.750 3.925E+09
  1704.000 3.992E+09
  1704.250 4.003E+09
  1704.500 3.991E+09
  1704.750 3.874E+09
  1705.000 3.821E+09
  1705.250 3.954E+09
  1705.500 4.002E+09
  1705.750 3.994E+09
  1706.000 3.996E+09
  1706.250 3.957E+09
  1706.500 3.868E+09
  1706.750 3.887E+09
  1707.000 3.825E+09
  1707.250 3.565E+09
  1707.500 3.660E+09
  1707.750 3.928E+09
  1708.000 3.996E+09
  1708.250 3.951E+09
  1708.500 3.840E+09
  1708.750 3.880E+09
  1709.000 3.979E+09
  1709.250 3.988E+09
  1709.500 3.873E+09
  1709.750 3.634E+09
  1710.000 3.706E+09
  1710.250 3.907E+09
  1710.500 3.952E+09
  1710.750 3.923E+09
  1711.000 3.853E+09
  1711.250 3.704E+09
  1711.500 3.670E+09
  1711.750 3.873E+09
  1712.000 3.962E+09
  1712.250 3.952E+09
  1712.500 3.815E+09
  1712.750 3.650E+09
  1713.000 3.797E+09
  1713.250 3.940E+09
  1713.500 3.948E+09
  1713.750 3.923E+09
  1714.000 3.893E+09
  1714.250 3.892E+09
  1714.500 3.915E+09
  1714.750 3.887E+09
  1715.000 3.816E+09
  1715.250 3.809E+09
  1715.500 3.866E+09
  1715.750 3.890E+09
  1716.000 3.885E+09
  1716.250 3.860E+09
  1716.500 3.808E+09
  1716.750 3.770E+09
  1717.000 3.684E+09
  1717.250 3.703E+09
  1717.500 3.772E+09
  1717.750 3.568E+09
  1718.000 3.278E+09
  1718.250 3.031E+09
  1718.500 2.816E+09
  1718.750 3.181E+09
  1719.000 3.639E+09
  1719.250 3.676E+09
  1719.500 3.620E+09
  1719.750 3.768E+09
  1720.000 3.849E+09
  1720.250 3.791E+09
  1720.500 3.690E+09
  1720.750 3.741E+09
  1721.000 3.822E+09
  1721.250 3.798E+09
  1721.500 3.701E+09
  1721.750 3.676E+09
  1722.000 3.657E+09
  1722.250 3.310E+09
  1722.500 2.847E+09
  1722.750 3.008E+09
  1723.000 3.515E+09
  1723.250 3.757E+09
  1723.500 3.761E+09
  1723.750 3.628E+09
  1724.000 3.370E+09
  1724.250 3.384E+09
  1724.500 3.594E+09
  1724.750 3.685E+09
  1725.000 3.741E+09
  1725.250 3.636E+09
  1725.500 3.367E+09
  1725.750 3.423E+09
  1726.000 3.703E+09
  1726.250 3.758E+09
  1726.500 3.685E+09
  1726.750 3.670E+09
  1727.000 3.560E+09
  1727.250 3.210E+09
  1727.500 3.218E+09
  1727.750 3.591E+09
  1728.000 3.727E+09
  1728.250 3.696E+09
  1728.500 3.732E+09
  1728.750 3.776E+09
  1729.000 3.782E+09
  1729.250 3.708E+09
  1729.500 3.570E+09
  1729.750 3.405E+09
  1730.000 3.336E+09
  1730.250 3.408E+09
  1730.500 3.573E+09
  1730.750 3.702E+09
  1731.000 3.678E+09
  1731.250 3.606E+09
  1731.500 3.667E+09
  1731.750 3.737E+09
  1732.000 3.751E+09
  1732.250 3.770E+09
  1732.500 3.727E+09
  1732.750 3.569E+09
  1733.000 3.532E+09
  1733.250 3.686E+09
  1733.500 3.776E+09
  1733.750 3.760E+09
  1734.000 3.734E+09
  1734.250 3.748E+09
  1734.500 3.747E+09
  1734.750 3.731E+09
  1735.000 3.762E+09
  1735.250 3.777E+09
  1735.500 3.728E+09
  1735.750 3.676E+09
  1736.000 3.693E+09
  1736.250 3.657E+09
  1736.500 3.677E+09
  1736.750 3.755E+09
  1737.000 3.741E+09
  1737.250 3.657E+09
  1737.500 3.656E+09
  1737.750 3.719E+09
  1738.000 3.740E+09
  1738.250 3.704E+09
  1738.500 3.645E+09
  1738.750 3.556E+09
  1739.000 3.489E+09
  1739.250 3.576E+09
  1739.500 3.704E+09
  1739.750 3.740E+09
  1740.000 3.737E+09
  1740.250 3.733E+09
  1740.500 3.707E+09
  1740.750 3.659E+09
  1741.000 3.655E+09
  1741.250 3.678E+09
  1741.500 3.663E+09
  1741.750 3.623E+09
  1742.000 3.563E+09
  1742.250 3.566E+09
  1742.500 3.659E+09
  1742.750 3.677E+09
  1743.000 3.645E+09
  1743.250 3.666E+09
  1743.500 3.683E+09
  1743.750 3.713E+09
  1744.000 3.718E+09
  1744.250 3.710E+09
  1744.500 3.715E+09
  1744.750 3.706E+09
  1745.000 3.624E+09
  1745.250 3.445E+09
  1745.500 3.418E+09
  1745.750 3.589E+09
  1746.000 3.688E+09
  1746.250 3.706E+09
  1746.500 3.695E+09
  1746.750 3.656E+09
  1747.000 3.611E+09
  1747.250 3.609E+09
  1747.500 3.482E+09
  1747.750 3.144E+09
  1748.000 3.190E+09
  1748.250 3.501E+09
  1748.500 3.642E+09
  1748.750 3.669E+09
  1749.000 3.664E+09
  1749.250 3.658E+09
  1749.500 3.645E+09
  1749.750 3.663E+09
  1750.000 3.676E+09
  1750.250 3.652E+09
  1750.500 3.592E+09
  1750.750 3.557E+09
  1751.000 3.384E+09
  1751.250 3.085E+09
  1751.500 2.911E+09
  1751.750 2.976E+09
  1752.000 3.404E+09
  1752.250 3.602E+09
  1752.500 3.618E+09
  1752.750 3.573E+09
  1753.000 3.458E+09
  1753.250 3.472E+09
  1753.500 3.495E+09
  1753.750 3.458E+09
  1754.000 3.527E+09
  1754.250 3.612E+09
  1754.500 3.586E+09
  1754.750 3.586E+09
  1755.000 3.633E+09
  1755.250 3.634E+09
  1755.500 3.581E+09
  1755.750 3.572E+09
  1756.000 3.624E+09
  1756.250 3.642E+09
  1756.500 3.640E+09
  1756.750 3.634E+09
  1757.000 3.630E+09
  1757.250 3.632E+09
  1757.500 3.627E+09
  1757.750 3.594E+09
  1758.000 3.562E+09
  1758.250 3.556E+09
  1758.500 3.503E+09
  1758.750 3.524E+09
  1759.000 3.586E+09
  1759.250 3.605E+09
  1759.500 3.587E+09
  1759.750 3.562E+09
  1760.000 3.578E+09
  1760.250 3.536E+09
  1760.500 3.430E+09
  1760.750 3.404E+09
  1761.000 3.320E+09
  1761.250 3.339E+09
  1761.500 3.510E+09
  1761.750 3.584E+09
  1762.000 3.585E+09
  1762.250 3.574E+09
  1762.500 3.568E+09
  1762.750 3.519E+09
  1763.000 3.469E+09
  1763.250 3.522E+09
  1763.500 3.566E+09
  1763.750 3.567E+09
  1764.000 3.556E+09
  1764.250 3.483E+09
  1764.500 3.282E+09
  1764.750 3.151E+09
  1765.000 3.285E+09
  1765.250 3.484E+09
  1765.500 3.552E+09
  1765.750 3.564E+09
  1766.000 3.550E+09
  1766.250 3.493E+09
  1766.500 3.460E+09
  1766.750 3.505E+09
  1767.000 3.500E+09
  1767.250 3.474E+09
  1767.500 3.501E+09
  1767.750 3.521E+09
  1768.000 3.522E+09
  1768.250 3.541E+09
  1768.500 3.539E+09
  1768.750 3.506E+09
  1769.000 3.461E+09
  1769.250 3.465E+09
  1769.500 3.433E+09
  1769.750 3.436E+09
  1770.000 3.483E+09
  1770.250 3.456E+09
  1770.500 3.445E+09
  1770.750 3.487E+09
  1771.000 3.519E+09
  1771.250 3.516E+09
  1771.500 3.513E+09
  1771.750 3.511E+09
  1772.000 3.476E+09
  1772.250 3.415E+09
  1772.500 3.425E+09
  1772.750 3.461E+09
  1773.000 3.393E+09
  1773.250 3.369E+09
  1773.500 3.426E+09
  1773.750 3.459E+09
  1774.000 3.492E+09
  1774.250 3.509E+09
  1774.500 3.489E+09
  1774.750 3.450E+09
  1775.000 3.466E+09
  1775.250 3.489E+09
  1775.500 3.482E+09
  1775.750 3.434E+09
  1776.000 3.381E+09
  1776.250 3.419E+09
  1776.500 3.462E+09
  1776.750 3.451E+09
  1777.000 3.434E+09
  1777.250 3.458E+09
  1777.500 3.441E+09
  1777.750 3.370E+09
  1778.000 3.392E+09
  1778.250 3.424E+09
  1778.500 3.306E+09
  1778.750 3.094E+09
  1779.000 3.004E+09
  1779.250 3.163E+09
  1779.500 3.378E+09
  1779.750 3.448E+09
  1780.000 3.455E+09
  1780.250 3.452E+09
  1780.500 3.389E+09
  1780.750 3.328E+09
  1781.000 3.377E+09
  1781.250 3.428E+09
  1781.500 3.450E+09
  1781.750 3.418E+09
  1782.000 3.356E+09
  1782.250 3.336E+09
  1782.500 3.384E+09
  1782.750 3.350E+09
  1783.000 3.191E+09
  1783.250 3.218E+09
  1783.500 3.386E+09
  1783.750 3.440E+09
  1784.000 3.442E+09
  1784.250 3.424E+09
  1784.500 3.371E+09
  1784.750 3.362E+09
  1785.000 3.400E+09
  1785.250 3.402E+09
  1785.500 3.400E+09
  1785.750 3.403E+09
  1786.000 3.375E+09
  1786.250 3.337E+09
  1786.500 3.292E+09
  1786.750 3.348E+09
  1787.000 3.392E+09
  1787.250 3.382E+09
  1787.500 3.382E+09
  1787.750 3.386E+09
  1788.000 3.372E+09
  1788.250 3.308E+09
  1788.500 3.268E+09
  1788.750 3.308E+09
  1789.000 3.380E+09
  1789.250 3.409E+09
  1789.500 3.413E+09
  1789.750 3.410E+09
  1790.000 3.395E+09
  1790.250 3.329E+09
  1790.500 3.259E+09
  1790.750 3.271E+09
  1791.000 3.318E+09
  1791.250 3.351E+09
  1791.500 3.347E+09
  1791.750 3.299E+09
  1792.000 3.209E+09
  1792.250 3.235E+09
  1792.500 3.348E+09
  1792.750 3.356E+09
  1793.000 3.289E+09
  1793.250 3.286E+09
  1793.500 3.307E+09
  1793.750 3.224E+09
  1794.000 3.237E+09
  1794.250 3.336E+09
  1794.500 3.348E+09
  1794.750 3.328E+09
  1795.000 3.343E+09
  1795.250 3.359E+09
  1795.500 3.329E+09
  1795.750 3.280E+09
  1796.000 3.281E+09
  1796.250 3.306E+09
  1796.500 3.322E+09
  1796.750 3.243E+09
  1797.000 3.183E+09
  1797.250 3.277E+09
  1797.500 3.326E+09
  1797.750 3.339E+09
  1798.000 3.332E+09
  1798.250 3.262E+09
  1798.500 3.177E+09
  1798.750 3.235E+09
  1799.000 3.312E+09
  1799.250 3.323E+09
  1799.500 3.309E+09
  1799.750 3.322E+09
  1800.000 3.326E+09
  1800.250 3.316E+09
  1800.500 3.312E+09
  1800.750 3.305E+09
  1801.000 3.296E+09
  1801.250 3.256E+09
  1801.500 3.217E+09
  1801.750 3.255E+09
  1802.000 3.294E+09
  1802.250 3.311E+09
  1802.500 3.285E+09
  1802.750 3.254E+09
  1803.000 3.282E+09
  1803.250 3.305E+09
  1803.500 3.311E+09
  1803.750 3.313E+09
  1804.000 3.290E+09
  1804.250 3.180E+09
  1804.500 3.092E+09
  1804.750 3.194E+09
  1805.000 3.244E+09
  1805.250 3.160E+09
  1805.500 3.075E+09
  1805.750 3.095E+09
  1806.000 3.213E+09
  1806.250 3.269E+09
  1806.500 3.267E+09
  1806.750 3.269E+09
  1807.000 3.273E+09
  1807.250 3.240E+09
  1807.500 3.185E+09
  1807.750 3.195E+09
  1808.000 3.250E+09
  1808.250 3.262E+09
  1808.500 3.248E+09
  1808.750 3.251E+09
  1809.000 3.260E+09
  1809.250 3.195E+09
  1809.500 3.146E+09
  1809.750 3.180E+09
  1810.000 3.134E+09
  1810.250 3.154E+09
  1810.500 3.205E+09
  1810.750 3.241E+09
  1811.000 3.217E+09
  1811.250 3.159E+09
  1811.500 3.186E+09
  1811.750 3.215E+09
  1812.000 3.192E+09
  1812.250 3.107E+09
  1812.500 3.080E+09
  1812.750 3.157E+09
  1813.000 3.223E+09
  1813.250 3.246E+09
  1813.500 3.253E+09
  1813.750 3.254E+09
  1814.000 3.255E+09
  1814.250 3.256E+09
  1814.500 3.255E+09
  1814.750 3.243E+09
  1815.000 3.212E+09
  1815.250 3.200E+09
  1815.500 3.221E+09
  1815.750 3.222E+09
  1816.000 3.212E+09
  1816.250 3.215E+09
  1816.500 3.207E+09
  1816.750 3.209E+09
  1817.000 3.212E+09
  1817.250 3.165E+09
  1817.500 3.151E+09
  1817.750 3.201E+09
  1818.000 3.229E+09
  1818.250 3.230E+09
  1818.500 3.225E+09
  1818.750 3.217E+09
  1819.000 3.174E+09
  1819.250 3.124E+09
  1819.500 3.156E+09
  1819.750 3.151E+09
  1820.000 3.092E+09
  1820.250 3.058E+09
  1820.500 3.068E+09
  1820.750 3.158E+09
  1821.000 3.154E+09
  1821.250 3.128E+09
  1821.500 3.163E+09
  1821.750 3.184E+09
  1822.000 3.193E+09
  1822.250 3.197E+09
  1822.500 3.199E+09
  1822.750 3.184E+09
  1823.000 3.144E+09
  1823.250 3.131E+09
  1823.500 3.160E+09
  1823.750 3.189E+09
  1824.000 3.196E+09
  1824.250 3.196E+09
  1824.500 3.188E+09
  1824.750 3.158E+09
  1825.000 3.127E+09
  1825.250 3.154E+09
  1825.500 3.180E+09
  1825.750 3.172E+09
  1826.000 3.118E+09
  1826.250 3.078E+09
  1826.500 3.117E+09
  1826.750 3.097E+09
  1827.000 3.091E+09
  1827.250 3.106E+09
  1827.500 3.093E+09
  1827.750 3.044E+09
  1828.000 2.977E+09
  1828.250 3.078E+09
  1828.500 3.153E+09
  1828.750 3.162E+09
  1829.000 3.158E+09
  1829.250 3.154E+09
  1829.500 3.150E+09
  1829.750 3.107E+09
  1830.000 3.022E+09
  1830.250 3.018E+09
  1830.500 3.083E+09
  1830.750 3.126E+09
  1831.000 3.102E+09
  1831.250 3.041E+09
  1831.500 3.076E+09
  1831.750 3.131E+09
  1832.000 3.145E+09
  1832.250 3.145E+09
  1832.500 3.142E+09
  1832.750 3.140E+09
  1833.000 3.137E+09
  1833.250 3.129E+09
  1833.500 3.112E+09
  1833.750 3.087E+09
  1834.000 3.100E+09
  1834.250 3.125E+09
  1834.500 3.130E+09
  1834.750 3.123E+09
  1835.000 3.117E+09
  1835.250 3.124E+09
  1835.500 3.128E+09
  1835.750 3.126E+09
  1836.000 3.123E+09
  1836.250 3.121E+09
  1836.500 3.119E+09
  1836.750 3.115E+09
  1837.000 3.112E+09
  1837.250 3.093E+09
  1837.500 3.058E+09
  1837.750 3.065E+09
  1838.000 3.079E+09
  1838.250 3.057E+09
  1838.500 3.061E+09
  1838.750 3.081E+09
  1839.000 3.089E+09
  1839.250 3.096E+09
  1839.500 3.098E+09
  1839.750 3.070E+09
  1840.000 2.936E+09
  1840.250 2.854E+09
  1840.500 2.994E+09
  1840.750 3.081E+09
  1841.000 3.079E+09
  1841.250 3.034E+09
  1841.500 3.018E+09
  1841.750 3.045E+09
  1842.000 3.044E+09
  1842.250 3.025E+09
  1842.500 2.961E+09
  1842.750 2.931E+09
  1843.000 2.896E+09
  1843.250 2.916E+09
  1843.500 2.985E+09
  1843.750 3.037E+09
  1844.000 3.036E+09
  1844.250 3.012E+09
  1844.500 2.995E+09
  1844.750 2.991E+09
  1845.000 2.977E+09
  1845.250 2.905E+09
  1845.500 2.821E+09
  1845.750 2.840E+09
  1846.000 2.933E+09
  1846.250 3.001E+09
  1846.500 3.025E+09
  1846.750 3.020E+09
  1847.000 3.007E+09
  1847.250 3.002E+09
  1847.500 3.020E+09
  1847.750 3.033E+09
  1848.000 3.031E+09
  1848.250 3.024E+09
  1848.500 3.023E+09
  1848.750 3.032E+09
  1849.000 3.025E+09
  1849.250 2.972E+09
  1849.500 2.936E+09
  1849.750 2.951E+09
  1850.000 2.899E+09
