   850.000 9.394E+10
   850.250 9.388E+10
   850.500 9.378E+10
   850.750 9.371E+10
   851.000 9.365E+10
   851.250 9.355E+10
   851.500 9.336E+10
   851.750 9.262E+10
   852.000 9.011E+10
   852.250 8.901E+10
   852.500 9.158E+10
   852.750 9.282E+10
   853.000 9.284E+10
   853.250 9.284E+10
   853.500 9.282E+10
   853.750 9.274E+10
   854.000 9.265E+10
   854.250 9.242E+10
   854.500 9.109E+10
   854.750 8.855E+10
   855.000 8.935E+10
   855.250 9.155E+10
   855.500 9.210E+10
   855.750 9.208E+10
   856.000 9.201E+10
   856.250 9.193E+10
   856.500 9.184E+10
   856.750 9.173E+10
   857.000 9.164E+10
   857.250 9.148E+10
   857.500 9.049E+10
   857.750 8.777E+10
   858.000 8.767E+10
   858.250 9.023E+10
   858.500 9.109E+10
   858.750 9.109E+10
   859.000 9.101E+10
   859.250 9.091E+10
   859.500 9.084E+10
   859.750 9.079E+10
   860.000 9.071E+10
   860.250 9.056E+10
   860.500 9.037E+10
   860.750 9.032E+10
   861.000 9.029E+10
   861.250 9.023E+10
   861.500 9.016E+10
   861.750 9.008E+10
   862.000 9.005E+10
   862.250 8.999E+10
   862.500 8.991E+10
   862.750 8.983E+10
   863.000 8.973E+10
   863.250 8.965E+10
   863.500 8.960E+10
   863.750 8.953E+10
   864.000 8.945E+10
   864.250 8.937E+10
   864.500 8.929E+10
   864.750 8.920E+10
   865.000 8.896E+10
   865.250 8.818E+10
   865.500 8.762E+10
   865.750 8.833E+10
   866.000 8.875E+10
   866.250 8.873E+10
   866.500 8.864E+10
   866.750 8.855E+10
   867.000 8.848E+10
   867.250 8.840E+10
   867.500 8.834E+10
   867.750 8.828E+10
   868.000 8.820E+10
   868.250 8.812E+10
   868.500 8.804E+10
   868.750 8.796E+10
   869.000 8.789E+10
   869.250 8.781E+10
   869.500 8.773E+10
   869.750 8.765E+10
   870.000 8.758E+10
   870.250 8.750E+10
   870.500 8.742E+10
   870.750 8.730E+10
   871.000 8.676E+10
   871.250 8.532E+10
   871.500 8.519E+10
   871.750 8.647E+10
   872.000 8.680E+10
   872.250 8.667E+10
   872.500 8.671E+10
   872.750 8.673E+10
   873.000 8.666E+10
   873.250 8.658E+10
   873.500 8.649E+10
   873.750 8.642E+10
   874.000 8.635E+10
   874.250 8.629E+10
   874.500 8.621E+10
   874.750 8.614E+10
   875.000 8.605E+10
   875.250 8.598E+10
   875.500 8.591E+10
   875.750 8.584E+10
   876.000 8.576E+10
   876.250 8.568E+10
   876.500 8.561E+10
   876.750 8.554E+10
   877.000 8.546E+10
   877.250 8.538E+10
   877.500 8.531E+10
   877.750 8.523E+10
   878.000 8.513E+10
   878.250 8.501E+10
   878.500 8.497E+10
   878.750 8.493E+10
   879.000 8.487E+10
   879.250 8.479E+10
   879.500 8.472E+10
   879.750 8.465E+10
   880.000 8.457E+10
   880.250 8.450E+10
   880.500 8.443E+10
   880.750 8.435E+10
   881.000 8.428E+10
   881.250 8.421E+10
   881.500 8.413E+10
   881.750 8.406E+10
   882.000 8.398E+10
   882.250 8.391E+10
   882.500 8.380E+10
   882.750 8.339E+10
   883.000 8.217E+10
   883.250 8.107E+10
   883.500 8.043E+10
   883.750 8.163E+10
   884.000 8.275E+10
   884.250 8.173E+10
   884.500 8.086E+10
   884.750 8.216E+10
   885.000 8.295E+10
   885.250 8.290E+10
   885.500 8.211E+10
   885.750 8.109E+10
   886.000 8.178E+10
   886.250 8.258E+10
   886.500 8.267E+10
   886.750 8.261E+10
   887.000 8.254E+10
   887.250 8.247E+10
   887.500 8.240E+10
   887.750 8.233E+10
   888.000 8.226E+10
   888.250 8.219E+10
   888.500 8.211E+10
   888.750 8.204E+10
   889.000 8.196E+10
   889.250 8.190E+10
   889.500 8.183E+10
   889.750 8.175E+10
   890.000 8.168E+10
   890.250 8.161E+10
   890.500 8.154E+10
   890.750 8.146E+10
   891.000 8.138E+10
   891.250 8.130E+10
   891.500 8.120E+10
   891.750 8.108E+10
   892.000 8.074E+10
   892.250 7.878E+10
   892.500 7.369E+10
   892.750 7.330E+10
   893.000 7.829E+10
   893.250 8.034E+10
   893.500 8.059E+10
   893.750 8.053E+10
   894.000 7.999E+10
   894.250 7.873E+10
   894.500 7.889E+10
   894.750 7.969E+10
   895.000 7.982E+10
   895.250 8.005E+10
   895.500 8.012E+10
   895.750 8.008E+10
   896.000 8.002E+10
   896.250 7.995E+10
   896.500 7.988E+10
   896.750 7.982E+10
   897.000 7.975E+10
   897.250 7.968E+10
   897.500 7.962E+10
   897.750 7.955E+10
   898.000 7.948E+10
   898.250 7.941E+10
   898.500 7.934E+10
   898.750 7.928E+10
   899.000 7.921E+10
   899.250 7.914E+10
   899.500 7.907E+10
   899.750 7.901E+10
   900.000 7.893E+10
   900.250 7.884E+10
   900.500 7.862E+10
   900.750 7.805E+10
   901.000 7.786E+10
   901.250 7.832E+10
   901.500 7.850E+10
   901.750 7.846E+10
   902.000 7.839E+10
   902.250 7.827E+10
   902.500 7.770E+10
   902.750 7.656E+10
   903.000 7.684E+10
   903.250 7.778E+10
   903.500 7.798E+10
   903.750 7.793E+10
   904.000 7.787E+10
   904.250 7.780E+10
   904.500 7.774E+10
   904.750 7.767E+10
   905.000 7.759E+10
   905.250 7.748E+10
   905.500 7.697E+10
   905.750 7.554E+10
   906.000 7.536E+10
   906.250 7.668E+10
   906.500 7.715E+10
   906.750 7.714E+10
   907.000 7.708E+10
   907.250 7.701E+10
   907.500 7.695E+10
   907.750 7.689E+10
   908.000 7.682E+10
   908.250 7.676E+10
   908.500 7.669E+10
   908.750 7.661E+10
   909.000 7.655E+10
   909.250 7.649E+10
   909.500 7.641E+10
   909.750 7.634E+10
   910.000 7.629E+10
   910.250 7.623E+10
   910.500 7.616E+10
   910.750 7.609E+10
   911.000 7.601E+10
   911.250 7.591E+10
   911.500 7.575E+10
   911.750 7.531E+10
   912.000 7.455E+10
   912.250 7.399E+10
   912.500 7.379E+10
   912.750 7.369E+10
   913.000 7.362E+10
   913.250 7.356E+10
   913.500 7.348E+10
   913.750 7.338E+10
   914.000 7.328E+10
   914.250 7.320E+10
   914.500 7.312E+10
   914.750 7.301E+10
   915.000 7.286E+10
   915.250 7.282E+10
   915.500 7.280E+10
   915.750 7.273E+10
   916.000 7.267E+10
   916.250 7.260E+10
   916.500 7.254E+10
   916.750 7.247E+10
   917.000 7.243E+10
   917.250 7.234E+10
   917.500 7.232E+10
   917.750 7.215E+10
   918.000 7.226E+10
   918.250 7.196E+10
   918.500 7.216E+10
   918.750 7.201E+10
   919.000 7.168E+10
   919.250 7.217E+10
   919.500 7.176E+10
   919.750 7.132E+10
   920.000 7.205E+10
   920.250 7.190E+10
   920.500 7.089E+10
   920.750 7.131E+10
   921.000 7.218E+10
   921.250 7.169E+10
   921.500 7.046E+10
   921.750 7.090E+10
   922.000 7.203E+10
   922.250 7.210E+10
   922.500 7.094E+10
   922.750 6.983E+10
   923.000 7.078E+10
   923.250 7.180E+10
   923.500 7.200E+10
   923.750 7.146E+10
   924.000 6.988E+10
   924.250 6.963E+10
   924.500 7.122E+10
   924.750 7.203E+10
   925.000 7.210E+10
   925.250 7.181E+10
   925.500 7.059E+10
   925.750 6.874E+10
   926.000 6.930E+10
   926.250 7.106E+10
   926.500 7.179E+10
   926.750 7.200E+10
   927.000 7.207E+10
   927.250 7.185E+10
   927.500 7.060E+10
   927.750 6.847E+10
   928.000 6.889E+10
   928.250 7.103E+10
   928.500 7.190E+10
   928.750 7.198E+10
   929.000 7.185E+10
   929.250 7.163E+10
   929.500 7.131E+10
   929.750 7.069E+10
   930.000 6.904E+10
   930.250 6.654E+10
   930.500 6.678E+10
   930.750 6.891E+10
   931.000 6.996E+10
   931.250 7.038E+10
   931.500 7.065E+10
   931.750 7.080E+10
   932.000 7.075E+10
   932.250 7.036E+10
   932.500 6.936E+10
   932.750 6.712E+10
   933.000 6.273E+10
   933.250 5.726E+10
   933.500 5.688E+10
   933.750 6.216E+10
   934.000 6.691E+10
   934.250 6.950E+10
   934.500 7.070E+10
   934.750 7.119E+10
   935.000 7.127E+10
   935.250 7.109E+10
   935.500 7.073E+10
   935.750 7.021E+10
   936.000 6.955E+10
   936.250 6.879E+10
   936.500 6.790E+10
   936.750 6.678E+10
   937.000 6.496E+10
   937.250 6.221E+10
   937.500 6.109E+10
   937.750 6.224E+10
   938.000 6.348E+10
   938.250 6.466E+10
   938.500 6.579E+10
   938.750 6.685E+10
   939.000 6.786E+10
   939.250 6.881E+10
   939.500 6.975E+10
   939.750 7.066E+10
   940.000 7.150E+10
   940.250 7.227E+10
   940.500 7.297E+10
   940.750 7.359E+10
   941.000 7.412E+10
   941.250 7.454E+10
   941.500 7.477E+10
   941.750 7.458E+10
   942.000 7.315E+10
   942.250 6.889E+10
   942.500 6.512E+10
   942.750 6.827E+10
   943.000 7.289E+10
   943.250 7.448E+10
   943.500 7.425E+10
   943.750 7.266E+10
   944.000 6.883E+10
   944.250 6.197E+10
   944.500 5.692E+10
   944.750 6.063E+10
   945.000 6.732E+10
   945.250 7.106E+10
   945.500 7.241E+10
   945.750 7.265E+10
   946.000 7.236E+10
   946.250 7.179E+10
   946.500 7.103E+10
   946.750 7.014E+10
   947.000 6.912E+10
   947.250 6.800E+10
   947.500 6.671E+10
   947.750 6.488E+10
   948.000 6.229E+10
   948.250 6.092E+10
   948.500 6.076E+10
   948.750 5.971E+10
   949.000 5.779E+10
   949.250 5.554E+10
   949.500 5.471E+10
   949.750 5.516E+10
   950.000 5.586E+10
   950.250 5.697E+10
   950.500 5.834E+10
   950.750 5.976E+10
   951.000 6.116E+10
   951.250 6.253E+10
   951.500 6.386E+10
   951.750 6.515E+10
   952.000 6.639E+10
   952.250 6.757E+10
   952.500 6.869E+10
   952.750 6.978E+10
   953.000 7.084E+10
   953.250 7.182E+10
   953.500 7.276E+10
   953.750 7.363E+10
   954.000 7.446E+10
   954.250 7.524E+10
   954.500 7.596E+10
   954.750 7.663E+10
   955.000 7.726E+10
   955.250 7.785E+10
   955.500 7.839E+10
   955.750 7.889E+10
   956.000 7.932E+10
   956.250 7.968E+10
   956.500 7.988E+10
   956.750 7.941E+10
   957.000 7.863E+10
   957.250 7.926E+10
   957.500 7.956E+10
   957.750 7.863E+10
   958.000 7.636E+10
   958.250 7.151E+10
   958.500 6.403E+10
   958.750 6.110E+10
   959.000 6.707E+10
   959.250 7.403E+10
   959.500 7.806E+10
   959.750 8.016E+10
   960.000 8.135E+10
   960.250 8.208E+10
   960.500 8.256E+10
   960.750 8.290E+10
   961.000 8.313E+10
   961.250 8.327E+10
   961.500 8.332E+10
   961.750 8.335E+10
   962.000 8.335E+10
   962.250 8.333E+10
   962.500 8.328E+10
   962.750 8.318E+10
   963.000 8.307E+10
   963.250 8.293E+10
   963.500 8.276E+10
   963.750 8.256E+10
   964.000 8.234E+10
   964.250 8.208E+10
   964.500 8.179E+10
   964.750 8.148E+10
   965.000 8.113E+10
   965.250 8.074E+10
   965.500 8.032E+10
   965.750 7.986E+10
   966.000 7.937E+10
   966.250 7.883E+10
   966.500 7.825E+10
   966.750 7.763E+10
   967.000 7.695E+10
   967.250 7.622E+10
   967.500 7.544E+10
   967.750 7.460E+10
   968.000 7.371E+10
   968.250 7.274E+10
   968.500 7.167E+10
   968.750 7.055E+10
   969.000 6.946E+10
   969.250 6.830E+10
   969.500 6.703E+10
   969.750 6.570E+10
   970.000 6.435E+10
   970.250 6.295E+10
   970.500 6.157E+10
   970.750 6.026E+10
   971.000 5.891E+10
   971.250 5.745E+10
   971.500 5.614E+10
   971.750 5.453E+10
   972.000 5.225E+10
   972.250 5.103E+10
   972.500 5.113E+10
   972.750 5.187E+10
   973.000 5.318E+10
   973.250 5.468E+10
   973.500 5.617E+10
   973.750 5.763E+10
   974.000 5.906E+10
   974.250 6.045E+10
   974.500 6.181E+10
   974.750 6.311E+10
   975.000 6.429E+10
   975.250 6.507E+10
   975.500 6.474E+10
   975.750 6.500E+10
   976.000 6.744E+10
   976.250 6.930E+10
   976.500 7.015E+10
   976.750 6.970E+10
   977.000 6.873E+10
   977.250 7.079E+10
   977.500 7.301E+10
   977.750 7.398E+10
   978.000 7.469E+10
   978.250 7.533E+10
   978.500 7.592E+10
   978.750 7.646E+10
   979.000 7.695E+10
   979.250 7.742E+10
   979.500 7.790E+10
   979.750 7.839E+10
   980.000 7.889E+10
   980.250 7.935E+10
   980.500 7.976E+10
   980.750 8.012E+10
   981.000 8.041E+10
   981.250 8.068E+10
   981.500 8.090E+10
   981.750 8.108E+10
   982.000 8.120E+10
   982.250 8.127E+10
   982.500 8.133E+10
   982.750 8.139E+10
   983.000 8.152E+10
   983.250 8.164E+10
   983.500 8.173E+10
   983.750 8.172E+10
   984.000 8.158E+10
   984.250 8.164E+10
   984.500 8.185E+10
   984.750 8.189E+10
   985.000 8.189E+10
   985.250 8.194E+10
   985.500 8.187E+10
   985.750 8.145E+10
   986.000 8.053E+10
   986.250 8.018E+10
   986.500 8.121E+10
   986.750 8.176E+10
   987.000 8.176E+10
   987.250 8.168E+10
   987.500 8.156E+10
   987.750 8.141E+10
   988.000 8.128E+10
   988.250 8.110E+10
   988.500 8.083E+10
   988.750 8.061E+10
   989.000 8.041E+10
   989.250 8.013E+10
   989.500 7.975E+10
   989.750 7.932E+10
   990.000 7.877E+10
   990.250 7.806E+10
   990.500 7.714E+10
   990.750 7.594E+10
   991.000 7.434E+10
   991.250 7.219E+10
   991.500 6.918E+10
   991.750 6.487E+10
   992.000 5.878E+10
   992.250 5.290E+10
   992.500 5.325E+10
   992.750 5.930E+10
   993.000 6.511E+10
   993.250 6.915E+10
   993.500 7.197E+10
   993.750 7.397E+10
   994.000 7.543E+10
   994.250 7.649E+10
   994.500 7.727E+10
   994.750 7.787E+10
   995.000 7.831E+10
   995.250 7.863E+10
   995.500 7.887E+10
   995.750 7.903E+10
   996.000 7.915E+10
   996.250 7.924E+10
   996.500 7.926E+10
   996.750 7.921E+10
   997.000 7.920E+10
   997.250 7.912E+10
   997.500 7.875E+10
   997.750 7.860E+10
   998.000 7.868E+10
   998.250 7.836E+10
   998.500 7.753E+10
   998.750 7.576E+10
   999.000 7.159E+10
   999.250 6.433E+10
   999.500 5.987E+10
   999.750 6.401E+10
  1000.000 7.122E+10
  1000.250 7.523E+10
  1000.500 7.675E+10
  1000.750 7.651E+10
  1001.000 7.644E+10
  1001.250 7.799E+10
  1001.500 7.875E+10
  1001.750 7.886E+10
  1002.000 7.888E+10
  1002.250 7.889E+10
  1002.500 7.888E+10
  1002.750 7.888E+10
  1003.000 7.893E+10
  1003.250 7.896E+10
  1003.500 7.893E+10
  1003.750 7.885E+10
  1004.000 7.878E+10
  1004.250 7.873E+10
  1004.500 7.867E+10
  1004.750 7.858E+10
  1005.000 7.845E+10
  1005.250 7.829E+10
  1005.500 7.821E+10
  1005.750 7.816E+10
  1006.000 7.809E+10
  1006.250 7.800E+10
  1006.500 7.790E+10
  1006.750 7.780E+10
  1007.000 7.770E+10
  1007.250 7.760E+10
  1007.500 7.749E+10
  1007.750 7.738E+10
  1008.000 7.727E+10
  1008.250 7.713E+10
  1008.500 7.687E+10
  1008.750 7.662E+10
  1009.000 7.667E+10
  1009.250 7.667E+10
  1009.500 7.655E+10
  1009.750 7.642E+10
  1010.000 7.627E+10
  1010.250 7.611E+10
  1010.500 7.596E+10
  1010.750 7.583E+10
  1011.000 7.572E+10
  1011.250 7.558E+10
  1011.500 7.541E+10
  1011.750 7.528E+10
  1012.000 7.513E+10
  1012.250 7.497E+10
  1012.500 7.480E+10
  1012.750 7.462E+10
  1013.000 7.444E+10
  1013.250 7.426E+10
  1013.500 7.407E+10
  1013.750 7.387E+10
  1014.000 7.364E+10
  1014.250 7.334E+10
  1014.500 7.301E+10
  1014.750 7.274E+10
  1015.000 7.250E+10
  1015.250 7.225E+10
  1015.500 7.198E+10
  1015.750 7.168E+10
  1016.000 7.135E+10
  1016.250 7.103E+10
  1016.500 7.068E+10
  1016.750 7.022E+10
  1017.000 6.987E+10
  1017.250 6.970E+10
  1017.500 6.940E+10
  1017.750 6.900E+10
  1018.000 6.858E+10
  1018.250 6.812E+10
  1018.500 6.744E+10
  1018.750 6.645E+10
  1019.000 6.613E+10
  1019.250 6.609E+10
  1019.500 6.568E+10
  1019.750 6.513E+10
  1020.000 6.452E+10
  1020.250 6.385E+10
  1020.500 6.319E+10
  1020.750 6.248E+10
  1021.000 6.169E+10
  1021.250 6.098E+10
  1021.500 6.022E+10
  1021.750 5.935E+10
  1022.000 5.851E+10
  1022.250 5.767E+10
  1022.500 5.673E+10
  1022.750 5.573E+10
  1023.000 5.467E+10
  1023.250 5.358E+10
  1023.500 5.246E+10
  1023.750 5.129E+10
  1024.000 5.011E+10
  1024.250 4.892E+10
  1024.500 4.765E+10
  1024.750 4.626E+10
  1025.000 4.459E+10
  1025.250 4.288E+10
  1025.500 4.174E+10
  1025.750 4.140E+10
  1026.000 4.249E+10
  1026.250 4.403E+10
  1026.500 4.534E+10
  1026.750 4.656E+10
  1027.000 4.776E+10
  1027.250 4.892E+10
  1027.500 5.004E+10
  1027.750 5.114E+10
  1028.000 5.217E+10
  1028.250 5.312E+10
  1028.500 5.409E+10
  1028.750 5.502E+10
  1029.000 5.587E+10
  1029.250 5.669E+10
  1029.500 5.742E+10
  1029.750 5.803E+10
  1030.000 5.864E+10
  1030.250 5.915E+10
  1030.500 5.974E+10
  1030.750 6.054E+10
  1031.000 6.112E+10
  1031.250 6.166E+10
  1031.500 6.173E+10
  1031.750 6.011E+10
  1032.000 5.996E+10
  1032.250 6.265E+10
  1032.500 6.403E+10
  1032.750 6.448E+10
  1033.000 6.478E+10
  1033.250 6.489E+10
  1033.500 6.502E+10
  1033.750 6.548E+10
  1034.000 6.582E+10
  1034.250 6.601E+10
  1034.500 6.616E+10
  1034.750 6.629E+10
  1035.000 6.638E+10
  1035.250 6.655E+10
  1035.500 6.675E+10
  1035.750 6.702E+10
  1036.000 6.728E+10
  1036.250 6.748E+10
  1036.500 6.766E+10
  1036.750 6.784E+10
  1037.000 6.792E+10
  1037.250 6.711E+10
  1037.500 6.459E+10
  1037.750 6.487E+10
  1038.000 6.758E+10
  1038.250 6.855E+10
  1038.500 6.871E+10
  1038.750 6.878E+10
  1039.000 6.882E+10
  1039.250 6.884E+10
  1039.500 6.877E+10
  1039.750 6.868E+10
  1040.000 6.872E+10
  1040.250 6.883E+10
  1040.500 6.893E+10
  1040.750 6.892E+10
  1041.000 6.879E+10
  1041.250 6.879E+10
  1041.500 6.890E+10
  1041.750 6.890E+10
  1042.000 6.857E+10
  1042.250 6.772E+10
  1042.500 6.775E+10
  1042.750 6.855E+10
  1043.000 6.881E+10
  1043.250 6.877E+10
  1043.500 6.864E+10
  1043.750 6.855E+10
  1044.000 6.838E+10
  1044.250 6.819E+10
  1044.500 6.846E+10
  1044.750 6.853E+10
  1045.000 6.836E+10
  1045.250 6.841E+10
  1045.500 6.844E+10
  1045.750 6.837E+10
  1046.000 6.833E+10
  1046.250 6.822E+10
  1046.500 6.816E+10
  1046.750 6.827E+10
  1047.000 6.829E+10
  1047.250 6.821E+10
  1047.500 6.812E+10
  1047.750 6.813E+10
  1048.000 6.808E+10
  1048.250 6.794E+10
  1048.500 6.780E+10
  1048.750 6.779E+10
  1049.000 6.791E+10
  1049.250 6.791E+10
  1049.500 6.786E+10
  1049.750 6.783E+10
  1050.000 6.778E+10
  1050.250 6.763E+10
  1050.500 6.751E+10
  1050.750 6.748E+10
  1051.000 6.746E+10
  1051.250 6.751E+10
  1051.500 6.750E+10
  1051.750 6.744E+10
  1052.000 6.737E+10
  1052.250 6.722E+10
  1052.500 6.687E+10
  1052.750 6.680E+10
  1053.000 6.706E+10
  1053.250 6.712E+10
  1053.500 6.708E+10
  1053.750 6.702E+10
  1054.000 6.697E+10
  1054.250 6.691E+10
  1054.500 6.682E+10
  1054.750 6.662E+10
  1055.000 6.635E+10
  1055.250 6.643E+10
  1055.500 6.655E+10
  1055.750 6.640E+10
  1056.000 6.622E+10
  1056.250 6.633E+10
  1056.500 6.638E+10
  1056.750 6.609E+10
  1057.000 6.510E+10
  1057.250 6.486E+10
  1057.500 6.576E+10
  1057.750 6.604E+10
  1058.000 6.592E+10
  1058.250 6.572E+10
  1058.500 6.577E+10
  1058.750 6.585E+10
  1059.000 6.575E+10
  1059.250 6.553E+10
  1059.500 6.517E+10
  1059.750 6.490E+10
  1060.000 6.530E+10
  1060.250 6.540E+10
  1060.500 6.492E+10
  1060.750 6.483E+10
  1061.000 6.528E+10
  1061.250 6.541E+10
  1061.500 6.537E+10
  1061.750 6.530E+10
  1062.000 6.524E+10
  1062.250 6.516E+10
  1062.500 6.507E+10
  1062.750 6.501E+10
  1063.000 6.500E+10
  1063.250 6.501E+10
  1063.500 6.499E+10
  1063.750 6.493E+10
  1064.000 6.487E+10
  1064.250 6.480E+10
  1064.500 6.471E+10
  1064.750 6.462E+10
  1065.000 6.451E+10
  1065.250 6.436E+10
  1065.500 6.410E+10
  1065.750 6.362E+10
  1066.000 6.235E+10
  1066.250 5.864E+10
  1066.500 5.261E+10
  1066.750 5.256E+10
  1067.000 5.852E+10
  1067.250 6.212E+10
  1067.500 6.319E+10
  1067.750 6.345E+10
  1068.000 6.364E+10
  1068.250 6.378E+10
  1068.500 6.381E+10
  1068.750 6.375E+10
  1069.000 6.367E+10
  1069.250 6.368E+10
  1069.500 6.367E+10
  1069.750 6.363E+10
  1070.000 6.356E+10
  1070.250 6.358E+10
  1070.500 6.359E+10
  1070.750 6.355E+10
  1071.000 6.351E+10
  1071.250 6.345E+10
  1071.500 6.338E+10
  1071.750 6.331E+10
  1072.000 6.323E+10
  1072.250 6.316E+10
  1072.500 6.316E+10
  1072.750 6.307E+10
  1073.000 6.295E+10
  1073.250 6.291E+10
  1073.500 6.272E+10
  1073.750 6.184E+10
  1074.000 6.121E+10
  1074.250 6.195E+10
  1074.500 6.242E+10
  1074.750 6.230E+10
  1075.000 6.200E+10
  1075.250 6.182E+10
  1075.500 6.177E+10
  1075.750 6.169E+10
  1076.000 6.160E+10
  1076.250 6.151E+10
  1076.500 6.134E+10
  1076.750 6.118E+10
  1077.000 6.115E+10
  1077.250 6.111E+10
  1077.500 6.101E+10
  1077.750 6.087E+10
  1078.000 6.069E+10
  1078.250 6.030E+10
  1078.500 5.973E+10
  1078.750 5.986E+10
  1079.000 6.009E+10
  1079.250 5.999E+10
  1079.500 5.981E+10
  1079.750 5.958E+10
  1080.000 5.933E+10
  1080.250 5.895E+10
  1080.500 5.803E+10
  1080.750 5.735E+10
  1081.000 5.739E+10
  1081.250 5.720E+10
  1081.500 5.719E+10
  1081.750 5.692E+10
  1082.000 5.638E+10
  1082.250 5.569E+10
  1082.500 5.496E+10
  1082.750 5.415E+10
  1083.000 5.318E+10
  1083.250 5.203E+10
  1083.500 5.068E+10
  1083.750 4.907E+10
  1084.000 4.712E+10
  1084.250 4.477E+10
  1084.500 4.189E+10
  1084.750 3.879E+10
  1085.000 3.780E+10
  1085.250 4.008E+10
  1085.500 4.314E+10
  1085.750 4.569E+10
  1086.000 4.776E+10
  1086.250 4.944E+10
  1086.500 5.083E+10
  1086.750 5.200E+10
  1087.000 5.300E+10
  1087.250 5.380E+10
  1087.500 5.411E+10
  1087.750 5.389E+10
  1088.000 5.463E+10
  1088.250 5.569E+10
  1088.500 5.621E+10
  1088.750 5.662E+10
  1089.000 5.692E+10
  1089.250 5.716E+10
  1089.500 5.735E+10
  1089.750 5.752E+10
  1090.000 5.768E+10
  1090.250 5.780E+10
  1090.500 5.788E+10
  1090.750 5.790E+10
  1091.000 5.793E+10
  1091.250 5.803E+10
  1091.500 5.806E+10
  1091.750 5.802E+10
  1092.000 5.805E+10
  1092.250 5.817E+10
  1092.500 5.827E+10
  1092.750 5.829E+10
  1093.000 5.823E+10
  1093.250 5.816E+10
  1093.500 5.824E+10
  1093.750 5.830E+10
  1094.000 5.829E+10
  1094.250 5.828E+10
  1094.500 5.827E+10
  1094.750 5.822E+10
  1095.000 5.780E+10
  1095.250 5.681E+10
  1095.500 5.704E+10
  1095.750 5.802E+10
  1096.000 5.844E+10
  1096.250 5.859E+10
  1096.500 5.856E+10
  1096.750 5.847E+10
  1097.000 5.844E+10
  1097.250 5.842E+10
  1097.500 5.837E+10
  1097.750 5.832E+10
  1098.000 5.827E+10
  1098.250 5.822E+10
  1098.500 5.817E+10
  1098.750 5.813E+10
  1099.000 5.807E+10
  1099.250 5.802E+10
  1099.500 5.791E+10
  1099.750 5.775E+10
  1100.000 5.773E+10
  1100.250 5.780E+10
  1100.500 5.778E+10
  1100.750 5.774E+10
  1101.000 5.768E+10
  1101.250 5.759E+10
  1101.500 5.743E+10
  1101.750 5.726E+10
  1102.000 5.717E+10
  1102.250 5.731E+10
  1102.500 5.736E+10
  1102.750 5.731E+10
  1103.000 5.719E+10
  1103.250 5.704E+10
  1103.500 5.702E+10
  1103.750 5.697E+10
  1104.000 5.680E+10
  1104.250 5.655E+10
  1104.500 5.662E+10
  1104.750 5.673E+10
  1105.000 5.667E+10
  1105.250 5.656E+10
  1105.500 5.639E+10
  1105.750 5.618E+10
  1106.000 5.591E+10
  1106.250 5.544E+10
  1106.500 5.500E+10
  1106.750 5.433E+10
  1107.000 5.263E+10
  1107.250 4.877E+10
  1107.500 4.311E+10
  1107.750 3.986E+10
  1108.000 4.127E+10
  1108.250 4.666E+10
  1108.500 5.122E+10
  1108.750 5.346E+10
  1109.000 5.449E+10
  1109.250 5.500E+10
  1109.500 5.525E+10
  1109.750 5.539E+10
  1110.000 5.549E+10
  1110.250 5.551E+10
  1110.500 5.536E+10
  1110.750 5.525E+10
  1111.000 5.542E+10
  1111.250 5.551E+10
  1111.500 5.541E+10
  1111.750 5.518E+10
  1112.000 5.517E+10
  1112.250 5.515E+10
  1112.500 5.478E+10
  1112.750 5.474E+10
  1113.000 5.507E+10
  1113.250 5.512E+10
  1113.500 5.501E+10
  1113.750 5.480E+10
  1114.000 5.436E+10
  1114.250 5.428E+10
  1114.500 5.457E+10
  1114.750 5.441E+10
  1115.000 5.369E+10
  1115.250 5.367E+10
  1115.500 5.404E+10
  1115.750 5.395E+10
  1116.000 5.355E+10
  1116.250 5.298E+10
  1116.500 5.247E+10
  1116.750 5.197E+10
  1117.000 5.089E+10
  1117.250 4.868E+10
  1117.500 4.470E+10
  1117.750 4.018E+10
  1118.000 3.955E+10
  1118.250 4.375E+10
  1118.500 4.782E+10
  1118.750 5.013E+10
  1119.000 5.130E+10
  1119.250 5.193E+10
  1119.500 5.221E+10
  1119.750 5.274E+10
  1120.000 5.328E+10
  1120.250 5.346E+10
  1120.500 5.336E+10
  1120.750 5.245E+10
  1121.000 5.125E+10
  1121.250 5.199E+10
  1121.500 5.322E+10
  1121.750 5.339E+10
  1122.000 5.262E+10
  1122.250 4.956E+10
  1122.500 4.708E+10
  1122.750 5.001E+10
  1123.000 5.274E+10
  1123.250 5.337E+10
  1123.500 5.344E+10
  1123.750 5.340E+10
  1124.000 5.334E+10
  1124.250 5.325E+10
  1124.500 5.324E+10
  1124.750 5.329E+10
  1125.000 5.330E+10
  1125.250 5.324E+10
  1125.500 5.312E+10
  1125.750 5.309E+10
  1126.000 5.312E+10
  1126.250 5.313E+10
  1126.500 5.312E+10
  1126.750 5.303E+10
  1127.000 5.286E+10
  1127.250 5.265E+10
  1127.500 5.196E+10
  1127.750 5.017E+10
  1128.000 4.664E+10
  1128.250 4.373E+10
  1128.500 4.588E+10
  1128.750 5.025E+10
  1129.000 5.198E+10
  1129.250 5.223E+10
  1129.500 5.234E+10
  1129.750 5.243E+10
  1130.000 5.244E+10
  1130.250 5.250E+10
  1130.500 5.249E+10
  1130.750 5.241E+10
  1131.000 5.235E+10
  1131.250 5.236E+10
  1131.500 5.236E+10
  1131.750 5.232E+10
  1132.000 5.227E+10
  1132.250 5.221E+10
  1132.500 5.214E+10
  1132.750 5.209E+10
  1133.000 5.210E+10
  1133.250 5.205E+10
  1133.500 5.190E+10
  1133.750 5.182E+10
  1134.000 5.189E+10
  1134.250 5.190E+10
  1134.500 5.185E+10
  1134.750 5.179E+10
  1135.000 5.176E+10
  1135.250 5.175E+10
  1135.500 5.172E+10
  1135.750 5.168E+10
  1136.000 5.164E+10
  1136.250 5.159E+10
  1136.500 5.155E+10
  1136.750 5.148E+10
  1137.000 5.138E+10
  1137.250 5.133E+10
  1137.500 5.130E+10
  1137.750 5.130E+10
  1138.000 5.125E+10
  1138.250 5.118E+10
  1138.500 5.119E+10
  1138.750 5.117E+10
  1139.000 5.113E+10
  1139.250 5.104E+10
  1139.500 5.094E+10
  1139.750 5.096E+10
  1140.000 5.096E+10
  1140.250 5.088E+10
  1140.500 5.077E+10
  1140.750 5.075E+10
  1141.000 5.052E+10
  1141.250 4.945E+10
  1141.500 4.892E+10
  1141.750 5.001E+10
  1142.000 5.055E+10
  1142.250 5.057E+10
  1142.500 5.054E+10
  1142.750 5.049E+10
  1143.000 5.048E+10
  1143.250 5.047E+10
  1143.500 5.042E+10
  1143.750 5.036E+10
  1144.000 5.029E+10
  1144.250 5.026E+10
  1144.500 5.025E+10
  1144.750 5.022E+10
  1145.000 5.018E+10
  1145.250 5.012E+10
  1145.500 5.010E+10
  1145.750 5.003E+10
  1146.000 4.984E+10
  1146.250 4.967E+10
  1146.500 4.964E+10
  1146.750 4.977E+10
  1147.000 4.985E+10
  1147.250 4.984E+10
  1147.500 4.980E+10
  1147.750 4.976E+10
  1148.000 4.972E+10
  1148.250 4.969E+10
  1148.500 4.964E+10
  1148.750 4.953E+10
  1149.000 4.939E+10
  1149.250 4.940E+10
  1149.500 4.947E+10
  1149.750 4.944E+10
  1150.000 4.935E+10
  1150.250 4.928E+10
  1150.500 4.928E+10
  1150.750 4.919E+10
  1151.000 4.905E+10
  1151.250 4.912E+10
  1151.500 4.914E+10
  1151.750 4.900E+10
  1152.000 4.885E+10
  1152.250 4.880E+10
  1152.500 4.785E+10
  1152.750 4.652E+10
  1153.000 4.755E+10
  1153.250 4.866E+10
  1153.500 4.878E+10
  1153.750 4.870E+10
  1154.000 4.866E+10
  1154.250 4.847E+10
  1154.500 4.799E+10
  1154.750 4.717E+10
  1155.000 4.671E+10
  1155.250 4.773E+10
  1155.500 4.839E+10
  1155.750 4.818E+10
  1156.000 4.787E+10
  1156.250 4.815E+10
  1156.500 4.837E+10
  1156.750 4.834E+10
  1157.000 4.828E+10
  1157.250 4.824E+10
  1157.500 4.818E+10
  1157.750 4.815E+10
  1158.000 4.812E+10
  1158.250 4.810E+10
  1158.500 4.808E+10
  1158.750 4.796E+10
  1159.000 4.771E+10
  1159.250 4.770E+10
  1159.500 4.783E+10
  1159.750 4.782E+10
  1160.000 4.767E+10
  1160.250 4.701E+10
  1160.500 4.627E+10
  1160.750 4.691E+10
  1161.000 4.751E+10
  1161.250 4.754E+10
  1161.500 4.750E+10
  1161.750 4.746E+10
  1162.000 4.741E+10
  1162.250 4.738E+10
  1162.500 4.733E+10
  1162.750 4.729E+10
  1163.000 4.725E+10
  1163.250 4.720E+10
  1163.500 4.712E+10
  1163.750 4.697E+10
  1164.000 4.658E+10
  1164.250 4.646E+10
  1164.500 4.674E+10
  1164.750 4.677E+10
  1165.000 4.655E+10
  1165.250 4.616E+10
  1165.500 4.504E+10
  1165.750 4.435E+10
  1166.000 4.474E+10
  1166.250 4.485E+10
  1166.500 4.544E+10
  1166.750 4.561E+10
  1167.000 4.535E+10
  1167.250 4.472E+10
  1167.500 4.308E+10
  1167.750 4.138E+10
  1168.000 4.110E+10
  1168.250 4.000E+10
  1168.500 3.693E+10
  1168.750 3.297E+10
  1169.000 3.191E+10
  1169.250 3.503E+10
  1169.500 3.869E+10
  1169.750 4.110E+10
  1170.000 4.235E+10
  1170.250 4.294E+10
  1170.500 4.387E+10
  1170.750 4.462E+10
  1171.000 4.498E+10
  1171.250 4.518E+10
  1171.500 4.526E+10
  1171.750 4.529E+10
  1172.000 4.534E+10
  1172.250 4.542E+10
  1172.500 4.550E+10
  1172.750 4.540E+10
  1173.000 4.539E+10
  1173.250 4.556E+10
  1173.500 4.561E+10
  1173.750 4.558E+10
  1174.000 4.556E+10
  1174.250 4.554E+10
  1174.500 4.535E+10
  1174.750 4.447E+10
  1175.000 4.350E+10
  1175.250 4.305E+10
  1175.500 4.199E+10
  1175.750 4.129E+10
  1176.000 4.256E+10
  1176.250 4.344E+10
  1176.500 4.410E+10
  1176.750 4.502E+10
  1177.000 4.526E+10
  1177.250 4.525E+10
  1177.500 4.521E+10
  1177.750 4.513E+10
  1178.000 4.509E+10
  1178.250 4.503E+10
  1178.500 4.495E+10
  1178.750 4.491E+10
  1179.000 4.492E+10
  1179.250 4.495E+10
  1179.500 4.496E+10
  1179.750 4.494E+10
  1180.000 4.490E+10
  1180.250 4.481E+10
  1180.500 4.436E+10
  1180.750 4.342E+10
  1181.000 4.368E+10
  1181.250 4.450E+10
  1181.500 4.469E+10
  1181.750 4.457E+10
  1182.000 4.429E+10
  1182.250 4.428E+10
  1182.500 4.448E+10
  1182.750 4.454E+10
  1183.000 4.453E+10
  1183.250 4.449E+10
  1183.500 4.443E+10
  1183.750 4.436E+10
  1184.000 4.426E+10
  1184.250 4.423E+10
  1184.500 4.427E+10
  1184.750 4.426E+10
  1185.000 4.423E+10
  1185.250 4.418E+10
  1185.500 4.413E+10
  1185.750 4.404E+10
  1186.000 4.397E+10
  1186.250 4.386E+10
  1186.500 4.356E+10
  1186.750 4.364E+10
  1187.000 4.387E+10
  1187.250 4.389E+10
  1187.500 4.384E+10
  1187.750 4.371E+10
  1188.000 4.356E+10
  1188.250 4.360E+10
  1188.500 4.354E+10
  1188.750 4.348E+10
  1189.000 4.357E+10
  1189.250 4.356E+10
  1189.500 4.348E+10
  1189.750 4.342E+10
  1190.000 4.328E+10
  1190.250 4.313E+10
  1190.500 4.314E+10
  1190.750 4.320E+10
  1191.000 4.325E+10
  1191.250 4.326E+10
  1191.500 4.325E+10
  1191.750 4.321E+10
  1192.000 4.316E+10
  1192.250 4.309E+10
  1192.500 4.304E+10
  1192.750 4.302E+10
  1193.000 4.300E+10
  1193.250 4.296E+10
  1193.500 4.289E+10
  1193.750 4.274E+10
  1194.000 4.235E+10
  1194.250 4.092E+10
  1194.500 3.975E+10
  1194.750 4.121E+10
  1195.000 4.224E+10
  1195.250 4.242E+10
  1195.500 4.250E+10
  1195.750 4.245E+10
  1196.000 4.224E+10
  1196.250 4.208E+10
  1196.500 4.206E+10
  1196.750 4.207E+10
  1197.000 4.204E+10
  1197.250 4.198E+10
  1197.500 4.171E+10
  1197.750 4.125E+10
  1198.000 4.050E+10
  1198.250 3.888E+10
  1198.500 3.773E+10
  1198.750 3.886E+10
  1199.000 4.036E+10
  1199.250 4.016E+10
  1199.500 3.987E+10
  1199.750 4.053E+10
  1200.000 4.112E+10
  1200.250 4.131E+10
  1200.500 4.141E+10
  1200.750 4.139E+10
  1201.000 4.136E+10
  1201.250 4.133E+10
  1201.500 4.122E+10
  1201.750 4.100E+10
  1202.000 4.087E+10
  1202.250 4.093E+10
  1202.500 4.093E+10
  1202.750 4.086E+10
  1203.000 4.083E+10
  1203.250 4.075E+10
  1203.500 4.068E+10
  1203.750 4.060E+10
  1204.000 4.054E+10
  1204.250 4.046E+10
  1204.500 4.034E+10
  1204.750 4.026E+10
  1205.000 4.011E+10
  1205.250 3.981E+10
  1205.500 3.947E+10
  1205.750 3.890E+10
  1206.000 3.818E+10
  1206.250 3.852E+10
  1206.500 3.906E+10
  1206.750 3.908E+10
  1207.000 3.893E+10
  1207.250 3.865E+10
  1207.500 3.828E+10
  1207.750 3.809E+10
  1208.000 3.751E+10
  1208.250 3.688E+10
  1208.500 3.706E+10
  1208.750 3.716E+10
  1209.000 3.719E+10
  1209.250 3.716E+10
  1209.500 3.694E+10
  1209.750 3.668E+10
  1210.000 3.627E+10
  1210.250 3.538E+10
  1210.500 3.496E+10
  1210.750 3.517E+10
  1211.000 3.505E+10
  1211.250 3.448E+10
  1211.500 3.374E+10
  1211.750 3.374E+10
  1212.000 3.373E+10
  1212.250 3.337E+10
  1212.500 3.286E+10
  1212.750 3.242E+10
  1213.000 3.205E+10
  1213.250 3.161E+10
  1213.500 3.112E+10
  1213.750 3.057E+10
  1214.000 2.995E+10
  1214.250 2.929E+10
  1214.500 2.858E+10
  1214.750 2.760E+10
  1215.000 2.632E+10
  1215.250 2.557E+10
  1215.500 2.518E+10
  1215.750 2.516E+10
  1216.000 2.607E+10
  1216.250 2.707E+10
  1216.500 2.786E+10
  1216.750 2.857E+10
  1217.000 2.923E+10
  1217.250 2.982E+10
  1217.500 3.035E+10
  1217.750 3.085E+10
  1218.000 3.133E+10
  1218.250 3.178E+10
  1218.500 3.219E+10
  1218.750 3.256E+10
  1219.000 3.289E+10
  1219.250 3.322E+10
  1219.500 3.357E+10
  1219.750 3.391E+10
  1220.000 3.403E+10
  1220.250 3.370E+10
  1220.500 3.366E+10
  1220.750 3.365E+10
  1221.000 3.390E+10
  1221.250 3.501E+10
  1221.500 3.560E+10
  1221.750 3.581E+10
  1222.000 3.594E+10
  1222.250 3.606E+10
  1222.500 3.593E+10
  1222.750 3.540E+10
  1223.000 3.575E+10
  1223.250 3.640E+10
  1223.500 3.657E+10
  1223.750 3.612E+10
  1224.000 3.571E+10
  1224.250 3.644E+10
  1224.500 3.691E+10
  1224.750 3.705E+10
  1225.000 3.719E+10
  1225.250 3.729E+10
  1225.500 3.735E+10
  1225.750 3.741E+10
  1226.000 3.746E+10
  1226.250 3.743E+10
  1226.500 3.734E+10
  1226.750 3.742E+10
  1227.000 3.765E+10
  1227.250 3.773E+10
  1227.500 3.757E+10
  1227.750 3.697E+10
  1228.000 3.688E+10
  1228.250 3.686E+10
  1228.500 3.522E+10
  1228.750 3.437E+10
  1229.000 3.558E+10
  1229.250 3.687E+10
  1229.500 3.695E+10
  1229.750 3.535E+10
  1230.000 3.324E+10
  1230.250 3.301E+10
  1230.500 3.288E+10
  1230.750 3.431E+10
  1231.000 3.620E+10
  1231.250 3.731E+10
  1231.500 3.763E+10
  1231.750 3.760E+10
  1232.000 3.752E+10
  1232.250 3.684E+10
  1232.500 3.612E+10
  1232.750 3.688E+10
  1233.000 3.756E+10
  1233.250 3.771E+10
  1233.500 3.777E+10
  1233.750 3.780E+10
  1234.000 3.775E+10
  1234.250 3.771E+10
  1234.500 3.767E+10
  1234.750 3.766E+10
  1235.000 3.775E+10
  1235.250 3.775E+10
  1235.500 3.763E+10
  1235.750 3.747E+10
  1236.000 3.745E+10
  1236.250 3.744E+10
  1236.500 3.747E+10
  1236.750 3.689E+10
  1237.000 3.631E+10
  1237.250 3.700E+10
  1237.500 3.755E+10
  1237.750 3.762E+10
  1238.000 3.755E+10
  1238.250 3.739E+10
  1238.500 3.658E+10
  1238.750 3.553E+10
  1239.000 3.628E+10
  1239.250 3.717E+10
  1239.500 3.700E+10
  1239.750 3.642E+10
  1240.000 3.587E+10
  1240.250 3.631E+10
  1240.500 3.714E+10
  1240.750 3.733E+10
  1241.000 3.722E+10
  1241.250 3.711E+10
  1241.500 3.704E+10
  1241.750 3.696E+10
  1242.000 3.694E+10
  1242.250 3.698E+10
  1242.500 3.643E+10
  1242.750 3.583E+10
  1243.000 3.643E+10
  1243.250 3.695E+10
  1243.500 3.701E+10
  1243.750 3.693E+10
  1244.000 3.652E+10
  1244.250 3.633E+10
  1244.500 3.664E+10
  1244.750 3.684E+10
  1245.000 3.671E+10
  1245.250 3.664E+10
  1245.500 3.670E+10
  1245.750 3.674E+10
  1246.000 3.681E+10
  1246.250 3.677E+10
  1246.500 3.646E+10
  1246.750 3.602E+10
  1247.000 3.601E+10
  1247.250 3.572E+10
  1247.500 3.566E+10
  1247.750 3.628E+10
  1248.000 3.632E+10
  1248.250 3.604E+10
  1248.500 3.608E+10
  1248.750 3.629E+10
  1249.000 3.632E+10
  1249.250 3.634E+10
  1249.500 3.636E+10
  1249.750 3.645E+10
  1250.000 3.642E+10
  1250.250 3.615E+10
  1250.500 3.594E+10
  1250.750 3.598E+10
  1251.000 3.614E+10
  1251.250 3.615E+10
  1251.500 3.606E+10
  1251.750 3.585E+10
  1252.000 3.575E+10
  1252.250 3.582E+10
  1252.500 3.519E+10
  1252.750 3.372E+10
  1253.000 3.396E+10
  1253.250 3.504E+10
  1253.500 3.457E+10
  1253.750 3.419E+10
  1254.000 3.530E+10
  1254.250 3.588E+10
  1254.500 3.593E+10
  1254.750 3.585E+10
  1255.000 3.582E+10
  1255.250 3.555E+10
  1255.500 3.509E+10
  1255.750 3.513E+10
  1256.000 3.549E+10
  1256.250 3.573E+10
  1256.500 3.575E+10
  1256.750 3.570E+10
  1257.000 3.561E+10
  1257.250 3.550E+10
  1257.500 3.530E+10
  1257.750 3.477E+10
  1258.000 3.411E+10
  1258.250 3.470E+10
  1258.500 3.524E+10
  1258.750 3.489E+10
  1259.000 3.486E+10
  1259.250 3.535E+10
  1259.500 3.544E+10
  1259.750 3.529E+10
  1260.000 3.466E+10
  1260.250 3.329E+10
  1260.500 3.297E+10
  1260.750 3.276E+10
  1261.000 3.274E+10
  1261.250 3.379E+10
  1261.500 3.487E+10
  1261.750 3.513E+10
  1262.000 3.524E+10
  1262.250 3.529E+10
  1262.500 3.524E+10
  1262.750 3.523E+10
  1263.000 3.520E+10
  1263.250 3.509E+10
  1263.500 3.504E+10
  1263.750 3.504E+10
  1264.000 3.486E+10
  1264.250 3.468E+10
  1264.500 3.464E+10
  1264.750 3.480E+10
  1265.000 3.491E+10
  1265.250 3.486E+10
  1265.500 3.442E+10
  1265.750 3.303E+10
  1266.000 3.201E+10
  1266.250 3.296E+10
  1266.500 3.419E+10
  1266.750 3.464E+10
  1267.000 3.469E+10
  1267.250 3.459E+10
  1267.500 3.453E+10
  1267.750 3.448E+10
  1268.000 3.456E+10
  1268.250 3.466E+10
  1268.500 3.467E+10
  1268.750 3.464E+10
  1269.000 3.461E+10
  1269.250 3.454E+10
  1269.500 3.448E+10
  1269.750 3.447E+10
  1270.000 3.443E+10
  1270.250 3.431E+10
  1270.500 3.409E+10
  1270.750 3.380E+10
  1271.000 3.312E+10
  1271.250 3.331E+10
  1271.500 3.404E+10
  1271.750 3.363E+10
  1272.000 3.235E+10
  1272.250 3.266E+10
  1272.500 3.346E+10
  1272.750 3.331E+10
  1273.000 3.344E+10
  1273.250 3.389E+10
  1273.500 3.382E+10
  1273.750 3.310E+10
  1274.000 3.324E+10
  1274.250 3.391E+10
  1274.500 3.408E+10
  1274.750 3.403E+10
  1275.000 3.403E+10
  1275.250 3.405E+10
  1275.500 3.398E+10
  1275.750 3.386E+10
  1276.000 3.377E+10
  1276.250 3.372E+10
  1276.500 3.328E+10
  1276.750 3.176E+10
  1277.000 3.088E+10
  1277.250 3.205E+10
  1277.500 3.325E+10
  1277.750 3.364E+10
  1278.000 3.310E+10
  1278.250 3.210E+10
  1278.500 3.253E+10
  1278.750 3.306E+10
  1279.000 3.288E+10
  1279.250 3.298E+10
  1279.500 3.313E+10
  1279.750 3.321E+10
  1280.000 3.337E+10
  1280.250 3.333E+10
  1280.500 3.328E+10
  1280.750 3.341E+10
  1281.000 3.343E+10
  1281.250 3.329E+10
  1281.500 3.325E+10
  1281.750 3.324E+10
  1282.000 3.297E+10
  1282.250 3.218E+10
  1282.500 3.183E+10
  1282.750 3.272E+10
  1283.000 3.308E+10
  1283.250 3.263E+10
  1283.500 3.251E+10
  1283.750 3.255E+10
  1284.000 3.215E+10
  1284.250 3.255E+10
  1284.500 3.297E+10
  1284.750 3.296E+10
  1285.000 3.230E+10
  1285.250 3.120E+10
  1285.500 3.147E+10
  1285.750 3.221E+10
  1286.000 3.155E+10
  1286.250 3.144E+10
  1286.500 3.237E+10
  1286.750 3.227E+10
  1287.000 3.145E+10
  1287.250 3.199E+10
  1287.500 3.264E+10
  1287.750 3.269E+10
  1288.000 3.239E+10
  1288.250 3.196E+10
  1288.500 3.230E+10
  1288.750 3.264E+10
  1289.000 3.271E+10
  1289.250 3.274E+10
  1289.500 3.271E+10
  1289.750 3.265E+10
  1290.000 3.262E+10
  1290.250 3.262E+10
  1290.500 3.261E+10
  1290.750 3.256E+10
  1291.000 3.227E+10
  1291.250 3.169E+10
  1291.500 3.159E+10
  1291.750 3.219E+10
  1292.000 3.243E+10
  1292.250 3.234E+10
  1292.500 3.193E+10
  1292.750 3.185E+10
  1293.000 3.217E+10
  1293.250 3.214E+10
  1293.500 3.215E+10
  1293.750 3.228E+10
  1294.000 3.226E+10
  1294.250 3.189E+10
  1294.500 3.122E+10
  1294.750 3.142E+10
  1295.000 3.132E+10
  1295.250 3.095E+10
  1295.500 3.133E+10
  1295.750 3.108E+10
  1296.000 3.128E+10
  1296.250 3.162E+10
  1296.500 3.083E+10
  1296.750 2.935E+10
  1297.000 3.009E+10
  1297.250 3.150E+10
  1297.500 3.168E+10
  1297.750 3.177E+10
  1298.000 3.192E+10
  1298.250 3.194E+10
  1298.500 3.188E+10
  1298.750 3.178E+10
  1299.000 3.180E+10
  1299.250 3.183E+10
  1299.500 3.171E+10
  1299.750 3.144E+10
  1300.000 3.147E+10
  1300.250 3.168E+10
  1300.500 3.163E+10
  1300.750 3.135E+10
  1301.000 3.072E+10
  1301.250 3.043E+10
  1301.500 3.041E+10
  1301.750 2.999E+10
  1302.000 3.065E+10
  1302.250 3.136E+10
  1302.500 3.142E+10
  1302.750 3.131E+10
  1303.000 3.134E+10
  1303.250 3.126E+10
  1303.500 3.112E+10
  1303.750 3.127E+10
  1304.000 3.140E+10
  1304.250 3.140E+10
  1304.500 3.127E+10
  1304.750 3.104E+10
  1305.000 3.108E+10
  1305.250 3.126E+10
  1305.500 3.122E+10
  1305.750 3.100E+10
  1306.000 3.067E+10
  1306.250 3.062E+10
  1306.500 3.069E+10
  1306.750 3.083E+10
  1307.000 3.091E+10
  1307.250 3.065E+10
  1307.500 3.053E+10
  1307.750 3.078E+10
  1308.000 3.099E+10
  1308.250 3.077E+10
  1308.500 2.985E+10
  1308.750 2.970E+10
  1309.000 3.058E+10
  1309.250 3.083E+10
  1309.500 3.058E+10
  1309.750 2.983E+10
  1310.000 2.959E+10
  1310.250 3.020E+10
  1310.500 3.011E+10
  1310.750 2.997E+10
  1311.000 3.017E+10
  1311.250 3.048E+10
  1311.500 3.060E+10
  1311.750 3.044E+10
  1312.000 3.048E+10
  1312.250 3.063E+10
  1312.500 3.056E+10
  1312.750 3.047E+10
  1313.000 3.051E+10
  1313.250 3.048E+10
  1313.500 3.050E+10
  1313.750 3.054E+10
  1314.000 3.045E+10
  1314.250 3.010E+10
  1314.500 2.987E+10
  1314.750 3.007E+10
  1315.000 3.016E+10
  1315.250 2.999E+10
  1315.500 2.950E+10
  1315.750 2.908E+10
  1316.000 2.934E+10
  1316.250 2.988E+10
  1316.500 3.015E+10
  1316.750 3.019E+10
  1317.000 3.017E+10
  1317.250 3.004E+10
  1317.500 2.942E+10
  1317.750 2.879E+10
  1318.000 2.927E+10
  1318.250 2.953E+10
  1318.500 2.958E+10
  1318.750 2.995E+10
  1319.000 3.009E+10
  1319.250 3.004E+10
  1319.500 3.002E+10
  1319.750 3.002E+10
  1320.000 2.990E+10
  1320.250 2.940E+10
  1320.500 2.904E+10
  1320.750 2.938E+10
  1321.000 2.967E+10
  1321.250 2.926E+10
  1321.500 2.904E+10
  1321.750 2.949E+10
  1322.000 2.978E+10
  1322.250 2.988E+10
  1322.500 2.988E+10
  1322.750 2.982E+10
  1323.000 2.947E+10
  1323.250 2.900E+10
  1323.500 2.925E+10
  1323.750 2.951E+10
  1324.000 2.911E+10
  1324.250 2.852E+10
  1324.500 2.896E+10
  1324.750 2.954E+10
  1325.000 2.965E+10
  1325.250 2.964E+10
  1325.500 2.956E+10
  1325.750 2.944E+10
  1326.000 2.946E+10
  1326.250 2.944E+10
  1326.500 2.928E+10
  1326.750 2.919E+10
  1327.000 2.909E+10
  1327.250 2.924E+10
  1327.500 2.939E+10
  1327.750 2.937E+10
  1328.000 2.934E+10
  1328.250 2.937E+10
  1328.500 2.936E+10
  1328.750 2.915E+10
  1329.000 2.830E+10
  1329.250 2.787E+10
  1329.500 2.867E+10
  1329.750 2.913E+10
  1330.000 2.907E+10
  1330.250 2.856E+10
  1330.500 2.833E+10
  1330.750 2.837E+10
  1331.000 2.804E+10
  1331.250 2.838E+10
  1331.500 2.859E+10
  1331.750 2.868E+10
  1332.000 2.885E+10
  1332.250 2.855E+10
  1332.500 2.850E+10
  1332.750 2.885E+10
  1333.000 2.895E+10
  1333.250 2.894E+10
  1333.500 2.884E+10
  1333.750 2.851E+10
  1334.000 2.841E+10
  1334.250 2.868E+10
  1334.500 2.883E+10
  1334.750 2.884E+10
  1335.000 2.880E+10
  1335.250 2.881E+10
  1335.500 2.876E+10
  1335.750 2.864E+10
  1336.000 2.854E+10
  1336.250 2.854E+10
  1336.500 2.841E+10
  1336.750 2.784E+10
  1337.000 2.793E+10
  1337.250 2.832E+10
  1337.500 2.757E+10
  1337.750 2.663E+10
  1338.000 2.756E+10
  1338.250 2.845E+10
  1338.500 2.855E+10
  1338.750 2.843E+10
  1339.000 2.843E+10
  1339.250 2.845E+10
  1339.500 2.826E+10
  1339.750 2.813E+10
  1340.000 2.831E+10
  1340.250 2.839E+10
  1340.500 2.840E+10
  1340.750 2.841E+10
  1341.000 2.838E+10
  1341.250 2.837E+10
  1341.500 2.837E+10
  1341.750 2.834E+10
  1342.000 2.825E+10
  1342.250 2.819E+10
  1342.500 2.816E+10
  1342.750 2.795E+10
  1343.000 2.779E+10
  1343.250 2.768E+10
  1343.500 2.777E+10
  1343.750 2.801E+10
  1344.000 2.802E+10
  1344.250 2.796E+10
  1344.500 2.796E+10
  1344.750 2.803E+10
  1345.000 2.803E+10
  1345.250 2.774E+10
  1345.500 2.723E+10
  1345.750 2.744E+10
  1346.000 2.789E+10
  1346.250 2.799E+10
  1346.500 2.797E+10
  1346.750 2.796E+10
  1347.000 2.794E+10
  1347.250 2.790E+10
  1347.500 2.783E+10
  1347.750 2.764E+10
  1348.000 2.737E+10
  1348.250 2.747E+10
  1348.500 2.768E+10
  1348.750 2.758E+10
  1349.000 2.742E+10
  1349.250 2.743E+10
  1349.500 2.755E+10
  1349.750 2.737E+10
  1350.000 2.687E+10
  1350.250 2.703E+10
  1350.500 2.737E+10
  1350.750 2.751E+10
  1351.000 2.757E+10
  1351.250 2.742E+10
  1351.500 2.720E+10
  1351.750 2.724E+10
  1352.000 2.731E+10
  1352.250 2.739E+10
  1352.500 2.741E+10
  1352.750 2.741E+10
  1353.000 2.740E+10
  1353.250 2.737E+10
  1353.500 2.720E+10
  1353.750 2.703E+10
  1354.000 2.722E+10
  1354.250 2.736E+10
  1354.500 2.723E+10
  1354.750 2.685E+10
  1355.000 2.685E+10
  1355.250 2.712E+10
  1355.500 2.716E+10
  1355.750 2.719E+10
  1356.000 2.726E+10
  1356.250 2.725E+10
  1356.500 2.718E+10
  1356.750 2.699E+10
  1357.000 2.694E+10
  1357.250 2.701E+10
  1357.500 2.675E+10
  1357.750 2.655E+10
  1358.000 2.664E+10
  1358.250 2.631E+10
  1358.500 2.605E+10
  1358.750 2.603E+10
  1359.000 2.617E+10
  1359.250 2.651E+10
  1359.500 2.679E+10
  1359.750 2.696E+10
  1360.000 2.699E+10
  1360.250 2.697E+10
  1360.500 2.695E+10
  1360.750 2.692E+10
  1361.000 2.671E+10
  1361.250 2.612E+10
  1361.500 2.539E+10
  1361.750 2.494E+10
  1362.000 2.576E+10
  1362.250 2.663E+10
  1362.500 2.666E+10
  1362.750 2.620E+10
  1363.000 2.585E+10
  1363.250 2.611E+10
  1363.500 2.616E+10
  1363.750 2.604E+10
  1364.000 2.631E+10
  1364.250 2.660E+10
  1364.500 2.660E+10
  1364.750 2.638E+10
  1365.000 2.620E+10
  1365.250 2.618E+10
  1365.500 2.605E+10
  1365.750 2.612E+10
  1366.000 2.633E+10
  1366.250 2.644E+10
  1366.500 2.649E+10
  1366.750 2.648E+10
  1367.000 2.640E+10
  1367.250 2.635E+10
  1367.500 2.641E+10
  1367.750 2.644E+10
  1368.000 2.642E+10
  1368.250 2.639E+10
  1368.500 2.638E+10
  1368.750 2.637E+10
  1369.000 2.633E+10
  1369.250 2.632E+10
  1369.500 2.632E+10
  1369.750 2.630E+10
  1370.000 2.624E+10
  1370.250 2.605E+10
  1370.500 2.535E+10
  1370.750 2.420E+10
  1371.000 2.343E+10
  1371.250 2.336E+10
  1371.500 2.477E+10
  1371.750 2.575E+10
  1372.000 2.585E+10
  1372.250 2.599E+10
  1372.500 2.602E+10
  1372.750 2.598E+10
  1373.000 2.596E+10
  1373.250 2.566E+10
  1373.500 2.467E+10
  1373.750 2.427E+10
  1374.000 2.457E+10
  1374.250 2.467E+10
  1374.500 2.440E+10
  1374.750 2.444E+10
  1375.000 2.532E+10
  1375.250 2.545E+10
  1375.500 2.535E+10
  1375.750 2.557E+10
  1376.000 2.544E+10
  1376.250 2.460E+10
  1376.500 2.454E+10
  1376.750 2.543E+10
  1377.000 2.576E+10
  1377.250 2.577E+10
  1377.500 2.568E+10
  1377.750 2.554E+10
  1378.000 2.540E+10
  1378.250 2.520E+10
  1378.500 2.481E+10
  1378.750 2.492E+10
  1379.000 2.514E+10
  1379.250 2.535E+10
  1379.500 2.554E+10
  1379.750 2.546E+10
  1380.000 2.514E+10
  1380.250 2.514E+10
  1380.500 2.544E+10
  1380.750 2.554E+10
  1381.000 2.553E+10
  1381.250 2.548E+10
  1381.500 2.542E+10
  1381.750 2.539E+10
  1382.000 2.541E+10
  1382.250 2.537E+10
  1382.500 2.534E+10
  1382.750 2.535E+10
  1383.000 2.535E+10
  1383.250 2.536E+10
  1383.500 2.534E+10
  1383.750 2.523E+10
  1384.000 2.497E+10
  1384.250 2.497E+10
  1384.500 2.517E+10
  1384.750 2.522E+10
  1385.000 2.513E+10
  1385.250 2.486E+10
  1385.500 2.456E+10
  1385.750 2.455E+10
  1386.000 2.497E+10
  1386.250 2.513E+10
  1386.500 2.511E+10
  1386.750 2.494E+10
  1387.000 2.451E+10
  1387.250 2.453E+10
  1387.500 2.476E+10
  1387.750 2.438E+10
  1388.000 2.396E+10
  1388.250 2.424E+10
  1388.500 2.468E+10
  1388.750 2.477E+10
  1389.000 2.462E+10
  1389.250 2.478E+10
  1389.500 2.492E+10
  1389.750 2.492E+10
  1390.000 2.491E+10
  1390.250 2.486E+10
  1390.500 2.460E+10
  1390.750 2.419E+10
  1391.000 2.408E+10
  1391.250 2.420E+10
  1391.500 2.458E+10
  1391.750 2.474E+10
  1392.000 2.455E+10
  1392.250 2.425E+10
  1392.500 2.442E+10
  1392.750 2.455E+10
  1393.000 2.434E+10
  1393.250 2.388E+10
  1393.500 2.261E+10
  1393.750 2.148E+10
  1394.000 2.250E+10
  1394.250 2.353E+10
  1394.500 2.383E+10
  1394.750 2.405E+10
  1395.000 2.442E+10
  1395.250 2.454E+10
  1395.500 2.454E+10
  1395.750 2.453E+10
  1396.000 2.449E+10
  1396.250 2.446E+10
  1396.500 2.442E+10
  1396.750 2.433E+10
  1397.000 2.425E+10
  1397.250 2.428E+10
  1397.500 2.432E+10
  1397.750 2.414E+10
  1398.000 2.403E+10
  1398.250 2.422E+10
  1398.500 2.436E+10
  1398.750 2.437E+10
  1399.000 2.435E+10
  1399.250 2.433E+10
  1399.500 2.431E+10
  1399.750 2.426E+10
  1400.000 2.398E+10
  1400.250 2.370E+10
  1400.500 2.398E+10
  1400.750 2.420E+10
  1401.000 2.421E+10
  1401.250 2.419E+10
  1401.500 2.418E+10
  1401.750 2.414E+10
  1402.000 2.391E+10
  1402.250 2.309E+10
  1402.500 2.202E+10
  1402.750 2.141E+10
  1403.000 2.242E+10
  1403.250 2.339E+10
  1403.500 2.372E+10
  1403.750 2.394E+10
  1404.000 2.388E+10
  1404.250 2.370E+10
  1404.500 2.373E+10
  1404.750 2.386E+10
  1405.000 2.386E+10
  1405.250 2.382E+10
  1405.500 2.387E+10
  1405.750 2.386E+10
  1406.000 2.381E+10
  1406.250 2.372E+10
  1406.500 2.308E+10
  1406.750 2.237E+10
  1407.000 2.261E+10
  1407.250 2.291E+10
  1407.500 2.340E+10
  1407.750 2.362E+10
  1408.000 2.340E+10
  1408.250 2.339E+10
  1408.500 2.358E+10
  1408.750 2.333E+10
  1409.000 2.258E+10
  1409.250 2.206E+10
  1409.500 2.229E+10
  1409.750 2.289E+10
  1410.000 2.333E+10
  1410.250 2.359E+10
  1410.500 2.364E+10
  1410.750 2.361E+10
  1411.000 2.352E+10
  1411.250 2.338E+10
  1411.500 2.313E+10
  1411.750 2.325E+10
  1412.000 2.349E+10
  1412.250 2.354E+10
  1412.500 2.353E+10
  1412.750 2.351E+10
  1413.000 2.347E+10
  1413.250 2.342E+10
  1413.500 2.342E+10
  1413.750 2.344E+10
  1414.000 2.343E+10
  1414.250 2.340E+10
  1414.500 2.330E+10
  1414.750 2.307E+10
  1415.000 2.263E+10
  1415.250 2.246E+10
  1415.500 2.296E+10
  1415.750 2.321E+10
  1416.000 2.304E+10
  1416.250 2.284E+10
  1416.500 2.305E+10
  1416.750 2.313E+10
  1417.000 2.306E+10
  1417.250 2.303E+10
  1417.500 2.269E+10
  1417.750 2.241E+10
  1418.000 2.227E+10
  1418.250 2.244E+10
  1418.500 2.290E+10
  1418.750 2.294E+10
  1419.000 2.265E+10
  1419.250 2.215E+10
  1419.500 2.148E+10
  1419.750 2.138E+10
  1420.000 2.197E+10
  1420.250 2.209E+10
  1420.500 2.184E+10
  1420.750 2.219E+10
  1421.000 2.262E+10
  1421.250 2.282E+10
  1421.500 2.282E+10
  1421.750 2.275E+10
  1422.000 2.281E+10
  1422.250 2.276E+10
  1422.500 2.266E+10
  1422.750 2.271E+10
  1423.000 2.260E+10
  1423.250 2.219E+10
  1423.500 2.175E+10
  1423.750 2.192E+10
  1424.000 2.242E+10
  1424.250 2.265E+10
  1424.500 2.272E+10
  1424.750 2.269E+10
  1425.000 2.263E+10
  1425.250 2.266E+10
  1425.500 2.272E+10
  1425.750 2.273E+10
  1426.000 2.271E+10
  1426.250 2.267E+10
  1426.500 2.265E+10
  1426.750 2.265E+10
  1427.000 2.265E+10
  1427.250 2.263E+10
  1427.500 2.258E+10
  1427.750 2.245E+10
  1428.000 2.239E+10
  1428.250 2.247E+10
  1428.500 2.252E+10
  1428.750 2.241E+10
  1429.000 2.221E+10
  1429.250 2.199E+10
  1429.500 2.182E+10
  1429.750 2.218E+10
  1430.000 2.232E+10
  1430.250 2.192E+10
  1430.500 2.137E+10
  1430.750 2.162E+10
  1431.000 2.219E+10
  1431.250 2.237E+10
  1431.500 2.238E+10
  1431.750 2.231E+10
  1432.000 2.228E+10
  1432.250 2.233E+10
  1432.500 2.233E+10
  1432.750 2.224E+10
  1433.000 2.216E+10
  1433.250 2.218E+10
  1433.500 2.224E+10
  1433.750 2.227E+10
  1434.000 2.226E+10
  1434.250 2.224E+10
  1434.500 2.222E+10
  1434.750 2.213E+10
  1435.000 2.196E+10
  1435.250 2.197E+10
  1435.500 2.209E+10
  1435.750 2.215E+10
  1436.000 2.215E+10
  1436.250 2.213E+10
  1436.500 2.210E+10
  1436.750 2.205E+10
  1437.000 2.202E+10
  1437.250 2.198E+10
  1437.500 2.186E+10
  1437.750 2.191E+10
  1438.000 2.201E+10
  1438.250 2.202E+10
  1438.500 2.199E+10
  1438.750 2.186E+10
  1439.000 2.164E+10
  1439.250 2.173E+10
  1439.500 2.187E+10
  1439.750 2.183E+10
  1440.000 2.164E+10
  1440.250 2.119E+10
  1440.500 2.071E+10
  1440.750 2.082E+10
  1441.000 2.105E+10
  1441.250 2.145E+10
  1441.500 2.174E+10
  1441.750 2.169E+10
  1442.000 2.140E+10
  1442.250 2.120E+10
  1442.500 2.154E+10
  1442.750 2.172E+10
  1443.000 2.165E+10
  1443.250 2.161E+10
  1443.500 2.167E+10
  1443.750 2.169E+10
  1444.000 2.169E+10
  1444.250 2.169E+10
  1444.500 2.167E+10
  1444.750 2.166E+10
  1445.000 2.164E+10
  1445.250 2.162E+10
  1445.500 2.154E+10
  1445.750 2.146E+10
  1446.000 2.145E+10
  1446.250 2.132E+10
  1446.500 2.083E+10
  1446.750 2.072E+10
  1447.000 2.118E+10
  1447.250 2.139E+10
  1447.500 2.138E+10
  1447.750 2.138E+10
  1448.000 2.136E+10
  1448.250 2.116E+10
  1448.500 2.081E+10
  1448.750 2.061E+10
  1449.000 2.088E+10
  1449.250 2.129E+10
  1449.500 2.125E+10
  1449.750 2.086E+10
  1450.000 2.081E+10
  1450.250 2.119E+10
  1450.500 2.132E+10
  1450.750 2.126E+10
  1451.000 2.115E+10
  1451.250 2.115E+10
  1451.500 2.124E+10
  1451.750 2.127E+10
  1452.000 2.126E+10
  1452.250 2.124E+10
  1452.500 2.120E+10
  1452.750 2.110E+10
  1453.000 2.104E+10
  1453.250 2.093E+10
  1453.500 2.060E+10
  1453.750 2.062E+10
  1454.000 2.085E+10
  1454.250 2.090E+10
  1454.500 2.082E+10
  1454.750 2.075E+10
  1455.000 2.079E+10
  1455.250 2.048E+10
  1455.500 2.026E+10
  1455.750 2.054E+10
  1456.000 2.044E+10
  1456.250 2.022E+10
  1456.500 2.068E+10
  1456.750 2.098E+10
  1457.000 2.101E+10
  1457.250 2.096E+10
  1457.500 2.078E+10
  1457.750 2.063E+10
  1458.000 2.080E+10
  1458.250 2.091E+10
  1458.500 2.091E+10
  1458.750 2.087E+10
  1459.000 2.070E+10
  1459.250 2.040E+10
  1459.500 2.010E+10
  1459.750 1.970E+10
  1460.000 2.014E+10
  1460.250 2.068E+10
  1460.500 2.062E+10
  1460.750 2.043E+10
  1461.000 2.056E+10
  1461.250 2.072E+10
  1461.500 2.076E+10
  1461.750 2.076E+10
  1462.000 2.074E+10
  1462.250 2.062E+10
  1462.500 2.031E+10
  1462.750 2.028E+10
  1463.000 2.057E+10
  1463.250 2.066E+10
  1463.500 2.061E+10
  1463.750 2.056E+10
  1464.000 2.047E+10
  1464.250 2.031E+10
  1464.500 1.996E+10
  1464.750 1.962E+10
  1465.000 1.995E+10
  1465.250 1.998E+10
  1465.500 1.997E+10
  1465.750 2.030E+10
  1466.000 2.044E+10
  1466.250 2.042E+10
  1466.500 2.011E+10
  1466.750 2.003E+10
  1467.000 2.033E+10
  1467.250 2.044E+10
  1467.500 2.045E+10
  1467.750 2.043E+10
  1468.000 2.030E+10
  1468.250 2.020E+10
  1468.500 2.024E+10
  1468.750 1.991E+10
  1469.000 1.960E+10
  1469.250 2.002E+10
  1469.500 2.031E+10
  1469.750 2.035E+10
  1470.000 2.034E+10
  1470.250 2.032E+10
  1470.500 2.031E+10
  1470.750 2.029E+10
  1471.000 2.025E+10
  1471.250 2.019E+10
  1471.500 2.020E+10
  1471.750 2.009E+10
  1472.000 1.972E+10
  1472.250 1.958E+10
  1472.500 1.962E+10
  1472.750 1.989E+10
  1473.000 2.012E+10
  1473.250 2.016E+10
  1473.500 2.016E+10
  1473.750 2.015E+10
  1474.000 2.011E+10
  1474.250 2.005E+10
  1474.500 2.006E+10
  1474.750 2.007E+10
  1475.000 2.006E+10
  1475.250 1.998E+10
  1475.500 1.981E+10
  1475.750 1.983E+10
  1476.000 1.997E+10
  1476.250 2.001E+10
  1476.500 1.998E+10
  1476.750 1.997E+10
  1477.000 1.998E+10
  1477.250 1.994E+10
  1477.500 1.984E+10
  1477.750 1.975E+10
  1478.000 1.979E+10
  1478.250 1.985E+10
  1478.500 1.985E+10
  1478.750 1.981E+10
  1479.000 1.979E+10
  1479.250 1.955E+10
  1479.500 1.931E+10
  1479.750 1.949E+10
  1480.000 1.963E+10
  1480.250 1.974E+10
  1480.500 1.978E+10
  1480.750 1.978E+10
  1481.000 1.977E+10
  1481.250 1.974E+10
  1481.500 1.972E+10
  1481.750 1.972E+10
  1482.000 1.973E+10
  1482.250 1.972E+10
  1482.500 1.969E+10
  1482.750 1.964E+10
  1483.000 1.960E+10
  1483.250 1.960E+10
  1483.500 1.964E+10
  1483.750 1.965E+10
  1484.000 1.958E+10
  1484.250 1.952E+10
  1484.500 1.954E+10
  1484.750 1.949E+10
  1485.000 1.937E+10
  1485.250 1.934E+10
  1485.500 1.937E+10
  1485.750 1.947E+10
  1486.000 1.951E+10
  1486.250 1.950E+10
  1486.500 1.945E+10
  1486.750 1.942E+10
  1487.000 1.945E+10
  1487.250 1.947E+10
  1487.500 1.947E+10
  1487.750 1.947E+10
  1488.000 1.945E+10
  1488.250 1.943E+10
  1488.500 1.941E+10
  1488.750 1.938E+10
  1489.000 1.933E+10
  1489.250 1.927E+10
  1489.500 1.928E+10
  1489.750 1.929E+10
  1490.000 1.929E+10
  1490.250 1.920E+10
  1490.500 1.913E+10
  1490.750 1.920E+10
  1491.000 1.927E+10
  1491.250 1.927E+10
  1491.500 1.927E+10
  1491.750 1.927E+10
  1492.000 1.926E+10
  1492.250 1.925E+10
  1492.500 1.924E+10
  1492.750 1.922E+10
  1493.000 1.918E+10
  1493.250 1.917E+10
  1493.500 1.918E+10
  1493.750 1.918E+10
  1494.000 1.917E+10
  1494.250 1.915E+10
  1494.500 1.912E+10
  1494.750 1.907E+10
  1495.000 1.905E+10
  1495.250 1.900E+10
  1495.500 1.893E+10
  1495.750 1.897E+10
  1496.000 1.892E+10
  1496.250 1.877E+10
  1496.500 1.889E+10
  1496.750 1.901E+10
  1497.000 1.900E+10
  1497.250 1.900E+10
  1497.500 1.898E+10
  1497.750 1.889E+10
  1498.000 1.881E+10
  1498.250 1.888E+10
  1498.500 1.893E+10
  1498.750 1.894E+10
  1499.000 1.893E+10
  1499.250 1.892E+10
  1499.500 1.891E+10
  1499.750 1.888E+10
  1500.000 1.886E+10
  1500.250 1.886E+10
  1500.500 1.885E+10
  1500.750 1.884E+10
  1501.000 1.884E+10
  1501.250 1.883E+10
  1501.500 1.882E+10
  1501.750 1.880E+10
  1502.000 1.877E+10
  1502.250 1.872E+10
  1502.500 1.872E+10
  1502.750 1.875E+10
  1503.000 1.875E+10
  1503.250 1.871E+10
  1503.500 1.866E+10
  1503.750 1.865E+10
  1504.000 1.862E+10
  1504.250 1.853E+10
  1504.500 1.855E+10
  1504.750 1.862E+10
  1505.000 1.864E+10
  1505.250 1.865E+10
  1505.500 1.864E+10
  1505.750 1.863E+10
  1506.000 1.862E+10
  1506.250 1.860E+10
  1506.500 1.859E+10
  1506.750 1.857E+10
  1507.000 1.854E+10
  1507.250 1.853E+10
  1507.500 1.851E+10
  1507.750 1.847E+10
  1508.000 1.848E+10
  1508.250 1.849E+10
  1508.500 1.847E+10
  1508.750 1.842E+10
  1509.000 1.843E+10
  1509.250 1.846E+10
  1509.500 1.843E+10
  1509.750 1.840E+10
  1510.000 1.840E+10
  1510.250 1.839E+10
  1510.500 1.834E+10
  1510.750 1.831E+10
  1511.000 1.833E+10
  1511.250 1.831E+10
  1511.500 1.832E+10
  1511.750 1.834E+10
  1512.000 1.834E+10
  1512.250 1.833E+10
  1512.500 1.832E+10
  1512.750 1.831E+10
  1513.000 1.829E+10
  1513.250 1.828E+10
  1513.500 1.825E+10
  1513.750 1.824E+10
  1514.000 1.825E+10
  1514.250 1.824E+10
  1514.500 1.822E+10
  1514.750 1.817E+10
  1515.000 1.812E+10
  1515.250 1.814E+10
  1515.500 1.816E+10
  1515.750 1.815E+10
  1516.000 1.816E+10
  1516.250 1.815E+10
  1516.500 1.812E+10
  1516.750 1.807E+10
  1517.000 1.809E+10
  1517.250 1.811E+10
  1517.500 1.807E+10
  1517.750 1.800E+10
  1518.000 1.802E+10
  1518.250 1.806E+10
  1518.500 1.805E+10
  1518.750 1.796E+10
  1519.000 1.782E+10
  1519.250 1.788E+10
  1519.500 1.796E+10
  1519.750 1.794E+10
  1520.000 1.794E+10
  1520.250 1.797E+10
  1520.500 1.797E+10
  1520.750 1.796E+10
  1521.000 1.795E+10
  1521.250 1.794E+10
  1521.500 1.793E+10
  1521.750 1.792E+10
  1522.000 1.791E+10
  1522.250 1.790E+10
  1522.500 1.789E+10
  1522.750 1.787E+10
  1523.000 1.786E+10
  1523.250 1.785E+10
  1523.500 1.785E+10
  1523.750 1.783E+10
  1524.000 1.782E+10
  1524.250 1.781E+10
  1524.500 1.780E+10
  1524.750 1.777E+10
  1525.000 1.770E+10
  1525.250 1.763E+10
  1525.500 1.767E+10
  1525.750 1.772E+10
  1526.000 1.772E+10
  1526.250 1.771E+10
  1526.500 1.768E+10
  1526.750 1.766E+10
  1527.000 1.768E+10
  1527.250 1.768E+10
  1527.500 1.767E+10
  1527.750 1.765E+10
  1528.000 1.761E+10
  1528.250 1.758E+10
  1528.500 1.757E+10
  1528.750 1.760E+10
  1529.000 1.761E+10
  1529.250 1.759E+10
  1529.500 1.757E+10
  1529.750 1.756E+10
  1530.000 1.753E+10
  1530.250 1.743E+10
  1530.500 1.740E+10
  1530.750 1.748E+10
  1531.000 1.751E+10
  1531.250 1.750E+10
  1531.500 1.747E+10
  1531.750 1.741E+10
  1532.000 1.728E+10
  1532.250 1.720E+10
  1532.500 1.721E+10
  1532.750 1.719E+10
  1533.000 1.710E+10
  1533.250 1.699E+10
  1533.500 1.711E+10
  1533.750 1.728E+10
  1534.000 1.734E+10
  1534.250 1.735E+10
  1534.500 1.736E+10
  1534.750 1.736E+10
  1535.000 1.735E+10
  1535.250 1.734E+10
  1535.500 1.733E+10
  1535.750 1.731E+10
  1536.000 1.731E+10
  1536.250 1.730E+10
  1536.500 1.729E+10
  1536.750 1.728E+10
  1537.000 1.727E+10
  1537.250 1.725E+10
  1537.500 1.724E+10
  1537.750 1.723E+10
  1538.000 1.718E+10
  1538.250 1.709E+10
  1538.500 1.704E+10
  1538.750 1.706E+10
  1539.000 1.712E+10
  1539.250 1.713E+10
  1539.500 1.712E+10
  1539.750 1.714E+10
  1540.000 1.713E+10
  1540.250 1.711E+10
  1540.500 1.709E+10
  1540.750 1.708E+10
  1541.000 1.706E+10
  1541.250 1.706E+10
  1541.500 1.705E+10
  1541.750 1.704E+10
  1542.000 1.703E+10
  1542.250 1.701E+10
  1542.500 1.699E+10
  1542.750 1.696E+10
  1543.000 1.686E+10
  1543.250 1.675E+10
  1543.500 1.684E+10
  1543.750 1.690E+10
  1544.000 1.684E+10
  1544.250 1.677E+10
  1544.500 1.681E+10
  1544.750 1.683E+10
  1545.000 1.681E+10
  1545.250 1.678E+10
  1545.500 1.674E+10
  1545.750 1.669E+10
  1546.000 1.663E+10
  1546.250 1.656E+10
  1546.500 1.646E+10
  1546.750 1.631E+10
  1547.000 1.609E+10
  1547.250 1.574E+10
  1547.500 1.517E+10
  1547.750 1.423E+10
  1548.000 1.296E+10
  1548.250 1.249E+10
  1548.500 1.348E+10
  1548.750 1.462E+10
  1549.000 1.532E+10
  1549.250 1.570E+10
  1549.500 1.583E+10
  1549.750 1.570E+10
  1550.000 1.545E+10
  1550.250 1.491E+10
  1550.500 1.370E+10
  1550.750 1.272E+10
  1551.000 1.344E+10
  1551.250 1.479E+10
  1551.500 1.561E+10
  1551.750 1.601E+10
  1552.000 1.621E+10
  1552.250 1.632E+10
  1552.500 1.639E+10
  1552.750 1.642E+10
  1553.000 1.643E+10
  1553.250 1.646E+10
  1553.500 1.649E+10
  1553.750 1.646E+10
  1554.000 1.627E+10
  1554.250 1.612E+10
  1554.500 1.634E+10
  1554.750 1.648E+10
  1555.000 1.648E+10
  1555.250 1.645E+10
  1555.500 1.643E+10
  1555.750 1.646E+10
  1556.000 1.647E+10
  1556.250 1.646E+10
  1556.500 1.642E+10
  1556.750 1.638E+10
  1557.000 1.635E+10
  1557.250 1.631E+10
  1557.500 1.635E+10
  1557.750 1.639E+10
  1558.000 1.640E+10
  1558.250 1.640E+10
  1558.500 1.639E+10
  1558.750 1.639E+10
  1559.000 1.638E+10
  1559.250 1.637E+10
  1559.500 1.637E+10
  1559.750 1.636E+10
  1560.000 1.635E+10
  1560.250 1.634E+10
  1560.500 1.633E+10
  1560.750 1.632E+10
  1561.000 1.631E+10
  1561.250 1.630E+10
  1561.500 1.630E+10
  1561.750 1.629E+10
  1562.000 1.628E+10
  1562.250 1.627E+10
  1562.500 1.625E+10
  1562.750 1.625E+10
  1563.000 1.624E+10
  1563.250 1.623E+10
  1563.500 1.621E+10
  1563.750 1.616E+10
  1564.000 1.613E+10
  1564.250 1.615E+10
  1564.500 1.617E+10
  1564.750 1.616E+10
  1565.000 1.604E+10
  1565.250 1.587E+10
  1565.500 1.597E+10
  1565.750 1.609E+10
  1566.000 1.612E+10
  1566.250 1.611E+10
  1566.500 1.607E+10
  1566.750 1.606E+10
  1567.000 1.608E+10
  1567.250 1.608E+10
  1567.500 1.607E+10
  1567.750 1.606E+10
  1568.000 1.605E+10
  1568.250 1.602E+10
  1568.500 1.600E+10
  1568.750 1.599E+10
  1569.000 1.600E+10
  1569.250 1.600E+10
  1569.500 1.599E+10
  1569.750 1.597E+10
  1570.000 1.595E+10
  1570.250 1.594E+10
  1570.500 1.595E+10
  1570.750 1.594E+10
  1571.000 1.593E+10
  1571.250 1.593E+10
  1571.500 1.592E+10
  1571.750 1.589E+10
  1572.000 1.587E+10
  1572.250 1.585E+10
  1572.500 1.580E+10
  1572.750 1.581E+10
  1573.000 1.585E+10
  1573.250 1.586E+10
  1573.500 1.585E+10
  1573.750 1.584E+10
  1574.000 1.583E+10
  1574.250 1.582E+10
  1574.500 1.581E+10
  1574.750 1.580E+10
  1575.000 1.579E+10
  1575.250 1.578E+10
  1575.500 1.577E+10
  1575.750 1.574E+10
  1576.000 1.569E+10
  1576.250 1.562E+10
  1576.500 1.561E+10
  1576.750 1.567E+10
  1577.000 1.570E+10
  1577.250 1.568E+10
  1577.500 1.567E+10
  1577.750 1.566E+10
  1578.000 1.565E+10
  1578.250 1.565E+10
  1578.500 1.566E+10
  1578.750 1.565E+10
  1579.000 1.564E+10
  1579.250 1.562E+10
  1579.500 1.551E+10
  1579.750 1.544E+10
  1580.000 1.554E+10
  1580.250 1.559E+10
  1580.500 1.559E+10
  1580.750 1.558E+10
  1581.000 1.557E+10
  1581.250 1.556E+10
  1581.500 1.555E+10
  1581.750 1.554E+10
  1582.000 1.553E+10
  1582.250 1.552E+10
  1582.500 1.549E+10
  1582.750 1.536E+10
  1583.000 1.514E+10
  1583.250 1.521E+10
  1583.500 1.541E+10
  1583.750 1.544E+10
  1584.000 1.541E+10
  1584.250 1.533E+10
  1584.500 1.529E+10
  1584.750 1.533E+10
  1585.000 1.532E+10
  1585.250 1.523E+10
  1585.500 1.500E+10
  1585.750 1.463E+10
  1586.000 1.438E+10
  1586.250 1.455E+10
  1586.500 1.494E+10
  1586.750 1.517E+10
  1587.000 1.525E+10
  1587.250 1.528E+10
  1587.500 1.529E+10
  1587.750 1.530E+10
  1588.000 1.529E+10
  1588.250 1.529E+10
  1588.500 1.528E+10
  1588.750 1.523E+10
  1589.000 1.519E+10
  1589.250 1.520E+10
  1589.500 1.522E+10
  1589.750 1.524E+10
  1590.000 1.524E+10
  1590.250 1.524E+10
  1590.500 1.523E+10
  1590.750 1.522E+10
  1591.000 1.521E+10
  1591.250 1.517E+10
  1591.500 1.508E+10
  1591.750 1.502E+10
  1592.000 1.507E+10
  1592.250 1.502E+10
  1592.500 1.503E+10
  1592.750 1.512E+10
  1593.000 1.514E+10
  1593.250 1.513E+10
  1593.500 1.511E+10
  1593.750 1.508E+10
  1594.000 1.509E+10
  1594.250 1.509E+10
  1594.500 1.508E+10
  1594.750 1.507E+10
  1595.000 1.507E+10
  1595.250 1.507E+10
  1595.500 1.506E+10
  1595.750 1.505E+10
  1596.000 1.504E+10
  1596.250 1.501E+10
  1596.500 1.500E+10
  1596.750 1.500E+10
  1597.000 1.499E+10
  1597.250 1.498E+10
  1597.500 1.498E+10
  1597.750 1.498E+10
  1598.000 1.497E+10
  1598.250 1.495E+10
  1598.500 1.488E+10
  1598.750 1.481E+10
  1599.000 1.485E+10
  1599.250 1.492E+10
  1599.500 1.492E+10
  1599.750 1.491E+10
  1600.000 1.490E+10
  1600.250 1.489E+10
  1600.500 1.487E+10
  1600.750 1.485E+10
  1601.000 1.486E+10
  1601.250 1.486E+10
  1601.500 1.485E+10
  1601.750 1.484E+10
  1602.000 1.483E+10
  1602.250 1.482E+10
  1602.500 1.481E+10
  1602.750 1.479E+10
  1603.000 1.472E+10
  1603.250 1.469E+10
  1603.500 1.475E+10
  1603.750 1.477E+10
  1604.000 1.477E+10
  1604.250 1.475E+10
  1604.500 1.474E+10
  1604.750 1.473E+10
  1605.000 1.473E+10
  1605.250 1.472E+10
  1605.500 1.467E+10
  1605.750 1.460E+10
  1606.000 1.463E+10
  1606.250 1.466E+10
  1606.500 1.461E+10
  1606.750 1.452E+10
  1607.000 1.457E+10
  1607.250 1.464E+10
  1607.500 1.462E+10
  1607.750 1.456E+10
  1608.000 1.457E+10
  1608.250 1.461E+10
  1608.500 1.461E+10
  1608.750 1.457E+10
  1609.000 1.450E+10
  1609.250 1.449E+10
  1609.500 1.454E+10
  1609.750 1.455E+10
  1610.000 1.454E+10
  1610.250 1.451E+10
  1610.500 1.448E+10
  1610.750 1.448E+10
  1611.000 1.450E+10
  1611.250 1.450E+10
  1611.500 1.446E+10
  1611.750 1.434E+10
  1612.000 1.434E+10
  1612.250 1.444E+10
  1612.500 1.447E+10
  1612.750 1.447E+10
  1613.000 1.445E+10
  1613.250 1.442E+10
  1613.500 1.442E+10
  1613.750 1.442E+10
  1614.000 1.437E+10
  1614.250 1.436E+10
  1614.500 1.437E+10
  1614.750 1.436E+10
  1615.000 1.436E+10
  1615.250 1.438E+10
  1615.500 1.438E+10
  1615.750 1.438E+10
  1616.000 1.437E+10
  1616.250 1.436E+10
  1616.500 1.435E+10
  1616.750 1.432E+10
  1617.000 1.428E+10
  1617.250 1.429E+10
  1617.500 1.429E+10
  1617.750 1.429E+10
  1618.000 1.428E+10
  1618.250 1.428E+10
  1618.500 1.428E+10
  1618.750 1.428E+10
  1619.000 1.426E+10
  1619.250 1.424E+10
  1619.500 1.422E+10
  1619.750 1.417E+10
  1620.000 1.409E+10
  1620.250 1.410E+10
  1620.500 1.415E+10
  1620.750 1.416E+10
  1621.000 1.416E+10
  1621.250 1.417E+10
  1621.500 1.417E+10
  1621.750 1.417E+10
  1622.000 1.417E+10
  1622.250 1.417E+10
  1622.500 1.416E+10
  1622.750 1.415E+10
  1623.000 1.414E+10
  1623.250 1.413E+10
  1623.500 1.411E+10
  1623.750 1.409E+10
  1624.000 1.403E+10
  1624.250 1.396E+10
  1624.500 1.402E+10
  1624.750 1.407E+10
  1625.000 1.399E+10
  1625.250 1.387E+10
  1625.500 1.395E+10
  1625.750 1.404E+10
  1626.000 1.404E+10
  1626.250 1.403E+10
  1626.500 1.402E+10
  1626.750 1.402E+10
  1627.000 1.401E+10
  1627.250 1.400E+10
  1627.500 1.400E+10
  1627.750 1.399E+10
  1628.000 1.398E+10
  1628.250 1.397E+10
  1628.500 1.397E+10
  1628.750 1.396E+10
  1629.000 1.395E+10
  1629.250 1.394E+10
  1629.500 1.392E+10
  1629.750 1.389E+10
  1630.000 1.386E+10
  1630.250 1.383E+10
  1630.500 1.377E+10
  1630.750 1.373E+10
  1631.000 1.372E+10
  1631.250 1.372E+10
  1631.500 1.372E+10
  1631.750 1.370E+10
  1632.000 1.368E+10
  1632.250 1.366E+10
  1632.500 1.364E+10
  1632.750 1.363E+10
  1633.000 1.361E+10
  1633.250 1.359E+10
  1633.500 1.356E+10
  1633.750 1.352E+10
  1634.000 1.346E+10
  1634.250 1.335E+10
  1634.500 1.319E+10
  1634.750 1.318E+10
  1635.000 1.329E+10
  1635.250 1.333E+10
  1635.500 1.332E+10
  1635.750 1.328E+10
  1636.000 1.324E+10
  1636.250 1.319E+10
  1636.500 1.314E+10
  1636.750 1.308E+10
  1637.000 1.301E+10
  1637.250 1.293E+10
  1637.500 1.285E+10
  1637.750 1.275E+10
  1638.000 1.263E+10
  1638.250 1.247E+10
  1638.500 1.230E+10
  1638.750 1.215E+10
  1639.000 1.198E+10
  1639.250 1.174E+10
  1639.500 1.147E+10
  1639.750 1.113E+10
  1640.000 1.064E+10
  1640.250 1.003E+10
  1640.500 9.880E+09
  1640.750 1.037E+10
  1641.000 1.093E+10
  1641.250 1.130E+10
  1641.500 1.159E+10
  1641.750 1.182E+10
  1642.000 1.202E+10
  1642.250 1.218E+10
  1642.500 1.232E+10
  1642.750 1.243E+10
  1643.000 1.253E+10
  1643.250 1.261E+10
  1643.500 1.268E+10
  1643.750 1.277E+10
  1644.000 1.282E+10
  1644.250 1.288E+10
  1644.500 1.294E+10
  1644.750 1.297E+10
  1645.000 1.300E+10
  1645.250 1.303E+10
  1645.500 1.305E+10
  1645.750 1.306E+10
  1646.000 1.309E+10
  1646.250 1.312E+10
  1646.500 1.313E+10
  1646.750 1.314E+10
  1647.000 1.315E+10
  1647.250 1.316E+10
  1647.500 1.317E+10
  1647.750 1.318E+10
  1648.000 1.318E+10
  1648.250 1.316E+10
  1648.500 1.308E+10
  1648.750 1.308E+10
  1649.000 1.315E+10
  1649.250 1.318E+10
  1649.500 1.316E+10
  1649.750 1.317E+10
  1650.000 1.318E+10
  1650.250 1.318E+10
  1650.500 1.318E+10
  1650.750 1.318E+10
  1651.000 1.318E+10
  1651.250 1.317E+10
  1651.500 1.315E+10
  1651.750 1.310E+10
  1652.000 1.310E+10
  1652.250 1.316E+10
  1652.500 1.318E+10
  1652.750 1.319E+10
  1653.000 1.318E+10
  1653.250 1.315E+10
  1653.500 1.310E+10
  1653.750 1.305E+10
  1654.000 1.302E+10
  1654.250 1.302E+10
  1654.500 1.298E+10
  1654.750 1.296E+10
  1655.000 1.305E+10
  1655.250 1.312E+10
  1655.500 1.311E+10
  1655.750 1.311E+10
  1656.000 1.312E+10
  1656.250 1.312E+10
  1656.500 1.311E+10
  1656.750 1.310E+10
  1657.000 1.310E+10
  1657.250 1.309E+10
  1657.500 1.309E+10
  1657.750 1.308E+10
  1658.000 1.307E+10
  1658.250 1.305E+10
  1658.500 1.303E+10
  1658.750 1.299E+10
  1659.000 1.296E+10
  1659.250 1.300E+10
  1659.500 1.301E+10
  1659.750 1.301E+10
  1660.000 1.300E+10
  1660.250 1.300E+10
  1660.500 1.299E+10
  1660.750 1.298E+10
  1661.000 1.298E+10
  1661.250 1.297E+10
  1661.500 1.297E+10
  1661.750 1.295E+10
  1662.000 1.294E+10
  1662.250 1.294E+10
  1662.500 1.293E+10
  1662.750 1.292E+10
  1663.000 1.291E+10
  1663.250 1.290E+10
  1663.500 1.290E+10
  1663.750 1.290E+10
  1664.000 1.290E+10
  1664.250 1.289E+10
  1664.500 1.289E+10
  1664.750 1.288E+10
  1665.000 1.287E+10
  1665.250 1.287E+10
  1665.500 1.286E+10
  1665.750 1.285E+10
  1666.000 1.284E+10
  1666.250 1.284E+10
  1666.500 1.283E+10
  1666.750 1.282E+10
  1667.000 1.282E+10
  1667.250 1.281E+10
  1667.500 1.280E+10
  1667.750 1.279E+10
  1668.000 1.279E+10
  1668.250 1.278E+10
  1668.500 1.277E+10
  1668.750 1.276E+10
  1669.000 1.275E+10
  1669.250 1.275E+10
  1669.500 1.274E+10
  1669.750 1.274E+10
  1670.000 1.273E+10
  1670.250 1.272E+10
  1670.500 1.272E+10
  1670.750 1.271E+10
  1671.000 1.270E+10
  1671.250 1.269E+10
  1671.500 1.269E+10
  1671.750 1.268E+10
  1672.000 1.267E+10
  1672.250 1.266E+10
  1672.500 1.265E+10
  1672.750 1.265E+10
  1673.000 1.264E+10
  1673.250 1.264E+10
  1673.500 1.263E+10
  1673.750 1.262E+10
  1674.000 1.262E+10
  1674.250 1.261E+10
  1674.500 1.261E+10
  1674.750 1.260E+10
  1675.000 1.259E+10
  1675.250 1.258E+10
  1675.500 1.257E+10
  1675.750 1.256E+10
  1676.000 1.255E+10
  1676.250 1.250E+10
  1676.500 1.247E+10
  1676.750 1.251E+10
  1677.000 1.252E+10
  1677.250 1.251E+10
  1677.500 1.250E+10
  1677.750 1.251E+10
  1678.000 1.251E+10
  1678.250 1.250E+10
  1678.500 1.249E+10
  1678.750 1.248E+10
  1679.000 1.248E+10
  1679.250 1.247E+10
  1679.500 1.245E+10
  1679.750 1.241E+10
  1680.000 1.235E+10
  1680.250 1.238E+10
  1680.500 1.243E+10
  1680.750 1.243E+10
  1681.000 1.243E+10
  1681.250 1.242E+10
  1681.500 1.241E+10
  1681.750 1.240E+10
  1682.000 1.240E+10
  1682.250 1.239E+10
  1682.500 1.237E+10
  1682.750 1.225E+10
  1683.000 1.208E+10
  1683.250 1.217E+10
  1683.500 1.232E+10
  1683.750 1.235E+10
  1684.000 1.234E+10
  1684.250 1.234E+10
  1684.500 1.233E+10
  1684.750 1.232E+10
  1685.000 1.232E+10
  1685.250 1.231E+10
  1685.500 1.230E+10
  1685.750 1.230E+10
  1686.000 1.229E+10
  1686.250 1.228E+10
  1686.500 1.227E+10
  1686.750 1.226E+10
  1687.000 1.225E+10
  1687.250 1.224E+10
  1687.500 1.224E+10
  1687.750 1.224E+10
  1688.000 1.224E+10
  1688.250 1.223E+10
  1688.500 1.222E+10
  1688.750 1.222E+10
  1689.000 1.221E+10
  1689.250 1.220E+10
  1689.500 1.220E+10
  1689.750 1.219E+10
  1690.000 1.218E+10
  1690.250 1.217E+10
  1690.500 1.217E+10
  1690.750 1.216E+10
  1691.000 1.216E+10
  1691.250 1.215E+10
  1691.500 1.214E+10
  1691.750 1.214E+10
  1692.000 1.213E+10
  1692.250 1.212E+10
  1692.500 1.212E+10
  1692.750 1.211E+10
  1693.000 1.210E+10
  1693.250 1.210E+10
  1693.500 1.209E+10
  1693.750 1.208E+10
  1694.000 1.208E+10
  1694.250 1.207E+10
  1694.500 1.206E+10
  1694.750 1.206E+10
  1695.000 1.205E+10
  1695.250 1.205E+10
  1695.500 1.204E+10
  1695.750 1.203E+10
  1696.000 1.202E+10
  1696.250 1.202E+10
  1696.500 1.201E+10
  1696.750 1.200E+10
  1697.000 1.199E+10
  1697.250 1.197E+10
  1697.500 1.197E+10
  1697.750 1.198E+10
  1698.000 1.197E+10
  1698.250 1.196E+10
  1698.500 1.190E+10
  1698.750 1.177E+10
  1699.000 1.180E+10
  1699.250 1.190E+10
  1699.500 1.192E+10
  1699.750 1.192E+10
  1700.000 1.192E+10
  1700.250 1.191E+10
  1700.500 1.190E+10
  1700.750 1.190E+10
  1701.000 1.189E+10
  1701.250 1.189E+10
  1701.500 1.188E+10
  1701.750 1.188E+10
  1702.000 1.187E+10
  1702.250 1.186E+10
  1702.500 1.185E+10
  1702.750 1.184E+10
  1703.000 1.183E+10
  1703.250 1.177E+10
  1703.500 1.173E+10
  1703.750 1.177E+10
  1704.000 1.180E+10
  1704.250 1.181E+10
  1704.500 1.180E+10
  1704.750 1.177E+10
  1705.000 1.176E+10
  1705.250 1.177E+10
  1705.500 1.177E+10
  1705.750 1.177E+10
  1706.000 1.176E+10
  1706.250 1.176E+10
  1706.500 1.175E+10
  1706.750 1.173E+10
  1707.000 1.171E+10
  1707.250 1.171E+10
  1707.500 1.172E+10
  1707.750 1.172E+10
  1708.000 1.171E+10
  1708.250 1.171E+10
  1708.500 1.170E+10
  1708.750 1.170E+10
  1709.000 1.169E+10
  1709.250 1.168E+10
  1709.500 1.167E+10
  1709.750 1.165E+10
  1710.000 1.165E+10
  1710.250 1.165E+10
  1710.500 1.165E+10
  1710.750 1.164E+10
  1711.000 1.164E+10
  1711.250 1.163E+10
  1711.500 1.162E+10
  1711.750 1.161E+10
  1712.000 1.161E+10
  1712.250 1.160E+10
  1712.500 1.159E+10
  1712.750 1.159E+10
  1713.000 1.158E+10
  1713.250 1.158E+10
  1713.500 1.157E+10
  1713.750 1.157E+10
  1714.000 1.156E+10
  1714.250 1.155E+10
  1714.500 1.154E+10
  1714.750 1.153E+10
  1715.000 1.153E+10
  1715.250 1.152E+10
  1715.500 1.152E+10
  1715.750 1.151E+10
  1716.000 1.151E+10
  1716.250 1.150E+10
  1716.500 1.149E+10
  1716.750 1.148E+10
  1717.000 1.147E+10
  1717.250 1.146E+10
  1717.500 1.145E+10
  1717.750 1.145E+10
  1718.000 1.144E+10
  1718.250 1.143E+10
  1718.500 1.142E+10
  1718.750 1.141E+10
  1719.000 1.140E+10
  1719.250 1.139E+10
  1719.500 1.137E+10
  1719.750 1.135E+10
  1720.000 1.133E+10
  1720.250 1.130E+10
  1720.500 1.126E+10
  1720.750 1.121E+10
  1721.000 1.111E+10
  1721.250 1.095E+10
  1721.500 1.062E+10
  1721.750 9.896E+09
  1722.000 8.997E+09
  1722.250 9.102E+09
  1722.500 9.901E+09
  1722.750 1.054E+10
  1723.000 1.092E+10
  1723.250 1.108E+10
  1723.500 1.115E+10
  1723.750 1.119E+10
  1724.000 1.121E+10
  1724.250 1.123E+10
  1724.500 1.124E+10
  1724.750 1.124E+10
  1725.000 1.125E+10
  1725.250 1.124E+10
  1725.500 1.124E+10
  1725.750 1.124E+10
  1726.000 1.124E+10
  1726.250 1.124E+10
  1726.500 1.123E+10
  1726.750 1.122E+10
  1727.000 1.113E+10
  1727.250 1.094E+10
  1727.500 1.093E+10
  1727.750 1.112E+10
  1728.000 1.119E+10
  1728.250 1.120E+10
  1728.500 1.119E+10
  1728.750 1.119E+10
  1729.000 1.119E+10
  1729.250 1.118E+10
  1729.500 1.118E+10
  1729.750 1.116E+10
  1730.000 1.116E+10
  1730.250 1.116E+10
  1730.500 1.114E+10
  1730.750 1.112E+10
  1731.000 1.113E+10
  1731.250 1.113E+10
  1731.500 1.112E+10
  1731.750 1.110E+10
  1732.000 1.110E+10
  1732.250 1.111E+10
  1732.500 1.110E+10
  1732.750 1.103E+10
  1733.000 1.098E+10
  1733.250 1.105E+10
  1733.500 1.108E+10
  1733.750 1.108E+10
  1734.000 1.108E+10
  1734.250 1.107E+10
  1734.500 1.107E+10
  1734.750 1.106E+10
  1735.000 1.106E+10
  1735.250 1.105E+10
  1735.500 1.104E+10
  1735.750 1.104E+10
  1736.000 1.103E+10
  1736.250 1.102E+10
  1736.500 1.102E+10
  1736.750 1.101E+10
  1737.000 1.101E+10
  1737.250 1.100E+10
  1737.500 1.100E+10
  1737.750 1.099E+10
  1738.000 1.098E+10
  1738.250 1.097E+10
  1738.500 1.089E+10
  1738.750 1.074E+10
  1739.000 1.078E+10
  1739.250 1.091E+10
  1739.500 1.094E+10
  1739.750 1.094E+10
  1740.000 1.094E+10
  1740.250 1.093E+10
  1740.500 1.093E+10
  1740.750 1.092E+10
  1741.000 1.092E+10
  1741.250 1.091E+10
  1741.500 1.090E+10
  1741.750 1.090E+10
  1742.000 1.089E+10
  1742.250 1.089E+10
  1742.500 1.088E+10
  1742.750 1.087E+10
  1743.000 1.087E+10
  1743.250 1.086E+10
  1743.500 1.085E+10
  1743.750 1.084E+10
  1744.000 1.084E+10
  1744.250 1.084E+10
  1744.500 1.083E+10
  1744.750 1.083E+10
  1745.000 1.082E+10
  1745.250 1.082E+10
  1745.500 1.081E+10
  1745.750 1.077E+10
  1746.000 1.066E+10
  1746.250 1.063E+10
  1746.500 1.074E+10
  1746.750 1.078E+10
  1747.000 1.077E+10
  1747.250 1.073E+10
  1747.500 1.066E+10
  1747.750 1.069E+10
  1748.000 1.074E+10
  1748.250 1.074E+10
  1748.500 1.071E+10
  1748.750 1.062E+10
  1749.000 1.058E+10
  1749.250 1.067E+10
  1749.500 1.071E+10
  1749.750 1.071E+10
  1750.000 1.071E+10
  1750.250 1.070E+10
  1750.500 1.070E+10
  1750.750 1.069E+10
  1751.000 1.069E+10
  1751.250 1.067E+10
  1751.500 1.065E+10
  1751.750 1.065E+10
  1752.000 1.066E+10
  1752.250 1.066E+10
  1752.500 1.065E+10
  1752.750 1.065E+10
  1753.000 1.064E+10
  1753.250 1.063E+10
  1753.500 1.063E+10
  1753.750 1.062E+10
  1754.000 1.062E+10
  1754.250 1.061E+10
  1754.500 1.061E+10
  1754.750 1.060E+10
  1755.000 1.059E+10
  1755.250 1.059E+10
  1755.500 1.058E+10
  1755.750 1.058E+10
  1756.000 1.057E+10
  1756.250 1.057E+10
  1756.500 1.056E+10
  1756.750 1.056E+10
  1757.000 1.055E+10
  1757.250 1.055E+10
  1757.500 1.054E+10
  1757.750 1.053E+10
  1758.000 1.052E+10
  1758.250 1.052E+10
  1758.500 1.052E+10
  1758.750 1.051E+10
  1759.000 1.051E+10
  1759.250 1.050E+10
  1759.500 1.050E+10
  1759.750 1.049E+10
  1760.000 1.048E+10
  1760.250 1.046E+10
  1760.500 1.045E+10
  1760.750 1.046E+10
  1761.000 1.046E+10
  1761.250 1.045E+10
  1761.500 1.045E+10
  1761.750 1.045E+10
  1762.000 1.044E+10
  1762.250 1.042E+10
  1762.500 1.036E+10
  1762.750 1.036E+10
  1763.000 1.040E+10
  1763.250 1.041E+10
  1763.500 1.040E+10
  1763.750 1.040E+10
  1764.000 1.039E+10
  1764.250 1.039E+10
  1764.500 1.038E+10
  1764.750 1.038E+10
  1765.000 1.037E+10
  1765.250 1.036E+10
  1765.500 1.033E+10
  1765.750 1.027E+10
  1766.000 1.030E+10
  1766.250 1.034E+10
  1766.500 1.033E+10
  1766.750 1.032E+10
  1767.000 1.032E+10
  1767.250 1.032E+10
  1767.500 1.032E+10
  1767.750 1.032E+10
  1768.000 1.031E+10
  1768.250 1.031E+10
  1768.500 1.030E+10
  1768.750 1.030E+10
  1769.000 1.029E+10
  1769.250 1.028E+10
  1769.500 1.028E+10
  1769.750 1.027E+10
  1770.000 1.027E+10
  1770.250 1.026E+10
  1770.500 1.026E+10
  1770.750 1.025E+10
  1771.000 1.025E+10
  1771.250 1.024E+10
  1771.500 1.023E+10
  1771.750 1.023E+10
  1772.000 1.023E+10
  1772.250 1.022E+10
  1772.500 1.021E+10
  1772.750 1.020E+10
  1773.000 1.019E+10
  1773.250 1.019E+10
  1773.500 1.019E+10
  1773.750 1.019E+10
  1774.000 1.018E+10
  1774.250 1.018E+10
  1774.500 1.017E+10
  1774.750 1.017E+10
  1775.000 1.016E+10
  1775.250 1.016E+10
  1775.500 1.015E+10
  1775.750 1.015E+10
  1776.000 1.014E+10
  1776.250 1.014E+10
  1776.500 1.013E+10
  1776.750 1.012E+10
  1777.000 1.011E+10
  1777.250 1.011E+10
  1777.500 1.011E+10
  1777.750 1.010E+10
  1778.000 1.010E+10
  1778.250 1.009E+10
  1778.500 1.009E+10
  1778.750 1.008E+10
  1779.000 1.007E+10
  1779.250 1.007E+10
  1779.500 1.006E+10
  1779.750 1.006E+10
  1780.000 1.006E+10
  1780.250 1.005E+10
  1780.500 1.005E+10
  1780.750 1.004E+10
  1781.000 1.004E+10
  1781.250 1.003E+10
  1781.500 1.002E+10
  1781.750 1.002E+10
  1782.000 1.001E+10
  1782.250 1.001E+10
  1782.500 1.000E+10
  1782.750 9.987E+09
  1783.000 9.927E+09
  1783.250 9.868E+09
  1783.500 9.920E+09
  1783.750 9.968E+09
  1784.000 9.972E+09
  1784.250 9.967E+09
  1784.500 9.962E+09
  1784.750 9.957E+09
  1785.000 9.946E+09
  1785.250 9.934E+09
  1785.500 9.934E+09
  1785.750 9.935E+09
  1786.000 9.931E+09
  1786.250 9.927E+09
  1786.500 9.922E+09
  1786.750 9.916E+09
  1787.000 9.911E+09
  1787.250 9.906E+09
  1787.500 9.898E+09
  1787.750 9.884E+09
  1788.000 9.875E+09
  1788.250 9.879E+09
  1788.500 9.879E+09
  1788.750 9.875E+09
  1789.000 9.870E+09
  1789.250 9.865E+09
  1789.500 9.860E+09
  1789.750 9.855E+09
  1790.000 9.850E+09
  1790.250 9.845E+09
  1790.500 9.839E+09
  1790.750 9.834E+09
  1791.000 9.828E+09
  1791.250 9.821E+09
  1791.500 9.816E+09
  1791.750 9.813E+09
  1792.000 9.808E+09
  1792.250 9.803E+09
  1792.500 9.799E+09
  1792.750 9.793E+09
  1793.000 9.786E+09
  1793.250 9.780E+09
  1793.500 9.777E+09
  1793.750 9.772E+09
  1794.000 9.766E+09
  1794.250 9.751E+09
  1794.500 9.726E+09
  1794.750 9.729E+09
  1795.000 9.742E+09
  1795.250 9.741E+09
  1795.500 9.735E+09
  1795.750 9.725E+09
  1796.000 9.714E+09
  1796.250 9.708E+09
  1796.500 9.709E+09
  1796.750 9.707E+09
  1797.000 9.699E+09
  1797.250 9.684E+09
  1797.500 9.675E+09
  1797.750 9.682E+09
  1798.000 9.685E+09
  1798.250 9.681E+09
  1798.500 9.672E+09
  1798.750 9.650E+09
  1799.000 9.638E+09
  1799.250 9.652E+09
  1799.500 9.657E+09
  1799.750 9.652E+09
  1800.000 9.644E+09
  1800.250 9.609E+09
  1800.500 9.513E+09
  1800.750 9.494E+09
  1801.000 9.582E+09
  1801.250 9.617E+09
  1801.500 9.617E+09
  1801.750 9.613E+09
  1802.000 9.609E+09
  1802.250 9.604E+09
  1802.500 9.599E+09
  1802.750 9.593E+09
  1803.000 9.588E+09
  1803.250 9.583E+09
  1803.500 9.579E+09
  1803.750 9.573E+09
  1804.000 9.568E+09
  1804.250 9.564E+09
  1804.500 9.559E+09
  1804.750 9.555E+09
  1805.000 9.550E+09
  1805.250 9.545E+09
  1805.500 9.540E+09
  1805.750 9.535E+09
  1806.000 9.530E+09
  1806.250 9.524E+09
  1806.500 9.515E+09
  1806.750 9.504E+09
  1807.000 9.501E+09
  1807.250 9.490E+09
  1807.500 9.464E+09
  1807.750 9.467E+09
  1808.000 9.483E+09
  1808.250 9.471E+09
  1808.500 9.435E+09
  1808.750 9.438E+09
  1809.000 9.463E+09
  1809.250 9.466E+09
  1809.500 9.461E+09
  1809.750 9.457E+09
  1810.000 9.451E+09
  1810.250 9.446E+09
  1810.500 9.441E+09
  1810.750 9.437E+09
  1811.000 9.433E+09
  1811.250 9.427E+09
  1811.500 9.422E+09
  1811.750 9.417E+09
  1812.000 9.413E+09
  1812.250 9.408E+09
  1812.500 9.403E+09
  1812.750 9.399E+09
  1813.000 9.394E+09
  1813.250 9.390E+09
  1813.500 9.385E+09
  1813.750 9.380E+09
  1814.000 9.375E+09
  1814.250 9.370E+09
  1814.500 9.366E+09
  1814.750 9.361E+09
  1815.000 9.356E+09
  1815.250 9.350E+09
  1815.500 9.344E+09
  1815.750 9.325E+09
  1816.000 9.269E+09
  1816.250 9.247E+09
  1816.500 9.296E+09
  1816.750 9.318E+09
  1817.000 9.317E+09
  1817.250 9.313E+09
  1817.500 9.308E+09
  1817.750 9.303E+09
  1818.000 9.299E+09
  1818.250 9.294E+09
  1818.500 9.288E+09
  1818.750 9.281E+09
  1819.000 9.277E+09
  1819.250 9.274E+09
  1819.500 9.268E+09
  1819.750 9.259E+09
  1820.000 9.248E+09
  1820.250 9.232E+09
  1820.500 9.226E+09
  1820.750 9.238E+09
  1821.000 9.240E+09
  1821.250 9.236E+09
  1821.500 9.232E+09
  1821.750 9.227E+09
  1822.000 9.223E+09
  1822.250 9.219E+09
  1822.500 9.214E+09
  1822.750 9.209E+09
  1823.000 9.205E+09
  1823.250 9.200E+09
  1823.500 9.195E+09
  1823.750 9.191E+09
  1824.000 9.186E+09
  1824.250 9.181E+09
  1824.500 9.177E+09
  1824.750 9.172E+09
  1825.000 9.166E+09
  1825.250 9.161E+09
  1825.500 9.158E+09
  1825.750 9.153E+09
  1826.000 9.148E+09
  1826.250 9.143E+09
  1826.500 9.133E+09
  1826.750 9.123E+09
  1827.000 9.123E+09
  1827.250 9.124E+09
  1827.500 9.120E+09
  1827.750 9.112E+09
  1828.000 9.105E+09
  1828.250 9.103E+09
  1828.500 9.101E+09
  1828.750 9.098E+09
  1829.000 9.093E+09
  1829.250 9.088E+09
  1829.500 9.083E+09
  1829.750 9.077E+09
  1830.000 9.070E+09
  1830.250 9.065E+09
  1830.500 9.062E+09
  1830.750 9.059E+09
  1831.000 9.055E+09
  1831.250 9.049E+09
  1831.500 9.046E+09
  1831.750 9.042E+09
  1832.000 9.037E+09
  1832.250 9.027E+09
  1832.500 9.021E+09
  1832.750 9.022E+09
  1833.000 9.020E+09
  1833.250 9.015E+09
  1833.500 9.010E+09
  1833.750 9.006E+09
  1834.000 9.001E+09
  1834.250 8.997E+09
  1834.500 8.992E+09
  1834.750 8.988E+09
  1835.000 8.983E+09
  1835.250 8.979E+09
  1835.500 8.974E+09
  1835.750 8.970E+09
  1836.000 8.965E+09
  1836.250 8.961E+09
  1836.500 8.956E+09
  1836.750 8.951E+09
  1837.000 8.944E+09
  1837.250 8.918E+09
  1837.500 8.888E+09
  1837.750 8.906E+09
  1838.000 8.915E+09
  1838.250 8.894E+09
  1838.500 8.871E+09
  1838.750 8.867E+09
  1839.000 8.889E+09
  1839.250 8.901E+09
  1839.500 8.900E+09
  1839.750 8.896E+09
  1840.000 8.891E+09
  1840.250 8.887E+09
  1840.500 8.883E+09
  1840.750 8.879E+09
  1841.000 8.874E+09
  1841.250 8.867E+09
  1841.500 8.859E+09
  1841.750 8.849E+09
  1842.000 8.822E+09
  1842.250 8.760E+09
  1842.500 8.747E+09
  1842.750 8.809E+09
  1843.000 8.833E+09
  1843.250 8.831E+09
  1843.500 8.827E+09
  1843.750 8.822E+09
  1844.000 8.816E+09
  1844.250 8.809E+09
  1844.500 8.804E+09
  1844.750 8.799E+09
  1845.000 8.793E+09
  1845.250 8.785E+09
  1845.500 8.773E+09
  1845.750 8.756E+09
  1846.000 8.735E+09
  1846.250 8.697E+09
  1846.500 8.622E+09
  1846.750 8.529E+09
  1847.000 8.484E+09
  1847.250 8.526E+09
  1847.500 8.619E+09
  1847.750 8.682E+09
  1848.000 8.711E+09
  1848.250 8.721E+09
  1848.500 8.724E+09
  1848.750 8.724E+09
  1849.000 8.722E+09
  1849.250 8.715E+09
  1849.500 8.698E+09
  1849.750 8.681E+09
  1850.000 8.684E+09
