   850.000 1.316E+11
   850.250 1.316E+11
   850.500 1.314E+11
   850.750 1.313E+11
   851.000 1.312E+11
   851.250 1.311E+11
   851.500 1.308E+11
   851.750 1.305E+11
   852.000 1.298E+11
   852.250 1.295E+11
   852.500 1.301E+11
   852.750 1.302E+11
   853.000 1.300E+11
   853.250 1.300E+11
   853.500 1.299E+11
   853.750 1.298E+11
   854.000 1.297E+11
   854.250 1.296E+11
   854.500 1.292E+11
   854.750 1.284E+11
   855.000 1.283E+11
   855.250 1.288E+11
   855.500 1.290E+11
   855.750 1.289E+11
   856.000 1.287E+11
   856.250 1.286E+11
   856.500 1.285E+11
   856.750 1.284E+11
   857.000 1.282E+11
   857.250 1.281E+11
   857.500 1.278E+11
   857.750 1.270E+11
   858.000 1.268E+11
   858.250 1.274E+11
   858.500 1.275E+11
   858.750 1.274E+11
   859.000 1.273E+11
   859.250 1.271E+11
   859.500 1.270E+11
   859.750 1.269E+11
   860.000 1.268E+11
   860.250 1.266E+11
   860.500 1.264E+11
   860.750 1.263E+11
   861.000 1.262E+11
   861.250 1.261E+11
   861.500 1.260E+11
   861.750 1.259E+11
   862.000 1.258E+11
   862.250 1.257E+11
   862.500 1.256E+11
   862.750 1.255E+11
   863.000 1.252E+11
   863.250 1.252E+11
   863.500 1.251E+11
   863.750 1.251E+11
   864.000 1.249E+11
   864.250 1.248E+11
   864.500 1.247E+11
   864.750 1.246E+11
   865.000 1.243E+11
   865.250 1.237E+11
   865.500 1.233E+11
   865.750 1.237E+11
   866.000 1.239E+11
   866.250 1.239E+11
   866.500 1.237E+11
   866.750 1.236E+11
   867.000 1.235E+11
   867.250 1.234E+11
   867.500 1.233E+11
   867.750 1.232E+11
   868.000 1.231E+11
   868.250 1.230E+11
   868.500 1.229E+11
   868.750 1.227E+11
   869.000 1.226E+11
   869.250 1.225E+11
   869.500 1.223E+11
   869.750 1.222E+11
   870.000 1.222E+11
   870.250 1.221E+11
   870.500 1.220E+11
   870.750 1.217E+11
   871.000 1.212E+11
   871.250 1.200E+11
   871.500 1.200E+11
   871.750 1.210E+11
   872.000 1.211E+11
   872.250 1.208E+11
   872.500 1.209E+11
   872.750 1.209E+11
   873.000 1.208E+11
   873.250 1.207E+11
   873.500 1.205E+11
   873.750 1.202E+11
   874.000 1.202E+11
   874.250 1.202E+11
   874.500 1.202E+11
   874.750 1.201E+11
   875.000 1.199E+11
   875.250 1.198E+11
   875.500 1.197E+11
   875.750 1.196E+11
   876.000 1.195E+11
   876.250 1.194E+11
   876.500 1.193E+11
   876.750 1.192E+11
   877.000 1.191E+11
   877.250 1.190E+11
   877.500 1.188E+11
   877.750 1.187E+11
   878.000 1.186E+11
   878.250 1.184E+11
   878.500 1.183E+11
   878.750 1.183E+11
   879.000 1.182E+11
   879.250 1.181E+11
   879.500 1.180E+11
   879.750 1.179E+11
   880.000 1.178E+11
   880.250 1.177E+11
   880.500 1.175E+11
   880.750 1.174E+11
   881.000 1.173E+11
   881.250 1.172E+11
   881.500 1.171E+11
   881.750 1.170E+11
   882.000 1.169E+11
   882.250 1.168E+11
   882.500 1.166E+11
   882.750 1.164E+11
   883.000 1.163E+11
   883.250 1.162E+11
   883.500 1.159E+11
   883.750 1.159E+11
   884.000 1.160E+11
   884.250 1.158E+11
   884.500 1.156E+11
   884.750 1.156E+11
   885.000 1.156E+11
   885.250 1.155E+11
   885.500 1.153E+11
   885.750 1.151E+11
   886.000 1.151E+11
   886.250 1.151E+11
   886.500 1.150E+11
   886.750 1.149E+11
   887.000 1.148E+11
   887.250 1.147E+11
   887.500 1.146E+11
   887.750 1.144E+11
   888.000 1.143E+11
   888.250 1.142E+11
   888.500 1.141E+11
   888.750 1.140E+11
   889.000 1.139E+11
   889.250 1.138E+11
   889.500 1.137E+11
   889.750 1.136E+11
   890.000 1.135E+11
   890.250 1.134E+11
   890.500 1.132E+11
   890.750 1.131E+11
   891.000 1.130E+11
   891.250 1.128E+11
   891.500 1.126E+11
   891.750 1.122E+11
   892.000 1.112E+11
   892.250 1.070E+11
   892.500 9.815E+10
   892.750 9.753E+10
   893.000 1.062E+11
   893.250 1.106E+11
   893.500 1.115E+11
   893.750 1.117E+11
   894.000 1.117E+11
   894.250 1.116E+11
   894.500 1.115E+11
   894.750 1.115E+11
   895.000 1.114E+11
   895.250 1.113E+11
   895.500 1.112E+11
   895.750 1.111E+11
   896.000 1.110E+11
   896.250 1.109E+11
   896.500 1.109E+11
   896.750 1.108E+11
   897.000 1.107E+11
   897.250 1.106E+11
   897.500 1.105E+11
   897.750 1.104E+11
   898.000 1.103E+11
   898.250 1.102E+11
   898.500 1.101E+11
   898.750 1.100E+11
   899.000 1.099E+11
   899.250 1.098E+11
   899.500 1.096E+11
   899.750 1.096E+11
   900.000 1.095E+11
   900.250 1.094E+11
   900.500 1.093E+11
   900.750 1.091E+11
   901.000 1.090E+11
   901.250 1.090E+11
   901.500 1.089E+11
   901.750 1.088E+11
   902.000 1.087E+11
   902.250 1.086E+11
   902.500 1.085E+11
   902.750 1.082E+11
   903.000 1.082E+11
   903.250 1.082E+11
   903.500 1.081E+11
   903.750 1.080E+11
   904.000 1.079E+11
   904.250 1.078E+11
   904.500 1.077E+11
   904.750 1.076E+11
   905.000 1.075E+11
   905.250 1.074E+11
   905.500 1.073E+11
   905.750 1.070E+11
   906.000 1.069E+11
   906.250 1.070E+11
   906.500 1.070E+11
   906.750 1.069E+11
   907.000 1.068E+11
   907.250 1.067E+11
   907.500 1.066E+11
   907.750 1.065E+11
   908.000 1.064E+11
   908.250 1.063E+11
   908.500 1.062E+11
   908.750 1.061E+11
   909.000 1.060E+11
   909.250 1.059E+11
   909.500 1.058E+11
   909.750 1.057E+11
   910.000 1.056E+11
   910.250 1.055E+11
   910.500 1.054E+11
   910.750 1.053E+11
   911.000 1.052E+11
   911.250 1.051E+11
   911.500 1.050E+11
   911.750 1.044E+11
   912.000 1.034E+11
   912.250 1.026E+11
   912.500 1.024E+11
   912.750 1.022E+11
   913.000 1.021E+11
   913.250 1.020E+11
   913.500 1.019E+11
   913.750 1.018E+11
   914.000 1.017E+11
   914.250 1.015E+11
   914.500 1.014E+11
   914.750 1.013E+11
   915.000 1.011E+11
   915.250 1.010E+11
   915.500 1.010E+11
   915.750 1.009E+11
   916.000 1.009E+11
   916.250 1.008E+11
   916.500 1.007E+11
   916.750 1.006E+11
   917.000 1.005E+11
   917.250 1.004E+11
   917.500 1.004E+11
   917.750 1.001E+11
   918.000 1.003E+11
   918.250 9.988E+10
   918.500 1.002E+11
   918.750 9.999E+10
   919.000 9.949E+10
   919.250 1.003E+11
   919.500 9.972E+10
   919.750 9.908E+10
   920.000 1.002E+11
   920.250 1.000E+11
   920.500 9.856E+10
   920.750 9.917E+10
   921.000 1.004E+11
   921.250 9.981E+10
   921.500 9.815E+10
   921.750 9.884E+10
   922.000 1.004E+11
   922.250 1.005E+11
   922.500 9.891E+10
   922.750 9.730E+10
   923.000 9.860E+10
   923.250 9.994E+10
   923.500 1.003E+11
   923.750 9.987E+10
   924.000 9.782E+10
   924.250 9.753E+10
   924.500 9.978E+10
   924.750 1.007E+11
   925.000 1.006E+11
   925.250 1.001E+11
   925.500 9.826E+10
   925.750 9.541E+10
   926.000 9.578E+10
   926.250 9.792E+10
   926.500 9.902E+10
   926.750 9.977E+10
   927.000 1.004E+11
   927.250 1.007E+11
   927.500 9.935E+10
   927.750 9.651E+10
   928.000 9.733E+10
   928.250 1.005E+11
   928.500 1.014E+11
   928.750 1.012E+11
   929.000 1.006E+11
   929.250 9.976E+10
   929.500 9.868E+10
   929.750 9.723E+10
   930.000 9.465E+10
   930.250 9.096E+10
   930.500 9.026E+10
   930.750 9.196E+10
   931.000 9.329E+10
   931.250 9.471E+10
   931.500 9.628E+10
   931.750 9.779E+10
   932.000 9.913E+10
   932.250 1.002E+11
   932.500 1.009E+11
   932.750 1.005E+11
   933.000 9.651E+10
   933.250 8.812E+10
   933.500 8.715E+10
   933.750 9.585E+10
   934.000 1.019E+11
   934.250 1.039E+11
   934.500 1.043E+11
   934.750 1.041E+11
   935.000 1.035E+11
   935.250 1.027E+11
   935.500 1.016E+11
   935.750 1.002E+11
   936.000 9.857E+10
   936.250 9.669E+10
   936.500 9.458E+10
   936.750 9.219E+10
   937.000 8.917E+10
   937.250 8.520E+10
   937.500 8.254E+10
   937.750 8.231E+10
   938.000 8.353E+10
   938.250 8.587E+10
   938.500 8.846E+10
   938.750 9.096E+10
   939.000 9.331E+10
   939.250 9.548E+10
   939.500 9.753E+10
   939.750 9.942E+10
   940.000 1.011E+11
   940.250 1.026E+11
   940.500 1.040E+11
   940.750 1.051E+11
   941.000 1.062E+11
   941.250 1.070E+11
   941.500 1.076E+11
   941.750 1.078E+11
   942.000 1.062E+11
   942.250 9.985E+10
   942.500 9.359E+10
   942.750 9.904E+10
   943.000 1.067E+11
   943.250 1.094E+11
   943.500 1.098E+11
   943.750 1.093E+11
   944.000 1.067E+11
   944.250 9.827E+10
   944.500 9.011E+10
   944.750 9.611E+10
   945.000 1.048E+11
   945.250 1.075E+11
   945.500 1.076E+11
   945.750 1.071E+11
   946.000 1.063E+11
   946.250 1.053E+11
   946.500 1.041E+11
   946.750 1.028E+11
   947.000 1.013E+11
   947.250 9.954E+10
   947.500 9.756E+10
   947.750 9.471E+10
   948.000 9.041E+10
   948.250 8.787E+10
   948.500 8.719E+10
   948.750 8.505E+10
   949.000 8.167E+10
   949.250 7.781E+10
   949.500 7.529E+10
   949.750 7.474E+10
   950.000 7.617E+10
   950.250 7.895E+10
   950.500 8.199E+10
   950.750 8.490E+10
   951.000 8.763E+10
   951.250 9.017E+10
   951.500 9.251E+10
   951.750 9.466E+10
   952.000 9.662E+10
   952.250 9.838E+10
   952.500 9.994E+10
   952.750 1.014E+11
   953.000 1.028E+11
   953.250 1.040E+11
   953.500 1.051E+11
   953.750 1.060E+11
   954.000 1.068E+11
   954.250 1.076E+11
   954.500 1.082E+11
   954.750 1.088E+11
   955.000 1.093E+11
   955.250 1.098E+11
   955.500 1.102E+11
   955.750 1.105E+11
   956.000 1.108E+11
   956.250 1.110E+11
   956.500 1.110E+11
   956.750 1.097E+11
   957.000 1.080E+11
   957.250 1.094E+11
   957.500 1.105E+11
   957.750 1.099E+11
   958.000 1.079E+11
   958.250 1.024E+11
   958.500 9.196E+10
   958.750 8.737E+10
   959.000 9.590E+10
   959.250 1.048E+11
   959.500 1.089E+11
   959.750 1.105E+11
   960.000 1.112E+11
   960.250 1.116E+11
   960.500 1.118E+11
   960.750 1.119E+11
   961.000 1.120E+11
   961.250 1.120E+11
   961.500 1.120E+11
   961.750 1.119E+11
   962.000 1.119E+11
   962.250 1.118E+11
   962.500 1.117E+11
   962.750 1.116E+11
   963.000 1.114E+11
   963.250 1.113E+11
   963.500 1.112E+11
   963.750 1.110E+11
   964.000 1.108E+11
   964.250 1.106E+11
   964.500 1.104E+11
   964.750 1.102E+11
   965.000 1.099E+11
   965.250 1.096E+11
   965.500 1.093E+11
   965.750 1.090E+11
   966.000 1.087E+11
   966.250 1.083E+11
   966.500 1.078E+11
   966.750 1.074E+11
   967.000 1.069E+11
   967.250 1.063E+11
   967.500 1.057E+11
   967.750 1.050E+11
   968.000 1.043E+11
   968.250 1.034E+11
   968.500 1.025E+11
   968.750 1.014E+11
   969.000 1.003E+11
   969.250 9.898E+10
   969.500 9.755E+10
   969.750 9.597E+10
   970.000 9.427E+10
   970.250 9.240E+10
   970.500 9.046E+10
   970.750 8.847E+10
   971.000 8.623E+10
   971.250 8.354E+10
   971.500 8.107E+10
   971.750 7.810E+10
   972.000 7.370E+10
   972.250 7.059E+10
   972.500 6.975E+10
   972.750 7.131E+10
   973.000 7.458E+10
   973.250 7.792E+10
   973.500 8.093E+10
   973.750 8.365E+10
   974.000 8.612E+10
   974.250 8.836E+10
   974.500 9.040E+10
   974.750 9.221E+10
   975.000 9.376E+10
   975.250 9.461E+10
   975.500 9.347E+10
   975.750 9.314E+10
   976.000 9.660E+10
   976.250 9.907E+10
   976.500 1.000E+11
   976.750 1.005E+11
   977.000 1.008E+11
   977.250 1.015E+11
   977.500 1.022E+11
   977.750 1.027E+11
   978.000 1.031E+11
   978.250 1.035E+11
   978.500 1.038E+11
   978.750 1.041E+11
   979.000 1.043E+11
   979.250 1.045E+11
   979.500 1.047E+11
   979.750 1.049E+11
   980.000 1.051E+11
   980.250 1.052E+11
   980.500 1.054E+11
   980.750 1.055E+11
   981.000 1.055E+11
   981.250 1.056E+11
   981.500 1.056E+11
   981.750 1.056E+11
   982.000 1.056E+11
   982.250 1.053E+11
   982.500 1.047E+11
   982.750 1.047E+11
   983.000 1.053E+11
   983.250 1.054E+11
   983.500 1.053E+11
   983.750 1.052E+11
   984.000 1.050E+11
   984.250 1.049E+11
   984.500 1.051E+11
   984.750 1.051E+11
   985.000 1.050E+11
   985.250 1.049E+11
   985.500 1.048E+11
   985.750 1.043E+11
   986.000 1.032E+11
   986.250 1.027E+11
   986.500 1.038E+11
   986.750 1.044E+11
   987.000 1.044E+11
   987.250 1.043E+11
   987.500 1.039E+11
   987.750 1.032E+11
   988.000 1.034E+11
   988.250 1.037E+11
   988.500 1.037E+11
   988.750 1.035E+11
   989.000 1.034E+11
   989.250 1.032E+11
   989.500 1.030E+11
   989.750 1.027E+11
   990.000 1.025E+11
   990.250 1.021E+11
   990.500 1.017E+11
   990.750 1.010E+11
   991.000 1.001E+11
   991.250 9.874E+10
   991.500 9.645E+10
   991.750 9.228E+10
   992.000 8.453E+10
   992.250 7.552E+10
   992.500 7.607E+10
   992.750 8.523E+10
   993.000 9.242E+10
   993.250 9.617E+10
   993.500 9.817E+10
   993.750 9.933E+10
   994.000 1.000E+11
   994.250 1.005E+11
   994.500 1.008E+11
   994.750 1.009E+11
   995.000 1.010E+11
   995.250 1.010E+11
   995.500 1.011E+11
   995.750 1.011E+11
   996.000 1.011E+11
   996.250 1.010E+11
   996.500 1.009E+11
   996.750 1.008E+11
   997.000 1.007E+11
   997.250 1.007E+11
   997.500 1.004E+11
   997.750 1.003E+11
   998.000 1.003E+11
   998.250 1.002E+11
   998.500 9.982E+10
   998.750 9.883E+10
   999.000 9.526E+10
   999.250 8.699E+10
   999.500 8.146E+10
   999.750 8.688E+10
  1000.000 9.494E+10
  1000.250 9.819E+10
  1000.500 9.874E+10
  1000.750 9.767E+10
  1001.000 9.714E+10
  1001.250 9.870E+10
  1001.500 9.942E+10
  1001.750 9.944E+10
  1002.000 9.938E+10
  1002.250 9.932E+10
  1002.500 9.925E+10
  1002.750 9.917E+10
  1003.000 9.910E+10
  1003.250 9.903E+10
  1003.500 9.896E+10
  1003.750 9.887E+10
  1004.000 9.879E+10
  1004.250 9.870E+10
  1004.500 9.862E+10
  1004.750 9.854E+10
  1005.000 9.840E+10
  1005.250 9.825E+10
  1005.500 9.817E+10
  1005.750 9.812E+10
  1006.000 9.805E+10
  1006.250 9.797E+10
  1006.500 9.788E+10
  1006.750 9.778E+10
  1007.000 9.769E+10
  1007.250 9.759E+10
  1007.500 9.750E+10
  1007.750 9.740E+10
  1008.000 9.730E+10
  1008.250 9.718E+10
  1008.500 9.693E+10
  1008.750 9.668E+10
  1009.000 9.675E+10
  1009.250 9.678E+10
  1009.500 9.668E+10
  1009.750 9.656E+10
  1010.000 9.644E+10
  1010.250 9.631E+10
  1010.500 9.620E+10
  1010.750 9.610E+10
  1011.000 9.603E+10
  1011.250 9.592E+10
  1011.500 9.579E+10
  1011.750 9.571E+10
  1012.000 9.561E+10
  1012.250 9.549E+10
  1012.500 9.538E+10
  1012.750 9.526E+10
  1013.000 9.514E+10
  1013.250 9.501E+10
  1013.500 9.487E+10
  1013.750 9.474E+10
  1014.000 9.462E+10
  1014.250 9.448E+10
  1014.500 9.431E+10
  1014.750 9.412E+10
  1015.000 9.396E+10
  1015.250 9.380E+10
  1015.500 9.362E+10
  1015.750 9.330E+10
  1016.000 9.283E+10
  1016.250 9.275E+10
  1016.500 9.277E+10
  1016.750 9.239E+10
  1017.000 9.216E+10
  1017.250 9.220E+10
  1017.500 9.206E+10
  1017.750 9.183E+10
  1018.000 9.157E+10
  1018.250 9.126E+10
  1018.500 9.060E+10
  1018.750 8.947E+10
  1019.000 8.940E+10
  1019.250 8.981E+10
  1019.500 8.963E+10
  1019.750 8.926E+10
  1020.000 8.883E+10
  1020.250 8.835E+10
  1020.500 8.783E+10
  1020.750 8.718E+10
  1021.000 8.642E+10
  1021.250 8.586E+10
  1021.500 8.520E+10
  1021.750 8.426E+10
  1022.000 8.344E+10
  1022.250 8.268E+10
  1022.500 8.168E+10
  1022.750 8.054E+10
  1023.000 7.926E+10
  1023.250 7.787E+10
  1023.500 7.636E+10
  1023.750 7.469E+10
  1024.000 7.294E+10
  1024.250 7.107E+10
  1024.500 6.895E+10
  1024.750 6.647E+10
  1025.000 6.324E+10
  1025.250 5.977E+10
  1025.500 5.751E+10
  1025.750 5.689E+10
  1026.000 5.915E+10
  1026.250 6.231E+10
  1026.500 6.487E+10
  1026.750 6.710E+10
  1027.000 6.917E+10
  1027.250 7.107E+10
  1027.500 7.278E+10
  1027.750 7.437E+10
  1028.000 7.573E+10
  1028.250 7.693E+10
  1028.500 7.819E+10
  1028.750 7.930E+10
  1029.000 8.023E+10
  1029.250 8.106E+10
  1029.500 8.179E+10
  1029.750 8.239E+10
  1030.000 8.283E+10
  1030.250 8.294E+10
  1030.500 8.331E+10
  1030.750 8.422E+10
  1031.000 8.481E+10
  1031.250 8.513E+10
  1031.500 8.464E+10
  1031.750 8.172E+10
  1032.000 8.106E+10
  1032.250 8.466E+10
  1032.500 8.631E+10
  1032.750 8.660E+10
  1033.000 8.674E+10
  1033.250 8.680E+10
  1033.500 8.684E+10
  1033.750 8.695E+10
  1034.000 8.704E+10
  1034.250 8.707E+10
  1034.500 8.710E+10
  1034.750 8.711E+10
  1035.000 8.711E+10
  1035.250 8.712E+10
  1035.500 8.714E+10
  1035.750 8.717E+10
  1036.000 8.720E+10
  1036.250 8.722E+10
  1036.500 8.726E+10
  1036.750 8.730E+10
  1037.000 8.723E+10
  1037.250 8.611E+10
  1037.500 8.297E+10
  1037.750 8.322E+10
  1038.000 8.628E+10
  1038.250 8.720E+10
  1038.500 8.724E+10
  1038.750 8.720E+10
  1039.000 8.716E+10
  1039.250 8.710E+10
  1039.500 8.694E+10
  1039.750 8.683E+10
  1040.000 8.689E+10
  1040.250 8.690E+10
  1040.500 8.685E+10
  1040.750 8.676E+10
  1041.000 8.657E+10
  1041.250 8.651E+10
  1041.500 8.659E+10
  1041.750 8.653E+10
  1042.000 8.613E+10
  1042.250 8.516E+10
  1042.500 8.524E+10
  1042.750 8.605E+10
  1043.000 8.623E+10
  1043.250 8.619E+10
  1043.500 8.612E+10
  1043.750 8.600E+10
  1044.000 8.565E+10
  1044.250 8.537E+10
  1044.500 8.564E+10
  1044.750 8.577E+10
  1045.000 8.571E+10
  1045.250 8.564E+10
  1045.500 8.555E+10
  1045.750 8.544E+10
  1046.000 8.540E+10
  1046.250 8.536E+10
  1046.500 8.531E+10
  1046.750 8.525E+10
  1047.000 8.518E+10
  1047.250 8.509E+10
  1047.500 8.503E+10
  1047.750 8.498E+10
  1048.000 8.490E+10
  1048.250 8.481E+10
  1048.500 8.474E+10
  1048.750 8.470E+10
  1049.000 8.464E+10
  1049.250 8.458E+10
  1049.500 8.451E+10
  1049.750 8.443E+10
  1050.000 8.434E+10
  1050.250 8.418E+10
  1050.500 8.406E+10
  1050.750 8.409E+10
  1051.000 8.407E+10
  1051.250 8.402E+10
  1051.500 8.395E+10
  1051.750 8.388E+10
  1052.000 8.379E+10
  1052.250 8.362E+10
  1052.500 8.323E+10
  1052.750 8.315E+10
  1053.000 8.341E+10
  1053.250 8.345E+10
  1053.500 8.339E+10
  1053.750 8.332E+10
  1054.000 8.325E+10
  1054.250 8.317E+10
  1054.500 8.299E+10
  1054.750 8.211E+10
  1055.000 8.071E+10
  1055.250 8.146E+10
  1055.500 8.259E+10
  1055.750 8.274E+10
  1056.000 8.267E+10
  1056.250 8.261E+10
  1056.500 8.253E+10
  1056.750 8.218E+10
  1057.000 8.109E+10
  1057.250 8.082E+10
  1057.500 8.181E+10
  1057.750 8.214E+10
  1058.000 8.211E+10
  1058.250 8.203E+10
  1058.500 8.196E+10
  1058.750 8.188E+10
  1059.000 8.175E+10
  1059.250 8.157E+10
  1059.500 8.147E+10
  1059.750 8.140E+10
  1060.000 8.147E+10
  1060.250 8.148E+10
  1060.500 8.137E+10
  1060.750 8.130E+10
  1061.000 8.129E+10
  1061.250 8.125E+10
  1061.500 8.119E+10
  1061.750 8.112E+10
  1062.000 8.106E+10
  1062.250 8.099E+10
  1062.500 8.092E+10
  1062.750 8.085E+10
  1063.000 8.077E+10
  1063.250 8.071E+10
  1063.500 8.066E+10
  1063.750 8.059E+10
  1064.000 8.052E+10
  1064.250 8.045E+10
  1064.500 8.036E+10
  1064.750 8.029E+10
  1065.000 8.022E+10
  1065.250 8.014E+10
  1065.500 8.003E+10
  1065.750 7.987E+10
  1066.000 7.940E+10
  1066.250 7.708E+10
  1066.500 7.191E+10
  1066.750 7.181E+10
  1067.000 7.687E+10
  1067.250 7.907E+10
  1067.500 7.941E+10
  1067.750 7.944E+10
  1068.000 7.941E+10
  1068.250 7.936E+10
  1068.500 7.917E+10
  1068.750 7.840E+10
  1069.000 7.787E+10
  1069.250 7.860E+10
  1069.500 7.900E+10
  1069.750 7.899E+10
  1070.000 7.892E+10
  1070.250 7.887E+10
  1070.500 7.880E+10
  1070.750 7.874E+10
  1071.000 7.868E+10
  1071.250 7.861E+10
  1071.500 7.854E+10
  1071.750 7.847E+10
  1072.000 7.841E+10
  1072.250 7.834E+10
  1072.500 7.828E+10
  1072.750 7.820E+10
  1073.000 7.813E+10
  1073.250 7.803E+10
  1073.500 7.741E+10
  1073.750 7.466E+10
  1074.000 7.248E+10
  1074.250 7.491E+10
  1074.500 7.715E+10
  1074.750 7.756E+10
  1075.000 7.743E+10
  1075.250 7.731E+10
  1075.500 7.725E+10
  1075.750 7.718E+10
  1076.000 7.711E+10
  1076.250 7.705E+10
  1076.500 7.693E+10
  1076.750 7.680E+10
  1077.000 7.677E+10
  1077.250 7.674E+10
  1077.500 7.667E+10
  1077.750 7.658E+10
  1078.000 7.646E+10
  1078.250 7.604E+10
  1078.500 7.542E+10
  1078.750 7.566E+10
  1079.000 7.602E+10
  1079.250 7.601E+10
  1079.500 7.589E+10
  1079.750 7.573E+10
  1080.000 7.553E+10
  1080.250 7.459E+10
  1080.500 7.096E+10
  1080.750 6.886E+10
  1081.000 7.071E+10
  1081.250 7.140E+10
  1081.500 7.331E+10
  1081.750 7.423E+10
  1082.000 7.390E+10
  1082.250 7.312E+10
  1082.500 7.278E+10
  1082.750 7.266E+10
  1083.000 7.210E+10
  1083.250 7.129E+10
  1083.500 7.021E+10
  1083.750 6.874E+10
  1084.000 6.670E+10
  1084.250 6.381E+10
  1084.500 5.954E+10
  1084.750 5.428E+10
  1085.000 5.251E+10
  1085.250 5.657E+10
  1085.500 6.152E+10
  1085.750 6.494E+10
  1086.000 6.725E+10
  1086.250 6.882E+10
  1086.500 6.992E+10
  1086.750 7.076E+10
  1087.000 7.147E+10
  1087.250 7.186E+10
  1087.500 7.104E+10
  1087.750 6.849E+10
  1088.000 6.907E+10
  1088.250 7.123E+10
  1088.500 7.196E+10
  1088.750 7.279E+10
  1089.000 7.314E+10
  1089.250 7.322E+10
  1089.500 7.326E+10
  1089.750 7.327E+10
  1090.000 7.327E+10
  1090.250 7.327E+10
  1090.500 7.325E+10
  1090.750 7.323E+10
  1091.000 7.321E+10
  1091.250 7.317E+10
  1091.500 7.307E+10
  1091.750 7.295E+10
  1092.000 7.297E+10
  1092.250 7.300E+10
  1092.500 7.300E+10
  1092.750 7.296E+10
  1093.000 7.284E+10
  1093.250 7.273E+10
  1093.500 7.277E+10
  1093.750 7.278E+10
  1094.000 7.272E+10
  1094.250 7.267E+10
  1094.500 7.262E+10
  1094.750 7.247E+10
  1095.000 7.125E+10
  1095.250 6.841E+10
  1095.500 6.906E+10
  1095.750 7.171E+10
  1096.000 7.239E+10
  1096.250 7.239E+10
  1096.500 7.234E+10
  1096.750 7.227E+10
  1097.000 7.221E+10
  1097.250 7.216E+10
  1097.500 7.211E+10
  1097.750 7.205E+10
  1098.000 7.199E+10
  1098.250 7.193E+10
  1098.500 7.187E+10
  1098.750 7.181E+10
  1099.000 7.175E+10
  1099.250 7.169E+10
  1099.500 7.163E+10
  1099.750 7.156E+10
  1100.000 7.150E+10
  1100.250 7.145E+10
  1100.500 7.140E+10
  1100.750 7.134E+10
  1101.000 7.128E+10
  1101.250 7.122E+10
  1101.500 7.114E+10
  1101.750 7.102E+10
  1102.000 7.090E+10
  1102.250 7.091E+10
  1102.500 7.091E+10
  1102.750 7.086E+10
  1103.000 7.074E+10
  1103.250 7.060E+10
  1103.500 7.058E+10
  1103.750 7.052E+10
  1104.000 7.043E+10
  1104.250 7.042E+10
  1104.500 7.040E+10
  1104.750 7.035E+10
  1105.000 7.028E+10
  1105.250 7.020E+10
  1105.500 7.003E+10
  1105.750 6.973E+10
  1106.000 6.918E+10
  1106.250 6.798E+10
  1106.500 6.813E+10
  1106.750 6.896E+10
  1107.000 6.825E+10
  1107.250 6.514E+10
  1107.500 5.945E+10
  1107.750 5.577E+10
  1108.000 5.752E+10
  1108.250 6.367E+10
  1108.500 6.758E+10
  1108.750 6.870E+10
  1109.000 6.901E+10
  1109.250 6.911E+10
  1109.500 6.913E+10
  1109.750 6.913E+10
  1110.000 6.910E+10
  1110.250 6.902E+10
  1110.500 6.880E+10
  1110.750 6.867E+10
  1111.000 6.881E+10
  1111.250 6.886E+10
  1111.500 6.882E+10
  1111.750 6.875E+10
  1112.000 6.870E+10
  1112.250 6.864E+10
  1112.500 6.855E+10
  1112.750 6.849E+10
  1113.000 6.846E+10
  1113.250 6.838E+10
  1113.500 6.823E+10
  1113.750 6.805E+10
  1114.000 6.762E+10
  1114.250 6.757E+10
  1114.500 6.789E+10
  1114.750 6.772E+10
  1115.000 6.706E+10
  1115.250 6.708E+10
  1115.500 6.750E+10
  1115.750 6.753E+10
  1116.000 6.746E+10
  1116.250 6.732E+10
  1116.500 6.710E+10
  1116.750 6.676E+10
  1117.000 6.599E+10
  1117.250 6.356E+10
  1117.500 5.809E+10
  1117.750 5.331E+10
  1118.000 5.413E+10
  1118.250 5.974E+10
  1118.500 6.368E+10
  1118.750 6.490E+10
  1119.000 6.560E+10
  1119.250 6.610E+10
  1119.500 6.599E+10
  1119.750 6.626E+10
  1120.000 6.667E+10
  1120.250 6.674E+10
  1120.500 6.655E+10
  1120.750 6.561E+10
  1121.000 6.452E+10
  1121.250 6.516E+10
  1121.500 6.620E+10
  1121.750 6.640E+10
  1122.000 6.603E+10
  1122.250 6.389E+10
  1122.500 6.190E+10
  1122.750 6.414E+10
  1123.000 6.598E+10
  1123.250 6.625E+10
  1123.500 6.623E+10
  1123.750 6.618E+10
  1124.000 6.611E+10
  1124.250 6.602E+10
  1124.500 6.598E+10
  1124.750 6.597E+10
  1125.000 6.594E+10
  1125.250 6.588E+10
  1125.500 6.583E+10
  1125.750 6.578E+10
  1126.000 6.573E+10
  1126.250 6.568E+10
  1126.500 6.563E+10
  1126.750 6.555E+10
  1127.000 6.545E+10
  1127.250 6.539E+10
  1127.500 6.521E+10
  1127.750 6.426E+10
  1128.000 6.184E+10
  1128.250 5.924E+10
  1128.500 6.069E+10
  1128.750 6.392E+10
  1129.000 6.488E+10
  1129.250 6.485E+10
  1129.500 6.481E+10
  1129.750 6.481E+10
  1130.000 6.478E+10
  1130.250 6.482E+10
  1130.500 6.480E+10
  1130.750 6.473E+10
  1131.000 6.466E+10
  1131.250 6.463E+10
  1131.500 6.460E+10
  1131.750 6.456E+10
  1132.000 6.450E+10
  1132.250 6.445E+10
  1132.500 6.437E+10
  1132.750 6.432E+10
  1133.000 6.429E+10
  1133.250 6.424E+10
  1133.500 6.413E+10
  1133.750 6.405E+10
  1134.000 6.406E+10
  1134.250 6.404E+10
  1134.500 6.398E+10
  1134.750 6.391E+10
  1135.000 6.387E+10
  1135.250 6.384E+10
  1135.500 6.379E+10
  1135.750 6.374E+10
  1136.000 6.369E+10
  1136.250 6.364E+10
  1136.500 6.357E+10
  1136.750 6.336E+10
  1137.000 6.300E+10
  1137.250 6.301E+10
  1137.500 6.324E+10
  1137.750 6.331E+10
  1138.000 6.327E+10
  1138.250 6.319E+10
  1138.500 6.307E+10
  1138.750 6.293E+10
  1139.000 6.283E+10
  1139.250 6.178E+10
  1139.500 6.026E+10
  1139.750 6.135E+10
  1140.000 6.263E+10
  1140.250 6.280E+10
  1140.500 6.273E+10
  1140.750 6.261E+10
  1141.000 6.197E+10
  1141.250 5.944E+10
  1141.500 5.825E+10
  1141.750 6.087E+10
  1142.000 6.226E+10
  1142.250 6.240E+10
  1142.500 6.237E+10
  1142.750 6.231E+10
  1143.000 6.228E+10
  1143.250 6.224E+10
  1143.500 6.219E+10
  1143.750 6.213E+10
  1144.000 6.207E+10
  1144.250 6.203E+10
  1144.500 6.199E+10
  1144.750 6.195E+10
  1145.000 6.190E+10
  1145.250 6.184E+10
  1145.500 6.178E+10
  1145.750 6.155E+10
  1146.000 6.074E+10
  1146.250 5.968E+10
  1146.500 5.933E+10
  1146.750 6.050E+10
  1147.000 6.135E+10
  1147.250 6.145E+10
  1147.500 6.141E+10
  1147.750 6.136E+10
  1148.000 6.132E+10
  1148.250 6.127E+10
  1148.500 6.121E+10
  1148.750 6.113E+10
  1149.000 6.107E+10
  1149.250 6.106E+10
  1149.500 6.103E+10
  1149.750 6.098E+10
  1150.000 6.090E+10
  1150.250 6.083E+10
  1150.500 6.080E+10
  1150.750 6.069E+10
  1151.000 6.056E+10
  1151.250 6.059E+10
  1151.500 6.048E+10
  1151.750 5.970E+10
  1152.000 5.911E+10
  1152.250 5.974E+10
  1152.500 5.919E+10
  1152.750 5.780E+10
  1153.000 5.887E+10
  1153.250 6.006E+10
  1153.500 6.021E+10
  1153.750 6.015E+10
  1154.000 6.008E+10
  1154.250 5.976E+10
  1154.500 5.895E+10
  1154.750 5.709E+10
  1155.000 5.560E+10
  1155.250 5.783E+10
  1155.500 5.952E+10
  1155.750 5.947E+10
  1156.000 5.916E+10
  1156.250 5.945E+10
  1156.500 5.966E+10
  1156.750 5.963E+10
  1157.000 5.957E+10
  1157.250 5.954E+10
  1157.500 5.949E+10
  1157.750 5.944E+10
  1158.000 5.939E+10
  1158.250 5.935E+10
  1158.500 5.927E+10
  1158.750 5.885E+10
  1159.000 5.790E+10
  1159.250 5.805E+10
  1159.500 5.886E+10
  1159.750 5.904E+10
  1160.000 5.890E+10
  1160.250 5.817E+10
  1160.500 5.733E+10
  1160.750 5.804E+10
  1161.000 5.870E+10
  1161.250 5.875E+10
  1161.500 5.872E+10
  1161.750 5.869E+10
  1162.000 5.865E+10
  1162.250 5.860E+10
  1162.500 5.855E+10
  1162.750 5.850E+10
  1163.000 5.845E+10
  1163.250 5.838E+10
  1163.500 5.828E+10
  1163.750 5.810E+10
  1164.000 5.770E+10
  1164.250 5.764E+10
  1164.500 5.799E+10
  1164.750 5.804E+10
  1165.000 5.783E+10
  1165.250 5.744E+10
  1165.500 5.622E+10
  1165.750 5.523E+10
  1166.000 5.451E+10
  1166.250 5.419E+10
  1166.500 5.630E+10
  1166.750 5.731E+10
  1167.000 5.732E+10
  1167.250 5.688E+10
  1167.500 5.526E+10
  1167.750 5.371E+10
  1168.000 5.436E+10
  1168.250 5.428E+10
  1168.500 5.121E+10
  1168.750 4.573E+10
  1169.000 4.412E+10
  1169.250 4.876E+10
  1169.500 5.313E+10
  1169.750 5.505E+10
  1170.000 5.546E+10
  1170.250 5.533E+10
  1170.500 5.597E+10
  1170.750 5.656E+10
  1171.000 5.671E+10
  1171.250 5.665E+10
  1171.500 5.633E+10
  1171.750 5.601E+10
  1172.000 5.621E+10
  1172.250 5.655E+10
  1172.500 5.662E+10
  1172.750 5.651E+10
  1173.000 5.646E+10
  1173.250 5.654E+10
  1173.500 5.653E+10
  1173.750 5.643E+10
  1174.000 5.636E+10
  1174.250 5.639E+10
  1174.500 5.638E+10
  1174.750 5.630E+10
  1175.000 5.618E+10
  1175.250 5.603E+10
  1175.500 5.589E+10
  1175.750 5.583E+10
  1176.000 5.593E+10
  1176.250 5.599E+10
  1176.500 5.600E+10
  1176.750 5.601E+10
  1177.000 5.598E+10
  1177.250 5.593E+10
  1177.500 5.587E+10
  1177.750 5.584E+10
  1178.000 5.579E+10
  1178.250 5.570E+10
  1178.500 5.563E+10
  1178.750 5.561E+10
  1179.000 5.561E+10
  1179.250 5.558E+10
  1179.500 5.555E+10
  1179.750 5.551E+10
  1180.000 5.544E+10
  1180.250 5.522E+10
  1180.500 5.399E+10
  1180.750 5.155E+10
  1181.000 5.231E+10
  1181.250 5.454E+10
  1181.500 5.511E+10
  1181.750 5.500E+10
  1182.000 5.470E+10
  1182.250 5.470E+10
  1182.500 5.495E+10
  1182.750 5.500E+10
  1183.000 5.497E+10
  1183.250 5.493E+10
  1183.500 5.487E+10
  1183.750 5.482E+10
  1184.000 5.473E+10
  1184.250 5.469E+10
  1184.500 5.470E+10
  1184.750 5.467E+10
  1185.000 5.462E+10
  1185.250 5.457E+10
  1185.500 5.452E+10
  1185.750 5.446E+10
  1186.000 5.440E+10
  1186.250 5.421E+10
  1186.500 5.382E+10
  1186.750 5.392E+10
  1187.000 5.419E+10
  1187.250 5.419E+10
  1187.500 5.414E+10
  1187.750 5.401E+10
  1188.000 5.383E+10
  1188.250 5.390E+10
  1188.500 5.391E+10
  1188.750 5.386E+10
  1189.000 5.390E+10
  1189.250 5.387E+10
  1189.500 5.375E+10
  1189.750 5.369E+10
  1190.000 5.363E+10
  1190.250 5.354E+10
  1190.500 5.347E+10
  1190.750 5.337E+10
  1191.000 5.338E+10
  1191.250 5.344E+10
  1191.500 5.349E+10
  1191.750 5.348E+10
  1192.000 5.344E+10
  1192.250 5.339E+10
  1192.500 5.334E+10
  1192.750 5.331E+10
  1193.000 5.326E+10
  1193.250 5.316E+10
  1193.500 5.306E+10
  1193.750 5.306E+10
  1194.000 5.301E+10
  1194.250 5.272E+10
  1194.500 5.227E+10
  1194.750 5.225E+10
  1195.000 5.262E+10
  1195.250 5.281E+10
  1195.500 5.281E+10
  1195.750 5.278E+10
  1196.000 5.272E+10
  1196.250 5.265E+10
  1196.500 5.261E+10
  1196.750 5.253E+10
  1197.000 5.240E+10
  1197.250 5.234E+10
  1197.500 5.203E+10
  1197.750 5.153E+10
  1198.000 5.083E+10
  1198.250 4.946E+10
  1198.500 4.872E+10
  1198.750 4.995E+10
  1199.000 5.116E+10
  1199.250 5.038E+10
  1199.500 4.972E+10
  1199.750 5.069E+10
  1200.000 5.144E+10
  1200.250 5.160E+10
  1200.500 5.180E+10
  1200.750 5.184E+10
  1201.000 5.181E+10
  1201.250 5.178E+10
  1201.500 5.173E+10
  1201.750 5.167E+10
  1202.000 5.158E+10
  1202.250 5.149E+10
  1202.500 5.145E+10
  1202.750 5.140E+10
  1203.000 5.140E+10
  1203.250 5.138E+10
  1203.500 5.132E+10
  1203.750 5.124E+10
  1204.000 5.114E+10
  1204.250 5.105E+10
  1204.500 5.096E+10
  1204.750 5.093E+10
  1205.000 5.088E+10
  1205.250 5.077E+10
  1205.500 5.054E+10
  1205.750 4.989E+10
  1206.000 4.896E+10
  1206.250 4.938E+10
  1206.500 4.994E+10
  1206.750 5.001E+10
  1207.000 5.006E+10
  1207.250 4.993E+10
  1207.500 4.960E+10
  1207.750 4.935E+10
  1208.000 4.826E+10
  1208.250 4.642E+10
  1208.500 4.680E+10
  1208.750 4.823E+10
  1209.000 4.890E+10
  1209.250 4.911E+10
  1209.500 4.897E+10
  1209.750 4.880E+10
  1210.000 4.835E+10
  1210.250 4.715E+10
  1210.500 4.667E+10
  1210.750 4.721E+10
  1211.000 4.727E+10
  1211.250 4.663E+10
  1211.500 4.566E+10
  1211.750 4.596E+10
  1212.000 4.629E+10
  1212.250 4.597E+10
  1212.500 4.531E+10
  1212.750 4.483E+10
  1213.000 4.452E+10
  1213.250 4.405E+10
  1213.500 4.343E+10
  1213.750 4.269E+10
  1214.000 4.172E+10
  1214.250 4.062E+10
  1214.500 3.951E+10
  1214.750 3.784E+10
  1215.000 3.553E+10
  1215.250 3.416E+10
  1215.500 3.353E+10
  1215.750 3.357E+10
  1216.000 3.516E+10
  1216.250 3.702E+10
  1216.500 3.846E+10
  1216.750 3.967E+10
  1217.000 4.073E+10
  1217.250 4.162E+10
  1217.500 4.233E+10
  1217.750 4.298E+10
  1218.000 4.361E+10
  1218.250 4.414E+10
  1218.500 4.458E+10
  1218.750 4.492E+10
  1219.000 4.519E+10
  1219.250 4.550E+10
  1219.500 4.586E+10
  1219.750 4.615E+10
  1220.000 4.608E+10
  1220.250 4.525E+10
  1220.500 4.491E+10
  1220.750 4.460E+10
  1221.000 4.480E+10
  1221.250 4.644E+10
  1221.500 4.720E+10
  1221.750 4.737E+10
  1222.000 4.744E+10
  1222.250 4.745E+10
  1222.500 4.705E+10
  1222.750 4.614E+10
  1223.000 4.651E+10
  1223.250 4.736E+10
  1223.500 4.747E+10
  1223.750 4.671E+10
  1224.000 4.605E+10
  1224.250 4.696E+10
  1224.500 4.751E+10
  1224.750 4.763E+10
  1225.000 4.773E+10
  1225.250 4.775E+10
  1225.500 4.773E+10
  1225.750 4.776E+10
  1226.000 4.777E+10
  1226.250 4.741E+10
  1226.500 4.622E+10
  1226.750 4.598E+10
  1227.000 4.721E+10
  1227.250 4.768E+10
  1227.500 4.748E+10
  1227.750 4.672E+10
  1228.000 4.657E+10
  1228.250 4.658E+10
  1228.500 4.461E+10
  1228.750 4.350E+10
  1229.000 4.495E+10
  1229.250 4.663E+10
  1229.500 4.690E+10
  1229.750 4.524E+10
  1230.000 4.307E+10
  1230.250 4.282E+10
  1230.500 4.280E+10
  1230.750 4.442E+10
  1231.000 4.607E+10
  1231.250 4.699E+10
  1231.500 4.721E+10
  1231.750 4.716E+10
  1232.000 4.701E+10
  1232.250 4.616E+10
  1232.500 4.536E+10
  1232.750 4.630E+10
  1233.000 4.704E+10
  1233.250 4.713E+10
  1233.500 4.711E+10
  1233.750 4.708E+10
  1234.000 4.705E+10
  1234.250 4.701E+10
  1234.500 4.694E+10
  1234.750 4.687E+10
  1235.000 4.680E+10
  1235.250 4.638E+10
  1235.500 4.556E+10
  1235.750 4.524E+10
  1236.000 4.599E+10
  1236.250 4.645E+10
  1236.500 4.650E+10
  1236.750 4.581E+10
  1237.000 4.515E+10
  1237.250 4.594E+10
  1237.500 4.650E+10
  1237.750 4.637E+10
  1238.000 4.577E+10
  1238.250 4.554E+10
  1238.500 4.552E+10
  1238.750 4.537E+10
  1239.000 4.594E+10
  1239.250 4.600E+10
  1239.500 4.474E+10
  1239.750 4.360E+10
  1240.000 4.381E+10
  1240.250 4.443E+10
  1240.500 4.523E+10
  1240.750 4.586E+10
  1241.000 4.602E+10
  1241.250 4.597E+10
  1241.500 4.577E+10
  1241.750 4.498E+10
  1242.000 4.475E+10
  1242.250 4.543E+10
  1242.500 4.530E+10
  1242.750 4.512E+10
  1243.000 4.561E+10
  1243.250 4.583E+10
  1243.500 4.581E+10
  1243.750 4.570E+10
  1244.000 4.532E+10
  1244.250 4.444E+10
  1244.500 4.410E+10
  1244.750 4.508E+10
  1245.000 4.553E+10
  1245.250 4.546E+10
  1245.500 4.500E+10
  1245.750 4.455E+10
  1246.000 4.503E+10
  1246.250 4.534E+10
  1246.500 4.503E+10
  1246.750 4.452E+10
  1247.000 4.460E+10
  1247.250 4.424E+10
  1247.500 4.349E+10
  1247.750 4.423E+10
  1248.000 4.481E+10
  1248.250 4.399E+10
  1248.500 4.340E+10
  1248.750 4.418E+10
  1249.000 4.451E+10
  1249.250 4.468E+10
  1249.500 4.492E+10
  1249.750 4.501E+10
  1250.000 4.500E+10
  1250.250 4.495E+10
  1250.500 4.490E+10
  1250.750 4.484E+10
  1251.000 4.457E+10
  1251.250 4.371E+10
  1251.500 4.308E+10
  1251.750 4.289E+10
  1252.000 4.341E+10
  1252.250 4.426E+10
  1252.500 4.363E+10
  1252.750 4.196E+10
  1253.000 4.221E+10
  1253.250 4.342E+10
  1253.500 4.293E+10
  1253.750 4.254E+10
  1254.000 4.379E+10
  1254.250 4.429E+10
  1254.500 4.381E+10
  1254.750 4.271E+10
  1255.000 4.283E+10
  1255.250 4.344E+10
  1255.500 4.322E+10
  1255.750 4.325E+10
  1256.000 4.367E+10
  1256.250 4.406E+10
  1256.500 4.409E+10
  1256.750 4.399E+10
  1257.000 4.395E+10
  1257.250 4.390E+10
  1257.500 4.375E+10
  1257.750 4.312E+10
  1258.000 4.226E+10
  1258.250 4.291E+10
  1258.500 4.349E+10
  1258.750 4.306E+10
  1259.000 4.304E+10
  1259.250 4.360E+10
  1259.500 4.374E+10
  1259.750 4.361E+10
  1260.000 4.292E+10
  1260.250 4.143E+10
  1260.500 4.105E+10
  1260.750 4.071E+10
  1261.000 4.064E+10
  1261.250 4.194E+10
  1261.500 4.321E+10
  1261.750 4.347E+10
  1262.000 4.343E+10
  1262.250 4.337E+10
  1262.500 4.337E+10
  1262.750 4.338E+10
  1263.000 4.335E+10
  1263.250 4.331E+10
  1263.500 4.318E+10
  1263.750 4.289E+10
  1264.000 4.269E+10
  1264.250 4.283E+10
  1264.500 4.303E+10
  1264.750 4.306E+10
  1265.000 4.296E+10
  1265.250 4.284E+10
  1265.500 4.254E+10
  1265.750 4.112E+10
  1266.000 3.991E+10
  1266.250 4.107E+10
  1266.500 4.252E+10
  1266.750 4.285E+10
  1267.000 4.283E+10
  1267.250 4.261E+10
  1267.500 4.202E+10
  1267.750 4.193E+10
  1268.000 4.248E+10
  1268.250 4.268E+10
  1268.500 4.267E+10
  1268.750 4.264E+10
  1269.000 4.261E+10
  1269.250 4.257E+10
  1269.500 4.252E+10
  1269.750 4.246E+10
  1270.000 4.238E+10
  1270.250 4.239E+10
  1270.500 4.236E+10
  1270.750 4.197E+10
  1271.000 4.099E+10
  1271.250 4.114E+10
  1271.500 4.197E+10
  1271.750 4.152E+10
  1272.000 4.014E+10
  1272.250 4.049E+10
  1272.500 4.135E+10
  1272.750 4.115E+10
  1273.000 4.132E+10
  1273.250 4.188E+10
  1273.500 4.171E+10
  1273.750 4.090E+10
  1274.000 4.105E+10
  1274.250 4.177E+10
  1274.500 4.194E+10
  1274.750 4.192E+10
  1275.000 4.189E+10
  1275.250 4.184E+10
  1275.500 4.170E+10
  1275.750 4.124E+10
  1276.000 4.079E+10
  1276.250 4.117E+10
  1276.500 4.111E+10
  1276.750 3.957E+10
  1277.000 3.865E+10
  1277.250 3.976E+10
  1277.500 4.097E+10
  1277.750 4.139E+10
  1278.000 4.080E+10
  1278.250 3.974E+10
  1278.500 4.024E+10
  1278.750 4.081E+10
  1279.000 4.059E+10
  1279.250 4.079E+10
  1279.500 4.118E+10
  1279.750 4.128E+10
  1280.000 4.128E+10
  1280.250 4.125E+10
  1280.500 4.122E+10
  1280.750 4.120E+10
  1281.000 4.117E+10
  1281.250 4.110E+10
  1281.500 4.105E+10
  1281.750 4.105E+10
  1282.000 4.086E+10
  1282.250 3.999E+10
  1282.500 3.945E+10
  1282.750 4.035E+10
  1283.000 4.071E+10
  1283.250 4.018E+10
  1283.500 4.004E+10
  1283.750 4.012E+10
  1284.000 3.977E+10
  1284.250 4.025E+10
  1284.500 4.068E+10
  1284.750 4.059E+10
  1285.000 3.986E+10
  1285.250 3.856E+10
  1285.500 3.876E+10
  1285.750 3.971E+10
  1286.000 3.905E+10
  1286.250 3.885E+10
  1286.500 3.986E+10
  1286.750 3.978E+10
  1287.000 3.896E+10
  1287.250 3.955E+10
  1287.500 4.028E+10
  1287.750 4.035E+10
  1288.000 4.006E+10
  1288.250 3.960E+10
  1288.500 3.985E+10
  1288.750 4.020E+10
  1289.000 4.025E+10
  1289.250 4.023E+10
  1289.500 4.019E+10
  1289.750 4.016E+10
  1290.000 4.012E+10
  1290.250 4.010E+10
  1290.500 4.006E+10
  1290.750 3.974E+10
  1291.000 3.864E+10
  1291.250 3.767E+10
  1291.500 3.818E+10
  1291.750 3.942E+10
  1292.000 3.985E+10
  1292.250 3.974E+10
  1292.500 3.925E+10
  1292.750 3.916E+10
  1293.000 3.961E+10
  1293.250 3.974E+10
  1293.500 3.972E+10
  1293.750 3.969E+10
  1294.000 3.963E+10
  1294.250 3.921E+10
  1294.500 3.848E+10
  1294.750 3.870E+10
  1295.000 3.860E+10
  1295.250 3.823E+10
  1295.500 3.864E+10
  1295.750 3.836E+10
  1296.000 3.866E+10
  1296.250 3.913E+10
  1296.500 3.819E+10
  1296.750 3.647E+10
  1297.000 3.725E+10
  1297.250 3.886E+10
  1297.500 3.921E+10
  1297.750 3.922E+10
  1298.000 3.924E+10
  1298.250 3.922E+10
  1298.500 3.919E+10
  1298.750 3.916E+10
  1299.000 3.913E+10
  1299.250 3.909E+10
  1299.500 3.894E+10
  1299.750 3.863E+10
  1300.000 3.867E+10
  1300.250 3.892E+10
  1300.500 3.895E+10
  1300.750 3.876E+10
  1301.000 3.805E+10
  1301.250 3.760E+10
  1301.500 3.753E+10
  1301.750 3.705E+10
  1302.000 3.776E+10
  1302.250 3.851E+10
  1302.500 3.854E+10
  1302.750 3.858E+10
  1303.000 3.866E+10
  1303.250 3.865E+10
  1303.500 3.862E+10
  1303.750 3.861E+10
  1304.000 3.859E+10
  1304.250 3.856E+10
  1304.500 3.853E+10
  1304.750 3.848E+10
  1305.000 3.846E+10
  1305.250 3.845E+10
  1305.500 3.842E+10
  1305.750 3.838E+10
  1306.000 3.829E+10
  1306.250 3.812E+10
  1306.500 3.800E+10
  1306.750 3.813E+10
  1307.000 3.815E+10
  1307.250 3.808E+10
  1307.500 3.802E+10
  1307.750 3.799E+10
  1308.000 3.807E+10
  1308.250 3.783E+10
  1308.500 3.686E+10
  1308.750 3.670E+10
  1309.000 3.766E+10
  1309.250 3.798E+10
  1309.500 3.777E+10
  1309.750 3.693E+10
  1310.000 3.667E+10
  1310.250 3.733E+10
  1310.500 3.715E+10
  1310.750 3.700E+10
  1311.000 3.735E+10
  1311.250 3.768E+10
  1311.500 3.777E+10
  1311.750 3.773E+10
  1312.000 3.768E+10
  1312.250 3.761E+10
  1312.500 3.761E+10
  1312.750 3.763E+10
  1313.000 3.762E+10
  1313.250 3.759E+10
  1313.500 3.757E+10
  1313.750 3.755E+10
  1314.000 3.751E+10
  1314.250 3.745E+10
  1314.500 3.740E+10
  1314.750 3.738E+10
  1315.000 3.732E+10
  1315.250 3.711E+10
  1315.500 3.654E+10
  1315.750 3.596E+10
  1316.000 3.626E+10
  1316.250 3.691E+10
  1316.500 3.714E+10
  1316.750 3.719E+10
  1317.000 3.719E+10
  1317.250 3.708E+10
  1317.500 3.651E+10
  1317.750 3.599E+10
  1318.000 3.655E+10
  1318.250 3.692E+10
  1318.500 3.690E+10
  1318.750 3.696E+10
  1319.000 3.699E+10
  1319.250 3.687E+10
  1319.500 3.657E+10
  1319.750 3.650E+10
  1320.000 3.667E+10
  1320.250 3.669E+10
  1320.500 3.647E+10
  1320.750 3.646E+10
  1321.000 3.668E+10
  1321.250 3.670E+10
  1321.500 3.666E+10
  1321.750 3.669E+10
  1322.000 3.669E+10
  1322.250 3.668E+10
  1322.500 3.665E+10
  1322.750 3.662E+10
  1323.000 3.655E+10
  1323.250 3.647E+10
  1323.500 3.648E+10
  1323.750 3.645E+10
  1324.000 3.600E+10
  1324.250 3.530E+10
  1324.500 3.573E+10
  1324.750 3.631E+10
  1325.000 3.639E+10
  1325.250 3.637E+10
  1325.500 3.634E+10
  1325.750 3.631E+10
  1326.000 3.628E+10
  1326.250 3.619E+10
  1326.500 3.601E+10
  1326.750 3.592E+10
  1327.000 3.590E+10
  1327.250 3.605E+10
  1327.500 3.612E+10
  1327.750 3.606E+10
  1328.000 3.603E+10
  1328.250 3.604E+10
  1328.500 3.603E+10
  1328.750 3.582E+10
  1329.000 3.496E+10
  1329.250 3.459E+10
  1329.500 3.546E+10
  1329.750 3.587E+10
  1330.000 3.587E+10
  1330.250 3.577E+10
  1330.500 3.564E+10
  1330.750 3.518E+10
  1331.000 3.468E+10
  1331.250 3.516E+10
  1331.500 3.560E+10
  1331.750 3.564E+10
  1332.000 3.524E+10
  1332.250 3.398E+10
  1332.500 3.388E+10
  1332.750 3.512E+10
  1333.000 3.555E+10
  1333.250 3.556E+10
  1333.500 3.545E+10
  1333.750 3.515E+10
  1334.000 3.512E+10
  1334.250 3.538E+10
  1334.500 3.545E+10
  1334.750 3.543E+10
  1335.000 3.541E+10
  1335.250 3.538E+10
  1335.500 3.535E+10
  1335.750 3.531E+10
  1336.000 3.527E+10
  1336.250 3.523E+10
  1336.500 3.496E+10
  1336.750 3.429E+10
  1337.000 3.442E+10
  1337.250 3.484E+10
  1337.500 3.396E+10
  1337.750 3.289E+10
  1338.000 3.394E+10
  1338.250 3.492E+10
  1338.500 3.506E+10
  1338.750 3.504E+10
  1339.000 3.501E+10
  1339.250 3.499E+10
  1339.500 3.494E+10
  1339.750 3.487E+10
  1340.000 3.485E+10
  1340.250 3.487E+10
  1340.500 3.487E+10
  1340.750 3.486E+10
  1341.000 3.483E+10
  1341.250 3.481E+10
  1341.500 3.479E+10
  1341.750 3.476E+10
  1342.000 3.473E+10
  1342.250 3.470E+10
  1342.500 3.460E+10
  1342.750 3.436E+10
  1343.000 3.425E+10
  1343.250 3.411E+10
  1343.500 3.415E+10
  1343.750 3.443E+10
  1344.000 3.443E+10
  1344.250 3.431E+10
  1344.500 3.431E+10
  1344.750 3.440E+10
  1345.000 3.441E+10
  1345.250 3.423E+10
  1345.500 3.401E+10
  1345.750 3.417E+10
  1346.000 3.433E+10
  1346.250 3.433E+10
  1346.500 3.431E+10
  1346.750 3.429E+10
  1347.000 3.427E+10
  1347.250 3.424E+10
  1347.500 3.420E+10
  1347.750 3.402E+10
  1348.000 3.366E+10
  1348.250 3.377E+10
  1348.500 3.403E+10
  1348.750 3.400E+10
  1349.000 3.379E+10
  1349.250 3.375E+10
  1349.500 3.389E+10
  1349.750 3.366E+10
  1350.000 3.308E+10
  1350.250 3.332E+10
  1350.500 3.381E+10
  1350.750 3.390E+10
  1351.000 3.389E+10
  1351.250 3.386E+10
  1351.500 3.381E+10
  1351.750 3.371E+10
  1352.000 3.359E+10
  1352.250 3.362E+10
  1352.500 3.365E+10
  1352.750 3.369E+10
  1353.000 3.369E+10
  1353.250 3.366E+10
  1353.500 3.361E+10
  1353.750 3.359E+10
  1354.000 3.360E+10
  1354.250 3.359E+10
  1354.500 3.356E+10
  1354.750 3.349E+10
  1355.000 3.347E+10
  1355.250 3.349E+10
  1355.500 3.348E+10
  1355.750 3.346E+10
  1356.000 3.344E+10
  1356.250 3.341E+10
  1356.500 3.334E+10
  1356.750 3.316E+10
  1357.000 3.315E+10
  1357.250 3.327E+10
  1357.500 3.326E+10
  1357.750 3.319E+10
  1358.000 3.296E+10
  1358.250 3.247E+10
  1358.500 3.232E+10
  1358.750 3.251E+10
  1359.000 3.289E+10
  1359.250 3.308E+10
  1359.500 3.310E+10
  1359.750 3.310E+10
  1360.000 3.308E+10
  1360.250 3.305E+10
  1360.500 3.302E+10
  1360.750 3.300E+10
  1361.000 3.297E+10
  1361.250 3.285E+10
  1361.500 3.239E+10
  1361.750 3.160E+10
  1362.000 3.197E+10
  1362.250 3.271E+10
  1362.500 3.284E+10
  1362.750 3.278E+10
  1363.000 3.272E+10
  1363.250 3.273E+10
  1363.500 3.272E+10
  1363.750 3.269E+10
  1364.000 3.269E+10
  1364.250 3.270E+10
  1364.500 3.268E+10
  1364.750 3.263E+10
  1365.000 3.259E+10
  1365.250 3.257E+10
  1365.500 3.253E+10
  1365.750 3.251E+10
  1366.000 3.252E+10
  1366.250 3.249E+10
  1366.500 3.245E+10
  1366.750 3.246E+10
  1367.000 3.243E+10
  1367.250 3.238E+10
  1367.500 3.239E+10
  1367.750 3.239E+10
  1368.000 3.238E+10
  1368.250 3.236E+10
  1368.500 3.233E+10
  1368.750 3.231E+10
  1369.000 3.227E+10
  1369.250 3.226E+10
  1369.500 3.225E+10
  1369.750 3.222E+10
  1370.000 3.219E+10
  1370.250 3.205E+10
  1370.500 3.129E+10
  1370.750 3.022E+10
  1371.000 3.007E+10
  1371.250 3.077E+10
  1371.500 3.164E+10
  1371.750 3.192E+10
  1372.000 3.198E+10
  1372.250 3.200E+10
  1372.500 3.198E+10
  1372.750 3.194E+10
  1373.000 3.188E+10
  1373.250 3.182E+10
  1373.500 3.168E+10
  1373.750 3.161E+10
  1374.000 3.154E+10
  1374.250 3.111E+10
  1374.500 3.040E+10
  1374.750 3.054E+10
  1375.000 3.134E+10
  1375.250 3.129E+10
  1375.500 3.116E+10
  1375.750 3.148E+10
  1376.000 3.159E+10
  1376.250 3.146E+10
  1376.500 3.145E+10
  1376.750 3.157E+10
  1377.000 3.160E+10
  1377.250 3.159E+10
  1377.500 3.156E+10
  1377.750 3.153E+10
  1378.000 3.149E+10
  1378.250 3.143E+10
  1378.500 3.134E+10
  1378.750 3.135E+10
  1379.000 3.139E+10
  1379.250 3.139E+10
  1379.500 3.139E+10
  1379.750 3.135E+10
  1380.000 3.131E+10
  1380.250 3.129E+10
  1380.500 3.130E+10
  1380.750 3.129E+10
  1381.000 3.127E+10
  1381.250 3.125E+10
  1381.500 3.122E+10
  1381.750 3.120E+10
  1382.000 3.118E+10
  1382.250 3.115E+10
  1382.500 3.112E+10
  1382.750 3.109E+10
  1383.000 3.108E+10
  1383.250 3.107E+10
  1383.500 3.106E+10
  1383.750 3.104E+10
  1384.000 3.099E+10
  1384.250 3.098E+10
  1384.500 3.097E+10
  1384.750 3.095E+10
  1385.000 3.092E+10
  1385.250 3.084E+10
  1385.500 3.069E+10
  1385.750 3.068E+10
  1386.000 3.080E+10
  1386.250 3.083E+10
  1386.500 3.081E+10
  1386.750 3.077E+10
  1387.000 3.069E+10
  1387.250 3.066E+10
  1387.500 3.064E+10
  1387.750 3.055E+10
  1388.000 3.051E+10
  1388.250 3.058E+10
  1388.500 3.061E+10
  1388.750 3.059E+10
  1389.000 3.057E+10
  1389.250 3.058E+10
  1389.500 3.057E+10
  1389.750 3.055E+10
  1390.000 3.053E+10
  1390.250 3.051E+10
  1390.500 3.042E+10
  1390.750 3.021E+10
  1391.000 2.997E+10
  1391.250 2.993E+10
  1391.500 3.022E+10
  1391.750 3.036E+10
  1392.000 3.033E+10
  1392.250 3.027E+10
  1392.500 3.028E+10
  1392.750 3.029E+10
  1393.000 3.022E+10
  1393.250 2.994E+10
  1393.500 2.896E+10
  1393.750 2.802E+10
  1394.000 2.900E+10
  1394.250 2.992E+10
  1394.500 3.008E+10
  1394.750 3.010E+10
  1395.000 3.011E+10
  1395.250 3.011E+10
  1395.500 3.009E+10
  1395.750 3.007E+10
  1396.000 3.005E+10
  1396.250 3.002E+10
  1396.500 2.994E+10
  1396.750 2.987E+10
  1397.000 2.990E+10
  1397.250 2.993E+10
  1397.500 2.992E+10
  1397.750 2.989E+10
  1398.000 2.987E+10
  1398.250 2.986E+10
  1398.500 2.986E+10
  1398.750 2.984E+10
  1399.000 2.982E+10
  1399.250 2.980E+10
  1399.500 2.977E+10
  1399.750 2.975E+10
  1400.000 2.970E+10
  1400.250 2.965E+10
  1400.500 2.967E+10
  1400.750 2.968E+10
  1401.000 2.966E+10
  1401.250 2.964E+10
  1401.500 2.962E+10
  1401.750 2.960E+10
  1402.000 2.953E+10
  1402.250 2.927E+10
  1402.500 2.854E+10
  1402.750 2.774E+10
  1403.000 2.848E+10
  1403.250 2.929E+10
  1403.500 2.943E+10
  1403.750 2.944E+10
  1404.000 2.939E+10
  1404.250 2.926E+10
  1404.500 2.917E+10
  1404.750 2.920E+10
  1405.000 2.925E+10
  1405.250 2.927E+10
  1405.500 2.929E+10
  1405.750 2.929E+10
  1406.000 2.927E+10
  1406.250 2.923E+10
  1406.500 2.911E+10
  1406.750 2.899E+10
  1407.000 2.902E+10
  1407.250 2.903E+10
  1407.500 2.909E+10
  1407.750 2.912E+10
  1408.000 2.907E+10
  1408.250 2.902E+10
  1408.500 2.903E+10
  1408.750 2.901E+10
  1409.000 2.889E+10
  1409.250 2.877E+10
  1409.500 2.877E+10
  1409.750 2.888E+10
  1410.000 2.894E+10
  1410.250 2.895E+10
  1410.500 2.893E+10
  1410.750 2.891E+10
  1411.000 2.889E+10
  1411.250 2.886E+10
  1411.500 2.881E+10
  1411.750 2.881E+10
  1412.000 2.881E+10
  1412.250 2.880E+10
  1412.500 2.878E+10
  1412.750 2.876E+10
  1413.000 2.873E+10
  1413.250 2.868E+10
  1413.500 2.868E+10
  1413.750 2.869E+10
  1414.000 2.867E+10
  1414.250 2.864E+10
  1414.500 2.858E+10
  1414.750 2.855E+10
  1415.000 2.849E+10
  1415.250 2.845E+10
  1415.500 2.851E+10
  1415.750 2.853E+10
  1416.000 2.849E+10
  1416.250 2.845E+10
  1416.500 2.844E+10
  1416.750 2.843E+10
  1417.000 2.842E+10
  1417.250 2.829E+10
  1417.500 2.780E+10
  1417.750 2.762E+10
  1418.000 2.802E+10
  1418.250 2.821E+10
  1418.500 2.828E+10
  1418.750 2.822E+10
  1419.000 2.796E+10
  1419.250 2.751E+10
  1419.500 2.683E+10
  1419.750 2.680E+10
  1420.000 2.762E+10
  1420.250 2.791E+10
  1420.500 2.786E+10
  1420.750 2.799E+10
  1421.000 2.809E+10
  1421.250 2.810E+10
  1421.500 2.800E+10
  1421.750 2.790E+10
  1422.000 2.798E+10
  1422.250 2.803E+10
  1422.500 2.801E+10
  1422.750 2.797E+10
  1423.000 2.781E+10
  1423.250 2.740E+10
  1423.500 2.689E+10
  1423.750 2.709E+10
  1424.000 2.767E+10
  1424.250 2.786E+10
  1424.500 2.788E+10
  1424.750 2.786E+10
  1425.000 2.783E+10
  1425.250 2.783E+10
  1425.500 2.782E+10
  1425.750 2.781E+10
  1426.000 2.779E+10
  1426.250 2.777E+10
  1426.500 2.775E+10
  1426.750 2.773E+10
  1427.000 2.772E+10
  1427.250 2.770E+10
  1427.500 2.768E+10
  1427.750 2.766E+10
  1428.000 2.764E+10
  1428.250 2.762E+10
  1428.500 2.761E+10
  1428.750 2.758E+10
  1429.000 2.754E+10
  1429.250 2.745E+10
  1429.500 2.738E+10
  1429.750 2.743E+10
  1430.000 2.747E+10
  1430.250 2.740E+10
  1430.500 2.726E+10
  1430.750 2.730E+10
  1431.000 2.740E+10
  1431.250 2.742E+10
  1431.500 2.739E+10
  1431.750 2.735E+10
  1432.000 2.732E+10
  1432.250 2.733E+10
  1432.500 2.733E+10
  1432.750 2.730E+10
  1433.000 2.724E+10
  1433.250 2.718E+10
  1433.500 2.721E+10
  1433.750 2.723E+10
  1434.000 2.722E+10
  1434.250 2.720E+10
  1434.500 2.718E+10
  1434.750 2.716E+10
  1435.000 2.710E+10
  1435.250 2.704E+10
  1435.500 2.706E+10
  1435.750 2.709E+10
  1436.000 2.709E+10
  1436.250 2.707E+10
  1436.500 2.705E+10
  1436.750 2.703E+10
  1437.000 2.701E+10
  1437.250 2.699E+10
  1437.500 2.697E+10
  1437.750 2.695E+10
  1438.000 2.695E+10
  1438.250 2.693E+10
  1438.500 2.691E+10
  1438.750 2.688E+10
  1439.000 2.684E+10
  1439.250 2.683E+10
  1439.500 2.683E+10
  1439.750 2.677E+10
  1440.000 2.660E+10
  1440.250 2.631E+10
  1440.500 2.630E+10
  1440.750 2.652E+10
  1441.000 2.662E+10
  1441.250 2.666E+10
  1441.500 2.665E+10
  1441.750 2.655E+10
  1442.000 2.652E+10
  1442.250 2.655E+10
  1442.500 2.660E+10
  1442.750 2.661E+10
  1443.000 2.657E+10
  1443.250 2.655E+10
  1443.500 2.656E+10
  1443.750 2.655E+10
  1444.000 2.654E+10
  1444.250 2.652E+10
  1444.500 2.650E+10
  1444.750 2.649E+10
  1445.000 2.647E+10
  1445.250 2.645E+10
  1445.500 2.643E+10
  1445.750 2.641E+10
  1446.000 2.639E+10
  1446.250 2.635E+10
  1446.500 2.618E+10
  1446.750 2.598E+10
  1447.000 2.606E+10
  1447.250 2.616E+10
  1447.500 2.613E+10
  1447.750 2.619E+10
  1448.000 2.621E+10
  1448.250 2.618E+10
  1448.500 2.613E+10
  1448.750 2.609E+10
  1449.000 2.612E+10
  1449.250 2.617E+10
  1449.500 2.615E+10
  1449.750 2.609E+10
  1450.000 2.606E+10
  1450.250 2.610E+10
  1450.500 2.610E+10
  1450.750 2.608E+10
  1451.000 2.606E+10
  1451.250 2.604E+10
  1451.500 2.603E+10
  1451.750 2.602E+10
  1452.000 2.600E+10
  1452.250 2.599E+10
  1452.500 2.597E+10
  1452.750 2.594E+10
  1453.000 2.588E+10
  1453.250 2.577E+10
  1453.500 2.572E+10
  1453.750 2.579E+10
  1454.000 2.584E+10
  1454.250 2.583E+10
  1454.500 2.580E+10
  1454.750 2.576E+10
  1455.000 2.557E+10
  1455.250 2.523E+10
  1455.500 2.535E+10
  1455.750 2.562E+10
  1456.000 2.566E+10
  1456.250 2.562E+10
  1456.500 2.567E+10
  1456.750 2.569E+10
  1457.000 2.568E+10
  1457.250 2.566E+10
  1457.500 2.562E+10
  1457.750 2.559E+10
  1458.000 2.560E+10
  1458.250 2.559E+10
  1458.500 2.557E+10
  1458.750 2.554E+10
  1459.000 2.551E+10
  1459.250 2.540E+10
  1459.500 2.520E+10
  1459.750 2.516E+10
  1460.000 2.534E+10
  1460.250 2.544E+10
  1460.500 2.543E+10
  1460.750 2.540E+10
  1461.000 2.540E+10
  1461.250 2.539E+10
  1461.500 2.538E+10
  1461.750 2.537E+10
  1462.000 2.535E+10
  1462.250 2.532E+10
  1462.500 2.526E+10
  1462.750 2.525E+10
  1463.000 2.527E+10
  1463.250 2.526E+10
  1463.500 2.522E+10
  1463.750 2.520E+10
  1464.000 2.520E+10
  1464.250 2.516E+10
  1464.500 2.504E+10
  1464.750 2.491E+10
  1465.000 2.499E+10
  1465.250 2.495E+10
  1465.500 2.482E+10
  1465.750 2.495E+10
  1466.000 2.506E+10
  1466.250 2.506E+10
  1466.500 2.501E+10
  1466.750 2.498E+10
  1467.000 2.501E+10
  1467.250 2.500E+10
  1467.500 2.496E+10
  1467.750 2.465E+10
  1468.000 2.331E+10
  1468.250 2.239E+10
  1468.500 2.377E+10
  1468.750 2.468E+10
  1469.000 2.478E+10
  1469.250 2.483E+10
  1469.500 2.486E+10
  1469.750 2.486E+10
  1470.000 2.484E+10
  1470.250 2.483E+10
  1470.500 2.481E+10
  1470.750 2.480E+10
  1471.000 2.478E+10
  1471.250 2.476E+10
  1471.500 2.475E+10
  1471.750 2.472E+10
  1472.000 2.465E+10
  1472.250 2.462E+10
  1472.500 2.461E+10
  1472.750 2.464E+10
  1473.000 2.465E+10
  1473.250 2.464E+10
  1473.500 2.463E+10
  1473.750 2.461E+10
  1474.000 2.460E+10
  1474.250 2.458E+10
  1474.500 2.456E+10
  1474.750 2.455E+10
  1475.000 2.453E+10
  1475.250 2.451E+10
  1475.500 2.448E+10
  1475.750 2.447E+10
  1476.000 2.447E+10
  1476.250 2.446E+10
  1476.500 2.444E+10
  1476.750 2.443E+10
  1477.000 2.441E+10
  1477.250 2.440E+10
  1477.500 2.438E+10
  1477.750 2.436E+10
  1478.000 2.434E+10
  1478.250 2.433E+10
  1478.500 2.432E+10
  1478.750 2.430E+10
  1479.000 2.428E+10
  1479.250 2.424E+10
  1479.500 2.417E+10
  1479.750 2.407E+10
  1480.000 2.402E+10
  1480.250 2.412E+10
  1480.500 2.417E+10
  1480.750 2.418E+10
  1481.000 2.414E+10
  1481.250 2.408E+10
  1481.500 2.410E+10
  1481.750 2.412E+10
  1482.000 2.411E+10
  1482.250 2.410E+10
  1482.500 2.408E+10
  1482.750 2.406E+10
  1483.000 2.405E+10
  1483.250 2.403E+10
  1483.500 2.402E+10
  1483.750 2.401E+10
  1484.000 2.399E+10
  1484.250 2.397E+10
  1484.500 2.396E+10
  1484.750 2.394E+10
  1485.000 2.391E+10
  1485.250 2.390E+10
  1485.500 2.389E+10
  1485.750 2.388E+10
  1486.000 2.387E+10
  1486.250 2.386E+10
  1486.500 2.382E+10
  1486.750 2.375E+10
  1487.000 2.374E+10
  1487.250 2.378E+10
  1487.500 2.378E+10
  1487.750 2.377E+10
  1488.000 2.376E+10
  1488.250 2.374E+10
  1488.500 2.372E+10
  1488.750 2.368E+10
  1489.000 2.364E+10
  1489.250 2.363E+10
  1489.500 2.365E+10
  1489.750 2.364E+10
  1490.000 2.360E+10
  1490.250 2.348E+10
  1490.500 2.345E+10
  1490.750 2.355E+10
  1491.000 2.357E+10
  1491.250 2.356E+10
  1491.500 2.355E+10
  1491.750 2.354E+10
  1492.000 2.352E+10
  1492.250 2.351E+10
  1492.500 2.349E+10
  1492.750 2.348E+10
  1493.000 2.346E+10
  1493.250 2.345E+10
  1493.500 2.343E+10
  1493.750 2.342E+10
  1494.000 2.340E+10
  1494.250 2.339E+10
  1494.500 2.337E+10
  1494.750 2.336E+10
  1495.000 2.332E+10
  1495.250 2.321E+10
  1495.500 2.312E+10
  1495.750 2.321E+10
  1496.000 2.326E+10
  1496.250 2.324E+10
  1496.500 2.324E+10
  1496.750 2.324E+10
  1497.000 2.323E+10
  1497.250 2.322E+10
  1497.500 2.319E+10
  1497.750 2.314E+10
  1498.000 2.310E+10
  1498.250 2.313E+10
  1498.500 2.314E+10
  1498.750 2.313E+10
  1499.000 2.312E+10
  1499.250 2.310E+10
  1499.500 2.309E+10
  1499.750 2.307E+10
  1500.000 2.306E+10
  1500.250 2.304E+10
  1500.500 2.303E+10
  1500.750 2.302E+10
  1501.000 2.300E+10
  1501.250 2.299E+10
  1501.500 2.297E+10
  1501.750 2.296E+10
  1502.000 2.295E+10
  1502.250 2.293E+10
  1502.500 2.292E+10
  1502.750 2.290E+10
  1503.000 2.289E+10
  1503.250 2.287E+10
  1503.500 2.286E+10
  1503.750 2.284E+10
  1504.000 2.283E+10
  1504.250 2.281E+10
  1504.500 2.280E+10
  1504.750 2.279E+10
  1505.000 2.278E+10
  1505.250 2.276E+10
  1505.500 2.275E+10
  1505.750 2.274E+10
  1506.000 2.272E+10
  1506.250 2.271E+10
  1506.500 2.269E+10
  1506.750 2.268E+10
  1507.000 2.266E+10
  1507.250 2.265E+10
  1507.500 2.261E+10
  1507.750 2.256E+10
  1508.000 2.258E+10
  1508.250 2.259E+10
  1508.500 2.255E+10
  1508.750 2.248E+10
  1509.000 2.250E+10
  1509.250 2.253E+10
  1509.500 2.253E+10
  1509.750 2.250E+10
  1510.000 2.248E+10
  1510.250 2.245E+10
  1510.500 2.237E+10
  1510.750 2.233E+10
  1511.000 2.240E+10
  1511.250 2.242E+10
  1511.500 2.241E+10
  1511.750 2.240E+10
  1512.000 2.239E+10
  1512.250 2.238E+10
  1512.500 2.236E+10
  1512.750 2.235E+10
  1513.000 2.233E+10
  1513.250 2.232E+10
  1513.500 2.231E+10
  1513.750 2.229E+10
  1514.000 2.228E+10
  1514.250 2.227E+10
  1514.500 2.225E+10
  1514.750 2.220E+10
  1515.000 2.212E+10
  1515.250 2.215E+10
  1515.500 2.219E+10
  1515.750 2.218E+10
  1516.000 2.217E+10
  1516.250 2.216E+10
  1516.500 2.214E+10
  1516.750 2.213E+10
  1517.000 2.212E+10
  1517.250 2.210E+10
  1517.500 2.209E+10
  1517.750 2.207E+10
  1518.000 2.206E+10
  1518.250 2.205E+10
  1518.500 2.204E+10
  1518.750 2.201E+10
  1519.000 2.199E+10
  1519.250 2.198E+10
  1519.500 2.198E+10
  1519.750 2.197E+10
  1520.000 2.195E+10
  1520.250 2.194E+10
  1520.500 2.193E+10
  1520.750 2.190E+10
  1521.000 2.187E+10
  1521.250 2.187E+10
  1521.500 2.187E+10
  1521.750 2.186E+10
  1522.000 2.185E+10
  1522.250 2.184E+10
  1522.500 2.181E+10
  1522.750 2.176E+10
  1523.000 2.172E+10
  1523.250 2.175E+10
  1523.500 2.177E+10
  1523.750 2.176E+10
  1524.000 2.174E+10
  1524.250 2.173E+10
  1524.500 2.172E+10
  1524.750 2.169E+10
  1525.000 2.162E+10
  1525.250 2.153E+10
  1525.500 2.156E+10
  1525.750 2.163E+10
  1526.000 2.163E+10
  1526.250 2.162E+10
  1526.500 2.161E+10
  1526.750 2.160E+10
  1527.000 2.159E+10
  1527.250 2.157E+10
  1527.500 2.156E+10
  1527.750 2.155E+10
  1528.000 2.153E+10
  1528.250 2.152E+10
  1528.500 2.150E+10
  1528.750 2.149E+10
  1529.000 2.148E+10
  1529.250 2.147E+10
  1529.500 2.146E+10
  1529.750 2.144E+10
  1530.000 2.143E+10
  1530.250 2.141E+10
  1530.500 2.139E+10
  1530.750 2.139E+10
  1531.000 2.138E+10
  1531.250 2.136E+10
  1531.500 2.135E+10
  1531.750 2.129E+10
  1532.000 2.116E+10
  1532.250 2.115E+10
  1532.500 2.123E+10
  1532.750 2.120E+10
  1533.000 2.102E+10
  1533.250 2.090E+10
  1533.500 2.105E+10
  1533.750 2.118E+10
  1534.000 2.121E+10
  1534.250 2.120E+10
  1534.500 2.119E+10
  1534.750 2.118E+10
  1535.000 2.117E+10
  1535.250 2.116E+10
  1535.500 2.114E+10
  1535.750 2.112E+10
  1536.000 2.111E+10
  1536.250 2.111E+10
  1536.500 2.109E+10
  1536.750 2.108E+10
  1537.000 2.107E+10
  1537.250 2.106E+10
  1537.500 2.104E+10
  1537.750 2.103E+10
  1538.000 2.098E+10
  1538.250 2.086E+10
  1538.500 2.076E+10
  1538.750 2.074E+10
  1539.000 2.087E+10
  1539.250 2.094E+10
  1539.500 2.094E+10
  1539.750 2.093E+10
  1540.000 2.092E+10
  1540.250 2.090E+10
  1540.500 2.089E+10
  1540.750 2.088E+10
  1541.000 2.087E+10
  1541.250 2.085E+10
  1541.500 2.084E+10
  1541.750 2.083E+10
  1542.000 2.082E+10
  1542.250 2.080E+10
  1542.500 2.079E+10
  1542.750 2.078E+10
  1543.000 2.075E+10
  1543.250 2.073E+10
  1543.500 2.073E+10
  1543.750 2.072E+10
  1544.000 2.071E+10
  1544.250 2.069E+10
  1544.500 2.068E+10
  1544.750 2.067E+10
  1545.000 2.066E+10
  1545.250 2.064E+10
  1545.500 2.062E+10
  1545.750 2.060E+10
  1546.000 2.058E+10
  1546.250 2.056E+10
  1546.500 2.054E+10
  1546.750 2.051E+10
  1547.000 2.047E+10
  1547.250 2.038E+10
  1547.500 2.018E+10
  1547.750 1.943E+10
  1548.000 1.772E+10
  1548.250 1.695E+10
  1548.500 1.847E+10
  1548.750 1.980E+10
  1549.000 2.020E+10
  1549.250 2.030E+10
  1549.500 2.026E+10
  1549.750 2.007E+10
  1550.000 1.999E+10
  1550.250 1.981E+10
  1550.500 1.856E+10
  1550.750 1.722E+10
  1551.000 1.821E+10
  1551.250 1.969E+10
  1551.500 2.016E+10
  1551.750 2.025E+10
  1552.000 2.027E+10
  1552.250 2.028E+10
  1552.500 2.027E+10
  1552.750 2.023E+10
  1553.000 2.020E+10
  1553.250 2.022E+10
  1553.500 2.024E+10
  1553.750 2.022E+10
  1554.000 2.019E+10
  1554.250 2.016E+10
  1554.500 2.018E+10
  1554.750 2.018E+10
  1555.000 2.017E+10
  1555.250 2.016E+10
  1555.500 2.015E+10
  1555.750 2.014E+10
  1556.000 2.013E+10
  1556.250 2.012E+10
  1556.500 2.010E+10
  1556.750 2.008E+10
  1557.000 2.004E+10
  1557.250 2.000E+10
  1557.500 2.002E+10
  1557.750 2.004E+10
  1558.000 2.003E+10
  1558.250 2.002E+10
  1558.500 2.001E+10
  1558.750 2.000E+10
  1559.000 1.999E+10
  1559.250 1.998E+10
  1559.500 1.997E+10
  1559.750 1.995E+10
  1560.000 1.994E+10
  1560.250 1.993E+10
  1560.500 1.992E+10
  1560.750 1.991E+10
  1561.000 1.989E+10
  1561.250 1.988E+10
  1561.500 1.987E+10
  1561.750 1.986E+10
  1562.000 1.985E+10
  1562.250 1.984E+10
  1562.500 1.982E+10
  1562.750 1.981E+10
  1563.000 1.980E+10
  1563.250 1.979E+10
  1563.500 1.978E+10
  1563.750 1.975E+10
  1564.000 1.970E+10
  1564.250 1.969E+10
  1564.500 1.972E+10
  1564.750 1.970E+10
  1565.000 1.957E+10
  1565.250 1.937E+10
  1565.500 1.948E+10
  1565.750 1.962E+10
  1566.000 1.965E+10
  1566.250 1.965E+10
  1566.500 1.964E+10
  1566.750 1.962E+10
  1567.000 1.961E+10
  1567.250 1.960E+10
  1567.500 1.959E+10
  1567.750 1.958E+10
  1568.000 1.957E+10
  1568.250 1.955E+10
  1568.500 1.952E+10
  1568.750 1.952E+10
  1569.000 1.952E+10
  1569.250 1.951E+10
  1569.500 1.950E+10
  1569.750 1.949E+10
  1570.000 1.947E+10
  1570.250 1.946E+10
  1570.500 1.945E+10
  1570.750 1.944E+10
  1571.000 1.943E+10
  1571.250 1.942E+10
  1571.500 1.941E+10
  1571.750 1.939E+10
  1572.000 1.937E+10
  1572.250 1.931E+10
  1572.500 1.924E+10
  1572.750 1.928E+10
  1573.000 1.933E+10
  1573.250 1.933E+10
  1573.500 1.932E+10
  1573.750 1.930E+10
  1574.000 1.929E+10
  1574.250 1.928E+10
  1574.500 1.927E+10
  1574.750 1.926E+10
  1575.000 1.925E+10
  1575.250 1.924E+10
  1575.500 1.922E+10
  1575.750 1.921E+10
  1576.000 1.918E+10
  1576.250 1.911E+10
  1576.500 1.908E+10
  1576.750 1.913E+10
  1577.000 1.915E+10
  1577.250 1.914E+10
  1577.500 1.913E+10
  1577.750 1.911E+10
  1578.000 1.909E+10
  1578.250 1.909E+10
  1578.500 1.909E+10
  1578.750 1.908E+10
  1579.000 1.907E+10
  1579.250 1.905E+10
  1579.500 1.903E+10
  1579.750 1.901E+10
  1580.000 1.901E+10
  1580.250 1.901E+10
  1580.500 1.900E+10
  1580.750 1.899E+10
  1581.000 1.898E+10
  1581.250 1.897E+10
  1581.500 1.895E+10
  1581.750 1.894E+10
  1582.000 1.892E+10
  1582.250 1.891E+10
  1582.500 1.888E+10
  1582.750 1.873E+10
  1583.000 1.848E+10
  1583.250 1.856E+10
  1583.500 1.880E+10
  1583.750 1.885E+10
  1584.000 1.883E+10
  1584.250 1.881E+10
  1584.500 1.879E+10
  1584.750 1.878E+10
  1585.000 1.876E+10
  1585.250 1.870E+10
  1585.500 1.850E+10
  1585.750 1.805E+10
  1586.000 1.775E+10
  1586.250 1.801E+10
  1586.500 1.845E+10
  1586.750 1.864E+10
  1587.000 1.868E+10
  1587.250 1.868E+10
  1587.500 1.867E+10
  1587.750 1.867E+10
  1588.000 1.866E+10
  1588.250 1.865E+10
  1588.500 1.864E+10
  1588.750 1.863E+10
  1589.000 1.861E+10
  1589.250 1.860E+10
  1589.500 1.859E+10
  1589.750 1.859E+10
  1590.000 1.858E+10
  1590.250 1.857E+10
  1590.500 1.856E+10
  1590.750 1.855E+10
  1591.000 1.854E+10
  1591.250 1.852E+10
  1591.500 1.851E+10
  1591.750 1.849E+10
  1592.000 1.849E+10
  1592.250 1.847E+10
  1592.500 1.846E+10
  1592.750 1.846E+10
  1593.000 1.845E+10
  1593.250 1.844E+10
  1593.500 1.843E+10
  1593.750 1.840E+10
  1594.000 1.838E+10
  1594.250 1.838E+10
  1594.500 1.837E+10
  1594.750 1.836E+10
  1595.000 1.836E+10
  1595.250 1.835E+10
  1595.500 1.835E+10
  1595.750 1.833E+10
  1596.000 1.832E+10
  1596.250 1.831E+10
  1596.500 1.830E+10
  1596.750 1.829E+10
  1597.000 1.827E+10
  1597.250 1.827E+10
  1597.500 1.826E+10
  1597.750 1.825E+10
  1598.000 1.824E+10
  1598.250 1.823E+10
  1598.500 1.821E+10
  1598.750 1.820E+10
  1599.000 1.819E+10
  1599.250 1.819E+10
  1599.500 1.818E+10
  1599.750 1.816E+10
  1600.000 1.815E+10
  1600.250 1.814E+10
  1600.500 1.812E+10
  1600.750 1.809E+10
  1601.000 1.810E+10
  1601.250 1.810E+10
  1601.500 1.809E+10
  1601.750 1.808E+10
  1602.000 1.807E+10
  1602.250 1.806E+10
  1602.500 1.804E+10
  1602.750 1.802E+10
  1603.000 1.800E+10
  1603.250 1.800E+10
  1603.500 1.800E+10
  1603.750 1.800E+10
  1604.000 1.799E+10
  1604.250 1.798E+10
  1604.500 1.797E+10
  1604.750 1.796E+10
  1605.000 1.795E+10
  1605.250 1.793E+10
  1605.500 1.792E+10
  1605.750 1.790E+10
  1606.000 1.790E+10
  1606.250 1.789E+10
  1606.500 1.786E+10
  1606.750 1.784E+10
  1607.000 1.784E+10
  1607.250 1.785E+10
  1607.500 1.784E+10
  1607.750 1.783E+10
  1608.000 1.781E+10
  1608.250 1.780E+10
  1608.500 1.780E+10
  1608.750 1.778E+10
  1609.000 1.773E+10
  1609.250 1.769E+10
  1609.500 1.773E+10
  1609.750 1.774E+10
  1610.000 1.773E+10
  1610.250 1.770E+10
  1610.500 1.766E+10
  1610.750 1.765E+10
  1611.000 1.768E+10
  1611.250 1.768E+10
  1611.500 1.767E+10
  1611.750 1.764E+10
  1612.000 1.762E+10
  1612.250 1.764E+10
  1612.500 1.764E+10
  1612.750 1.762E+10
  1613.000 1.761E+10
  1613.250 1.759E+10
  1613.500 1.759E+10
  1613.750 1.758E+10
  1614.000 1.757E+10
  1614.250 1.756E+10
  1614.500 1.755E+10
  1614.750 1.754E+10
  1615.000 1.753E+10
  1615.250 1.753E+10
  1615.500 1.752E+10
  1615.750 1.751E+10
  1616.000 1.750E+10
  1616.250 1.749E+10
  1616.500 1.748E+10
  1616.750 1.746E+10
  1617.000 1.745E+10
  1617.250 1.744E+10
  1617.500 1.743E+10
  1617.750 1.742E+10
  1618.000 1.741E+10
  1618.250 1.740E+10
  1618.500 1.739E+10
  1618.750 1.739E+10
  1619.000 1.738E+10
  1619.250 1.736E+10
  1619.500 1.734E+10
  1619.750 1.731E+10
  1620.000 1.730E+10
  1620.250 1.731E+10
  1620.500 1.731E+10
  1620.750 1.730E+10
  1621.000 1.729E+10
  1621.250 1.728E+10
  1621.500 1.726E+10
  1621.750 1.726E+10
  1622.000 1.725E+10
  1622.250 1.725E+10
  1622.500 1.724E+10
  1622.750 1.723E+10
  1623.000 1.722E+10
  1623.250 1.721E+10
  1623.500 1.719E+10
  1623.750 1.718E+10
  1624.000 1.717E+10
  1624.250 1.715E+10
  1624.500 1.715E+10
  1624.750 1.715E+10
  1625.000 1.713E+10
  1625.250 1.711E+10
  1625.500 1.711E+10
  1625.750 1.711E+10
  1626.000 1.710E+10
  1626.250 1.709E+10
  1626.500 1.708E+10
  1626.750 1.707E+10
  1627.000 1.706E+10
  1627.250 1.705E+10
  1627.500 1.704E+10
  1627.750 1.703E+10
  1628.000 1.702E+10
  1628.250 1.701E+10
  1628.500 1.700E+10
  1628.750 1.699E+10
  1629.000 1.698E+10
  1629.250 1.697E+10
  1629.500 1.695E+10
  1629.750 1.691E+10
  1630.000 1.688E+10
  1630.250 1.688E+10
  1630.500 1.687E+10
  1630.750 1.685E+10
  1631.000 1.685E+10
  1631.250 1.685E+10
  1631.500 1.684E+10
  1631.750 1.683E+10
  1632.000 1.682E+10
  1632.250 1.680E+10
  1632.500 1.679E+10
  1632.750 1.678E+10
  1633.000 1.676E+10
  1633.250 1.675E+10
  1633.500 1.671E+10
  1633.750 1.666E+10
  1634.000 1.663E+10
  1634.250 1.655E+10
  1634.500 1.634E+10
  1634.750 1.635E+10
  1635.000 1.653E+10
  1635.250 1.660E+10
  1635.500 1.659E+10
  1635.750 1.657E+10
  1636.000 1.655E+10
  1636.250 1.652E+10
  1636.500 1.649E+10
  1636.750 1.646E+10
  1637.000 1.642E+10
  1637.250 1.638E+10
  1637.500 1.632E+10
  1637.750 1.626E+10
  1638.000 1.619E+10
  1638.250 1.609E+10
  1638.500 1.597E+10
  1638.750 1.583E+10
  1639.000 1.565E+10
  1639.250 1.541E+10
  1639.500 1.509E+10
  1639.750 1.461E+10
  1640.000 1.382E+10
  1640.250 1.287E+10
  1640.500 1.265E+10
  1640.750 1.341E+10
  1641.000 1.429E+10
  1641.250 1.485E+10
  1641.500 1.521E+10
  1641.750 1.547E+10
  1642.000 1.565E+10
  1642.250 1.578E+10
  1642.500 1.590E+10
  1642.750 1.598E+10
  1643.000 1.604E+10
  1643.250 1.609E+10
  1643.500 1.613E+10
  1643.750 1.616E+10
  1644.000 1.618E+10
  1644.250 1.620E+10
  1644.500 1.621E+10
  1644.750 1.622E+10
  1645.000 1.623E+10
  1645.250 1.623E+10
  1645.500 1.623E+10
  1645.750 1.624E+10
  1646.000 1.624E+10
  1646.250 1.624E+10
  1646.500 1.623E+10
  1646.750 1.623E+10
  1647.000 1.623E+10
  1647.250 1.622E+10
  1647.500 1.622E+10
  1647.750 1.621E+10
  1648.000 1.621E+10
  1648.250 1.617E+10
  1648.500 1.607E+10
  1648.750 1.606E+10
  1649.000 1.615E+10
  1649.250 1.617E+10
  1649.500 1.617E+10
  1649.750 1.616E+10
  1650.000 1.616E+10
  1650.250 1.615E+10
  1650.500 1.615E+10
  1650.750 1.614E+10
  1651.000 1.614E+10
  1651.250 1.613E+10
  1651.500 1.610E+10
  1651.750 1.604E+10
  1652.000 1.602E+10
  1652.250 1.607E+10
  1652.500 1.609E+10
  1652.750 1.608E+10
  1653.000 1.607E+10
  1653.250 1.604E+10
  1653.500 1.598E+10
  1653.750 1.591E+10
  1654.000 1.588E+10
  1654.250 1.590E+10
  1654.500 1.589E+10
  1654.750 1.592E+10
  1655.000 1.597E+10
  1655.250 1.599E+10
  1655.500 1.599E+10
  1655.750 1.598E+10
  1656.000 1.597E+10
  1656.250 1.596E+10
  1656.500 1.596E+10
  1656.750 1.595E+10
  1657.000 1.594E+10
  1657.250 1.593E+10
  1657.500 1.592E+10
  1657.750 1.591E+10
  1658.000 1.590E+10
  1658.250 1.589E+10
  1658.500 1.587E+10
  1658.750 1.580E+10
  1659.000 1.578E+10
  1659.250 1.583E+10
  1659.500 1.584E+10
  1659.750 1.584E+10
  1660.000 1.583E+10
  1660.250 1.582E+10
  1660.500 1.581E+10
  1660.750 1.580E+10
  1661.000 1.580E+10
  1661.250 1.579E+10
  1661.500 1.578E+10
  1661.750 1.577E+10
  1662.000 1.576E+10
  1662.250 1.575E+10
  1662.500 1.574E+10
  1662.750 1.573E+10
  1663.000 1.570E+10
  1663.250 1.563E+10
  1663.500 1.563E+10
  1663.750 1.568E+10
  1664.000 1.569E+10
  1664.250 1.568E+10
  1664.500 1.567E+10
  1664.750 1.566E+10
  1665.000 1.566E+10
  1665.250 1.565E+10
  1665.500 1.564E+10
  1665.750 1.563E+10
  1666.000 1.562E+10
  1666.250 1.561E+10
  1666.500 1.560E+10
  1666.750 1.559E+10
  1667.000 1.559E+10
  1667.250 1.558E+10
  1667.500 1.557E+10
  1667.750 1.556E+10
  1668.000 1.555E+10
  1668.250 1.554E+10
  1668.500 1.553E+10
  1668.750 1.552E+10
  1669.000 1.552E+10
  1669.250 1.551E+10
  1669.500 1.550E+10
  1669.750 1.549E+10
  1670.000 1.548E+10
  1670.250 1.547E+10
  1670.500 1.546E+10
  1670.750 1.546E+10
  1671.000 1.545E+10
  1671.250 1.544E+10
  1671.500 1.543E+10
  1671.750 1.542E+10
  1672.000 1.541E+10
  1672.250 1.540E+10
  1672.500 1.539E+10
  1672.750 1.538E+10
  1673.000 1.538E+10
  1673.250 1.537E+10
  1673.500 1.536E+10
  1673.750 1.535E+10
  1674.000 1.534E+10
  1674.250 1.534E+10
  1674.500 1.533E+10
  1674.750 1.532E+10
  1675.000 1.531E+10
  1675.250 1.530E+10
  1675.500 1.529E+10
  1675.750 1.528E+10
  1676.000 1.528E+10
  1676.250 1.526E+10
  1676.500 1.525E+10
  1676.750 1.525E+10
  1677.000 1.523E+10
  1677.250 1.521E+10
  1677.500 1.521E+10
  1677.750 1.521E+10
  1678.000 1.521E+10
  1678.250 1.520E+10
  1678.500 1.519E+10
  1678.750 1.518E+10
  1679.000 1.517E+10
  1679.250 1.517E+10
  1679.500 1.515E+10
  1679.750 1.509E+10
  1680.000 1.502E+10
  1680.250 1.506E+10
  1680.500 1.511E+10
  1680.750 1.512E+10
  1681.000 1.511E+10
  1681.250 1.510E+10
  1681.500 1.509E+10
  1681.750 1.508E+10
  1682.000 1.507E+10
  1682.250 1.506E+10
  1682.500 1.504E+10
  1682.750 1.491E+10
  1683.000 1.471E+10
  1683.250 1.482E+10
  1683.500 1.499E+10
  1683.750 1.501E+10
  1684.000 1.501E+10
  1684.250 1.500E+10
  1684.500 1.499E+10
  1684.750 1.498E+10
  1685.000 1.497E+10
  1685.250 1.497E+10
  1685.500 1.496E+10
  1685.750 1.495E+10
  1686.000 1.494E+10
  1686.250 1.493E+10
  1686.500 1.492E+10
  1686.750 1.492E+10
  1687.000 1.491E+10
  1687.250 1.490E+10
  1687.500 1.489E+10
  1687.750 1.488E+10
  1688.000 1.488E+10
  1688.250 1.487E+10
  1688.500 1.486E+10
  1688.750 1.485E+10
  1689.000 1.484E+10
  1689.250 1.483E+10
  1689.500 1.483E+10
  1689.750 1.482E+10
  1690.000 1.481E+10
  1690.250 1.480E+10
  1690.500 1.479E+10
  1690.750 1.479E+10
  1691.000 1.478E+10
  1691.250 1.477E+10
  1691.500 1.476E+10
  1691.750 1.475E+10
  1692.000 1.474E+10
  1692.250 1.474E+10
  1692.500 1.473E+10
  1692.750 1.472E+10
  1693.000 1.471E+10
  1693.250 1.470E+10
  1693.500 1.470E+10
  1693.750 1.469E+10
  1694.000 1.468E+10
  1694.250 1.467E+10
  1694.500 1.466E+10
  1694.750 1.466E+10
  1695.000 1.465E+10
  1695.250 1.464E+10
  1695.500 1.463E+10
  1695.750 1.462E+10
  1696.000 1.462E+10
  1696.250 1.461E+10
  1696.500 1.460E+10
  1696.750 1.459E+10
  1697.000 1.458E+10
  1697.250 1.457E+10
  1697.500 1.457E+10
  1697.750 1.456E+10
  1698.000 1.455E+10
  1698.250 1.454E+10
  1698.500 1.447E+10
  1698.750 1.432E+10
  1699.000 1.435E+10
  1699.250 1.447E+10
  1699.500 1.450E+10
  1699.750 1.449E+10
  1700.000 1.449E+10
  1700.250 1.448E+10
  1700.500 1.447E+10
  1700.750 1.446E+10
  1701.000 1.446E+10
  1701.250 1.445E+10
  1701.500 1.444E+10
  1701.750 1.443E+10
  1702.000 1.442E+10
  1702.250 1.442E+10
  1702.500 1.441E+10
  1702.750 1.440E+10
  1703.000 1.438E+10
  1703.250 1.431E+10
  1703.500 1.427E+10
  1703.750 1.433E+10
  1704.000 1.436E+10
  1704.250 1.435E+10
  1704.500 1.434E+10
  1704.750 1.434E+10
  1705.000 1.433E+10
  1705.250 1.432E+10
  1705.500 1.431E+10
  1705.750 1.431E+10
  1706.000 1.430E+10
  1706.250 1.429E+10
  1706.500 1.428E+10
  1706.750 1.427E+10
  1707.000 1.426E+10
  1707.250 1.425E+10
  1707.500 1.425E+10
  1707.750 1.424E+10
  1708.000 1.424E+10
  1708.250 1.423E+10
  1708.500 1.422E+10
  1708.750 1.421E+10
  1709.000 1.421E+10
  1709.250 1.420E+10
  1709.500 1.419E+10
  1709.750 1.418E+10
  1710.000 1.417E+10
  1710.250 1.417E+10
  1710.500 1.416E+10
  1710.750 1.415E+10
  1711.000 1.414E+10
  1711.250 1.414E+10
  1711.500 1.413E+10
  1711.750 1.412E+10
  1712.000 1.411E+10
  1712.250 1.410E+10
  1712.500 1.409E+10
  1712.750 1.408E+10
  1713.000 1.407E+10
  1713.250 1.406E+10
  1713.500 1.406E+10
  1713.750 1.405E+10
  1714.000 1.404E+10
  1714.250 1.403E+10
  1714.500 1.402E+10
  1714.750 1.401E+10
  1715.000 1.400E+10
  1715.250 1.399E+10
  1715.500 1.399E+10
  1715.750 1.398E+10
  1716.000 1.397E+10
  1716.250 1.396E+10
  1716.500 1.395E+10
  1716.750 1.394E+10
  1717.000 1.393E+10
  1717.250 1.392E+10
  1717.500 1.391E+10
  1717.750 1.390E+10
  1718.000 1.388E+10
  1718.250 1.387E+10
  1718.500 1.385E+10
  1718.750 1.384E+10
  1719.000 1.382E+10
  1719.250 1.380E+10
  1719.500 1.377E+10
  1719.750 1.373E+10
  1720.000 1.369E+10
  1720.250 1.364E+10
  1720.500 1.357E+10
  1720.750 1.345E+10
  1721.000 1.328E+10
  1721.250 1.299E+10
  1721.500 1.251E+10
  1721.750 1.170E+10
  1722.000 1.086E+10
  1722.250 1.101E+10
  1722.500 1.187E+10
  1722.750 1.259E+10
  1723.000 1.302E+10
  1723.250 1.327E+10
  1723.500 1.341E+10
  1723.750 1.349E+10
  1724.000 1.355E+10
  1724.250 1.358E+10
  1724.500 1.360E+10
  1724.750 1.362E+10
  1725.000 1.361E+10
  1725.250 1.357E+10
  1725.500 1.359E+10
  1725.750 1.363E+10
  1726.000 1.364E+10
  1726.250 1.364E+10
  1726.500 1.363E+10
  1726.750 1.363E+10
  1727.000 1.357E+10
  1727.250 1.344E+10
  1727.500 1.343E+10
  1727.750 1.354E+10
  1728.000 1.354E+10
  1728.250 1.355E+10
  1728.500 1.358E+10
  1728.750 1.359E+10
  1729.000 1.358E+10
  1729.250 1.357E+10
  1729.500 1.351E+10
  1729.750 1.340E+10
  1730.000 1.342E+10
  1730.250 1.352E+10
  1730.500 1.354E+10
  1730.750 1.354E+10
  1731.000 1.353E+10
  1731.250 1.353E+10
  1731.500 1.352E+10
  1731.750 1.351E+10
  1732.000 1.350E+10
  1732.250 1.350E+10
  1732.500 1.348E+10
  1732.750 1.340E+10
  1733.000 1.334E+10
  1733.250 1.341E+10
  1733.500 1.346E+10
  1733.750 1.346E+10
  1734.000 1.346E+10
  1734.250 1.345E+10
  1734.500 1.344E+10
  1734.750 1.343E+10
  1735.000 1.343E+10
  1735.250 1.342E+10
  1735.500 1.341E+10
  1735.750 1.341E+10
  1736.000 1.340E+10
  1736.250 1.339E+10
  1736.500 1.338E+10
  1736.750 1.338E+10
  1737.000 1.337E+10
  1737.250 1.336E+10
  1737.500 1.335E+10
  1737.750 1.335E+10
  1738.000 1.334E+10
  1738.250 1.330E+10
  1738.500 1.316E+10
  1738.750 1.307E+10
  1739.000 1.319E+10
  1739.250 1.328E+10
  1739.500 1.329E+10
  1739.750 1.329E+10
  1740.000 1.328E+10
  1740.250 1.328E+10
  1740.500 1.327E+10
  1740.750 1.326E+10
  1741.000 1.325E+10
  1741.250 1.325E+10
  1741.500 1.324E+10
  1741.750 1.323E+10
  1742.000 1.323E+10
  1742.250 1.322E+10
  1742.500 1.321E+10
  1742.750 1.320E+10
  1743.000 1.317E+10
  1743.250 1.313E+10
  1743.500 1.314E+10
  1743.750 1.317E+10
  1744.000 1.317E+10
  1744.250 1.316E+10
  1744.500 1.316E+10
  1744.750 1.315E+10
  1745.000 1.314E+10
  1745.250 1.313E+10
  1745.500 1.312E+10
  1745.750 1.308E+10
  1746.000 1.295E+10
  1746.250 1.291E+10
  1746.500 1.304E+10
  1746.750 1.309E+10
  1747.000 1.309E+10
  1747.250 1.308E+10
  1747.500 1.306E+10
  1747.750 1.306E+10
  1748.000 1.306E+10
  1748.250 1.305E+10
  1748.500 1.304E+10
  1748.750 1.303E+10
  1749.000 1.302E+10
  1749.250 1.302E+10
  1749.500 1.301E+10
  1749.750 1.301E+10
  1750.000 1.300E+10
  1750.250 1.299E+10
  1750.500 1.299E+10
  1750.750 1.298E+10
  1751.000 1.296E+10
  1751.250 1.289E+10
  1751.500 1.269E+10
  1751.750 1.264E+10
  1752.000 1.284E+10
  1752.250 1.292E+10
  1752.500 1.293E+10
  1752.750 1.292E+10
  1753.000 1.291E+10
  1753.250 1.291E+10
  1753.500 1.290E+10
  1753.750 1.290E+10
  1754.000 1.289E+10
  1754.250 1.288E+10
  1754.500 1.288E+10
  1754.750 1.287E+10
  1755.000 1.286E+10
  1755.250 1.285E+10
  1755.500 1.284E+10
  1755.750 1.284E+10
  1756.000 1.284E+10
  1756.250 1.283E+10
  1756.500 1.282E+10
  1756.750 1.282E+10
  1757.000 1.281E+10
  1757.250 1.280E+10
  1757.500 1.279E+10
  1757.750 1.279E+10
  1758.000 1.278E+10
  1758.250 1.278E+10
  1758.500 1.277E+10
  1758.750 1.276E+10
  1759.000 1.276E+10
  1759.250 1.275E+10
  1759.500 1.274E+10
  1759.750 1.273E+10
  1760.000 1.273E+10
  1760.250 1.272E+10
  1760.500 1.271E+10
  1760.750 1.271E+10
  1761.000 1.270E+10
  1761.250 1.269E+10
  1761.500 1.269E+10
  1761.750 1.268E+10
  1762.000 1.267E+10
  1762.250 1.262E+10
  1762.500 1.252E+10
  1762.750 1.253E+10
  1763.000 1.262E+10
  1763.250 1.264E+10
  1763.500 1.263E+10
  1763.750 1.263E+10
  1764.000 1.262E+10
  1764.250 1.261E+10
  1764.500 1.261E+10
  1764.750 1.260E+10
  1765.000 1.259E+10
  1765.250 1.258E+10
  1765.500 1.254E+10
  1765.750 1.247E+10
  1766.000 1.250E+10
  1766.250 1.255E+10
  1766.500 1.255E+10
  1766.750 1.255E+10
  1767.000 1.254E+10
  1767.250 1.253E+10
  1767.500 1.253E+10
  1767.750 1.252E+10
  1768.000 1.251E+10
  1768.250 1.251E+10
  1768.500 1.250E+10
  1768.750 1.249E+10
  1769.000 1.249E+10
  1769.250 1.248E+10
  1769.500 1.247E+10
  1769.750 1.247E+10
  1770.000 1.246E+10
  1770.250 1.245E+10
  1770.500 1.245E+10
  1770.750 1.244E+10
  1771.000 1.243E+10
  1771.250 1.243E+10
  1771.500 1.242E+10
  1771.750 1.242E+10
  1772.000 1.241E+10
  1772.250 1.240E+10
  1772.500 1.240E+10
  1772.750 1.239E+10
  1773.000 1.238E+10
  1773.250 1.238E+10
  1773.500 1.237E+10
  1773.750 1.236E+10
  1774.000 1.236E+10
  1774.250 1.235E+10
  1774.500 1.234E+10
  1774.750 1.234E+10
  1775.000 1.233E+10
  1775.250 1.232E+10
  1775.500 1.232E+10
  1775.750 1.231E+10
  1776.000 1.230E+10
  1776.250 1.230E+10
  1776.500 1.229E+10
  1776.750 1.228E+10
  1777.000 1.228E+10
  1777.250 1.227E+10
  1777.500 1.227E+10
  1777.750 1.226E+10
  1778.000 1.225E+10
  1778.250 1.225E+10
  1778.500 1.224E+10
  1778.750 1.223E+10
  1779.000 1.223E+10
  1779.250 1.222E+10
  1779.500 1.221E+10
  1779.750 1.221E+10
  1780.000 1.220E+10
  1780.250 1.220E+10
  1780.500 1.219E+10
  1780.750 1.218E+10
  1781.000 1.218E+10
  1781.250 1.217E+10
  1781.500 1.216E+10
  1781.750 1.216E+10
  1782.000 1.215E+10
  1782.250 1.214E+10
  1782.500 1.214E+10
  1782.750 1.213E+10
  1783.000 1.212E+10
  1783.250 1.211E+10
  1783.500 1.211E+10
  1783.750 1.211E+10
  1784.000 1.210E+10
  1784.250 1.209E+10
  1784.500 1.209E+10
  1784.750 1.208E+10
  1785.000 1.207E+10
  1785.250 1.205E+10
  1785.500 1.205E+10
  1785.750 1.205E+10
  1786.000 1.205E+10
  1786.250 1.204E+10
  1786.500 1.204E+10
  1786.750 1.203E+10
  1787.000 1.202E+10
  1787.250 1.202E+10
  1787.500 1.201E+10
  1787.750 1.200E+10
  1788.000 1.200E+10
  1788.250 1.199E+10
  1788.500 1.199E+10
  1788.750 1.198E+10
  1789.000 1.197E+10
  1789.250 1.197E+10
  1789.500 1.196E+10
  1789.750 1.195E+10
  1790.000 1.195E+10
  1790.250 1.194E+10
  1790.500 1.194E+10
  1790.750 1.193E+10
  1791.000 1.192E+10
  1791.250 1.191E+10
  1791.500 1.191E+10
  1791.750 1.190E+10
  1792.000 1.190E+10
  1792.250 1.189E+10
  1792.500 1.189E+10
  1792.750 1.188E+10
  1793.000 1.187E+10
  1793.250 1.187E+10
  1793.500 1.186E+10
  1793.750 1.186E+10
  1794.000 1.185E+10
  1794.250 1.184E+10
  1794.500 1.183E+10
  1794.750 1.183E+10
  1795.000 1.182E+10
  1795.250 1.182E+10
  1795.500 1.181E+10
  1795.750 1.180E+10
  1796.000 1.179E+10
  1796.250 1.178E+10
  1796.500 1.178E+10
  1796.750 1.178E+10
  1797.000 1.177E+10
  1797.250 1.175E+10
  1797.500 1.174E+10
  1797.750 1.175E+10
  1798.000 1.175E+10
  1798.250 1.174E+10
  1798.500 1.174E+10
  1798.750 1.173E+10
  1799.000 1.172E+10
  1799.250 1.172E+10
  1799.500 1.171E+10
  1799.750 1.171E+10
  1800.000 1.170E+10
  1800.250 1.169E+10
  1800.500 1.168E+10
  1800.750 1.167E+10
  1801.000 1.167E+10
  1801.250 1.167E+10
  1801.500 1.167E+10
  1801.750 1.166E+10
  1802.000 1.165E+10
  1802.250 1.165E+10
  1802.500 1.164E+10
  1802.750 1.164E+10
  1803.000 1.163E+10
  1803.250 1.162E+10
  1803.500 1.162E+10
  1803.750 1.161E+10
  1804.000 1.161E+10
  1804.250 1.160E+10
  1804.500 1.159E+10
  1804.750 1.159E+10
  1805.000 1.158E+10
  1805.250 1.158E+10
  1805.500 1.157E+10
  1805.750 1.156E+10
  1806.000 1.156E+10
  1806.250 1.155E+10
  1806.500 1.154E+10
  1806.750 1.153E+10
  1807.000 1.153E+10
  1807.250 1.153E+10
  1807.500 1.152E+10
  1807.750 1.151E+10
  1808.000 1.151E+10
  1808.250 1.149E+10
  1808.500 1.144E+10
  1808.750 1.145E+10
  1809.000 1.148E+10
  1809.250 1.148E+10
  1809.500 1.147E+10
  1809.750 1.147E+10
  1810.000 1.146E+10
  1810.250 1.146E+10
  1810.500 1.145E+10
  1810.750 1.144E+10
  1811.000 1.144E+10
  1811.250 1.143E+10
  1811.500 1.143E+10
  1811.750 1.142E+10
  1812.000 1.141E+10
  1812.250 1.141E+10
  1812.500 1.140E+10
  1812.750 1.140E+10
  1813.000 1.139E+10
  1813.250 1.139E+10
  1813.500 1.138E+10
  1813.750 1.137E+10
  1814.000 1.137E+10
  1814.250 1.136E+10
  1814.500 1.136E+10
  1814.750 1.135E+10
  1815.000 1.134E+10
  1815.250 1.134E+10
  1815.500 1.133E+10
  1815.750 1.131E+10
  1816.000 1.126E+10
  1816.250 1.124E+10
  1816.500 1.128E+10
  1816.750 1.130E+10
  1817.000 1.130E+10
  1817.250 1.129E+10
  1817.500 1.129E+10
  1817.750 1.128E+10
  1818.000 1.127E+10
  1818.250 1.127E+10
  1818.500 1.126E+10
  1818.750 1.126E+10
  1819.000 1.125E+10
  1819.250 1.125E+10
  1819.500 1.124E+10
  1819.750 1.123E+10
  1820.000 1.123E+10
  1820.250 1.122E+10
  1820.500 1.121E+10
  1820.750 1.121E+10
  1821.000 1.120E+10
  1821.250 1.120E+10
  1821.500 1.119E+10
  1821.750 1.119E+10
  1822.000 1.118E+10
  1822.250 1.118E+10
  1822.500 1.117E+10
  1822.750 1.116E+10
  1823.000 1.116E+10
  1823.250 1.115E+10
  1823.500 1.115E+10
  1823.750 1.114E+10
  1824.000 1.114E+10
  1824.250 1.113E+10
  1824.500 1.112E+10
  1824.750 1.112E+10
  1825.000 1.111E+10
  1825.250 1.111E+10
  1825.500 1.110E+10
  1825.750 1.110E+10
  1826.000 1.109E+10
  1826.250 1.108E+10
  1826.500 1.108E+10
  1826.750 1.107E+10
  1827.000 1.107E+10
  1827.250 1.106E+10
  1827.500 1.106E+10
  1827.750 1.105E+10
  1828.000 1.104E+10
  1828.250 1.104E+10
  1828.500 1.103E+10
  1828.750 1.103E+10
  1829.000 1.102E+10
  1829.250 1.102E+10
  1829.500 1.101E+10
  1829.750 1.101E+10
  1830.000 1.100E+10
  1830.250 1.099E+10
  1830.500 1.099E+10
  1830.750 1.098E+10
  1831.000 1.098E+10
  1831.250 1.097E+10
  1831.500 1.097E+10
  1831.750 1.096E+10
  1832.000 1.095E+10
  1832.250 1.094E+10
  1832.500 1.093E+10
  1832.750 1.094E+10
  1833.000 1.093E+10
  1833.250 1.093E+10
  1833.500 1.092E+10
  1833.750 1.092E+10
  1834.000 1.091E+10
  1834.250 1.090E+10
  1834.500 1.090E+10
  1834.750 1.089E+10
  1835.000 1.089E+10
  1835.250 1.088E+10
  1835.500 1.088E+10
  1835.750 1.087E+10
  1836.000 1.087E+10
  1836.250 1.086E+10
  1836.500 1.085E+10
  1836.750 1.085E+10
  1837.000 1.084E+10
  1837.250 1.084E+10
  1837.500 1.083E+10
  1837.750 1.082E+10
  1838.000 1.082E+10
  1838.250 1.081E+10
  1838.500 1.081E+10
  1838.750 1.080E+10
  1839.000 1.080E+10
  1839.250 1.079E+10
  1839.500 1.079E+10
  1839.750 1.078E+10
  1840.000 1.078E+10
  1840.250 1.077E+10
  1840.500 1.077E+10
  1840.750 1.076E+10
  1841.000 1.076E+10
  1841.250 1.075E+10
  1841.500 1.074E+10
  1841.750 1.073E+10
  1842.000 1.070E+10
  1842.250 1.064E+10
  1842.500 1.063E+10
  1842.750 1.069E+10
  1843.000 1.071E+10
  1843.250 1.071E+10
  1843.500 1.070E+10
  1843.750 1.069E+10
  1844.000 1.069E+10
  1844.250 1.068E+10
  1844.500 1.068E+10
  1844.750 1.067E+10
  1845.000 1.066E+10
  1845.250 1.066E+10
  1845.500 1.065E+10
  1845.750 1.064E+10
  1846.000 1.063E+10
  1846.250 1.059E+10
  1846.500 1.047E+10
  1846.750 1.031E+10
  1847.000 1.023E+10
  1847.250 1.031E+10
  1847.500 1.049E+10
  1847.750 1.057E+10
  1848.000 1.059E+10
  1848.250 1.059E+10
  1848.500 1.059E+10
  1848.750 1.058E+10
  1849.000 1.058E+10
  1849.250 1.057E+10
  1849.500 1.057E+10
  1849.750 1.056E+10
  1850.000 1.056E+10
