   850.000 1.231E+11
   850.250 1.230E+11
   850.500 1.229E+11
   850.750 1.228E+11
   851.000 1.227E+11
   851.250 1.225E+11
   851.500 1.223E+11
   851.750 1.214E+11
   852.000 1.185E+11
   852.250 1.172E+11
   852.500 1.201E+11
   852.750 1.216E+11
   853.000 1.216E+11
   853.250 1.216E+11
   853.500 1.215E+11
   853.750 1.214E+11
   854.000 1.213E+11
   854.250 1.210E+11
   854.500 1.195E+11
   854.750 1.167E+11
   855.000 1.176E+11
   855.250 1.200E+11
   855.500 1.206E+11
   855.750 1.205E+11
   856.000 1.204E+11
   856.250 1.203E+11
   856.500 1.202E+11
   856.750 1.201E+11
   857.000 1.199E+11
   857.250 1.197E+11
   857.500 1.185E+11
   857.750 1.154E+11
   858.000 1.153E+11
   858.250 1.182E+11
   858.500 1.192E+11
   858.750 1.192E+11
   859.000 1.191E+11
   859.250 1.189E+11
   859.500 1.188E+11
   859.750 1.187E+11
   860.000 1.186E+11
   860.250 1.185E+11
   860.500 1.183E+11
   860.750 1.182E+11
   861.000 1.181E+11
   861.250 1.180E+11
   861.500 1.179E+11
   861.750 1.178E+11
   862.000 1.178E+11
   862.250 1.177E+11
   862.500 1.175E+11
   862.750 1.174E+11
   863.000 1.173E+11
   863.250 1.172E+11
   863.500 1.171E+11
   863.750 1.170E+11
   864.000 1.169E+11
   864.250 1.168E+11
   864.500 1.167E+11
   864.750 1.166E+11
   865.000 1.163E+11
   865.250 1.157E+11
   865.500 1.152E+11
   865.750 1.157E+11
   866.000 1.160E+11
   866.250 1.159E+11
   866.500 1.158E+11
   866.750 1.157E+11
   867.000 1.156E+11
   867.250 1.155E+11
   867.500 1.154E+11
   867.750 1.153E+11
   868.000 1.152E+11
   868.250 1.151E+11
   868.500 1.150E+11
   868.750 1.149E+11
   869.000 1.148E+11
   869.250 1.147E+11
   869.500 1.146E+11
   869.750 1.145E+11
   870.000 1.144E+11
   870.250 1.142E+11
   870.500 1.141E+11
   870.750 1.140E+11
   871.000 1.135E+11
   871.250 1.122E+11
   871.500 1.121E+11
   871.750 1.131E+11
   872.000 1.134E+11
   872.250 1.132E+11
   872.500 1.132E+11
   872.750 1.132E+11
   873.000 1.131E+11
   873.250 1.130E+11
   873.500 1.129E+11
   873.750 1.128E+11
   874.000 1.127E+11
   874.250 1.126E+11
   874.500 1.125E+11
   874.750 1.124E+11
   875.000 1.123E+11
   875.250 1.122E+11
   875.500 1.121E+11
   875.750 1.120E+11
   876.000 1.119E+11
   876.250 1.118E+11
   876.500 1.117E+11
   876.750 1.116E+11
   877.000 1.115E+11
   877.250 1.114E+11
   877.500 1.113E+11
   877.750 1.112E+11
   878.000 1.110E+11
   878.250 1.109E+11
   878.500 1.108E+11
   878.750 1.107E+11
   879.000 1.107E+11
   879.250 1.106E+11
   879.500 1.105E+11
   879.750 1.104E+11
   880.000 1.103E+11
   880.250 1.102E+11
   880.500 1.101E+11
   880.750 1.100E+11
   881.000 1.099E+11
   881.250 1.098E+11
   881.500 1.096E+11
   881.750 1.095E+11
   882.000 1.094E+11
   882.250 1.093E+11
   882.500 1.092E+11
   882.750 1.089E+11
   883.000 1.080E+11
   883.250 1.068E+11
   883.500 1.058E+11
   883.750 1.068E+11
   884.000 1.079E+11
   884.250 1.070E+11
   884.500 1.062E+11
   884.750 1.073E+11
   885.000 1.081E+11
   885.250 1.080E+11
   885.500 1.073E+11
   885.750 1.065E+11
   886.000 1.070E+11
   886.250 1.076E+11
   886.500 1.077E+11
   886.750 1.076E+11
   887.000 1.075E+11
   887.250 1.074E+11
   887.500 1.073E+11
   887.750 1.072E+11
   888.000 1.071E+11
   888.250 1.070E+11
   888.500 1.069E+11
   888.750 1.068E+11
   889.000 1.067E+11
   889.250 1.066E+11
   889.500 1.065E+11
   889.750 1.064E+11
   890.000 1.063E+11
   890.250 1.062E+11
   890.500 1.061E+11
   890.750 1.060E+11
   891.000 1.059E+11
   891.250 1.058E+11
   891.500 1.056E+11
   891.750 1.054E+11
   892.000 1.049E+11
   892.250 1.022E+11
   892.500 9.568E+10
   892.750 9.518E+10
   893.000 1.015E+11
   893.250 1.043E+11
   893.500 1.047E+11
   893.750 1.047E+11
   894.000 1.043E+11
   894.250 1.034E+11
   894.500 1.035E+11
   894.750 1.041E+11
   895.000 1.042E+11
   895.250 1.042E+11
   895.500 1.042E+11
   895.750 1.041E+11
   896.000 1.040E+11
   896.250 1.040E+11
   896.500 1.039E+11
   896.750 1.038E+11
   897.000 1.037E+11
   897.250 1.036E+11
   897.500 1.035E+11
   897.750 1.034E+11
   898.000 1.033E+11
   898.250 1.032E+11
   898.500 1.031E+11
   898.750 1.030E+11
   899.000 1.029E+11
   899.250 1.029E+11
   899.500 1.028E+11
   899.750 1.027E+11
   900.000 1.026E+11
   900.250 1.025E+11
   900.500 1.023E+11
   900.750 1.018E+11
   901.000 1.017E+11
   901.250 1.019E+11
   901.500 1.020E+11
   901.750 1.019E+11
   902.000 1.018E+11
   902.250 1.017E+11
   902.500 1.011E+11
   902.750 1.002E+11
   903.000 1.004E+11
   903.250 1.011E+11
   903.500 1.013E+11
   903.750 1.012E+11
   904.000 1.011E+11
   904.250 1.010E+11
   904.500 1.009E+11
   904.750 1.009E+11
   905.000 1.007E+11
   905.250 1.006E+11
   905.500 1.001E+11
   905.750 9.869E+10
   906.000 9.849E+10
   906.250 9.969E+10
   906.500 1.001E+11
   906.750 1.001E+11
   907.000 1.000E+11
   907.250 9.996E+10
   907.500 9.987E+10
   907.750 9.978E+10
   908.000 9.969E+10
   908.250 9.960E+10
   908.500 9.950E+10
   908.750 9.940E+10
   909.000 9.931E+10
   909.250 9.922E+10
   909.500 9.912E+10
   909.750 9.901E+10
   910.000 9.892E+10
   910.250 9.882E+10
   910.500 9.871E+10
   910.750 9.860E+10
   911.000 9.846E+10
   911.250 9.830E+10
   911.500 9.804E+10
   911.750 9.758E+10
   912.000 9.693E+10
   912.250 9.640E+10
   912.500 9.611E+10
   912.750 9.595E+10
   913.000 9.582E+10
   913.250 9.571E+10
   913.500 9.561E+10
   913.750 9.551E+10
   914.000 9.538E+10
   914.250 9.524E+10
   914.500 9.513E+10
   914.750 9.502E+10
   915.000 9.487E+10
   915.250 9.477E+10
   915.500 9.470E+10
   915.750 9.461E+10
   916.000 9.452E+10
   916.250 9.441E+10
   916.500 9.429E+10
   916.750 9.419E+10
   917.000 9.411E+10
   917.250 9.402E+10
   917.500 9.397E+10
   917.750 9.386E+10
   918.000 9.384E+10
   918.250 9.365E+10
   918.500 9.366E+10
   918.750 9.349E+10
   919.000 9.327E+10
   919.250 9.347E+10
   919.500 9.318E+10
   919.750 9.289E+10
   920.000 9.324E+10
   920.250 9.307E+10
   920.500 9.243E+10
   920.750 9.263E+10
   921.000 9.311E+10
   921.250 9.269E+10
   921.500 9.185E+10
   921.750 9.208E+10
   922.000 9.281E+10
   922.250 9.279E+10
   922.500 9.188E+10
   922.750 9.110E+10
   923.000 9.169E+10
   923.250 9.241E+10
   923.500 9.250E+10
   923.750 9.191E+10
   924.000 9.068E+10
   924.250 9.045E+10
   924.500 9.153E+10
   924.750 9.224E+10
   925.000 9.231E+10
   925.250 9.192E+10
   925.500 9.079E+10
   925.750 8.942E+10
   926.000 8.979E+10
   926.250 9.114E+10
   926.500 9.180E+10
   926.750 9.194E+10
   927.000 9.182E+10
   927.250 9.135E+10
   927.500 9.009E+10
   927.750 8.846E+10
   928.000 8.870E+10
   928.250 9.030E+10
   928.500 9.121E+10
   928.750 9.147E+10
   929.000 9.149E+10
   929.250 9.137E+10
   929.500 9.110E+10
   929.750 9.046E+10
   930.000 8.896E+10
   930.250 8.705E+10
   930.500 8.732E+10
   930.750 8.914E+10
   931.000 9.017E+10
   931.250 9.046E+10
   931.500 9.046E+10
   931.750 9.026E+10
   932.000 8.985E+10
   932.250 8.909E+10
   932.500 8.772E+10
   932.750 8.512E+10
   933.000 8.037E+10
   933.250 7.456E+10
   933.500 7.408E+10
   933.750 7.951E+10
   934.000 8.440E+10
   934.250 8.714E+10
   934.500 8.855E+10
   934.750 8.929E+10
   935.000 8.966E+10
   935.250 8.983E+10
   935.500 8.987E+10
   935.750 8.980E+10
   936.000 8.962E+10
   936.250 8.934E+10
   936.500 8.888E+10
   936.750 8.800E+10
   937.000 8.614E+10
   937.250 8.341E+10
   937.500 8.292E+10
   937.750 8.520E+10
   938.000 8.714E+10
   938.250 8.817E+10
   938.500 8.881E+10
   938.750 8.928E+10
   939.000 8.964E+10
   939.250 8.994E+10
   939.500 9.022E+10
   939.750 9.047E+10
   940.000 9.067E+10
   940.250 9.083E+10
   940.500 9.095E+10
   940.750 9.100E+10
   941.000 9.098E+10
   941.250 9.085E+10
   941.500 9.053E+10
   941.750 8.980E+10
   942.000 8.809E+10
   942.250 8.473E+10
   942.500 8.210E+10
   942.750 8.405E+10
   943.000 8.727E+10
   943.250 8.866E+10
   943.500 8.868E+10
   943.750 8.755E+10
   944.000 8.442E+10
   944.250 7.825E+10
   944.500 7.344E+10
   944.750 7.696E+10
   945.000 8.308E+10
   945.250 8.626E+10
   945.500 8.736E+10
   945.750 8.760E+10
   946.000 8.748E+10
   946.250 8.716E+10
   946.500 8.671E+10
   946.750 8.618E+10
   947.000 8.557E+10
   947.250 8.487E+10
   947.500 8.401E+10
   947.750 8.253E+10
   948.000 8.032E+10
   948.250 7.945E+10
   948.500 7.985E+10
   948.750 7.915E+10
   949.000 7.704E+10
   949.250 7.458E+10
   949.500 7.488E+10
   949.750 7.706E+10
   950.000 7.836E+10
   950.250 7.907E+10
   950.500 7.974E+10
   950.750 8.045E+10
   951.000 8.118E+10
   951.250 8.192E+10
   951.500 8.265E+10
   951.750 8.338E+10
   952.000 8.409E+10
   952.250 8.478E+10
   952.500 8.545E+10
   952.750 8.611E+10
   953.000 8.675E+10
   953.250 8.737E+10
   953.500 8.796E+10
   953.750 8.853E+10
   954.000 8.908E+10
   954.250 8.959E+10
   954.500 9.008E+10
   954.750 9.054E+10
   955.000 9.097E+10
   955.250 9.137E+10
   955.500 9.173E+10
   955.750 9.205E+10
   956.000 9.232E+10
   956.250 9.252E+10
   956.500 9.261E+10
   956.750 9.225E+10
   957.000 9.165E+10
   957.250 9.176E+10
   957.500 9.155E+10
   957.750 9.040E+10
   958.000 8.819E+10
   958.250 8.415E+10
   958.500 7.854E+10
   958.750 7.643E+10
   959.000 8.081E+10
   959.250 8.621E+10
   959.500 8.971E+10
   959.750 9.178E+10
   960.000 9.309E+10
   960.250 9.396E+10
   960.500 9.455E+10
   960.750 9.497E+10
   961.000 9.526E+10
   961.250 9.545E+10
   961.500 9.557E+10
   961.750 9.563E+10
   962.000 9.562E+10
   962.250 9.554E+10
   962.500 9.545E+10
   962.750 9.533E+10
   963.000 9.519E+10
   963.250 9.501E+10
   963.500 9.480E+10
   963.750 9.456E+10
   964.000 9.428E+10
   964.250 9.397E+10
   964.500 9.363E+10
   964.750 9.325E+10
   965.000 9.284E+10
   965.250 9.239E+10
   965.500 9.191E+10
   965.750 9.139E+10
   966.000 9.084E+10
   966.250 9.024E+10
   966.500 8.961E+10
   966.750 8.895E+10
   967.000 8.823E+10
   967.250 8.748E+10
   967.500 8.668E+10
   967.750 8.584E+10
   968.000 8.497E+10
   968.250 8.403E+10
   968.500 8.305E+10
   968.750 8.203E+10
   969.000 8.099E+10
   969.250 7.993E+10
   969.500 7.880E+10
   969.750 7.764E+10
   970.000 7.648E+10
   970.250 7.528E+10
   970.500 7.414E+10
   970.750 7.309E+10
   971.000 7.209E+10
   971.250 7.112E+10
   971.500 7.028E+10
   971.750 6.906E+10
   972.000 6.732E+10
   972.250 6.696E+10
   972.500 6.791E+10
   972.750 6.863E+10
   973.000 6.921E+10
   973.250 6.988E+10
   973.500 7.067E+10
   973.750 7.160E+10
   974.000 7.258E+10
   974.250 7.358E+10
   974.500 7.459E+10
   974.750 7.557E+10
   975.000 7.647E+10
   975.250 7.719E+10
   975.500 7.743E+10
   975.750 7.795E+10
   976.000 7.939E+10
   976.250 8.064E+10
   976.500 8.141E+10
   976.750 8.146E+10
   977.000 8.122E+10
   977.250 8.266E+10
   977.500 8.421E+10
   977.750 8.509E+10
   978.000 8.582E+10
   978.250 8.651E+10
   978.500 8.715E+10
   978.750 8.778E+10
   979.000 8.837E+10
   979.250 8.896E+10
   979.500 8.956E+10
   979.750 9.018E+10
   980.000 9.080E+10
   980.250 9.138E+10
   980.500 9.193E+10
   980.750 9.243E+10
   981.000 9.288E+10
   981.250 9.329E+10
   981.500 9.362E+10
   981.750 9.385E+10
   982.000 9.404E+10
   982.250 9.427E+10
   982.500 9.449E+10
   982.750 9.471E+10
   983.000 9.497E+10
   983.250 9.519E+10
   983.500 9.535E+10
   983.750 9.545E+10
   984.000 9.547E+10
   984.250 9.558E+10
   984.500 9.577E+10
   984.750 9.587E+10
   985.000 9.593E+10
   985.250 9.600E+10
   985.500 9.600E+10
   985.750 9.581E+10
   986.000 9.530E+10
   986.250 9.507E+10
   986.500 9.563E+10
   986.750 9.591E+10
   987.000 9.586E+10
   987.250 9.575E+10
   987.500 9.559E+10
   987.750 9.538E+10
   988.000 9.516E+10
   988.250 9.489E+10
   988.500 9.456E+10
   988.750 9.420E+10
   989.000 9.379E+10
   989.250 9.329E+10
   989.500 9.269E+10
   989.750 9.199E+10
   990.000 9.113E+10
   990.250 9.007E+10
   990.500 8.876E+10
   990.750 8.717E+10
   991.000 8.520E+10
   991.250 8.273E+10
   991.500 7.956E+10
   991.750 7.547E+10
   992.000 7.029E+10
   992.250 6.563E+10
   992.500 6.588E+10
   992.750 7.066E+10
   993.000 7.563E+10
   993.250 7.949E+10
   993.500 8.247E+10
   993.750 8.480E+10
   994.000 8.664E+10
   994.250 8.809E+10
   994.500 8.927E+10
   994.750 9.024E+10
   995.000 9.100E+10
   995.250 9.156E+10
   995.500 9.199E+10
   995.750 9.237E+10
   996.000 9.268E+10
   996.250 9.293E+10
   996.500 9.309E+10
   996.750 9.319E+10
   997.000 9.326E+10
   997.250 9.324E+10
   997.500 9.307E+10
   997.750 9.291E+10
   998.000 9.275E+10
   998.250 9.230E+10
   998.500 9.144E+10
   998.750 8.987E+10
   999.000 8.693E+10
   999.250 8.252E+10
   999.500 7.985E+10
   999.750 8.217E+10
  1000.000 8.660E+10
  1000.250 8.954E+10
  1000.500 9.099E+10
  1000.750 9.116E+10
  1001.000 9.139E+10
  1001.250 9.264E+10
  1001.500 9.330E+10
  1001.750 9.349E+10
  1002.000 9.356E+10
  1002.250 9.361E+10
  1002.500 9.367E+10
  1002.750 9.387E+10
  1003.000 9.408E+10
  1003.250 9.409E+10
  1003.500 9.400E+10
  1003.750 9.390E+10
  1004.000 9.383E+10
  1004.250 9.377E+10
  1004.500 9.366E+10
  1004.750 9.352E+10
  1005.000 9.336E+10
  1005.250 9.319E+10
  1005.500 9.305E+10
  1005.750 9.292E+10
  1006.000 9.278E+10
  1006.250 9.264E+10
  1006.500 9.248E+10
  1006.750 9.232E+10
  1007.000 9.216E+10
  1007.250 9.199E+10
  1007.500 9.182E+10
  1007.750 9.165E+10
  1008.000 9.147E+10
  1008.250 9.128E+10
  1008.500 9.104E+10
  1008.750 9.078E+10
  1009.000 9.067E+10
  1009.250 9.053E+10
  1009.500 9.033E+10
  1009.750 9.011E+10
  1010.000 8.990E+10
  1010.250 8.967E+10
  1010.500 8.943E+10
  1010.750 8.920E+10
  1011.000 8.899E+10
  1011.250 8.875E+10
  1011.500 8.850E+10
  1011.750 8.825E+10
  1012.000 8.799E+10
  1012.250 8.772E+10
  1012.500 8.744E+10
  1012.750 8.716E+10
  1013.000 8.687E+10
  1013.250 8.658E+10
  1013.500 8.627E+10
  1013.750 8.595E+10
  1014.000 8.554E+10
  1014.250 8.502E+10
  1014.500 8.454E+10
  1014.750 8.414E+10
  1015.000 8.377E+10
  1015.250 8.338E+10
  1015.500 8.298E+10
  1015.750 8.255E+10
  1016.000 8.211E+10
  1016.250 8.167E+10
  1016.500 8.121E+10
  1016.750 8.071E+10
  1017.000 8.023E+10
  1017.250 7.981E+10
  1017.500 7.932E+10
  1017.750 7.880E+10
  1018.000 7.825E+10
  1018.250 7.768E+10
  1018.500 7.701E+10
  1018.750 7.621E+10
  1019.000 7.567E+10
  1019.250 7.524E+10
  1019.500 7.466E+10
  1019.750 7.402E+10
  1020.000 7.335E+10
  1020.250 7.264E+10
  1020.500 7.191E+10
  1020.750 7.116E+10
  1021.000 7.038E+10
  1021.250 6.962E+10
  1021.500 6.884E+10
  1021.750 6.802E+10
  1022.000 6.722E+10
  1022.250 6.639E+10
  1022.500 6.551E+10
  1022.750 6.462E+10
  1023.000 6.369E+10
  1023.250 6.276E+10
  1023.500 6.182E+10
  1023.750 6.086E+10
  1024.000 5.992E+10
  1024.250 5.899E+10
  1024.500 5.801E+10
  1024.750 5.696E+10
  1025.000 5.572E+10
  1025.250 5.451E+10
  1025.500 5.386E+10
  1025.750 5.377E+10
  1026.000 5.442E+10
  1026.250 5.539E+10
  1026.500 5.627E+10
  1026.750 5.710E+10
  1027.000 5.795E+10
  1027.250 5.881E+10
  1027.500 5.966E+10
  1027.750 6.052E+10
  1028.000 6.136E+10
  1028.250 6.214E+10
  1028.500 6.294E+10
  1028.750 6.372E+10
  1029.000 6.447E+10
  1029.250 6.520E+10
  1029.500 6.589E+10
  1029.750 6.651E+10
  1030.000 6.713E+10
  1030.250 6.772E+10
  1030.500 6.835E+10
  1030.750 6.905E+10
  1031.000 6.967E+10
  1031.250 7.024E+10
  1031.500 7.048E+10
  1031.750 6.960E+10
  1032.000 6.971E+10
  1032.250 7.176E+10
  1032.500 7.292E+10
  1032.750 7.345E+10
  1033.000 7.388E+10
  1033.250 7.421E+10
  1033.500 7.452E+10
  1033.750 7.494E+10
  1034.000 7.530E+10
  1034.250 7.558E+10
  1034.500 7.584E+10
  1034.750 7.607E+10
  1035.000 7.629E+10
  1035.250 7.654E+10
  1035.500 7.683E+10
  1035.750 7.718E+10
  1036.000 7.763E+10
  1036.250 7.802E+10
  1036.500 7.834E+10
  1036.750 7.864E+10
  1037.000 7.886E+10
  1037.250 7.834E+10
  1037.500 7.645E+10
  1037.750 7.686E+10
  1038.000 7.920E+10
  1038.250 8.012E+10
  1038.500 8.037E+10
  1038.750 8.053E+10
  1039.000 8.067E+10
  1039.250 8.080E+10
  1039.500 8.086E+10
  1039.750 8.091E+10
  1040.000 8.102E+10
  1040.250 8.115E+10
  1040.500 8.126E+10
  1040.750 8.132E+10
  1041.000 8.130E+10
  1041.250 8.136E+10
  1041.500 8.147E+10
  1041.750 8.150E+10
  1042.000 8.135E+10
  1042.250 8.087E+10
  1042.500 8.093E+10
  1042.750 8.143E+10
  1043.000 8.161E+10
  1043.250 8.162E+10
  1043.500 8.158E+10
  1043.750 8.156E+10
  1044.000 8.149E+10
  1044.250 8.141E+10
  1044.500 8.156E+10
  1044.750 8.161E+10
  1045.000 8.152E+10
  1045.250 8.155E+10
  1045.500 8.158E+10
  1045.750 8.155E+10
  1046.000 8.152E+10
  1046.250 8.146E+10
  1046.500 8.143E+10
  1046.750 8.148E+10
  1047.000 8.149E+10
  1047.250 8.144E+10
  1047.500 8.139E+10
  1047.750 8.139E+10
  1048.000 8.135E+10
  1048.250 8.127E+10
  1048.500 8.119E+10
  1048.750 8.117E+10
  1049.000 8.122E+10
  1049.250 8.120E+10
  1049.500 8.115E+10
  1049.750 8.112E+10
  1050.000 8.107E+10
  1050.250 8.098E+10
  1050.500 8.089E+10
  1050.750 8.085E+10
  1051.000 8.081E+10
  1051.250 8.080E+10
  1051.500 8.077E+10
  1051.750 8.071E+10
  1052.000 8.064E+10
  1052.250 8.053E+10
  1052.500 8.031E+10
  1052.750 8.024E+10
  1053.000 8.036E+10
  1053.250 8.036E+10
  1053.500 8.031E+10
  1053.750 8.026E+10
  1054.000 8.020E+10
  1054.250 8.014E+10
  1054.500 8.005E+10
  1054.750 7.989E+10
  1055.000 7.968E+10
  1055.250 7.970E+10
  1055.500 7.976E+10
  1055.750 7.964E+10
  1056.000 7.951E+10
  1056.250 7.953E+10
  1056.500 7.952E+10
  1056.750 7.928E+10
  1057.000 7.857E+10
  1057.250 7.838E+10
  1057.500 7.898E+10
  1057.750 7.916E+10
  1058.000 7.906E+10
  1058.250 7.892E+10
  1058.500 7.891E+10
  1058.750 7.892E+10
  1059.000 7.884E+10
  1059.250 7.871E+10
  1059.500 7.855E+10
  1059.750 7.843E+10
  1060.000 7.854E+10
  1060.250 7.852E+10
  1060.500 7.821E+10
  1060.750 7.814E+10
  1061.000 7.838E+10
  1061.250 7.844E+10
  1061.500 7.839E+10
  1061.750 7.834E+10
  1062.000 7.829E+10
  1062.250 7.823E+10
  1062.500 7.815E+10
  1062.750 7.809E+10
  1063.000 7.805E+10
  1063.250 7.802E+10
  1063.500 7.797E+10
  1063.750 7.789E+10
  1064.000 7.780E+10
  1064.250 7.770E+10
  1064.500 7.757E+10
  1064.750 7.741E+10
  1065.000 7.722E+10
  1065.250 7.692E+10
  1065.500 7.644E+10
  1065.750 7.557E+10
  1066.000 7.369E+10
  1066.250 6.934E+10
  1066.500 6.322E+10
  1066.750 6.307E+10
  1067.000 6.910E+10
  1067.250 7.340E+10
  1067.500 7.513E+10
  1067.750 7.583E+10
  1068.000 7.621E+10
  1068.250 7.643E+10
  1068.500 7.653E+10
  1068.750 7.653E+10
  1069.000 7.650E+10
  1069.250 7.653E+10
  1069.500 7.653E+10
  1069.750 7.649E+10
  1070.000 7.644E+10
  1070.250 7.642E+10
  1070.500 7.640E+10
  1070.750 7.635E+10
  1071.000 7.630E+10
  1071.250 7.624E+10
  1071.500 7.617E+10
  1071.750 7.611E+10
  1072.000 7.603E+10
  1072.250 7.596E+10
  1072.500 7.592E+10
  1072.750 7.584E+10
  1073.000 7.574E+10
  1073.250 7.567E+10
  1073.500 7.544E+10
  1073.750 7.439E+10
  1074.000 7.324E+10
  1074.250 7.340E+10
  1074.500 7.364E+10
  1074.750 7.361E+10
  1075.000 7.347E+10
  1075.250 7.331E+10
  1075.500 7.318E+10
  1075.750 7.304E+10
  1076.000 7.289E+10
  1076.250 7.273E+10
  1076.500 7.253E+10
  1076.750 7.233E+10
  1077.000 7.218E+10
  1077.250 7.203E+10
  1077.500 7.184E+10
  1077.750 7.162E+10
  1078.000 7.137E+10
  1078.250 7.099E+10
  1078.500 7.052E+10
  1078.750 7.041E+10
  1079.000 7.034E+10
  1079.250 7.007E+10
  1079.500 6.974E+10
  1079.750 6.938E+10
  1080.000 6.899E+10
  1080.250 6.850E+10
  1080.500 6.764E+10
  1080.750 6.692E+10
  1081.000 6.665E+10
  1081.250 6.620E+10
  1081.500 6.583E+10
  1081.750 6.528E+10
  1082.000 6.452E+10
  1082.250 6.366E+10
  1082.500 6.274E+10
  1082.750 6.175E+10
  1083.000 6.064E+10
  1083.250 5.939E+10
  1083.500 5.798E+10
  1083.750 5.640E+10
  1084.000 5.464E+10
  1084.250 5.263E+10
  1084.500 5.027E+10
  1084.750 4.783E+10
  1085.000 4.704E+10
  1085.250 4.880E+10
  1085.500 5.124E+10
  1085.750 5.336E+10
  1086.000 5.515E+10
  1086.250 5.670E+10
  1086.500 5.808E+10
  1086.750 5.932E+10
  1087.000 6.042E+10
  1087.250 6.138E+10
  1087.500 6.202E+10
  1087.750 6.234E+10
  1088.000 6.314E+10
  1088.250 6.414E+10
  1088.500 6.478E+10
  1088.750 6.531E+10
  1089.000 6.575E+10
  1089.250 6.615E+10
  1089.500 6.651E+10
  1089.750 6.683E+10
  1090.000 6.712E+10
  1090.250 6.736E+10
  1090.500 6.758E+10
  1090.750 6.777E+10
  1091.000 6.794E+10
  1091.250 6.812E+10
  1091.500 6.824E+10
  1091.750 6.833E+10
  1092.000 6.845E+10
  1092.250 6.860E+10
  1092.500 6.873E+10
  1092.750 6.881E+10
  1093.000 6.884E+10
  1093.250 6.887E+10
  1093.500 6.897E+10
  1093.750 6.904E+10
  1094.000 6.908E+10
  1094.250 6.911E+10
  1094.500 6.914E+10
  1094.750 6.913E+10
  1095.000 6.877E+10
  1095.250 6.799E+10
  1095.500 6.877E+10
  1095.750 7.023E+10
  1096.000 7.059E+10
  1096.250 7.056E+10
  1096.500 7.050E+10
  1096.750 7.041E+10
  1097.000 7.033E+10
  1097.250 7.028E+10
  1097.500 7.022E+10
  1097.750 7.016E+10
  1098.000 7.010E+10
  1098.250 7.003E+10
  1098.500 6.997E+10
  1098.750 6.991E+10
  1099.000 6.985E+10
  1099.250 6.978E+10
  1099.500 6.970E+10
  1099.750 6.958E+10
  1100.000 6.953E+10
  1100.250 6.952E+10
  1100.500 6.947E+10
  1100.750 6.941E+10
  1101.000 6.934E+10
  1101.250 6.925E+10
  1101.500 6.913E+10
  1101.750 6.900E+10
  1102.000 6.891E+10
  1102.250 6.893E+10
  1102.500 6.890E+10
  1102.750 6.883E+10
  1103.000 6.871E+10
  1103.250 6.858E+10
  1103.500 6.850E+10
  1103.750 6.841E+10
  1104.000 6.823E+10
  1104.250 6.803E+10
  1104.500 6.798E+10
  1104.750 6.795E+10
  1105.000 6.779E+10
  1105.250 6.758E+10
  1105.500 6.731E+10
  1105.750 6.696E+10
  1106.000 6.647E+10
  1106.250 6.573E+10
  1106.500 6.493E+10
  1106.750 6.376E+10
  1107.000 6.151E+10
  1107.250 5.746E+10
  1107.500 5.224E+10
  1107.750 4.916E+10
  1108.000 5.020E+10
  1108.250 5.506E+10
  1108.500 5.972E+10
  1108.750 6.250E+10
  1109.000 6.407E+10
  1109.250 6.500E+10
  1109.500 6.557E+10
  1109.750 6.595E+10
  1110.000 6.620E+10
  1110.250 6.636E+10
  1110.500 6.635E+10
  1110.750 6.632E+10
  1111.000 6.645E+10
  1111.250 6.652E+10
  1111.500 6.649E+10
  1111.750 6.635E+10
  1112.000 6.628E+10
  1112.250 6.621E+10
  1112.500 6.598E+10
  1112.750 6.592E+10
  1113.000 6.604E+10
  1113.250 6.600E+10
  1113.500 6.588E+10
  1113.750 6.570E+10
  1114.000 6.536E+10
  1114.250 6.523E+10
  1114.500 6.533E+10
  1114.750 6.514E+10
  1115.000 6.458E+10
  1115.250 6.443E+10
  1115.500 6.449E+10
  1115.750 6.423E+10
  1116.000 6.374E+10
  1116.250 6.308E+10
  1116.500 6.235E+10
  1116.750 6.149E+10
  1117.000 6.016E+10
  1117.250 5.791E+10
  1117.500 5.429E+10
  1117.750 5.056E+10
  1118.000 5.008E+10
  1118.250 5.360E+10
  1118.500 5.716E+10
  1118.750 5.938E+10
  1119.000 6.076E+10
  1119.250 6.166E+10
  1119.500 6.222E+10
  1119.750 6.281E+10
  1120.000 6.334E+10
  1120.250 6.362E+10
  1120.500 6.368E+10
  1120.750 6.318E+10
  1121.000 6.248E+10
  1121.250 6.299E+10
  1121.500 6.375E+10
  1121.750 6.372E+10
  1122.000 6.262E+10
  1122.250 5.895E+10
  1122.500 5.614E+10
  1122.750 5.949E+10
  1123.000 6.285E+10
  1123.250 6.380E+10
  1123.500 6.400E+10
  1123.750 6.403E+10
  1124.000 6.403E+10
  1124.250 6.401E+10
  1124.500 6.403E+10
  1124.750 6.405E+10
  1125.000 6.402E+10
  1125.250 6.396E+10
  1125.500 6.391E+10
  1125.750 6.389E+10
  1126.000 6.386E+10
  1126.250 6.382E+10
  1126.500 6.377E+10
  1126.750 6.367E+10
  1127.000 6.350E+10
  1127.250 6.325E+10
  1127.500 6.256E+10
  1127.750 6.072E+10
  1128.000 5.673E+10
  1128.250 5.278E+10
  1128.500 5.469E+10
  1128.750 5.974E+10
  1129.000 6.211E+10
  1129.250 6.269E+10
  1129.500 6.289E+10
  1129.750 6.299E+10
  1130.000 6.301E+10
  1130.250 6.304E+10
  1130.500 6.303E+10
  1130.750 6.297E+10
  1131.000 6.292E+10
  1131.250 6.290E+10
  1131.500 6.288E+10
  1131.750 6.283E+10
  1132.000 6.278E+10
  1132.250 6.272E+10
  1132.500 6.266E+10
  1132.750 6.261E+10
  1133.000 6.259E+10
  1133.250 6.253E+10
  1133.500 6.242E+10
  1133.750 6.235E+10
  1134.000 6.236E+10
  1134.250 6.234E+10
  1134.500 6.229E+10
  1134.750 6.223E+10
  1135.000 6.218E+10
  1135.250 6.215E+10
  1135.500 6.210E+10
  1135.750 6.205E+10
  1136.000 6.200E+10
  1136.250 6.195E+10
  1136.500 6.190E+10
  1136.750 6.184E+10
  1137.000 6.176E+10
  1137.250 6.170E+10
  1137.500 6.165E+10
  1137.750 6.163E+10
  1138.000 6.158E+10
  1138.250 6.151E+10
  1138.500 6.148E+10
  1138.750 6.144E+10
  1139.000 6.139E+10
  1139.250 6.132E+10
  1139.500 6.123E+10
  1139.750 6.122E+10
  1140.000 6.120E+10
  1140.250 6.113E+10
  1140.500 6.104E+10
  1140.750 6.099E+10
  1141.000 6.070E+10
  1141.250 5.949E+10
  1141.500 5.889E+10
  1141.750 6.011E+10
  1142.000 6.072E+10
  1142.250 6.075E+10
  1142.500 6.070E+10
  1142.750 6.065E+10
  1143.000 6.062E+10
  1143.250 6.058E+10
  1143.500 6.053E+10
  1143.750 6.047E+10
  1144.000 6.040E+10
  1144.250 6.036E+10
  1144.500 6.032E+10
  1144.750 6.028E+10
  1145.000 6.023E+10
  1145.250 6.017E+10
  1145.500 6.013E+10
  1145.750 6.008E+10
  1146.000 5.995E+10
  1146.250 5.980E+10
  1146.500 5.971E+10
  1146.750 5.978E+10
  1147.000 5.983E+10
  1147.250 5.980E+10
  1147.500 5.976E+10
  1147.750 5.971E+10
  1148.000 5.966E+10
  1148.250 5.962E+10
  1148.500 5.956E+10
  1148.750 5.947E+10
  1149.000 5.938E+10
  1149.250 5.936E+10
  1149.500 5.936E+10
  1149.750 5.932E+10
  1150.000 5.924E+10
  1150.250 5.917E+10
  1150.500 5.915E+10
  1150.750 5.908E+10
  1151.000 5.898E+10
  1151.250 5.898E+10
  1151.500 5.895E+10
  1151.750 5.877E+10
  1152.000 5.862E+10
  1152.250 5.858E+10
  1152.500 5.769E+10
  1152.750 5.642E+10
  1153.000 5.736E+10
  1153.250 5.842E+10
  1153.500 5.854E+10
  1153.750 5.847E+10
  1154.000 5.841E+10
  1154.250 5.828E+10
  1154.500 5.796E+10
  1154.750 5.708E+10
  1155.000 5.637E+10
  1155.250 5.734E+10
  1155.500 5.805E+10
  1155.750 5.795E+10
  1156.000 5.775E+10
  1156.250 5.790E+10
  1156.500 5.801E+10
  1156.750 5.798E+10
  1157.000 5.792E+10
  1157.250 5.788E+10
  1157.500 5.782E+10
  1157.750 5.777E+10
  1158.000 5.768E+10
  1158.250 5.759E+10
  1158.500 5.752E+10
  1158.750 5.739E+10
  1159.000 5.716E+10
  1159.250 5.714E+10
  1159.500 5.725E+10
  1159.750 5.724E+10
  1160.000 5.711E+10
  1160.250 5.658E+10
  1160.500 5.597E+10
  1160.750 5.644E+10
  1161.000 5.687E+10
  1161.250 5.687E+10
  1161.500 5.682E+10
  1161.750 5.676E+10
  1162.000 5.669E+10
  1162.250 5.662E+10
  1162.500 5.655E+10
  1162.750 5.648E+10
  1163.000 5.641E+10
  1163.250 5.633E+10
  1163.500 5.623E+10
  1163.750 5.608E+10
  1164.000 5.580E+10
  1164.250 5.566E+10
  1164.500 5.574E+10
  1164.750 5.568E+10
  1165.000 5.546E+10
  1165.250 5.505E+10
  1165.500 5.395E+10
  1165.750 5.324E+10
  1166.000 5.337E+10
  1166.250 5.328E+10
  1166.500 5.368E+10
  1166.750 5.362E+10
  1167.000 5.312E+10
  1167.250 5.228E+10
  1167.500 5.057E+10
  1167.750 4.880E+10
  1168.000 4.799E+10
  1168.250 4.637E+10
  1168.500 4.339E+10
  1168.750 4.002E+10
  1169.000 3.912E+10
  1169.250 4.171E+10
  1169.500 4.502E+10
  1169.750 4.751E+10
  1170.000 4.916E+10
  1170.250 5.025E+10
  1170.500 5.135E+10
  1170.750 5.221E+10
  1171.000 5.276E+10
  1171.250 5.314E+10
  1171.500 5.340E+10
  1171.750 5.359E+10
  1172.000 5.375E+10
  1172.250 5.390E+10
  1172.500 5.402E+10
  1172.750 5.403E+10
  1173.000 5.408E+10
  1173.250 5.420E+10
  1173.500 5.426E+10
  1173.750 5.426E+10
  1174.000 5.426E+10
  1174.250 5.425E+10
  1174.500 5.411E+10
  1174.750 5.347E+10
  1175.000 5.278E+10
  1175.250 5.243E+10
  1175.500 5.150E+10
  1175.750 5.086E+10
  1176.000 5.193E+10
  1176.250 5.268E+10
  1176.500 5.317E+10
  1176.750 5.383E+10
  1177.000 5.401E+10
  1177.250 5.400E+10
  1177.500 5.395E+10
  1177.750 5.390E+10
  1178.000 5.386E+10
  1178.250 5.380E+10
  1178.500 5.374E+10
  1178.750 5.371E+10
  1179.000 5.370E+10
  1179.250 5.374E+10
  1179.500 5.376E+10
  1179.750 5.373E+10
  1180.000 5.367E+10
  1180.250 5.356E+10
  1180.500 5.306E+10
  1180.750 5.205E+10
  1181.000 5.233E+10
  1181.250 5.319E+10
  1181.500 5.337E+10
  1181.750 5.329E+10
  1182.000 5.310E+10
  1182.250 5.307E+10
  1182.500 5.316E+10
  1182.750 5.316E+10
  1183.000 5.313E+10
  1183.250 5.307E+10
  1183.500 5.301E+10
  1183.750 5.295E+10
  1184.000 5.286E+10
  1184.250 5.282E+10
  1184.500 5.281E+10
  1184.750 5.277E+10
  1185.000 5.273E+10
  1185.250 5.268E+10
  1185.500 5.262E+10
  1185.750 5.255E+10
  1186.000 5.248E+10
  1186.250 5.238E+10
  1186.500 5.217E+10
  1186.750 5.218E+10
  1187.000 5.229E+10
  1187.250 5.227E+10
  1187.500 5.221E+10
  1187.750 5.210E+10
  1188.000 5.199E+10
  1188.250 5.198E+10
  1188.500 5.192E+10
  1188.750 5.186E+10
  1189.000 5.187E+10
  1189.250 5.184E+10
  1189.500 5.176E+10
  1189.750 5.170E+10
  1190.000 5.158E+10
  1190.250 5.147E+10
  1190.500 5.143E+10
  1190.750 5.143E+10
  1191.000 5.142E+10
  1191.250 5.140E+10
  1191.500 5.136E+10
  1191.750 5.130E+10
  1192.000 5.124E+10
  1192.250 5.116E+10
  1192.500 5.110E+10
  1192.750 5.105E+10
  1193.000 5.100E+10
  1193.250 5.093E+10
  1193.500 5.085E+10
  1193.750 5.073E+10
  1194.000 5.038E+10
  1194.250 4.909E+10
  1194.500 4.804E+10
  1194.750 4.929E+10
  1195.000 5.019E+10
  1195.250 5.031E+10
  1195.500 5.031E+10
  1195.750 5.024E+10
  1196.000 5.009E+10
  1196.250 4.997E+10
  1196.500 4.990E+10
  1196.750 4.985E+10
  1197.000 4.977E+10
  1197.250 4.966E+10
  1197.500 4.941E+10
  1197.750 4.898E+10
  1198.000 4.822E+10
  1198.250 4.703E+10
  1198.500 4.641E+10
  1198.750 4.704E+10
  1199.000 4.800E+10
  1199.250 4.818E+10
  1199.500 4.815E+10
  1199.750 4.834E+10
  1200.000 4.851E+10
  1200.250 4.856E+10
  1200.500 4.859E+10
  1200.750 4.855E+10
  1201.000 4.849E+10
  1201.250 4.841E+10
  1201.500 4.829E+10
  1201.750 4.813E+10
  1202.000 4.799E+10
  1202.250 4.793E+10
  1202.500 4.784E+10
  1202.750 4.771E+10
  1203.000 4.761E+10
  1203.250 4.749E+10
  1203.500 4.736E+10
  1203.750 4.723E+10
  1204.000 4.710E+10
  1204.250 4.695E+10
  1204.500 4.678E+10
  1204.750 4.659E+10
  1205.000 4.627E+10
  1205.250 4.592E+10
  1205.500 4.563E+10
  1205.750 4.518E+10
  1206.000 4.461E+10
  1206.250 4.470E+10
  1206.500 4.491E+10
  1206.750 4.479E+10
  1207.000 4.459E+10
  1207.250 4.433E+10
  1207.500 4.403E+10
  1207.750 4.377E+10
  1208.000 4.331E+10
  1208.250 4.280E+10
  1208.500 4.273E+10
  1208.750 4.269E+10
  1209.000 4.255E+10
  1209.250 4.236E+10
  1209.500 4.208E+10
  1209.750 4.178E+10
  1210.000 4.140E+10
  1210.250 4.079E+10
  1210.500 4.044E+10
  1210.750 4.038E+10
  1211.000 4.012E+10
  1211.250 3.963E+10
  1211.500 3.907E+10
  1211.750 3.891E+10
  1212.000 3.872E+10
  1212.250 3.836E+10
  1212.500 3.795E+10
  1212.750 3.755E+10
  1213.000 3.717E+10
  1213.250 3.677E+10
  1213.500 3.634E+10
  1213.750 3.588E+10
  1214.000 3.540E+10
  1214.250 3.487E+10
  1214.500 3.429E+10
  1214.750 3.351E+10
  1215.000 3.251E+10
  1215.250 3.195E+10
  1215.500 3.171E+10
  1215.750 3.172E+10
  1216.000 3.237E+10
  1216.250 3.309E+10
  1216.500 3.368E+10
  1216.750 3.421E+10
  1217.000 3.471E+10
  1217.250 3.518E+10
  1217.500 3.561E+10
  1217.750 3.601E+10
  1218.000 3.640E+10
  1218.250 3.677E+10
  1218.500 3.712E+10
  1218.750 3.745E+10
  1219.000 3.776E+10
  1219.250 3.807E+10
  1219.500 3.840E+10
  1219.750 3.870E+10
  1220.000 3.890E+10
  1220.250 3.885E+10
  1220.500 3.898E+10
  1220.750 3.919E+10
  1221.000 3.948E+10
  1221.250 4.012E+10
  1221.500 4.053E+10
  1221.750 4.078E+10
  1222.000 4.097E+10
  1222.250 4.114E+10
  1222.500 4.115E+10
  1222.750 4.094E+10
  1223.000 4.124E+10
  1223.250 4.174E+10
  1223.500 4.191E+10
  1223.750 4.167E+10
  1224.000 4.147E+10
  1224.250 4.204E+10
  1224.500 4.243E+10
  1224.750 4.260E+10
  1225.000 4.282E+10
  1225.250 4.307E+10
  1225.500 4.323E+10
  1225.750 4.334E+10
  1226.000 4.343E+10
  1226.250 4.345E+10
  1226.500 4.339E+10
  1226.750 4.345E+10
  1227.000 4.363E+10
  1227.250 4.372E+10
  1227.500 4.365E+10
  1227.750 4.331E+10
  1228.000 4.327E+10
  1228.250 4.318E+10
  1228.500 4.185E+10
  1228.750 4.129E+10
  1229.000 4.230E+10
  1229.250 4.322E+10
  1229.500 4.320E+10
  1229.750 4.193E+10
  1230.000 4.043E+10
  1230.250 4.019E+10
  1230.500 4.011E+10
  1230.750 4.124E+10
  1231.000 4.276E+10
  1231.250 4.366E+10
  1231.500 4.400E+10
  1231.750 4.409E+10
  1232.000 4.408E+10
  1232.250 4.356E+10
  1232.500 4.305E+10
  1232.750 4.376E+10
  1233.000 4.433E+10
  1233.250 4.447E+10
  1233.500 4.452E+10
  1233.750 4.456E+10
  1234.000 4.456E+10
  1234.250 4.457E+10
  1234.500 4.456E+10
  1234.750 4.456E+10
  1235.000 4.461E+10
  1235.250 4.461E+10
  1235.500 4.454E+10
  1235.750 4.447E+10
  1236.000 4.449E+10
  1236.250 4.450E+10
  1236.500 4.450E+10
  1236.750 4.403E+10
  1237.000 4.359E+10
  1237.250 4.414E+10
  1237.500 4.456E+10
  1237.750 4.461E+10
  1238.000 4.457E+10
  1238.250 4.447E+10
  1238.500 4.396E+10
  1238.750 4.338E+10
  1239.000 4.386E+10
  1239.250 4.433E+10
  1239.500 4.410E+10
  1239.750 4.360E+10
  1240.000 4.316E+10
  1240.250 4.355E+10
  1240.500 4.424E+10
  1240.750 4.440E+10
  1241.000 4.435E+10
  1241.250 4.429E+10
  1241.500 4.425E+10
  1241.750 4.419E+10
  1242.000 4.418E+10
  1242.250 4.417E+10
  1242.500 4.382E+10
  1242.750 4.351E+10
  1243.000 4.387E+10
  1243.250 4.415E+10
  1243.500 4.417E+10
  1243.750 4.412E+10
  1244.000 4.390E+10
  1244.250 4.375E+10
  1244.500 4.385E+10
  1244.750 4.399E+10
  1245.000 4.395E+10
  1245.250 4.389E+10
  1245.500 4.386E+10
  1245.750 4.382E+10
  1246.000 4.388E+10
  1246.250 4.386E+10
  1246.500 4.366E+10
  1246.750 4.335E+10
  1247.000 4.329E+10
  1247.250 4.303E+10
  1247.500 4.298E+10
  1247.750 4.343E+10
  1248.000 4.352E+10
  1248.250 4.333E+10
  1248.500 4.328E+10
  1248.750 4.339E+10
  1249.000 4.340E+10
  1249.250 4.344E+10
  1249.500 4.350E+10
  1249.750 4.355E+10
  1250.000 4.352E+10
  1250.250 4.338E+10
  1250.500 4.325E+10
  1250.750 4.324E+10
  1251.000 4.327E+10
  1251.250 4.317E+10
  1251.500 4.309E+10
  1251.750 4.301E+10
  1252.000 4.299E+10
  1252.250 4.301E+10
  1252.500 4.228E+10
  1252.750 4.087E+10
  1253.000 4.123E+10
  1253.250 4.223E+10
  1253.500 4.165E+10
  1253.750 4.127E+10
  1254.000 4.238E+10
  1254.250 4.291E+10
  1254.500 4.293E+10
  1254.750 4.286E+10
  1255.000 4.282E+10
  1255.250 4.261E+10
  1255.500 4.230E+10
  1255.750 4.233E+10
  1256.000 4.256E+10
  1256.250 4.273E+10
  1256.500 4.275E+10
  1256.750 4.272E+10
  1257.000 4.265E+10
  1257.250 4.256E+10
  1257.500 4.240E+10
  1257.750 4.188E+10
  1258.000 4.120E+10
  1258.250 4.175E+10
  1258.500 4.227E+10
  1258.750 4.202E+10
  1259.000 4.199E+10
  1259.250 4.233E+10
  1259.500 4.240E+10
  1259.750 4.226E+10
  1260.000 4.160E+10
  1260.250 4.022E+10
  1260.500 3.990E+10
  1260.750 3.972E+10
  1261.000 3.982E+10
  1261.250 4.091E+10
  1261.500 4.189E+10
  1261.750 4.209E+10
  1262.000 4.213E+10
  1262.250 4.213E+10
  1262.500 4.210E+10
  1262.750 4.208E+10
  1263.000 4.205E+10
  1263.250 4.198E+10
  1263.500 4.193E+10
  1263.750 4.190E+10
  1264.000 4.177E+10
  1264.250 4.168E+10
  1264.500 4.167E+10
  1264.750 4.173E+10
  1265.000 4.174E+10
  1265.250 4.168E+10
  1265.500 4.132E+10
  1265.750 4.005E+10
  1266.000 3.900E+10
  1266.250 3.992E+10
  1266.500 4.115E+10
  1266.750 4.151E+10
  1267.000 4.152E+10
  1267.250 4.144E+10
  1267.500 4.134E+10
  1267.750 4.130E+10
  1268.000 4.137E+10
  1268.250 4.142E+10
  1268.500 4.140E+10
  1268.750 4.137E+10
  1269.000 4.135E+10
  1269.250 4.130E+10
  1269.500 4.125E+10
  1269.750 4.122E+10
  1270.000 4.118E+10
  1270.250 4.111E+10
  1270.500 4.098E+10
  1270.750 4.068E+10
  1271.000 3.997E+10
  1271.250 4.010E+10
  1271.500 4.075E+10
  1271.750 4.027E+10
  1272.000 3.893E+10
  1272.250 3.933E+10
  1272.500 4.028E+10
  1272.750 4.022E+10
  1273.000 4.032E+10
  1273.250 4.066E+10
  1273.500 4.055E+10
  1273.750 3.994E+10
  1274.000 4.005E+10
  1274.250 4.058E+10
  1274.500 4.070E+10
  1274.750 4.066E+10
  1275.000 4.064E+10
  1275.250 4.063E+10
  1275.500 4.056E+10
  1275.750 4.044E+10
  1276.000 4.035E+10
  1276.250 4.033E+10
  1276.500 3.994E+10
  1276.750 3.852E+10
  1277.000 3.786E+10
  1277.250 3.900E+10
  1277.500 3.995E+10
  1277.750 4.019E+10
  1278.000 3.965E+10
  1278.250 3.870E+10
  1278.500 3.917E+10
  1278.750 3.983E+10
  1279.000 3.976E+10
  1279.250 3.976E+10
  1279.500 3.986E+10
  1279.750 3.990E+10
  1280.000 3.997E+10
  1280.250 3.994E+10
  1280.500 3.991E+10
  1280.750 3.995E+10
  1281.000 3.994E+10
  1281.250 3.987E+10
  1281.500 3.983E+10
  1281.750 3.981E+10
  1282.000 3.959E+10
  1282.250 3.886E+10
  1282.500 3.846E+10
  1282.750 3.924E+10
  1283.000 3.958E+10
  1283.250 3.925E+10
  1283.500 3.915E+10
  1283.750 3.916E+10
  1284.000 3.886E+10
  1284.250 3.917E+10
  1284.500 3.948E+10
  1284.750 3.943E+10
  1285.000 3.884E+10
  1285.250 3.772E+10
  1285.500 3.792E+10
  1285.750 3.874E+10
  1286.000 3.831E+10
  1286.250 3.820E+10
  1286.500 3.889E+10
  1286.750 3.872E+10
  1287.000 3.799E+10
  1287.250 3.848E+10
  1287.500 3.908E+10
  1287.750 3.914E+10
  1288.000 3.893E+10
  1288.250 3.862E+10
  1288.500 3.882E+10
  1288.750 3.904E+10
  1289.000 3.907E+10
  1289.250 3.907E+10
  1289.500 3.904E+10
  1289.750 3.899E+10
  1290.000 3.896E+10
  1290.250 3.894E+10
  1290.500 3.892E+10
  1290.750 3.886E+10
  1291.000 3.861E+10
  1291.250 3.814E+10
  1291.500 3.805E+10
  1291.750 3.853E+10
  1292.000 3.872E+10
  1292.250 3.865E+10
  1292.500 3.834E+10
  1292.750 3.827E+10
  1293.000 3.851E+10
  1293.250 3.852E+10
  1293.500 3.851E+10
  1293.750 3.855E+10
  1294.000 3.851E+10
  1294.250 3.818E+10
  1294.500 3.763E+10
  1294.750 3.778E+10
  1295.000 3.766E+10
  1295.250 3.735E+10
  1295.500 3.768E+10
  1295.750 3.748E+10
  1296.000 3.766E+10
  1296.250 3.796E+10
  1296.500 3.717E+10
  1296.750 3.570E+10
  1297.000 3.635E+10
  1297.250 3.772E+10
  1297.500 3.799E+10
  1297.750 3.803E+10
  1298.000 3.810E+10
  1298.250 3.809E+10
  1298.500 3.804E+10
  1298.750 3.798E+10
  1299.000 3.797E+10
  1299.250 3.797E+10
  1299.500 3.788E+10
  1299.750 3.770E+10
  1300.000 3.771E+10
  1300.250 3.783E+10
  1300.500 3.780E+10
  1300.750 3.760E+10
  1301.000 3.708E+10
  1301.250 3.680E+10
  1301.500 3.676E+10
  1301.750 3.630E+10
  1302.000 3.684E+10
  1302.250 3.748E+10
  1302.500 3.756E+10
  1302.750 3.750E+10
  1303.000 3.750E+10
  1303.250 3.745E+10
  1303.500 3.738E+10
  1303.750 3.743E+10
  1304.000 3.747E+10
  1304.250 3.745E+10
  1304.500 3.738E+10
  1304.750 3.725E+10
  1305.000 3.725E+10
  1305.250 3.732E+10
  1305.500 3.729E+10
  1305.750 3.716E+10
  1306.000 3.697E+10
  1306.250 3.691E+10
  1306.500 3.692E+10
  1306.750 3.699E+10
  1307.000 3.702E+10
  1307.250 3.687E+10
  1307.500 3.680E+10
  1307.750 3.691E+10
  1308.000 3.700E+10
  1308.250 3.676E+10
  1308.500 3.588E+10
  1308.750 3.573E+10
  1309.000 3.657E+10
  1309.250 3.684E+10
  1309.500 3.664E+10
  1309.750 3.595E+10
  1310.000 3.573E+10
  1310.250 3.630E+10
  1310.500 3.629E+10
  1310.750 3.621E+10
  1311.000 3.638E+10
  1311.250 3.656E+10
  1311.500 3.660E+10
  1311.750 3.650E+10
  1312.000 3.651E+10
  1312.250 3.656E+10
  1312.500 3.652E+10
  1312.750 3.646E+10
  1313.000 3.646E+10
  1313.250 3.642E+10
  1313.500 3.641E+10
  1313.750 3.640E+10
  1314.000 3.633E+10
  1314.250 3.613E+10
  1314.500 3.598E+10
  1314.750 3.604E+10
  1315.000 3.605E+10
  1315.250 3.594E+10
  1315.500 3.573E+10
  1315.750 3.557E+10
  1316.000 3.563E+10
  1316.250 3.582E+10
  1316.500 3.594E+10
  1316.750 3.598E+10
  1317.000 3.598E+10
  1317.250 3.590E+10
  1317.500 3.543E+10
  1317.750 3.496E+10
  1318.000 3.537E+10
  1318.250 3.563E+10
  1318.500 3.566E+10
  1318.750 3.583E+10
  1319.000 3.589E+10
  1319.250 3.585E+10
  1319.500 3.582E+10
  1319.750 3.580E+10
  1320.000 3.573E+10
  1320.250 3.541E+10
  1320.500 3.518E+10
  1320.750 3.539E+10
  1321.000 3.556E+10
  1321.250 3.533E+10
  1321.500 3.520E+10
  1321.750 3.543E+10
  1322.000 3.558E+10
  1322.250 3.562E+10
  1322.500 3.560E+10
  1322.750 3.555E+10
  1323.000 3.532E+10
  1323.250 3.501E+10
  1323.500 3.517E+10
  1323.750 3.533E+10
  1324.000 3.499E+10
  1324.250 3.446E+10
  1324.500 3.480E+10
  1324.750 3.527E+10
  1325.000 3.534E+10
  1325.250 3.532E+10
  1325.500 3.527E+10
  1325.750 3.519E+10
  1326.000 3.519E+10
  1326.250 3.517E+10
  1326.500 3.507E+10
  1326.750 3.500E+10
  1327.000 3.493E+10
  1327.250 3.500E+10
  1327.500 3.507E+10
  1327.750 3.504E+10
  1328.000 3.501E+10
  1328.250 3.501E+10
  1328.500 3.499E+10
  1328.750 3.479E+10
  1329.000 3.401E+10
  1329.250 3.365E+10
  1329.500 3.441E+10
  1329.750 3.480E+10
  1330.000 3.474E+10
  1330.250 3.437E+10
  1330.500 3.420E+10
  1330.750 3.417E+10
  1331.000 3.392E+10
  1331.250 3.422E+10
  1331.500 3.441E+10
  1331.750 3.445E+10
  1332.000 3.447E+10
  1332.250 3.409E+10
  1332.500 3.404E+10
  1332.750 3.442E+10
  1333.000 3.454E+10
  1333.250 3.452E+10
  1333.500 3.444E+10
  1333.750 3.421E+10
  1334.000 3.416E+10
  1334.250 3.433E+10
  1334.500 3.440E+10
  1334.750 3.439E+10
  1335.000 3.436E+10
  1335.250 3.434E+10
  1335.500 3.431E+10
  1335.750 3.424E+10
  1336.000 3.418E+10
  1336.250 3.416E+10
  1336.500 3.399E+10
  1336.750 3.351E+10
  1337.000 3.359E+10
  1337.250 3.389E+10
  1337.500 3.321E+10
  1337.750 3.237E+10
  1338.000 3.317E+10
  1338.250 3.394E+10
  1338.500 3.403E+10
  1338.750 3.397E+10
  1339.000 3.396E+10
  1339.250 3.395E+10
  1339.500 3.383E+10
  1339.750 3.375E+10
  1340.000 3.383E+10
  1340.250 3.387E+10
  1340.500 3.385E+10
  1340.750 3.384E+10
  1341.000 3.381E+10
  1341.250 3.380E+10
  1341.500 3.378E+10
  1341.750 3.375E+10
  1342.000 3.370E+10
  1342.250 3.365E+10
  1342.500 3.361E+10
  1342.750 3.347E+10
  1343.000 3.337E+10
  1343.250 3.327E+10
  1343.500 3.331E+10
  1343.750 3.345E+10
  1344.000 3.346E+10
  1344.250 3.343E+10
  1344.500 3.342E+10
  1344.750 3.342E+10
  1345.000 3.340E+10
  1345.250 3.322E+10
  1345.500 3.292E+10
  1345.750 3.304E+10
  1346.000 3.328E+10
  1346.250 3.333E+10
  1346.500 3.330E+10
  1346.750 3.328E+10
  1347.000 3.326E+10
  1347.250 3.323E+10
  1347.500 3.318E+10
  1347.750 3.304E+10
  1348.000 3.284E+10
  1348.250 3.289E+10
  1348.500 3.302E+10
  1348.750 3.297E+10
  1349.000 3.292E+10
  1349.250 3.291E+10
  1349.500 3.291E+10
  1349.750 3.272E+10
  1350.000 3.231E+10
  1350.250 3.246E+10
  1350.500 3.276E+10
  1350.750 3.285E+10
  1351.000 3.287E+10
  1351.250 3.278E+10
  1351.500 3.266E+10
  1351.750 3.266E+10
  1352.000 3.268E+10
  1352.250 3.270E+10
  1352.500 3.270E+10
  1352.750 3.270E+10
  1353.000 3.269E+10
  1353.250 3.265E+10
  1353.500 3.255E+10
  1353.750 3.245E+10
  1354.000 3.254E+10
  1354.250 3.260E+10
  1354.500 3.250E+10
  1354.750 3.226E+10
  1355.000 3.226E+10
  1355.250 3.243E+10
  1355.500 3.245E+10
  1355.750 3.245E+10
  1356.000 3.246E+10
  1356.250 3.244E+10
  1356.500 3.239E+10
  1356.750 3.226E+10
  1357.000 3.223E+10
  1357.250 3.226E+10
  1357.500 3.210E+10
  1357.750 3.197E+10
  1358.000 3.198E+10
  1358.250 3.175E+10
  1358.500 3.161E+10
  1358.750 3.158E+10
  1359.000 3.166E+10
  1359.250 3.188E+10
  1359.500 3.204E+10
  1359.750 3.212E+10
  1360.000 3.212E+10
  1360.250 3.210E+10
  1360.500 3.207E+10
  1360.750 3.204E+10
  1361.000 3.192E+10
  1361.250 3.156E+10
  1361.500 3.096E+10
  1361.750 3.041E+10
  1362.000 3.099E+10
  1362.250 3.174E+10
  1362.500 3.182E+10
  1362.750 3.155E+10
  1363.000 3.136E+10
  1363.250 3.150E+10
  1363.500 3.152E+10
  1363.750 3.145E+10
  1364.000 3.157E+10
  1364.250 3.171E+10
  1364.500 3.170E+10
  1364.750 3.159E+10
  1365.000 3.149E+10
  1365.250 3.146E+10
  1365.500 3.136E+10
  1365.750 3.139E+10
  1366.000 3.149E+10
  1366.250 3.153E+10
  1366.500 3.153E+10
  1366.750 3.152E+10
  1367.000 3.147E+10
  1367.250 3.143E+10
  1367.500 3.145E+10
  1367.750 3.145E+10
  1368.000 3.144E+10
  1368.250 3.141E+10
  1368.500 3.139E+10
  1368.750 3.137E+10
  1369.000 3.134E+10
  1369.250 3.132E+10
  1369.500 3.131E+10
  1369.750 3.129E+10
  1370.000 3.124E+10
  1370.250 3.108E+10
  1370.500 3.039E+10
  1370.750 2.934E+10
  1371.000 2.877E+10
  1371.250 2.876E+10
  1371.500 2.996E+10
  1371.750 3.083E+10
  1372.000 3.094E+10
  1372.250 3.100E+10
  1372.500 3.101E+10
  1372.750 3.098E+10
  1373.000 3.094E+10
  1373.250 3.072E+10
  1373.500 3.002E+10
  1373.750 2.977E+10
  1374.000 3.003E+10
  1374.250 3.000E+10
  1374.500 2.957E+10
  1374.750 2.959E+10
  1375.000 3.036E+10
  1375.250 3.050E+10
  1375.500 3.043E+10
  1375.750 3.059E+10
  1376.000 3.047E+10
  1376.250 2.987E+10
  1376.500 2.984E+10
  1376.750 3.045E+10
  1377.000 3.066E+10
  1377.250 3.065E+10
  1377.500 3.060E+10
  1377.750 3.052E+10
  1378.000 3.042E+10
  1378.250 3.025E+10
  1378.500 2.994E+10
  1378.750 3.003E+10
  1379.000 3.023E+10
  1379.250 3.034E+10
  1379.500 3.043E+10
  1379.750 3.037E+10
  1380.000 3.018E+10
  1380.250 3.018E+10
  1380.500 3.033E+10
  1380.750 3.036E+10
  1381.000 3.034E+10
  1381.250 3.031E+10
  1381.500 3.027E+10
  1381.750 3.025E+10
  1382.000 3.024E+10
  1382.250 3.021E+10
  1382.500 3.019E+10
  1382.750 3.018E+10
  1383.000 3.017E+10
  1383.250 3.016E+10
  1383.500 3.014E+10
  1383.750 3.007E+10
  1384.000 2.993E+10
  1384.250 2.992E+10
  1384.500 3.001E+10
  1384.750 3.002E+10
  1385.000 2.996E+10
  1385.250 2.980E+10
  1385.500 2.959E+10
  1385.750 2.955E+10
  1386.000 2.980E+10
  1386.250 2.990E+10
  1386.500 2.988E+10
  1386.750 2.976E+10
  1387.000 2.947E+10
  1387.250 2.948E+10
  1387.500 2.961E+10
  1387.750 2.930E+10
  1388.000 2.903E+10
  1388.250 2.930E+10
  1388.500 2.957E+10
  1388.750 2.960E+10
  1389.000 2.952E+10
  1389.250 2.959E+10
  1389.500 2.965E+10
  1389.750 2.964E+10
  1390.000 2.962E+10
  1390.250 2.958E+10
  1390.500 2.942E+10
  1390.750 2.919E+10
  1391.000 2.910E+10
  1391.250 2.913E+10
  1391.500 2.934E+10
  1391.750 2.943E+10
  1392.000 2.930E+10
  1392.250 2.911E+10
  1392.500 2.918E+10
  1392.750 2.922E+10
  1393.000 2.901E+10
  1393.250 2.843E+10
  1393.500 2.689E+10
  1393.750 2.558E+10
  1394.000 2.676E+10
  1394.250 2.817E+10
  1394.500 2.866E+10
  1394.750 2.887E+10
  1395.000 2.908E+10
  1395.250 2.916E+10
  1395.500 2.916E+10
  1395.750 2.915E+10
  1396.000 2.913E+10
  1396.250 2.910E+10
  1396.500 2.907E+10
  1396.750 2.901E+10
  1397.000 2.897E+10
  1397.250 2.897E+10
  1397.500 2.898E+10
  1397.750 2.889E+10
  1398.000 2.882E+10
  1398.250 2.891E+10
  1398.500 2.896E+10
  1398.750 2.895E+10
  1399.000 2.893E+10
  1399.250 2.891E+10
  1399.500 2.889E+10
  1399.750 2.885E+10
  1400.000 2.867E+10
  1400.250 2.849E+10
  1400.500 2.865E+10
  1400.750 2.877E+10
  1401.000 2.876E+10
  1401.250 2.874E+10
  1401.500 2.871E+10
  1401.750 2.866E+10
  1402.000 2.844E+10
  1402.250 2.768E+10
  1402.500 2.644E+10
  1402.750 2.561E+10
  1403.000 2.668E+10
  1403.250 2.792E+10
  1403.500 2.832E+10
  1403.750 2.848E+10
  1404.000 2.845E+10
  1404.250 2.836E+10
  1404.500 2.835E+10
  1404.750 2.840E+10
  1405.000 2.841E+10
  1405.250 2.839E+10
  1405.500 2.841E+10
  1405.750 2.840E+10
  1406.000 2.836E+10
  1406.250 2.828E+10
  1406.500 2.782E+10
  1406.750 2.735E+10
  1407.000 2.751E+10
  1407.250 2.767E+10
  1407.500 2.801E+10
  1407.750 2.818E+10
  1408.000 2.806E+10
  1408.250 2.804E+10
  1408.500 2.813E+10
  1408.750 2.796E+10
  1409.000 2.745E+10
  1409.250 2.704E+10
  1409.500 2.717E+10
  1409.750 2.765E+10
  1410.000 2.794E+10
  1410.250 2.807E+10
  1410.500 2.808E+10
  1410.750 2.806E+10
  1411.000 2.800E+10
  1411.250 2.791E+10
  1411.500 2.775E+10
  1411.750 2.781E+10
  1412.000 2.794E+10
  1412.250 2.796E+10
  1412.500 2.794E+10
  1412.750 2.792E+10
  1413.000 2.789E+10
  1413.250 2.786E+10
  1413.500 2.785E+10
  1413.750 2.785E+10
  1414.000 2.783E+10
  1414.250 2.781E+10
  1414.500 2.774E+10
  1414.750 2.761E+10
  1415.000 2.729E+10
  1415.250 2.714E+10
  1415.500 2.747E+10
  1415.750 2.763E+10
  1416.000 2.752E+10
  1416.250 2.739E+10
  1416.500 2.750E+10
  1416.750 2.754E+10
  1417.000 2.749E+10
  1417.250 2.743E+10
  1417.500 2.714E+10
  1417.750 2.691E+10
  1418.000 2.683E+10
  1418.250 2.694E+10
  1418.500 2.723E+10
  1418.750 2.724E+10
  1419.000 2.706E+10
  1419.250 2.678E+10
  1419.500 2.647E+10
  1419.750 2.642E+10
  1420.000 2.664E+10
  1420.250 2.668E+10
  1420.500 2.655E+10
  1420.750 2.677E+10
  1421.000 2.704E+10
  1421.250 2.715E+10
  1421.500 2.714E+10
  1421.750 2.710E+10
  1422.000 2.712E+10
  1422.250 2.709E+10
  1422.500 2.702E+10
  1422.750 2.701E+10
  1423.000 2.692E+10
  1423.250 2.671E+10
  1423.500 2.656E+10
  1423.750 2.662E+10
  1424.000 2.680E+10
  1424.250 2.691E+10
  1424.500 2.696E+10
  1424.750 2.696E+10
  1425.000 2.693E+10
  1425.250 2.695E+10
  1425.500 2.698E+10
  1425.750 2.697E+10
  1426.000 2.695E+10
  1426.250 2.693E+10
  1426.500 2.691E+10
  1426.750 2.690E+10
  1427.000 2.689E+10
  1427.250 2.688E+10
  1427.500 2.684E+10
  1427.750 2.677E+10
  1428.000 2.673E+10
  1428.250 2.676E+10
  1428.500 2.677E+10
  1428.750 2.670E+10
  1429.000 2.659E+10
  1429.250 2.643E+10
  1429.500 2.630E+10
  1429.750 2.651E+10
  1430.000 2.660E+10
  1430.250 2.631E+10
  1430.500 2.587E+10
  1430.750 2.605E+10
  1431.000 2.647E+10
  1431.250 2.658E+10
  1431.500 2.658E+10
  1431.750 2.654E+10
  1432.000 2.652E+10
  1432.250 2.653E+10
  1432.500 2.652E+10
  1432.750 2.647E+10
  1433.000 2.642E+10
  1433.250 2.641E+10
  1433.500 2.643E+10
  1433.750 2.644E+10
  1434.000 2.642E+10
  1434.250 2.640E+10
  1434.500 2.639E+10
  1434.750 2.633E+10
  1435.000 2.623E+10
  1435.250 2.622E+10
  1435.500 2.627E+10
  1435.750 2.629E+10
  1436.000 2.629E+10
  1436.250 2.627E+10
  1436.500 2.624E+10
  1436.750 2.621E+10
  1437.000 2.619E+10
  1437.250 2.615E+10
  1437.500 2.608E+10
  1437.750 2.609E+10
  1438.000 2.613E+10
  1438.250 2.612E+10
  1438.500 2.610E+10
  1438.750 2.601E+10
  1439.000 2.587E+10
  1439.250 2.590E+10
  1439.500 2.597E+10
  1439.750 2.594E+10
  1440.000 2.585E+10
  1440.250 2.558E+10
  1440.500 2.521E+10
  1440.750 2.527E+10
  1441.000 2.542E+10
  1441.250 2.566E+10
  1441.500 2.582E+10
  1441.750 2.578E+10
  1442.000 2.558E+10
  1442.250 2.545E+10
  1442.500 2.567E+10
  1442.750 2.580E+10
  1443.000 2.576E+10
  1443.250 2.573E+10
  1443.500 2.575E+10
  1443.750 2.575E+10
  1444.000 2.574E+10
  1444.250 2.573E+10
  1444.500 2.572E+10
  1444.750 2.570E+10
  1445.000 2.569E+10
  1445.250 2.566E+10
  1445.500 2.562E+10
  1445.750 2.557E+10
  1446.000 2.556E+10
  1446.250 2.545E+10
  1446.500 2.510E+10
  1446.750 2.502E+10
  1447.000 2.531E+10
  1447.250 2.544E+10
  1447.500 2.542E+10
  1447.750 2.544E+10
  1448.000 2.543E+10
  1448.250 2.530E+10
  1448.500 2.505E+10
  1448.750 2.489E+10
  1449.000 2.505E+10
  1449.250 2.532E+10
  1449.500 2.530E+10
  1449.750 2.506E+10
  1450.000 2.501E+10
  1450.250 2.524E+10
  1450.500 2.531E+10
  1450.750 2.528E+10
  1451.000 2.522E+10
  1451.250 2.521E+10
  1451.500 2.524E+10
  1451.750 2.524E+10
  1452.000 2.523E+10
  1452.250 2.521E+10
  1452.500 2.518E+10
  1452.750 2.512E+10
  1453.000 2.508E+10
  1453.250 2.499E+10
  1453.500 2.476E+10
  1453.750 2.477E+10
  1454.000 2.493E+10
  1454.250 2.496E+10
  1454.500 2.491E+10
  1454.750 2.485E+10
  1455.000 2.484E+10
  1455.250 2.460E+10
  1455.500 2.445E+10
  1455.750 2.463E+10
  1456.000 2.459E+10
  1456.250 2.446E+10
  1456.500 2.474E+10
  1456.750 2.491E+10
  1457.000 2.491E+10
  1457.250 2.488E+10
  1457.500 2.478E+10
  1457.750 2.469E+10
  1458.000 2.477E+10
  1458.250 2.482E+10
  1458.500 2.481E+10
  1458.750 2.478E+10
  1459.000 2.466E+10
  1459.250 2.446E+10
  1459.500 2.423E+10
  1459.750 2.393E+10
  1460.000 2.423E+10
  1460.250 2.460E+10
  1460.500 2.458E+10
  1460.750 2.448E+10
  1461.000 2.454E+10
  1461.250 2.461E+10
  1461.500 2.463E+10
  1461.750 2.462E+10
  1462.000 2.459E+10
  1462.250 2.452E+10
  1462.500 2.432E+10
  1462.750 2.430E+10
  1463.000 2.446E+10
  1463.250 2.451E+10
  1463.500 2.447E+10
  1463.750 2.444E+10
  1464.000 2.438E+10
  1464.250 2.427E+10
  1464.500 2.399E+10
  1464.750 2.375E+10
  1465.000 2.399E+10
  1465.250 2.400E+10
  1465.500 2.399E+10
  1465.750 2.421E+10
  1466.000 2.430E+10
  1466.250 2.427E+10
  1466.500 2.406E+10
  1466.750 2.401E+10
  1467.000 2.419E+10
  1467.250 2.425E+10
  1467.500 2.425E+10
  1467.750 2.421E+10
  1468.000 2.405E+10
  1468.250 2.393E+10
  1468.500 2.403E+10
  1468.750 2.388E+10
  1469.000 2.367E+10
  1469.250 2.392E+10
  1469.500 2.411E+10
  1469.750 2.412E+10
  1470.000 2.411E+10
  1470.250 2.409E+10
  1470.500 2.408E+10
  1470.750 2.406E+10
  1471.000 2.403E+10
  1471.250 2.400E+10
  1471.500 2.399E+10
  1471.750 2.390E+10
  1472.000 2.365E+10
  1472.250 2.355E+10
  1472.500 2.358E+10
  1472.750 2.375E+10
  1473.000 2.389E+10
  1473.250 2.391E+10
  1473.500 2.390E+10
  1473.750 2.388E+10
  1474.000 2.385E+10
  1474.250 2.382E+10
  1474.500 2.381E+10
  1474.750 2.381E+10
  1475.000 2.380E+10
  1475.250 2.375E+10
  1475.500 2.365E+10
  1475.750 2.365E+10
  1476.000 2.372E+10
  1476.250 2.373E+10
  1476.500 2.370E+10
  1476.750 2.369E+10
  1477.000 2.368E+10
  1477.250 2.365E+10
  1477.500 2.360E+10
  1477.750 2.354E+10
  1478.000 2.355E+10
  1478.250 2.358E+10
  1478.500 2.357E+10
  1478.750 2.354E+10
  1479.000 2.352E+10
  1479.250 2.336E+10
  1479.500 2.320E+10
  1479.750 2.331E+10
  1480.000 2.339E+10
  1480.250 2.345E+10
  1480.500 2.346E+10
  1480.750 2.346E+10
  1481.000 2.344E+10
  1481.250 2.341E+10
  1481.500 2.339E+10
  1481.750 2.339E+10
  1482.000 2.339E+10
  1482.250 2.338E+10
  1482.500 2.335E+10
  1482.750 2.332E+10
  1483.000 2.329E+10
  1483.250 2.329E+10
  1483.500 2.330E+10
  1483.750 2.329E+10
  1484.000 2.325E+10
  1484.250 2.321E+10
  1484.500 2.321E+10
  1484.750 2.317E+10
  1485.000 2.310E+10
  1485.250 2.308E+10
  1485.500 2.309E+10
  1485.750 2.313E+10
  1486.000 2.315E+10
  1486.250 2.313E+10
  1486.500 2.309E+10
  1486.750 2.306E+10
  1487.000 2.307E+10
  1487.250 2.308E+10
  1487.500 2.307E+10
  1487.750 2.306E+10
  1488.000 2.305E+10
  1488.250 2.303E+10
  1488.500 2.301E+10
  1488.750 2.298E+10
  1489.000 2.295E+10
  1489.250 2.291E+10
  1489.500 2.291E+10
  1489.750 2.290E+10
  1490.000 2.288E+10
  1490.250 2.281E+10
  1490.500 2.277E+10
  1490.750 2.282E+10
  1491.000 2.285E+10
  1491.250 2.285E+10
  1491.500 2.284E+10
  1491.750 2.283E+10
  1492.000 2.282E+10
  1492.250 2.280E+10
  1492.500 2.279E+10
  1492.750 2.277E+10
  1493.000 2.274E+10
  1493.250 2.273E+10
  1493.500 2.273E+10
  1493.750 2.272E+10
  1494.000 2.270E+10
  1494.250 2.269E+10
  1494.500 2.266E+10
  1494.750 2.263E+10
  1495.000 2.260E+10
  1495.250 2.255E+10
  1495.500 2.250E+10
  1495.750 2.252E+10
  1496.000 2.250E+10
  1496.250 2.242E+10
  1496.500 2.247E+10
  1496.750 2.253E+10
  1497.000 2.252E+10
  1497.250 2.251E+10
  1497.500 2.249E+10
  1497.750 2.243E+10
  1498.000 2.238E+10
  1498.250 2.242E+10
  1498.500 2.244E+10
  1498.750 2.243E+10
  1499.000 2.242E+10
  1499.250 2.241E+10
  1499.500 2.240E+10
  1499.750 2.238E+10
  1500.000 2.236E+10
  1500.250 2.235E+10
  1500.500 2.233E+10
  1500.750 2.232E+10
  1501.000 2.231E+10
  1501.250 2.230E+10
  1501.500 2.229E+10
  1501.750 2.227E+10
  1502.000 2.225E+10
  1502.250 2.222E+10
  1502.500 2.221E+10
  1502.750 2.221E+10
  1503.000 2.220E+10
  1503.250 2.218E+10
  1503.500 2.215E+10
  1503.750 2.213E+10
  1504.000 2.211E+10
  1504.250 2.206E+10
  1504.500 2.206E+10
  1504.750 2.209E+10
  1505.000 2.209E+10
  1505.250 2.208E+10
  1505.500 2.207E+10
  1505.750 2.206E+10
  1506.000 2.204E+10
  1506.250 2.203E+10
  1506.500 2.201E+10
  1506.750 2.199E+10
  1507.000 2.197E+10
  1507.250 2.195E+10
  1507.500 2.193E+10
  1507.750 2.191E+10
  1508.000 2.190E+10
  1508.250 2.190E+10
  1508.500 2.188E+10
  1508.750 2.183E+10
  1509.000 2.184E+10
  1509.250 2.185E+10
  1509.500 2.184E+10
  1509.750 2.181E+10
  1510.000 2.180E+10
  1510.250 2.178E+10
  1510.500 2.174E+10
  1510.750 2.172E+10
  1511.000 2.173E+10
  1511.250 2.172E+10
  1511.500 2.172E+10
  1511.750 2.172E+10
  1512.000 2.172E+10
  1512.250 2.170E+10
  1512.500 2.169E+10
  1512.750 2.168E+10
  1513.000 2.166E+10
  1513.250 2.165E+10
  1513.500 2.163E+10
  1513.750 2.161E+10
  1514.000 2.161E+10
  1514.250 2.160E+10
  1514.500 2.158E+10
  1514.750 2.155E+10
  1515.000 2.151E+10
  1515.250 2.151E+10
  1515.500 2.152E+10
  1515.750 2.151E+10
  1516.000 2.150E+10
  1516.250 2.149E+10
  1516.500 2.147E+10
  1516.750 2.144E+10
  1517.000 2.144E+10
  1517.250 2.144E+10
  1517.500 2.141E+10
  1517.750 2.137E+10
  1518.000 2.138E+10
  1518.250 2.138E+10
  1518.500 2.137E+10
  1518.750 2.131E+10
  1519.000 2.123E+10
  1519.250 2.126E+10
  1519.500 2.130E+10
  1519.750 2.128E+10
  1520.000 2.127E+10
  1520.250 2.128E+10
  1520.500 2.127E+10
  1520.750 2.126E+10
  1521.000 2.125E+10
  1521.250 2.123E+10
  1521.500 2.122E+10
  1521.750 2.121E+10
  1522.000 2.120E+10
  1522.250 2.118E+10
  1522.500 2.117E+10
  1522.750 2.115E+10
  1523.000 2.114E+10
  1523.250 2.113E+10
  1523.500 2.112E+10
  1523.750 2.110E+10
  1524.000 2.109E+10
  1524.250 2.108E+10
  1524.500 2.106E+10
  1524.750 2.103E+10
  1525.000 2.098E+10
  1525.250 2.094E+10
  1525.500 2.095E+10
  1525.750 2.097E+10
  1526.000 2.097E+10
  1526.250 2.096E+10
  1526.500 2.095E+10
  1526.750 2.093E+10
  1527.000 2.093E+10
  1527.250 2.092E+10
  1527.500 2.091E+10
  1527.750 2.089E+10
  1528.000 2.087E+10
  1528.250 2.084E+10
  1528.500 2.083E+10
  1528.750 2.083E+10
  1529.000 2.083E+10
  1529.250 2.082E+10
  1529.500 2.080E+10
  1529.750 2.079E+10
  1530.000 2.076E+10
  1530.250 2.071E+10
  1530.500 2.068E+10
  1530.750 2.071E+10
  1531.000 2.071E+10
  1531.250 2.070E+10
  1531.500 2.067E+10
  1531.750 2.061E+10
  1532.000 2.053E+10
  1532.250 2.048E+10
  1532.500 2.048E+10
  1532.750 2.048E+10
  1533.000 2.046E+10
  1533.250 2.042E+10
  1533.500 2.044E+10
  1533.750 2.050E+10
  1534.000 2.052E+10
  1534.250 2.053E+10
  1534.500 2.053E+10
  1534.750 2.052E+10
  1535.000 2.052E+10
  1535.250 2.051E+10
  1535.500 2.049E+10
  1535.750 2.048E+10
  1536.000 2.047E+10
  1536.250 2.046E+10
  1536.500 2.045E+10
  1536.750 2.044E+10
  1537.000 2.043E+10
  1537.250 2.041E+10
  1537.500 2.039E+10
  1537.750 2.038E+10
  1538.000 2.034E+10
  1538.250 2.028E+10
  1538.500 2.023E+10
  1538.750 2.021E+10
  1539.000 2.026E+10
  1539.250 2.028E+10
  1539.500 2.027E+10
  1539.750 2.026E+10
  1540.000 2.025E+10
  1540.250 2.024E+10
  1540.500 2.022E+10
  1540.750 2.021E+10
  1541.000 2.019E+10
  1541.250 2.018E+10
  1541.500 2.017E+10
  1541.750 2.015E+10
  1542.000 2.013E+10
  1542.250 2.012E+10
  1542.500 2.010E+10
  1542.750 2.007E+10
  1543.000 2.001E+10
  1543.250 1.995E+10
  1543.500 1.998E+10
  1543.750 2.000E+10
  1544.000 1.995E+10
  1544.250 1.990E+10
  1544.500 1.990E+10
  1544.750 1.989E+10
  1545.000 1.986E+10
  1545.250 1.982E+10
  1545.500 1.977E+10
  1545.750 1.971E+10
  1546.000 1.964E+10
  1546.250 1.954E+10
  1546.500 1.941E+10
  1546.750 1.923E+10
  1547.000 1.896E+10
  1547.250 1.856E+10
  1547.500 1.794E+10
  1547.750 1.698E+10
  1548.000 1.574E+10
  1548.250 1.529E+10
  1548.500 1.625E+10
  1548.750 1.737E+10
  1549.000 1.810E+10
  1549.250 1.850E+10
  1549.500 1.867E+10
  1549.750 1.858E+10
  1550.000 1.831E+10
  1550.250 1.769E+10
  1550.500 1.646E+10
  1550.750 1.550E+10
  1551.000 1.620E+10
  1551.250 1.754E+10
  1551.500 1.841E+10
  1551.750 1.887E+10
  1552.000 1.911E+10
  1552.250 1.926E+10
  1552.500 1.934E+10
  1552.750 1.939E+10
  1553.000 1.941E+10
  1553.250 1.945E+10
  1553.500 1.947E+10
  1553.750 1.947E+10
  1554.000 1.936E+10
  1554.250 1.927E+10
  1554.500 1.940E+10
  1554.750 1.948E+10
  1555.000 1.949E+10
  1555.250 1.947E+10
  1555.500 1.946E+10
  1555.750 1.947E+10
  1556.000 1.947E+10
  1556.250 1.946E+10
  1556.500 1.943E+10
  1556.750 1.941E+10
  1557.000 1.939E+10
  1557.250 1.936E+10
  1557.500 1.937E+10
  1557.750 1.939E+10
  1558.000 1.940E+10
  1558.250 1.939E+10
  1558.500 1.939E+10
  1558.750 1.938E+10
  1559.000 1.937E+10
  1559.250 1.936E+10
  1559.500 1.935E+10
  1559.750 1.934E+10
  1560.000 1.933E+10
  1560.250 1.932E+10
  1560.500 1.931E+10
  1560.750 1.930E+10
  1561.000 1.928E+10
  1561.250 1.927E+10
  1561.500 1.926E+10
  1561.750 1.925E+10
  1562.000 1.924E+10
  1562.250 1.923E+10
  1562.500 1.922E+10
  1562.750 1.921E+10
  1563.000 1.920E+10
  1563.250 1.919E+10
  1563.500 1.917E+10
  1563.750 1.914E+10
  1564.000 1.911E+10
  1564.250 1.911E+10
  1564.500 1.912E+10
  1564.750 1.911E+10
  1565.000 1.902E+10
  1565.250 1.891E+10
  1565.500 1.897E+10
  1565.750 1.905E+10
  1566.000 1.906E+10
  1566.250 1.905E+10
  1566.500 1.902E+10
  1566.750 1.901E+10
  1567.000 1.901E+10
  1567.250 1.901E+10
  1567.500 1.900E+10
  1567.750 1.899E+10
  1568.000 1.897E+10
  1568.250 1.895E+10
  1568.500 1.893E+10
  1568.750 1.893E+10
  1569.000 1.892E+10
  1569.250 1.892E+10
  1569.500 1.890E+10
  1569.750 1.889E+10
  1570.000 1.887E+10
  1570.250 1.886E+10
  1570.500 1.886E+10
  1570.750 1.885E+10
  1571.000 1.883E+10
  1571.250 1.883E+10
  1571.500 1.881E+10
  1571.750 1.879E+10
  1572.000 1.878E+10
  1572.250 1.875E+10
  1572.500 1.871E+10
  1572.750 1.871E+10
  1573.000 1.873E+10
  1573.250 1.874E+10
  1573.500 1.873E+10
  1573.750 1.872E+10
  1574.000 1.871E+10
  1574.250 1.869E+10
  1574.500 1.868E+10
  1574.750 1.867E+10
  1575.000 1.866E+10
  1575.250 1.865E+10
  1575.500 1.863E+10
  1575.750 1.861E+10
  1576.000 1.858E+10
  1576.250 1.854E+10
  1576.500 1.852E+10
  1576.750 1.855E+10
  1577.000 1.855E+10
  1577.250 1.854E+10
  1577.500 1.853E+10
  1577.750 1.852E+10
  1578.000 1.850E+10
  1578.250 1.850E+10
  1578.500 1.850E+10
  1578.750 1.849E+10
  1579.000 1.848E+10
  1579.250 1.846E+10
  1579.500 1.839E+10
  1579.750 1.835E+10
  1580.000 1.840E+10
  1580.250 1.842E+10
  1580.500 1.841E+10
  1580.750 1.840E+10
  1581.000 1.839E+10
  1581.250 1.838E+10
  1581.500 1.836E+10
  1581.750 1.835E+10
  1582.000 1.834E+10
  1582.250 1.832E+10
  1582.500 1.830E+10
  1582.750 1.821E+10
  1583.000 1.804E+10
  1583.250 1.808E+10
  1583.500 1.821E+10
  1583.750 1.823E+10
  1584.000 1.820E+10
  1584.250 1.815E+10
  1584.500 1.811E+10
  1584.750 1.811E+10
  1585.000 1.808E+10
  1585.250 1.801E+10
  1585.500 1.790E+10
  1585.750 1.773E+10
  1586.000 1.763E+10
  1586.250 1.769E+10
  1586.500 1.783E+10
  1586.750 1.794E+10
  1587.000 1.799E+10
  1587.250 1.802E+10
  1587.500 1.803E+10
  1587.750 1.804E+10
  1588.000 1.804E+10
  1588.250 1.804E+10
  1588.500 1.803E+10
  1588.750 1.801E+10
  1589.000 1.799E+10
  1589.250 1.799E+10
  1589.500 1.800E+10
  1589.750 1.800E+10
  1590.000 1.800E+10
  1590.250 1.799E+10
  1590.500 1.798E+10
  1590.750 1.797E+10
  1591.000 1.796E+10
  1591.250 1.793E+10
  1591.500 1.788E+10
  1591.750 1.784E+10
  1592.000 1.786E+10
  1592.250 1.782E+10
  1592.500 1.782E+10
  1592.750 1.787E+10
  1593.000 1.788E+10
  1593.250 1.787E+10
  1593.500 1.785E+10
  1593.750 1.783E+10
  1594.000 1.783E+10
  1594.250 1.782E+10
  1594.500 1.782E+10
  1594.750 1.780E+10
  1595.000 1.780E+10
  1595.250 1.779E+10
  1595.500 1.778E+10
  1595.750 1.777E+10
  1596.000 1.776E+10
  1596.250 1.774E+10
  1596.500 1.773E+10
  1596.750 1.772E+10
  1597.000 1.771E+10
  1597.250 1.770E+10
  1597.500 1.770E+10
  1597.750 1.769E+10
  1598.000 1.768E+10
  1598.250 1.766E+10
  1598.500 1.763E+10
  1598.750 1.759E+10
  1599.000 1.760E+10
  1599.250 1.762E+10
  1599.500 1.762E+10
  1599.750 1.761E+10
  1600.000 1.760E+10
  1600.250 1.759E+10
  1600.500 1.757E+10
  1600.750 1.756E+10
  1601.000 1.755E+10
  1601.250 1.755E+10
  1601.500 1.754E+10
  1601.750 1.752E+10
  1602.000 1.751E+10
  1602.250 1.751E+10
  1602.500 1.749E+10
  1602.750 1.747E+10
  1603.000 1.743E+10
  1603.250 1.741E+10
  1603.500 1.744E+10
  1603.750 1.744E+10
  1604.000 1.744E+10
  1604.250 1.742E+10
  1604.500 1.741E+10
  1604.750 1.740E+10
  1605.000 1.739E+10
  1605.250 1.738E+10
  1605.500 1.734E+10
  1605.750 1.730E+10
  1606.000 1.731E+10
  1606.250 1.733E+10
  1606.500 1.730E+10
  1606.750 1.726E+10
  1607.000 1.727E+10
  1607.250 1.730E+10
  1607.500 1.728E+10
  1607.750 1.725E+10
  1608.000 1.725E+10
  1608.250 1.726E+10
  1608.500 1.725E+10
  1608.750 1.723E+10
  1609.000 1.719E+10
  1609.250 1.717E+10
  1609.500 1.719E+10
  1609.750 1.719E+10
  1610.000 1.718E+10
  1610.250 1.716E+10
  1610.500 1.715E+10
  1610.750 1.714E+10
  1611.000 1.714E+10
  1611.250 1.712E+10
  1611.500 1.709E+10
  1611.750 1.701E+10
  1612.000 1.701E+10
  1612.250 1.707E+10
  1612.500 1.708E+10
  1612.750 1.708E+10
  1613.000 1.707E+10
  1613.250 1.705E+10
  1613.500 1.705E+10
  1613.750 1.704E+10
  1614.000 1.701E+10
  1614.250 1.700E+10
  1614.500 1.700E+10
  1614.750 1.699E+10
  1615.000 1.698E+10
  1615.250 1.698E+10
  1615.500 1.698E+10
  1615.750 1.697E+10
  1616.000 1.696E+10
  1616.250 1.695E+10
  1616.500 1.694E+10
  1616.750 1.692E+10
  1617.000 1.690E+10
  1617.250 1.689E+10
  1617.500 1.689E+10
  1617.750 1.688E+10
  1618.000 1.687E+10
  1618.250 1.686E+10
  1618.500 1.686E+10
  1618.750 1.685E+10
  1619.000 1.684E+10
  1619.250 1.682E+10
  1619.500 1.680E+10
  1619.750 1.676E+10
  1620.000 1.672E+10
  1620.250 1.671E+10
  1620.500 1.673E+10
  1620.750 1.673E+10
  1621.000 1.673E+10
  1621.250 1.673E+10
  1621.500 1.673E+10
  1621.750 1.673E+10
  1622.000 1.672E+10
  1622.250 1.672E+10
  1622.500 1.671E+10
  1622.750 1.670E+10
  1623.000 1.669E+10
  1623.250 1.668E+10
  1623.500 1.666E+10
  1623.750 1.665E+10
  1624.000 1.661E+10
  1624.250 1.657E+10
  1624.500 1.659E+10
  1624.750 1.661E+10
  1625.000 1.656E+10
  1625.250 1.650E+10
  1625.500 1.653E+10
  1625.750 1.657E+10
  1626.000 1.657E+10
  1626.250 1.656E+10
  1626.500 1.655E+10
  1626.750 1.654E+10
  1627.000 1.653E+10
  1627.250 1.652E+10
  1627.500 1.651E+10
  1627.750 1.651E+10
  1628.000 1.650E+10
  1628.250 1.647E+10
  1628.500 1.643E+10
  1628.750 1.639E+10
  1629.000 1.637E+10
  1629.250 1.636E+10
  1629.500 1.634E+10
  1629.750 1.632E+10
  1630.000 1.629E+10
  1630.250 1.624E+10
  1630.500 1.613E+10
  1630.750 1.605E+10
  1631.000 1.602E+10
  1631.250 1.601E+10
  1631.500 1.599E+10
  1631.750 1.596E+10
  1632.000 1.593E+10
  1632.250 1.590E+10
  1632.500 1.587E+10
  1632.750 1.584E+10
  1633.000 1.580E+10
  1633.250 1.576E+10
  1633.500 1.572E+10
  1633.750 1.567E+10
  1634.000 1.562E+10
  1634.250 1.555E+10
  1634.500 1.546E+10
  1634.750 1.542E+10
  1635.000 1.541E+10
  1635.250 1.538E+10
  1635.500 1.533E+10
  1635.750 1.528E+10
  1636.000 1.521E+10
  1636.250 1.514E+10
  1636.500 1.506E+10
  1636.750 1.497E+10
  1637.000 1.488E+10
  1637.250 1.478E+10
  1637.500 1.467E+10
  1637.750 1.455E+10
  1638.000 1.442E+10
  1638.250 1.427E+10
  1638.500 1.410E+10
  1638.750 1.393E+10
  1639.000 1.375E+10
  1639.250 1.354E+10
  1639.500 1.330E+10
  1639.750 1.303E+10
  1640.000 1.262E+10
  1640.250 1.212E+10
  1640.500 1.198E+10
  1640.750 1.239E+10
  1641.000 1.284E+10
  1641.250 1.314E+10
  1641.500 1.338E+10
  1641.750 1.359E+10
  1642.000 1.377E+10
  1642.250 1.393E+10
  1642.500 1.407E+10
  1642.750 1.420E+10
  1643.000 1.432E+10
  1643.250 1.443E+10
  1643.500 1.453E+10
  1643.750 1.462E+10
  1644.000 1.470E+10
  1644.250 1.477E+10
  1644.500 1.484E+10
  1644.750 1.490E+10
  1645.000 1.495E+10
  1645.250 1.500E+10
  1645.500 1.504E+10
  1645.750 1.508E+10
  1646.000 1.512E+10
  1646.250 1.516E+10
  1646.500 1.518E+10
  1646.750 1.521E+10
  1647.000 1.523E+10
  1647.250 1.526E+10
  1647.500 1.528E+10
  1647.750 1.529E+10
  1648.000 1.531E+10
  1648.250 1.531E+10
  1648.500 1.528E+10
  1648.750 1.529E+10
  1649.000 1.534E+10
  1649.250 1.536E+10
  1649.500 1.536E+10
  1649.750 1.537E+10
  1650.000 1.538E+10
  1650.250 1.542E+10
  1650.500 1.553E+10
  1650.750 1.563E+10
  1651.000 1.565E+10
  1651.250 1.564E+10
  1651.500 1.562E+10
  1651.750 1.558E+10
  1652.000 1.556E+10
  1652.250 1.557E+10
  1652.500 1.557E+10
  1652.750 1.556E+10
  1653.000 1.555E+10
  1653.250 1.553E+10
  1653.500 1.550E+10
  1653.750 1.548E+10
  1654.000 1.546E+10
  1654.250 1.546E+10
  1654.500 1.543E+10
  1654.750 1.541E+10
  1655.000 1.544E+10
  1655.250 1.547E+10
  1655.500 1.547E+10
  1655.750 1.546E+10
  1656.000 1.546E+10
  1656.250 1.546E+10
  1656.500 1.545E+10
  1656.750 1.545E+10
  1657.000 1.544E+10
  1657.250 1.543E+10
  1657.500 1.542E+10
  1657.750 1.542E+10
  1658.000 1.541E+10
  1658.250 1.539E+10
  1658.500 1.537E+10
  1658.750 1.533E+10
  1659.000 1.531E+10
  1659.250 1.534E+10
  1659.500 1.535E+10
  1659.750 1.534E+10
  1660.000 1.534E+10
  1660.250 1.533E+10
  1660.500 1.532E+10
  1660.750 1.531E+10
  1661.000 1.530E+10
  1661.250 1.530E+10
  1661.500 1.529E+10
  1661.750 1.528E+10
  1662.000 1.527E+10
  1662.250 1.526E+10
  1662.500 1.525E+10
  1662.750 1.524E+10
  1663.000 1.523E+10
  1663.250 1.522E+10
  1663.500 1.521E+10
  1663.750 1.521E+10
  1664.000 1.521E+10
  1664.250 1.520E+10
  1664.500 1.519E+10
  1664.750 1.518E+10
  1665.000 1.517E+10
  1665.250 1.516E+10
  1665.500 1.516E+10
  1665.750 1.515E+10
  1666.000 1.514E+10
  1666.250 1.513E+10
  1666.500 1.512E+10
  1666.750 1.511E+10
  1667.000 1.510E+10
  1667.250 1.510E+10
  1667.500 1.509E+10
  1667.750 1.508E+10
  1668.000 1.507E+10
  1668.250 1.506E+10
  1668.500 1.505E+10
  1668.750 1.504E+10
  1669.000 1.503E+10
  1669.250 1.503E+10
  1669.500 1.502E+10
  1669.750 1.501E+10
  1670.000 1.500E+10
  1670.250 1.500E+10
  1670.500 1.499E+10
  1670.750 1.498E+10
  1671.000 1.497E+10
  1671.250 1.496E+10
  1671.500 1.495E+10
  1671.750 1.494E+10
  1672.000 1.493E+10
  1672.250 1.493E+10
  1672.500 1.492E+10
  1672.750 1.491E+10
  1673.000 1.490E+10
  1673.250 1.489E+10
  1673.500 1.488E+10
  1673.750 1.488E+10
  1674.000 1.487E+10
  1674.250 1.486E+10
  1674.500 1.485E+10
  1674.750 1.484E+10
  1675.000 1.483E+10
  1675.250 1.482E+10
  1675.500 1.482E+10
  1675.750 1.481E+10
  1676.000 1.480E+10
  1676.250 1.477E+10
  1676.500 1.475E+10
  1676.750 1.477E+10
  1677.000 1.477E+10
  1677.250 1.475E+10
  1677.500 1.475E+10
  1677.750 1.474E+10
  1678.000 1.474E+10
  1678.250 1.473E+10
  1678.500 1.472E+10
  1678.750 1.471E+10
  1679.000 1.470E+10
  1679.250 1.469E+10
  1679.500 1.468E+10
  1679.750 1.464E+10
  1680.000 1.459E+10
  1680.250 1.461E+10
  1680.500 1.464E+10
  1680.750 1.465E+10
  1681.000 1.464E+10
  1681.250 1.463E+10
  1681.500 1.462E+10
  1681.750 1.461E+10
  1682.000 1.460E+10
  1682.250 1.459E+10
  1682.500 1.456E+10
  1682.750 1.445E+10
  1683.000 1.431E+10
  1683.250 1.438E+10
  1683.500 1.451E+10
  1683.750 1.454E+10
  1684.000 1.454E+10
  1684.250 1.453E+10
  1684.500 1.452E+10
  1684.750 1.452E+10
  1685.000 1.451E+10
  1685.250 1.450E+10
  1685.500 1.449E+10
  1685.750 1.449E+10
  1686.000 1.448E+10
  1686.250 1.447E+10
  1686.500 1.446E+10
  1686.750 1.445E+10
  1687.000 1.444E+10
  1687.250 1.443E+10
  1687.500 1.443E+10
  1687.750 1.442E+10
  1688.000 1.441E+10
  1688.250 1.441E+10
  1688.500 1.440E+10
  1688.750 1.439E+10
  1689.000 1.438E+10
  1689.250 1.438E+10
  1689.500 1.437E+10
  1689.750 1.436E+10
  1690.000 1.435E+10
  1690.250 1.434E+10
  1690.500 1.433E+10
  1690.750 1.433E+10
  1691.000 1.432E+10
  1691.250 1.431E+10
  1691.500 1.430E+10
  1691.750 1.430E+10
  1692.000 1.429E+10
  1692.250 1.428E+10
  1692.500 1.427E+10
  1692.750 1.426E+10
  1693.000 1.426E+10
  1693.250 1.425E+10
  1693.500 1.424E+10
  1693.750 1.423E+10
  1694.000 1.423E+10
  1694.250 1.422E+10
  1694.500 1.421E+10
  1694.750 1.420E+10
  1695.000 1.419E+10
  1695.250 1.419E+10
  1695.500 1.418E+10
  1695.750 1.417E+10
  1696.000 1.416E+10
  1696.250 1.415E+10
  1696.500 1.415E+10
  1696.750 1.414E+10
  1697.000 1.413E+10
  1697.250 1.411E+10
  1697.500 1.411E+10
  1697.750 1.410E+10
  1698.000 1.410E+10
  1698.250 1.408E+10
  1698.500 1.402E+10
  1698.750 1.392E+10
  1699.000 1.394E+10
  1699.250 1.402E+10
  1699.500 1.404E+10
  1699.750 1.404E+10
  1700.000 1.404E+10
  1700.250 1.403E+10
  1700.500 1.402E+10
  1700.750 1.401E+10
  1701.000 1.401E+10
  1701.250 1.400E+10
  1701.500 1.399E+10
  1701.750 1.398E+10
  1702.000 1.398E+10
  1702.250 1.397E+10
  1702.500 1.396E+10
  1702.750 1.395E+10
  1703.000 1.393E+10
  1703.250 1.389E+10
  1703.500 1.386E+10
  1703.750 1.388E+10
  1704.000 1.390E+10
  1704.250 1.390E+10
  1704.500 1.390E+10
  1704.750 1.388E+10
  1705.000 1.387E+10
  1705.250 1.387E+10
  1705.500 1.387E+10
  1705.750 1.386E+10
  1706.000 1.385E+10
  1706.250 1.385E+10
  1706.500 1.384E+10
  1706.750 1.382E+10
  1707.000 1.381E+10
  1707.250 1.381E+10
  1707.500 1.381E+10
  1707.750 1.380E+10
  1708.000 1.379E+10
  1708.250 1.379E+10
  1708.500 1.378E+10
  1708.750 1.377E+10
  1709.000 1.376E+10
  1709.250 1.376E+10
  1709.500 1.375E+10
  1709.750 1.373E+10
  1710.000 1.373E+10
  1710.250 1.373E+10
  1710.500 1.372E+10
  1710.750 1.371E+10
  1711.000 1.370E+10
  1711.250 1.369E+10
  1711.500 1.368E+10
  1711.750 1.368E+10
  1712.000 1.367E+10
  1712.250 1.366E+10
  1712.500 1.365E+10
  1712.750 1.364E+10
  1713.000 1.364E+10
  1713.250 1.363E+10
  1713.500 1.362E+10
  1713.750 1.361E+10
  1714.000 1.361E+10
  1714.250 1.360E+10
  1714.500 1.359E+10
  1714.750 1.358E+10
  1715.000 1.357E+10
  1715.250 1.357E+10
  1715.500 1.356E+10
  1715.750 1.355E+10
  1716.000 1.354E+10
  1716.250 1.353E+10
  1716.500 1.352E+10
  1716.750 1.351E+10
  1717.000 1.350E+10
  1717.250 1.349E+10
  1717.500 1.348E+10
  1717.750 1.347E+10
  1718.000 1.346E+10
  1718.250 1.345E+10
  1718.500 1.344E+10
  1718.750 1.343E+10
  1719.000 1.341E+10
  1719.250 1.340E+10
  1719.500 1.337E+10
  1719.750 1.335E+10
  1720.000 1.332E+10
  1720.250 1.328E+10
  1720.500 1.323E+10
  1720.750 1.316E+10
  1721.000 1.304E+10
  1721.250 1.283E+10
  1721.500 1.244E+10
  1721.750 1.166E+10
  1722.000 1.075E+10
  1722.250 1.089E+10
  1722.500 1.175E+10
  1722.750 1.242E+10
  1723.000 1.280E+10
  1723.250 1.299E+10
  1723.500 1.309E+10
  1723.750 1.315E+10
  1724.000 1.318E+10
  1724.250 1.320E+10
  1724.500 1.321E+10
  1724.750 1.322E+10
  1725.000 1.323E+10
  1725.250 1.323E+10
  1725.500 1.323E+10
  1725.750 1.323E+10
  1726.000 1.322E+10
  1726.250 1.322E+10
  1726.500 1.321E+10
  1726.750 1.319E+10
  1727.000 1.312E+10
  1727.250 1.301E+10
  1727.500 1.300E+10
  1727.750 1.311E+10
  1728.000 1.316E+10
  1728.250 1.317E+10
  1728.500 1.317E+10
  1728.750 1.317E+10
  1729.000 1.316E+10
  1729.250 1.316E+10
  1729.500 1.315E+10
  1729.750 1.314E+10
  1730.000 1.313E+10
  1730.250 1.313E+10
  1730.500 1.312E+10
  1730.750 1.310E+10
  1731.000 1.310E+10
  1731.250 1.310E+10
  1731.500 1.309E+10
  1731.750 1.308E+10
  1732.000 1.308E+10
  1732.250 1.308E+10
  1732.500 1.307E+10
  1732.750 1.302E+10
  1733.000 1.299E+10
  1733.250 1.303E+10
  1733.500 1.305E+10
  1733.750 1.304E+10
  1734.000 1.304E+10
  1734.250 1.303E+10
  1734.500 1.302E+10
  1734.750 1.302E+10
  1735.000 1.301E+10
  1735.250 1.300E+10
  1735.500 1.299E+10
  1735.750 1.299E+10
  1736.000 1.298E+10
  1736.250 1.297E+10
  1736.500 1.297E+10
  1736.750 1.296E+10
  1737.000 1.295E+10
  1737.250 1.294E+10
  1737.500 1.294E+10
  1737.750 1.293E+10
  1738.000 1.292E+10
  1738.250 1.290E+10
  1738.500 1.284E+10
  1738.750 1.275E+10
  1739.000 1.277E+10
  1739.250 1.285E+10
  1739.500 1.287E+10
  1739.750 1.287E+10
  1740.000 1.287E+10
  1740.250 1.286E+10
  1740.500 1.285E+10
  1740.750 1.285E+10
  1741.000 1.284E+10
  1741.250 1.283E+10
  1741.500 1.283E+10
  1741.750 1.282E+10
  1742.000 1.281E+10
  1742.250 1.281E+10
  1742.500 1.280E+10
  1742.750 1.279E+10
  1743.000 1.278E+10
  1743.250 1.278E+10
  1743.500 1.277E+10
  1743.750 1.276E+10
  1744.000 1.275E+10
  1744.250 1.275E+10
  1744.500 1.274E+10
  1744.750 1.274E+10
  1745.000 1.273E+10
  1745.250 1.272E+10
  1745.500 1.272E+10
  1745.750 1.269E+10
  1746.000 1.261E+10
  1746.250 1.259E+10
  1746.500 1.266E+10
  1746.750 1.268E+10
  1747.000 1.267E+10
  1747.250 1.264E+10
  1747.500 1.260E+10
  1747.750 1.261E+10
  1748.000 1.263E+10
  1748.250 1.264E+10
  1748.500 1.261E+10
  1748.750 1.255E+10
  1749.000 1.253E+10
  1749.250 1.258E+10
  1749.500 1.260E+10
  1749.750 1.260E+10
  1750.000 1.259E+10
  1750.250 1.259E+10
  1750.500 1.258E+10
  1750.750 1.257E+10
  1751.000 1.257E+10
  1751.250 1.255E+10
  1751.500 1.253E+10
  1751.750 1.252E+10
  1752.000 1.253E+10
  1752.250 1.253E+10
  1752.500 1.253E+10
  1752.750 1.252E+10
  1753.000 1.251E+10
  1753.250 1.251E+10
  1753.500 1.250E+10
  1753.750 1.250E+10
  1754.000 1.249E+10
  1754.250 1.248E+10
  1754.500 1.248E+10
  1754.750 1.247E+10
  1755.000 1.246E+10
  1755.250 1.245E+10
  1755.500 1.244E+10
  1755.750 1.244E+10
  1756.000 1.244E+10
  1756.250 1.243E+10
  1756.500 1.242E+10
  1756.750 1.242E+10
  1757.000 1.241E+10
  1757.250 1.240E+10
  1757.500 1.239E+10
  1757.750 1.239E+10
  1758.000 1.238E+10
  1758.250 1.237E+10
  1758.500 1.237E+10
  1758.750 1.236E+10
  1759.000 1.236E+10
  1759.250 1.235E+10
  1759.500 1.234E+10
  1759.750 1.234E+10
  1760.000 1.233E+10
  1760.250 1.231E+10
  1760.500 1.231E+10
  1760.750 1.230E+10
  1761.000 1.230E+10
  1761.250 1.230E+10
  1761.500 1.229E+10
  1761.750 1.228E+10
  1762.000 1.228E+10
  1762.250 1.226E+10
  1762.500 1.222E+10
  1762.750 1.222E+10
  1763.000 1.224E+10
  1763.250 1.224E+10
  1763.500 1.224E+10
  1763.750 1.223E+10
  1764.000 1.222E+10
  1764.250 1.222E+10
  1764.500 1.221E+10
  1764.750 1.220E+10
  1765.000 1.220E+10
  1765.250 1.219E+10
  1765.500 1.216E+10
  1765.750 1.213E+10
  1766.000 1.214E+10
  1766.250 1.216E+10
  1766.500 1.215E+10
  1766.750 1.214E+10
  1767.000 1.214E+10
  1767.250 1.214E+10
  1767.500 1.213E+10
  1767.750 1.213E+10
  1768.000 1.212E+10
  1768.250 1.212E+10
  1768.500 1.211E+10
  1768.750 1.210E+10
  1769.000 1.210E+10
  1769.250 1.209E+10
  1769.500 1.208E+10
  1769.750 1.208E+10
  1770.000 1.207E+10
  1770.250 1.207E+10
  1770.500 1.206E+10
  1770.750 1.205E+10
  1771.000 1.205E+10
  1771.250 1.204E+10
  1771.500 1.203E+10
  1771.750 1.203E+10
  1772.000 1.202E+10
  1772.250 1.201E+10
  1772.500 1.201E+10
  1772.750 1.200E+10
  1773.000 1.199E+10
  1773.250 1.198E+10
  1773.500 1.198E+10
  1773.750 1.197E+10
  1774.000 1.197E+10
  1774.250 1.196E+10
  1774.500 1.196E+10
  1774.750 1.195E+10
  1775.000 1.194E+10
  1775.250 1.194E+10
  1775.500 1.193E+10
  1775.750 1.193E+10
  1776.000 1.192E+10
  1776.250 1.191E+10
  1776.500 1.191E+10
  1776.750 1.190E+10
  1777.000 1.189E+10
  1777.250 1.189E+10
  1777.500 1.188E+10
  1777.750 1.188E+10
  1778.000 1.187E+10
  1778.250 1.186E+10
  1778.500 1.186E+10
  1778.750 1.185E+10
  1779.000 1.184E+10
  1779.250 1.184E+10
  1779.500 1.183E+10
  1779.750 1.183E+10
  1780.000 1.182E+10
  1780.250 1.181E+10
  1780.500 1.181E+10
  1780.750 1.180E+10
  1781.000 1.179E+10
  1781.250 1.179E+10
  1781.500 1.178E+10
  1781.750 1.177E+10
  1782.000 1.177E+10
  1782.250 1.176E+10
  1782.500 1.175E+10
  1782.750 1.174E+10
  1783.000 1.170E+10
  1783.250 1.167E+10
  1783.500 1.169E+10
  1783.750 1.172E+10
  1784.000 1.172E+10
  1784.250 1.171E+10
  1784.500 1.171E+10
  1784.750 1.170E+10
  1785.000 1.169E+10
  1785.250 1.168E+10
  1785.500 1.168E+10
  1785.750 1.168E+10
  1786.000 1.167E+10
  1786.250 1.167E+10
  1786.500 1.166E+10
  1786.750 1.165E+10
  1787.000 1.165E+10
  1787.250 1.164E+10
  1787.500 1.163E+10
  1787.750 1.162E+10
  1788.000 1.161E+10
  1788.250 1.161E+10
  1788.500 1.161E+10
  1788.750 1.160E+10
  1789.000 1.160E+10
  1789.250 1.159E+10
  1789.500 1.159E+10
  1789.750 1.158E+10
  1790.000 1.157E+10
  1790.250 1.157E+10
  1790.500 1.156E+10
  1790.750 1.156E+10
  1791.000 1.155E+10
  1791.250 1.154E+10
  1791.500 1.154E+10
  1791.750 1.153E+10
  1792.000 1.152E+10
  1792.250 1.152E+10
  1792.500 1.151E+10
  1792.750 1.151E+10
  1793.000 1.150E+10
  1793.250 1.149E+10
  1793.500 1.149E+10
  1793.750 1.148E+10
  1794.000 1.148E+10
  1794.250 1.146E+10
  1794.500 1.145E+10
  1794.750 1.144E+10
  1795.000 1.145E+10
  1795.250 1.144E+10
  1795.500 1.144E+10
  1795.750 1.143E+10
  1796.000 1.142E+10
  1796.250 1.142E+10
  1796.500 1.141E+10
  1796.750 1.141E+10
  1797.000 1.140E+10
  1797.250 1.139E+10
  1797.500 1.138E+10
  1797.750 1.138E+10
  1798.000 1.138E+10
  1798.250 1.137E+10
  1798.500 1.137E+10
  1798.750 1.135E+10
  1799.000 1.134E+10
  1799.250 1.135E+10
  1799.500 1.134E+10
  1799.750 1.134E+10
  1800.000 1.133E+10
  1800.250 1.130E+10
  1800.500 1.124E+10
  1800.750 1.123E+10
  1801.000 1.128E+10
  1801.250 1.130E+10
  1801.500 1.130E+10
  1801.750 1.129E+10
  1802.000 1.129E+10
  1802.250 1.128E+10
  1802.500 1.128E+10
  1802.750 1.127E+10
  1803.000 1.126E+10
  1803.250 1.126E+10
  1803.500 1.125E+10
  1803.750 1.125E+10
  1804.000 1.124E+10
  1804.250 1.124E+10
  1804.500 1.123E+10
  1804.750 1.122E+10
  1805.000 1.122E+10
  1805.250 1.121E+10
  1805.500 1.121E+10
  1805.750 1.120E+10
  1806.000 1.119E+10
  1806.250 1.119E+10
  1806.500 1.118E+10
  1806.750 1.117E+10
  1807.000 1.116E+10
  1807.250 1.116E+10
  1807.500 1.114E+10
  1807.750 1.114E+10
  1808.000 1.114E+10
  1808.250 1.113E+10
  1808.500 1.111E+10
  1808.750 1.111E+10
  1809.000 1.112E+10
  1809.250 1.112E+10
  1809.500 1.111E+10
  1809.750 1.111E+10
  1810.000 1.110E+10
  1810.250 1.110E+10
  1810.500 1.109E+10
  1810.750 1.108E+10
  1811.000 1.108E+10
  1811.250 1.107E+10
  1811.500 1.107E+10
  1811.750 1.106E+10
  1812.000 1.106E+10
  1812.250 1.105E+10
  1812.500 1.104E+10
  1812.750 1.104E+10
  1813.000 1.103E+10
  1813.250 1.103E+10
  1813.500 1.102E+10
  1813.750 1.102E+10
  1814.000 1.101E+10
  1814.250 1.100E+10
  1814.500 1.100E+10
  1814.750 1.099E+10
  1815.000 1.099E+10
  1815.250 1.098E+10
  1815.500 1.097E+10
  1815.750 1.096E+10
  1816.000 1.092E+10
  1816.250 1.090E+10
  1816.500 1.093E+10
  1816.750 1.094E+10
  1817.000 1.094E+10
  1817.250 1.094E+10
  1817.500 1.093E+10
  1817.750 1.093E+10
  1818.000 1.092E+10
  1818.250 1.091E+10
  1818.500 1.091E+10
  1818.750 1.090E+10
  1819.000 1.090E+10
  1819.250 1.089E+10
  1819.500 1.088E+10
  1819.750 1.088E+10
  1820.000 1.087E+10
  1820.250 1.086E+10
  1820.500 1.085E+10
  1820.750 1.085E+10
  1821.000 1.085E+10
  1821.250 1.085E+10
  1821.500 1.084E+10
  1821.750 1.084E+10
  1822.000 1.083E+10
  1822.250 1.082E+10
  1822.500 1.082E+10
  1822.750 1.081E+10
  1823.000 1.081E+10
  1823.250 1.080E+10
  1823.500 1.080E+10
  1823.750 1.079E+10
  1824.000 1.079E+10
  1824.250 1.078E+10
  1824.500 1.077E+10
  1824.750 1.077E+10
  1825.000 1.076E+10
  1825.250 1.076E+10
  1825.500 1.075E+10
  1825.750 1.075E+10
  1826.000 1.074E+10
  1826.250 1.073E+10
  1826.500 1.073E+10
  1826.750 1.072E+10
  1827.000 1.072E+10
  1827.250 1.071E+10
  1827.500 1.071E+10
  1827.750 1.070E+10
  1828.000 1.069E+10
  1828.250 1.069E+10
  1828.500 1.069E+10
  1828.750 1.068E+10
  1829.000 1.068E+10
  1829.250 1.067E+10
  1829.500 1.066E+10
  1829.750 1.066E+10
  1830.000 1.065E+10
  1830.250 1.065E+10
  1830.500 1.064E+10
  1830.750 1.064E+10
  1831.000 1.063E+10
  1831.250 1.063E+10
  1831.500 1.062E+10
  1831.750 1.062E+10
  1832.000 1.061E+10
  1832.250 1.060E+10
  1832.500 1.060E+10
  1832.750 1.059E+10
  1833.000 1.059E+10
  1833.250 1.058E+10
  1833.500 1.058E+10
  1833.750 1.057E+10
  1834.000 1.057E+10
  1834.250 1.056E+10
  1834.500 1.056E+10
  1834.750 1.055E+10
  1835.000 1.055E+10
  1835.250 1.054E+10
  1835.500 1.053E+10
  1835.750 1.053E+10
  1836.000 1.052E+10
  1836.250 1.052E+10
  1836.500 1.051E+10
  1836.750 1.051E+10
  1837.000 1.050E+10
  1837.250 1.048E+10
  1837.500 1.047E+10
  1837.750 1.047E+10
  1838.000 1.047E+10
  1838.250 1.046E+10
  1838.500 1.044E+10
  1838.750 1.044E+10
  1839.000 1.045E+10
  1839.250 1.045E+10
  1839.500 1.045E+10
  1839.750 1.044E+10
  1840.000 1.043E+10
  1840.250 1.043E+10
  1840.500 1.043E+10
  1840.750 1.042E+10
  1841.000 1.041E+10
  1841.250 1.041E+10
  1841.500 1.040E+10
  1841.750 1.039E+10
  1842.000 1.036E+10
  1842.250 1.032E+10
  1842.500 1.031E+10
  1842.750 1.035E+10
  1843.000 1.036E+10
  1843.250 1.036E+10
  1843.500 1.036E+10
  1843.750 1.035E+10
  1844.000 1.034E+10
  1844.250 1.033E+10
  1844.500 1.033E+10
  1844.750 1.032E+10
  1845.000 1.031E+10
  1845.250 1.030E+10
  1845.500 1.029E+10
  1845.750 1.027E+10
  1846.000 1.026E+10
  1846.250 1.023E+10
  1846.500 1.020E+10
  1846.750 1.017E+10
  1847.000 1.015E+10
  1847.250 1.016E+10
  1847.500 1.018E+10
  1847.750 1.021E+10
  1848.000 1.022E+10
  1848.250 1.023E+10
  1848.500 1.023E+10
  1848.750 1.023E+10
  1849.000 1.023E+10
  1849.250 1.022E+10
  1849.500 1.021E+10
  1849.750 1.021E+10
  1850.000 1.020E+10
