   850.000 1.115E+11
   850.250 1.115E+11
   850.500 1.114E+11
   850.750 1.113E+11
   851.000 1.112E+11
   851.250 1.110E+11
   851.500 1.108E+11
   851.750 1.103E+11
   852.000 1.087E+11
   852.250 1.079E+11
   852.500 1.096E+11
   852.750 1.102E+11
   853.000 1.101E+11
   853.250 1.101E+11
   853.500 1.101E+11
   853.750 1.100E+11
   854.000 1.099E+11
   854.250 1.098E+11
   854.500 1.089E+11
   854.750 1.072E+11
   855.000 1.075E+11
   855.250 1.089E+11
   855.500 1.093E+11
   855.750 1.092E+11
   856.000 1.091E+11
   856.250 1.090E+11
   856.500 1.089E+11
   856.750 1.088E+11
   857.000 1.087E+11
   857.250 1.086E+11
   857.500 1.079E+11
   857.750 1.061E+11
   858.000 1.060E+11
   858.250 1.076E+11
   858.500 1.081E+11
   858.750 1.080E+11
   859.000 1.079E+11
   859.250 1.078E+11
   859.500 1.077E+11
   859.750 1.076E+11
   860.000 1.076E+11
   860.250 1.074E+11
   860.500 1.072E+11
   860.750 1.071E+11
   861.000 1.071E+11
   861.250 1.070E+11
   861.500 1.068E+11
   861.750 1.067E+11
   862.000 1.067E+11
   862.250 1.066E+11
   862.500 1.066E+11
   862.750 1.065E+11
   863.000 1.063E+11
   863.250 1.062E+11
   863.500 1.062E+11
   863.750 1.061E+11
   864.000 1.060E+11
   864.250 1.059E+11
   864.500 1.058E+11
   864.750 1.057E+11
   865.000 1.055E+11
   865.250 1.048E+11
   865.500 1.043E+11
   865.750 1.049E+11
   866.000 1.052E+11
   866.250 1.051E+11
   866.500 1.050E+11
   866.750 1.049E+11
   867.000 1.048E+11
   867.250 1.047E+11
   867.500 1.046E+11
   867.750 1.046E+11
   868.000 1.045E+11
   868.250 1.044E+11
   868.500 1.043E+11
   868.750 1.042E+11
   869.000 1.041E+11
   869.250 1.040E+11
   869.500 1.039E+11
   869.750 1.038E+11
   870.000 1.037E+11
   870.250 1.036E+11
   870.500 1.035E+11
   870.750 1.034E+11
   871.000 1.029E+11
   871.250 1.016E+11
   871.500 1.015E+11
   871.750 1.026E+11
   872.000 1.027E+11
   872.250 1.025E+11
   872.500 1.026E+11
   872.750 1.027E+11
   873.000 1.026E+11
   873.250 1.025E+11
   873.500 1.024E+11
   873.750 1.023E+11
   874.000 1.022E+11
   874.250 1.021E+11
   874.500 1.021E+11
   874.750 1.020E+11
   875.000 1.019E+11
   875.250 1.018E+11
   875.500 1.017E+11
   875.750 1.016E+11
   876.000 1.015E+11
   876.250 1.014E+11
   876.500 1.013E+11
   876.750 1.012E+11
   877.000 1.011E+11
   877.250 1.011E+11
   877.500 1.010E+11
   877.750 1.009E+11
   878.000 1.007E+11
   878.250 1.005E+11
   878.500 1.005E+11
   878.750 1.005E+11
   879.000 1.004E+11
   879.250 1.003E+11
   879.500 1.002E+11
   879.750 1.002E+11
   880.000 1.001E+11
   880.250 9.998E+10
   880.500 9.989E+10
   880.750 9.979E+10
   881.000 9.970E+10
   881.250 9.961E+10
   881.500 9.953E+10
   881.750 9.944E+10
   882.000 9.935E+10
   882.250 9.926E+10
   882.500 9.915E+10
   882.750 9.893E+10
   883.000 9.847E+10
   883.250 9.791E+10
   883.500 9.737E+10
   883.750 9.787E+10
   884.000 9.838E+10
   884.250 9.786E+10
   884.500 9.741E+10
   884.750 9.795E+10
   885.000 9.823E+10
   885.250 9.815E+10
   885.500 9.778E+10
   885.750 9.730E+10
   886.000 9.752E+10
   886.250 9.779E+10
   886.500 9.776E+10
   886.750 9.768E+10
   887.000 9.759E+10
   887.250 9.750E+10
   887.500 9.742E+10
   887.750 9.733E+10
   888.000 9.724E+10
   888.250 9.715E+10
   888.500 9.706E+10
   888.750 9.696E+10
   889.000 9.686E+10
   889.250 9.679E+10
   889.500 9.671E+10
   889.750 9.662E+10
   890.000 9.653E+10
   890.250 9.644E+10
   890.500 9.634E+10
   890.750 9.623E+10
   891.000 9.613E+10
   891.250 9.601E+10
   891.500 9.585E+10
   891.750 9.561E+10
   892.000 9.493E+10
   892.250 9.182E+10
   892.500 8.476E+10
   892.750 8.425E+10
   893.000 9.116E+10
   893.250 9.442E+10
   893.500 9.501E+10
   893.750 9.507E+10
   894.000 9.487E+10
   894.250 9.434E+10
   894.500 9.438E+10
   894.750 9.471E+10
   895.000 9.472E+10
   895.250 9.470E+10
   895.500 9.465E+10
   895.750 9.459E+10
   896.000 9.451E+10
   896.250 9.442E+10
   896.500 9.435E+10
   896.750 9.427E+10
   897.000 9.419E+10
   897.250 9.411E+10
   897.500 9.403E+10
   897.750 9.395E+10
   898.000 9.386E+10
   898.250 9.378E+10
   898.500 9.370E+10
   898.750 9.362E+10
   899.000 9.354E+10
   899.250 9.345E+10
   899.500 9.336E+10
   899.750 9.329E+10
   900.000 9.321E+10
   900.250 9.312E+10
   900.500 9.300E+10
   900.750 9.274E+10
   901.000 9.263E+10
   901.250 9.272E+10
   901.500 9.271E+10
   901.750 9.264E+10
   902.000 9.256E+10
   902.250 9.246E+10
   902.500 9.217E+10
   902.750 9.165E+10
   903.000 9.171E+10
   903.250 9.205E+10
   903.500 9.207E+10
   903.750 9.199E+10
   904.000 9.191E+10
   904.250 9.183E+10
   904.500 9.176E+10
   904.750 9.167E+10
   905.000 9.159E+10
   905.250 9.149E+10
   905.500 9.122E+10
   905.750 9.050E+10
   906.000 9.036E+10
   906.250 9.094E+10
   906.500 9.109E+10
   906.750 9.103E+10
   907.000 9.096E+10
   907.250 9.088E+10
   907.500 9.080E+10
   907.750 9.072E+10
   908.000 9.064E+10
   908.250 9.056E+10
   908.500 9.048E+10
   908.750 9.039E+10
   909.000 9.031E+10
   909.250 9.024E+10
   909.500 9.014E+10
   909.750 9.005E+10
   910.000 8.999E+10
   910.250 8.993E+10
   910.500 8.985E+10
   910.750 8.977E+10
   911.000 8.968E+10
   911.250 8.958E+10
   911.500 8.940E+10
   911.750 8.890E+10
   912.000 8.800E+10
   912.250 8.735E+10
   912.500 8.713E+10
   912.750 8.703E+10
   913.000 8.694E+10
   913.250 8.686E+10
   913.500 8.678E+10
   913.750 8.668E+10
   914.000 8.654E+10
   914.250 8.639E+10
   914.500 8.630E+10
   914.750 8.618E+10
   915.000 8.599E+10
   915.250 8.597E+10
   915.500 8.597E+10
   915.750 8.591E+10
   916.000 8.584E+10
   916.250 8.576E+10
   916.500 8.569E+10
   916.750 8.559E+10
   917.000 8.555E+10
   917.250 8.544E+10
   917.500 8.543E+10
   917.750 8.522E+10
   918.000 8.537E+10
   918.250 8.500E+10
   918.500 8.525E+10
   918.750 8.507E+10
   919.000 8.465E+10
   919.250 8.529E+10
   919.500 8.480E+10
   919.750 8.426E+10
   920.000 8.518E+10
   920.250 8.501E+10
   920.500 8.378E+10
   920.750 8.430E+10
   921.000 8.536E+10
   921.250 8.481E+10
   921.500 8.335E+10
   921.750 8.390E+10
   922.000 8.527E+10
   922.250 8.535E+10
   922.500 8.400E+10
   922.750 8.266E+10
   923.000 8.378E+10
   923.250 8.493E+10
   923.500 8.519E+10
   923.750 8.471E+10
   924.000 8.289E+10
   924.250 8.261E+10
   924.500 8.452E+10
   924.750 8.542E+10
   925.000 8.545E+10
   925.250 8.509E+10
   925.500 8.363E+10
   925.750 8.134E+10
   926.000 8.192E+10
   926.250 8.395E+10
   926.500 8.482E+10
   926.750 8.519E+10
   927.000 8.543E+10
   927.250 8.534E+10
   927.500 8.395E+10
   927.750 8.142E+10
   928.000 8.203E+10
   928.250 8.465E+10
   928.500 8.555E+10
   928.750 8.549E+10
   929.000 8.518E+10
   929.250 8.472E+10
   929.500 8.413E+10
   929.750 8.322E+10
   930.000 8.121E+10
   930.250 7.817E+10
   930.500 7.814E+10
   930.750 8.029E+10
   931.000 8.147E+10
   931.250 8.226E+10
   931.500 8.302E+10
   931.750 8.371E+10
   932.000 8.424E+10
   932.250 8.449E+10
   932.500 8.420E+10
   932.750 8.257E+10
   933.000 7.786E+10
   933.250 7.081E+10
   933.500 7.021E+10
   933.750 7.715E+10
   934.000 8.284E+10
   934.250 8.535E+10
   934.500 8.620E+10
   934.750 8.633E+10
   935.000 8.607E+10
   935.250 8.554E+10
   935.500 8.479E+10
   935.750 8.386E+10
   936.000 8.273E+10
   936.250 8.144E+10
   936.500 8.002E+10
   936.750 7.837E+10
   937.000 7.609E+10
   937.250 7.288E+10
   937.500 7.113E+10
   937.750 7.166E+10
   938.000 7.283E+10
   938.250 7.444E+10
   938.500 7.615E+10
   938.750 7.780E+10
   939.000 7.938E+10
   939.250 8.086E+10
   939.500 8.232E+10
   939.750 8.371E+10
   940.000 8.497E+10
   940.250 8.614E+10
   940.500 8.719E+10
   940.750 8.811E+10
   941.000 8.893E+10
   941.250 8.963E+10
   941.500 9.010E+10
   941.750 9.011E+10
   942.000 8.860E+10
   942.250 8.330E+10
   942.500 7.833E+10
   942.750 8.262E+10
   943.000 8.882E+10
   943.250 9.102E+10
   943.500 9.116E+10
   943.750 9.001E+10
   944.000 8.628E+10
   944.250 7.796E+10
   944.500 7.115E+10
   944.750 7.616E+10
   945.000 8.446E+10
   945.250 8.816E+10
   945.500 8.902E+10
   945.750 8.887E+10
   946.000 8.828E+10
   946.250 8.744E+10
   946.500 8.641E+10
   946.750 8.522E+10
   947.000 8.390E+10
   947.250 8.243E+10
   947.500 8.077E+10
   947.750 7.846E+10
   948.000 7.509E+10
   948.250 7.317E+10
   948.500 7.273E+10
   948.750 7.119E+10
   949.000 6.869E+10
   949.250 6.584E+10
   949.500 6.429E+10
   949.750 6.424E+10
   950.000 6.520E+10
   950.250 6.699E+10
   950.500 6.906E+10
   950.750 7.111E+10
   951.000 7.310E+10
   951.250 7.500E+10
   951.500 7.682E+10
   951.750 7.854E+10
   952.000 8.016E+10
   952.250 8.166E+10
   952.500 8.306E+10
   952.750 8.441E+10
   953.000 8.569E+10
   953.250 8.686E+10
   953.500 8.793E+10
   953.750 8.892E+10
   954.000 8.983E+10
   954.250 9.066E+10
   954.500 9.143E+10
   954.750 9.213E+10
   955.000 9.276E+10
   955.250 9.334E+10
   955.500 9.386E+10
   955.750 9.432E+10
   956.000 9.471E+10
   956.250 9.503E+10
   956.500 9.514E+10
   956.750 9.418E+10
   957.000 9.279E+10
   957.250 9.393E+10
   957.500 9.477E+10
   957.750 9.397E+10
   958.000 9.168E+10
   958.250 8.625E+10
   958.500 7.711E+10
   958.750 7.334E+10
   959.000 8.065E+10
   959.250 8.883E+10
   959.500 9.319E+10
   959.750 9.518E+10
   960.000 9.620E+10
   960.250 9.679E+10
   960.500 9.715E+10
   960.750 9.740E+10
   961.000 9.755E+10
   961.250 9.763E+10
   961.500 9.766E+10
   961.750 9.766E+10
   962.000 9.762E+10
   962.250 9.755E+10
   962.500 9.747E+10
   962.750 9.737E+10
   963.000 9.725E+10
   963.250 9.711E+10
   963.500 9.695E+10
   963.750 9.676E+10
   964.000 9.655E+10
   964.250 9.632E+10
   964.500 9.606E+10
   964.750 9.578E+10
   965.000 9.547E+10
   965.250 9.513E+10
   965.500 9.475E+10
   965.750 9.434E+10
   966.000 9.390E+10
   966.250 9.342E+10
   966.500 9.289E+10
   966.750 9.232E+10
   967.000 9.168E+10
   967.250 9.100E+10
   967.500 9.025E+10
   967.750 8.944E+10
   968.000 8.856E+10
   968.250 8.758E+10
   968.500 8.650E+10
   968.750 8.533E+10
   969.000 8.413E+10
   969.250 8.284E+10
   969.500 8.140E+10
   969.750 7.987E+10
   970.000 7.827E+10
   970.250 7.658E+10
   970.500 7.487E+10
   970.750 7.319E+10
   971.000 7.138E+10
   971.250 6.931E+10
   971.500 6.748E+10
   971.750 6.531E+10
   972.000 6.216E+10
   972.250 6.015E+10
   972.500 5.985E+10
   972.750 6.091E+10
   973.000 6.302E+10
   973.250 6.530E+10
   973.500 6.746E+10
   973.750 6.949E+10
   974.000 7.142E+10
   974.250 7.324E+10
   974.500 7.498E+10
   974.750 7.659E+10
   975.000 7.802E+10
   975.250 7.886E+10
   975.500 7.802E+10
   975.750 7.802E+10
   976.000 8.123E+10
   976.250 8.357E+10
   976.500 8.458E+10
   976.750 8.473E+10
   977.000 8.456E+10
   977.250 8.592E+10
   977.500 8.736E+10
   977.750 8.813E+10
   978.000 8.874E+10
   978.250 8.926E+10
   978.500 8.974E+10
   978.750 9.016E+10
   979.000 9.053E+10
   979.250 9.089E+10
   979.500 9.125E+10
   979.750 9.163E+10
   980.000 9.199E+10
   980.250 9.230E+10
   980.500 9.258E+10
   980.750 9.281E+10
   981.000 9.298E+10
   981.250 9.312E+10
   981.500 9.321E+10
   981.750 9.326E+10
   982.000 9.331E+10
   982.250 9.334E+10
   982.500 9.330E+10
   982.750 9.334E+10
   983.000 9.347E+10
   983.250 9.351E+10
   983.500 9.350E+10
   983.750 9.340E+10
   984.000 9.310E+10
   984.250 9.312E+10
   984.500 9.337E+10
   984.750 9.343E+10
   985.000 9.342E+10
   985.250 9.338E+10
   985.500 9.321E+10
   985.750 9.262E+10
   986.000 9.141E+10
   986.250 9.089E+10
   986.500 9.224E+10
   986.750 9.297E+10
   987.000 9.299E+10
   987.250 9.289E+10
   987.500 9.271E+10
   987.750 9.243E+10
   988.000 9.238E+10
   988.250 9.238E+10
   988.500 9.223E+10
   988.750 9.204E+10
   989.000 9.186E+10
   989.250 9.161E+10
   989.500 9.132E+10
   989.750 9.101E+10
   990.000 9.062E+10
   990.250 9.009E+10
   990.500 8.939E+10
   990.750 8.847E+10
   991.000 8.718E+10
   991.250 8.530E+10
   991.500 8.246E+10
   991.750 7.796E+10
   992.000 7.087E+10
   992.250 6.346E+10
   992.500 6.389E+10
   992.750 7.147E+10
   993.000 7.818E+10
   993.250 8.235E+10
   993.500 8.493E+10
   993.750 8.660E+10
   994.000 8.770E+10
   994.250 8.847E+10
   994.500 8.901E+10
   994.750 8.938E+10
   995.000 8.960E+10
   995.250 8.972E+10
   995.500 8.986E+10
   995.750 8.997E+10
   996.000 9.002E+10
   996.250 9.003E+10
   996.500 8.999E+10
   996.750 8.987E+10
   997.000 8.983E+10
   997.250 8.977E+10
   997.500 8.944E+10
   997.750 8.930E+10
   998.000 8.936E+10
   998.250 8.913E+10
   998.500 8.850E+10
   998.750 8.697E+10
   999.000 8.264E+10
   999.250 7.418E+10
   999.500 6.887E+10
   999.750 7.401E+10
  1000.000 8.232E+10
  1000.250 8.636E+10
  1000.500 8.747E+10
  1000.750 8.661E+10
  1001.000 8.621E+10
  1001.250 8.802E+10
  1001.500 8.889E+10
  1001.750 8.897E+10
  1002.000 8.895E+10
  1002.250 8.893E+10
  1002.500 8.893E+10
  1002.750 8.892E+10
  1003.000 8.887E+10
  1003.250 8.880E+10
  1003.500 8.872E+10
  1003.750 8.864E+10
  1004.000 8.860E+10
  1004.250 8.853E+10
  1004.500 8.845E+10
  1004.750 8.836E+10
  1005.000 8.821E+10
  1005.250 8.803E+10
  1005.500 8.796E+10
  1005.750 8.793E+10
  1006.000 8.788E+10
  1006.250 8.780E+10
  1006.500 8.771E+10
  1006.750 8.761E+10
  1007.000 8.752E+10
  1007.250 8.742E+10
  1007.500 8.732E+10
  1007.750 8.722E+10
  1008.000 8.712E+10
  1008.250 8.699E+10
  1008.500 8.668E+10
  1008.750 8.638E+10
  1009.000 8.650E+10
  1009.250 8.657E+10
  1009.500 8.647E+10
  1009.750 8.635E+10
  1010.000 8.623E+10
  1010.250 8.610E+10
  1010.500 8.595E+10
  1010.750 8.583E+10
  1011.000 8.576E+10
  1011.250 8.564E+10
  1011.500 8.549E+10
  1011.750 8.539E+10
  1012.000 8.528E+10
  1012.250 8.515E+10
  1012.500 8.501E+10
  1012.750 8.487E+10
  1013.000 8.472E+10
  1013.250 8.457E+10
  1013.500 8.442E+10
  1013.750 8.426E+10
  1014.000 8.410E+10
  1014.250 8.392E+10
  1014.500 8.372E+10
  1014.750 8.354E+10
  1015.000 8.334E+10
  1015.250 8.309E+10
  1015.500 8.281E+10
  1015.750 8.251E+10
  1016.000 8.216E+10
  1016.250 8.195E+10
  1016.500 8.171E+10
  1016.750 8.119E+10
  1017.000 8.088E+10
  1017.250 8.091E+10
  1017.500 8.072E+10
  1017.750 8.040E+10
  1018.000 8.005E+10
  1018.250 7.965E+10
  1018.500 7.888E+10
  1018.750 7.762E+10
  1019.000 7.748E+10
  1019.250 7.782E+10
  1019.500 7.754E+10
  1019.750 7.706E+10
  1020.000 7.651E+10
  1020.250 7.590E+10
  1020.500 7.527E+10
  1020.750 7.451E+10
  1021.000 7.366E+10
  1021.250 7.300E+10
  1021.500 7.226E+10
  1021.750 7.126E+10
  1022.000 7.038E+10
  1022.250 6.957E+10
  1022.500 6.855E+10
  1022.750 6.742E+10
  1023.000 6.620E+10
  1023.250 6.491E+10
  1023.500 6.355E+10
  1023.750 6.210E+10
  1024.000 6.063E+10
  1024.250 5.910E+10
  1024.500 5.742E+10
  1024.750 5.553E+10
  1025.000 5.321E+10
  1025.250 5.078E+10
  1025.500 4.917E+10
  1025.750 4.870E+10
  1026.000 5.026E+10
  1026.250 5.246E+10
  1026.500 5.430E+10
  1026.750 5.598E+10
  1027.000 5.759E+10
  1027.250 5.911E+10
  1027.500 6.053E+10
  1027.750 6.189E+10
  1028.000 6.310E+10
  1028.250 6.421E+10
  1028.500 6.540E+10
  1028.750 6.649E+10
  1029.000 6.743E+10
  1029.250 6.831E+10
  1029.500 6.909E+10
  1029.750 6.974E+10
  1030.000 7.030E+10
  1030.250 7.055E+10
  1030.500 7.105E+10
  1030.750 7.206E+10
  1031.000 7.273E+10
  1031.250 7.320E+10
  1031.500 7.302E+10
  1031.750 7.074E+10
  1032.000 7.034E+10
  1032.250 7.355E+10
  1032.500 7.510E+10
  1032.750 7.549E+10
  1033.000 7.573E+10
  1033.250 7.582E+10
  1033.500 7.589E+10
  1033.750 7.618E+10
  1034.000 7.641E+10
  1034.250 7.653E+10
  1034.500 7.662E+10
  1034.750 7.669E+10
  1035.000 7.674E+10
  1035.250 7.682E+10
  1035.500 7.695E+10
  1035.750 7.712E+10
  1036.000 7.726E+10
  1036.250 7.736E+10
  1036.500 7.745E+10
  1036.750 7.753E+10
  1037.000 7.753E+10
  1037.250 7.653E+10
  1037.500 7.364E+10
  1037.750 7.391E+10
  1038.000 7.684E+10
  1038.250 7.779E+10
  1038.500 7.788E+10
  1038.750 7.789E+10
  1039.000 7.789E+10
  1039.250 7.785E+10
  1039.500 7.769E+10
  1039.750 7.757E+10
  1040.000 7.767E+10
  1040.250 7.774E+10
  1040.500 7.775E+10
  1040.750 7.767E+10
  1041.000 7.746E+10
  1041.250 7.743E+10
  1041.500 7.757E+10
  1041.750 7.755E+10
  1042.000 7.710E+10
  1042.250 7.599E+10
  1042.500 7.607E+10
  1042.750 7.707E+10
  1043.000 7.734E+10
  1043.250 7.731E+10
  1043.500 7.722E+10
  1043.750 7.710E+10
  1044.000 7.672E+10
  1044.250 7.640E+10
  1044.500 7.678E+10
  1044.750 7.696E+10
  1045.000 7.686E+10
  1045.250 7.684E+10
  1045.500 7.680E+10
  1045.750 7.670E+10
  1046.000 7.667E+10
  1046.250 7.661E+10
  1046.500 7.656E+10
  1046.750 7.656E+10
  1047.000 7.652E+10
  1047.250 7.644E+10
  1047.500 7.637E+10
  1047.750 7.635E+10
  1048.000 7.628E+10
  1048.250 7.616E+10
  1048.500 7.607E+10
  1048.750 7.606E+10
  1049.000 7.607E+10
  1049.250 7.603E+10
  1049.500 7.597E+10
  1049.750 7.590E+10
  1050.000 7.582E+10
  1050.250 7.563E+10
  1050.500 7.550E+10
  1050.750 7.554E+10
  1051.000 7.555E+10
  1051.250 7.554E+10
  1051.500 7.550E+10
  1051.750 7.543E+10
  1052.000 7.535E+10
  1052.250 7.515E+10
  1052.500 7.468E+10
  1052.750 7.460E+10
  1053.000 7.497E+10
  1053.250 7.505E+10
  1053.500 7.500E+10
  1053.750 7.494E+10
  1054.000 7.488E+10
  1054.250 7.481E+10
  1054.500 7.466E+10
  1054.750 7.418E+10
  1055.000 7.344E+10
  1055.250 7.381E+10
  1055.500 7.436E+10
  1055.750 7.437E+10
  1056.000 7.426E+10
  1056.250 7.426E+10
  1056.500 7.422E+10
  1056.750 7.385E+10
  1057.000 7.261E+10
  1057.250 7.232E+10
  1057.500 7.346E+10
  1057.750 7.385E+10
  1058.000 7.379E+10
  1058.250 7.367E+10
  1058.500 7.365E+10
  1058.750 7.363E+10
  1059.000 7.348E+10
  1059.250 7.324E+10
  1059.500 7.303E+10
  1059.750 7.288E+10
  1060.000 7.314E+10
  1060.250 7.322E+10
  1060.500 7.296E+10
  1060.750 7.288E+10
  1061.000 7.307E+10
  1061.250 7.310E+10
  1061.500 7.305E+10
  1061.750 7.299E+10
  1062.000 7.294E+10
  1062.250 7.287E+10
  1062.500 7.280E+10
  1062.750 7.273E+10
  1063.000 7.266E+10
  1063.250 7.262E+10
  1063.500 7.259E+10
  1063.750 7.253E+10
  1064.000 7.246E+10
  1064.250 7.239E+10
  1064.500 7.230E+10
  1064.750 7.222E+10
  1065.000 7.215E+10
  1065.250 7.205E+10
  1065.500 7.189E+10
  1065.750 7.160E+10
  1066.000 7.079E+10
  1066.250 6.774E+10
  1066.500 6.197E+10
  1066.750 6.191E+10
  1067.000 6.759E+10
  1067.250 7.052E+10
  1067.500 7.120E+10
  1067.750 7.135E+10
  1068.000 7.139E+10
  1068.250 7.138E+10
  1068.500 7.129E+10
  1068.750 7.094E+10
  1069.000 7.068E+10
  1069.250 7.097E+10
  1069.500 7.112E+10
  1069.750 7.108E+10
  1070.000 7.102E+10
  1070.250 7.099E+10
  1070.500 7.096E+10
  1070.750 7.090E+10
  1071.000 7.085E+10
  1071.250 7.079E+10
  1071.500 7.072E+10
  1071.750 7.065E+10
  1072.000 7.058E+10
  1072.250 7.052E+10
  1072.500 7.048E+10
  1072.750 7.042E+10
  1073.000 7.035E+10
  1073.250 7.026E+10
  1073.500 6.976E+10
  1073.750 6.775E+10
  1074.000 6.630E+10
  1074.250 6.800E+10
  1074.500 6.934E+10
  1074.750 6.957E+10
  1075.000 6.949E+10
  1075.250 6.937E+10
  1075.500 6.933E+10
  1075.750 6.925E+10
  1076.000 6.918E+10
  1076.250 6.912E+10
  1076.500 6.897E+10
  1076.750 6.880E+10
  1077.000 6.879E+10
  1077.250 6.878E+10
  1077.500 6.870E+10
  1077.750 6.860E+10
  1078.000 6.844E+10
  1078.250 6.796E+10
  1078.500 6.722E+10
  1078.750 6.750E+10
  1079.000 6.793E+10
  1079.250 6.790E+10
  1079.500 6.776E+10
  1079.750 6.756E+10
  1080.000 6.733E+10
  1080.250 6.669E+10
  1080.500 6.440E+10
  1080.750 6.300E+10
  1081.000 6.400E+10
  1081.250 6.425E+10
  1081.500 6.522E+10
  1081.750 6.555E+10
  1082.000 6.512E+10
  1082.250 6.441E+10
  1082.500 6.384E+10
  1082.750 6.332E+10
  1083.000 6.250E+10
  1083.250 6.145E+10
  1083.500 6.016E+10
  1083.750 5.851E+10
  1084.000 5.642E+10
  1084.250 5.370E+10
  1084.500 5.009E+10
  1084.750 4.600E+10
  1085.000 4.467E+10
  1085.250 4.775E+10
  1085.500 5.171E+10
  1085.750 5.477E+10
  1086.000 5.705E+10
  1086.250 5.877E+10
  1086.500 6.012E+10
  1086.750 6.121E+10
  1087.000 6.213E+10
  1087.250 6.275E+10
  1087.500 6.242E+10
  1087.750 6.086E+10
  1088.000 6.165E+10
  1088.250 6.346E+10
  1088.500 6.411E+10
  1088.750 6.468E+10
  1089.000 6.499E+10
  1089.250 6.514E+10
  1089.500 6.525E+10
  1089.750 6.533E+10
  1090.000 6.539E+10
  1090.250 6.544E+10
  1090.500 6.547E+10
  1090.750 6.548E+10
  1091.000 6.547E+10
  1091.250 6.548E+10
  1091.500 6.540E+10
  1091.750 6.529E+10
  1092.000 6.533E+10
  1092.250 6.543E+10
  1092.500 6.548E+10
  1092.750 6.546E+10
  1093.000 6.534E+10
  1093.250 6.523E+10
  1093.500 6.532E+10
  1093.750 6.536E+10
  1094.000 6.533E+10
  1094.250 6.530E+10
  1094.500 6.527E+10
  1094.750 6.517E+10
  1095.000 6.434E+10
  1095.250 6.238E+10
  1095.500 6.290E+10
  1095.750 6.481E+10
  1096.000 6.528E+10
  1096.250 6.527E+10
  1096.500 6.521E+10
  1096.750 6.513E+10
  1097.000 6.508E+10
  1097.250 6.504E+10
  1097.500 6.500E+10
  1097.750 6.495E+10
  1098.000 6.489E+10
  1098.250 6.483E+10
  1098.500 6.478E+10
  1098.750 6.473E+10
  1099.000 6.467E+10
  1099.250 6.462E+10
  1099.500 6.454E+10
  1099.750 6.445E+10
  1100.000 6.440E+10
  1100.250 6.439E+10
  1100.500 6.435E+10
  1100.750 6.430E+10
  1101.000 6.425E+10
  1101.250 6.417E+10
  1101.500 6.407E+10
  1101.750 6.391E+10
  1102.000 6.378E+10
  1102.250 6.386E+10
  1102.500 6.390E+10
  1102.750 6.385E+10
  1103.000 6.371E+10
  1103.250 6.354E+10
  1103.500 6.354E+10
  1103.750 6.350E+10
  1104.000 6.338E+10
  1104.250 6.329E+10
  1104.500 6.332E+10
  1104.750 6.334E+10
  1105.000 6.328E+10
  1105.250 6.319E+10
  1105.500 6.304E+10
  1105.750 6.283E+10
  1106.000 6.249E+10
  1106.250 6.180E+10
  1106.500 6.165E+10
  1106.750 6.164E+10
  1107.000 6.039E+10
  1107.250 5.678E+10
  1107.500 5.092E+10
  1107.750 4.734E+10
  1108.000 4.900E+10
  1108.250 5.498E+10
  1108.500 5.938E+10
  1108.750 6.106E+10
  1109.000 6.168E+10
  1109.250 6.195E+10
  1109.500 6.206E+10
  1109.750 6.212E+10
  1110.000 6.213E+10
  1110.250 6.206E+10
  1110.500 6.180E+10
  1110.750 6.165E+10
  1111.000 6.187E+10
  1111.250 6.197E+10
  1111.500 6.192E+10
  1111.750 6.180E+10
  1112.000 6.177E+10
  1112.250 6.172E+10
  1112.500 6.152E+10
  1112.750 6.146E+10
  1113.000 6.156E+10
  1113.250 6.153E+10
  1113.500 6.137E+10
  1113.750 6.117E+10
  1114.000 6.071E+10
  1114.250 6.065E+10
  1114.500 6.101E+10
  1114.750 6.082E+10
  1115.000 6.000E+10
  1115.250 6.001E+10
  1115.500 6.049E+10
  1115.750 6.052E+10
  1116.000 6.036E+10
  1116.250 6.002E+10
  1116.500 5.963E+10
  1116.750 5.917E+10
  1117.000 5.817E+10
  1117.250 5.572E+10
  1117.500 5.081E+10
  1117.750 4.597E+10
  1118.000 4.598E+10
  1118.250 5.095E+10
  1118.500 5.525E+10
  1118.750 5.731E+10
  1119.000 5.827E+10
  1119.250 5.875E+10
  1119.500 5.874E+10
  1119.750 5.918E+10
  1120.000 5.976E+10
  1120.250 5.990E+10
  1120.500 5.971E+10
  1120.750 5.862E+10
  1121.000 5.729E+10
  1121.250 5.809E+10
  1121.500 5.943E+10
  1121.750 5.969E+10
  1122.000 5.918E+10
  1122.250 5.663E+10
  1122.500 5.439E+10
  1122.750 5.696E+10
  1123.000 5.920E+10
  1123.250 5.962E+10
  1123.500 5.964E+10
  1123.750 5.960E+10
  1124.000 5.952E+10
  1124.250 5.940E+10
  1124.500 5.938E+10
  1124.750 5.942E+10
  1125.000 5.942E+10
  1125.250 5.937E+10
  1125.500 5.930E+10
  1125.750 5.925E+10
  1126.000 5.921E+10
  1126.250 5.918E+10
  1126.500 5.915E+10
  1126.750 5.906E+10
  1127.000 5.891E+10
  1127.250 5.882E+10
  1127.500 5.844E+10
  1127.750 5.711E+10
  1128.000 5.414E+10
  1128.250 5.136E+10
  1128.500 5.314E+10
  1128.750 5.694E+10
  1129.000 5.825E+10
  1129.250 5.830E+10
  1129.500 5.831E+10
  1129.750 5.836E+10
  1130.000 5.836E+10
  1130.250 5.843E+10
  1130.500 5.843E+10
  1130.750 5.834E+10
  1131.000 5.828E+10
  1131.250 5.827E+10
  1131.500 5.826E+10
  1131.750 5.822E+10
  1132.000 5.817E+10
  1132.250 5.811E+10
  1132.500 5.802E+10
  1132.750 5.798E+10
  1133.000 5.797E+10
  1133.250 5.792E+10
  1133.500 5.777E+10
  1133.750 5.767E+10
  1134.000 5.774E+10
  1134.250 5.775E+10
  1134.500 5.770E+10
  1134.750 5.765E+10
  1135.000 5.761E+10
  1135.250 5.757E+10
  1135.500 5.753E+10
  1135.750 5.749E+10
  1136.000 5.744E+10
  1136.250 5.740E+10
  1136.500 5.734E+10
  1136.750 5.720E+10
  1137.000 5.699E+10
  1137.250 5.700E+10
  1137.500 5.708E+10
  1137.750 5.709E+10
  1138.000 5.704E+10
  1138.250 5.697E+10
  1138.500 5.693E+10
  1138.750 5.688E+10
  1139.000 5.682E+10
  1139.250 5.649E+10
  1139.500 5.602E+10
  1139.750 5.630E+10
  1140.000 5.663E+10
  1140.250 5.662E+10
  1140.500 5.653E+10
  1140.750 5.644E+10
  1141.000 5.599E+10
  1141.250 5.408E+10
  1141.500 5.318E+10
  1141.750 5.516E+10
  1142.000 5.619E+10
  1142.250 5.627E+10
  1142.500 5.624E+10
  1142.750 5.618E+10
  1143.000 5.616E+10
  1143.250 5.614E+10
  1143.500 5.609E+10
  1143.750 5.603E+10
  1144.000 5.596E+10
  1144.250 5.593E+10
  1144.500 5.591E+10
  1144.750 5.587E+10
  1145.000 5.583E+10
  1145.250 5.577E+10
  1145.500 5.572E+10
  1145.750 5.557E+10
  1146.000 5.508E+10
  1146.250 5.456E+10
  1146.500 5.449E+10
  1146.750 5.506E+10
  1147.000 5.541E+10
  1147.250 5.543E+10
  1147.500 5.539E+10
  1147.750 5.535E+10
  1148.000 5.531E+10
  1148.250 5.527E+10
  1148.500 5.521E+10
  1148.750 5.511E+10
  1149.000 5.502E+10
  1149.250 5.503E+10
  1149.500 5.504E+10
  1149.750 5.500E+10
  1150.000 5.490E+10
  1150.250 5.482E+10
  1150.500 5.481E+10
  1150.750 5.469E+10
  1151.000 5.453E+10
  1151.250 5.462E+10
  1151.500 5.462E+10
  1151.750 5.426E+10
  1152.000 5.396E+10
  1152.250 5.413E+10
  1152.500 5.322E+10
  1152.750 5.174E+10
  1153.000 5.287E+10
  1153.250 5.413E+10
  1153.500 5.427E+10
  1153.750 5.420E+10
  1154.000 5.415E+10
  1154.250 5.390E+10
  1154.500 5.321E+10
  1154.750 5.174E+10
  1155.000 5.072E+10
  1155.250 5.249E+10
  1155.500 5.373E+10
  1155.750 5.352E+10
  1156.000 5.313E+10
  1156.250 5.351E+10
  1156.500 5.379E+10
  1156.750 5.376E+10
  1157.000 5.371E+10
  1157.250 5.368E+10
  1157.500 5.362E+10
  1157.750 5.358E+10
  1158.000 5.355E+10
  1158.250 5.353E+10
  1158.500 5.348E+10
  1158.750 5.326E+10
  1159.000 5.277E+10
  1159.250 5.281E+10
  1159.500 5.318E+10
  1159.750 5.323E+10
  1160.000 5.306E+10
  1160.250 5.225E+10
  1160.500 5.135E+10
  1160.750 5.214E+10
  1161.000 5.288E+10
  1161.250 5.294E+10
  1161.500 5.291E+10
  1161.750 5.289E+10
  1162.000 5.285E+10
  1162.250 5.281E+10
  1162.500 5.276E+10
  1162.750 5.272E+10
  1163.000 5.268E+10
  1163.250 5.262E+10
  1163.500 5.255E+10
  1163.750 5.236E+10
  1164.000 5.187E+10
  1164.250 5.174E+10
  1164.500 5.217E+10
  1164.750 5.224E+10
  1165.000 5.197E+10
  1165.250 5.155E+10
  1165.500 5.031E+10
  1165.750 4.944E+10
  1166.000 4.931E+10
  1166.250 4.922E+10
  1166.500 5.069E+10
  1166.750 5.135E+10
  1167.000 5.126E+10
  1167.250 5.072E+10
  1167.500 4.896E+10
  1167.750 4.718E+10
  1168.000 4.745E+10
  1168.250 4.696E+10
  1168.500 4.379E+10
  1168.750 3.899E+10
  1169.000 3.765E+10
  1169.250 4.153E+10
  1169.500 4.566E+10
  1169.750 4.795E+10
  1170.000 4.878E+10
  1170.250 4.892E+10
  1170.500 4.976E+10
  1170.750 5.050E+10
  1171.000 5.076E+10
  1171.250 5.084E+10
  1171.500 5.077E+10
  1171.750 5.068E+10
  1172.000 5.074E+10
  1172.250 5.084E+10
  1172.500 5.089E+10
  1172.750 5.074E+10
  1173.000 5.070E+10
  1173.250 5.087E+10
  1173.500 5.092E+10
  1173.750 5.086E+10
  1174.000 5.082E+10
  1174.250 5.081E+10
  1174.500 5.075E+10
  1174.750 5.050E+10
  1175.000 5.017E+10
  1175.250 4.989E+10
  1175.500 4.944E+10
  1175.750 4.920E+10
  1176.000 4.970E+10
  1176.250 5.004E+10
  1176.500 5.021E+10
  1176.750 5.042E+10
  1177.000 5.046E+10
  1177.250 5.041E+10
  1177.500 5.036E+10
  1177.750 5.031E+10
  1178.000 5.026E+10
  1178.250 5.016E+10
  1178.500 5.007E+10
  1178.750 5.006E+10
  1179.000 5.008E+10
  1179.250 5.008E+10
  1179.500 5.007E+10
  1179.750 5.004E+10
  1180.000 4.997E+10
  1180.250 4.982E+10
  1180.500 4.895E+10
  1180.750 4.717E+10
  1181.000 4.770E+10
  1181.250 4.932E+10
  1181.500 4.971E+10
  1181.750 4.957E+10
  1182.000 4.921E+10
  1182.250 4.921E+10
  1182.500 4.951E+10
  1182.750 4.959E+10
  1183.000 4.957E+10
  1183.250 4.953E+10
  1183.500 4.947E+10
  1183.750 4.940E+10
  1184.000 4.929E+10
  1184.250 4.926E+10
  1184.500 4.930E+10
  1184.750 4.929E+10
  1185.000 4.925E+10
  1185.250 4.920E+10
  1185.500 4.915E+10
  1185.750 4.907E+10
  1186.000 4.900E+10
  1186.250 4.882E+10
  1186.500 4.839E+10
  1186.750 4.851E+10
  1187.000 4.885E+10
  1187.250 4.889E+10
  1187.500 4.883E+10
  1187.750 4.865E+10
  1188.000 4.844E+10
  1188.250 4.852E+10
  1188.500 4.850E+10
  1188.750 4.844E+10
  1189.000 4.854E+10
  1189.250 4.854E+10
  1189.500 4.844E+10
  1189.750 4.838E+10
  1190.000 4.824E+10
  1190.250 4.810E+10
  1190.500 4.809E+10
  1190.750 4.811E+10
  1191.000 4.818E+10
  1191.250 4.821E+10
  1191.500 4.822E+10
  1191.750 4.819E+10
  1192.000 4.814E+10
  1192.250 4.808E+10
  1192.500 4.804E+10
  1192.750 4.801E+10
  1193.000 4.798E+10
  1193.250 4.792E+10
  1193.500 4.785E+10
  1193.750 4.777E+10
  1194.000 4.756E+10
  1194.250 4.660E+10
  1194.500 4.571E+10
  1194.750 4.660E+10
  1195.000 4.731E+10
  1195.250 4.748E+10
  1195.500 4.751E+10
  1195.750 4.748E+10
  1196.000 4.737E+10
  1196.250 4.725E+10
  1196.500 4.722E+10
  1196.750 4.717E+10
  1197.000 4.703E+10
  1197.250 4.698E+10
  1197.500 4.662E+10
  1197.750 4.605E+10
  1198.000 4.533E+10
  1198.250 4.383E+10
  1198.500 4.296E+10
  1198.750 4.422E+10
  1199.000 4.556E+10
  1199.250 4.492E+10
  1199.500 4.436E+10
  1199.750 4.531E+10
  1200.000 4.617E+10
  1200.250 4.641E+10
  1200.500 4.651E+10
  1200.750 4.649E+10
  1201.000 4.646E+10
  1201.250 4.645E+10
  1201.500 4.638E+10
  1201.750 4.626E+10
  1202.000 4.616E+10
  1202.250 4.610E+10
  1202.500 4.606E+10
  1202.750 4.600E+10
  1203.000 4.602E+10
  1203.250 4.600E+10
  1203.500 4.594E+10
  1203.750 4.587E+10
  1204.000 4.576E+10
  1204.250 4.560E+10
  1204.500 4.545E+10
  1204.750 4.542E+10
  1205.000 4.536E+10
  1205.250 4.520E+10
  1205.500 4.489E+10
  1205.750 4.418E+10
  1206.000 4.326E+10
  1206.250 4.376E+10
  1206.500 4.452E+10
  1206.750 4.460E+10
  1207.000 4.452E+10
  1207.250 4.425E+10
  1207.500 4.381E+10
  1207.750 4.359E+10
  1208.000 4.271E+10
  1208.250 4.142E+10
  1208.500 4.174E+10
  1208.750 4.250E+10
  1209.000 4.290E+10
  1209.250 4.305E+10
  1209.500 4.288E+10
  1209.750 4.266E+10
  1210.000 4.219E+10
  1210.250 4.103E+10
  1210.500 4.056E+10
  1210.750 4.099E+10
  1211.000 4.096E+10
  1211.250 4.030E+10
  1211.500 3.939E+10
  1211.750 3.957E+10
  1212.000 3.976E+10
  1212.250 3.940E+10
  1212.500 3.874E+10
  1212.750 3.825E+10
  1213.000 3.792E+10
  1213.250 3.747E+10
  1213.500 3.690E+10
  1213.750 3.624E+10
  1214.000 3.544E+10
  1214.250 3.456E+10
  1214.500 3.368E+10
  1214.750 3.240E+10
  1215.000 3.068E+10
  1215.250 2.966E+10
  1215.500 2.916E+10
  1215.750 2.917E+10
  1216.000 3.037E+10
  1216.250 3.172E+10
  1216.500 3.280E+10
  1216.750 3.373E+10
  1217.000 3.458E+10
  1217.250 3.533E+10
  1217.500 3.595E+10
  1217.750 3.653E+10
  1218.000 3.712E+10
  1218.250 3.764E+10
  1218.500 3.809E+10
  1218.750 3.846E+10
  1219.000 3.878E+10
  1219.250 3.911E+10
  1219.500 3.950E+10
  1219.750 3.985E+10
  1220.000 3.987E+10
  1220.250 3.921E+10
  1220.500 3.897E+10
  1220.750 3.871E+10
  1221.000 3.893E+10
  1221.250 4.053E+10
  1221.500 4.132E+10
  1221.750 4.153E+10
  1222.000 4.164E+10
  1222.250 4.171E+10
  1222.500 4.139E+10
  1222.750 4.056E+10
  1223.000 4.094E+10
  1223.250 4.177E+10
  1223.500 4.193E+10
  1223.750 4.126E+10
  1224.000 4.065E+10
  1224.250 4.155E+10
  1224.500 4.210E+10
  1224.750 4.226E+10
  1225.000 4.242E+10
  1225.250 4.249E+10
  1225.500 4.251E+10
  1225.750 4.259E+10
  1226.000 4.264E+10
  1226.250 4.241E+10
  1226.500 4.172E+10
  1226.750 4.164E+10
  1227.000 4.237E+10
  1227.250 4.264E+10
  1227.500 4.243E+10
  1227.750 4.163E+10
  1228.000 4.149E+10
  1228.250 4.153E+10
  1228.500 3.954E+10
  1228.750 3.840E+10
  1229.000 3.986E+10
  1229.250 4.155E+10
  1229.500 4.179E+10
  1229.750 4.010E+10
  1230.000 3.792E+10
  1230.250 3.783E+10
  1230.500 3.777E+10
  1230.750 3.917E+10
  1231.000 4.091E+10
  1231.250 4.202E+10
  1231.500 4.231E+10
  1231.750 4.224E+10
  1232.000 4.211E+10
  1232.250 4.127E+10
  1232.500 4.044E+10
  1232.750 4.139E+10
  1233.000 4.219E+10
  1233.250 4.233E+10
  1233.500 4.234E+10
  1233.750 4.233E+10
  1234.000 4.230E+10
  1234.250 4.226E+10
  1234.500 4.218E+10
  1234.750 4.211E+10
  1235.000 4.213E+10
  1235.250 4.200E+10
  1235.500 4.162E+10
  1235.750 4.136E+10
  1236.000 4.160E+10
  1236.250 4.174E+10
  1236.500 4.180E+10
  1236.750 4.109E+10
  1237.000 4.039E+10
  1237.250 4.123E+10
  1237.500 4.187E+10
  1237.750 4.189E+10
  1238.000 4.164E+10
  1238.250 4.145E+10
  1238.500 4.093E+10
  1238.750 4.040E+10
  1239.000 4.109E+10
  1239.250 4.144E+10
  1239.500 4.068E+10
  1239.750 3.975E+10
  1240.000 3.950E+10
  1240.250 4.014E+10
  1240.500 4.110E+10
  1240.750 4.148E+10
  1241.000 4.146E+10
  1241.250 4.137E+10
  1241.500 4.129E+10
  1241.750 4.095E+10
  1242.000 4.087E+10
  1242.250 4.110E+10
  1242.500 4.066E+10
  1242.750 4.034E+10
  1243.000 4.094E+10
  1243.250 4.127E+10
  1243.500 4.126E+10
  1243.750 4.115E+10
  1244.000 4.074E+10
  1244.250 4.025E+10
  1244.500 4.025E+10
  1244.750 4.083E+10
  1245.000 4.100E+10
  1245.250 4.095E+10
  1245.500 4.079E+10
  1245.750 4.063E+10
  1246.000 4.083E+10
  1246.250 4.090E+10
  1246.500 4.049E+10
  1246.750 3.993E+10
  1247.000 4.008E+10
  1247.250 4.005E+10
  1247.500 3.975E+10
  1247.750 4.023E+10
  1248.000 4.046E+10
  1248.250 3.991E+10
  1248.500 3.960E+10
  1248.750 4.003E+10
  1249.000 4.016E+10
  1249.250 4.032E+10
  1249.500 4.052E+10
  1249.750 4.060E+10
  1250.000 4.058E+10
  1250.250 4.045E+10
  1250.500 4.034E+10
  1250.750 4.032E+10
  1251.000 4.025E+10
  1251.250 3.990E+10
  1251.500 3.964E+10
  1251.750 3.940E+10
  1252.000 3.952E+10
  1252.250 3.991E+10
  1252.500 3.918E+10
  1252.750 3.745E+10
  1253.000 3.766E+10
  1253.250 3.894E+10
  1253.500 3.849E+10
  1253.750 3.810E+10
  1254.000 3.937E+10
  1254.250 3.995E+10
  1254.500 3.976E+10
  1254.750 3.926E+10
  1255.000 3.927E+10
  1255.250 3.927E+10
  1255.500 3.880E+10
  1255.750 3.885E+10
  1256.000 3.933E+10
  1256.250 3.972E+10
  1256.500 3.977E+10
  1256.750 3.968E+10
  1257.000 3.962E+10
  1257.250 3.952E+10
  1257.500 3.936E+10
  1257.750 3.873E+10
  1258.000 3.787E+10
  1258.250 3.854E+10
  1258.500 3.913E+10
  1258.750 3.867E+10
  1259.000 3.866E+10
  1259.250 3.930E+10
  1259.500 3.943E+10
  1259.750 3.928E+10
  1260.000 3.857E+10
  1260.250 3.703E+10
  1260.500 3.665E+10
  1260.750 3.633E+10
  1261.000 3.628E+10
  1261.250 3.759E+10
  1261.500 3.890E+10
  1261.750 3.918E+10
  1262.000 3.920E+10
  1262.250 3.919E+10
  1262.500 3.917E+10
  1262.750 3.916E+10
  1263.000 3.913E+10
  1263.250 3.907E+10
  1263.500 3.899E+10
  1263.750 3.885E+10
  1264.000 3.859E+10
  1264.250 3.856E+10
  1264.500 3.872E+10
  1264.750 3.880E+10
  1265.000 3.876E+10
  1265.250 3.866E+10
  1265.500 3.829E+10
  1265.750 3.678E+10
  1266.000 3.556E+10
  1266.250 3.674E+10
  1266.500 3.822E+10
  1266.750 3.862E+10
  1267.000 3.864E+10
  1267.250 3.851E+10
  1267.500 3.827E+10
  1267.750 3.821E+10
  1268.000 3.843E+10
  1268.250 3.853E+10
  1268.500 3.852E+10
  1268.750 3.850E+10
  1269.000 3.847E+10
  1269.250 3.842E+10
  1269.500 3.836E+10
  1269.750 3.831E+10
  1270.000 3.825E+10
  1270.250 3.822E+10
  1270.500 3.813E+10
  1270.750 3.774E+10
  1271.000 3.679E+10
  1271.250 3.696E+10
  1271.500 3.783E+10
  1271.750 3.738E+10
  1272.000 3.595E+10
  1272.250 3.627E+10
  1272.500 3.711E+10
  1272.750 3.691E+10
  1273.000 3.712E+10
  1273.250 3.773E+10
  1273.500 3.758E+10
  1273.750 3.672E+10
  1274.000 3.689E+10
  1274.250 3.767E+10
  1274.500 3.786E+10
  1274.750 3.784E+10
  1275.000 3.782E+10
  1275.250 3.780E+10
  1275.500 3.768E+10
  1275.750 3.745E+10
  1276.000 3.728E+10
  1276.250 3.739E+10
  1276.500 3.704E+10
  1276.750 3.536E+10
  1277.000 3.433E+10
  1277.250 3.549E+10
  1277.500 3.684E+10
  1277.750 3.734E+10
  1278.000 3.674E+10
  1278.250 3.562E+10
  1278.500 3.614E+10
  1278.750 3.673E+10
  1279.000 3.646E+10
  1279.250 3.663E+10
  1279.500 3.703E+10
  1279.750 3.715E+10
  1280.000 3.721E+10
  1280.250 3.718E+10
  1280.500 3.714E+10
  1280.750 3.717E+10
  1281.000 3.716E+10
  1281.250 3.707E+10
  1281.500 3.703E+10
  1281.750 3.702E+10
  1282.000 3.679E+10
  1282.250 3.588E+10
  1282.500 3.537E+10
  1282.750 3.634E+10
  1283.000 3.671E+10
  1283.250 3.614E+10
  1283.500 3.599E+10
  1283.750 3.609E+10
  1284.000 3.568E+10
  1284.250 3.620E+10
  1284.500 3.668E+10
  1284.750 3.660E+10
  1285.000 3.580E+10
  1285.250 3.457E+10
  1285.500 3.490E+10
  1285.750 3.576E+10
  1286.000 3.495E+10
  1286.250 3.474E+10
  1286.500 3.587E+10
  1286.750 3.581E+10
  1287.000 3.493E+10
  1287.250 3.556E+10
  1287.500 3.632E+10
  1287.750 3.640E+10
  1288.000 3.605E+10
  1288.250 3.552E+10
  1288.500 3.586E+10
  1288.750 3.628E+10
  1289.000 3.634E+10
  1289.250 3.634E+10
  1289.500 3.631E+10
  1289.750 3.626E+10
  1290.000 3.623E+10
  1290.250 3.622E+10
  1290.500 3.620E+10
  1290.750 3.602E+10
  1291.000 3.537E+10
  1291.250 3.459E+10
  1291.500 3.472E+10
  1291.750 3.564E+10
  1292.000 3.600E+10
  1292.250 3.587E+10
  1292.500 3.533E+10
  1292.750 3.523E+10
  1293.000 3.572E+10
  1293.250 3.583E+10
  1293.500 3.582E+10
  1293.750 3.584E+10
  1294.000 3.579E+10
  1294.250 3.535E+10
  1294.500 3.456E+10
  1294.750 3.481E+10
  1295.000 3.471E+10
  1295.250 3.431E+10
  1295.500 3.475E+10
  1295.750 3.444E+10
  1296.000 3.475E+10
  1296.250 3.524E+10
  1296.500 3.429E+10
  1296.750 3.253E+10
  1297.000 3.336E+10
  1297.250 3.501E+10
  1297.500 3.532E+10
  1297.750 3.536E+10
  1298.000 3.544E+10
  1298.250 3.544E+10
  1298.500 3.540E+10
  1298.750 3.535E+10
  1299.000 3.534E+10
  1299.250 3.531E+10
  1299.500 3.514E+10
  1299.750 3.478E+10
  1300.000 3.484E+10
  1300.250 3.514E+10
  1300.500 3.516E+10
  1300.750 3.493E+10
  1301.000 3.417E+10
  1301.250 3.371E+10
  1301.500 3.364E+10
  1301.750 3.317E+10
  1302.000 3.397E+10
  1302.250 3.480E+10
  1302.500 3.489E+10
  1302.750 3.486E+10
  1303.000 3.489E+10
  1303.250 3.485E+10
  1303.500 3.478E+10
  1303.750 3.483E+10
  1304.000 3.486E+10
  1304.250 3.484E+10
  1304.500 3.478E+10
  1304.750 3.466E+10
  1305.000 3.467E+10
  1305.250 3.473E+10
  1305.500 3.470E+10
  1305.750 3.459E+10
  1306.000 3.440E+10
  1306.250 3.425E+10
  1306.500 3.419E+10
  1306.750 3.434E+10
  1307.000 3.439E+10
  1307.250 3.424E+10
  1307.500 3.418E+10
  1307.750 3.427E+10
  1308.000 3.440E+10
  1308.250 3.415E+10
  1308.500 3.313E+10
  1308.750 3.296E+10
  1309.000 3.396E+10
  1309.250 3.428E+10
  1309.500 3.405E+10
  1309.750 3.317E+10
  1310.000 3.290E+10
  1310.250 3.357E+10
  1310.500 3.335E+10
  1310.750 3.316E+10
  1311.000 3.352E+10
  1311.250 3.394E+10
  1311.500 3.407E+10
  1311.750 3.399E+10
  1312.000 3.399E+10
  1312.250 3.402E+10
  1312.500 3.399E+10
  1312.750 3.395E+10
  1313.000 3.396E+10
  1313.250 3.393E+10
  1313.500 3.392E+10
  1313.750 3.392E+10
  1314.000 3.386E+10
  1314.250 3.369E+10
  1314.500 3.357E+10
  1314.750 3.364E+10
  1315.000 3.363E+10
  1315.250 3.342E+10
  1315.500 3.286E+10
  1315.750 3.233E+10
  1316.000 3.262E+10
  1316.250 3.325E+10
  1316.500 3.353E+10
  1316.750 3.357E+10
  1317.000 3.357E+10
  1317.250 3.344E+10
  1317.500 3.279E+10
  1317.750 3.217E+10
  1318.000 3.277E+10
  1318.250 3.316E+10
  1318.500 3.318E+10
  1318.750 3.335E+10
  1319.000 3.342E+10
  1319.250 3.336E+10
  1319.500 3.326E+10
  1319.750 3.323E+10
  1320.000 3.320E+10
  1320.250 3.292E+10
  1320.500 3.257E+10
  1320.750 3.272E+10
  1321.000 3.304E+10
  1321.250 3.291E+10
  1321.500 3.279E+10
  1321.750 3.299E+10
  1322.000 3.312E+10
  1322.250 3.315E+10
  1322.500 3.313E+10
  1322.750 3.309E+10
  1323.000 3.288E+10
  1323.250 3.261E+10
  1323.500 3.275E+10
  1323.750 3.286E+10
  1324.000 3.240E+10
  1324.250 3.167E+10
  1324.500 3.214E+10
  1324.750 3.279E+10
  1325.000 3.289E+10
  1325.250 3.288E+10
  1325.500 3.283E+10
  1325.750 3.276E+10
  1326.000 3.275E+10
  1326.250 3.267E+10
  1326.500 3.247E+10
  1326.750 3.235E+10
  1327.000 3.231E+10
  1327.250 3.250E+10
  1327.500 3.262E+10
  1327.750 3.257E+10
  1328.000 3.253E+10
  1328.250 3.257E+10
  1328.500 3.256E+10
  1328.750 3.234E+10
  1329.000 3.142E+10
  1329.250 3.100E+10
  1329.500 3.192E+10
  1329.750 3.239E+10
  1330.000 3.235E+10
  1330.250 3.203E+10
  1330.500 3.183E+10
  1330.750 3.156E+10
  1331.000 3.108E+10
  1331.250 3.156E+10
  1331.500 3.198E+10
  1331.750 3.206E+10
  1332.000 3.191E+10
  1332.250 3.106E+10
  1332.500 3.099E+10
  1332.750 3.185E+10
  1333.000 3.214E+10
  1333.250 3.214E+10
  1333.500 3.200E+10
  1333.750 3.162E+10
  1334.000 3.157E+10
  1334.250 3.190E+10
  1334.500 3.202E+10
  1334.750 3.202E+10
  1335.000 3.199E+10
  1335.250 3.197E+10
  1335.500 3.193E+10
  1335.750 3.187E+10
  1336.000 3.181E+10
  1336.250 3.178E+10
  1336.500 3.153E+10
  1336.750 3.082E+10
  1337.000 3.096E+10
  1337.250 3.142E+10
  1337.500 3.050E+10
  1337.750 2.939E+10
  1338.000 3.050E+10
  1338.250 3.154E+10
  1338.500 3.168E+10
  1338.750 3.163E+10
  1339.000 3.162E+10
  1339.250 3.161E+10
  1339.500 3.149E+10
  1339.750 3.140E+10
  1340.000 3.146E+10
  1340.250 3.151E+10
  1340.500 3.152E+10
  1340.750 3.151E+10
  1341.000 3.148E+10
  1341.250 3.147E+10
  1341.500 3.145E+10
  1341.750 3.143E+10
  1342.000 3.138E+10
  1342.250 3.134E+10
  1342.500 3.124E+10
  1342.750 3.095E+10
  1343.000 3.081E+10
  1343.250 3.067E+10
  1343.500 3.075E+10
  1343.750 3.108E+10
  1344.000 3.110E+10
  1344.250 3.100E+10
  1344.500 3.100E+10
  1344.750 3.109E+10
  1345.000 3.109E+10
  1345.250 3.082E+10
  1345.500 3.044E+10
  1345.750 3.067E+10
  1346.000 3.099E+10
  1346.250 3.104E+10
  1346.500 3.102E+10
  1346.750 3.100E+10
  1347.000 3.098E+10
  1347.250 3.095E+10
  1347.500 3.090E+10
  1347.750 3.068E+10
  1348.000 3.029E+10
  1348.250 3.042E+10
  1348.500 3.072E+10
  1348.750 3.067E+10
  1349.000 3.048E+10
  1349.250 3.046E+10
  1349.500 3.059E+10
  1349.750 3.035E+10
  1350.000 2.973E+10
  1350.250 2.998E+10
  1350.500 3.048E+10
  1350.750 3.060E+10
  1351.000 3.062E+10
  1351.250 3.054E+10
  1351.500 3.042E+10
  1351.750 3.035E+10
  1352.000 3.027E+10
  1352.250 3.034E+10
  1352.500 3.037E+10
  1352.750 3.041E+10
  1353.000 3.043E+10
  1353.250 3.041E+10
  1353.500 3.031E+10
  1353.750 3.022E+10
  1354.000 3.031E+10
  1354.250 3.036E+10
  1354.500 3.028E+10
  1354.750 3.006E+10
  1355.000 3.006E+10
  1355.250 3.020E+10
  1355.500 3.022E+10
  1355.750 3.022E+10
  1356.000 3.023E+10
  1356.250 3.021E+10
  1356.500 3.012E+10
  1356.750 2.988E+10
  1357.000 2.987E+10
  1357.250 3.002E+10
  1357.500 2.991E+10
  1357.750 2.978E+10
  1358.000 2.965E+10
  1358.250 2.915E+10
  1358.500 2.894E+10
  1358.750 2.906E+10
  1359.000 2.941E+10
  1359.250 2.971E+10
  1359.500 2.985E+10
  1359.750 2.992E+10
  1360.000 2.992E+10
  1360.250 2.989E+10
  1360.500 2.986E+10
  1360.750 2.984E+10
  1361.000 2.974E+10
  1361.250 2.941E+10
  1361.500 2.879E+10
  1361.750 2.810E+10
  1362.000 2.869E+10
  1362.250 2.954E+10
  1362.500 2.964E+10
  1362.750 2.940E+10
  1363.000 2.923E+10
  1363.250 2.936E+10
  1363.500 2.938E+10
  1363.750 2.931E+10
  1364.000 2.941E+10
  1364.250 2.954E+10
  1364.500 2.953E+10
  1364.750 2.942E+10
  1365.000 2.933E+10
  1365.250 2.929E+10
  1365.500 2.921E+10
  1365.750 2.923E+10
  1366.000 2.933E+10
  1366.250 2.936E+10
  1366.500 2.934E+10
  1366.750 2.935E+10
  1367.000 2.930E+10
  1367.250 2.924E+10
  1367.500 2.928E+10
  1367.750 2.930E+10
  1368.000 2.928E+10
  1368.250 2.926E+10
  1368.500 2.924E+10
  1368.750 2.921E+10
  1369.000 2.918E+10
  1369.250 2.917E+10
  1369.500 2.916E+10
  1369.750 2.914E+10
  1370.000 2.910E+10
  1370.250 2.893E+10
  1370.500 2.813E+10
  1370.750 2.695E+10
  1371.000 2.653E+10
  1371.250 2.695E+10
  1371.500 2.815E+10
  1371.750 2.878E+10
  1372.000 2.884E+10
  1372.250 2.889E+10
  1372.500 2.890E+10
  1372.750 2.885E+10
  1373.000 2.880E+10
  1373.250 2.861E+10
  1373.500 2.801E+10
  1373.750 2.779E+10
  1374.000 2.793E+10
  1374.250 2.768E+10
  1374.500 2.714E+10
  1374.750 2.728E+10
  1375.000 2.818E+10
  1375.250 2.817E+10
  1375.500 2.803E+10
  1375.750 2.838E+10
  1376.000 2.839E+10
  1376.250 2.787E+10
  1376.500 2.785E+10
  1376.750 2.838E+10
  1377.000 2.857E+10
  1377.250 2.857E+10
  1377.500 2.852E+10
  1377.750 2.845E+10
  1378.000 2.836E+10
  1378.250 2.822E+10
  1378.500 2.794E+10
  1378.750 2.802E+10
  1379.000 2.819E+10
  1379.250 2.829E+10
  1379.500 2.836E+10
  1379.750 2.830E+10
  1380.000 2.814E+10
  1380.250 2.813E+10
  1380.500 2.827E+10
  1380.750 2.830E+10
  1381.000 2.829E+10
  1381.250 2.826E+10
  1381.500 2.823E+10
  1381.750 2.820E+10
  1382.000 2.819E+10
  1382.250 2.816E+10
  1382.500 2.812E+10
  1382.750 2.810E+10
  1383.000 2.810E+10
  1383.250 2.810E+10
  1383.500 2.809E+10
  1383.750 2.803E+10
  1384.000 2.791E+10
  1384.250 2.790E+10
  1384.500 2.798E+10
  1384.750 2.798E+10
  1385.000 2.792E+10
  1385.250 2.776E+10
  1385.500 2.751E+10
  1385.750 2.749E+10
  1386.000 2.777E+10
  1386.250 2.787E+10
  1386.500 2.786E+10
  1386.750 2.775E+10
  1387.000 2.749E+10
  1387.250 2.748E+10
  1387.500 2.757E+10
  1387.750 2.731E+10
  1388.000 2.710E+10
  1388.250 2.734E+10
  1388.500 2.757E+10
  1388.750 2.759E+10
  1389.000 2.752E+10
  1389.250 2.759E+10
  1389.500 2.764E+10
  1389.750 2.763E+10
  1390.000 2.761E+10
  1390.250 2.758E+10
  1390.500 2.740E+10
  1390.750 2.706E+10
  1391.000 2.681E+10
  1391.250 2.683E+10
  1391.500 2.724E+10
  1391.750 2.744E+10
  1392.000 2.735E+10
  1392.250 2.718E+10
  1392.500 2.726E+10
  1392.750 2.734E+10
  1393.000 2.723E+10
  1393.250 2.688E+10
  1393.500 2.575E+10
  1393.750 2.471E+10
  1394.000 2.573E+10
  1394.250 2.670E+10
  1394.500 2.691E+10
  1394.750 2.701E+10
  1395.000 2.717E+10
  1395.250 2.722E+10
  1395.500 2.721E+10
  1395.750 2.719E+10
  1396.000 2.717E+10
  1396.250 2.714E+10
  1396.500 2.705E+10
  1396.750 2.695E+10
  1397.000 2.697E+10
  1397.250 2.701E+10
  1397.500 2.703E+10
  1397.750 2.694E+10
  1398.000 2.689E+10
  1398.250 2.696E+10
  1398.500 2.700E+10
  1398.750 2.699E+10
  1399.000 2.697E+10
  1399.250 2.695E+10
  1399.500 2.693E+10
  1399.750 2.689E+10
  1400.000 2.674E+10
  1400.250 2.658E+10
  1400.500 2.673E+10
  1400.750 2.683E+10
  1401.000 2.683E+10
  1401.250 2.681E+10
  1401.500 2.680E+10
  1401.750 2.677E+10
  1402.000 2.661E+10
  1402.250 2.604E+10
  1402.500 2.515E+10
  1402.750 2.452E+10
  1403.000 2.542E+10
  1403.250 2.630E+10
  1403.500 2.651E+10
  1403.750 2.660E+10
  1404.000 2.654E+10
  1404.250 2.636E+10
  1404.500 2.629E+10
  1404.750 2.638E+10
  1405.000 2.643E+10
  1405.250 2.644E+10
  1405.500 2.648E+10
  1405.750 2.648E+10
  1406.000 2.645E+10
  1406.250 2.637E+10
  1406.500 2.597E+10
  1406.750 2.555E+10
  1407.000 2.569E+10
  1407.250 2.584E+10
  1407.500 2.613E+10
  1407.750 2.628E+10
  1408.000 2.616E+10
  1408.250 2.610E+10
  1408.500 2.619E+10
  1408.750 2.608E+10
  1409.000 2.563E+10
  1409.250 2.526E+10
  1409.500 2.538E+10
  1409.750 2.580E+10
  1410.000 2.606E+10
  1410.250 2.617E+10
  1410.500 2.618E+10
  1410.750 2.616E+10
  1411.000 2.611E+10
  1411.250 2.603E+10
  1411.500 2.589E+10
  1411.750 2.594E+10
  1412.000 2.605E+10
  1412.250 2.606E+10
  1412.500 2.605E+10
  1412.750 2.603E+10
  1413.000 2.599E+10
  1413.250 2.593E+10
  1413.500 2.594E+10
  1413.750 2.596E+10
  1414.000 2.594E+10
  1414.250 2.591E+10
  1414.500 2.582E+10
  1414.750 2.571E+10
  1415.000 2.546E+10
  1415.250 2.534E+10
  1415.500 2.563E+10
  1415.750 2.577E+10
  1416.000 2.567E+10
  1416.250 2.556E+10
  1416.500 2.565E+10
  1416.750 2.568E+10
  1417.000 2.565E+10
  1417.250 2.555E+10
  1417.500 2.507E+10
  1417.750 2.482E+10
  1418.000 2.499E+10
  1418.250 2.519E+10
  1418.500 2.548E+10
  1418.750 2.546E+10
  1419.000 2.515E+10
  1419.250 2.460E+10
  1419.500 2.385E+10
  1419.750 2.380E+10
  1420.000 2.464E+10
  1420.250 2.490E+10
  1420.500 2.476E+10
  1420.750 2.501E+10
  1421.000 2.528E+10
  1421.250 2.537E+10
  1421.500 2.528E+10
  1421.750 2.517E+10
  1422.000 2.527E+10
  1422.250 2.531E+10
  1422.500 2.526E+10
  1422.750 2.525E+10
  1423.000 2.506E+10
  1423.250 2.457E+10
  1423.500 2.404E+10
  1423.750 2.427E+10
  1424.000 2.491E+10
  1424.250 2.516E+10
  1424.500 2.520E+10
  1424.750 2.518E+10
  1425.000 2.514E+10
  1425.250 2.515E+10
  1425.500 2.517E+10
  1425.750 2.517E+10
  1426.000 2.515E+10
  1426.250 2.513E+10
  1426.500 2.511E+10
  1426.750 2.510E+10
  1427.000 2.509E+10
  1427.250 2.507E+10
  1427.500 2.504E+10
  1427.750 2.498E+10
  1428.000 2.495E+10
  1428.250 2.497E+10
  1428.500 2.498E+10
  1428.750 2.492E+10
  1429.000 2.480E+10
  1429.250 2.463E+10
  1429.500 2.449E+10
  1429.750 2.470E+10
  1430.000 2.480E+10
  1430.250 2.456E+10
  1430.500 2.417E+10
  1430.750 2.433E+10
  1431.000 2.471E+10
  1431.250 2.480E+10
  1431.500 2.479E+10
  1431.750 2.473E+10
  1432.000 2.470E+10
  1432.250 2.473E+10
  1432.500 2.473E+10
  1432.750 2.468E+10
  1433.000 2.460E+10
  1433.250 2.455E+10
  1433.500 2.460E+10
  1433.750 2.465E+10
  1434.000 2.464E+10
  1434.250 2.462E+10
  1434.500 2.460E+10
  1434.750 2.455E+10
  1435.000 2.444E+10
  1435.250 2.439E+10
  1435.500 2.446E+10
  1435.750 2.452E+10
  1436.000 2.452E+10
  1436.250 2.450E+10
  1436.500 2.447E+10
  1436.750 2.445E+10
  1437.000 2.443E+10
  1437.250 2.440E+10
  1437.500 2.434E+10
  1437.750 2.435E+10
  1438.000 2.438E+10
  1438.250 2.438E+10
  1438.500 2.435E+10
  1438.750 2.428E+10
  1439.000 2.416E+10
  1439.250 2.420E+10
  1439.500 2.425E+10
  1439.750 2.421E+10
  1440.000 2.401E+10
  1440.250 2.362E+10
  1440.500 2.336E+10
  1440.750 2.357E+10
  1441.000 2.376E+10
  1441.250 2.397E+10
  1441.500 2.409E+10
  1441.750 2.399E+10
  1442.000 2.384E+10
  1442.250 2.376E+10
  1442.500 2.397E+10
  1442.750 2.407E+10
  1443.000 2.401E+10
  1443.250 2.399E+10
  1443.500 2.402E+10
  1443.750 2.403E+10
  1444.000 2.402E+10
  1444.250 2.401E+10
  1444.500 2.399E+10
  1444.750 2.398E+10
  1445.000 2.396E+10
  1445.250 2.394E+10
  1445.500 2.390E+10
  1445.750 2.386E+10
  1446.000 2.384E+10
  1446.250 2.374E+10
  1446.500 2.338E+10
  1446.750 2.316E+10
  1447.000 2.346E+10
  1447.250 2.366E+10
  1447.500 2.364E+10
  1447.750 2.369E+10
  1448.000 2.369E+10
  1448.250 2.358E+10
  1448.500 2.339E+10
  1448.750 2.325E+10
  1449.000 2.339E+10
  1449.250 2.363E+10
  1449.500 2.361E+10
  1449.750 2.340E+10
  1450.000 2.336E+10
  1450.250 2.355E+10
  1450.500 2.362E+10
  1450.750 2.358E+10
  1451.000 2.353E+10
  1451.250 2.352E+10
  1451.500 2.355E+10
  1451.750 2.355E+10
  1452.000 2.354E+10
  1452.250 2.352E+10
  1452.500 2.350E+10
  1452.750 2.344E+10
  1453.000 2.337E+10
  1453.250 2.323E+10
  1453.500 2.302E+10
  1453.750 2.310E+10
  1454.000 2.327E+10
  1454.250 2.329E+10
  1454.500 2.324E+10
  1454.750 2.318E+10
  1455.000 2.306E+10
  1455.250 2.267E+10
  1455.500 2.264E+10
  1455.750 2.297E+10
  1456.000 2.296E+10
  1456.250 2.285E+10
  1456.500 2.309E+10
  1456.750 2.324E+10
  1457.000 2.325E+10
  1457.250 2.322E+10
  1457.500 2.313E+10
  1457.750 2.304E+10
  1458.000 2.311E+10
  1458.250 2.316E+10
  1458.500 2.314E+10
  1458.750 2.311E+10
  1459.000 2.302E+10
  1459.250 2.280E+10
  1459.500 2.250E+10
  1459.750 2.227E+10
  1460.000 2.261E+10
  1460.250 2.297E+10
  1460.500 2.294E+10
  1460.750 2.285E+10
  1461.000 2.291E+10
  1461.250 2.297E+10
  1461.500 2.298E+10
  1461.750 2.297E+10
  1462.000 2.295E+10
  1462.250 2.288E+10
  1462.500 2.270E+10
  1462.750 2.268E+10
  1463.000 2.283E+10
  1463.250 2.286E+10
  1463.500 2.281E+10
  1463.750 2.278E+10
  1464.000 2.276E+10
  1464.250 2.266E+10
  1464.500 2.238E+10
  1464.750 2.213E+10
  1465.000 2.237E+10
  1465.250 2.240E+10
  1465.500 2.236E+10
  1465.750 2.257E+10
  1466.000 2.268E+10
  1466.250 2.265E+10
  1466.500 2.247E+10
  1466.750 2.242E+10
  1467.000 2.259E+10
  1467.250 2.264E+10
  1467.500 2.263E+10
  1467.750 2.248E+10
  1468.000 2.178E+10
  1468.250 2.128E+10
  1468.500 2.198E+10
  1468.750 2.224E+10
  1469.000 2.211E+10
  1469.250 2.233E+10
  1469.500 2.250E+10
  1469.750 2.251E+10
  1470.000 2.250E+10
  1470.250 2.249E+10
  1470.500 2.247E+10
  1470.750 2.246E+10
  1471.000 2.243E+10
  1471.250 2.240E+10
  1471.500 2.239E+10
  1471.750 2.231E+10
  1472.000 2.209E+10
  1472.250 2.200E+10
  1472.500 2.203E+10
  1472.750 2.218E+10
  1473.000 2.230E+10
  1473.250 2.232E+10
  1473.500 2.230E+10
  1473.750 2.229E+10
  1474.000 2.226E+10
  1474.250 2.223E+10
  1474.500 2.223E+10
  1474.750 2.223E+10
  1475.000 2.221E+10
  1475.250 2.217E+10
  1475.500 2.208E+10
  1475.750 2.208E+10
  1476.000 2.214E+10
  1476.250 2.215E+10
  1476.500 2.213E+10
  1476.750 2.211E+10
  1477.000 2.211E+10
  1477.250 2.209E+10
  1477.500 2.204E+10
  1477.750 2.200E+10
  1478.000 2.200E+10
  1478.250 2.202E+10
  1478.500 2.201E+10
  1478.750 2.198E+10
  1479.000 2.196E+10
  1479.250 2.181E+10
  1479.500 2.165E+10
  1479.750 2.165E+10
  1480.000 2.168E+10
  1480.250 2.181E+10
  1480.500 2.188E+10
  1480.750 2.189E+10
  1481.000 2.186E+10
  1481.250 2.181E+10
  1481.500 2.181E+10
  1481.750 2.183E+10
  1482.000 2.183E+10
  1482.250 2.182E+10
  1482.500 2.180E+10
  1482.750 2.177E+10
  1483.000 2.175E+10
  1483.250 2.174E+10
  1483.500 2.175E+10
  1483.750 2.174E+10
  1484.000 2.170E+10
  1484.250 2.167E+10
  1484.500 2.167E+10
  1484.750 2.164E+10
  1485.000 2.157E+10
  1485.250 2.156E+10
  1485.500 2.156E+10
  1485.750 2.160E+10
  1486.000 2.161E+10
  1486.250 2.160E+10
  1486.500 2.155E+10
  1486.750 2.149E+10
  1487.000 2.150E+10
  1487.250 2.154E+10
  1487.500 2.154E+10
  1487.750 2.153E+10
  1488.000 2.152E+10
  1488.250 2.150E+10
  1488.500 2.147E+10
  1488.750 2.144E+10
  1489.000 2.139E+10
  1489.250 2.137E+10
  1489.500 2.139E+10
  1489.750 2.138E+10
  1490.000 2.135E+10
  1490.250 2.122E+10
  1490.500 2.118E+10
  1490.750 2.129E+10
  1491.000 2.134E+10
  1491.250 2.133E+10
  1491.500 2.132E+10
  1491.750 2.132E+10
  1492.000 2.130E+10
  1492.250 2.129E+10
  1492.500 2.128E+10
  1492.750 2.126E+10
  1493.000 2.124E+10
  1493.250 2.123E+10
  1493.500 2.122E+10
  1493.750 2.121E+10
  1494.000 2.120E+10
  1494.250 2.119E+10
  1494.500 2.116E+10
  1494.750 2.114E+10
  1495.000 2.110E+10
  1495.250 2.100E+10
  1495.500 2.090E+10
  1495.750 2.099E+10
  1496.000 2.101E+10
  1496.250 2.094E+10
  1496.500 2.099E+10
  1496.750 2.104E+10
  1497.000 2.103E+10
  1497.250 2.102E+10
  1497.500 2.100E+10
  1497.750 2.092E+10
  1498.000 2.086E+10
  1498.250 2.092E+10
  1498.500 2.095E+10
  1498.750 2.095E+10
  1499.000 2.094E+10
  1499.250 2.093E+10
  1499.500 2.091E+10
  1499.750 2.089E+10
  1500.000 2.088E+10
  1500.250 2.087E+10
  1500.500 2.086E+10
  1500.750 2.085E+10
  1501.000 2.084E+10
  1501.250 2.082E+10
  1501.500 2.081E+10
  1501.750 2.080E+10
  1502.000 2.078E+10
  1502.250 2.075E+10
  1502.500 2.074E+10
  1502.750 2.074E+10
  1503.000 2.073E+10
  1503.250 2.071E+10
  1503.500 2.069E+10
  1503.750 2.067E+10
  1504.000 2.065E+10
  1504.250 2.061E+10
  1504.500 2.061E+10
  1504.750 2.063E+10
  1505.000 2.063E+10
  1505.250 2.062E+10
  1505.500 2.061E+10
  1505.750 2.060E+10
  1506.000 2.058E+10
  1506.250 2.057E+10
  1506.500 2.056E+10
  1506.750 2.054E+10
  1507.000 2.052E+10
  1507.250 2.051E+10
  1507.500 2.046E+10
  1507.750 2.041E+10
  1508.000 2.044E+10
  1508.250 2.045E+10
  1508.500 2.041E+10
  1508.750 2.034E+10
  1509.000 2.037E+10
  1509.250 2.041E+10
  1509.500 2.040E+10
  1509.750 2.037E+10
  1510.000 2.036E+10
  1510.250 2.033E+10
  1510.500 2.025E+10
  1510.750 2.021E+10
  1511.000 2.027E+10
  1511.250 2.029E+10
  1511.500 2.028E+10
  1511.750 2.029E+10
  1512.000 2.028E+10
  1512.250 2.027E+10
  1512.500 2.026E+10
  1512.750 2.024E+10
  1513.000 2.023E+10
  1513.250 2.022E+10
  1513.500 2.020E+10
  1513.750 2.019E+10
  1514.000 2.018E+10
  1514.250 2.017E+10
  1514.500 2.015E+10
  1514.750 2.009E+10
  1515.000 2.001E+10
  1515.250 2.004E+10
  1515.500 2.009E+10
  1515.750 2.009E+10
  1516.000 2.008E+10
  1516.250 2.007E+10
  1516.500 2.006E+10
  1516.750 2.003E+10
  1517.000 2.003E+10
  1517.250 2.002E+10
  1517.500 2.000E+10
  1517.750 1.996E+10
  1518.000 1.997E+10
  1518.250 1.997E+10
  1518.500 1.996E+10
  1518.750 1.991E+10
  1519.000 1.984E+10
  1519.250 1.986E+10
  1519.500 1.989E+10
  1519.750 1.988E+10
  1520.000 1.987E+10
  1520.250 1.987E+10
  1520.500 1.987E+10
  1520.750 1.985E+10
  1521.000 1.984E+10
  1521.250 1.983E+10
  1521.500 1.982E+10
  1521.750 1.981E+10
  1522.000 1.980E+10
  1522.250 1.979E+10
  1522.500 1.977E+10
  1522.750 1.975E+10
  1523.000 1.973E+10
  1523.250 1.973E+10
  1523.500 1.973E+10
  1523.750 1.971E+10
  1524.000 1.970E+10
  1524.250 1.969E+10
  1524.500 1.968E+10
  1524.750 1.965E+10
  1525.000 1.956E+10
  1525.250 1.947E+10
  1525.500 1.951E+10
  1525.750 1.958E+10
  1526.000 1.960E+10
  1526.250 1.959E+10
  1526.500 1.957E+10
  1526.750 1.955E+10
  1527.000 1.955E+10
  1527.250 1.955E+10
  1527.500 1.954E+10
  1527.750 1.952E+10
  1528.000 1.950E+10
  1528.250 1.948E+10
  1528.500 1.947E+10
  1528.750 1.947E+10
  1529.000 1.946E+10
  1529.250 1.945E+10
  1529.500 1.944E+10
  1529.750 1.943E+10
  1530.000 1.940E+10
  1530.250 1.936E+10
  1530.500 1.933E+10
  1530.750 1.936E+10
  1531.000 1.937E+10
  1531.250 1.935E+10
  1531.500 1.933E+10
  1531.750 1.926E+10
  1532.000 1.910E+10
  1532.250 1.907E+10
  1532.500 1.915E+10
  1532.750 1.913E+10
  1533.000 1.898E+10
  1533.250 1.886E+10
  1533.500 1.900E+10
  1533.750 1.916E+10
  1534.000 1.920E+10
  1534.250 1.920E+10
  1534.500 1.920E+10
  1534.750 1.919E+10
  1535.000 1.918E+10
  1535.250 1.917E+10
  1535.500 1.915E+10
  1535.750 1.913E+10
  1536.000 1.913E+10
  1536.250 1.912E+10
  1536.500 1.911E+10
  1536.750 1.910E+10
  1537.000 1.909E+10
  1537.250 1.908E+10
  1537.500 1.907E+10
  1537.750 1.905E+10
  1538.000 1.899E+10
  1538.250 1.885E+10
  1538.500 1.877E+10
  1538.750 1.878E+10
  1539.000 1.890E+10
  1539.250 1.897E+10
  1539.500 1.896E+10
  1539.750 1.896E+10
  1540.000 1.895E+10
  1540.250 1.893E+10
  1540.500 1.892E+10
  1540.750 1.891E+10
  1541.000 1.890E+10
  1541.250 1.889E+10
  1541.500 1.888E+10
  1541.750 1.887E+10
  1542.000 1.885E+10
  1542.250 1.884E+10
  1542.500 1.883E+10
  1542.750 1.881E+10
  1543.000 1.875E+10
  1543.250 1.870E+10
  1543.500 1.873E+10
  1543.750 1.875E+10
  1544.000 1.872E+10
  1544.250 1.869E+10
  1544.500 1.870E+10
  1544.750 1.870E+10
  1545.000 1.869E+10
  1545.250 1.867E+10
  1545.500 1.864E+10
  1545.750 1.861E+10
  1546.000 1.859E+10
  1546.250 1.855E+10
  1546.500 1.851E+10
  1546.750 1.844E+10
  1547.000 1.834E+10
  1547.250 1.815E+10
  1547.500 1.776E+10
  1547.750 1.684E+10
  1548.000 1.525E+10
  1548.250 1.461E+10
  1548.500 1.593E+10
  1548.750 1.727E+10
  1549.000 1.787E+10
  1549.250 1.809E+10
  1549.500 1.811E+10
  1549.750 1.790E+10
  1550.000 1.775E+10
  1550.250 1.742E+10
  1550.500 1.613E+10
  1550.750 1.491E+10
  1551.000 1.581E+10
  1551.250 1.730E+10
  1551.500 1.796E+10
  1551.750 1.817E+10
  1552.000 1.826E+10
  1552.250 1.829E+10
  1552.500 1.831E+10
  1552.750 1.829E+10
  1553.000 1.827E+10
  1553.250 1.829E+10
  1553.500 1.831E+10
  1553.750 1.829E+10
  1554.000 1.818E+10
  1554.250 1.809E+10
  1554.500 1.820E+10
  1554.750 1.827E+10
  1555.000 1.827E+10
  1555.250 1.825E+10
  1555.500 1.823E+10
  1555.750 1.824E+10
  1556.000 1.823E+10
  1556.250 1.822E+10
  1556.500 1.820E+10
  1556.750 1.817E+10
  1557.000 1.813E+10
  1557.250 1.809E+10
  1557.500 1.812E+10
  1557.750 1.815E+10
  1558.000 1.815E+10
  1558.250 1.814E+10
  1558.500 1.813E+10
  1558.750 1.813E+10
  1559.000 1.812E+10
  1559.250 1.811E+10
  1559.500 1.810E+10
  1559.750 1.809E+10
  1560.000 1.807E+10
  1560.250 1.806E+10
  1560.500 1.805E+10
  1560.750 1.804E+10
  1561.000 1.803E+10
  1561.250 1.802E+10
  1561.500 1.801E+10
  1561.750 1.800E+10
  1562.000 1.799E+10
  1562.250 1.798E+10
  1562.500 1.797E+10
  1562.750 1.796E+10
  1563.000 1.795E+10
  1563.250 1.794E+10
  1563.500 1.792E+10
  1563.750 1.789E+10
  1564.000 1.784E+10
  1564.250 1.784E+10
  1564.500 1.787E+10
  1564.750 1.785E+10
  1565.000 1.770E+10
  1565.250 1.748E+10
  1565.500 1.760E+10
  1565.750 1.777E+10
  1566.000 1.781E+10
  1566.250 1.781E+10
  1566.500 1.779E+10
  1566.750 1.777E+10
  1567.000 1.778E+10
  1567.250 1.777E+10
  1567.500 1.776E+10
  1567.750 1.775E+10
  1568.000 1.774E+10
  1568.250 1.772E+10
  1568.500 1.768E+10
  1568.750 1.768E+10
  1569.000 1.769E+10
  1569.250 1.768E+10
  1569.500 1.767E+10
  1569.750 1.766E+10
  1570.000 1.764E+10
  1570.250 1.764E+10
  1570.500 1.763E+10
  1570.750 1.762E+10
  1571.000 1.761E+10
  1571.250 1.760E+10
  1571.500 1.759E+10
  1571.750 1.757E+10
  1572.000 1.755E+10
  1572.250 1.750E+10
  1572.500 1.743E+10
  1572.750 1.747E+10
  1573.000 1.752E+10
  1573.250 1.752E+10
  1573.500 1.751E+10
  1573.750 1.750E+10
  1574.000 1.749E+10
  1574.250 1.748E+10
  1574.500 1.747E+10
  1574.750 1.745E+10
  1575.000 1.745E+10
  1575.250 1.744E+10
  1575.500 1.743E+10
  1575.750 1.741E+10
  1576.000 1.737E+10
  1576.250 1.728E+10
  1576.500 1.725E+10
  1576.750 1.733E+10
  1577.000 1.736E+10
  1577.250 1.735E+10
  1577.500 1.734E+10
  1577.750 1.732E+10
  1578.000 1.730E+10
  1578.250 1.730E+10
  1578.500 1.730E+10
  1578.750 1.730E+10
  1579.000 1.729E+10
  1579.250 1.726E+10
  1579.500 1.721E+10
  1579.750 1.717E+10
  1580.000 1.721E+10
  1580.250 1.723E+10
  1580.500 1.722E+10
  1580.750 1.721E+10
  1581.000 1.720E+10
  1581.250 1.719E+10
  1581.500 1.718E+10
  1581.750 1.717E+10
  1582.000 1.715E+10
  1582.250 1.714E+10
  1582.500 1.711E+10
  1582.750 1.695E+10
  1583.000 1.667E+10
  1583.250 1.676E+10
  1583.500 1.702E+10
  1583.750 1.708E+10
  1584.000 1.706E+10
  1584.250 1.701E+10
  1584.500 1.699E+10
  1584.750 1.700E+10
  1585.000 1.698E+10
  1585.250 1.690E+10
  1585.500 1.667E+10
  1585.750 1.623E+10
  1586.000 1.595E+10
  1586.250 1.619E+10
  1586.500 1.662E+10
  1586.750 1.684E+10
  1587.000 1.690E+10
  1587.250 1.691E+10
  1587.500 1.692E+10
  1587.750 1.692E+10
  1588.000 1.691E+10
  1588.250 1.690E+10
  1588.500 1.689E+10
  1588.750 1.687E+10
  1589.000 1.685E+10
  1589.250 1.684E+10
  1589.500 1.684E+10
  1589.750 1.685E+10
  1590.000 1.684E+10
  1590.250 1.683E+10
  1590.500 1.682E+10
  1590.750 1.681E+10
  1591.000 1.681E+10
  1591.250 1.679E+10
  1591.500 1.674E+10
  1591.750 1.671E+10
  1592.000 1.672E+10
  1592.250 1.671E+10
  1592.500 1.670E+10
  1592.750 1.673E+10
  1593.000 1.673E+10
  1593.250 1.672E+10
  1593.500 1.670E+10
  1593.750 1.667E+10
  1594.000 1.666E+10
  1594.250 1.667E+10
  1594.500 1.666E+10
  1594.750 1.664E+10
  1595.000 1.664E+10
  1595.250 1.664E+10
  1595.500 1.663E+10
  1595.750 1.662E+10
  1596.000 1.661E+10
  1596.250 1.659E+10
  1596.500 1.658E+10
  1596.750 1.658E+10
  1597.000 1.656E+10
  1597.250 1.656E+10
  1597.500 1.655E+10
  1597.750 1.655E+10
  1598.000 1.654E+10
  1598.250 1.652E+10
  1598.500 1.649E+10
  1598.750 1.646E+10
  1599.000 1.647E+10
  1599.250 1.648E+10
  1599.500 1.648E+10
  1599.750 1.647E+10
  1600.000 1.646E+10
  1600.250 1.645E+10
  1600.500 1.642E+10
  1600.750 1.640E+10
  1601.000 1.640E+10
  1601.250 1.641E+10
  1601.500 1.640E+10
  1601.750 1.640E+10
  1602.000 1.639E+10
  1602.250 1.637E+10
  1602.500 1.635E+10
  1602.750 1.633E+10
  1603.000 1.630E+10
  1603.250 1.629E+10
  1603.500 1.631E+10
  1603.750 1.632E+10
  1604.000 1.631E+10
  1604.250 1.630E+10
  1604.500 1.629E+10
  1604.750 1.628E+10
  1605.000 1.627E+10
  1605.250 1.626E+10
  1605.500 1.623E+10
  1605.750 1.619E+10
  1606.000 1.620E+10
  1606.250 1.621E+10
  1606.500 1.617E+10
  1606.750 1.612E+10
  1607.000 1.615E+10
  1607.250 1.618E+10
  1607.500 1.617E+10
  1607.750 1.614E+10
  1608.000 1.613E+10
  1608.250 1.615E+10
  1608.500 1.614E+10
  1608.750 1.611E+10
  1609.000 1.605E+10
  1609.250 1.601E+10
  1609.500 1.606E+10
  1609.750 1.608E+10
  1610.000 1.607E+10
  1610.250 1.604E+10
  1610.500 1.600E+10
  1610.750 1.600E+10
  1611.000 1.603E+10
  1611.250 1.603E+10
  1611.500 1.600E+10
  1611.750 1.593E+10
  1612.000 1.593E+10
  1612.250 1.598E+10
  1612.500 1.599E+10
  1612.750 1.598E+10
  1613.000 1.597E+10
  1613.250 1.595E+10
  1613.500 1.595E+10
  1613.750 1.594E+10
  1614.000 1.592E+10
  1614.250 1.590E+10
  1614.500 1.590E+10
  1614.750 1.590E+10
  1615.000 1.589E+10
  1615.250 1.589E+10
  1615.500 1.588E+10
  1615.750 1.588E+10
  1616.000 1.587E+10
  1616.250 1.586E+10
  1616.500 1.585E+10
  1616.750 1.583E+10
  1617.000 1.581E+10
  1617.250 1.581E+10
  1617.500 1.580E+10
  1617.750 1.580E+10
  1618.000 1.579E+10
  1618.250 1.578E+10
  1618.500 1.577E+10
  1618.750 1.577E+10
  1619.000 1.576E+10
  1619.250 1.574E+10
  1619.500 1.572E+10
  1619.750 1.568E+10
  1620.000 1.565E+10
  1620.250 1.567E+10
  1620.500 1.568E+10
  1620.750 1.568E+10
  1621.000 1.567E+10
  1621.250 1.567E+10
  1621.500 1.565E+10
  1621.750 1.565E+10
  1622.000 1.565E+10
  1622.250 1.564E+10
  1622.500 1.563E+10
  1622.750 1.562E+10
  1623.000 1.562E+10
  1623.250 1.561E+10
  1623.500 1.559E+10
  1623.750 1.557E+10
  1624.000 1.554E+10
  1624.250 1.551E+10
  1624.500 1.553E+10
  1624.750 1.554E+10
  1625.000 1.550E+10
  1625.250 1.544E+10
  1625.500 1.547E+10
  1625.750 1.551E+10
  1626.000 1.551E+10
  1626.250 1.550E+10
  1626.500 1.549E+10
  1626.750 1.548E+10
  1627.000 1.547E+10
  1627.250 1.547E+10
  1627.500 1.546E+10
  1627.750 1.545E+10
  1628.000 1.544E+10
  1628.250 1.543E+10
  1628.500 1.542E+10
  1628.750 1.541E+10
  1629.000 1.540E+10
  1629.250 1.537E+10
  1629.500 1.533E+10
  1629.750 1.527E+10
  1630.000 1.525E+10
  1630.250 1.528E+10
  1630.500 1.526E+10
  1630.750 1.523E+10
  1631.000 1.523E+10
  1631.250 1.524E+10
  1631.500 1.523E+10
  1631.750 1.522E+10
  1632.000 1.521E+10
  1632.250 1.519E+10
  1632.500 1.518E+10
  1632.750 1.516E+10
  1633.000 1.514E+10
  1633.250 1.512E+10
  1633.500 1.510E+10
  1633.750 1.506E+10
  1634.000 1.502E+10
  1634.250 1.490E+10
  1634.500 1.470E+10
  1634.750 1.471E+10
  1635.000 1.487E+10
  1635.250 1.493E+10
  1635.500 1.492E+10
  1635.750 1.490E+10
  1636.000 1.487E+10
  1636.250 1.483E+10
  1636.500 1.479E+10
  1636.750 1.474E+10
  1637.000 1.469E+10
  1637.250 1.463E+10
  1637.500 1.455E+10
  1637.750 1.447E+10
  1638.000 1.437E+10
  1638.250 1.424E+10
  1638.500 1.409E+10
  1638.750 1.394E+10
  1639.000 1.376E+10
  1639.250 1.350E+10
  1639.500 1.319E+10
  1639.750 1.277E+10
  1640.000 1.215E+10
  1640.250 1.139E+10
  1640.500 1.121E+10
  1640.750 1.183E+10
  1641.000 1.253E+10
  1641.250 1.299E+10
  1641.500 1.331E+10
  1641.750 1.357E+10
  1642.000 1.377E+10
  1642.250 1.394E+10
  1642.500 1.407E+10
  1642.750 1.417E+10
  1643.000 1.426E+10
  1643.250 1.432E+10
  1643.500 1.438E+10
  1643.750 1.443E+10
  1644.000 1.447E+10
  1644.250 1.451E+10
  1644.500 1.455E+10
  1644.750 1.457E+10
  1645.000 1.459E+10
  1645.250 1.460E+10
  1645.500 1.461E+10
  1645.750 1.462E+10
  1646.000 1.463E+10
  1646.250 1.464E+10
  1646.500 1.465E+10
  1646.750 1.465E+10
  1647.000 1.465E+10
  1647.250 1.465E+10
  1647.500 1.465E+10
  1647.750 1.465E+10
  1648.000 1.465E+10
  1648.250 1.461E+10
  1648.500 1.450E+10
  1648.750 1.449E+10
  1649.000 1.460E+10
  1649.250 1.463E+10
  1649.500 1.462E+10
  1649.750 1.462E+10
  1650.000 1.462E+10
  1650.250 1.462E+10
  1650.500 1.461E+10
  1650.750 1.461E+10
  1651.000 1.460E+10
  1651.250 1.460E+10
  1651.500 1.459E+10
  1651.750 1.453E+10
  1652.000 1.452E+10
  1652.250 1.457E+10
  1652.500 1.459E+10
  1652.750 1.458E+10
  1653.000 1.457E+10
  1653.250 1.454E+10
  1653.500 1.448E+10
  1653.750 1.441E+10
  1654.000 1.438E+10
  1654.250 1.440E+10
  1654.500 1.438E+10
  1654.750 1.439E+10
  1655.000 1.446E+10
  1655.250 1.450E+10
  1655.500 1.449E+10
  1655.750 1.449E+10
  1656.000 1.449E+10
  1656.250 1.448E+10
  1656.500 1.448E+10
  1656.750 1.447E+10
  1657.000 1.446E+10
  1657.250 1.445E+10
  1657.500 1.444E+10
  1657.750 1.444E+10
  1658.000 1.443E+10
  1658.250 1.442E+10
  1658.500 1.439E+10
  1658.750 1.432E+10
  1659.000 1.429E+10
  1659.250 1.435E+10
  1659.500 1.437E+10
  1659.750 1.437E+10
  1660.000 1.436E+10
  1660.250 1.435E+10
  1660.500 1.434E+10
  1660.750 1.433E+10
  1661.000 1.433E+10
  1661.250 1.432E+10
  1661.500 1.432E+10
  1661.750 1.430E+10
  1662.000 1.430E+10
  1662.250 1.429E+10
  1662.500 1.428E+10
  1662.750 1.427E+10
  1663.000 1.426E+10
  1663.250 1.423E+10
  1663.500 1.422E+10
  1663.750 1.424E+10
  1664.000 1.424E+10
  1664.250 1.423E+10
  1664.500 1.422E+10
  1664.750 1.421E+10
  1665.000 1.421E+10
  1665.250 1.420E+10
  1665.500 1.419E+10
  1665.750 1.418E+10
  1666.000 1.417E+10
  1666.250 1.417E+10
  1666.500 1.416E+10
  1666.750 1.415E+10
  1667.000 1.414E+10
  1667.250 1.413E+10
  1667.500 1.413E+10
  1667.750 1.412E+10
  1668.000 1.411E+10
  1668.250 1.410E+10
  1668.500 1.410E+10
  1668.750 1.409E+10
  1669.000 1.408E+10
  1669.250 1.407E+10
  1669.500 1.406E+10
  1669.750 1.406E+10
  1670.000 1.405E+10
  1670.250 1.404E+10
  1670.500 1.403E+10
  1670.750 1.402E+10
  1671.000 1.402E+10
  1671.250 1.401E+10
  1671.500 1.400E+10
  1671.750 1.399E+10
  1672.000 1.399E+10
  1672.250 1.398E+10
  1672.500 1.396E+10
  1672.750 1.396E+10
  1673.000 1.395E+10
  1673.250 1.395E+10
  1673.500 1.394E+10
  1673.750 1.393E+10
  1674.000 1.392E+10
  1674.250 1.392E+10
  1674.500 1.391E+10
  1674.750 1.390E+10
  1675.000 1.389E+10
  1675.250 1.388E+10
  1675.500 1.388E+10
  1675.750 1.387E+10
  1676.000 1.386E+10
  1676.250 1.383E+10
  1676.500 1.381E+10
  1676.750 1.383E+10
  1677.000 1.382E+10
  1677.250 1.380E+10
  1677.500 1.380E+10
  1677.750 1.380E+10
  1678.000 1.380E+10
  1678.250 1.379E+10
  1678.500 1.379E+10
  1678.750 1.378E+10
  1679.000 1.377E+10
  1679.250 1.376E+10
  1679.500 1.374E+10
  1679.750 1.368E+10
  1680.000 1.360E+10
  1680.250 1.365E+10
  1680.500 1.371E+10
  1680.750 1.372E+10
  1681.000 1.371E+10
  1681.250 1.370E+10
  1681.500 1.369E+10
  1681.750 1.369E+10
  1682.000 1.368E+10
  1682.250 1.367E+10
  1682.500 1.364E+10
  1682.750 1.350E+10
  1683.000 1.328E+10
  1683.250 1.340E+10
  1683.500 1.359E+10
  1683.750 1.362E+10
  1684.000 1.362E+10
  1684.250 1.361E+10
  1684.500 1.360E+10
  1684.750 1.360E+10
  1685.000 1.359E+10
  1685.250 1.358E+10
  1685.500 1.358E+10
  1685.750 1.357E+10
  1686.000 1.356E+10
  1686.250 1.355E+10
  1686.500 1.354E+10
  1686.750 1.354E+10
  1687.000 1.352E+10
  1687.250 1.352E+10
  1687.500 1.351E+10
  1687.750 1.351E+10
  1688.000 1.350E+10
  1688.250 1.349E+10
  1688.500 1.349E+10
  1688.750 1.348E+10
  1689.000 1.347E+10
  1689.250 1.346E+10
  1689.500 1.346E+10
  1689.750 1.345E+10
  1690.000 1.344E+10
  1690.250 1.343E+10
  1690.500 1.343E+10
  1690.750 1.342E+10
  1691.000 1.341E+10
  1691.250 1.340E+10
  1691.500 1.340E+10
  1691.750 1.339E+10
  1692.000 1.338E+10
  1692.250 1.338E+10
  1692.500 1.337E+10
  1692.750 1.336E+10
  1693.000 1.335E+10
  1693.250 1.335E+10
  1693.500 1.334E+10
  1693.750 1.333E+10
  1694.000 1.332E+10
  1694.250 1.332E+10
  1694.500 1.331E+10
  1694.750 1.330E+10
  1695.000 1.330E+10
  1695.250 1.329E+10
  1695.500 1.328E+10
  1695.750 1.327E+10
  1696.000 1.327E+10
  1696.250 1.326E+10
  1696.500 1.325E+10
  1696.750 1.324E+10
  1697.000 1.323E+10
  1697.250 1.322E+10
  1697.500 1.322E+10
  1697.750 1.321E+10
  1698.000 1.321E+10
  1698.250 1.319E+10
  1698.500 1.311E+10
  1698.750 1.295E+10
  1699.000 1.299E+10
  1699.250 1.313E+10
  1699.500 1.316E+10
  1699.750 1.315E+10
  1700.000 1.315E+10
  1700.250 1.314E+10
  1700.500 1.314E+10
  1700.750 1.313E+10
  1701.000 1.312E+10
  1701.250 1.311E+10
  1701.500 1.311E+10
  1701.750 1.310E+10
  1702.000 1.309E+10
  1702.250 1.309E+10
  1702.500 1.308E+10
  1702.750 1.307E+10
  1703.000 1.305E+10
  1703.250 1.298E+10
  1703.500 1.293E+10
  1703.750 1.299E+10
  1704.000 1.303E+10
  1704.250 1.303E+10
  1704.500 1.302E+10
  1704.750 1.300E+10
  1705.000 1.300E+10
  1705.250 1.300E+10
  1705.500 1.299E+10
  1705.750 1.298E+10
  1706.000 1.298E+10
  1706.250 1.297E+10
  1706.500 1.296E+10
  1706.750 1.295E+10
  1707.000 1.293E+10
  1707.250 1.293E+10
  1707.500 1.293E+10
  1707.750 1.293E+10
  1708.000 1.292E+10
  1708.250 1.292E+10
  1708.500 1.291E+10
  1708.750 1.290E+10
  1709.000 1.290E+10
  1709.250 1.289E+10
  1709.500 1.288E+10
  1709.750 1.287E+10
  1710.000 1.286E+10
  1710.250 1.286E+10
  1710.500 1.285E+10
  1710.750 1.284E+10
  1711.000 1.283E+10
  1711.250 1.283E+10
  1711.500 1.282E+10
  1711.750 1.281E+10
  1712.000 1.280E+10
  1712.250 1.279E+10
  1712.500 1.279E+10
  1712.750 1.278E+10
  1713.000 1.277E+10
  1713.250 1.277E+10
  1713.500 1.276E+10
  1713.750 1.275E+10
  1714.000 1.275E+10
  1714.250 1.274E+10
  1714.500 1.273E+10
  1714.750 1.272E+10
  1715.000 1.271E+10
  1715.250 1.270E+10
  1715.500 1.270E+10
  1715.750 1.269E+10
  1716.000 1.268E+10
  1716.250 1.267E+10
  1716.500 1.266E+10
  1716.750 1.265E+10
  1717.000 1.264E+10
  1717.250 1.263E+10
  1717.500 1.262E+10
  1717.750 1.261E+10
  1718.000 1.260E+10
  1718.250 1.259E+10
  1718.500 1.258E+10
  1718.750 1.256E+10
  1719.000 1.255E+10
  1719.250 1.253E+10
  1719.500 1.250E+10
  1719.750 1.247E+10
  1720.000 1.243E+10
  1720.250 1.239E+10
  1720.500 1.232E+10
  1720.750 1.223E+10
  1721.000 1.208E+10
  1721.250 1.183E+10
  1721.500 1.140E+10
  1721.750 1.062E+10
  1722.000 9.788E+09
  1722.250 9.920E+09
  1722.500 1.075E+10
  1722.750 1.144E+10
  1723.000 1.185E+10
  1723.250 1.206E+10
  1723.500 1.218E+10
  1723.750 1.226E+10
  1724.000 1.230E+10
  1724.250 1.233E+10
  1724.500 1.235E+10
  1724.750 1.237E+10
  1725.000 1.237E+10
  1725.250 1.236E+10
  1725.500 1.237E+10
  1725.750 1.238E+10
  1726.000 1.238E+10
  1726.250 1.238E+10
  1726.500 1.238E+10
  1726.750 1.237E+10
  1727.000 1.230E+10
  1727.250 1.214E+10
  1727.500 1.213E+10
  1727.750 1.228E+10
  1728.000 1.233E+10
  1728.250 1.233E+10
  1728.500 1.234E+10
  1728.750 1.234E+10
  1729.000 1.233E+10
  1729.250 1.233E+10
  1729.500 1.230E+10
  1729.750 1.226E+10
  1730.000 1.227E+10
  1730.250 1.229E+10
  1730.500 1.229E+10
  1730.750 1.228E+10
  1731.000 1.228E+10
  1731.250 1.228E+10
  1731.500 1.227E+10
  1731.750 1.226E+10
  1732.000 1.226E+10
  1732.250 1.225E+10
  1732.500 1.223E+10
  1732.750 1.214E+10
  1733.000 1.208E+10
  1733.250 1.216E+10
  1733.500 1.222E+10
  1733.750 1.222E+10
  1734.000 1.221E+10
  1734.250 1.221E+10
  1734.500 1.220E+10
  1734.750 1.220E+10
  1735.000 1.219E+10
  1735.250 1.219E+10
  1735.500 1.218E+10
  1735.750 1.217E+10
  1736.000 1.216E+10
  1736.250 1.216E+10
  1736.500 1.215E+10
  1736.750 1.215E+10
  1737.000 1.214E+10
  1737.250 1.213E+10
  1737.500 1.213E+10
  1737.750 1.212E+10
  1738.000 1.211E+10
  1738.250 1.209E+10
  1738.500 1.202E+10
  1738.750 1.193E+10
  1739.000 1.198E+10
  1739.250 1.206E+10
  1739.500 1.207E+10
  1739.750 1.207E+10
  1740.000 1.206E+10
  1740.250 1.206E+10
  1740.500 1.205E+10
  1740.750 1.204E+10
  1741.000 1.204E+10
  1741.250 1.203E+10
  1741.500 1.202E+10
  1741.750 1.202E+10
  1742.000 1.201E+10
  1742.250 1.200E+10
  1742.500 1.200E+10
  1742.750 1.199E+10
  1743.000 1.198E+10
  1743.250 1.196E+10
  1743.500 1.196E+10
  1743.750 1.196E+10
  1744.000 1.196E+10
  1744.250 1.195E+10
  1744.500 1.195E+10
  1744.750 1.194E+10
  1745.000 1.193E+10
  1745.250 1.193E+10
  1745.500 1.192E+10
  1745.750 1.187E+10
  1746.000 1.172E+10
  1746.250 1.169E+10
  1746.500 1.183E+10
  1746.750 1.188E+10
  1747.000 1.188E+10
  1747.250 1.186E+10
  1747.500 1.183E+10
  1747.750 1.184E+10
  1748.000 1.185E+10
  1748.250 1.185E+10
  1748.500 1.183E+10
  1748.750 1.179E+10
  1749.000 1.177E+10
  1749.250 1.181E+10
  1749.500 1.182E+10
  1749.750 1.181E+10
  1750.000 1.181E+10
  1750.250 1.180E+10
  1750.500 1.179E+10
  1750.750 1.179E+10
  1751.000 1.178E+10
  1751.250 1.175E+10
  1751.500 1.167E+10
  1751.750 1.165E+10
  1752.000 1.172E+10
  1752.250 1.174E+10
  1752.500 1.174E+10
  1752.750 1.174E+10
  1753.000 1.173E+10
  1753.250 1.172E+10
  1753.500 1.172E+10
  1753.750 1.171E+10
  1754.000 1.171E+10
  1754.250 1.170E+10
  1754.500 1.170E+10
  1754.750 1.169E+10
  1755.000 1.168E+10
  1755.250 1.167E+10
  1755.500 1.166E+10
  1755.750 1.166E+10
  1756.000 1.166E+10
  1756.250 1.165E+10
  1756.500 1.164E+10
  1756.750 1.164E+10
  1757.000 1.163E+10
  1757.250 1.162E+10
  1757.500 1.162E+10
  1757.750 1.161E+10
  1758.000 1.161E+10
  1758.250 1.160E+10
  1758.500 1.160E+10
  1758.750 1.159E+10
  1759.000 1.158E+10
  1759.250 1.158E+10
  1759.500 1.157E+10
  1759.750 1.156E+10
  1760.000 1.156E+10
  1760.250 1.155E+10
  1760.500 1.154E+10
  1760.750 1.154E+10
  1761.000 1.153E+10
  1761.250 1.153E+10
  1761.500 1.152E+10
  1761.750 1.152E+10
  1762.000 1.151E+10
  1762.250 1.147E+10
  1762.500 1.139E+10
  1762.750 1.138E+10
  1763.000 1.146E+10
  1763.250 1.148E+10
  1763.500 1.147E+10
  1763.750 1.147E+10
  1764.000 1.146E+10
  1764.250 1.146E+10
  1764.500 1.145E+10
  1764.750 1.144E+10
  1765.000 1.144E+10
  1765.250 1.142E+10
  1765.500 1.137E+10
  1765.750 1.130E+10
  1766.000 1.134E+10
  1766.250 1.139E+10
  1766.500 1.140E+10
  1766.750 1.139E+10
  1767.000 1.138E+10
  1767.250 1.138E+10
  1767.500 1.138E+10
  1767.750 1.137E+10
  1768.000 1.137E+10
  1768.250 1.136E+10
  1768.500 1.135E+10
  1768.750 1.135E+10
  1769.000 1.134E+10
  1769.250 1.134E+10
  1769.500 1.133E+10
  1769.750 1.132E+10
  1770.000 1.132E+10
  1770.250 1.131E+10
  1770.500 1.131E+10
  1770.750 1.130E+10
  1771.000 1.129E+10
  1771.250 1.129E+10
  1771.500 1.128E+10
  1771.750 1.128E+10
  1772.000 1.127E+10
  1772.250 1.127E+10
  1772.500 1.126E+10
  1772.750 1.125E+10
  1773.000 1.124E+10
  1773.250 1.124E+10
  1773.500 1.124E+10
  1773.750 1.123E+10
  1774.000 1.122E+10
  1774.250 1.122E+10
  1774.500 1.121E+10
  1774.750 1.121E+10
  1775.000 1.120E+10
  1775.250 1.119E+10
  1775.500 1.119E+10
  1775.750 1.118E+10
  1776.000 1.118E+10
  1776.250 1.117E+10
  1776.500 1.116E+10
  1776.750 1.116E+10
  1777.000 1.115E+10
  1777.250 1.115E+10
  1777.500 1.114E+10
  1777.750 1.114E+10
  1778.000 1.113E+10
  1778.250 1.112E+10
  1778.500 1.112E+10
  1778.750 1.111E+10
  1779.000 1.110E+10
  1779.250 1.110E+10
  1779.500 1.109E+10
  1779.750 1.109E+10
  1780.000 1.108E+10
  1780.250 1.108E+10
  1780.500 1.107E+10
  1780.750 1.107E+10
  1781.000 1.106E+10
  1781.250 1.105E+10
  1781.500 1.105E+10
  1781.750 1.104E+10
  1782.000 1.104E+10
  1782.250 1.103E+10
  1782.500 1.103E+10
  1782.750 1.102E+10
  1783.000 1.099E+10
  1783.250 1.096E+10
  1783.500 1.098E+10
  1783.750 1.099E+10
  1784.000 1.099E+10
  1784.250 1.099E+10
  1784.500 1.098E+10
  1784.750 1.097E+10
  1785.000 1.096E+10
  1785.250 1.094E+10
  1785.500 1.095E+10
  1785.750 1.095E+10
  1786.000 1.095E+10
  1786.250 1.094E+10
  1786.500 1.093E+10
  1786.750 1.093E+10
  1787.000 1.092E+10
  1787.250 1.092E+10
  1787.500 1.091E+10
  1787.750 1.090E+10
  1788.000 1.089E+10
  1788.250 1.089E+10
  1788.500 1.089E+10
  1788.750 1.088E+10
  1789.000 1.088E+10
  1789.250 1.087E+10
  1789.500 1.087E+10
  1789.750 1.086E+10
  1790.000 1.085E+10
  1790.250 1.085E+10
  1790.500 1.084E+10
  1790.750 1.084E+10
  1791.000 1.083E+10
  1791.250 1.082E+10
  1791.500 1.082E+10
  1791.750 1.082E+10
  1792.000 1.081E+10
  1792.250 1.080E+10
  1792.500 1.080E+10
  1792.750 1.079E+10
  1793.000 1.079E+10
  1793.250 1.078E+10
  1793.500 1.078E+10
  1793.750 1.077E+10
  1794.000 1.076E+10
  1794.250 1.076E+10
  1794.500 1.074E+10
  1794.750 1.074E+10
  1795.000 1.074E+10
  1795.250 1.074E+10
  1795.500 1.073E+10
  1795.750 1.072E+10
  1796.000 1.071E+10
  1796.250 1.070E+10
  1796.500 1.070E+10
  1796.750 1.070E+10
  1797.000 1.069E+10
  1797.250 1.067E+10
  1797.500 1.066E+10
  1797.750 1.067E+10
  1798.000 1.067E+10
  1798.250 1.067E+10
  1798.500 1.066E+10
  1798.750 1.065E+10
  1799.000 1.064E+10
  1799.250 1.064E+10
  1799.500 1.064E+10
  1799.750 1.064E+10
  1800.000 1.063E+10
  1800.250 1.061E+10
  1800.500 1.057E+10
  1800.750 1.056E+10
  1801.000 1.059E+10
  1801.250 1.060E+10
  1801.500 1.060E+10
  1801.750 1.059E+10
  1802.000 1.059E+10
  1802.250 1.058E+10
  1802.500 1.058E+10
  1802.750 1.057E+10
  1803.000 1.057E+10
  1803.250 1.056E+10
  1803.500 1.056E+10
  1803.750 1.055E+10
  1804.000 1.054E+10
  1804.250 1.054E+10
  1804.500 1.053E+10
  1804.750 1.053E+10
  1805.000 1.052E+10
  1805.250 1.052E+10
  1805.500 1.051E+10
  1805.750 1.051E+10
  1806.000 1.050E+10
  1806.250 1.049E+10
  1806.500 1.048E+10
  1806.750 1.047E+10
  1807.000 1.047E+10
  1807.250 1.047E+10
  1807.500 1.045E+10
  1807.750 1.045E+10
  1808.000 1.045E+10
  1808.250 1.043E+10
  1808.500 1.038E+10
  1808.750 1.038E+10
  1809.000 1.042E+10
  1809.250 1.043E+10
  1809.500 1.043E+10
  1809.750 1.042E+10
  1810.000 1.041E+10
  1810.250 1.041E+10
  1810.500 1.040E+10
  1810.750 1.040E+10
  1811.000 1.039E+10
  1811.250 1.039E+10
  1811.500 1.038E+10
  1811.750 1.038E+10
  1812.000 1.037E+10
  1812.250 1.037E+10
  1812.500 1.036E+10
  1812.750 1.036E+10
  1813.000 1.035E+10
  1813.250 1.035E+10
  1813.500 1.034E+10
  1813.750 1.033E+10
  1814.000 1.033E+10
  1814.250 1.032E+10
  1814.500 1.032E+10
  1814.750 1.031E+10
  1815.000 1.031E+10
  1815.250 1.030E+10
  1815.500 1.030E+10
  1815.750 1.027E+10
  1816.000 1.021E+10
  1816.250 1.018E+10
  1816.500 1.024E+10
  1816.750 1.027E+10
  1817.000 1.027E+10
  1817.250 1.026E+10
  1817.500 1.026E+10
  1817.750 1.025E+10
  1818.000 1.024E+10
  1818.250 1.024E+10
  1818.500 1.023E+10
  1818.750 1.023E+10
  1819.000 1.022E+10
  1819.250 1.022E+10
  1819.500 1.021E+10
  1819.750 1.021E+10
  1820.000 1.020E+10
  1820.250 1.019E+10
  1820.500 1.018E+10
  1820.750 1.018E+10
  1821.000 1.018E+10
  1821.250 1.018E+10
  1821.500 1.017E+10
  1821.750 1.017E+10
  1822.000 1.016E+10
  1822.250 1.016E+10
  1822.500 1.015E+10
  1822.750 1.015E+10
  1823.000 1.014E+10
  1823.250 1.014E+10
  1823.500 1.013E+10
  1823.750 1.013E+10
  1824.000 1.012E+10
  1824.250 1.011E+10
  1824.500 1.011E+10
  1824.750 1.010E+10
  1825.000 1.010E+10
  1825.250 1.009E+10
  1825.500 1.009E+10
  1825.750 1.008E+10
  1826.000 1.008E+10
  1826.250 1.007E+10
  1826.500 1.007E+10
  1826.750 1.006E+10
  1827.000 1.006E+10
  1827.250 1.005E+10
  1827.500 1.005E+10
  1827.750 1.004E+10
  1828.000 1.003E+10
  1828.250 1.003E+10
  1828.500 1.003E+10
  1828.750 1.002E+10
  1829.000 1.002E+10
  1829.250 1.001E+10
  1829.500 1.001E+10
  1829.750 1.000E+10
  1830.000 9.995E+09
  1830.250 9.988E+09
  1830.500 9.982E+09
  1830.750 9.979E+09
  1831.000 9.975E+09
  1831.250 9.969E+09
  1831.500 9.965E+09
  1831.750 9.960E+09
  1832.000 9.954E+09
  1832.250 9.941E+09
  1832.500 9.934E+09
  1832.750 9.937E+09
  1833.000 9.935E+09
  1833.250 9.931E+09
  1833.500 9.926E+09
  1833.750 9.920E+09
  1834.000 9.916E+09
  1834.250 9.911E+09
  1834.500 9.906E+09
  1834.750 9.900E+09
  1835.000 9.895E+09
  1835.250 9.890E+09
  1835.500 9.885E+09
  1835.750 9.880E+09
  1836.000 9.875E+09
  1836.250 9.870E+09
  1836.500 9.865E+09
  1836.750 9.860E+09
  1837.000 9.854E+09
  1837.250 9.839E+09
  1837.500 9.823E+09
  1837.750 9.828E+09
  1838.000 9.830E+09
  1838.250 9.820E+09
  1838.500 9.807E+09
  1838.750 9.801E+09
  1839.000 9.807E+09
  1839.250 9.809E+09
  1839.500 9.805E+09
  1839.750 9.800E+09
  1840.000 9.795E+09
  1840.250 9.790E+09
  1840.500 9.785E+09
  1840.750 9.780E+09
  1841.000 9.775E+09
  1841.250 9.768E+09
  1841.500 9.760E+09
  1841.750 9.746E+09
  1842.000 9.713E+09
  1842.250 9.637E+09
  1842.500 9.623E+09
  1842.750 9.701E+09
  1843.000 9.731E+09
  1843.250 9.729E+09
  1843.500 9.724E+09
  1843.750 9.719E+09
  1844.000 9.713E+09
  1844.250 9.707E+09
  1844.500 9.701E+09
  1844.750 9.696E+09
  1845.000 9.689E+09
  1845.250 9.682E+09
  1845.500 9.672E+09
  1845.750 9.658E+09
  1846.000 9.638E+09
  1846.250 9.593E+09
  1846.500 9.483E+09
  1846.750 9.338E+09
  1847.000 9.265E+09
  1847.250 9.335E+09
  1847.500 9.491E+09
  1847.750 9.578E+09
  1848.000 9.606E+09
  1848.250 9.614E+09
  1848.500 9.615E+09
  1848.750 9.614E+09
  1849.000 9.611E+09
  1849.250 9.606E+09
  1849.500 9.597E+09
  1849.750 9.587E+09
  1850.000 9.587E+09
