   850.000 1.074E+11
   850.250 1.074E+11
   850.500 1.073E+11
   850.750 1.072E+11
   851.000 1.071E+11
   851.250 1.070E+11
   851.500 1.068E+11
   851.750 1.057E+11
   852.000 1.022E+11
   852.250 1.008E+11
   852.500 1.042E+11
   852.750 1.061E+11
   853.000 1.062E+11
   853.250 1.062E+11
   853.500 1.061E+11
   853.750 1.061E+11
   854.000 1.059E+11
   854.250 1.056E+11
   854.500 1.038E+11
   854.750 1.005E+11
   855.000 1.016E+11
   855.250 1.045E+11
   855.500 1.053E+11
   855.750 1.053E+11
   856.000 1.052E+11
   856.250 1.051E+11
   856.500 1.050E+11
   856.750 1.049E+11
   857.000 1.048E+11
   857.250 1.045E+11
   857.500 1.031E+11
   857.750 9.941E+10
   858.000 9.929E+10
   858.250 1.028E+11
   858.500 1.040E+11
   858.750 1.041E+11
   859.000 1.040E+11
   859.250 1.039E+11
   859.500 1.039E+11
   859.750 1.038E+11
   860.000 1.037E+11
   860.250 1.035E+11
   860.500 1.034E+11
   860.750 1.033E+11
   861.000 1.032E+11
   861.250 1.032E+11
   861.500 1.031E+11
   861.750 1.030E+11
   862.000 1.029E+11
   862.250 1.029E+11
   862.500 1.028E+11
   862.750 1.027E+11
   863.000 1.026E+11
   863.250 1.025E+11
   863.500 1.024E+11
   863.750 1.023E+11
   864.000 1.022E+11
   864.250 1.021E+11
   864.500 1.020E+11
   864.750 1.019E+11
   865.000 1.017E+11
   865.250 1.009E+11
   865.500 1.004E+11
   865.750 1.010E+11
   866.000 1.014E+11
   866.250 1.014E+11
   866.500 1.013E+11
   866.750 1.012E+11
   867.000 1.011E+11
   867.250 1.010E+11
   867.500 1.009E+11
   867.750 1.008E+11
   868.000 1.008E+11
   868.250 1.007E+11
   868.500 1.006E+11
   868.750 1.005E+11
   869.000 1.004E+11
   869.250 1.003E+11
   869.500 1.002E+11
   869.750 1.001E+11
   870.000 1.000E+11
   870.250 9.994E+10
   870.500 9.985E+10
   870.750 9.971E+10
   871.000 9.915E+10
   871.250 9.775E+10
   871.500 9.762E+10
   871.750 9.884E+10
   872.000 9.918E+10
   872.250 9.909E+10
   872.500 9.908E+10
   872.750 9.904E+10
   873.000 9.896E+10
   873.250 9.887E+10
   873.500 9.877E+10
   873.750 9.868E+10
   874.000 9.860E+10
   874.250 9.852E+10
   874.500 9.844E+10
   874.750 9.835E+10
   875.000 9.825E+10
   875.250 9.816E+10
   875.500 9.808E+10
   875.750 9.800E+10
   876.000 9.791E+10
   876.250 9.782E+10
   876.500 9.773E+10
   876.750 9.765E+10
   877.000 9.756E+10
   877.250 9.747E+10
   877.500 9.738E+10
   877.750 9.729E+10
   878.000 9.719E+10
   878.250 9.708E+10
   878.500 9.701E+10
   878.750 9.695E+10
   879.000 9.686E+10
   879.250 9.678E+10
   879.500 9.669E+10
   879.750 9.661E+10
   880.000 9.652E+10
   880.250 9.643E+10
   880.500 9.635E+10
   880.750 9.626E+10
   881.000 9.618E+10
   881.250 9.609E+10
   881.500 9.600E+10
   881.750 9.591E+10
   882.000 9.582E+10
   882.250 9.573E+10
   882.500 9.560E+10
   882.750 9.514E+10
   883.000 9.379E+10
   883.250 9.226E+10
   883.500 9.113E+10
   883.750 9.257E+10
   884.000 9.406E+10
   884.250 9.283E+10
   884.500 9.179E+10
   884.750 9.343E+10
   885.000 9.451E+10
   885.250 9.447E+10
   885.500 9.353E+10
   885.750 9.235E+10
   886.000 9.315E+10
   886.250 9.413E+10
   886.500 9.427E+10
   886.750 9.422E+10
   887.000 9.414E+10
   887.250 9.406E+10
   887.500 9.398E+10
   887.750 9.390E+10
   888.000 9.382E+10
   888.250 9.373E+10
   888.500 9.365E+10
   888.750 9.356E+10
   889.000 9.348E+10
   889.250 9.340E+10
   889.500 9.331E+10
   889.750 9.323E+10
   890.000 9.314E+10
   890.250 9.306E+10
   890.500 9.298E+10
   890.750 9.289E+10
   891.000 9.280E+10
   891.250 9.270E+10
   891.500 9.260E+10
   891.750 9.246E+10
   892.000 9.212E+10
   892.250 9.013E+10
   892.500 8.495E+10
   892.750 8.454E+10
   893.000 8.960E+10
   893.250 9.166E+10
   893.500 9.188E+10
   893.750 9.181E+10
   894.000 9.120E+10
   894.250 8.984E+10
   894.500 9.001E+10
   894.750 9.095E+10
   895.000 9.112E+10
   895.250 9.130E+10
   895.500 9.133E+10
   895.750 9.128E+10
   896.000 9.120E+10
   896.250 9.112E+10
   896.500 9.105E+10
   896.750 9.097E+10
   897.000 9.089E+10
   897.250 9.081E+10
   897.500 9.073E+10
   897.750 9.065E+10
   898.000 9.057E+10
   898.250 9.049E+10
   898.500 9.041E+10
   898.750 9.033E+10
   899.000 9.025E+10
   899.250 9.017E+10
   899.500 9.010E+10
   899.750 9.002E+10
   900.000 8.993E+10
   900.250 8.981E+10
   900.500 8.956E+10
   900.750 8.895E+10
   901.000 8.874E+10
   901.250 8.921E+10
   901.500 8.941E+10
   901.750 8.937E+10
   902.000 8.928E+10
   902.250 8.911E+10
   902.500 8.838E+10
   902.750 8.702E+10
   903.000 8.736E+10
   903.250 8.851E+10
   903.500 8.879E+10
   903.750 8.875E+10
   904.000 8.868E+10
   904.250 8.861E+10
   904.500 8.853E+10
   904.750 8.845E+10
   905.000 8.835E+10
   905.250 8.818E+10
   905.500 8.746E+10
   905.750 8.563E+10
   906.000 8.541E+10
   906.250 8.711E+10
   906.500 8.778E+10
   906.750 8.781E+10
   907.000 8.775E+10
   907.250 8.768E+10
   907.500 8.761E+10
   907.750 8.753E+10
   908.000 8.746E+10
   908.250 8.738E+10
   908.500 8.730E+10
   908.750 8.721E+10
   909.000 8.714E+10
   909.250 8.706E+10
   909.500 8.697E+10
   909.750 8.688E+10
   910.000 8.680E+10
   910.250 8.671E+10
   910.500 8.662E+10
   910.750 8.652E+10
   911.000 8.640E+10
   911.250 8.626E+10
   911.500 8.603E+10
   911.750 8.561E+10
   912.000 8.499E+10
   912.250 8.450E+10
   912.500 8.425E+10
   912.750 8.410E+10
   913.000 8.399E+10
   913.250 8.390E+10
   913.500 8.382E+10
   913.750 8.372E+10
   914.000 8.361E+10
   914.250 8.348E+10
   914.500 8.339E+10
   914.750 8.330E+10
   915.000 8.318E+10
   915.250 8.309E+10
   915.500 8.302E+10
   915.750 8.294E+10
   916.000 8.286E+10
   916.250 8.276E+10
   916.500 8.266E+10
   916.750 8.257E+10
   917.000 8.251E+10
   917.250 8.243E+10
   917.500 8.239E+10
   917.750 8.228E+10
   918.000 8.228E+10
   918.250 8.209E+10
   918.500 8.212E+10
   918.750 8.197E+10
   919.000 8.176E+10
   919.250 8.197E+10
   919.500 8.170E+10
   919.750 8.143E+10
   920.000 8.178E+10
   920.250 8.164E+10
   920.500 8.101E+10
   920.750 8.122E+10
   921.000 8.169E+10
   921.250 8.130E+10
   921.500 8.050E+10
   921.750 8.073E+10
   922.000 8.143E+10
   922.250 8.142E+10
   922.500 8.055E+10
   922.750 7.982E+10
   923.000 8.038E+10
   923.250 8.109E+10
   923.500 8.120E+10
   923.750 8.064E+10
   924.000 7.946E+10
   924.250 7.925E+10
   924.500 8.030E+10
   924.750 8.097E+10
   925.000 8.105E+10
   925.250 8.069E+10
   925.500 7.963E+10
   925.750 7.833E+10
   926.000 7.870E+10
   926.250 7.998E+10
   926.500 8.061E+10
   926.750 8.075E+10
   927.000 8.065E+10
   927.250 8.023E+10
   927.500 7.908E+10
   927.750 7.752E+10
   928.000 7.774E+10
   928.250 7.927E+10
   928.500 8.012E+10
   928.750 8.036E+10
   929.000 8.038E+10
   929.250 8.027E+10
   929.500 8.003E+10
   929.750 7.945E+10
   930.000 7.804E+10
   930.250 7.622E+10
   930.500 7.649E+10
   930.750 7.821E+10
   931.000 7.915E+10
   931.250 7.941E+10
   931.500 7.938E+10
   931.750 7.917E+10
   932.000 7.874E+10
   932.250 7.797E+10
   932.500 7.659E+10
   932.750 7.409E+10
   933.000 6.972E+10
   933.250 6.448E+10
   933.500 6.408E+10
   933.750 6.900E+10
   934.000 7.349E+10
   934.250 7.610E+10
   934.500 7.750E+10
   934.750 7.826E+10
   935.000 7.866E+10
   935.250 7.886E+10
   935.500 7.892E+10
   935.750 7.886E+10
   936.000 7.871E+10
   936.250 7.846E+10
   936.500 7.804E+10
   936.750 7.723E+10
   937.000 7.551E+10
   937.250 7.295E+10
   937.500 7.248E+10
   937.750 7.460E+10
   938.000 7.639E+10
   938.250 7.737E+10
   938.500 7.798E+10
   938.750 7.844E+10
   939.000 7.881E+10
   939.250 7.912E+10
   939.500 7.940E+10
   939.750 7.966E+10
   940.000 7.988E+10
   940.250 8.006E+10
   940.500 8.019E+10
   940.750 8.027E+10
   941.000 8.028E+10
   941.250 8.018E+10
   941.500 7.990E+10
   941.750 7.924E+10
   942.000 7.765E+10
   942.250 7.448E+10
   942.500 7.200E+10
   942.750 7.386E+10
   943.000 7.686E+10
   943.250 7.810E+10
   943.500 7.801E+10
   943.750 7.679E+10
   944.000 7.370E+10
   944.250 6.794E+10
   944.500 6.356E+10
   944.750 6.677E+10
   945.000 7.246E+10
   945.250 7.557E+10
   945.500 7.674E+10
   945.750 7.706E+10
   946.000 7.699E+10
   946.250 7.671E+10
   946.500 7.629E+10
   946.750 7.579E+10
   947.000 7.521E+10
   947.250 7.455E+10
   947.500 7.372E+10
   947.750 7.231E+10
   948.000 7.021E+10
   948.250 6.940E+10
   948.500 6.980E+10
   948.750 6.918E+10
   949.000 6.725E+10
   949.250 6.495E+10
   949.500 6.518E+10
   949.750 6.716E+10
   950.000 6.832E+10
   950.250 6.897E+10
   950.500 6.960E+10
   950.750 7.029E+10
   951.000 7.101E+10
   951.250 7.173E+10
   951.500 7.245E+10
   951.750 7.316E+10
   952.000 7.386E+10
   952.250 7.454E+10
   952.500 7.520E+10
   952.750 7.585E+10
   953.000 7.648E+10
   953.250 7.709E+10
   953.500 7.768E+10
   953.750 7.824E+10
   954.000 7.878E+10
   954.250 7.929E+10
   954.500 7.978E+10
   954.750 8.024E+10
   955.000 8.068E+10
   955.250 8.107E+10
   955.500 8.144E+10
   955.750 8.177E+10
   956.000 8.205E+10
   956.250 8.227E+10
   956.500 8.238E+10
   956.750 8.215E+10
   957.000 8.171E+10
   957.250 8.174E+10
   957.500 8.145E+10
   957.750 8.037E+10
   958.000 7.826E+10
   958.250 7.442E+10
   958.500 6.908E+10
   958.750 6.709E+10
   959.000 7.128E+10
   959.250 7.644E+10
   959.500 7.977E+10
   959.750 8.176E+10
   960.000 8.302E+10
   960.250 8.386E+10
   960.500 8.444E+10
   960.750 8.485E+10
   961.000 8.513E+10
   961.250 8.532E+10
   961.500 8.545E+10
   961.750 8.550E+10
   962.000 8.549E+10
   962.250 8.542E+10
   962.500 8.535E+10
   962.750 8.525E+10
   963.000 8.512E+10
   963.250 8.495E+10
   963.500 8.476E+10
   963.750 8.453E+10
   964.000 8.426E+10
   964.250 8.397E+10
   964.500 8.364E+10
   964.750 8.329E+10
   965.000 8.289E+10
   965.250 8.247E+10
   965.500 8.201E+10
   965.750 8.151E+10
   966.000 8.099E+10
   966.250 8.042E+10
   966.500 7.982E+10
   966.750 7.919E+10
   967.000 7.850E+10
   967.250 7.779E+10
   967.500 7.703E+10
   967.750 7.624E+10
   968.000 7.541E+10
   968.250 7.453E+10
   968.500 7.360E+10
   968.750 7.264E+10
   969.000 7.167E+10
   969.250 7.068E+10
   969.500 6.963E+10
   969.750 6.854E+10
   970.000 6.746E+10
   970.250 6.635E+10
   970.500 6.529E+10
   970.750 6.433E+10
   971.000 6.340E+10
   971.250 6.251E+10
   971.500 6.172E+10
   971.750 6.057E+10
   972.000 5.896E+10
   972.250 5.861E+10
   972.500 5.945E+10
   972.750 6.010E+10
   973.000 6.066E+10
   973.250 6.130E+10
   973.500 6.205E+10
   973.750 6.293E+10
   974.000 6.385E+10
   974.250 6.479E+10
   974.500 6.574E+10
   974.750 6.667E+10
   975.000 6.753E+10
   975.250 6.823E+10
   975.500 6.853E+10
   975.750 6.906E+10
   976.000 7.037E+10
   976.250 7.150E+10
   976.500 7.217E+10
   976.750 7.188E+10
   977.000 7.121E+10
   977.250 7.293E+10
   977.500 7.480E+10
   977.750 7.572E+10
   978.000 7.644E+10
   978.250 7.710E+10
   978.500 7.773E+10
   978.750 7.834E+10
   979.000 7.892E+10
   979.250 7.950E+10
   979.500 8.008E+10
   979.750 8.069E+10
   980.000 8.129E+10
   980.250 8.187E+10
   980.500 8.242E+10
   980.750 8.292E+10
   981.000 8.336E+10
   981.250 8.376E+10
   981.500 8.405E+10
   981.750 8.427E+10
   982.000 8.452E+10
   982.250 8.478E+10
   982.500 8.501E+10
   982.750 8.525E+10
   983.000 8.553E+10
   983.250 8.574E+10
   983.500 8.589E+10
   983.750 8.600E+10
   984.000 8.605E+10
   984.250 8.617E+10
   984.500 8.634E+10
   984.750 8.641E+10
   985.000 8.646E+10
   985.250 8.657E+10
   985.500 8.660E+10
   985.750 8.645E+10
   986.000 8.603E+10
   986.250 8.586E+10
   986.500 8.634E+10
   986.750 8.657E+10
   987.000 8.653E+10
   987.250 8.643E+10
   987.500 8.629E+10
   987.750 8.609E+10
   988.000 8.586E+10
   988.250 8.557E+10
   988.500 8.522E+10
   988.750 8.486E+10
   989.000 8.450E+10
   989.250 8.404E+10
   989.500 8.347E+10
   989.750 8.279E+10
   990.000 8.195E+10
   990.250 8.092E+10
   990.500 7.967E+10
   990.750 7.813E+10
   991.000 7.623E+10
   991.250 7.385E+10
   991.500 7.083E+10
   991.750 6.696E+10
   992.000 6.209E+10
   992.250 5.772E+10
   992.500 5.795E+10
   992.750 6.244E+10
   993.000 6.713E+10
   993.250 7.081E+10
   993.500 7.367E+10
   993.750 7.591E+10
   994.000 7.768E+10
   994.250 7.912E+10
   994.500 8.028E+10
   994.750 8.123E+10
   995.000 8.200E+10
   995.250 8.262E+10
   995.500 8.314E+10
   995.750 8.359E+10
   996.000 8.395E+10
   996.250 8.417E+10
   996.500 8.422E+10
   996.750 8.427E+10
   997.000 8.434E+10
   997.250 8.433E+10
   997.500 8.415E+10
   997.750 8.404E+10
   998.000 8.398E+10
   998.250 8.363E+10
   998.500 8.288E+10
   998.750 8.148E+10
   999.000 7.883E+10
   999.250 7.487E+10
   999.500 7.245E+10
   999.750 7.455E+10
  1000.000 7.853E+10
  1000.250 8.114E+10
  1000.500 8.246E+10
  1000.750 8.268E+10
  1001.000 8.292E+10
  1001.250 8.402E+10
  1001.500 8.460E+10
  1001.750 8.477E+10
  1002.000 8.483E+10
  1002.250 8.490E+10
  1002.500 8.508E+10
  1002.750 8.535E+10
  1003.000 8.544E+10
  1003.250 8.537E+10
  1003.500 8.529E+10
  1003.750 8.522E+10
  1004.000 8.517E+10
  1004.250 8.508E+10
  1004.500 8.496E+10
  1004.750 8.483E+10
  1005.000 8.468E+10
  1005.250 8.452E+10
  1005.500 8.439E+10
  1005.750 8.426E+10
  1006.000 8.413E+10
  1006.250 8.399E+10
  1006.500 8.384E+10
  1006.750 8.368E+10
  1007.000 8.353E+10
  1007.250 8.337E+10
  1007.500 8.320E+10
  1007.750 8.304E+10
  1008.000 8.287E+10
  1008.250 8.269E+10
  1008.500 8.246E+10
  1008.750 8.223E+10
  1009.000 8.211E+10
  1009.250 8.196E+10
  1009.500 8.177E+10
  1009.750 8.157E+10
  1010.000 8.135E+10
  1010.250 8.112E+10
  1010.500 8.090E+10
  1010.750 8.069E+10
  1011.000 8.048E+10
  1011.250 8.024E+10
  1011.500 8.000E+10
  1011.750 7.976E+10
  1012.000 7.951E+10
  1012.250 7.925E+10
  1012.500 7.898E+10
  1012.750 7.871E+10
  1013.000 7.843E+10
  1013.250 7.815E+10
  1013.500 7.785E+10
  1013.750 7.754E+10
  1014.000 7.722E+10
  1014.250 7.689E+10
  1014.500 7.654E+10
  1014.750 7.618E+10
  1015.000 7.575E+10
  1015.250 7.521E+10
  1015.500 7.469E+10
  1015.750 7.426E+10
  1016.000 7.383E+10
  1016.250 7.340E+10
  1016.500 7.296E+10
  1016.750 7.249E+10
  1017.000 7.204E+10
  1017.250 7.163E+10
  1017.500 7.116E+10
  1017.750 7.066E+10
  1018.000 7.013E+10
  1018.250 6.959E+10
  1018.500 6.897E+10
  1018.750 6.824E+10
  1019.000 6.772E+10
  1019.250 6.728E+10
  1019.500 6.672E+10
  1019.750 6.612E+10
  1020.000 6.548E+10
  1020.250 6.480E+10
  1020.500 6.412E+10
  1020.750 6.342E+10
  1021.000 6.269E+10
  1021.250 6.198E+10
  1021.500 6.124E+10
  1021.750 6.048E+10
  1022.000 5.973E+10
  1022.250 5.895E+10
  1022.500 5.813E+10
  1022.750 5.729E+10
  1023.000 5.643E+10
  1023.250 5.557E+10
  1023.500 5.470E+10
  1023.750 5.380E+10
  1024.000 5.293E+10
  1024.250 5.206E+10
  1024.500 5.116E+10
  1024.750 5.019E+10
  1025.000 4.906E+10
  1025.250 4.792E+10
  1025.500 4.729E+10
  1025.750 4.719E+10
  1026.000 4.782E+10
  1026.250 4.874E+10
  1026.500 4.956E+10
  1026.750 5.034E+10
  1027.000 5.113E+10
  1027.250 5.194E+10
  1027.500 5.273E+10
  1027.750 5.353E+10
  1028.000 5.432E+10
  1028.250 5.506E+10
  1028.500 5.580E+10
  1028.750 5.653E+10
  1029.000 5.724E+10
  1029.250 5.792E+10
  1029.500 5.857E+10
  1029.750 5.916E+10
  1030.000 5.975E+10
  1030.250 6.032E+10
  1030.500 6.092E+10
  1030.750 6.157E+10
  1031.000 6.215E+10
  1031.250 6.270E+10
  1031.500 6.294E+10
  1031.750 6.211E+10
  1032.000 6.223E+10
  1032.250 6.418E+10
  1032.500 6.529E+10
  1032.750 6.580E+10
  1033.000 6.621E+10
  1033.250 6.651E+10
  1033.500 6.681E+10
  1033.750 6.724E+10
  1034.000 6.761E+10
  1034.250 6.789E+10
  1034.500 6.814E+10
  1034.750 6.837E+10
  1035.000 6.858E+10
  1035.250 6.885E+10
  1035.500 6.923E+10
  1035.750 6.966E+10
  1036.000 7.002E+10
  1036.250 7.033E+10
  1036.500 7.063E+10
  1036.750 7.093E+10
  1037.000 7.115E+10
  1037.250 7.066E+10
  1037.500 6.885E+10
  1037.750 6.924E+10
  1038.000 7.153E+10
  1038.250 7.243E+10
  1038.500 7.270E+10
  1038.750 7.287E+10
  1039.000 7.302E+10
  1039.250 7.315E+10
  1039.500 7.323E+10
  1039.750 7.328E+10
  1040.000 7.337E+10
  1040.250 7.351E+10
  1040.500 7.365E+10
  1040.750 7.372E+10
  1041.000 7.373E+10
  1041.250 7.379E+10
  1041.500 7.389E+10
  1041.750 7.393E+10
  1042.000 7.381E+10
  1042.250 7.341E+10
  1042.500 7.345E+10
  1042.750 7.390E+10
  1043.000 7.408E+10
  1043.250 7.409E+10
  1043.500 7.403E+10
  1043.750 7.402E+10
  1044.000 7.401E+10
  1044.250 7.396E+10
  1044.500 7.409E+10
  1044.750 7.411E+10
  1045.000 7.400E+10
  1045.250 7.405E+10
  1045.500 7.411E+10
  1045.750 7.409E+10
  1046.000 7.406E+10
  1046.250 7.397E+10
  1046.500 7.394E+10
  1046.750 7.404E+10
  1047.000 7.408E+10
  1047.250 7.403E+10
  1047.500 7.398E+10
  1047.750 7.399E+10
  1048.000 7.397E+10
  1048.250 7.388E+10
  1048.500 7.378E+10
  1048.750 7.377E+10
  1049.000 7.386E+10
  1049.250 7.386E+10
  1049.500 7.382E+10
  1049.750 7.380E+10
  1050.000 7.376E+10
  1050.250 7.369E+10
  1050.500 7.361E+10
  1050.750 7.354E+10
  1051.000 7.350E+10
  1051.250 7.352E+10
  1051.500 7.350E+10
  1051.750 7.345E+10
  1052.000 7.339E+10
  1052.250 7.330E+10
  1052.500 7.311E+10
  1052.750 7.305E+10
  1053.000 7.314E+10
  1053.250 7.315E+10
  1053.500 7.310E+10
  1053.750 7.305E+10
  1054.000 7.300E+10
  1054.250 7.295E+10
  1054.500 7.288E+10
  1054.750 7.276E+10
  1055.000 7.261E+10
  1055.250 7.260E+10
  1055.500 7.260E+10
  1055.750 7.246E+10
  1056.000 7.231E+10
  1056.250 7.237E+10
  1056.500 7.239E+10
  1056.750 7.219E+10
  1057.000 7.157E+10
  1057.250 7.140E+10
  1057.500 7.191E+10
  1057.750 7.205E+10
  1058.000 7.194E+10
  1058.250 7.177E+10
  1058.500 7.179E+10
  1058.750 7.185E+10
  1059.000 7.178E+10
  1059.250 7.166E+10
  1059.500 7.145E+10
  1059.750 7.129E+10
  1060.000 7.146E+10
  1060.250 7.145E+10
  1060.500 7.105E+10
  1060.750 7.098E+10
  1061.000 7.132E+10
  1061.250 7.142E+10
  1061.500 7.137E+10
  1061.750 7.131E+10
  1062.000 7.124E+10
  1062.250 7.117E+10
  1062.500 7.107E+10
  1062.750 7.102E+10
  1063.000 7.105E+10
  1063.250 7.105E+10
  1063.500 7.101E+10
  1063.750 7.094E+10
  1064.000 7.086E+10
  1064.250 7.075E+10
  1064.500 7.062E+10
  1064.750 7.046E+10
  1065.000 7.026E+10
  1065.250 6.994E+10
  1065.500 6.943E+10
  1065.750 6.849E+10
  1066.000 6.652E+10
  1066.250 6.213E+10
  1066.500 5.611E+10
  1066.750 5.598E+10
  1067.000 6.190E+10
  1067.250 6.623E+10
  1067.500 6.799E+10
  1067.750 6.864E+10
  1068.000 6.911E+10
  1068.250 6.947E+10
  1068.500 6.965E+10
  1068.750 6.971E+10
  1069.000 6.972E+10
  1069.250 6.972E+10
  1069.500 6.970E+10
  1069.750 6.968E+10
  1070.000 6.963E+10
  1070.250 6.963E+10
  1070.500 6.963E+10
  1070.750 6.959E+10
  1071.000 6.955E+10
  1071.250 6.949E+10
  1071.500 6.943E+10
  1071.750 6.937E+10
  1072.000 6.929E+10
  1072.250 6.922E+10
  1072.500 6.919E+10
  1072.750 6.906E+10
  1073.000 6.891E+10
  1073.250 6.891E+10
  1073.500 6.881E+10
  1073.750 6.830E+10
  1074.000 6.793E+10
  1074.250 6.832E+10
  1074.500 6.845E+10
  1074.750 6.791E+10
  1075.000 6.707E+10
  1075.250 6.666E+10
  1075.500 6.651E+10
  1075.750 6.637E+10
  1076.000 6.622E+10
  1076.250 6.606E+10
  1076.500 6.586E+10
  1076.750 6.567E+10
  1077.000 6.553E+10
  1077.250 6.538E+10
  1077.500 6.519E+10
  1077.750 6.497E+10
  1078.000 6.473E+10
  1078.250 6.440E+10
  1078.500 6.398E+10
  1078.750 6.385E+10
  1079.000 6.373E+10
  1079.250 6.347E+10
  1079.500 6.316E+10
  1079.750 6.282E+10
  1080.000 6.243E+10
  1080.250 6.199E+10
  1080.500 6.138E+10
  1080.750 6.081E+10
  1081.000 6.040E+10
  1081.250 5.991E+10
  1081.500 5.941E+10
  1081.750 5.880E+10
  1082.000 5.807E+10
  1082.250 5.727E+10
  1082.500 5.639E+10
  1082.750 5.542E+10
  1083.000 5.433E+10
  1083.250 5.314E+10
  1083.500 5.182E+10
  1083.750 5.035E+10
  1084.000 4.868E+10
  1084.250 4.677E+10
  1084.500 4.457E+10
  1084.750 4.232E+10
  1085.000 4.160E+10
  1085.250 4.324E+10
  1085.500 4.549E+10
  1085.750 4.746E+10
  1086.000 4.916E+10
  1086.250 5.066E+10
  1086.500 5.198E+10
  1086.750 5.315E+10
  1087.000 5.418E+10
  1087.250 5.511E+10
  1087.500 5.583E+10
  1087.750 5.635E+10
  1088.000 5.710E+10
  1088.250 5.788E+10
  1088.500 5.845E+10
  1088.750 5.896E+10
  1089.000 5.941E+10
  1089.250 5.981E+10
  1089.500 6.016E+10
  1089.750 6.047E+10
  1090.000 6.077E+10
  1090.250 6.103E+10
  1090.500 6.125E+10
  1090.750 6.143E+10
  1091.000 6.158E+10
  1091.250 6.178E+10
  1091.500 6.193E+10
  1091.750 6.204E+10
  1092.000 6.215E+10
  1092.250 6.230E+10
  1092.500 6.243E+10
  1092.750 6.253E+10
  1093.000 6.258E+10
  1093.250 6.262E+10
  1093.500 6.271E+10
  1093.750 6.279E+10
  1094.000 6.283E+10
  1094.250 6.288E+10
  1094.500 6.292E+10
  1094.750 6.292E+10
  1095.000 6.273E+10
  1095.250 6.222E+10
  1095.500 6.237E+10
  1095.750 6.290E+10
  1096.000 6.323E+10
  1096.250 6.378E+10
  1096.500 6.420E+10
  1096.750 6.425E+10
  1097.000 6.422E+10
  1097.250 6.419E+10
  1097.500 6.413E+10
  1097.750 6.405E+10
  1098.000 6.399E+10
  1098.250 6.393E+10
  1098.500 6.388E+10
  1098.750 6.382E+10
  1099.000 6.376E+10
  1099.250 6.370E+10
  1099.500 6.360E+10
  1099.750 6.346E+10
  1100.000 6.342E+10
  1100.250 6.345E+10
  1100.500 6.341E+10
  1100.750 6.335E+10
  1101.000 6.328E+10
  1101.250 6.319E+10
  1101.500 6.305E+10
  1101.750 6.292E+10
  1102.000 6.285E+10
  1102.250 6.289E+10
  1102.500 6.288E+10
  1102.750 6.280E+10
  1103.000 6.269E+10
  1103.250 6.256E+10
  1103.500 6.249E+10
  1103.750 6.240E+10
  1104.000 6.221E+10
  1104.250 6.194E+10
  1104.500 6.192E+10
  1104.750 6.192E+10
  1105.000 6.177E+10
  1105.250 6.156E+10
  1105.500 6.128E+10
  1105.750 6.093E+10
  1106.000 6.045E+10
  1106.250 5.977E+10
  1106.500 5.892E+10
  1106.750 5.764E+10
  1107.000 5.537E+10
  1107.250 5.139E+10
  1107.500 4.634E+10
  1107.750 4.345E+10
  1108.000 4.448E+10
  1108.250 4.910E+10
  1108.500 5.360E+10
  1108.750 5.636E+10
  1109.000 5.798E+10
  1109.250 5.896E+10
  1109.500 5.957E+10
  1109.750 5.996E+10
  1110.000 6.024E+10
  1110.250 6.043E+10
  1110.500 6.049E+10
  1110.750 6.053E+10
  1111.000 6.065E+10
  1111.250 6.068E+10
  1111.500 6.061E+10
  1111.750 6.046E+10
  1112.000 6.047E+10
  1112.250 6.044E+10
  1112.500 6.011E+10
  1112.750 6.001E+10
  1113.000 6.020E+10
  1113.250 6.021E+10
  1113.500 6.012E+10
  1113.750 5.995E+10
  1114.000 5.961E+10
  1114.250 5.949E+10
  1114.500 5.960E+10
  1114.750 5.944E+10
  1115.000 5.893E+10
  1115.250 5.879E+10
  1115.500 5.885E+10
  1115.750 5.860E+10
  1116.000 5.811E+10
  1116.250 5.748E+10
  1116.500 5.680E+10
  1116.750 5.607E+10
  1117.000 5.490E+10
  1117.250 5.294E+10
  1117.500 4.976E+10
  1117.750 4.607E+10
  1118.000 4.529E+10
  1118.250 4.868E+10
  1118.500 5.212E+10
  1118.750 5.421E+10
  1119.000 5.546E+10
  1119.250 5.628E+10
  1119.500 5.681E+10
  1119.750 5.736E+10
  1120.000 5.783E+10
  1120.250 5.808E+10
  1120.500 5.813E+10
  1120.750 5.765E+10
  1121.000 5.695E+10
  1121.250 5.743E+10
  1121.500 5.815E+10
  1121.750 5.807E+10
  1122.000 5.685E+10
  1122.250 5.303E+10
  1122.500 5.018E+10
  1122.750 5.360E+10
  1123.000 5.711E+10
  1123.250 5.818E+10
  1123.500 5.845E+10
  1123.750 5.850E+10
  1124.000 5.850E+10
  1124.250 5.846E+10
  1124.500 5.846E+10
  1124.750 5.851E+10
  1125.000 5.852E+10
  1125.250 5.846E+10
  1125.500 5.835E+10
  1125.750 5.828E+10
  1126.000 5.825E+10
  1126.250 5.824E+10
  1126.500 5.820E+10
  1126.750 5.810E+10
  1127.000 5.792E+10
  1127.250 5.762E+10
  1127.500 5.678E+10
  1127.750 5.465E+10
  1128.000 5.044E+10
  1128.250 4.674E+10
  1128.500 4.884E+10
  1128.750 5.395E+10
  1129.000 5.643E+10
  1129.250 5.711E+10
  1129.500 5.736E+10
  1129.750 5.749E+10
  1130.000 5.753E+10
  1130.250 5.757E+10
  1130.500 5.756E+10
  1130.750 5.751E+10
  1131.000 5.746E+10
  1131.250 5.745E+10
  1131.500 5.744E+10
  1131.750 5.740E+10
  1132.000 5.735E+10
  1132.250 5.730E+10
  1132.500 5.724E+10
  1132.750 5.719E+10
  1133.000 5.718E+10
  1133.250 5.713E+10
  1133.500 5.702E+10
  1133.750 5.696E+10
  1134.000 5.698E+10
  1134.250 5.696E+10
  1134.500 5.690E+10
  1134.750 5.685E+10
  1135.000 5.681E+10
  1135.250 5.678E+10
  1135.500 5.674E+10
  1135.750 5.670E+10
  1136.000 5.665E+10
  1136.250 5.661E+10
  1136.500 5.656E+10
  1136.750 5.651E+10
  1137.000 5.644E+10
  1137.250 5.638E+10
  1137.500 5.632E+10
  1137.750 5.630E+10
  1138.000 5.626E+10
  1138.250 5.619E+10
  1138.500 5.618E+10
  1138.750 5.615E+10
  1139.000 5.611E+10
  1139.250 5.606E+10
  1139.500 5.600E+10
  1139.750 5.597E+10
  1140.000 5.593E+10
  1140.250 5.585E+10
  1140.500 5.576E+10
  1140.750 5.573E+10
  1141.000 5.556E+10
  1141.250 5.480E+10
  1141.500 5.442E+10
  1141.750 5.515E+10
  1142.000 5.551E+10
  1142.250 5.550E+10
  1142.500 5.546E+10
  1142.750 5.542E+10
  1143.000 5.539E+10
  1143.250 5.536E+10
  1143.500 5.531E+10
  1143.750 5.525E+10
  1144.000 5.519E+10
  1144.250 5.515E+10
  1144.500 5.512E+10
  1144.750 5.509E+10
  1145.000 5.504E+10
  1145.250 5.499E+10
  1145.500 5.495E+10
  1145.750 5.491E+10
  1146.000 5.482E+10
  1146.250 5.473E+10
  1146.500 5.466E+10
  1146.750 5.467E+10
  1147.000 5.469E+10
  1147.250 5.466E+10
  1147.500 5.461E+10
  1147.750 5.457E+10
  1148.000 5.453E+10
  1148.250 5.449E+10
  1148.500 5.444E+10
  1148.750 5.435E+10
  1149.000 5.424E+10
  1149.250 5.422E+10
  1149.500 5.424E+10
  1149.750 5.421E+10
  1150.000 5.414E+10
  1150.250 5.408E+10
  1150.500 5.406E+10
  1150.750 5.399E+10
  1151.000 5.390E+10
  1151.250 5.391E+10
  1151.500 5.389E+10
  1151.750 5.378E+10
  1152.000 5.367E+10
  1152.250 5.358E+10
  1152.500 5.275E+10
  1152.750 5.160E+10
  1153.000 5.245E+10
  1153.250 5.339E+10
  1153.500 5.349E+10
  1153.750 5.342E+10
  1154.000 5.337E+10
  1154.250 5.325E+10
  1154.500 5.300E+10
  1154.750 5.245E+10
  1155.000 5.206E+10
  1155.250 5.267E+10
  1155.500 5.309E+10
  1155.750 5.298E+10
  1156.000 5.280E+10
  1156.250 5.293E+10
  1156.500 5.302E+10
  1156.750 5.299E+10
  1157.000 5.294E+10
  1157.250 5.290E+10
  1157.500 5.284E+10
  1157.750 5.280E+10
  1158.000 5.276E+10
  1158.250 5.267E+10
  1158.500 5.257E+10
  1158.750 5.246E+10
  1159.000 5.230E+10
  1159.250 5.227E+10
  1159.500 5.232E+10
  1159.750 5.229E+10
  1160.000 5.217E+10
  1160.250 5.171E+10
  1160.500 5.118E+10
  1160.750 5.158E+10
  1161.000 5.195E+10
  1161.250 5.194E+10
  1161.500 5.188E+10
  1161.750 5.182E+10
  1162.000 5.175E+10
  1162.250 5.169E+10
  1162.500 5.162E+10
  1162.750 5.156E+10
  1163.000 5.148E+10
  1163.250 5.140E+10
  1163.500 5.130E+10
  1163.750 5.116E+10
  1164.000 5.090E+10
  1164.250 5.075E+10
  1164.500 5.080E+10
  1164.750 5.073E+10
  1165.000 5.053E+10
  1165.250 5.015E+10
  1165.500 4.916E+10
  1165.750 4.855E+10
  1166.000 4.885E+10
  1166.250 4.883E+10
  1166.500 4.890E+10
  1166.750 4.867E+10
  1167.000 4.814E+10
  1167.250 4.731E+10
  1167.500 4.573E+10
  1167.750 4.408E+10
  1168.000 4.319E+10
  1168.250 4.153E+10
  1168.500 3.869E+10
  1168.750 3.555E+10
  1169.000 3.473E+10
  1169.250 3.715E+10
  1169.500 4.025E+10
  1169.750 4.263E+10
  1170.000 4.426E+10
  1170.250 4.538E+10
  1170.500 4.645E+10
  1170.750 4.730E+10
  1171.000 4.785E+10
  1171.250 4.825E+10
  1171.500 4.853E+10
  1171.750 4.874E+10
  1172.000 4.891E+10
  1172.250 4.907E+10
  1172.500 4.920E+10
  1172.750 4.924E+10
  1173.000 4.929E+10
  1173.250 4.942E+10
  1173.500 4.948E+10
  1173.750 4.949E+10
  1174.000 4.949E+10
  1174.250 4.948E+10
  1174.500 4.923E+10
  1174.750 4.811E+10
  1175.000 4.692E+10
  1175.250 4.643E+10
  1175.500 4.518E+10
  1175.750 4.430E+10
  1176.000 4.577E+10
  1176.250 4.686E+10
  1176.500 4.774E+10
  1176.750 4.893E+10
  1177.000 4.929E+10
  1177.250 4.930E+10
  1177.500 4.927E+10
  1177.750 4.921E+10
  1178.000 4.917E+10
  1178.250 4.914E+10
  1178.500 4.908E+10
  1178.750 4.904E+10
  1179.000 4.902E+10
  1179.250 4.907E+10
  1179.500 4.911E+10
  1179.750 4.909E+10
  1180.000 4.904E+10
  1180.250 4.896E+10
  1180.500 4.866E+10
  1180.750 4.805E+10
  1181.000 4.819E+10
  1181.250 4.868E+10
  1181.500 4.878E+10
  1181.750 4.870E+10
  1182.000 4.854E+10
  1182.250 4.851E+10
  1182.500 4.857E+10
  1182.750 4.857E+10
  1183.000 4.854E+10
  1183.250 4.850E+10
  1183.500 4.843E+10
  1183.750 4.837E+10
  1184.000 4.830E+10
  1184.250 4.825E+10
  1184.500 4.824E+10
  1184.750 4.821E+10
  1185.000 4.817E+10
  1185.250 4.813E+10
  1185.500 4.807E+10
  1185.750 4.800E+10
  1186.000 4.793E+10
  1186.250 4.785E+10
  1186.500 4.768E+10
  1186.750 4.768E+10
  1187.000 4.777E+10
  1187.250 4.774E+10
  1187.500 4.769E+10
  1187.750 4.759E+10
  1188.000 4.750E+10
  1188.250 4.748E+10
  1188.500 4.742E+10
  1188.750 4.736E+10
  1189.000 4.738E+10
  1189.250 4.734E+10
  1189.500 4.727E+10
  1189.750 4.721E+10
  1190.000 4.710E+10
  1190.250 4.698E+10
  1190.500 4.696E+10
  1190.750 4.696E+10
  1191.000 4.695E+10
  1191.250 4.692E+10
  1191.500 4.688E+10
  1191.750 4.683E+10
  1192.000 4.677E+10
  1192.250 4.669E+10
  1192.500 4.663E+10
  1192.750 4.659E+10
  1193.000 4.654E+10
  1193.250 4.648E+10
  1193.500 4.640E+10
  1193.750 4.624E+10
  1194.000 4.580E+10
  1194.250 4.422E+10
  1194.500 4.298E+10
  1194.750 4.454E+10
  1195.000 4.567E+10
  1195.250 4.585E+10
  1195.500 4.586E+10
  1195.750 4.579E+10
  1196.000 4.562E+10
  1196.250 4.548E+10
  1196.500 4.543E+10
  1196.750 4.540E+10
  1197.000 4.535E+10
  1197.250 4.525E+10
  1197.500 4.502E+10
  1197.750 4.463E+10
  1198.000 4.391E+10
  1198.250 4.268E+10
  1198.500 4.190E+10
  1198.750 4.254E+10
  1199.000 4.361E+10
  1199.250 4.387E+10
  1199.500 4.387E+10
  1199.750 4.405E+10
  1200.000 4.418E+10
  1200.250 4.421E+10
  1200.500 4.424E+10
  1200.750 4.420E+10
  1201.000 4.412E+10
  1201.250 4.404E+10
  1201.500 4.391E+10
  1201.750 4.372E+10
  1202.000 4.359E+10
  1202.250 4.357E+10
  1202.500 4.349E+10
  1202.750 4.338E+10
  1203.000 4.327E+10
  1203.250 4.314E+10
  1203.500 4.301E+10
  1203.750 4.288E+10
  1204.000 4.276E+10
  1204.250 4.263E+10
  1204.500 4.243E+10
  1204.750 4.214E+10
  1205.000 4.182E+10
  1205.250 4.158E+10
  1205.500 4.134E+10
  1205.750 4.095E+10
  1206.000 4.046E+10
  1206.250 4.051E+10
  1206.500 4.065E+10
  1206.750 4.053E+10
  1207.000 4.034E+10
  1207.250 4.008E+10
  1207.500 3.980E+10
  1207.750 3.957E+10
  1208.000 3.919E+10
  1208.250 3.883E+10
  1208.500 3.874E+10
  1208.750 3.858E+10
  1209.000 3.839E+10
  1209.250 3.819E+10
  1209.500 3.793E+10
  1209.750 3.764E+10
  1210.000 3.729E+10
  1210.250 3.675E+10
  1210.500 3.641E+10
  1210.750 3.633E+10
  1211.000 3.608E+10
  1211.250 3.564E+10
  1211.500 3.514E+10
  1211.750 3.495E+10
  1212.000 3.474E+10
  1212.250 3.441E+10
  1212.500 3.403E+10
  1212.750 3.365E+10
  1213.000 3.329E+10
  1213.250 3.291E+10
  1213.500 3.251E+10
  1213.750 3.209E+10
  1214.000 3.164E+10
  1214.250 3.115E+10
  1214.500 3.061E+10
  1214.750 2.988E+10
  1215.000 2.896E+10
  1215.250 2.843E+10
  1215.500 2.819E+10
  1215.750 2.819E+10
  1216.000 2.881E+10
  1216.250 2.949E+10
  1216.500 3.003E+10
  1216.750 3.053E+10
  1217.000 3.100E+10
  1217.250 3.144E+10
  1217.500 3.185E+10
  1217.750 3.223E+10
  1218.000 3.259E+10
  1218.250 3.294E+10
  1218.500 3.327E+10
  1218.750 3.359E+10
  1219.000 3.389E+10
  1219.250 3.418E+10
  1219.500 3.449E+10
  1219.750 3.478E+10
  1220.000 3.498E+10
  1220.250 3.498E+10
  1220.500 3.513E+10
  1220.750 3.535E+10
  1221.000 3.563E+10
  1221.250 3.618E+10
  1221.500 3.654E+10
  1221.750 3.677E+10
  1222.000 3.695E+10
  1222.250 3.713E+10
  1222.500 3.718E+10
  1222.750 3.703E+10
  1223.000 3.731E+10
  1223.250 3.774E+10
  1223.500 3.790E+10
  1223.750 3.772E+10
  1224.000 3.758E+10
  1224.250 3.808E+10
  1224.500 3.842E+10
  1224.750 3.857E+10
  1225.000 3.870E+10
  1225.250 3.882E+10
  1225.500 3.892E+10
  1225.750 3.903E+10
  1226.000 3.917E+10
  1226.250 3.934E+10
  1226.500 3.945E+10
  1226.750 3.954E+10
  1227.000 3.964E+10
  1227.250 3.970E+10
  1227.500 3.965E+10
  1227.750 3.938E+10
  1228.000 3.935E+10
  1228.250 3.926E+10
  1228.500 3.810E+10
  1228.750 3.765E+10
  1229.000 3.853E+10
  1229.250 3.928E+10
  1229.500 3.920E+10
  1229.750 3.797E+10
  1230.000 3.645E+10
  1230.250 3.610E+10
  1230.500 3.597E+10
  1230.750 3.717E+10
  1231.000 3.877E+10
  1231.250 3.968E+10
  1231.500 4.003E+10
  1231.750 4.012E+10
  1232.000 4.014E+10
  1232.250 3.970E+10
  1232.500 3.925E+10
  1232.750 3.985E+10
  1233.000 4.036E+10
  1233.250 4.050E+10
  1233.500 4.057E+10
  1233.750 4.062E+10
  1234.000 4.061E+10
  1234.250 4.062E+10
  1234.500 4.062E+10
  1234.750 4.065E+10
  1235.000 4.072E+10
  1235.250 4.074E+10
  1235.500 4.071E+10
  1235.750 4.064E+10
  1236.000 4.063E+10
  1236.250 4.063E+10
  1236.500 4.063E+10
  1236.750 4.023E+10
  1237.000 3.986E+10
  1237.250 4.034E+10
  1237.500 4.070E+10
  1237.750 4.076E+10
  1238.000 4.073E+10
  1238.250 4.063E+10
  1238.500 3.999E+10
  1238.750 3.908E+10
  1239.000 3.965E+10
  1239.250 4.045E+10
  1239.500 4.044E+10
  1239.750 4.006E+10
  1240.000 3.958E+10
  1240.250 3.987E+10
  1240.500 4.047E+10
  1240.750 4.060E+10
  1241.000 4.053E+10
  1241.250 4.046E+10
  1241.500 4.041E+10
  1241.750 4.038E+10
  1242.000 4.037E+10
  1242.250 4.036E+10
  1242.500 3.995E+10
  1242.750 3.944E+10
  1243.000 3.985E+10
  1243.250 4.029E+10
  1243.500 4.036E+10
  1243.750 4.032E+10
  1244.000 4.007E+10
  1244.250 3.996E+10
  1244.500 4.018E+10
  1244.750 4.025E+10
  1245.000 4.013E+10
  1245.250 4.006E+10
  1245.500 4.011E+10
  1245.750 4.014E+10
  1246.000 4.017E+10
  1246.250 4.013E+10
  1246.500 3.995E+10
  1246.750 3.968E+10
  1247.000 3.949E+10
  1247.250 3.890E+10
  1247.500 3.885E+10
  1247.750 3.961E+10
  1248.000 3.975E+10
  1248.250 3.963E+10
  1248.500 3.969E+10
  1248.750 3.978E+10
  1249.000 3.977E+10
  1249.250 3.977E+10
  1249.500 3.976E+10
  1249.750 3.982E+10
  1250.000 3.979E+10
  1250.250 3.959E+10
  1250.500 3.942E+10
  1250.750 3.944E+10
  1251.000 3.956E+10
  1251.250 3.958E+10
  1251.500 3.953E+10
  1251.750 3.941E+10
  1252.000 3.932E+10
  1252.250 3.930E+10
  1252.500 3.868E+10
  1252.750 3.743E+10
  1253.000 3.777E+10
  1253.250 3.865E+10
  1253.500 3.811E+10
  1253.750 3.775E+10
  1254.000 3.875E+10
  1254.250 3.926E+10
  1254.500 3.932E+10
  1254.750 3.931E+10
  1255.000 3.927E+10
  1255.250 3.907E+10
  1255.500 3.878E+10
  1255.750 3.880E+10
  1256.000 3.899E+10
  1256.250 3.911E+10
  1256.500 3.911E+10
  1256.750 3.909E+10
  1257.000 3.902E+10
  1257.250 3.892E+10
  1257.500 3.876E+10
  1257.750 3.830E+10
  1258.000 3.774E+10
  1258.250 3.824E+10
  1258.500 3.871E+10
  1258.750 3.850E+10
  1259.000 3.846E+10
  1259.250 3.875E+10
  1259.500 3.879E+10
  1259.750 3.866E+10
  1260.000 3.807E+10
  1260.250 3.682E+10
  1260.500 3.654E+10
  1260.750 3.641E+10
  1261.000 3.650E+10
  1261.250 3.743E+10
  1261.500 3.828E+10
  1261.750 3.848E+10
  1262.000 3.855E+10
  1262.250 3.858E+10
  1262.500 3.853E+10
  1262.750 3.852E+10
  1263.000 3.849E+10
  1263.250 3.840E+10
  1263.500 3.836E+10
  1263.750 3.837E+10
  1264.000 3.827E+10
  1264.250 3.813E+10
  1264.500 3.805E+10
  1264.750 3.815E+10
  1265.000 3.822E+10
  1265.250 3.818E+10
  1265.500 3.781E+10
  1265.750 3.665E+10
  1266.000 3.573E+10
  1266.250 3.652E+10
  1266.500 3.759E+10
  1266.750 3.795E+10
  1267.000 3.798E+10
  1267.250 3.790E+10
  1267.500 3.786E+10
  1267.750 3.782E+10
  1268.000 3.786E+10
  1268.250 3.791E+10
  1268.500 3.791E+10
  1268.750 3.788E+10
  1269.000 3.785E+10
  1269.250 3.780E+10
  1269.500 3.776E+10
  1269.750 3.774E+10
  1270.000 3.770E+10
  1270.250 3.761E+10
  1270.500 3.743E+10
  1270.750 3.718E+10
  1271.000 3.661E+10
  1271.250 3.675E+10
  1271.500 3.732E+10
  1271.750 3.688E+10
  1272.000 3.567E+10
  1272.250 3.604E+10
  1272.500 3.691E+10
  1272.750 3.686E+10
  1273.000 3.692E+10
  1273.250 3.720E+10
  1273.500 3.712E+10
  1273.750 3.659E+10
  1274.000 3.669E+10
  1274.250 3.717E+10
  1274.500 3.727E+10
  1274.750 3.722E+10
  1275.000 3.721E+10
  1275.250 3.722E+10
  1275.500 3.717E+10
  1275.750 3.708E+10
  1276.000 3.701E+10
  1276.250 3.695E+10
  1276.500 3.655E+10
  1276.750 3.525E+10
  1277.000 3.465E+10
  1277.250 3.574E+10
  1277.500 3.661E+10
  1277.750 3.683E+10
  1278.000 3.634E+10
  1278.250 3.548E+10
  1278.500 3.588E+10
  1278.750 3.645E+10
  1279.000 3.640E+10
  1279.250 3.640E+10
  1279.500 3.641E+10
  1279.750 3.644E+10
  1280.000 3.655E+10
  1280.250 3.652E+10
  1280.500 3.648E+10
  1280.750 3.656E+10
  1281.000 3.657E+10
  1281.250 3.648E+10
  1281.500 3.644E+10
  1281.750 3.642E+10
  1282.000 3.619E+10
  1282.250 3.554E+10
  1282.500 3.523E+10
  1282.750 3.595E+10
  1283.000 3.626E+10
  1283.250 3.598E+10
  1283.500 3.590E+10
  1283.750 3.589E+10
  1284.000 3.560E+10
  1284.250 3.586E+10
  1284.500 3.614E+10
  1284.750 3.612E+10
  1285.000 3.561E+10
  1285.250 3.459E+10
  1285.500 3.476E+10
  1285.750 3.548E+10
  1286.000 3.512E+10
  1286.250 3.504E+10
  1286.500 3.564E+10
  1286.750 3.548E+10
  1287.000 3.480E+10
  1287.250 3.524E+10
  1287.500 3.577E+10
  1287.750 3.582E+10
  1288.000 3.562E+10
  1288.250 3.535E+10
  1288.500 3.556E+10
  1288.750 3.575E+10
  1289.000 3.579E+10
  1289.250 3.580E+10
  1289.500 3.577E+10
  1289.750 3.572E+10
  1290.000 3.570E+10
  1290.250 3.568E+10
  1290.500 3.567E+10
  1290.750 3.563E+10
  1291.000 3.546E+10
  1291.250 3.507E+10
  1291.500 3.496E+10
  1291.750 3.533E+10
  1292.000 3.548E+10
  1292.250 3.542E+10
  1292.500 3.517E+10
  1292.750 3.510E+10
  1293.000 3.528E+10
  1293.250 3.524E+10
  1293.500 3.523E+10
  1293.750 3.531E+10
  1294.000 3.528E+10
  1294.250 3.500E+10
  1294.500 3.451E+10
  1294.750 3.464E+10
  1295.000 3.453E+10
  1295.250 3.424E+10
  1295.500 3.452E+10
  1295.750 3.434E+10
  1296.000 3.447E+10
  1296.250 3.470E+10
  1296.500 3.401E+10
  1296.750 3.273E+10
  1297.000 3.332E+10
  1297.250 3.454E+10
  1297.500 3.474E+10
  1297.750 3.480E+10
  1298.000 3.490E+10
  1298.250 3.491E+10
  1298.500 3.485E+10
  1298.750 3.477E+10
  1299.000 3.477E+10
  1299.250 3.480E+10
  1299.500 3.473E+10
  1299.750 3.458E+10
  1300.000 3.458E+10
  1300.250 3.468E+10
  1300.500 3.462E+10
  1300.750 3.441E+10
  1301.000 3.395E+10
  1301.250 3.374E+10
  1301.500 3.372E+10
  1301.750 3.331E+10
  1302.000 3.378E+10
  1302.250 3.435E+10
  1302.500 3.440E+10
  1302.750 3.432E+10
  1303.000 3.432E+10
  1303.250 3.426E+10
  1303.500 3.415E+10
  1303.750 3.425E+10
  1304.000 3.433E+10
  1304.250 3.432E+10
  1304.500 3.423E+10
  1304.750 3.405E+10
  1305.000 3.407E+10
  1305.250 3.419E+10
  1305.500 3.416E+10
  1305.750 3.398E+10
  1306.000 3.373E+10
  1306.250 3.370E+10
  1306.500 3.377E+10
  1306.750 3.385E+10
  1307.000 3.389E+10
  1307.250 3.369E+10
  1307.500 3.359E+10
  1307.750 3.377E+10
  1308.000 3.391E+10
  1308.250 3.370E+10
  1308.500 3.289E+10
  1308.750 3.275E+10
  1309.000 3.351E+10
  1309.250 3.374E+10
  1309.500 3.354E+10
  1309.750 3.293E+10
  1310.000 3.274E+10
  1310.250 3.325E+10
  1310.500 3.327E+10
  1310.750 3.320E+10
  1311.000 3.330E+10
  1311.250 3.345E+10
  1311.500 3.350E+10
  1311.750 3.337E+10
  1312.000 3.340E+10
  1312.250 3.350E+10
  1312.500 3.344E+10
  1312.750 3.336E+10
  1313.000 3.338E+10
  1313.250 3.334E+10
  1313.500 3.335E+10
  1313.750 3.336E+10
  1314.000 3.327E+10
  1314.250 3.300E+10
  1314.500 3.280E+10
  1314.750 3.293E+10
  1315.000 3.298E+10
  1315.250 3.288E+10
  1315.500 3.267E+10
  1315.750 3.251E+10
  1316.000 3.259E+10
  1316.250 3.279E+10
  1316.500 3.292E+10
  1316.750 3.295E+10
  1317.000 3.295E+10
  1317.250 3.287E+10
  1317.500 3.241E+10
  1317.750 3.195E+10
  1318.000 3.230E+10
  1318.250 3.249E+10
  1318.500 3.253E+10
  1318.750 3.280E+10
  1319.000 3.289E+10
  1319.250 3.285E+10
  1319.500 3.284E+10
  1319.750 3.283E+10
  1320.000 3.273E+10
  1320.250 3.232E+10
  1320.500 3.207E+10
  1320.750 3.237E+10
  1321.000 3.255E+10
  1321.250 3.220E+10
  1321.500 3.202E+10
  1321.750 3.236E+10
  1322.000 3.259E+10
  1322.250 3.266E+10
  1322.500 3.265E+10
  1322.750 3.259E+10
  1323.000 3.229E+10
  1323.250 3.188E+10
  1323.500 3.210E+10
  1323.750 3.233E+10
  1324.000 3.203E+10
  1324.250 3.158E+10
  1324.500 3.190E+10
  1324.750 3.234E+10
  1325.000 3.240E+10
  1325.250 3.239E+10
  1325.500 3.233E+10
  1325.750 3.223E+10
  1326.000 3.224E+10
  1326.250 3.224E+10
  1326.500 3.215E+10
  1326.750 3.209E+10
  1327.000 3.201E+10
  1327.250 3.207E+10
  1327.500 3.215E+10
  1327.750 3.213E+10
  1328.000 3.210E+10
  1328.250 3.210E+10
  1328.500 3.208E+10
  1328.750 3.190E+10
  1329.000 3.118E+10
  1329.250 3.083E+10
  1329.500 3.152E+10
  1329.750 3.188E+10
  1330.000 3.180E+10
  1330.250 3.134E+10
  1330.500 3.116E+10
  1330.750 3.127E+10
  1331.000 3.109E+10
  1331.250 3.133E+10
  1331.500 3.143E+10
  1331.750 3.147E+10
  1332.000 3.163E+10
  1332.250 3.147E+10
  1332.500 3.144E+10
  1332.750 3.162E+10
  1333.000 3.166E+10
  1333.250 3.164E+10
  1333.500 3.158E+10
  1333.750 3.137E+10
  1334.000 3.130E+10
  1334.250 3.145E+10
  1334.500 3.154E+10
  1334.750 3.153E+10
  1335.000 3.149E+10
  1335.250 3.148E+10
  1335.500 3.145E+10
  1335.750 3.136E+10
  1336.000 3.128E+10
  1336.250 3.127E+10
  1336.500 3.116E+10
  1336.750 3.075E+10
  1337.000 3.081E+10
  1337.250 3.108E+10
  1337.500 3.049E+10
  1337.750 2.975E+10
  1338.000 3.045E+10
  1338.250 3.113E+10
  1338.500 3.120E+10
  1338.750 3.112E+10
  1339.000 3.111E+10
  1339.250 3.111E+10
  1339.500 3.096E+10
  1339.750 3.086E+10
  1340.000 3.100E+10
  1340.250 3.105E+10
  1340.500 3.104E+10
  1340.750 3.104E+10
  1341.000 3.101E+10
  1341.250 3.099E+10
  1341.500 3.099E+10
  1341.750 3.096E+10
  1342.000 3.089E+10
  1342.250 3.083E+10
  1342.500 3.081E+10
  1342.750 3.070E+10
  1343.000 3.059E+10
  1343.250 3.050E+10
  1343.500 3.055E+10
  1343.750 3.067E+10
  1344.000 3.068E+10
  1344.250 3.066E+10
  1344.500 3.065E+10
  1344.750 3.065E+10
  1345.000 3.063E+10
  1345.250 3.043E+10
  1345.500 3.008E+10
  1345.750 3.019E+10
  1346.000 3.050E+10
  1346.250 3.057E+10
  1346.500 3.055E+10
  1346.750 3.053E+10
  1347.000 3.050E+10
  1347.250 3.047E+10
  1347.500 3.041E+10
  1347.750 3.029E+10
  1348.000 3.013E+10
  1348.250 3.017E+10
  1348.500 3.027E+10
  1348.750 3.021E+10
  1349.000 3.015E+10
  1349.250 3.016E+10
  1349.500 3.017E+10
  1349.750 3.001E+10
  1350.000 2.966E+10
  1350.250 2.976E+10
  1350.500 3.000E+10
  1350.750 3.009E+10
  1351.000 3.013E+10
  1351.250 3.001E+10
  1351.500 2.985E+10
  1351.750 2.989E+10
  1352.000 2.996E+10
  1352.250 3.000E+10
  1352.500 3.000E+10
  1352.750 2.999E+10
  1353.000 2.997E+10
  1353.250 2.993E+10
  1353.500 2.979E+10
  1353.750 2.966E+10
  1354.000 2.980E+10
  1354.250 2.989E+10
  1354.500 2.977E+10
  1354.750 2.946E+10
  1355.000 2.947E+10
  1355.250 2.969E+10
  1355.500 2.972E+10
  1355.750 2.974E+10
  1356.000 2.978E+10
  1356.250 2.977E+10
  1356.500 2.972E+10
  1356.750 2.961E+10
  1357.000 2.956E+10
  1357.250 2.956E+10
  1357.500 2.933E+10
  1357.750 2.917E+10
  1358.000 2.928E+10
  1358.250 2.911E+10
  1358.500 2.894E+10
  1358.750 2.887E+10
  1359.000 2.887E+10
  1359.250 2.912E+10
  1359.500 2.934E+10
  1359.750 2.945E+10
  1360.000 2.947E+10
  1360.250 2.945E+10
  1360.500 2.943E+10
  1360.750 2.940E+10
  1361.000 2.923E+10
  1361.250 2.875E+10
  1361.500 2.811E+10
  1361.750 2.767E+10
  1362.000 2.835E+10
  1362.250 2.911E+10
  1362.500 2.915E+10
  1362.750 2.878E+10
  1363.000 2.851E+10
  1363.250 2.872E+10
  1363.500 2.876E+10
  1363.750 2.866E+10
  1364.000 2.886E+10
  1364.250 2.907E+10
  1364.500 2.907E+10
  1364.750 2.891E+10
  1365.000 2.878E+10
  1365.250 2.874E+10
  1365.500 2.863E+10
  1365.750 2.868E+10
  1366.000 2.884E+10
  1366.250 2.891E+10
  1366.500 2.894E+10
  1366.750 2.892E+10
  1367.000 2.886E+10
  1367.250 2.883E+10
  1367.500 2.886E+10
  1367.750 2.887E+10
  1368.000 2.885E+10
  1368.250 2.882E+10
  1368.500 2.880E+10
  1368.750 2.879E+10
  1369.000 2.876E+10
  1369.250 2.874E+10
  1369.500 2.873E+10
  1369.750 2.871E+10
  1370.000 2.866E+10
  1370.250 2.850E+10
  1370.500 2.787E+10
  1370.750 2.686E+10
  1371.000 2.607E+10
  1371.250 2.573E+10
  1371.500 2.703E+10
  1371.750 2.814E+10
  1372.000 2.830E+10
  1372.250 2.841E+10
  1372.500 2.843E+10
  1372.750 2.840E+10
  1373.000 2.838E+10
  1373.250 2.810E+10
  1373.500 2.721E+10
  1373.750 2.688E+10
  1374.000 2.721E+10
  1374.250 2.736E+10
  1374.500 2.709E+10
  1374.750 2.707E+10
  1375.000 2.781E+10
  1375.250 2.799E+10
  1375.500 2.793E+10
  1375.750 2.804E+10
  1376.000 2.786E+10
  1376.250 2.710E+10
  1376.500 2.706E+10
  1376.750 2.784E+10
  1377.000 2.813E+10
  1377.250 2.813E+10
  1377.500 2.806E+10
  1377.750 2.795E+10
  1378.000 2.783E+10
  1378.250 2.763E+10
  1378.500 2.725E+10
  1378.750 2.736E+10
  1379.000 2.759E+10
  1379.250 2.776E+10
  1379.500 2.790E+10
  1379.750 2.783E+10
  1380.000 2.757E+10
  1380.250 2.756E+10
  1380.500 2.779E+10
  1380.750 2.786E+10
  1381.000 2.784E+10
  1381.250 2.780E+10
  1381.500 2.775E+10
  1381.750 2.773E+10
  1382.000 2.773E+10
  1382.250 2.770E+10
  1382.500 2.768E+10
  1382.750 2.768E+10
  1383.000 2.768E+10
  1383.250 2.768E+10
  1383.500 2.765E+10
  1383.750 2.756E+10
  1384.000 2.737E+10
  1384.250 2.736E+10
  1384.500 2.751E+10
  1384.750 2.753E+10
  1385.000 2.746E+10
  1385.250 2.726E+10
  1385.500 2.701E+10
  1385.750 2.698E+10
  1386.000 2.730E+10
  1386.250 2.743E+10
  1386.500 2.741E+10
  1386.750 2.726E+10
  1387.000 2.689E+10
  1387.250 2.691E+10
  1387.500 2.711E+10
  1387.750 2.674E+10
  1388.000 2.637E+10
  1388.250 2.667E+10
  1388.500 2.704E+10
  1388.750 2.710E+10
  1389.000 2.699E+10
  1389.250 2.710E+10
  1389.500 2.720E+10
  1389.750 2.720E+10
  1390.000 2.717E+10
  1390.250 2.713E+10
  1390.500 2.693E+10
  1390.750 2.667E+10
  1391.000 2.663E+10
  1391.250 2.671E+10
  1391.500 2.692E+10
  1391.750 2.699E+10
  1392.000 2.682E+10
  1392.250 2.656E+10
  1392.500 2.667E+10
  1392.750 2.674E+10
  1393.000 2.647E+10
  1393.250 2.583E+10
  1393.500 2.425E+10
  1393.750 2.294E+10
  1394.000 2.410E+10
  1394.250 2.550E+10
  1394.500 2.604E+10
  1394.750 2.631E+10
  1395.000 2.663E+10
  1395.250 2.674E+10
  1395.500 2.675E+10
  1395.750 2.674E+10
  1396.000 2.672E+10
  1396.250 2.670E+10
  1396.500 2.668E+10
  1396.750 2.662E+10
  1397.000 2.655E+10
  1397.250 2.655E+10
  1397.500 2.657E+10
  1397.750 2.644E+10
  1398.000 2.635E+10
  1398.250 2.648E+10
  1398.500 2.658E+10
  1398.750 2.658E+10
  1399.000 2.656E+10
  1399.250 2.654E+10
  1399.500 2.652E+10
  1399.750 2.647E+10
  1400.000 2.623E+10
  1400.250 2.600E+10
  1400.500 2.622E+10
  1400.750 2.640E+10
  1401.000 2.640E+10
  1401.250 2.637E+10
  1401.500 2.635E+10
  1401.750 2.629E+10
  1402.000 2.602E+10
  1402.250 2.513E+10
  1402.500 2.381E+10
  1402.750 2.301E+10
  1403.000 2.414E+10
  1403.250 2.541E+10
  1403.500 2.588E+10
  1403.750 2.610E+10
  1404.000 2.608E+10
  1404.250 2.597E+10
  1404.500 2.601E+10
  1404.750 2.608E+10
  1405.000 2.607E+10
  1405.250 2.604E+10
  1405.500 2.606E+10
  1405.750 2.605E+10
  1406.000 2.601E+10
  1406.250 2.592E+10
  1406.500 2.533E+10
  1406.750 2.473E+10
  1407.000 2.493E+10
  1407.250 2.517E+10
  1407.500 2.561E+10
  1407.750 2.581E+10
  1408.000 2.566E+10
  1408.250 2.565E+10
  1408.500 2.579E+10
  1408.750 2.556E+10
  1409.000 2.490E+10
  1409.250 2.440E+10
  1409.500 2.460E+10
  1409.750 2.518E+10
  1410.000 2.556E+10
  1410.250 2.576E+10
  1410.500 2.579E+10
  1410.750 2.576E+10
  1411.000 2.569E+10
  1411.250 2.557E+10
  1411.500 2.536E+10
  1411.750 2.545E+10
  1412.000 2.564E+10
  1412.250 2.567E+10
  1412.500 2.566E+10
  1412.750 2.564E+10
  1413.000 2.562E+10
  1413.250 2.558E+10
  1413.500 2.557E+10
  1413.750 2.557E+10
  1414.000 2.556E+10
  1414.250 2.554E+10
  1414.500 2.547E+10
  1414.750 2.528E+10
  1415.000 2.488E+10
  1415.250 2.471E+10
  1415.500 2.513E+10
  1415.750 2.534E+10
  1416.000 2.520E+10
  1416.250 2.504E+10
  1416.500 2.520E+10
  1416.750 2.527E+10
  1417.000 2.521E+10
  1417.250 2.518E+10
  1417.500 2.494E+10
  1417.750 2.470E+10
  1418.000 2.448E+10
  1418.250 2.458E+10
  1418.500 2.497E+10
  1418.750 2.502E+10
  1419.000 2.486E+10
  1419.250 2.460E+10
  1419.500 2.431E+10
  1419.750 2.425E+10
  1420.000 2.440E+10
  1420.250 2.435E+10
  1420.500 2.414E+10
  1420.750 2.440E+10
  1421.000 2.475E+10
  1421.250 2.490E+10
  1421.500 2.493E+10
  1421.750 2.489E+10
  1422.000 2.490E+10
  1422.250 2.485E+10
  1422.500 2.476E+10
  1422.750 2.479E+10
  1423.000 2.473E+10
  1423.250 2.455E+10
  1423.500 2.441E+10
  1423.750 2.446E+10
  1424.000 2.462E+10
  1424.250 2.472E+10
  1424.500 2.476E+10
  1424.750 2.475E+10
  1425.000 2.471E+10
  1425.250 2.474E+10
  1425.500 2.477E+10
  1425.750 2.477E+10
  1426.000 2.475E+10
  1426.250 2.471E+10
  1426.500 2.469E+10
  1426.750 2.469E+10
  1427.000 2.469E+10
  1427.250 2.467E+10
  1427.500 2.462E+10
  1427.750 2.452E+10
  1428.000 2.448E+10
  1428.250 2.453E+10
  1428.500 2.456E+10
  1428.750 2.448E+10
  1429.000 2.432E+10
  1429.250 2.413E+10
  1429.500 2.398E+10
  1429.750 2.428E+10
  1430.000 2.439E+10
  1430.250 2.402E+10
  1430.500 2.350E+10
  1430.750 2.373E+10
  1431.000 2.425E+10
  1431.250 2.440E+10
  1431.500 2.441E+10
  1431.750 2.437E+10
  1432.000 2.434E+10
  1432.250 2.437E+10
  1432.500 2.436E+10
  1432.750 2.429E+10
  1433.000 2.424E+10
  1433.250 2.426E+10
  1433.500 2.428E+10
  1433.750 2.429E+10
  1434.000 2.427E+10
  1434.250 2.426E+10
  1434.500 2.424E+10
  1434.750 2.416E+10
  1435.000 2.404E+10
  1435.250 2.405E+10
  1435.500 2.413E+10
  1435.750 2.415E+10
  1436.000 2.415E+10
  1436.250 2.413E+10
  1436.500 2.410E+10
  1436.750 2.406E+10
  1437.000 2.404E+10
  1437.250 2.400E+10
  1437.500 2.390E+10
  1437.750 2.393E+10
  1438.000 2.400E+10
  1438.250 2.400E+10
  1438.500 2.397E+10
  1438.750 2.386E+10
  1439.000 2.368E+10
  1439.250 2.374E+10
  1439.500 2.384E+10
  1439.750 2.382E+10
  1440.000 2.371E+10
  1440.250 2.338E+10
  1440.500 2.291E+10
  1440.750 2.296E+10
  1441.000 2.314E+10
  1441.250 2.347E+10
  1441.500 2.371E+10
  1441.750 2.367E+10
  1442.000 2.341E+10
  1442.250 2.323E+10
  1442.500 2.352E+10
  1442.750 2.369E+10
  1443.000 2.365E+10
  1443.250 2.361E+10
  1443.500 2.364E+10
  1443.750 2.365E+10
  1444.000 2.365E+10
  1444.250 2.364E+10
  1444.500 2.363E+10
  1444.750 2.361E+10
  1445.000 2.360E+10
  1445.250 2.357E+10
  1445.500 2.351E+10
  1445.750 2.345E+10
  1446.000 2.344E+10
  1446.250 2.331E+10
  1446.500 2.289E+10
  1446.750 2.285E+10
  1447.000 2.323E+10
  1447.250 2.337E+10
  1447.500 2.336E+10
  1447.750 2.336E+10
  1448.000 2.334E+10
  1448.250 2.316E+10
  1448.500 2.285E+10
  1448.750 2.265E+10
  1449.000 2.287E+10
  1449.250 2.323E+10
  1449.500 2.320E+10
  1449.750 2.288E+10
  1450.000 2.283E+10
  1450.250 2.314E+10
  1450.500 2.325E+10
  1450.750 2.321E+10
  1451.000 2.312E+10
  1451.250 2.312E+10
  1451.500 2.317E+10
  1451.750 2.319E+10
  1452.000 2.318E+10
  1452.250 2.316E+10
  1452.500 2.312E+10
  1452.750 2.305E+10
  1453.000 2.300E+10
  1453.250 2.292E+10
  1453.500 2.263E+10
  1453.750 2.262E+10
  1454.000 2.282E+10
  1454.250 2.287E+10
  1454.500 2.280E+10
  1454.750 2.274E+10
  1455.000 2.279E+10
  1455.250 2.257E+10
  1455.500 2.233E+10
  1455.750 2.251E+10
  1456.000 2.243E+10
  1456.250 2.225E+10
  1456.500 2.264E+10
  1456.750 2.288E+10
  1457.000 2.289E+10
  1457.250 2.286E+10
  1457.500 2.271E+10
  1457.750 2.259E+10
  1458.000 2.271E+10
  1458.250 2.280E+10
  1458.500 2.279E+10
  1458.750 2.276E+10
  1459.000 2.261E+10
  1459.250 2.237E+10
  1459.500 2.213E+10
  1459.750 2.176E+10
  1460.000 2.210E+10
  1460.250 2.257E+10
  1460.500 2.253E+10
  1460.750 2.239E+10
  1461.000 2.249E+10
  1461.250 2.260E+10
  1461.500 2.263E+10
  1461.750 2.262E+10
  1462.000 2.260E+10
  1462.250 2.250E+10
  1462.500 2.224E+10
  1462.750 2.221E+10
  1463.000 2.245E+10
  1463.250 2.252E+10
  1463.500 2.249E+10
  1463.750 2.244E+10
  1464.000 2.237E+10
  1464.250 2.222E+10
  1464.500 2.189E+10
  1464.750 2.161E+10
  1465.000 2.190E+10
  1465.250 2.191E+10
  1465.500 2.191E+10
  1465.750 2.219E+10
  1466.000 2.231E+10
  1466.250 2.228E+10
  1466.500 2.201E+10
  1466.750 2.194E+10
  1467.000 2.219E+10
  1467.250 2.228E+10
  1467.500 2.228E+10
  1467.750 2.227E+10
  1468.000 2.222E+10
  1468.250 2.217E+10
  1468.500 2.214E+10
  1468.750 2.183E+10
  1469.000 2.155E+10
  1469.250 2.189E+10
  1469.500 2.215E+10
  1469.750 2.217E+10
  1470.000 2.216E+10
  1470.250 2.215E+10
  1470.500 2.213E+10
  1470.750 2.211E+10
  1471.000 2.208E+10
  1471.250 2.204E+10
  1471.500 2.203E+10
  1471.750 2.193E+10
  1472.000 2.160E+10
  1472.250 2.148E+10
  1472.500 2.151E+10
  1472.750 2.175E+10
  1473.000 2.194E+10
  1473.250 2.197E+10
  1473.500 2.196E+10
  1473.750 2.195E+10
  1474.000 2.192E+10
  1474.250 2.187E+10
  1474.500 2.187E+10
  1474.750 2.188E+10
  1475.000 2.187E+10
  1475.250 2.180E+10
  1475.500 2.167E+10
  1475.750 2.167E+10
  1476.000 2.178E+10
  1476.250 2.180E+10
  1476.500 2.178E+10
  1476.750 2.176E+10
  1477.000 2.176E+10
  1477.250 2.172E+10
  1477.500 2.165E+10
  1477.750 2.157E+10
  1478.000 2.160E+10
  1478.250 2.164E+10
  1478.500 2.164E+10
  1478.750 2.161E+10
  1479.000 2.159E+10
  1479.250 2.138E+10
  1479.500 2.118E+10
  1479.750 2.137E+10
  1480.000 2.150E+10
  1480.250 2.155E+10
  1480.500 2.157E+10
  1480.750 2.156E+10
  1481.000 2.154E+10
  1481.250 2.152E+10
  1481.500 2.150E+10
  1481.750 2.150E+10
  1482.000 2.150E+10
  1482.250 2.149E+10
  1482.500 2.146E+10
  1482.750 2.142E+10
  1483.000 2.138E+10
  1483.250 2.138E+10
  1483.500 2.141E+10
  1483.750 2.141E+10
  1484.000 2.136E+10
  1484.250 2.131E+10
  1484.500 2.131E+10
  1484.750 2.127E+10
  1485.000 2.118E+10
  1485.250 2.115E+10
  1485.500 2.117E+10
  1485.750 2.124E+10
  1486.000 2.127E+10
  1486.250 2.126E+10
  1486.500 2.121E+10
  1486.750 2.119E+10
  1487.000 2.121E+10
  1487.250 2.122E+10
  1487.500 2.121E+10
  1487.750 2.120E+10
  1488.000 2.119E+10
  1488.250 2.117E+10
  1488.500 2.115E+10
  1488.750 2.113E+10
  1489.000 2.109E+10
  1489.250 2.104E+10
  1489.500 2.104E+10
  1489.750 2.103E+10
  1490.000 2.103E+10
  1490.250 2.097E+10
  1490.500 2.093E+10
  1490.750 2.096E+10
  1491.000 2.100E+10
  1491.250 2.100E+10
  1491.500 2.100E+10
  1491.750 2.099E+10
  1492.000 2.098E+10
  1492.250 2.097E+10
  1492.500 2.095E+10
  1492.750 2.093E+10
  1493.000 2.090E+10
  1493.250 2.089E+10
  1493.500 2.089E+10
  1493.750 2.089E+10
  1494.000 2.088E+10
  1494.250 2.086E+10
  1494.500 2.083E+10
  1494.750 2.079E+10
  1495.000 2.077E+10
  1495.250 2.074E+10
  1495.500 2.070E+10
  1495.750 2.071E+10
  1496.000 2.065E+10
  1496.250 2.053E+10
  1496.500 2.062E+10
  1496.750 2.071E+10
  1497.000 2.070E+10
  1497.250 2.069E+10
  1497.500 2.068E+10
  1497.750 2.061E+10
  1498.000 2.055E+10
  1498.250 2.060E+10
  1498.500 2.063E+10
  1498.750 2.063E+10
  1499.000 2.062E+10
  1499.250 2.061E+10
  1499.500 2.059E+10
  1499.750 2.057E+10
  1500.000 2.055E+10
  1500.250 2.054E+10
  1500.500 2.053E+10
  1500.750 2.052E+10
  1501.000 2.052E+10
  1501.250 2.050E+10
  1501.500 2.049E+10
  1501.750 2.048E+10
  1502.000 2.045E+10
  1502.250 2.041E+10
  1502.500 2.041E+10
  1502.750 2.042E+10
  1503.000 2.042E+10
  1503.250 2.039E+10
  1503.500 2.035E+10
  1503.750 2.033E+10
  1504.000 2.031E+10
  1504.250 2.024E+10
  1504.500 2.025E+10
  1504.750 2.030E+10
  1505.000 2.031E+10
  1505.250 2.031E+10
  1505.500 2.030E+10
  1505.750 2.028E+10
  1506.000 2.027E+10
  1506.250 2.026E+10
  1506.500 2.024E+10
  1506.750 2.022E+10
  1507.000 2.019E+10
  1507.250 2.018E+10
  1507.500 2.017E+10
  1507.750 2.015E+10
  1508.000 2.014E+10
  1508.250 2.014E+10
  1508.500 2.012E+10
  1508.750 2.009E+10
  1509.000 2.009E+10
  1509.250 2.010E+10
  1509.500 2.008E+10
  1509.750 2.005E+10
  1510.000 2.005E+10
  1510.250 2.004E+10
  1510.500 2.000E+10
  1510.750 1.998E+10
  1511.000 1.998E+10
  1511.250 1.996E+10
  1511.500 1.996E+10
  1511.750 1.997E+10
  1512.000 1.997E+10
  1512.250 1.996E+10
  1512.500 1.995E+10
  1512.750 1.993E+10
  1513.000 1.992E+10
  1513.250 1.990E+10
  1513.500 1.988E+10
  1513.750 1.987E+10
  1514.000 1.987E+10
  1514.250 1.986E+10
  1514.500 1.984E+10
  1514.750 1.981E+10
  1515.000 1.978E+10
  1515.250 1.979E+10
  1515.500 1.978E+10
  1515.750 1.978E+10
  1516.000 1.977E+10
  1516.250 1.977E+10
  1516.500 1.974E+10
  1516.750 1.970E+10
  1517.000 1.971E+10
  1517.250 1.971E+10
  1517.500 1.968E+10
  1517.750 1.963E+10
  1518.000 1.964E+10
  1518.250 1.967E+10
  1518.500 1.965E+10
  1518.750 1.958E+10
  1519.000 1.947E+10
  1519.250 1.952E+10
  1519.500 1.957E+10
  1519.750 1.955E+10
  1520.000 1.955E+10
  1520.250 1.956E+10
  1520.500 1.956E+10
  1520.750 1.955E+10
  1521.000 1.954E+10
  1521.250 1.953E+10
  1521.500 1.952E+10
  1521.750 1.951E+10
  1522.000 1.950E+10
  1522.250 1.948E+10
  1522.500 1.947E+10
  1522.750 1.946E+10
  1523.000 1.945E+10
  1523.250 1.944E+10
  1523.500 1.942E+10
  1523.750 1.941E+10
  1524.000 1.940E+10
  1524.250 1.939E+10
  1524.500 1.937E+10
  1524.750 1.935E+10
  1525.000 1.930E+10
  1525.250 1.926E+10
  1525.500 1.927E+10
  1525.750 1.929E+10
  1526.000 1.929E+10
  1526.250 1.928E+10
  1526.500 1.926E+10
  1526.750 1.924E+10
  1527.000 1.924E+10
  1527.250 1.924E+10
  1527.500 1.923E+10
  1527.750 1.921E+10
  1528.000 1.918E+10
  1528.250 1.915E+10
  1528.500 1.915E+10
  1528.750 1.916E+10
  1529.000 1.916E+10
  1529.250 1.915E+10
  1529.500 1.913E+10
  1529.750 1.912E+10
  1530.000 1.908E+10
  1530.250 1.901E+10
  1530.500 1.898E+10
  1530.750 1.903E+10
  1531.000 1.905E+10
  1531.250 1.903E+10
  1531.500 1.900E+10
  1531.750 1.895E+10
  1532.000 1.887E+10
  1532.250 1.882E+10
  1532.500 1.879E+10
  1532.750 1.879E+10
  1533.000 1.877E+10
  1533.250 1.873E+10
  1533.500 1.876E+10
  1533.750 1.883E+10
  1534.000 1.886E+10
  1534.250 1.887E+10
  1534.500 1.888E+10
  1534.750 1.887E+10
  1535.000 1.887E+10
  1535.250 1.886E+10
  1535.500 1.885E+10
  1535.750 1.884E+10
  1536.000 1.883E+10
  1536.250 1.882E+10
  1536.500 1.881E+10
  1536.750 1.880E+10
  1537.000 1.879E+10
  1537.250 1.878E+10
  1537.500 1.877E+10
  1537.750 1.876E+10
  1538.000 1.872E+10
  1538.250 1.865E+10
  1538.500 1.862E+10
  1538.750 1.861E+10
  1539.000 1.864E+10
  1539.250 1.864E+10
  1539.500 1.863E+10
  1539.750 1.863E+10
  1540.000 1.862E+10
  1540.250 1.859E+10
  1540.500 1.858E+10
  1540.750 1.856E+10
  1541.000 1.855E+10
  1541.250 1.854E+10
  1541.500 1.852E+10
  1541.750 1.851E+10
  1542.000 1.849E+10
  1542.250 1.847E+10
  1542.500 1.845E+10
  1542.750 1.842E+10
  1543.000 1.833E+10
  1543.250 1.825E+10
  1543.500 1.830E+10
  1543.750 1.834E+10
  1544.000 1.828E+10
  1544.250 1.821E+10
  1544.500 1.822E+10
  1544.750 1.821E+10
  1545.000 1.818E+10
  1545.250 1.813E+10
  1545.500 1.806E+10
  1545.750 1.798E+10
  1546.000 1.789E+10
  1546.250 1.776E+10
  1546.500 1.760E+10
  1546.750 1.738E+10
  1547.000 1.707E+10
  1547.250 1.662E+10
  1547.500 1.599E+10
  1547.750 1.511E+10
  1548.000 1.403E+10
  1548.250 1.364E+10
  1548.500 1.448E+10
  1548.750 1.547E+10
  1549.000 1.615E+10
  1549.250 1.657E+10
  1549.500 1.675E+10
  1549.750 1.668E+10
  1550.000 1.640E+10
  1550.250 1.578E+10
  1550.500 1.467E+10
  1550.750 1.384E+10
  1551.000 1.445E+10
  1551.250 1.565E+10
  1551.500 1.650E+10
  1551.750 1.701E+10
  1552.000 1.732E+10
  1552.250 1.750E+10
  1552.500 1.763E+10
  1552.750 1.770E+10
  1553.000 1.775E+10
  1553.250 1.780E+10
  1553.500 1.783E+10
  1553.750 1.783E+10
  1554.000 1.769E+10
  1554.250 1.757E+10
  1554.500 1.775E+10
  1554.750 1.787E+10
  1555.000 1.788E+10
  1555.250 1.786E+10
  1555.500 1.785E+10
  1555.750 1.787E+10
  1556.000 1.788E+10
  1556.250 1.787E+10
  1556.500 1.785E+10
  1556.750 1.782E+10
  1557.000 1.780E+10
  1557.250 1.777E+10
  1557.500 1.779E+10
  1557.750 1.782E+10
  1558.000 1.783E+10
  1558.250 1.782E+10
  1558.500 1.782E+10
  1558.750 1.782E+10
  1559.000 1.782E+10
  1559.250 1.781E+10
  1559.500 1.780E+10
  1559.750 1.779E+10
  1560.000 1.778E+10
  1560.250 1.776E+10
  1560.500 1.776E+10
  1560.750 1.775E+10
  1561.000 1.774E+10
  1561.250 1.773E+10
  1561.500 1.772E+10
  1561.750 1.771E+10
  1562.000 1.770E+10
  1562.250 1.769E+10
  1562.500 1.767E+10
  1562.750 1.767E+10
  1563.000 1.767E+10
  1563.250 1.766E+10
  1563.500 1.764E+10
  1563.750 1.760E+10
  1564.000 1.758E+10
  1564.250 1.759E+10
  1564.500 1.760E+10
  1564.750 1.758E+10
  1565.000 1.751E+10
  1565.250 1.741E+10
  1565.500 1.747E+10
  1565.750 1.753E+10
  1566.000 1.754E+10
  1566.250 1.752E+10
  1566.500 1.749E+10
  1566.750 1.748E+10
  1567.000 1.749E+10
  1567.250 1.749E+10
  1567.500 1.748E+10
  1567.750 1.747E+10
  1568.000 1.746E+10
  1568.250 1.743E+10
  1568.500 1.742E+10
  1568.750 1.741E+10
  1569.000 1.741E+10
  1569.250 1.740E+10
  1569.500 1.740E+10
  1569.750 1.738E+10
  1570.000 1.736E+10
  1570.250 1.735E+10
  1570.500 1.735E+10
  1570.750 1.734E+10
  1571.000 1.733E+10
  1571.250 1.732E+10
  1571.500 1.731E+10
  1571.750 1.729E+10
  1572.000 1.727E+10
  1572.250 1.726E+10
  1572.500 1.722E+10
  1572.750 1.721E+10
  1573.000 1.724E+10
  1573.250 1.724E+10
  1573.500 1.724E+10
  1573.750 1.723E+10
  1574.000 1.722E+10
  1574.250 1.721E+10
  1574.500 1.719E+10
  1574.750 1.718E+10
  1575.000 1.717E+10
  1575.250 1.716E+10
  1575.500 1.714E+10
  1575.750 1.712E+10
  1576.000 1.708E+10
  1576.250 1.704E+10
  1576.500 1.703E+10
  1576.750 1.706E+10
  1577.000 1.706E+10
  1577.250 1.705E+10
  1577.500 1.704E+10
  1577.750 1.703E+10
  1578.000 1.702E+10
  1578.250 1.702E+10
  1578.500 1.702E+10
  1578.750 1.701E+10
  1579.000 1.701E+10
  1579.250 1.698E+10
  1579.500 1.690E+10
  1579.750 1.684E+10
  1580.000 1.692E+10
  1580.250 1.695E+10
  1580.500 1.695E+10
  1580.750 1.694E+10
  1581.000 1.692E+10
  1581.250 1.691E+10
  1581.500 1.690E+10
  1581.750 1.689E+10
  1582.000 1.688E+10
  1582.250 1.686E+10
  1582.500 1.684E+10
  1582.750 1.676E+10
  1583.000 1.662E+10
  1583.250 1.665E+10
  1583.500 1.676E+10
  1583.750 1.677E+10
  1584.000 1.674E+10
  1584.250 1.667E+10
  1584.500 1.663E+10
  1584.750 1.664E+10
  1585.000 1.662E+10
  1585.250 1.655E+10
  1585.500 1.643E+10
  1585.750 1.626E+10
  1586.000 1.615E+10
  1586.250 1.619E+10
  1586.500 1.636E+10
  1586.750 1.648E+10
  1587.000 1.654E+10
  1587.250 1.657E+10
  1587.500 1.659E+10
  1587.750 1.660E+10
  1588.000 1.660E+10
  1588.250 1.660E+10
  1588.500 1.659E+10
  1588.750 1.656E+10
  1589.000 1.654E+10
  1589.250 1.654E+10
  1589.500 1.655E+10
  1589.750 1.656E+10
  1590.000 1.656E+10
  1590.250 1.656E+10
  1590.500 1.655E+10
  1590.750 1.654E+10
  1591.000 1.652E+10
  1591.250 1.649E+10
  1591.500 1.641E+10
  1591.750 1.637E+10
  1592.000 1.639E+10
  1592.250 1.635E+10
  1592.500 1.636E+10
  1592.750 1.643E+10
  1593.000 1.646E+10
  1593.250 1.645E+10
  1593.500 1.643E+10
  1593.750 1.641E+10
  1594.000 1.641E+10
  1594.250 1.641E+10
  1594.500 1.640E+10
  1594.750 1.639E+10
  1595.000 1.638E+10
  1595.250 1.638E+10
  1595.500 1.637E+10
  1595.750 1.636E+10
  1596.000 1.635E+10
  1596.250 1.632E+10
  1596.500 1.631E+10
  1596.750 1.631E+10
  1597.000 1.630E+10
  1597.250 1.629E+10
  1597.500 1.629E+10
  1597.750 1.629E+10
  1598.000 1.627E+10
  1598.250 1.625E+10
  1598.500 1.621E+10
  1598.750 1.616E+10
  1599.000 1.618E+10
  1599.250 1.622E+10
  1599.500 1.622E+10
  1599.750 1.621E+10
  1600.000 1.620E+10
  1600.250 1.619E+10
  1600.500 1.618E+10
  1600.750 1.616E+10
  1601.000 1.616E+10
  1601.250 1.615E+10
  1601.500 1.614E+10
  1601.750 1.613E+10
  1602.000 1.612E+10
  1602.250 1.611E+10
  1602.500 1.611E+10
  1602.750 1.609E+10
  1603.000 1.603E+10
  1603.250 1.600E+10
  1603.500 1.604E+10
  1603.750 1.606E+10
  1604.000 1.605E+10
  1604.250 1.604E+10
  1604.500 1.603E+10
  1604.750 1.601E+10
  1605.000 1.601E+10
  1605.250 1.600E+10
  1605.500 1.595E+10
  1605.750 1.590E+10
  1606.000 1.592E+10
  1606.250 1.595E+10
  1606.500 1.591E+10
  1606.750 1.585E+10
  1607.000 1.588E+10
  1607.250 1.592E+10
  1607.500 1.590E+10
  1607.750 1.586E+10
  1608.000 1.586E+10
  1608.250 1.589E+10
  1608.500 1.588E+10
  1608.750 1.585E+10
  1609.000 1.580E+10
  1609.250 1.580E+10
  1609.500 1.582E+10
  1609.750 1.582E+10
  1610.000 1.580E+10
  1610.250 1.579E+10
  1610.500 1.578E+10
  1610.750 1.577E+10
  1611.000 1.577E+10
  1611.250 1.576E+10
  1611.500 1.571E+10
  1611.750 1.562E+10
  1612.000 1.561E+10
  1612.250 1.570E+10
  1612.500 1.573E+10
  1612.750 1.573E+10
  1613.000 1.571E+10
  1613.250 1.569E+10
  1613.500 1.569E+10
  1613.750 1.568E+10
  1614.000 1.564E+10
  1614.250 1.563E+10
  1614.500 1.564E+10
  1614.750 1.563E+10
  1615.000 1.562E+10
  1615.250 1.563E+10
  1615.500 1.563E+10
  1615.750 1.562E+10
  1616.000 1.562E+10
  1616.250 1.561E+10
  1616.500 1.559E+10
  1616.750 1.557E+10
  1617.000 1.554E+10
  1617.250 1.554E+10
  1617.500 1.554E+10
  1617.750 1.554E+10
  1618.000 1.553E+10
  1618.250 1.552E+10
  1618.500 1.552E+10
  1618.750 1.551E+10
  1619.000 1.550E+10
  1619.250 1.547E+10
  1619.500 1.545E+10
  1619.750 1.541E+10
  1620.000 1.534E+10
  1620.250 1.533E+10
  1620.500 1.536E+10
  1620.750 1.537E+10
  1621.000 1.538E+10
  1621.250 1.539E+10
  1621.500 1.540E+10
  1621.750 1.540E+10
  1622.000 1.540E+10
  1622.250 1.539E+10
  1622.500 1.538E+10
  1622.750 1.537E+10
  1623.000 1.537E+10
  1623.250 1.535E+10
  1623.500 1.534E+10
  1623.750 1.532E+10
  1624.000 1.527E+10
  1624.250 1.521E+10
  1624.500 1.526E+10
  1624.750 1.529E+10
  1625.000 1.523E+10
  1625.250 1.514E+10
  1625.500 1.520E+10
  1625.750 1.526E+10
  1626.000 1.526E+10
  1626.250 1.524E+10
  1626.500 1.523E+10
  1626.750 1.523E+10
  1627.000 1.522E+10
  1627.250 1.522E+10
  1627.500 1.521E+10
  1627.750 1.520E+10
  1628.000 1.519E+10
  1628.250 1.518E+10
  1628.500 1.517E+10
  1628.750 1.516E+10
  1629.000 1.515E+10
  1629.250 1.514E+10
  1629.500 1.513E+10
  1629.750 1.510E+10
  1630.000 1.501E+10
  1630.250 1.487E+10
  1630.500 1.478E+10
  1630.750 1.473E+10
  1631.000 1.471E+10
  1631.250 1.469E+10
  1631.500 1.468E+10
  1631.750 1.465E+10
  1632.000 1.462E+10
  1632.250 1.459E+10
  1632.500 1.456E+10
  1632.750 1.453E+10
  1633.000 1.450E+10
  1633.250 1.446E+10
  1633.500 1.442E+10
  1633.750 1.437E+10
  1634.000 1.431E+10
  1634.250 1.424E+10
  1634.500 1.416E+10
  1634.750 1.411E+10
  1635.000 1.410E+10
  1635.250 1.408E+10
  1635.500 1.403E+10
  1635.750 1.398E+10
  1636.000 1.391E+10
  1636.250 1.384E+10
  1636.500 1.376E+10
  1636.750 1.368E+10
  1637.000 1.359E+10
  1637.250 1.349E+10
  1637.500 1.339E+10
  1637.750 1.327E+10
  1638.000 1.314E+10
  1638.250 1.299E+10
  1638.500 1.283E+10
  1638.750 1.267E+10
  1639.000 1.250E+10
  1639.250 1.230E+10
  1639.500 1.208E+10
  1639.750 1.182E+10
  1640.000 1.144E+10
  1640.250 1.096E+10
  1640.500 1.084E+10
  1640.750 1.123E+10
  1641.000 1.165E+10
  1641.250 1.194E+10
  1641.500 1.216E+10
  1641.750 1.235E+10
  1642.000 1.252E+10
  1642.250 1.268E+10
  1642.500 1.282E+10
  1642.750 1.294E+10
  1643.000 1.306E+10
  1643.250 1.316E+10
  1643.500 1.325E+10
  1643.750 1.335E+10
  1644.000 1.342E+10
  1644.250 1.350E+10
  1644.500 1.357E+10
  1644.750 1.362E+10
  1645.000 1.367E+10
  1645.250 1.373E+10
  1645.500 1.377E+10
  1645.750 1.381E+10
  1646.000 1.385E+10
  1646.250 1.389E+10
  1646.500 1.392E+10
  1646.750 1.394E+10
  1647.000 1.397E+10
  1647.250 1.399E+10
  1647.500 1.402E+10
  1647.750 1.404E+10
  1648.000 1.405E+10
  1648.250 1.405E+10
  1648.500 1.403E+10
  1648.750 1.404E+10
  1649.000 1.408E+10
  1649.250 1.410E+10
  1649.500 1.411E+10
  1649.750 1.412E+10
  1650.000 1.413E+10
  1650.250 1.414E+10
  1650.500 1.414E+10
  1650.750 1.414E+10
  1651.000 1.415E+10
  1651.250 1.415E+10
  1651.500 1.414E+10
  1651.750 1.413E+10
  1652.000 1.417E+10
  1652.250 1.427E+10
  1652.500 1.432E+10
  1652.750 1.432E+10
  1653.000 1.432E+10
  1653.250 1.430E+10
  1653.500 1.427E+10
  1653.750 1.425E+10
  1654.000 1.423E+10
  1654.250 1.422E+10
  1654.500 1.419E+10
  1654.750 1.415E+10
  1655.000 1.421E+10
  1655.250 1.425E+10
  1655.500 1.424E+10
  1655.750 1.424E+10
  1656.000 1.424E+10
  1656.250 1.424E+10
  1656.500 1.423E+10
  1656.750 1.423E+10
  1657.000 1.422E+10
  1657.250 1.422E+10
  1657.500 1.421E+10
  1657.750 1.420E+10
  1658.000 1.419E+10
  1658.250 1.418E+10
  1658.500 1.416E+10
  1658.750 1.413E+10
  1659.000 1.411E+10
  1659.250 1.413E+10
  1659.500 1.414E+10
  1659.750 1.413E+10
  1660.000 1.413E+10
  1660.250 1.412E+10
  1660.500 1.411E+10
  1660.750 1.410E+10
  1661.000 1.410E+10
  1661.250 1.409E+10
  1661.500 1.408E+10
  1661.750 1.407E+10
  1662.000 1.406E+10
  1662.250 1.406E+10
  1662.500 1.405E+10
  1662.750 1.404E+10
  1663.000 1.403E+10
  1663.250 1.402E+10
  1663.500 1.401E+10
  1663.750 1.401E+10
  1664.000 1.401E+10
  1664.250 1.400E+10
  1664.500 1.399E+10
  1664.750 1.399E+10
  1665.000 1.398E+10
  1665.250 1.397E+10
  1665.500 1.396E+10
  1665.750 1.396E+10
  1666.000 1.395E+10
  1666.250 1.394E+10
  1666.500 1.393E+10
  1666.750 1.393E+10
  1667.000 1.392E+10
  1667.250 1.391E+10
  1667.500 1.390E+10
  1667.750 1.389E+10
  1668.000 1.389E+10
  1668.250 1.388E+10
  1668.500 1.387E+10
  1668.750 1.386E+10
  1669.000 1.385E+10
  1669.250 1.385E+10
  1669.500 1.384E+10
  1669.750 1.383E+10
  1670.000 1.382E+10
  1670.250 1.382E+10
  1670.500 1.381E+10
  1670.750 1.380E+10
  1671.000 1.379E+10
  1671.250 1.378E+10
  1671.500 1.378E+10
  1671.750 1.377E+10
  1672.000 1.376E+10
  1672.250 1.375E+10
  1672.500 1.374E+10
  1672.750 1.373E+10
  1673.000 1.373E+10
  1673.250 1.372E+10
  1673.500 1.371E+10
  1673.750 1.370E+10
  1674.000 1.370E+10
  1674.250 1.369E+10
  1674.500 1.369E+10
  1674.750 1.368E+10
  1675.000 1.367E+10
  1675.250 1.366E+10
  1675.500 1.365E+10
  1675.750 1.364E+10
  1676.000 1.363E+10
  1676.250 1.359E+10
  1676.500 1.357E+10
  1676.750 1.360E+10
  1677.000 1.360E+10
  1677.250 1.359E+10
  1677.500 1.359E+10
  1677.750 1.358E+10
  1678.000 1.358E+10
  1678.250 1.357E+10
  1678.500 1.356E+10
  1678.750 1.356E+10
  1679.000 1.355E+10
  1679.250 1.354E+10
  1679.500 1.352E+10
  1679.750 1.349E+10
  1680.000 1.346E+10
  1680.250 1.347E+10
  1680.500 1.350E+10
  1680.750 1.350E+10
  1681.000 1.349E+10
  1681.250 1.348E+10
  1681.500 1.347E+10
  1681.750 1.347E+10
  1682.000 1.346E+10
  1682.250 1.345E+10
  1682.500 1.342E+10
  1682.750 1.333E+10
  1683.000 1.322E+10
  1683.250 1.328E+10
  1683.500 1.338E+10
  1683.750 1.340E+10
  1684.000 1.340E+10
  1684.250 1.339E+10
  1684.500 1.339E+10
  1684.750 1.338E+10
  1685.000 1.337E+10
  1685.250 1.337E+10
  1685.500 1.336E+10
  1685.750 1.335E+10
  1686.000 1.334E+10
  1686.250 1.334E+10
  1686.500 1.332E+10
  1686.750 1.331E+10
  1687.000 1.330E+10
  1687.250 1.329E+10
  1687.500 1.329E+10
  1687.750 1.328E+10
  1688.000 1.328E+10
  1688.250 1.328E+10
  1688.500 1.327E+10
  1688.750 1.326E+10
  1689.000 1.326E+10
  1689.250 1.325E+10
  1689.500 1.324E+10
  1689.750 1.323E+10
  1690.000 1.322E+10
  1690.250 1.322E+10
  1690.500 1.321E+10
  1690.750 1.320E+10
  1691.000 1.320E+10
  1691.250 1.319E+10
  1691.500 1.318E+10
  1691.750 1.318E+10
  1692.000 1.317E+10
  1692.250 1.316E+10
  1692.500 1.315E+10
  1692.750 1.315E+10
  1693.000 1.314E+10
  1693.250 1.313E+10
  1693.500 1.313E+10
  1693.750 1.312E+10
  1694.000 1.311E+10
  1694.250 1.310E+10
  1694.500 1.310E+10
  1694.750 1.309E+10
  1695.000 1.308E+10
  1695.250 1.308E+10
  1695.500 1.307E+10
  1695.750 1.306E+10
  1696.000 1.305E+10
  1696.250 1.305E+10
  1696.500 1.304E+10
  1696.750 1.303E+10
  1697.000 1.302E+10
  1697.250 1.300E+10
  1697.500 1.300E+10
  1697.750 1.300E+10
  1698.000 1.299E+10
  1698.250 1.298E+10
  1698.500 1.293E+10
  1698.750 1.285E+10
  1699.000 1.286E+10
  1699.250 1.293E+10
  1699.500 1.294E+10
  1699.750 1.294E+10
  1700.000 1.294E+10
  1700.250 1.293E+10
  1700.500 1.292E+10
  1700.750 1.291E+10
  1701.000 1.291E+10
  1701.250 1.290E+10
  1701.500 1.290E+10
  1701.750 1.289E+10
  1702.000 1.288E+10
  1702.250 1.287E+10
  1702.500 1.286E+10
  1702.750 1.286E+10
  1703.000 1.284E+10
  1703.250 1.281E+10
  1703.500 1.278E+10
  1703.750 1.279E+10
  1704.000 1.281E+10
  1704.250 1.282E+10
  1704.500 1.281E+10
  1704.750 1.279E+10
  1705.000 1.278E+10
  1705.250 1.278E+10
  1705.500 1.278E+10
  1705.750 1.277E+10
  1706.000 1.277E+10
  1706.250 1.276E+10
  1706.500 1.276E+10
  1706.750 1.274E+10
  1707.000 1.272E+10
  1707.250 1.272E+10
  1707.500 1.272E+10
  1707.750 1.272E+10
  1708.000 1.271E+10
  1708.250 1.271E+10
  1708.500 1.270E+10
  1708.750 1.269E+10
  1709.000 1.269E+10
  1709.250 1.268E+10
  1709.500 1.267E+10
  1709.750 1.265E+10
  1710.000 1.265E+10
  1710.250 1.265E+10
  1710.500 1.264E+10
  1710.750 1.264E+10
  1711.000 1.263E+10
  1711.250 1.262E+10
  1711.500 1.261E+10
  1711.750 1.261E+10
  1712.000 1.260E+10
  1712.250 1.259E+10
  1712.500 1.258E+10
  1712.750 1.258E+10
  1713.000 1.257E+10
  1713.250 1.257E+10
  1713.500 1.256E+10
  1713.750 1.255E+10
  1714.000 1.255E+10
  1714.250 1.254E+10
  1714.500 1.253E+10
  1714.750 1.252E+10
  1715.000 1.251E+10
  1715.250 1.251E+10
  1715.500 1.250E+10
  1715.750 1.250E+10
  1716.000 1.249E+10
  1716.250 1.248E+10
  1716.500 1.247E+10
  1716.750 1.246E+10
  1717.000 1.245E+10
  1717.250 1.244E+10
  1717.500 1.244E+10
  1717.750 1.242E+10
  1718.000 1.241E+10
  1718.250 1.240E+10
  1718.500 1.240E+10
  1718.750 1.239E+10
  1719.000 1.238E+10
  1719.250 1.237E+10
  1719.500 1.235E+10
  1719.750 1.233E+10
  1720.000 1.231E+10
  1720.250 1.229E+10
  1720.500 1.225E+10
  1720.750 1.220E+10
  1721.000 1.211E+10
  1721.250 1.196E+10
  1721.500 1.164E+10
  1721.750 1.091E+10
  1722.000 9.983E+09
  1722.250 1.010E+10
  1722.500 1.094E+10
  1722.750 1.154E+10
  1723.000 1.189E+10
  1723.250 1.205E+10
  1723.500 1.213E+10
  1723.750 1.216E+10
  1724.000 1.218E+10
  1724.250 1.219E+10
  1724.500 1.220E+10
  1724.750 1.221E+10
  1725.000 1.221E+10
  1725.250 1.221E+10
  1725.500 1.220E+10
  1725.750 1.220E+10
  1726.000 1.220E+10
  1726.250 1.219E+10
  1726.500 1.218E+10
  1726.750 1.216E+10
  1727.000 1.208E+10
  1727.250 1.195E+10
  1727.500 1.194E+10
  1727.750 1.207E+10
  1728.000 1.213E+10
  1728.250 1.214E+10
  1728.500 1.214E+10
  1728.750 1.214E+10
  1729.000 1.214E+10
  1729.250 1.213E+10
  1729.500 1.213E+10
  1729.750 1.212E+10
  1730.000 1.211E+10
  1730.250 1.211E+10
  1730.500 1.209E+10
  1730.750 1.207E+10
  1731.000 1.208E+10
  1731.250 1.208E+10
  1731.500 1.207E+10
  1731.750 1.205E+10
  1732.000 1.205E+10
  1732.250 1.206E+10
  1732.500 1.205E+10
  1732.750 1.201E+10
  1733.000 1.198E+10
  1733.250 1.201E+10
  1733.500 1.203E+10
  1733.750 1.203E+10
  1734.000 1.202E+10
  1734.250 1.201E+10
  1734.500 1.201E+10
  1734.750 1.200E+10
  1735.000 1.199E+10
  1735.250 1.199E+10
  1735.500 1.198E+10
  1735.750 1.197E+10
  1736.000 1.197E+10
  1736.250 1.196E+10
  1736.500 1.195E+10
  1736.750 1.195E+10
  1737.000 1.194E+10
  1737.250 1.194E+10
  1737.500 1.193E+10
  1737.750 1.192E+10
  1738.000 1.191E+10
  1738.250 1.189E+10
  1738.500 1.181E+10
  1738.750 1.168E+10
  1739.000 1.171E+10
  1739.250 1.183E+10
  1739.500 1.187E+10
  1739.750 1.187E+10
  1740.000 1.186E+10
  1740.250 1.186E+10
  1740.500 1.185E+10
  1740.750 1.185E+10
  1741.000 1.184E+10
  1741.250 1.183E+10
  1741.500 1.183E+10
  1741.750 1.182E+10
  1742.000 1.182E+10
  1742.250 1.181E+10
  1742.500 1.180E+10
  1742.750 1.180E+10
  1743.000 1.179E+10
  1743.250 1.178E+10
  1743.500 1.178E+10
  1743.750 1.177E+10
  1744.000 1.176E+10
  1744.250 1.176E+10
  1744.500 1.175E+10
  1744.750 1.175E+10
  1745.000 1.174E+10
  1745.250 1.173E+10
  1745.500 1.172E+10
  1745.750 1.170E+10
  1746.000 1.164E+10
  1746.250 1.162E+10
  1746.500 1.167E+10
  1746.750 1.169E+10
  1747.000 1.168E+10
  1747.250 1.164E+10
  1747.500 1.158E+10
  1747.750 1.160E+10
  1748.000 1.164E+10
  1748.250 1.165E+10
  1748.500 1.162E+10
  1748.750 1.153E+10
  1749.000 1.150E+10
  1749.250 1.157E+10
  1749.500 1.162E+10
  1749.750 1.162E+10
  1750.000 1.161E+10
  1750.250 1.161E+10
  1750.500 1.160E+10
  1750.750 1.160E+10
  1751.000 1.159E+10
  1751.250 1.158E+10
  1751.500 1.157E+10
  1751.750 1.156E+10
  1752.000 1.156E+10
  1752.250 1.156E+10
  1752.500 1.155E+10
  1752.750 1.155E+10
  1753.000 1.154E+10
  1753.250 1.153E+10
  1753.500 1.153E+10
  1753.750 1.152E+10
  1754.000 1.152E+10
  1754.250 1.151E+10
  1754.500 1.151E+10
  1754.750 1.150E+10
  1755.000 1.149E+10
  1755.250 1.148E+10
  1755.500 1.148E+10
  1755.750 1.147E+10
  1756.000 1.147E+10
  1756.250 1.146E+10
  1756.500 1.146E+10
  1756.750 1.145E+10
  1757.000 1.144E+10
  1757.250 1.144E+10
  1757.500 1.143E+10
  1757.750 1.142E+10
  1758.000 1.141E+10
  1758.250 1.141E+10
  1758.500 1.141E+10
  1758.750 1.140E+10
  1759.000 1.140E+10
  1759.250 1.139E+10
  1759.500 1.138E+10
  1759.750 1.138E+10
  1760.000 1.137E+10
  1760.250 1.135E+10
  1760.500 1.134E+10
  1760.750 1.134E+10
  1761.000 1.134E+10
  1761.250 1.134E+10
  1761.500 1.134E+10
  1761.750 1.133E+10
  1762.000 1.132E+10
  1762.250 1.131E+10
  1762.500 1.128E+10
  1762.750 1.127E+10
  1763.000 1.129E+10
  1763.250 1.129E+10
  1763.500 1.128E+10
  1763.750 1.128E+10
  1764.000 1.127E+10
  1764.250 1.127E+10
  1764.500 1.126E+10
  1764.750 1.125E+10
  1765.000 1.125E+10
  1765.250 1.124E+10
  1765.500 1.122E+10
  1765.750 1.119E+10
  1766.000 1.120E+10
  1766.250 1.121E+10
  1766.500 1.121E+10
  1766.750 1.120E+10
  1767.000 1.119E+10
  1767.250 1.119E+10
  1767.500 1.119E+10
  1767.750 1.119E+10
  1768.000 1.118E+10
  1768.250 1.118E+10
  1768.500 1.117E+10
  1768.750 1.116E+10
  1769.000 1.116E+10
  1769.250 1.115E+10
  1769.500 1.115E+10
  1769.750 1.114E+10
  1770.000 1.114E+10
  1770.250 1.113E+10
  1770.500 1.112E+10
  1770.750 1.112E+10
  1771.000 1.111E+10
  1771.250 1.110E+10
  1771.500 1.110E+10
  1771.750 1.109E+10
  1772.000 1.109E+10
  1772.250 1.108E+10
  1772.500 1.107E+10
  1772.750 1.106E+10
  1773.000 1.105E+10
  1773.250 1.105E+10
  1773.500 1.105E+10
  1773.750 1.104E+10
  1774.000 1.104E+10
  1774.250 1.103E+10
  1774.500 1.103E+10
  1774.750 1.102E+10
  1775.000 1.102E+10
  1775.250 1.101E+10
  1775.500 1.101E+10
  1775.750 1.100E+10
  1776.000 1.100E+10
  1776.250 1.099E+10
  1776.500 1.098E+10
  1776.750 1.097E+10
  1777.000 1.097E+10
  1777.250 1.097E+10
  1777.500 1.096E+10
  1777.750 1.095E+10
  1778.000 1.095E+10
  1778.250 1.094E+10
  1778.500 1.094E+10
  1778.750 1.093E+10
  1779.000 1.092E+10
  1779.250 1.092E+10
  1779.500 1.091E+10
  1779.750 1.091E+10
  1780.000 1.090E+10
  1780.250 1.090E+10
  1780.500 1.089E+10
  1780.750 1.089E+10
  1781.000 1.088E+10
  1781.250 1.087E+10
  1781.500 1.087E+10
  1781.750 1.086E+10
  1782.000 1.085E+10
  1782.250 1.085E+10
  1782.500 1.084E+10
  1782.750 1.082E+10
  1783.000 1.077E+10
  1783.250 1.072E+10
  1783.500 1.076E+10
  1783.750 1.080E+10
  1784.000 1.081E+10
  1784.250 1.081E+10
  1784.500 1.080E+10
  1784.750 1.079E+10
  1785.000 1.079E+10
  1785.250 1.078E+10
  1785.500 1.078E+10
  1785.750 1.077E+10
  1786.000 1.077E+10
  1786.250 1.076E+10
  1786.500 1.076E+10
  1786.750 1.075E+10
  1787.000 1.074E+10
  1787.250 1.074E+10
  1787.500 1.073E+10
  1787.750 1.072E+10
  1788.000 1.071E+10
  1788.250 1.071E+10
  1788.500 1.071E+10
  1788.750 1.071E+10
  1789.000 1.070E+10
  1789.250 1.069E+10
  1789.500 1.069E+10
  1789.750 1.068E+10
  1790.000 1.068E+10
  1790.250 1.067E+10
  1790.500 1.067E+10
  1790.750 1.066E+10
  1791.000 1.065E+10
  1791.250 1.065E+10
  1791.500 1.064E+10
  1791.750 1.064E+10
  1792.000 1.063E+10
  1792.250 1.063E+10
  1792.500 1.062E+10
  1792.750 1.062E+10
  1793.000 1.061E+10
  1793.250 1.060E+10
  1793.500 1.060E+10
  1793.750 1.059E+10
  1794.000 1.059E+10
  1794.250 1.057E+10
  1794.500 1.055E+10
  1794.750 1.055E+10
  1795.000 1.056E+10
  1795.250 1.056E+10
  1795.500 1.055E+10
  1795.750 1.055E+10
  1796.000 1.054E+10
  1796.250 1.053E+10
  1796.500 1.053E+10
  1796.750 1.052E+10
  1797.000 1.052E+10
  1797.250 1.051E+10
  1797.500 1.050E+10
  1797.750 1.050E+10
  1798.000 1.050E+10
  1798.250 1.049E+10
  1798.500 1.049E+10
  1798.750 1.047E+10
  1799.000 1.046E+10
  1799.250 1.047E+10
  1799.500 1.047E+10
  1799.750 1.046E+10
  1800.000 1.045E+10
  1800.250 1.041E+10
  1800.500 1.033E+10
  1800.750 1.031E+10
  1801.000 1.038E+10
  1801.250 1.042E+10
  1801.500 1.042E+10
  1801.750 1.042E+10
  1802.000 1.041E+10
  1802.250 1.041E+10
  1802.500 1.040E+10
  1802.750 1.040E+10
  1803.000 1.039E+10
  1803.250 1.039E+10
  1803.500 1.038E+10
  1803.750 1.038E+10
  1804.000 1.037E+10
  1804.250 1.037E+10
  1804.500 1.036E+10
  1804.750 1.036E+10
  1805.000 1.035E+10
  1805.250 1.035E+10
  1805.500 1.034E+10
  1805.750 1.033E+10
  1806.000 1.033E+10
  1806.250 1.032E+10
  1806.500 1.032E+10
  1806.750 1.031E+10
  1807.000 1.030E+10
  1807.250 1.029E+10
  1807.500 1.027E+10
  1807.750 1.027E+10
  1808.000 1.028E+10
  1808.250 1.027E+10
  1808.500 1.025E+10
  1808.750 1.025E+10
  1809.000 1.026E+10
  1809.250 1.026E+10
  1809.500 1.025E+10
  1809.750 1.025E+10
  1810.000 1.024E+10
  1810.250 1.024E+10
  1810.500 1.023E+10
  1810.750 1.023E+10
  1811.000 1.022E+10
  1811.250 1.022E+10
  1811.500 1.021E+10
  1811.750 1.021E+10
  1812.000 1.020E+10
  1812.250 1.020E+10
  1812.500 1.019E+10
  1812.750 1.019E+10
  1813.000 1.018E+10
  1813.250 1.018E+10
  1813.500 1.017E+10
  1813.750 1.017E+10
  1814.000 1.016E+10
  1814.250 1.016E+10
  1814.500 1.015E+10
  1814.750 1.014E+10
  1815.000 1.014E+10
  1815.250 1.013E+10
  1815.500 1.013E+10
  1815.750 1.011E+10
  1816.000 1.008E+10
  1816.250 1.006E+10
  1816.500 1.009E+10
  1816.750 1.010E+10
  1817.000 1.010E+10
  1817.250 1.009E+10
  1817.500 1.009E+10
  1817.750 1.008E+10
  1818.000 1.008E+10
  1818.250 1.007E+10
  1818.500 1.007E+10
  1818.750 1.006E+10
  1819.000 1.005E+10
  1819.250 1.005E+10
  1819.500 1.004E+10
  1819.750 1.004E+10
  1820.000 1.002E+10
  1820.250 1.001E+10
  1820.500 1.000E+10
  1820.750 1.001E+10
  1821.000 1.001E+10
  1821.250 1.001E+10
  1821.500 1.000E+10
  1821.750 9.999E+09
  1822.000 9.994E+09
  1822.250 9.990E+09
  1822.500 9.985E+09
  1822.750 9.980E+09
  1823.000 9.975E+09
  1823.250 9.969E+09
  1823.500 9.964E+09
  1823.750 9.959E+09
  1824.000 9.954E+09
  1824.250 9.949E+09
  1824.500 9.944E+09
  1824.750 9.939E+09
  1825.000 9.933E+09
  1825.250 9.928E+09
  1825.500 9.923E+09
  1825.750 9.919E+09
  1826.000 9.913E+09
  1826.250 9.907E+09
  1826.500 9.897E+09
  1826.750 9.888E+09
  1827.000 9.887E+09
  1827.250 9.886E+09
  1827.500 9.882E+09
  1827.750 9.875E+09
  1828.000 9.868E+09
  1828.250 9.865E+09
  1828.500 9.862E+09
  1828.750 9.858E+09
  1829.000 9.853E+09
  1829.250 9.848E+09
  1829.500 9.843E+09
  1829.750 9.837E+09
  1830.000 9.830E+09
  1830.250 9.825E+09
  1830.500 9.821E+09
  1830.750 9.817E+09
  1831.000 9.812E+09
  1831.250 9.806E+09
  1831.500 9.802E+09
  1831.750 9.798E+09
  1832.000 9.792E+09
  1832.250 9.785E+09
  1832.500 9.780E+09
  1832.750 9.777E+09
  1833.000 9.773E+09
  1833.250 9.768E+09
  1833.500 9.763E+09
  1833.750 9.757E+09
  1834.000 9.753E+09
  1834.250 9.748E+09
  1834.500 9.743E+09
  1834.750 9.738E+09
  1835.000 9.733E+09
  1835.250 9.728E+09
  1835.500 9.723E+09
  1835.750 9.718E+09
  1836.000 9.713E+09
  1836.250 9.708E+09
  1836.500 9.703E+09
  1836.750 9.698E+09
  1837.000 9.690E+09
  1837.250 9.670E+09
  1837.500 9.647E+09
  1837.750 9.656E+09
  1838.000 9.659E+09
  1838.250 9.640E+09
  1838.500 9.624E+09
  1838.750 9.624E+09
  1839.000 9.634E+09
  1839.250 9.641E+09
  1839.500 9.640E+09
  1839.750 9.636E+09
  1840.000 9.631E+09
  1840.250 9.627E+09
  1840.500 9.623E+09
  1840.750 9.619E+09
  1841.000 9.614E+09
  1841.250 9.608E+09
  1841.500 9.601E+09
  1841.750 9.592E+09
  1842.000 9.571E+09
  1842.250 9.529E+09
  1842.500 9.519E+09
  1842.750 9.553E+09
  1843.000 9.566E+09
  1843.250 9.564E+09
  1843.500 9.559E+09
  1843.750 9.554E+09
  1844.000 9.547E+09
  1844.250 9.540E+09
  1844.500 9.534E+09
  1844.750 9.527E+09
  1845.000 9.520E+09
  1845.250 9.510E+09
  1845.500 9.499E+09
  1845.750 9.485E+09
  1846.000 9.470E+09
  1846.250 9.450E+09
  1846.500 9.422E+09
  1846.750 9.394E+09
  1847.000 9.379E+09
  1847.250 9.386E+09
  1847.500 9.406E+09
  1847.750 9.425E+09
  1848.000 9.438E+09
  1848.250 9.443E+09
  1848.500 9.445E+09
  1848.750 9.444E+09
  1849.000 9.441E+09
  1849.250 9.435E+09
  1849.500 9.423E+09
  1849.750 9.414E+09
  1850.000 9.413E+09
