   850.000 8.618E+10
   850.250 8.611E+10
   850.500 8.604E+10
   850.750 8.597E+10
   851.000 8.590E+10
   851.250 8.580E+10
   851.500 8.555E+10
   851.750 8.507E+10
   852.000 8.377E+10
   852.250 8.318E+10
   852.500 8.462E+10
   852.750 8.511E+10
   853.000 8.492E+10
   853.250 8.503E+10
   853.500 8.513E+10
   853.750 8.508E+10
   854.000 8.500E+10
   854.250 8.487E+10
   854.500 8.411E+10
   854.750 8.252E+10
   855.000 8.272E+10
   855.250 8.404E+10
   855.500 8.449E+10
   855.750 8.448E+10
   856.000 8.441E+10
   856.250 8.434E+10
   856.500 8.425E+10
   856.750 8.412E+10
   857.000 8.403E+10
   857.250 8.398E+10
   857.500 8.346E+10
   857.750 8.188E+10
   858.000 8.180E+10
   858.250 8.323E+10
   858.500 8.364E+10
   858.750 8.358E+10
   859.000 8.344E+10
   859.250 8.331E+10
   859.500 8.326E+10
   859.750 8.328E+10
   860.000 8.323E+10
   860.250 8.310E+10
   860.500 8.291E+10
   860.750 8.288E+10
   861.000 8.285E+10
   861.250 8.277E+10
   861.500 8.262E+10
   861.750 8.250E+10
   862.000 8.257E+10
   862.250 8.254E+10
   862.500 8.247E+10
   862.750 8.240E+10
   863.000 8.226E+10
   863.250 8.218E+10
   863.500 8.220E+10
   863.750 8.216E+10
   864.000 8.209E+10
   864.250 8.202E+10
   864.500 8.195E+10
   864.750 8.185E+10
   865.000 8.159E+10
   865.250 8.087E+10
   865.500 8.035E+10
   865.750 8.105E+10
   866.000 8.145E+10
   866.250 8.144E+10
   866.500 8.131E+10
   866.750 8.121E+10
   867.000 8.116E+10
   867.250 8.107E+10
   867.500 8.106E+10
   867.750 8.103E+10
   868.000 8.096E+10
   868.250 8.089E+10
   868.500 8.082E+10
   868.750 8.074E+10
   869.000 8.067E+10
   869.250 8.060E+10
   869.500 8.051E+10
   869.750 8.045E+10
   870.000 8.040E+10
   870.250 8.034E+10
   870.500 8.026E+10
   870.750 8.013E+10
   871.000 7.956E+10
   871.250 7.820E+10
   871.500 7.813E+10
   871.750 7.937E+10
   872.000 7.951E+10
   872.250 7.920E+10
   872.500 7.943E+10
   872.750 7.961E+10
   873.000 7.957E+10
   873.250 7.948E+10
   873.500 7.938E+10
   873.750 7.930E+10
   874.000 7.926E+10
   874.250 7.923E+10
   874.500 7.917E+10
   874.750 7.910E+10
   875.000 7.902E+10
   875.250 7.894E+10
   875.500 7.889E+10
   875.750 7.883E+10
   876.000 7.876E+10
   876.250 7.869E+10
   876.500 7.863E+10
   876.750 7.856E+10
   877.000 7.849E+10
   877.250 7.842E+10
   877.500 7.836E+10
   877.750 7.828E+10
   878.000 7.811E+10
   878.250 7.790E+10
   878.500 7.796E+10
   878.750 7.800E+10
   879.000 7.795E+10
   879.250 7.789E+10
   879.500 7.782E+10
   879.750 7.776E+10
   880.000 7.769E+10
   880.250 7.762E+10
   880.500 7.756E+10
   880.750 7.749E+10
   881.000 7.741E+10
   881.250 7.735E+10
   881.500 7.729E+10
   881.750 7.723E+10
   882.000 7.716E+10
   882.250 7.709E+10
   882.500 7.700E+10
   882.750 7.677E+10
   883.000 7.625E+10
   883.250 7.581E+10
   883.500 7.556E+10
   883.750 7.602E+10
   884.000 7.643E+10
   884.250 7.602E+10
   884.500 7.566E+10
   884.750 7.609E+10
   885.000 7.632E+10
   885.250 7.626E+10
   885.500 7.595E+10
   885.750 7.555E+10
   886.000 7.575E+10
   886.250 7.599E+10
   886.500 7.598E+10
   886.750 7.591E+10
   887.000 7.585E+10
   887.250 7.578E+10
   887.500 7.572E+10
   887.750 7.565E+10
   888.000 7.558E+10
   888.250 7.552E+10
   888.500 7.545E+10
   888.750 7.536E+10
   889.000 7.527E+10
   889.250 7.523E+10
   889.500 7.518E+10
   889.750 7.511E+10
   890.000 7.504E+10
   890.250 7.497E+10
   890.500 7.488E+10
   890.750 7.479E+10
   891.000 7.470E+10
   891.250 7.459E+10
   891.500 7.443E+10
   891.750 7.415E+10
   892.000 7.334E+10
   892.250 7.005E+10
   892.500 6.324E+10
   892.750 6.278E+10
   893.000 6.945E+10
   893.250 7.292E+10
   893.500 7.369E+10
   893.750 7.384E+10
   894.000 7.364E+10
   894.250 7.304E+10
   894.500 7.313E+10
   894.750 7.356E+10
   895.000 7.362E+10
   895.250 7.365E+10
   895.500 7.364E+10
   895.750 7.360E+10
   896.000 7.353E+10
   896.250 7.347E+10
   896.500 7.343E+10
   896.750 7.337E+10
   897.000 7.332E+10
   897.250 7.326E+10
   897.500 7.320E+10
   897.750 7.313E+10
   898.000 7.307E+10
   898.250 7.301E+10
   898.500 7.295E+10
   898.750 7.289E+10
   899.000 7.283E+10
   899.250 7.274E+10
   899.500 7.265E+10
   899.750 7.263E+10
   900.000 7.259E+10
   900.250 7.253E+10
   900.500 7.242E+10
   900.750 7.221E+10
   901.000 7.212E+10
   901.250 7.222E+10
   901.500 7.222E+10
   901.750 7.216E+10
   902.000 7.211E+10
   902.250 7.203E+10
   902.500 7.180E+10
   902.750 7.136E+10
   903.000 7.143E+10
   903.250 7.172E+10
   903.500 7.174E+10
   903.750 7.168E+10
   904.000 7.162E+10
   904.250 7.156E+10
   904.500 7.151E+10
   904.750 7.145E+10
   905.000 7.138E+10
   905.250 7.130E+10
   905.500 7.110E+10
   905.750 7.051E+10
   906.000 7.041E+10
   906.250 7.089E+10
   906.500 7.102E+10
   906.750 7.097E+10
   907.000 7.091E+10
   907.250 7.085E+10
   907.500 7.079E+10
   907.750 7.073E+10
   908.000 7.068E+10
   908.250 7.062E+10
   908.500 7.055E+10
   908.750 7.048E+10
   909.000 7.042E+10
   909.250 7.036E+10
   909.500 7.026E+10
   909.750 7.018E+10
   910.000 7.017E+10
   910.250 7.014E+10
   910.500 7.009E+10
   910.750 7.003E+10
   911.000 6.997E+10
   911.250 6.991E+10
   911.500 6.979E+10
   911.750 6.938E+10
   912.000 6.857E+10
   912.250 6.801E+10
   912.500 6.784E+10
   912.750 6.778E+10
   913.000 6.772E+10
   913.250 6.765E+10
   913.500 6.757E+10
   913.750 6.749E+10
   914.000 6.742E+10
   914.250 6.732E+10
   914.500 6.723E+10
   914.750 6.709E+10
   915.000 6.686E+10
   915.250 6.691E+10
   915.500 6.701E+10
   915.750 6.697E+10
   916.000 6.695E+10
   916.250 6.691E+10
   916.500 6.687E+10
   916.750 6.681E+10
   917.000 6.683E+10
   917.250 6.675E+10
   917.500 6.681E+10
   917.750 6.663E+10
   918.000 6.683E+10
   918.250 6.653E+10
   918.500 6.690E+10
   918.750 6.680E+10
   919.000 6.636E+10
   919.250 6.700E+10
   919.500 6.666E+10
   919.750 6.632E+10
   920.000 6.732E+10
   920.250 6.712E+10
   920.500 6.577E+10
   920.750 6.606E+10
   921.000 6.702E+10
   921.250 6.690E+10
   921.500 6.600E+10
   921.750 6.686E+10
   922.000 6.817E+10
   922.250 6.797E+10
   922.500 6.628E+10
   922.750 6.424E+10
   923.000 6.430E+10
   923.250 6.506E+10
   923.500 6.622E+10
   923.750 6.721E+10
   924.000 6.653E+10
   924.250 6.699E+10
   924.500 6.924E+10
   924.750 6.989E+10
   925.000 6.929E+10
   925.250 6.800E+10
   925.500 6.561E+10
   925.750 6.222E+10
   926.000 6.051E+10
   926.250 6.078E+10
   926.500 6.239E+10
   926.750 6.485E+10
   927.000 6.726E+10
   927.250 6.906E+10
   927.500 6.902E+10
   927.750 6.731E+10
   928.000 6.910E+10
   928.250 7.268E+10
   928.500 7.372E+10
   928.750 7.344E+10
   929.000 7.260E+10
   929.250 7.125E+10
   929.500 6.939E+10
   929.750 6.694E+10
   930.000 6.362E+10
   930.250 5.939E+10
   930.500 5.647E+10
   930.750 5.587E+10
   931.000 5.755E+10
   931.250 6.071E+10
   931.500 6.398E+10
   931.750 6.684E+10
   932.000 6.913E+10
   932.250 7.083E+10
   932.500 7.175E+10
   932.750 7.082E+10
   933.000 6.563E+10
   933.250 5.712E+10
   933.500 5.643E+10
   933.750 6.514E+10
   934.000 7.267E+10
   934.250 7.616E+10
   934.500 7.736E+10
   934.750 7.766E+10
   935.000 7.748E+10
   935.250 7.692E+10
   935.500 7.601E+10
   935.750 7.475E+10
   936.000 7.307E+10
   936.250 7.103E+10
   936.500 6.864E+10
   936.750 6.574E+10
   937.000 6.213E+10
   937.250 5.757E+10
   937.500 5.362E+10
   937.750 5.197E+10
   938.000 5.326E+10
   938.250 5.678E+10
   938.500 6.067E+10
   938.750 6.417E+10
   939.000 6.718E+10
   939.250 6.969E+10
   939.500 7.196E+10
   939.750 7.394E+10
   940.000 7.554E+10
   940.250 7.685E+10
   940.500 7.793E+10
   940.750 7.875E+10
   941.000 7.944E+10
   941.250 8.005E+10
   941.500 8.046E+10
   941.750 8.057E+10
   942.000 7.938E+10
   942.250 7.362E+10
   942.500 6.733E+10
   942.750 7.234E+10
   943.000 7.909E+10
   943.250 8.082E+10
   943.500 8.065E+10
   943.750 7.942E+10
   944.000 7.550E+10
   944.250 6.608E+10
   944.500 5.815E+10
   944.750 6.415E+10
   945.000 7.394E+10
   945.250 7.826E+10
   945.500 7.945E+10
   945.750 7.965E+10
   946.000 7.946E+10
   946.250 7.903E+10
   946.500 7.843E+10
   946.750 7.766E+10
   947.000 7.670E+10
   947.250 7.554E+10
   947.500 7.401E+10
   947.750 7.115E+10
   948.000 6.598E+10
   948.250 6.351E+10
   948.500 6.413E+10
   948.750 6.225E+10
   949.000 5.828E+10
   949.250 5.327E+10
   949.500 4.959E+10
   949.750 4.863E+10
   950.000 5.080E+10
   950.250 5.479E+10
   950.500 5.879E+10
   950.750 6.232E+10
   951.000 6.534E+10
   951.250 6.791E+10
   951.500 7.008E+10
   951.750 7.191E+10
   952.000 7.344E+10
   952.250 7.466E+10
   952.500 7.561E+10
   952.750 7.658E+10
   953.000 7.745E+10
   953.250 7.810E+10
   953.500 7.862E+10
   953.750 7.906E+10
   954.000 7.942E+10
   954.250 7.972E+10
   954.500 7.996E+10
   954.750 8.016E+10
   955.000 8.031E+10
   955.250 8.046E+10
   955.500 8.059E+10
   955.750 8.067E+10
   956.000 8.073E+10
   956.250 8.076E+10
   956.500 8.058E+10
   956.750 7.912E+10
   957.000 7.725E+10
   957.250 7.876E+10
   957.500 8.018E+10
   957.750 8.007E+10
   958.000 7.915E+10
   958.250 7.571E+10
   958.500 6.730E+10
   958.750 6.309E+10
   959.000 7.004E+10
   959.250 7.661E+10
   959.500 7.929E+10
   959.750 8.003E+10
   960.000 8.024E+10
   960.250 8.030E+10
   960.500 8.032E+10
   960.750 8.034E+10
   961.000 8.032E+10
   961.250 8.027E+10
   961.500 8.021E+10
   961.750 8.016E+10
   962.000 8.011E+10
   962.250 8.005E+10
   962.500 7.999E+10
   962.750 7.991E+10
   963.000 7.984E+10
   963.250 7.976E+10
   963.500 7.968E+10
   963.750 7.959E+10
   964.000 7.949E+10
   964.250 7.939E+10
   964.500 7.929E+10
   964.750 7.918E+10
   965.000 7.907E+10
   965.250 7.895E+10
   965.500 7.882E+10
   965.750 7.868E+10
   966.000 7.853E+10
   966.250 7.837E+10
   966.500 7.819E+10
   966.750 7.800E+10
   967.000 7.778E+10
   967.250 7.754E+10
   967.500 7.728E+10
   967.750 7.699E+10
   968.000 7.667E+10
   968.250 7.629E+10
   968.500 7.580E+10
   968.750 7.527E+10
   969.000 7.476E+10
   969.250 7.414E+10
   969.500 7.337E+10
   969.750 7.246E+10
   970.000 7.142E+10
   970.250 7.020E+10
   970.500 6.884E+10
   970.750 6.734E+10
   971.000 6.531E+10
   971.250 6.235E+10
   971.500 5.997E+10
   971.750 5.714E+10
   972.000 5.189E+10
   972.250 4.757E+10
   972.500 4.600E+10
   972.750 4.823E+10
   973.000 5.285E+10
   973.250 5.711E+10
   973.500 6.052E+10
   973.750 6.324E+10
   974.000 6.544E+10
   974.250 6.725E+10
   974.500 6.875E+10
   974.750 6.995E+10
   975.000 7.089E+10
   975.250 7.113E+10
   975.500 6.925E+10
   975.750 6.832E+10
   976.000 7.146E+10
   976.250 7.349E+10
   976.500 7.394E+10
   976.750 7.359E+10
   977.000 7.298E+10
   977.250 7.380E+10
   977.500 7.467E+10
   977.750 7.493E+10
   978.000 7.505E+10
   978.250 7.514E+10
   978.500 7.521E+10
   978.750 7.525E+10
   979.000 7.523E+10
   979.250 7.524E+10
   979.500 7.528E+10
   979.750 7.534E+10
   980.000 7.538E+10
   980.250 7.540E+10
   980.500 7.540E+10
   980.750 7.539E+10
   981.000 7.536E+10
   981.250 7.534E+10
   981.500 7.530E+10
   981.750 7.526E+10
   982.000 7.521E+10
   982.250 7.502E+10
   982.500 7.458E+10
   982.750 7.456E+10
   983.000 7.491E+10
   983.250 7.498E+10
   983.500 7.492E+10
   983.750 7.472E+10
   984.000 7.424E+10
   984.250 7.423E+10
   984.500 7.457E+10
   984.750 7.463E+10
   985.000 7.460E+10
   985.250 7.453E+10
   985.500 7.425E+10
   985.750 7.337E+10
   986.000 7.195E+10
   986.250 7.151E+10
   986.500 7.318E+10
   986.750 7.408E+10
   987.000 7.413E+10
   987.250 7.405E+10
   987.500 7.387E+10
   987.750 7.358E+10
   988.000 7.362E+10
   988.250 7.375E+10
   988.500 7.369E+10
   988.750 7.361E+10
   989.000 7.355E+10
   989.250 7.342E+10
   989.500 7.330E+10
   989.750 7.323E+10
   990.000 7.316E+10
   990.250 7.304E+10
   990.500 7.287E+10
   990.750 7.265E+10
   991.000 7.233E+10
   991.250 7.183E+10
   991.500 7.089E+10
   991.750 6.870E+10
   992.000 6.308E+10
   992.250 5.500E+10
   992.500 5.553E+10
   992.750 6.365E+10
   993.000 6.873E+10
   993.250 7.061E+10
   993.500 7.136E+10
   993.750 7.172E+10
   994.000 7.190E+10
   994.250 7.200E+10
   994.500 7.204E+10
   994.750 7.205E+10
   995.000 7.201E+10
   995.250 7.195E+10
   995.500 7.195E+10
   995.750 7.195E+10
   996.000 7.192E+10
   996.250 7.187E+10
   996.500 7.178E+10
   996.750 7.161E+10
   997.000 7.156E+10
   997.250 7.149E+10
   997.500 7.112E+10
   997.750 7.103E+10
   998.000 7.127E+10
   998.250 7.129E+10
   998.500 7.113E+10
   998.750 7.066E+10
   999.000 6.844E+10
   999.250 6.231E+10
   999.500 5.806E+10
   999.750 6.242E+10
  1000.000 6.826E+10
  1000.250 7.008E+10
  1000.500 7.007E+10
  1000.750 6.861E+10
  1001.000 6.790E+10
  1001.250 6.973E+10
  1001.500 7.058E+10
  1001.750 7.062E+10
  1002.000 7.057E+10
  1002.250 7.053E+10
  1002.500 7.049E+10
  1002.750 7.043E+10
  1003.000 7.037E+10
  1003.250 7.031E+10
  1003.500 7.024E+10
  1003.750 7.016E+10
  1004.000 7.011E+10
  1004.250 7.006E+10
  1004.500 7.001E+10
  1004.750 6.994E+10
  1005.000 6.976E+10
  1005.250 6.954E+10
  1005.500 6.954E+10
  1005.750 6.962E+10
  1006.000 6.963E+10
  1006.250 6.959E+10
  1006.500 6.953E+10
  1006.750 6.947E+10
  1007.000 6.942E+10
  1007.250 6.936E+10
  1007.500 6.930E+10
  1007.750 6.924E+10
  1008.000 6.918E+10
  1008.250 6.906E+10
  1008.500 6.865E+10
  1008.750 6.825E+10
  1009.000 6.859E+10
  1009.250 6.883E+10
  1009.500 6.879E+10
  1009.750 6.870E+10
  1010.000 6.863E+10
  1010.250 6.853E+10
  1010.500 6.844E+10
  1010.750 6.838E+10
  1011.000 6.839E+10
  1011.250 6.831E+10
  1011.500 6.821E+10
  1011.750 6.820E+10
  1012.000 6.817E+10
  1012.250 6.812E+10
  1012.500 6.805E+10
  1012.750 6.798E+10
  1013.000 6.792E+10
  1013.250 6.785E+10
  1013.500 6.777E+10
  1013.750 6.771E+10
  1014.000 6.764E+10
  1014.250 6.756E+10
  1014.500 6.746E+10
  1014.750 6.737E+10
  1015.000 6.732E+10
  1015.250 6.725E+10
  1015.500 6.716E+10
  1015.750 6.694E+10
  1016.000 6.657E+10
  1016.250 6.656E+10
  1016.500 6.658E+10
  1016.750 6.600E+10
  1017.000 6.583E+10
  1017.250 6.634E+10
  1017.500 6.646E+10
  1017.750 6.637E+10
  1018.000 6.626E+10
  1018.250 6.608E+10
  1018.500 6.536E+10
  1018.750 6.396E+10
  1019.000 6.425E+10
  1019.250 6.530E+10
  1019.500 6.545E+10
  1019.750 6.531E+10
  1020.000 6.511E+10
  1020.250 6.488E+10
  1020.500 6.464E+10
  1020.750 6.416E+10
  1021.000 6.349E+10
  1021.250 6.347E+10
  1021.500 6.332E+10
  1021.750 6.248E+10
  1022.000 6.209E+10
  1022.250 6.213E+10
  1022.500 6.172E+10
  1022.750 6.108E+10
  1023.000 6.029E+10
  1023.250 5.939E+10
  1023.500 5.833E+10
  1023.750 5.709E+10
  1024.000 5.572E+10
  1024.250 5.413E+10
  1024.500 5.211E+10
  1024.750 4.935E+10
  1025.000 4.555E+10
  1025.250 4.154E+10
  1025.500 3.901E+10
  1025.750 3.843E+10
  1026.000 4.129E+10
  1026.250 4.510E+10
  1026.500 4.783E+10
  1026.750 5.027E+10
  1027.000 5.247E+10
  1027.250 5.421E+10
  1027.500 5.564E+10
  1027.750 5.680E+10
  1028.000 5.748E+10
  1028.250 5.813E+10
  1028.500 5.926E+10
  1028.750 6.008E+10
  1029.000 6.059E+10
  1029.250 6.101E+10
  1029.500 6.134E+10
  1029.750 6.153E+10
  1030.000 6.152E+10
  1030.250 6.078E+10
  1030.500 6.066E+10
  1030.750 6.186E+10
  1031.000 6.238E+10
  1031.250 6.250E+10
  1031.500 6.193E+10
  1031.750 5.912E+10
  1032.000 5.836E+10
  1032.250 6.148E+10
  1032.500 6.284E+10
  1032.750 6.298E+10
  1033.000 6.297E+10
  1033.250 6.282E+10
  1033.500 6.266E+10
  1033.750 6.280E+10
  1034.000 6.293E+10
  1034.250 6.294E+10
  1034.500 6.293E+10
  1034.750 6.290E+10
  1035.000 6.285E+10
  1035.250 6.283E+10
  1035.500 6.282E+10
  1035.750 6.281E+10
  1036.000 6.279E+10
  1036.250 6.277E+10
  1036.500 6.274E+10
  1036.750 6.272E+10
  1037.000 6.261E+10
  1037.250 6.161E+10
  1037.500 5.885E+10
  1037.750 5.901E+10
  1038.000 6.165E+10
  1038.250 6.246E+10
  1038.500 6.249E+10
  1038.750 6.245E+10
  1039.000 6.240E+10
  1039.250 6.231E+10
  1039.500 6.205E+10
  1039.750 6.187E+10
  1040.000 6.202E+10
  1040.250 6.210E+10
  1040.500 6.210E+10
  1040.750 6.199E+10
  1041.000 6.168E+10
  1041.250 6.164E+10
  1041.500 6.186E+10
  1041.750 6.183E+10
  1042.000 6.129E+10
  1042.250 5.997E+10
  1042.500 6.009E+10
  1042.750 6.129E+10
  1043.000 6.163E+10
  1043.250 6.160E+10
  1043.500 6.151E+10
  1043.750 6.135E+10
  1044.000 6.078E+10
  1044.250 6.031E+10
  1044.500 6.091E+10
  1044.750 6.123E+10
  1045.000 6.117E+10
  1045.250 6.115E+10
  1045.500 6.111E+10
  1045.750 6.099E+10
  1046.000 6.097E+10
  1046.250 6.094E+10
  1046.500 6.089E+10
  1046.750 6.090E+10
  1047.000 6.086E+10
  1047.250 6.078E+10
  1047.500 6.073E+10
  1047.750 6.071E+10
  1048.000 6.064E+10
  1048.250 6.050E+10
  1048.500 6.042E+10
  1048.750 6.045E+10
  1049.000 6.048E+10
  1049.250 6.045E+10
  1049.500 6.039E+10
  1049.750 6.033E+10
  1050.000 6.023E+10
  1050.250 5.996E+10
  1050.500 5.979E+10
  1050.750 5.997E+10
  1051.000 6.005E+10
  1051.250 6.006E+10
  1051.500 6.003E+10
  1051.750 5.998E+10
  1052.000 5.990E+10
  1052.250 5.965E+10
  1052.500 5.899E+10
  1052.750 5.891E+10
  1053.000 5.950E+10
  1053.250 5.967E+10
  1053.500 5.964E+10
  1053.750 5.959E+10
  1054.000 5.955E+10
  1054.250 5.948E+10
  1054.500 5.930E+10
  1054.750 5.868E+10
  1055.000 5.772E+10
  1055.250 5.827E+10
  1055.500 5.907E+10
  1055.750 5.914E+10
  1056.000 5.905E+10
  1056.250 5.907E+10
  1056.500 5.904E+10
  1056.750 5.864E+10
  1057.000 5.728E+10
  1057.250 5.697E+10
  1057.500 5.827E+10
  1057.750 5.872E+10
  1058.000 5.870E+10
  1058.250 5.861E+10
  1058.500 5.859E+10
  1058.750 5.856E+10
  1059.000 5.835E+10
  1059.250 5.797E+10
  1059.500 5.762E+10
  1059.750 5.738E+10
  1060.000 5.794E+10
  1060.250 5.823E+10
  1060.500 5.802E+10
  1060.750 5.796E+10
  1061.000 5.814E+10
  1061.250 5.817E+10
  1061.500 5.813E+10
  1061.750 5.808E+10
  1062.000 5.804E+10
  1062.250 5.799E+10
  1062.500 5.793E+10
  1062.750 5.786E+10
  1063.000 5.778E+10
  1063.250 5.777E+10
  1063.500 5.775E+10
  1063.750 5.771E+10
  1064.000 5.766E+10
  1064.250 5.761E+10
  1064.500 5.755E+10
  1064.750 5.749E+10
  1065.000 5.747E+10
  1065.250 5.743E+10
  1065.500 5.737E+10
  1065.750 5.728E+10
  1066.000 5.704E+10
  1066.250 5.556E+10
  1066.500 5.182E+10
  1066.750 5.172E+10
  1067.000 5.539E+10
  1067.250 5.682E+10
  1067.500 5.697E+10
  1067.750 5.695E+10
  1068.000 5.692E+10
  1068.250 5.686E+10
  1068.500 5.672E+10
  1068.750 5.616E+10
  1069.000 5.576E+10
  1069.250 5.628E+10
  1069.500 5.657E+10
  1069.750 5.657E+10
  1070.000 5.651E+10
  1070.250 5.650E+10
  1070.500 5.648E+10
  1070.750 5.644E+10
  1071.000 5.640E+10
  1071.250 5.636E+10
  1071.500 5.630E+10
  1071.750 5.624E+10
  1072.000 5.619E+10
  1072.250 5.614E+10
  1072.500 5.611E+10
  1072.750 5.606E+10
  1073.000 5.601E+10
  1073.250 5.593E+10
  1073.500 5.546E+10
  1073.750 5.345E+10
  1074.000 5.187E+10
  1074.250 5.360E+10
  1074.500 5.526E+10
  1074.750 5.565E+10
  1075.000 5.559E+10
  1075.250 5.548E+10
  1075.500 5.547E+10
  1075.750 5.540E+10
  1076.000 5.536E+10
  1076.250 5.537E+10
  1076.500 5.521E+10
  1076.750 5.502E+10
  1077.000 5.510E+10
  1077.250 5.520E+10
  1077.500 5.517E+10
  1077.750 5.511E+10
  1078.000 5.499E+10
  1078.250 5.442E+10
  1078.500 5.352E+10
  1078.750 5.400E+10
  1079.000 5.469E+10
  1079.250 5.478E+10
  1079.500 5.472E+10
  1079.750 5.457E+10
  1080.000 5.443E+10
  1080.250 5.384E+10
  1080.500 5.127E+10
  1080.750 4.977E+10
  1081.000 5.113E+10
  1081.250 5.168E+10
  1081.500 5.319E+10
  1081.750 5.396E+10
  1082.000 5.372E+10
  1082.250 5.296E+10
  1082.500 5.289E+10
  1082.750 5.325E+10
  1083.000 5.314E+10
  1083.250 5.285E+10
  1083.500 5.241E+10
  1083.750 5.169E+10
  1084.000 5.056E+10
  1084.250 4.864E+10
  1084.500 4.508E+10
  1084.750 3.976E+10
  1085.000 3.784E+10
  1085.250 4.217E+10
  1085.500 4.680E+10
  1085.750 4.940E+10
  1086.000 5.077E+10
  1086.250 5.143E+10
  1086.500 5.185E+10
  1086.750 5.222E+10
  1087.000 5.260E+10
  1087.250 5.270E+10
  1087.500 5.162E+10
  1087.750 4.911E+10
  1088.000 4.965E+10
  1088.250 5.127E+10
  1088.500 5.174E+10
  1088.750 5.263E+10
  1089.000 5.297E+10
  1089.250 5.300E+10
  1089.500 5.299E+10
  1089.750 5.298E+10
  1090.000 5.296E+10
  1090.250 5.293E+10
  1090.500 5.288E+10
  1090.750 5.283E+10
  1091.000 5.277E+10
  1091.250 5.272E+10
  1091.500 5.253E+10
  1091.750 5.229E+10
  1092.000 5.236E+10
  1092.250 5.251E+10
  1092.500 5.260E+10
  1092.750 5.257E+10
  1093.000 5.234E+10
  1093.250 5.215E+10
  1093.500 5.232E+10
  1093.750 5.242E+10
  1094.000 5.237E+10
  1094.250 5.233E+10
  1094.500 5.231E+10
  1094.750 5.218E+10
  1095.000 5.126E+10
  1095.250 4.917E+10
  1095.500 4.963E+10
  1095.750 5.155E+10
  1096.000 5.207E+10
  1096.250 5.208E+10
  1096.500 5.204E+10
  1096.750 5.197E+10
  1097.000 5.193E+10
  1097.250 5.191E+10
  1097.500 5.189E+10
  1097.750 5.185E+10
  1098.000 5.181E+10
  1098.250 5.177E+10
  1098.500 5.173E+10
  1098.750 5.169E+10
  1099.000 5.165E+10
  1099.250 5.160E+10
  1099.500 5.154E+10
  1099.750 5.145E+10
  1100.000 5.142E+10
  1100.250 5.143E+10
  1100.500 5.141E+10
  1100.750 5.137E+10
  1101.000 5.133E+10
  1101.250 5.127E+10
  1101.500 5.116E+10
  1101.750 5.095E+10
  1102.000 5.076E+10
  1102.250 5.094E+10
  1102.500 5.107E+10
  1102.750 5.103E+10
  1103.000 5.083E+10
  1103.250 5.060E+10
  1103.500 5.069E+10
  1103.750 5.070E+10
  1104.000 5.062E+10
  1104.250 5.059E+10
  1104.500 5.065E+10
  1104.750 5.070E+10
  1105.000 5.067E+10
  1105.250 5.061E+10
  1105.500 5.047E+10
  1105.750 5.029E+10
  1106.000 5.009E+10
  1106.250 4.958E+10
  1106.500 4.964E+10
  1106.750 4.997E+10
  1107.000 4.945E+10
  1107.250 4.730E+10
  1107.500 4.310E+10
  1107.750 4.026E+10
  1108.000 4.167E+10
  1108.250 4.650E+10
  1108.500 4.922E+10
  1108.750 4.981E+10
  1109.000 4.992E+10
  1109.250 4.993E+10
  1109.500 4.991E+10
  1109.750 4.989E+10
  1110.000 4.985E+10
  1110.250 4.973E+10
  1110.500 4.932E+10
  1110.750 4.907E+10
  1111.000 4.945E+10
  1111.250 4.964E+10
  1111.500 4.961E+10
  1111.750 4.949E+10
  1112.000 4.947E+10
  1112.250 4.944E+10
  1112.500 4.924E+10
  1112.750 4.919E+10
  1113.000 4.933E+10
  1113.250 4.932E+10
  1113.500 4.915E+10
  1113.750 4.895E+10
  1114.000 4.848E+10
  1114.250 4.845E+10
  1114.500 4.890E+10
  1114.750 4.869E+10
  1115.000 4.772E+10
  1115.250 4.779E+10
  1115.500 4.844E+10
  1115.750 4.862E+10
  1116.000 4.867E+10
  1116.250 4.854E+10
  1116.500 4.845E+10
  1116.750 4.843E+10
  1117.000 4.811E+10
  1117.250 4.654E+10
  1117.500 4.255E+10
  1117.750 3.866E+10
  1118.000 3.911E+10
  1118.250 4.384E+10
  1118.500 4.680E+10
  1118.750 4.741E+10
  1119.000 4.745E+10
  1119.250 4.749E+10
  1119.500 4.709E+10
  1119.750 4.748E+10
  1120.000 4.815E+10
  1120.250 4.822E+10
  1120.500 4.794E+10
  1120.750 4.665E+10
  1121.000 4.509E+10
  1121.250 4.601E+10
  1121.500 4.760E+10
  1121.750 4.796E+10
  1122.000 4.770E+10
  1122.250 4.597E+10
  1122.500 4.436E+10
  1122.750 4.616E+10
  1123.000 4.765E+10
  1123.250 4.788E+10
  1123.500 4.786E+10
  1123.750 4.781E+10
  1124.000 4.771E+10
  1124.250 4.754E+10
  1124.500 4.753E+10
  1124.750 4.763E+10
  1125.000 4.765E+10
  1125.250 4.761E+10
  1125.500 4.757E+10
  1125.750 4.753E+10
  1126.000 4.748E+10
  1126.250 4.744E+10
  1126.500 4.742E+10
  1126.750 4.732E+10
  1127.000 4.713E+10
  1127.250 4.710E+10
  1127.500 4.685E+10
  1127.750 4.574E+10
  1128.000 4.351E+10
  1128.250 4.180E+10
  1128.500 4.322E+10
  1128.750 4.589E+10
  1129.000 4.672E+10
  1129.250 4.658E+10
  1129.500 4.655E+10
  1129.750 4.663E+10
  1130.000 4.665E+10
  1130.250 4.682E+10
  1130.500 4.685E+10
  1130.750 4.677E+10
  1131.000 4.670E+10
  1131.250 4.671E+10
  1131.500 4.672E+10
  1131.750 4.670E+10
  1132.000 4.665E+10
  1132.250 4.660E+10
  1132.500 4.650E+10
  1132.750 4.646E+10
  1133.000 4.649E+10
  1133.250 4.645E+10
  1133.500 4.625E+10
  1133.750 4.612E+10
  1134.000 4.627E+10
  1134.250 4.633E+10
  1134.500 4.629E+10
  1134.750 4.624E+10
  1135.000 4.621E+10
  1135.250 4.619E+10
  1135.500 4.617E+10
  1135.750 4.613E+10
  1136.000 4.609E+10
  1136.250 4.606E+10
  1136.500 4.599E+10
  1136.750 4.566E+10
  1137.000 4.513E+10
  1137.250 4.535E+10
  1137.500 4.574E+10
  1137.750 4.582E+10
  1138.000 4.576E+10
  1138.250 4.569E+10
  1138.500 4.567E+10
  1138.750 4.562E+10
  1139.000 4.555E+10
  1139.250 4.498E+10
  1139.500 4.416E+10
  1139.750 4.474E+10
  1140.000 4.538E+10
  1140.250 4.543E+10
  1140.500 4.533E+10
  1140.750 4.521E+10
  1141.000 4.477E+10
  1141.250 4.295E+10
  1141.500 4.210E+10
  1141.750 4.401E+10
  1142.000 4.505E+10
  1142.250 4.517E+10
  1142.500 4.514E+10
  1142.750 4.509E+10
  1143.000 4.509E+10
  1143.250 4.509E+10
  1143.500 4.505E+10
  1143.750 4.499E+10
  1144.000 4.491E+10
  1144.250 4.490E+10
  1144.500 4.491E+10
  1144.750 4.489E+10
  1145.000 4.485E+10
  1145.250 4.480E+10
  1145.500 4.475E+10
  1145.750 4.444E+10
  1146.000 4.335E+10
  1146.250 4.262E+10
  1146.500 4.299E+10
  1146.750 4.397E+10
  1147.000 4.449E+10
  1147.250 4.454E+10
  1147.500 4.451E+10
  1147.750 4.448E+10
  1148.000 4.445E+10
  1148.250 4.442E+10
  1148.500 4.437E+10
  1148.750 4.424E+10
  1149.000 4.415E+10
  1149.250 4.421E+10
  1149.500 4.424E+10
  1149.750 4.421E+10
  1150.000 4.410E+10
  1150.250 4.400E+10
  1150.500 4.402E+10
  1150.750 4.384E+10
  1151.000 4.361E+10
  1151.250 4.380E+10
  1151.500 4.390E+10
  1151.750 4.357E+10
  1152.000 4.329E+10
  1152.250 4.345E+10
  1152.500 4.258E+10
  1152.750 4.117E+10
  1153.000 4.227E+10
  1153.250 4.348E+10
  1153.500 4.360E+10
  1153.750 4.353E+10
  1154.000 4.351E+10
  1154.250 4.322E+10
  1154.500 4.235E+10
  1154.750 4.087E+10
  1155.000 4.004E+10
  1155.250 4.191E+10
  1155.500 4.314E+10
  1155.750 4.279E+10
  1156.000 4.227E+10
  1156.250 4.282E+10
  1156.500 4.325E+10
  1156.750 4.323E+10
  1157.000 4.317E+10
  1157.250 4.316E+10
  1157.500 4.312E+10
  1157.750 4.310E+10
  1158.000 4.308E+10
  1158.250 4.308E+10
  1158.500 4.306E+10
  1158.750 4.284E+10
  1159.000 4.234E+10
  1159.250 4.240E+10
  1159.500 4.280E+10
  1159.750 4.285E+10
  1160.000 4.265E+10
  1160.250 4.178E+10
  1160.500 4.084E+10
  1160.750 4.173E+10
  1161.000 4.253E+10
  1161.250 4.259E+10
  1161.500 4.258E+10
  1161.750 4.261E+10
  1162.000 4.260E+10
  1162.250 4.257E+10
  1162.500 4.253E+10
  1162.750 4.250E+10
  1163.000 4.248E+10
  1163.250 4.243E+10
  1163.500 4.235E+10
  1163.750 4.212E+10
  1164.000 4.146E+10
  1164.250 4.136E+10
  1164.500 4.200E+10
  1164.750 4.213E+10
  1165.000 4.175E+10
  1165.250 4.133E+10
  1165.500 4.028E+10
  1165.750 3.949E+10
  1166.000 3.935E+10
  1166.250 3.928E+10
  1166.500 4.084E+10
  1166.750 4.166E+10
  1167.000 4.173E+10
  1167.250 4.136E+10
  1167.500 3.979E+10
  1167.750 3.821E+10
  1168.000 3.914E+10
  1168.250 4.000E+10
  1168.500 3.800E+10
  1168.750 3.326E+10
  1169.000 3.179E+10
  1169.250 3.583E+10
  1169.500 3.910E+10
  1169.750 4.027E+10
  1170.000 4.024E+10
  1170.250 3.980E+10
  1170.500 4.046E+10
  1170.750 4.114E+10
  1171.000 4.130E+10
  1171.250 4.128E+10
  1171.500 4.105E+10
  1171.750 4.086E+10
  1172.000 4.092E+10
  1172.250 4.103E+10
  1172.500 4.109E+10
  1172.750 4.084E+10
  1173.000 4.077E+10
  1173.250 4.106E+10
  1173.500 4.114E+10
  1173.750 4.105E+10
  1174.000 4.098E+10
  1174.250 4.101E+10
  1174.500 4.101E+10
  1174.750 4.087E+10
  1175.000 4.064E+10
  1175.250 4.032E+10
  1175.500 4.005E+10
  1175.750 3.999E+10
  1176.000 4.031E+10
  1176.250 4.055E+10
  1176.500 4.065E+10
  1176.750 4.075E+10
  1177.000 4.075E+10
  1177.250 4.070E+10
  1177.500 4.065E+10
  1177.750 4.062E+10
  1178.000 4.056E+10
  1178.250 4.042E+10
  1178.500 4.028E+10
  1178.750 4.032E+10
  1179.000 4.038E+10
  1179.250 4.040E+10
  1179.500 4.042E+10
  1179.750 4.040E+10
  1180.000 4.031E+10
  1180.250 4.012E+10
  1180.500 3.921E+10
  1180.750 3.740E+10
  1181.000 3.793E+10
  1181.250 3.962E+10
  1181.500 4.008E+10
  1181.750 3.989E+10
  1182.000 3.936E+10
  1182.250 3.941E+10
  1182.500 3.991E+10
  1182.750 4.006E+10
  1183.000 4.005E+10
  1183.250 4.002E+10
  1183.500 3.996E+10
  1183.750 3.988E+10
  1184.000 3.972E+10
  1184.250 3.971E+10
  1184.500 3.983E+10
  1184.750 3.984E+10
  1185.000 3.981E+10
  1185.250 3.976E+10
  1185.500 3.971E+10
  1185.750 3.962E+10
  1186.000 3.953E+10
  1186.250 3.932E+10
  1186.500 3.877E+10
  1186.750 3.895E+10
  1187.000 3.945E+10
  1187.250 3.953E+10
  1187.500 3.947E+10
  1187.750 3.922E+10
  1188.000 3.893E+10
  1188.250 3.909E+10
  1188.500 3.906E+10
  1188.750 3.900E+10
  1189.000 3.921E+10
  1189.250 3.924E+10
  1189.500 3.910E+10
  1189.750 3.904E+10
  1190.000 3.886E+10
  1190.250 3.869E+10
  1190.500 3.875E+10
  1190.750 3.884E+10
  1191.000 3.892E+10
  1191.250 3.897E+10
  1191.500 3.903E+10
  1191.750 3.903E+10
  1192.000 3.899E+10
  1192.250 3.893E+10
  1192.500 3.891E+10
  1192.750 3.890E+10
  1193.000 3.888E+10
  1193.250 3.882E+10
  1193.500 3.875E+10
  1193.750 3.869E+10
  1194.000 3.851E+10
  1194.250 3.764E+10
  1194.500 3.679E+10
  1194.750 3.754E+10
  1195.000 3.821E+10
  1195.250 3.843E+10
  1195.500 3.850E+10
  1195.750 3.852E+10
  1196.000 3.840E+10
  1196.250 3.826E+10
  1196.500 3.823E+10
  1196.750 3.817E+10
  1197.000 3.796E+10
  1197.250 3.797E+10
  1197.500 3.760E+10
  1197.750 3.698E+10
  1198.000 3.649E+10
  1198.250 3.531E+10
  1198.500 3.479E+10
  1198.750 3.615E+10
  1199.000 3.730E+10
  1199.250 3.625E+10
  1199.500 3.546E+10
  1199.750 3.673E+10
  1200.000 3.761E+10
  1200.250 3.773E+10
  1200.500 3.789E+10
  1200.750 3.788E+10
  1201.000 3.785E+10
  1201.250 3.787E+10
  1201.500 3.780E+10
  1201.750 3.769E+10
  1202.000 3.756E+10
  1202.250 3.749E+10
  1202.500 3.749E+10
  1202.750 3.746E+10
  1203.000 3.757E+10
  1203.250 3.762E+10
  1203.500 3.760E+10
  1203.750 3.757E+10
  1204.000 3.752E+10
  1204.250 3.741E+10
  1204.500 3.729E+10
  1204.750 3.735E+10
  1205.000 3.738E+10
  1205.250 3.721E+10
  1205.500 3.678E+10
  1205.750 3.601E+10
  1206.000 3.509E+10
  1206.250 3.576E+10
  1206.500 3.675E+10
  1206.750 3.697E+10
  1207.000 3.698E+10
  1207.250 3.670E+10
  1207.500 3.612E+10
  1207.750 3.600E+10
  1208.000 3.509E+10
  1208.250 3.364E+10
  1208.500 3.417E+10
  1208.750 3.516E+10
  1209.000 3.591E+10
  1209.250 3.636E+10
  1209.500 3.634E+10
  1209.750 3.631E+10
  1210.000 3.596E+10
  1210.250 3.465E+10
  1210.500 3.415E+10
  1210.750 3.492E+10
  1211.000 3.519E+10
  1211.250 3.468E+10
  1211.500 3.377E+10
  1211.750 3.435E+10
  1212.000 3.505E+10
  1212.250 3.487E+10
  1212.500 3.404E+10
  1212.750 3.368E+10
  1213.000 3.387E+10
  1213.250 3.381E+10
  1213.500 3.346E+10
  1213.750 3.288E+10
  1214.000 3.191E+10
  1214.250 3.085E+10
  1214.500 3.004E+10
  1214.750 2.835E+10
  1215.000 2.562E+10
  1215.250 2.390E+10
  1215.500 2.325E+10
  1215.750 2.342E+10
  1216.000 2.535E+10
  1216.250 2.758E+10
  1216.500 2.917E+10
  1216.750 3.038E+10
  1217.000 3.134E+10
  1217.250 3.205E+10
  1217.500 3.243E+10
  1217.750 3.286E+10
  1218.000 3.347E+10
  1218.250 3.389E+10
  1218.500 3.415E+10
  1218.750 3.427E+10
  1219.000 3.425E+10
  1219.250 3.431E+10
  1219.500 3.462E+10
  1219.750 3.487E+10
  1220.000 3.463E+10
  1220.250 3.347E+10
  1220.500 3.285E+10
  1220.750 3.209E+10
  1221.000 3.206E+10
  1221.250 3.417E+10
  1221.500 3.517E+10
  1221.750 3.529E+10
  1222.000 3.527E+10
  1222.250 3.521E+10
  1222.500 3.472E+10
  1222.750 3.363E+10
  1223.000 3.394E+10
  1223.250 3.475E+10
  1223.500 3.491E+10
  1223.750 3.417E+10
  1224.000 3.340E+10
  1224.250 3.431E+10
  1224.500 3.482E+10
  1224.750 3.498E+10
  1225.000 3.518E+10
  1225.250 3.523E+10
  1225.500 3.517E+10
  1225.750 3.518E+10
  1226.000 3.516E+10
  1226.250 3.478E+10
  1226.500 3.387E+10
  1226.750 3.378E+10
  1227.000 3.471E+10
  1227.250 3.507E+10
  1227.500 3.482E+10
  1227.750 3.390E+10
  1228.000 3.374E+10
  1228.250 3.383E+10
  1228.500 3.181E+10
  1228.750 3.058E+10
  1229.000 3.204E+10
  1229.250 3.382E+10
  1229.500 3.416E+10
  1229.750 3.270E+10
  1230.000 3.080E+10
  1230.250 3.094E+10
  1230.500 3.099E+10
  1230.750 3.203E+10
  1231.000 3.328E+10
  1231.250 3.434E+10
  1231.500 3.457E+10
  1231.750 3.439E+10
  1232.000 3.425E+10
  1232.250 3.342E+10
  1232.500 3.253E+10
  1232.750 3.346E+10
  1233.000 3.434E+10
  1233.250 3.451E+10
  1233.500 3.452E+10
  1233.750 3.452E+10
  1234.000 3.447E+10
  1234.250 3.441E+10
  1234.500 3.428E+10
  1234.750 3.416E+10
  1235.000 3.422E+10
  1235.250 3.407E+10
  1235.500 3.357E+10
  1235.750 3.320E+10
  1236.000 3.351E+10
  1236.250 3.370E+10
  1236.500 3.388E+10
  1236.750 3.321E+10
  1237.000 3.246E+10
  1237.250 3.332E+10
  1237.500 3.402E+10
  1237.750 3.407E+10
  1238.000 3.376E+10
  1238.250 3.354E+10
  1238.500 3.302E+10
  1238.750 3.246E+10
  1239.000 3.317E+10
  1239.250 3.353E+10
  1239.500 3.274E+10
  1239.750 3.178E+10
  1240.000 3.158E+10
  1240.250 3.214E+10
  1240.500 3.307E+10
  1240.750 3.359E+10
  1241.000 3.358E+10
  1241.250 3.346E+10
  1241.500 3.346E+10
  1241.750 3.310E+10
  1242.000 3.303E+10
  1242.250 3.332E+10
  1242.500 3.278E+10
  1242.750 3.239E+10
  1243.000 3.311E+10
  1243.250 3.350E+10
  1243.500 3.348E+10
  1243.750 3.332E+10
  1244.000 3.275E+10
  1244.250 3.217E+10
  1244.500 3.227E+10
  1244.750 3.301E+10
  1245.000 3.324E+10
  1245.250 3.322E+10
  1245.500 3.307E+10
  1245.750 3.289E+10
  1246.000 3.313E+10
  1246.250 3.321E+10
  1246.500 3.271E+10
  1246.750 3.205E+10
  1247.000 3.230E+10
  1247.250 3.242E+10
  1247.500 3.212E+10
  1247.750 3.261E+10
  1248.000 3.280E+10
  1248.250 3.207E+10
  1248.500 3.170E+10
  1248.750 3.230E+10
  1249.000 3.252E+10
  1249.250 3.269E+10
  1249.500 3.290E+10
  1249.750 3.300E+10
  1250.000 3.298E+10
  1250.250 3.283E+10
  1250.500 3.272E+10
  1250.750 3.272E+10
  1251.000 3.266E+10
  1251.250 3.229E+10
  1251.500 3.197E+10
  1251.750 3.155E+10
  1252.000 3.164E+10
  1252.250 3.224E+10
  1252.500 3.163E+10
  1252.750 2.992E+10
  1253.000 3.004E+10
  1253.250 3.135E+10
  1253.500 3.105E+10
  1253.750 3.071E+10
  1254.000 3.191E+10
  1254.250 3.248E+10
  1254.500 3.233E+10
  1254.750 3.183E+10
  1255.000 3.184E+10
  1255.250 3.176E+10
  1255.500 3.111E+10
  1255.750 3.110E+10
  1256.000 3.170E+10
  1256.250 3.224E+10
  1256.500 3.233E+10
  1256.750 3.221E+10
  1257.000 3.213E+10
  1257.250 3.200E+10
  1257.500 3.185E+10
  1257.750 3.127E+10
  1258.000 3.045E+10
  1258.250 3.107E+10
  1258.500 3.161E+10
  1258.750 3.112E+10
  1259.000 3.114E+10
  1259.250 3.188E+10
  1259.500 3.203E+10
  1259.750 3.185E+10
  1260.000 3.118E+10
  1260.250 2.972E+10
  1260.500 2.936E+10
  1260.750 2.906E+10
  1261.000 2.893E+10
  1261.250 3.018E+10
  1261.500 3.153E+10
  1261.750 3.184E+10
  1262.000 3.188E+10
  1262.250 3.187E+10
  1262.500 3.187E+10
  1262.750 3.188E+10
  1263.000 3.185E+10
  1263.250 3.178E+10
  1263.500 3.168E+10
  1263.750 3.141E+10
  1264.000 3.107E+10
  1264.250 3.111E+10
  1264.500 3.137E+10
  1264.750 3.151E+10
  1265.000 3.150E+10
  1265.250 3.139E+10
  1265.500 3.102E+10
  1265.750 2.953E+10
  1266.000 2.837E+10
  1266.250 2.954E+10
  1266.500 3.099E+10
  1266.750 3.141E+10
  1267.000 3.143E+10
  1267.250 3.130E+10
  1267.500 3.104E+10
  1267.750 3.097E+10
  1268.000 3.124E+10
  1268.250 3.137E+10
  1268.500 3.137E+10
  1268.750 3.135E+10
  1269.000 3.133E+10
  1269.250 3.127E+10
  1269.500 3.119E+10
  1269.750 3.116E+10
  1270.000 3.111E+10
  1270.250 3.108E+10
  1270.500 3.098E+10
  1270.750 3.061E+10
  1271.000 2.970E+10
  1271.250 2.989E+10
  1271.500 3.076E+10
  1271.750 3.036E+10
  1272.000 2.903E+10
  1272.250 2.919E+10
  1272.500 2.986E+10
  1272.750 2.968E+10
  1273.000 2.996E+10
  1273.250 3.064E+10
  1273.500 3.051E+10
  1273.750 2.962E+10
  1274.000 2.980E+10
  1274.250 3.064E+10
  1274.500 3.085E+10
  1274.750 3.084E+10
  1275.000 3.083E+10
  1275.250 3.080E+10
  1275.500 3.067E+10
  1275.750 3.044E+10
  1276.000 3.028E+10
  1276.250 3.040E+10
  1276.500 3.005E+10
  1276.750 2.837E+10
  1277.000 2.723E+10
  1277.250 2.828E+10
  1277.500 2.974E+10
  1277.750 3.037E+10
  1278.000 2.981E+10
  1278.250 2.874E+10
  1278.500 2.927E+10
  1278.750 2.978E+10
  1279.000 2.937E+10
  1279.250 2.958E+10
  1279.500 3.008E+10
  1279.750 3.023E+10
  1280.000 3.031E+10
  1280.250 3.028E+10
  1280.500 3.025E+10
  1280.750 3.030E+10
  1281.000 3.030E+10
  1281.250 3.019E+10
  1281.500 3.015E+10
  1281.750 3.016E+10
  1282.000 2.992E+10
  1282.250 2.902E+10
  1282.500 2.852E+10
  1282.750 2.950E+10
  1283.000 2.986E+10
  1283.250 2.921E+10
  1283.500 2.905E+10
  1283.750 2.919E+10
  1284.000 2.876E+10
  1284.250 2.933E+10
  1284.500 2.986E+10
  1284.750 2.976E+10
  1285.000 2.887E+10
  1285.250 2.771E+10
  1285.500 2.816E+10
  1285.750 2.896E+10
  1286.000 2.802E+10
  1286.250 2.780E+10
  1286.500 2.906E+10
  1286.750 2.906E+10
  1287.000 2.819E+10
  1287.250 2.882E+10
  1287.500 2.958E+10
  1287.750 2.965E+10
  1288.000 2.925E+10
  1288.250 2.863E+10
  1288.500 2.904E+10
  1288.750 2.956E+10
  1289.000 2.965E+10
  1289.250 2.966E+10
  1289.500 2.962E+10
  1289.750 2.957E+10
  1290.000 2.954E+10
  1290.250 2.954E+10
  1290.500 2.953E+10
  1290.750 2.932E+10
  1291.000 2.851E+10
  1291.250 2.769E+10
  1291.500 2.794E+10
  1291.750 2.898E+10
  1292.000 2.937E+10
  1292.250 2.923E+10
  1292.500 2.859E+10
  1292.750 2.849E+10
  1293.000 2.908E+10
  1293.250 2.921E+10
  1293.500 2.921E+10
  1293.750 2.924E+10
  1294.000 2.920E+10
  1294.250 2.874E+10
  1294.500 2.792E+10
  1294.750 2.818E+10
  1295.000 2.810E+10
  1295.250 2.769E+10
  1295.500 2.814E+10
  1295.750 2.781E+10
  1296.000 2.815E+10
  1296.250 2.871E+10
  1296.500 2.779E+10
  1296.750 2.606E+10
  1297.000 2.690E+10
  1297.250 2.849E+10
  1297.500 2.874E+10
  1297.750 2.879E+10
  1298.000 2.893E+10
  1298.250 2.895E+10
  1298.500 2.891E+10
  1298.750 2.886E+10
  1299.000 2.885E+10
  1299.250 2.882E+10
  1299.500 2.860E+10
  1299.750 2.813E+10
  1300.000 2.822E+10
  1300.250 2.866E+10
  1300.500 2.871E+10
  1300.750 2.845E+10
  1301.000 2.765E+10
  1301.250 2.714E+10
  1301.500 2.701E+10
  1301.750 2.662E+10
  1302.000 2.753E+10
  1302.250 2.836E+10
  1302.500 2.841E+10
  1302.750 2.839E+10
  1303.000 2.847E+10
  1303.250 2.844E+10
  1303.500 2.836E+10
  1303.750 2.843E+10
  1304.000 2.849E+10
  1304.250 2.848E+10
  1304.500 2.841E+10
  1304.750 2.828E+10
  1305.000 2.829E+10
  1305.250 2.837E+10
  1305.500 2.835E+10
  1305.750 2.822E+10
  1306.000 2.801E+10
  1306.250 2.782E+10
  1306.500 2.771E+10
  1306.750 2.792E+10
  1307.000 2.802E+10
  1307.250 2.785E+10
  1307.500 2.778E+10
  1307.750 2.790E+10
  1308.000 2.808E+10
  1308.250 2.787E+10
  1308.500 2.689E+10
  1308.750 2.674E+10
  1309.000 2.770E+10
  1309.250 2.801E+10
  1309.500 2.777E+10
  1309.750 2.691E+10
  1310.000 2.663E+10
  1310.250 2.724E+10
  1310.500 2.687E+10
  1310.750 2.656E+10
  1311.000 2.696E+10
  1311.250 2.758E+10
  1311.500 2.782E+10
  1311.750 2.775E+10
  1312.000 2.775E+10
  1312.250 2.779E+10
  1312.500 2.776E+10
  1312.750 2.773E+10
  1313.000 2.775E+10
  1313.250 2.773E+10
  1313.500 2.773E+10
  1313.750 2.775E+10
  1314.000 2.770E+10
  1314.250 2.750E+10
  1314.500 2.738E+10
  1314.750 2.749E+10
  1315.000 2.754E+10
  1315.250 2.740E+10
  1315.500 2.683E+10
  1315.750 2.623E+10
  1316.000 2.661E+10
  1316.250 2.730E+10
  1316.500 2.750E+10
  1316.750 2.750E+10
  1317.000 2.747E+10
  1317.250 2.733E+10
  1317.500 2.665E+10
  1317.750 2.599E+10
  1318.000 2.662E+10
  1318.250 2.700E+10
  1318.500 2.701E+10
  1318.750 2.724E+10
  1319.000 2.734E+10
  1319.250 2.728E+10
  1319.500 2.716E+10
  1319.750 2.710E+10
  1320.000 2.707E+10
  1320.250 2.677E+10
  1320.500 2.632E+10
  1320.750 2.648E+10
  1321.000 2.693E+10
  1321.250 2.681E+10
  1321.500 2.669E+10
  1321.750 2.693E+10
  1322.000 2.709E+10
  1322.250 2.713E+10
  1322.500 2.713E+10
  1322.750 2.708E+10
  1323.000 2.686E+10
  1323.250 2.656E+10
  1323.500 2.672E+10
  1323.750 2.685E+10
  1324.000 2.636E+10
  1324.250 2.562E+10
  1324.500 2.613E+10
  1324.750 2.681E+10
  1325.000 2.693E+10
  1325.250 2.692E+10
  1325.500 2.687E+10
  1325.750 2.680E+10
  1326.000 2.680E+10
  1326.250 2.669E+10
  1326.500 2.638E+10
  1326.750 2.623E+10
  1327.000 2.617E+10
  1327.250 2.648E+10
  1327.500 2.668E+10
  1327.750 2.658E+10
  1328.000 2.655E+10
  1328.250 2.664E+10
  1328.500 2.666E+10
  1328.750 2.644E+10
  1329.000 2.553E+10
  1329.250 2.512E+10
  1329.500 2.603E+10
  1329.750 2.651E+10
  1330.000 2.648E+10
  1330.250 2.613E+10
  1330.500 2.593E+10
  1330.750 2.562E+10
  1331.000 2.504E+10
  1331.250 2.551E+10
  1331.500 2.604E+10
  1331.750 2.618E+10
  1332.000 2.604E+10
  1332.250 2.516E+10
  1332.500 2.510E+10
  1332.750 2.600E+10
  1333.000 2.631E+10
  1333.250 2.631E+10
  1333.500 2.616E+10
  1333.750 2.567E+10
  1334.000 2.562E+10
  1334.250 2.606E+10
  1334.500 2.623E+10
  1334.750 2.623E+10
  1335.000 2.620E+10
  1335.250 2.619E+10
  1335.500 2.615E+10
  1335.750 2.608E+10
  1336.000 2.600E+10
  1336.250 2.599E+10
  1336.500 2.575E+10
  1336.750 2.500E+10
  1337.000 2.515E+10
  1337.250 2.564E+10
  1337.500 2.470E+10
  1337.750 2.357E+10
  1338.000 2.473E+10
  1338.250 2.581E+10
  1338.500 2.596E+10
  1338.750 2.591E+10
  1339.000 2.590E+10
  1339.250 2.590E+10
  1339.500 2.578E+10
  1339.750 2.567E+10
  1340.000 2.573E+10
  1340.250 2.582E+10
  1340.500 2.584E+10
  1340.750 2.583E+10
  1341.000 2.581E+10
  1341.250 2.580E+10
  1341.500 2.579E+10
  1341.750 2.577E+10
  1342.000 2.572E+10
  1342.250 2.567E+10
  1342.500 2.554E+10
  1342.750 2.513E+10
  1343.000 2.497E+10
  1343.250 2.484E+10
  1343.500 2.497E+10
  1343.750 2.543E+10
  1344.000 2.548E+10
  1344.250 2.536E+10
  1344.500 2.538E+10
  1344.750 2.550E+10
  1345.000 2.550E+10
  1345.250 2.513E+10
  1345.500 2.464E+10
  1345.750 2.497E+10
  1346.000 2.540E+10
  1346.250 2.546E+10
  1346.500 2.544E+10
  1346.750 2.543E+10
  1347.000 2.542E+10
  1347.250 2.539E+10
  1347.500 2.533E+10
  1347.750 2.507E+10
  1348.000 2.458E+10
  1348.250 2.477E+10
  1348.500 2.519E+10
  1348.750 2.517E+10
  1349.000 2.494E+10
  1349.250 2.492E+10
  1349.500 2.509E+10
  1349.750 2.482E+10
  1350.000 2.414E+10
  1350.250 2.440E+10
  1350.500 2.495E+10
  1350.750 2.509E+10
  1351.000 2.511E+10
  1351.250 2.503E+10
  1351.500 2.488E+10
  1351.750 2.476E+10
  1352.000 2.462E+10
  1352.250 2.472E+10
  1352.500 2.479E+10
  1352.750 2.490E+10
  1353.000 2.497E+10
  1353.250 2.494E+10
  1353.500 2.483E+10
  1353.750 2.474E+10
  1354.000 2.485E+10
  1354.250 2.491E+10
  1354.500 2.482E+10
  1354.750 2.459E+10
  1355.000 2.458E+10
  1355.250 2.475E+10
  1355.500 2.478E+10
  1355.750 2.479E+10
  1356.000 2.481E+10
  1356.250 2.479E+10
  1356.500 2.467E+10
  1356.750 2.434E+10
  1357.000 2.433E+10
  1357.250 2.458E+10
  1357.500 2.449E+10
  1357.750 2.436E+10
  1358.000 2.420E+10
  1358.250 2.358E+10
  1358.500 2.330E+10
  1358.750 2.348E+10
  1359.000 2.396E+10
  1359.250 2.431E+10
  1359.500 2.447E+10
  1359.750 2.456E+10
  1360.000 2.457E+10
  1360.250 2.454E+10
  1360.500 2.451E+10
  1360.750 2.450E+10
  1361.000 2.438E+10
  1361.250 2.402E+10
  1361.500 2.340E+10
  1361.750 2.275E+10
  1362.000 2.337E+10
  1362.250 2.422E+10
  1362.500 2.432E+10
  1362.750 2.405E+10
  1363.000 2.384E+10
  1363.250 2.400E+10
  1363.500 2.402E+10
  1363.750 2.395E+10
  1364.000 2.409E+10
  1364.250 2.424E+10
  1364.500 2.424E+10
  1364.750 2.410E+10
  1365.000 2.399E+10
  1365.250 2.397E+10
  1365.500 2.388E+10
  1365.750 2.390E+10
  1366.000 2.405E+10
  1366.250 2.409E+10
  1366.500 2.409E+10
  1366.750 2.410E+10
  1367.000 2.405E+10
  1367.250 2.399E+10
  1367.500 2.404E+10
  1367.750 2.408E+10
  1368.000 2.406E+10
  1368.250 2.404E+10
  1368.500 2.402E+10
  1368.750 2.400E+10
  1369.000 2.395E+10
  1369.250 2.395E+10
  1369.500 2.396E+10
  1369.750 2.395E+10
  1370.000 2.391E+10
  1370.250 2.373E+10
  1370.500 2.293E+10
  1370.750 2.174E+10
  1371.000 2.134E+10
  1371.250 2.184E+10
  1371.500 2.303E+10
  1371.750 2.360E+10
  1372.000 2.365E+10
  1372.250 2.373E+10
  1372.500 2.374E+10
  1372.750 2.370E+10
  1373.000 2.364E+10
  1373.250 2.344E+10
  1373.500 2.280E+10
  1373.750 2.256E+10
  1374.000 2.266E+10
  1374.250 2.234E+10
  1374.500 2.187E+10
  1374.750 2.211E+10
  1375.000 2.302E+10
  1375.250 2.295E+10
  1375.500 2.278E+10
  1375.750 2.321E+10
  1376.000 2.327E+10
  1376.250 2.271E+10
  1376.500 2.268E+10
  1376.750 2.328E+10
  1377.000 2.349E+10
  1377.250 2.349E+10
  1377.500 2.344E+10
  1377.750 2.336E+10
  1378.000 2.328E+10
  1378.250 2.313E+10
  1378.500 2.285E+10
  1378.750 2.293E+10
  1379.000 2.310E+10
  1379.250 2.322E+10
  1379.500 2.331E+10
  1379.750 2.325E+10
  1380.000 2.306E+10
  1380.250 2.306E+10
  1380.500 2.324E+10
  1380.750 2.328E+10
  1381.000 2.328E+10
  1381.250 2.326E+10
  1381.500 2.323E+10
  1381.750 2.321E+10
  1382.000 2.319E+10
  1382.250 2.316E+10
  1382.500 2.312E+10
  1382.750 2.309E+10
  1383.000 2.309E+10
  1383.250 2.312E+10
  1383.500 2.312E+10
  1383.750 2.305E+10
  1384.000 2.291E+10
  1384.250 2.291E+10
  1384.500 2.300E+10
  1384.750 2.302E+10
  1385.000 2.295E+10
  1385.250 2.277E+10
  1385.500 2.250E+10
  1385.750 2.249E+10
  1386.000 2.282E+10
  1386.250 2.294E+10
  1386.500 2.292E+10
  1386.750 2.281E+10
  1387.000 2.252E+10
  1387.250 2.250E+10
  1387.500 2.257E+10
  1387.750 2.233E+10
  1388.000 2.213E+10
  1388.250 2.237E+10
  1388.500 2.263E+10
  1388.750 2.265E+10
  1389.000 2.258E+10
  1389.250 2.268E+10
  1389.500 2.275E+10
  1389.750 2.275E+10
  1390.000 2.273E+10
  1390.250 2.269E+10
  1390.500 2.246E+10
  1390.750 2.197E+10
  1391.000 2.162E+10
  1391.250 2.167E+10
  1391.500 2.227E+10
  1391.750 2.256E+10
  1392.000 2.248E+10
  1392.250 2.229E+10
  1392.500 2.240E+10
  1392.750 2.250E+10
  1393.000 2.240E+10
  1393.250 2.212E+10
  1393.500 2.125E+10
  1393.750 2.051E+10
  1394.000 2.134E+10
  1394.250 2.198E+10
  1394.500 2.208E+10
  1394.750 2.217E+10
  1395.000 2.236E+10
  1395.250 2.242E+10
  1395.500 2.241E+10
  1395.750 2.240E+10
  1396.000 2.237E+10
  1396.250 2.233E+10
  1396.500 2.219E+10
  1396.750 2.205E+10
  1397.000 2.211E+10
  1397.250 2.220E+10
  1397.500 2.224E+10
  1397.750 2.214E+10
  1398.000 2.208E+10
  1398.250 2.218E+10
  1398.500 2.224E+10
  1398.750 2.224E+10
  1399.000 2.222E+10
  1399.250 2.220E+10
  1399.500 2.217E+10
  1399.750 2.214E+10
  1400.000 2.197E+10
  1400.250 2.180E+10
  1400.500 2.197E+10
  1400.750 2.211E+10
  1401.000 2.211E+10
  1401.250 2.209E+10
  1401.500 2.208E+10
  1401.750 2.206E+10
  1402.000 2.192E+10
  1402.250 2.140E+10
  1402.500 2.071E+10
  1402.750 2.028E+10
  1403.000 2.102E+10
  1403.250 2.167E+10
  1403.500 2.182E+10
  1403.750 2.191E+10
  1404.000 2.183E+10
  1404.250 2.156E+10
  1404.500 2.146E+10
  1404.750 2.162E+10
  1405.000 2.169E+10
  1405.250 2.171E+10
  1405.500 2.179E+10
  1405.750 2.181E+10
  1406.000 2.178E+10
  1406.250 2.171E+10
  1406.500 2.127E+10
  1406.750 2.082E+10
  1407.000 2.098E+10
  1407.250 2.116E+10
  1407.500 2.148E+10
  1407.750 2.163E+10
  1408.000 2.147E+10
  1408.250 2.137E+10
  1408.500 2.151E+10
  1408.750 2.141E+10
  1409.000 2.092E+10
  1409.250 2.054E+10
  1409.500 2.069E+10
  1409.750 2.114E+10
  1410.000 2.142E+10
  1410.250 2.157E+10
  1410.500 2.159E+10
  1410.750 2.156E+10
  1411.000 2.151E+10
  1411.250 2.142E+10
  1411.500 2.127E+10
  1411.750 2.133E+10
  1412.000 2.147E+10
  1412.250 2.149E+10
  1412.500 2.148E+10
  1412.750 2.146E+10
  1413.000 2.140E+10
  1413.250 2.131E+10
  1413.500 2.135E+10
  1413.750 2.140E+10
  1414.000 2.140E+10
  1414.250 2.134E+10
  1414.500 2.120E+10
  1414.750 2.110E+10
  1415.000 2.087E+10
  1415.250 2.076E+10
  1415.500 2.108E+10
  1415.750 2.124E+10
  1416.000 2.114E+10
  1416.250 2.101E+10
  1416.500 2.109E+10
  1416.750 2.113E+10
  1417.000 2.112E+10
  1417.250 2.103E+10
  1417.500 2.051E+10
  1417.750 2.024E+10
  1418.000 2.045E+10
  1418.250 2.069E+10
  1418.500 2.103E+10
  1418.750 2.106E+10
  1419.000 2.074E+10
  1419.250 2.031E+10
  1419.500 1.983E+10
  1419.750 1.983E+10
  1420.000 2.048E+10
  1420.250 2.047E+10
  1420.500 2.018E+10
  1420.750 2.048E+10
  1421.000 2.081E+10
  1421.250 2.091E+10
  1421.500 2.077E+10
  1421.750 2.058E+10
  1422.000 2.076E+10
  1422.250 2.087E+10
  1422.500 2.083E+10
  1422.750 2.083E+10
  1423.000 2.063E+10
  1423.250 2.018E+10
  1423.500 1.978E+10
  1423.750 2.007E+10
  1424.000 2.066E+10
  1424.250 2.082E+10
  1424.500 2.083E+10
  1424.750 2.079E+10
  1425.000 2.073E+10
  1425.250 2.075E+10
  1425.500 2.078E+10
  1425.750 2.078E+10
  1426.000 2.077E+10
  1426.250 2.075E+10
  1426.500 2.073E+10
  1426.750 2.072E+10
  1427.000 2.071E+10
  1427.250 2.070E+10
  1427.500 2.067E+10
  1427.750 2.060E+10
  1428.000 2.057E+10
  1428.250 2.060E+10
  1428.500 2.062E+10
  1428.750 2.055E+10
  1429.000 2.042E+10
  1429.250 2.021E+10
  1429.500 2.004E+10
  1429.750 2.028E+10
  1430.000 2.042E+10
  1430.250 2.019E+10
  1430.500 1.980E+10
  1430.750 1.998E+10
  1431.000 2.037E+10
  1431.250 2.048E+10
  1431.500 2.046E+10
  1431.750 2.037E+10
  1432.000 2.033E+10
  1432.250 2.040E+10
  1432.500 2.042E+10
  1432.750 2.036E+10
  1433.000 2.024E+10
  1433.250 2.014E+10
  1433.500 2.025E+10
  1433.750 2.034E+10
  1434.000 2.034E+10
  1434.250 2.032E+10
  1434.500 2.031E+10
  1434.750 2.024E+10
  1435.000 2.010E+10
  1435.250 2.000E+10
  1435.500 2.012E+10
  1435.750 2.024E+10
  1436.000 2.025E+10
  1436.250 2.024E+10
  1436.500 2.021E+10
  1436.750 2.018E+10
  1437.000 2.017E+10
  1437.250 2.014E+10
  1437.500 2.007E+10
  1437.750 2.009E+10
  1438.000 2.014E+10
  1438.250 2.014E+10
  1438.500 2.012E+10
  1438.750 2.005E+10
  1439.000 1.992E+10
  1439.250 1.997E+10
  1439.500 2.006E+10
  1439.750 2.003E+10
  1440.000 1.983E+10
  1440.250 1.934E+10
  1440.500 1.908E+10
  1440.750 1.934E+10
  1441.000 1.952E+10
  1441.250 1.975E+10
  1441.500 1.988E+10
  1441.750 1.977E+10
  1442.000 1.960E+10
  1442.250 1.954E+10
  1442.500 1.977E+10
  1442.750 1.987E+10
  1443.000 1.979E+10
  1443.250 1.977E+10
  1443.500 1.984E+10
  1443.750 1.986E+10
  1444.000 1.986E+10
  1444.250 1.985E+10
  1444.500 1.983E+10
  1444.750 1.982E+10
  1445.000 1.981E+10
  1445.250 1.979E+10
  1445.500 1.975E+10
  1445.750 1.970E+10
  1446.000 1.969E+10
  1446.250 1.958E+10
  1446.500 1.916E+10
  1446.750 1.886E+10
  1447.000 1.921E+10
  1447.250 1.949E+10
  1447.500 1.947E+10
  1447.750 1.954E+10
  1448.000 1.955E+10
  1448.250 1.943E+10
  1448.500 1.922E+10
  1448.750 1.908E+10
  1449.000 1.924E+10
  1449.250 1.952E+10
  1449.500 1.950E+10
  1449.750 1.926E+10
  1450.000 1.922E+10
  1450.250 1.945E+10
  1450.500 1.952E+10
  1450.750 1.949E+10
  1451.000 1.943E+10
  1451.250 1.942E+10
  1451.500 1.947E+10
  1451.750 1.948E+10
  1452.000 1.947E+10
  1452.250 1.945E+10
  1452.500 1.943E+10
  1452.750 1.937E+10
  1453.000 1.927E+10
  1453.250 1.905E+10
  1453.500 1.883E+10
  1453.750 1.898E+10
  1454.000 1.919E+10
  1454.250 1.922E+10
  1454.500 1.916E+10
  1454.750 1.909E+10
  1455.000 1.895E+10
  1455.250 1.849E+10
  1455.500 1.848E+10
  1455.750 1.888E+10
  1456.000 1.887E+10
  1456.250 1.874E+10
  1456.500 1.904E+10
  1456.750 1.922E+10
  1457.000 1.923E+10
  1457.250 1.920E+10
  1457.500 1.910E+10
  1457.750 1.900E+10
  1458.000 1.910E+10
  1458.250 1.915E+10
  1458.500 1.912E+10
  1458.750 1.909E+10
  1459.000 1.901E+10
  1459.250 1.877E+10
  1459.500 1.844E+10
  1459.750 1.819E+10
  1460.000 1.858E+10
  1460.250 1.898E+10
  1460.500 1.895E+10
  1460.750 1.883E+10
  1461.000 1.891E+10
  1461.250 1.900E+10
  1461.500 1.902E+10
  1461.750 1.901E+10
  1462.000 1.899E+10
  1462.250 1.890E+10
  1462.500 1.868E+10
  1462.750 1.868E+10
  1463.000 1.888E+10
  1463.250 1.892E+10
  1463.500 1.886E+10
  1463.750 1.883E+10
  1464.000 1.880E+10
  1464.250 1.870E+10
  1464.500 1.841E+10
  1464.750 1.812E+10
  1465.000 1.839E+10
  1465.250 1.842E+10
  1465.500 1.837E+10
  1465.750 1.862E+10
  1466.000 1.875E+10
  1466.250 1.873E+10
  1466.500 1.853E+10
  1466.750 1.848E+10
  1467.000 1.867E+10
  1467.250 1.874E+10
  1467.500 1.873E+10
  1467.750 1.856E+10
  1468.000 1.778E+10
  1468.250 1.723E+10
  1468.500 1.801E+10
  1468.750 1.831E+10
  1469.000 1.816E+10
  1469.250 1.842E+10
  1469.500 1.862E+10
  1469.750 1.864E+10
  1470.000 1.863E+10
  1470.250 1.862E+10
  1470.500 1.861E+10
  1470.750 1.859E+10
  1471.000 1.857E+10
  1471.250 1.853E+10
  1471.500 1.853E+10
  1471.750 1.845E+10
  1472.000 1.821E+10
  1472.250 1.811E+10
  1472.500 1.814E+10
  1472.750 1.832E+10
  1473.000 1.846E+10
  1473.250 1.848E+10
  1473.500 1.847E+10
  1473.750 1.846E+10
  1474.000 1.844E+10
  1474.250 1.840E+10
  1474.500 1.840E+10
  1474.750 1.841E+10
  1475.000 1.839E+10
  1475.250 1.834E+10
  1475.500 1.824E+10
  1475.750 1.825E+10
  1476.000 1.833E+10
  1476.250 1.834E+10
  1476.500 1.832E+10
  1476.750 1.831E+10
  1477.000 1.831E+10
  1477.250 1.830E+10
  1477.500 1.825E+10
  1477.750 1.820E+10
  1478.000 1.822E+10
  1478.250 1.824E+10
  1478.500 1.823E+10
  1478.750 1.820E+10
  1479.000 1.818E+10
  1479.250 1.801E+10
  1479.500 1.781E+10
  1479.750 1.776E+10
  1480.000 1.777E+10
  1480.250 1.796E+10
  1480.500 1.809E+10
  1480.750 1.813E+10
  1481.000 1.810E+10
  1481.250 1.804E+10
  1481.500 1.805E+10
  1481.750 1.808E+10
  1482.000 1.809E+10
  1482.250 1.808E+10
  1482.500 1.806E+10
  1482.750 1.804E+10
  1483.000 1.801E+10
  1483.250 1.801E+10
  1483.500 1.802E+10
  1483.750 1.802E+10
  1484.000 1.798E+10
  1484.250 1.794E+10
  1484.500 1.795E+10
  1484.750 1.791E+10
  1485.000 1.785E+10
  1485.250 1.783E+10
  1485.500 1.783E+10
  1485.750 1.789E+10
  1486.000 1.791E+10
  1486.250 1.790E+10
  1486.500 1.785E+10
  1486.750 1.778E+10
  1487.000 1.779E+10
  1487.250 1.785E+10
  1487.500 1.786E+10
  1487.750 1.785E+10
  1488.000 1.784E+10
  1488.250 1.782E+10
  1488.500 1.779E+10
  1488.750 1.774E+10
  1489.000 1.770E+10
  1489.250 1.768E+10
  1489.500 1.771E+10
  1489.750 1.772E+10
  1490.000 1.769E+10
  1490.250 1.754E+10
  1490.500 1.750E+10
  1490.750 1.763E+10
  1491.000 1.769E+10
  1491.250 1.768E+10
  1491.500 1.768E+10
  1491.750 1.768E+10
  1492.000 1.767E+10
  1492.250 1.766E+10
  1492.500 1.765E+10
  1492.750 1.764E+10
  1493.000 1.762E+10
  1493.250 1.761E+10
  1493.500 1.760E+10
  1493.750 1.760E+10
  1494.000 1.758E+10
  1494.250 1.757E+10
  1494.500 1.755E+10
  1494.750 1.752E+10
  1495.000 1.750E+10
  1495.250 1.739E+10
  1495.500 1.728E+10
  1495.750 1.738E+10
  1496.000 1.740E+10
  1496.250 1.732E+10
  1496.500 1.738E+10
  1496.750 1.745E+10
  1497.000 1.745E+10
  1497.250 1.744E+10
  1497.500 1.742E+10
  1497.750 1.734E+10
  1498.000 1.726E+10
  1498.250 1.734E+10
  1498.500 1.738E+10
  1498.750 1.738E+10
  1499.000 1.737E+10
  1499.250 1.736E+10
  1499.500 1.735E+10
  1499.750 1.733E+10
  1500.000 1.732E+10
  1500.250 1.731E+10
  1500.500 1.730E+10
  1500.750 1.730E+10
  1501.000 1.729E+10
  1501.250 1.728E+10
  1501.500 1.727E+10
  1501.750 1.726E+10
  1502.000 1.724E+10
  1502.250 1.721E+10
  1502.500 1.721E+10
  1502.750 1.721E+10
  1503.000 1.721E+10
  1503.250 1.719E+10
  1503.500 1.716E+10
  1503.750 1.714E+10
  1504.000 1.712E+10
  1504.250 1.707E+10
  1504.500 1.708E+10
  1504.750 1.711E+10
  1505.000 1.712E+10
  1505.250 1.712E+10
  1505.500 1.711E+10
  1505.750 1.710E+10
  1506.000 1.709E+10
  1506.250 1.708E+10
  1506.500 1.707E+10
  1506.750 1.705E+10
  1507.000 1.703E+10
  1507.250 1.702E+10
  1507.500 1.697E+10
  1507.750 1.692E+10
  1508.000 1.695E+10
  1508.250 1.698E+10
  1508.500 1.693E+10
  1508.750 1.685E+10
  1509.000 1.688E+10
  1509.250 1.694E+10
  1509.500 1.693E+10
  1509.750 1.691E+10
  1510.000 1.689E+10
  1510.250 1.687E+10
  1510.500 1.678E+10
  1510.750 1.674E+10
  1511.000 1.682E+10
  1511.250 1.684E+10
  1511.500 1.683E+10
  1511.750 1.685E+10
  1512.000 1.684E+10
  1512.250 1.683E+10
  1512.500 1.682E+10
  1512.750 1.681E+10
  1513.000 1.680E+10
  1513.250 1.679E+10
  1513.500 1.677E+10
  1513.750 1.676E+10
  1514.000 1.676E+10
  1514.250 1.675E+10
  1514.500 1.673E+10
  1514.750 1.664E+10
  1515.000 1.650E+10
  1515.250 1.657E+10
  1515.500 1.667E+10
  1515.750 1.668E+10
  1516.000 1.668E+10
  1516.250 1.667E+10
  1516.500 1.665E+10
  1516.750 1.663E+10
  1517.000 1.663E+10
  1517.250 1.663E+10
  1517.500 1.661E+10
  1517.750 1.657E+10
  1518.000 1.657E+10
  1518.250 1.659E+10
  1518.500 1.658E+10
  1518.750 1.653E+10
  1519.000 1.644E+10
  1519.250 1.648E+10
  1519.500 1.652E+10
  1519.750 1.651E+10
  1520.000 1.650E+10
  1520.250 1.651E+10
  1520.500 1.650E+10
  1520.750 1.649E+10
  1521.000 1.647E+10
  1521.250 1.647E+10
  1521.500 1.647E+10
  1521.750 1.646E+10
  1522.000 1.645E+10
  1522.250 1.644E+10
  1522.500 1.643E+10
  1522.750 1.640E+10
  1523.000 1.638E+10
  1523.250 1.639E+10
  1523.500 1.639E+10
  1523.750 1.638E+10
  1524.000 1.637E+10
  1524.250 1.636E+10
  1524.500 1.635E+10
  1524.750 1.633E+10
  1525.000 1.623E+10
  1525.250 1.612E+10
  1525.500 1.617E+10
  1525.750 1.627E+10
  1526.000 1.628E+10
  1526.250 1.627E+10
  1526.500 1.626E+10
  1526.750 1.625E+10
  1527.000 1.625E+10
  1527.250 1.625E+10
  1527.500 1.624E+10
  1527.750 1.623E+10
  1528.000 1.620E+10
  1528.250 1.618E+10
  1528.500 1.617E+10
  1528.750 1.618E+10
  1529.000 1.618E+10
  1529.250 1.617E+10
  1529.500 1.616E+10
  1529.750 1.615E+10
  1530.000 1.613E+10
  1530.250 1.607E+10
  1530.500 1.605E+10
  1530.750 1.609E+10
  1531.000 1.610E+10
  1531.250 1.610E+10
  1531.500 1.608E+10
  1531.750 1.602E+10
  1532.000 1.584E+10
  1532.250 1.580E+10
  1532.500 1.591E+10
  1532.750 1.592E+10
  1533.000 1.575E+10
  1533.250 1.559E+10
  1533.500 1.579E+10
  1533.750 1.596E+10
  1534.000 1.599E+10
  1534.250 1.598E+10
  1534.500 1.597E+10
  1534.750 1.596E+10
  1535.000 1.596E+10
  1535.250 1.595E+10
  1535.500 1.593E+10
  1535.750 1.591E+10
  1536.000 1.591E+10
  1536.250 1.590E+10
  1536.500 1.590E+10
  1536.750 1.589E+10
  1537.000 1.588E+10
  1537.250 1.587E+10
  1537.500 1.586E+10
  1537.750 1.585E+10
  1538.000 1.576E+10
  1538.250 1.555E+10
  1538.500 1.547E+10
  1538.750 1.552E+10
  1539.000 1.569E+10
  1539.250 1.577E+10
  1539.500 1.577E+10
  1539.750 1.577E+10
  1540.000 1.577E+10
  1540.250 1.575E+10
  1540.500 1.574E+10
  1540.750 1.574E+10
  1541.000 1.572E+10
  1541.250 1.572E+10
  1541.500 1.571E+10
  1541.750 1.570E+10
  1542.000 1.569E+10
  1542.250 1.568E+10
  1542.500 1.567E+10
  1542.750 1.565E+10
  1543.000 1.559E+10
  1543.250 1.552E+10
  1543.500 1.558E+10
  1543.750 1.561E+10
  1544.000 1.558E+10
  1544.250 1.554E+10
  1544.500 1.557E+10
  1544.750 1.558E+10
  1545.000 1.557E+10
  1545.250 1.556E+10
  1545.500 1.554E+10
  1545.750 1.552E+10
  1546.000 1.550E+10
  1546.250 1.549E+10
  1546.500 1.548E+10
  1546.750 1.545E+10
  1547.000 1.541E+10
  1547.250 1.533E+10
  1547.500 1.512E+10
  1547.750 1.442E+10
  1548.000 1.286E+10
  1548.250 1.212E+10
  1548.500 1.348E+10
  1548.750 1.474E+10
  1549.000 1.516E+10
  1549.250 1.526E+10
  1549.500 1.520E+10
  1549.750 1.492E+10
  1550.000 1.483E+10
  1550.250 1.476E+10
  1550.500 1.365E+10
  1550.750 1.242E+10
  1551.000 1.333E+10
  1551.250 1.470E+10
  1551.500 1.516E+10
  1551.750 1.525E+10
  1552.000 1.528E+10
  1552.250 1.529E+10
  1552.500 1.528E+10
  1552.750 1.525E+10
  1553.000 1.520E+10
  1553.250 1.524E+10
  1553.500 1.526E+10
  1553.750 1.524E+10
  1554.000 1.510E+10
  1554.250 1.499E+10
  1554.500 1.513E+10
  1554.750 1.522E+10
  1555.000 1.522E+10
  1555.250 1.519E+10
  1555.500 1.518E+10
  1555.750 1.519E+10
  1556.000 1.519E+10
  1556.250 1.518E+10
  1556.500 1.515E+10
  1556.750 1.512E+10
  1557.000 1.507E+10
  1557.250 1.501E+10
  1557.500 1.506E+10
  1557.750 1.511E+10
  1558.000 1.512E+10
  1558.250 1.511E+10
  1558.500 1.511E+10
  1558.750 1.510E+10
  1559.000 1.509E+10
  1559.250 1.508E+10
  1559.500 1.507E+10
  1559.750 1.506E+10
  1560.000 1.506E+10
  1560.250 1.505E+10
  1560.500 1.504E+10
  1560.750 1.503E+10
  1561.000 1.502E+10
  1561.250 1.501E+10
  1561.500 1.500E+10
  1561.750 1.499E+10
  1562.000 1.498E+10
  1562.250 1.498E+10
  1562.500 1.497E+10
  1562.750 1.496E+10
  1563.000 1.495E+10
  1563.250 1.494E+10
  1563.500 1.493E+10
  1563.750 1.489E+10
  1564.000 1.482E+10
  1564.250 1.483E+10
  1564.500 1.488E+10
  1564.750 1.487E+10
  1565.000 1.467E+10
  1565.250 1.439E+10
  1565.500 1.452E+10
  1565.750 1.474E+10
  1566.000 1.483E+10
  1566.250 1.484E+10
  1566.500 1.482E+10
  1566.750 1.480E+10
  1567.000 1.481E+10
  1567.250 1.481E+10
  1567.500 1.480E+10
  1567.750 1.479E+10
  1568.000 1.478E+10
  1568.250 1.475E+10
  1568.500 1.470E+10
  1568.750 1.470E+10
  1569.000 1.473E+10
  1569.250 1.474E+10
  1569.500 1.473E+10
  1569.750 1.471E+10
  1570.000 1.470E+10
  1570.250 1.469E+10
  1570.500 1.469E+10
  1570.750 1.468E+10
  1571.000 1.467E+10
  1571.250 1.467E+10
  1571.500 1.466E+10
  1571.750 1.464E+10
  1572.000 1.462E+10
  1572.250 1.456E+10
  1572.500 1.448E+10
  1572.750 1.453E+10
  1573.000 1.460E+10
  1573.250 1.460E+10
  1573.500 1.460E+10
  1573.750 1.459E+10
  1574.000 1.458E+10
  1574.250 1.457E+10
  1574.500 1.456E+10
  1574.750 1.455E+10
  1575.000 1.454E+10
  1575.250 1.454E+10
  1575.500 1.453E+10
  1575.750 1.451E+10
  1576.000 1.446E+10
  1576.250 1.432E+10
  1576.500 1.427E+10
  1576.750 1.441E+10
  1577.000 1.447E+10
  1577.250 1.447E+10
  1577.500 1.446E+10
  1577.750 1.442E+10
  1578.000 1.439E+10
  1578.250 1.441E+10
  1578.500 1.443E+10
  1578.750 1.442E+10
  1579.000 1.441E+10
  1579.250 1.439E+10
  1579.500 1.432E+10
  1579.750 1.428E+10
  1580.000 1.434E+10
  1580.250 1.437E+10
  1580.500 1.436E+10
  1580.750 1.436E+10
  1581.000 1.435E+10
  1581.250 1.434E+10
  1581.500 1.433E+10
  1581.750 1.432E+10
  1582.000 1.430E+10
  1582.250 1.429E+10
  1582.500 1.425E+10
  1582.750 1.404E+10
  1583.000 1.371E+10
  1583.250 1.385E+10
  1583.500 1.417E+10
  1583.750 1.425E+10
  1584.000 1.423E+10
  1584.250 1.418E+10
  1584.500 1.416E+10
  1584.750 1.419E+10
  1585.000 1.420E+10
  1585.250 1.416E+10
  1585.500 1.395E+10
  1585.750 1.340E+10
  1586.000 1.308E+10
  1586.250 1.345E+10
  1586.500 1.396E+10
  1586.750 1.412E+10
  1587.000 1.414E+10
  1587.250 1.413E+10
  1587.500 1.413E+10
  1587.750 1.412E+10
  1588.000 1.412E+10
  1588.250 1.411E+10
  1588.500 1.410E+10
  1588.750 1.406E+10
  1589.000 1.404E+10
  1589.250 1.404E+10
  1589.500 1.404E+10
  1589.750 1.406E+10
  1590.000 1.405E+10
  1590.250 1.405E+10
  1590.500 1.404E+10
  1590.750 1.403E+10
  1591.000 1.402E+10
  1591.250 1.401E+10
  1591.500 1.395E+10
  1591.750 1.391E+10
  1592.000 1.394E+10
  1592.250 1.394E+10
  1592.500 1.394E+10
  1592.750 1.396E+10
  1593.000 1.396E+10
  1593.250 1.395E+10
  1593.500 1.393E+10
  1593.750 1.390E+10
  1594.000 1.388E+10
  1594.250 1.390E+10
  1594.500 1.388E+10
  1594.750 1.385E+10
  1595.000 1.387E+10
  1595.250 1.389E+10
  1595.500 1.388E+10
  1595.750 1.388E+10
  1596.000 1.386E+10
  1596.250 1.384E+10
  1596.500 1.383E+10
  1596.750 1.383E+10
  1597.000 1.381E+10
  1597.250 1.381E+10
  1597.500 1.381E+10
  1597.750 1.381E+10
  1598.000 1.380E+10
  1598.250 1.379E+10
  1598.500 1.375E+10
  1598.750 1.371E+10
  1599.000 1.373E+10
  1599.250 1.376E+10
  1599.500 1.376E+10
  1599.750 1.375E+10
  1600.000 1.374E+10
  1600.250 1.373E+10
  1600.500 1.369E+10
  1600.750 1.364E+10
  1601.000 1.367E+10
  1601.250 1.370E+10
  1601.500 1.369E+10
  1601.750 1.369E+10
  1602.000 1.368E+10
  1602.250 1.366E+10
  1602.500 1.364E+10
  1602.750 1.362E+10
  1603.000 1.358E+10
  1603.250 1.358E+10
  1603.500 1.361E+10
  1603.750 1.362E+10
  1604.000 1.362E+10
  1604.250 1.361E+10
  1604.500 1.360E+10
  1604.750 1.359E+10
  1605.000 1.359E+10
  1605.250 1.358E+10
  1605.500 1.355E+10
  1605.750 1.351E+10
  1606.000 1.353E+10
  1606.250 1.353E+10
  1606.500 1.347E+10
  1606.750 1.340E+10
  1607.000 1.345E+10
  1607.250 1.351E+10
  1607.500 1.350E+10
  1607.750 1.346E+10
  1608.000 1.346E+10
  1608.250 1.348E+10
  1608.500 1.348E+10
  1608.750 1.344E+10
  1609.000 1.333E+10
  1609.250 1.327E+10
  1609.500 1.337E+10
  1609.750 1.343E+10
  1610.000 1.343E+10
  1610.250 1.340E+10
  1610.500 1.333E+10
  1610.750 1.334E+10
  1611.000 1.339E+10
  1611.250 1.339E+10
  1611.500 1.337E+10
  1611.750 1.329E+10
  1612.000 1.329E+10
  1612.250 1.334E+10
  1612.500 1.336E+10
  1612.750 1.335E+10
  1613.000 1.333E+10
  1613.250 1.331E+10
  1613.500 1.331E+10
  1613.750 1.331E+10
  1614.000 1.329E+10
  1614.250 1.327E+10
  1614.500 1.328E+10
  1614.750 1.327E+10
  1615.000 1.327E+10
  1615.250 1.327E+10
  1615.500 1.327E+10
  1615.750 1.326E+10
  1616.000 1.326E+10
  1616.250 1.325E+10
  1616.500 1.324E+10
  1616.750 1.322E+10
  1617.000 1.320E+10
  1617.250 1.320E+10
  1617.500 1.320E+10
  1617.750 1.320E+10
  1618.000 1.319E+10
  1618.250 1.318E+10
  1618.500 1.318E+10
  1618.750 1.317E+10
  1619.000 1.317E+10
  1619.250 1.315E+10
  1619.500 1.312E+10
  1619.750 1.305E+10
  1620.000 1.303E+10
  1620.250 1.308E+10
  1620.500 1.311E+10
  1620.750 1.311E+10
  1621.000 1.309E+10
  1621.250 1.308E+10
  1621.500 1.306E+10
  1621.750 1.307E+10
  1622.000 1.308E+10
  1622.250 1.307E+10
  1622.500 1.307E+10
  1622.750 1.306E+10
  1623.000 1.305E+10
  1623.250 1.304E+10
  1623.500 1.303E+10
  1623.750 1.300E+10
  1624.000 1.297E+10
  1624.250 1.293E+10
  1624.500 1.297E+10
  1624.750 1.299E+10
  1625.000 1.294E+10
  1625.250 1.287E+10
  1625.500 1.291E+10
  1625.750 1.296E+10
  1626.000 1.296E+10
  1626.250 1.296E+10
  1626.500 1.295E+10
  1626.750 1.294E+10
  1627.000 1.294E+10
  1627.250 1.293E+10
  1627.500 1.292E+10
  1627.750 1.292E+10
  1628.000 1.291E+10
  1628.250 1.290E+10
  1628.500 1.289E+10
  1628.750 1.288E+10
  1629.000 1.288E+10
  1629.250 1.287E+10
  1629.500 1.284E+10
  1629.750 1.276E+10
  1630.000 1.274E+10
  1630.250 1.280E+10
  1630.500 1.278E+10
  1630.750 1.273E+10
  1631.000 1.276E+10
  1631.250 1.279E+10
  1631.500 1.279E+10
  1631.750 1.278E+10
  1632.000 1.278E+10
  1632.250 1.277E+10
  1632.500 1.276E+10
  1632.750 1.275E+10
  1633.000 1.274E+10
  1633.250 1.273E+10
  1633.500 1.271E+10
  1633.750 1.268E+10
  1634.000 1.266E+10
  1634.250 1.256E+10
  1634.500 1.229E+10
  1634.750 1.232E+10
  1635.000 1.257E+10
  1635.250 1.264E+10
  1635.500 1.264E+10
  1635.750 1.263E+10
  1636.000 1.262E+10
  1636.250 1.260E+10
  1636.500 1.259E+10
  1636.750 1.257E+10
  1637.000 1.255E+10
  1637.250 1.253E+10
  1637.500 1.250E+10
  1637.750 1.247E+10
  1638.000 1.243E+10
  1638.250 1.235E+10
  1638.500 1.226E+10
  1638.750 1.221E+10
  1639.000 1.212E+10
  1639.250 1.194E+10
  1639.500 1.169E+10
  1639.750 1.128E+10
  1640.000 1.050E+10
  1640.250 9.516E+09
  1640.500 9.287E+09
  1640.750 1.008E+10
  1641.000 1.098E+10
  1641.250 1.151E+10
  1641.500 1.181E+10
  1641.750 1.199E+10
  1642.000 1.211E+10
  1642.250 1.219E+10
  1642.500 1.224E+10
  1642.750 1.228E+10
  1643.000 1.230E+10
  1643.250 1.230E+10
  1643.500 1.231E+10
  1643.750 1.234E+10
  1644.000 1.234E+10
  1644.250 1.236E+10
  1644.500 1.237E+10
  1644.750 1.237E+10
  1645.000 1.237E+10
  1645.250 1.237E+10
  1645.500 1.236E+10
  1645.750 1.235E+10
  1646.000 1.236E+10
  1646.250 1.236E+10
  1646.500 1.236E+10
  1646.750 1.235E+10
  1647.000 1.235E+10
  1647.250 1.234E+10
  1647.500 1.234E+10
  1647.750 1.233E+10
  1648.000 1.233E+10
  1648.250 1.227E+10
  1648.500 1.208E+10
  1648.750 1.207E+10
  1649.000 1.224E+10
  1649.250 1.229E+10
  1649.500 1.228E+10
  1649.750 1.228E+10
  1650.000 1.228E+10
  1650.250 1.228E+10
  1650.500 1.227E+10
  1650.750 1.227E+10
  1651.000 1.226E+10
  1651.250 1.225E+10
  1651.500 1.221E+10
  1651.750 1.209E+10
  1652.000 1.206E+10
  1652.250 1.217E+10
  1652.500 1.221E+10
  1652.750 1.221E+10
  1653.000 1.221E+10
  1653.250 1.218E+10
  1653.500 1.211E+10
  1653.750 1.202E+10
  1654.000 1.199E+10
  1654.250 1.203E+10
  1654.500 1.199E+10
  1654.750 1.200E+10
  1655.000 1.210E+10
  1655.250 1.214E+10
  1655.500 1.214E+10
  1655.750 1.213E+10
  1656.000 1.213E+10
  1656.250 1.213E+10
  1656.500 1.212E+10
  1656.750 1.211E+10
  1657.000 1.211E+10
  1657.250 1.210E+10
  1657.500 1.210E+10
  1657.750 1.209E+10
  1658.000 1.208E+10
  1658.250 1.207E+10
  1658.500 1.204E+10
  1658.750 1.196E+10
  1659.000 1.193E+10
  1659.250 1.200E+10
  1659.500 1.202E+10
  1659.750 1.202E+10
  1660.000 1.202E+10
  1660.250 1.202E+10
  1660.500 1.201E+10
  1660.750 1.200E+10
  1661.000 1.200E+10
  1661.250 1.199E+10
  1661.500 1.199E+10
  1661.750 1.198E+10
  1662.000 1.197E+10
  1662.250 1.197E+10
  1662.500 1.196E+10
  1662.750 1.195E+10
  1663.000 1.193E+10
  1663.250 1.189E+10
  1663.500 1.189E+10
  1663.750 1.192E+10
  1664.000 1.192E+10
  1664.250 1.192E+10
  1664.500 1.191E+10
  1664.750 1.191E+10
  1665.000 1.190E+10
  1665.250 1.189E+10
  1665.500 1.189E+10
  1665.750 1.188E+10
  1666.000 1.187E+10
  1666.250 1.187E+10
  1666.500 1.186E+10
  1666.750 1.185E+10
  1667.000 1.185E+10
  1667.250 1.184E+10
  1667.500 1.183E+10
  1667.750 1.183E+10
  1668.000 1.182E+10
  1668.250 1.182E+10
  1668.500 1.181E+10
  1668.750 1.180E+10
  1669.000 1.179E+10
  1669.250 1.179E+10
  1669.500 1.178E+10
  1669.750 1.178E+10
  1670.000 1.177E+10
  1670.250 1.176E+10
  1670.500 1.176E+10
  1670.750 1.175E+10
  1671.000 1.174E+10
  1671.250 1.174E+10
  1671.500 1.173E+10
  1671.750 1.173E+10
  1672.000 1.172E+10
  1672.250 1.171E+10
  1672.500 1.170E+10
  1672.750 1.169E+10
  1673.000 1.169E+10
  1673.250 1.169E+10
  1673.500 1.168E+10
  1673.750 1.167E+10
  1674.000 1.167E+10
  1674.250 1.166E+10
  1674.500 1.166E+10
  1674.750 1.165E+10
  1675.000 1.164E+10
  1675.250 1.163E+10
  1675.500 1.163E+10
  1675.750 1.162E+10
  1676.000 1.161E+10
  1676.250 1.158E+10
  1676.500 1.156E+10
  1676.750 1.158E+10
  1677.000 1.157E+10
  1677.250 1.152E+10
  1677.500 1.154E+10
  1677.750 1.156E+10
  1678.000 1.157E+10
  1678.250 1.156E+10
  1678.500 1.155E+10
  1678.750 1.155E+10
  1679.000 1.154E+10
  1679.250 1.154E+10
  1679.500 1.152E+10
  1679.750 1.145E+10
  1680.000 1.135E+10
  1680.250 1.141E+10
  1680.500 1.149E+10
  1680.750 1.150E+10
  1681.000 1.149E+10
  1681.250 1.149E+10
  1681.500 1.148E+10
  1681.750 1.147E+10
  1682.000 1.147E+10
  1682.250 1.146E+10
  1682.500 1.144E+10
  1682.750 1.130E+10
  1683.000 1.108E+10
  1683.250 1.121E+10
  1683.500 1.139E+10
  1683.750 1.142E+10
  1684.000 1.142E+10
  1684.250 1.141E+10
  1684.500 1.141E+10
  1684.750 1.140E+10
  1685.000 1.139E+10
  1685.250 1.139E+10
  1685.500 1.138E+10
  1685.750 1.138E+10
  1686.000 1.137E+10
  1686.250 1.136E+10
  1686.500 1.136E+10
  1686.750 1.135E+10
  1687.000 1.134E+10
  1687.250 1.133E+10
  1687.500 1.133E+10
  1687.750 1.133E+10
  1688.000 1.132E+10
  1688.250 1.132E+10
  1688.500 1.131E+10
  1688.750 1.130E+10
  1689.000 1.130E+10
  1689.250 1.129E+10
  1689.500 1.129E+10
  1689.750 1.128E+10
  1690.000 1.127E+10
  1690.250 1.127E+10
  1690.500 1.126E+10
  1690.750 1.125E+10
  1691.000 1.125E+10
  1691.250 1.124E+10
  1691.500 1.124E+10
  1691.750 1.123E+10
  1692.000 1.122E+10
  1692.250 1.122E+10
  1692.500 1.121E+10
  1692.750 1.121E+10
  1693.000 1.120E+10
  1693.250 1.119E+10
  1693.500 1.119E+10
  1693.750 1.118E+10
  1694.000 1.118E+10
  1694.250 1.117E+10
  1694.500 1.116E+10
  1694.750 1.116E+10
  1695.000 1.115E+10
  1695.250 1.115E+10
  1695.500 1.114E+10
  1695.750 1.113E+10
  1696.000 1.113E+10
  1696.250 1.112E+10
  1696.500 1.112E+10
  1696.750 1.111E+10
  1697.000 1.110E+10
  1697.250 1.109E+10
  1697.500 1.109E+10
  1697.750 1.109E+10
  1698.000 1.108E+10
  1698.250 1.107E+10
  1698.500 1.099E+10
  1698.750 1.081E+10
  1699.000 1.086E+10
  1699.250 1.101E+10
  1699.500 1.104E+10
  1699.750 1.103E+10
  1700.000 1.103E+10
  1700.250 1.103E+10
  1700.500 1.102E+10
  1700.750 1.102E+10
  1701.000 1.101E+10
  1701.250 1.100E+10
  1701.500 1.100E+10
  1701.750 1.099E+10
  1702.000 1.099E+10
  1702.250 1.098E+10
  1702.500 1.097E+10
  1702.750 1.097E+10
  1703.000 1.094E+10
  1703.250 1.086E+10
  1703.500 1.080E+10
  1703.750 1.088E+10
  1704.000 1.093E+10
  1704.250 1.093E+10
  1704.500 1.092E+10
  1704.750 1.091E+10
  1705.000 1.090E+10
  1705.250 1.090E+10
  1705.500 1.090E+10
  1705.750 1.090E+10
  1706.000 1.089E+10
  1706.250 1.089E+10
  1706.500 1.088E+10
  1706.750 1.087E+10
  1707.000 1.084E+10
  1707.250 1.084E+10
  1707.500 1.085E+10
  1707.750 1.085E+10
  1708.000 1.085E+10
  1708.250 1.084E+10
  1708.500 1.084E+10
  1708.750 1.083E+10
  1709.000 1.082E+10
  1709.250 1.082E+10
  1709.500 1.081E+10
  1709.750 1.080E+10
  1710.000 1.079E+10
  1710.250 1.079E+10
  1710.500 1.079E+10
  1710.750 1.078E+10
  1711.000 1.077E+10
  1711.250 1.077E+10
  1711.500 1.076E+10
  1711.750 1.075E+10
  1712.000 1.074E+10
  1712.250 1.074E+10
  1712.500 1.073E+10
  1712.750 1.073E+10
  1713.000 1.072E+10
  1713.250 1.072E+10
  1713.500 1.071E+10
  1713.750 1.070E+10
  1714.000 1.070E+10
  1714.250 1.069E+10
  1714.500 1.068E+10
  1714.750 1.067E+10
  1715.000 1.066E+10
  1715.250 1.066E+10
  1715.500 1.066E+10
  1715.750 1.065E+10
  1716.000 1.064E+10
  1716.250 1.064E+10
  1716.500 1.063E+10
  1716.750 1.062E+10
  1717.000 1.061E+10
  1717.250 1.060E+10
  1717.500 1.059E+10
  1717.750 1.058E+10
  1718.000 1.057E+10
  1718.250 1.056E+10
  1718.500 1.055E+10
  1718.750 1.053E+10
  1719.000 1.052E+10
  1719.250 1.050E+10
  1719.500 1.047E+10
  1719.750 1.043E+10
  1720.000 1.040E+10
  1720.250 1.035E+10
  1720.500 1.028E+10
  1720.750 1.018E+10
  1721.000 1.002E+10
  1721.250 9.757E+09
  1721.500 9.319E+09
  1721.750 8.604E+09
  1722.000 7.882E+09
  1722.250 7.999E+09
  1722.500 8.740E+09
  1722.750 9.391E+09
  1723.000 9.799E+09
  1723.250 1.002E+10
  1723.500 1.015E+10
  1723.750 1.023E+10
  1724.000 1.029E+10
  1724.250 1.032E+10
  1724.500 1.034E+10
  1724.750 1.036E+10
  1725.000 1.036E+10
  1725.250 1.035E+10
  1725.500 1.036E+10
  1725.750 1.038E+10
  1726.000 1.039E+10
  1726.250 1.039E+10
  1726.500 1.039E+10
  1726.750 1.039E+10
  1727.000 1.033E+10
  1727.250 1.018E+10
  1727.500 1.017E+10
  1727.750 1.031E+10
  1728.000 1.034E+10
  1728.250 1.034E+10
  1728.500 1.036E+10
  1728.750 1.036E+10
  1729.000 1.036E+10
  1729.250 1.035E+10
  1729.500 1.032E+10
  1729.750 1.026E+10
  1730.000 1.027E+10
  1730.250 1.032E+10
  1730.500 1.033E+10
  1730.750 1.032E+10
  1731.000 1.032E+10
  1731.250 1.032E+10
  1731.500 1.031E+10
  1731.750 1.030E+10
  1732.000 1.030E+10
  1732.250 1.030E+10
  1732.500 1.027E+10
  1732.750 1.013E+10
  1733.000 1.004E+10
  1733.250 1.017E+10
  1733.500 1.025E+10
  1733.750 1.026E+10
  1734.000 1.026E+10
  1734.250 1.026E+10
  1734.500 1.026E+10
  1734.750 1.025E+10
  1735.000 1.025E+10
  1735.250 1.024E+10
  1735.500 1.024E+10
  1735.750 1.023E+10
  1736.000 1.022E+10
  1736.250 1.022E+10
  1736.500 1.021E+10
  1736.750 1.021E+10
  1737.000 1.020E+10
  1737.250 1.020E+10
  1737.500 1.019E+10
  1737.750 1.019E+10
  1738.000 1.018E+10
  1738.250 1.016E+10
  1738.500 1.006E+10
  1738.750 9.966E+09
  1739.000 1.004E+10
  1739.250 1.013E+10
  1739.500 1.015E+10
  1739.750 1.014E+10
  1740.000 1.014E+10
  1740.250 1.013E+10
  1740.500 1.013E+10
  1740.750 1.012E+10
  1741.000 1.012E+10
  1741.250 1.011E+10
  1741.500 1.011E+10
  1741.750 1.010E+10
  1742.000 1.010E+10
  1742.250 1.009E+10
  1742.500 1.008E+10
  1742.750 1.008E+10
  1743.000 1.006E+10
  1743.250 1.003E+10
  1743.500 1.004E+10
  1743.750 1.005E+10
  1744.000 1.005E+10
  1744.250 1.005E+10
  1744.500 1.004E+10
  1744.750 1.004E+10
  1745.000 1.003E+10
  1745.250 1.003E+10
  1745.500 1.002E+10
  1745.750 9.961E+09
  1746.000 9.766E+09
  1746.250 9.724E+09
  1746.500 9.917E+09
  1746.750 9.990E+09
  1747.000 9.991E+09
  1747.250 9.974E+09
  1747.500 9.948E+09
  1747.750 9.953E+09
  1748.000 9.966E+09
  1748.250 9.964E+09
  1748.500 9.953E+09
  1748.750 9.917E+09
  1749.000 9.901E+09
  1749.250 9.928E+09
  1749.500 9.938E+09
  1749.750 9.935E+09
  1750.000 9.930E+09
  1750.250 9.925E+09
  1750.500 9.919E+09
  1750.750 9.914E+09
  1751.000 9.905E+09
  1751.250 9.866E+09
  1751.500 9.753E+09
  1751.750 9.728E+09
  1752.000 9.832E+09
  1752.250 9.875E+09
  1752.500 9.876E+09
  1752.750 9.871E+09
  1753.000 9.859E+09
  1753.250 9.850E+09
  1753.500 9.853E+09
  1753.750 9.852E+09
  1754.000 9.848E+09
  1754.250 9.843E+09
  1754.500 9.838E+09
  1754.750 9.832E+09
  1755.000 9.824E+09
  1755.250 9.811E+09
  1755.500 9.803E+09
  1755.750 9.807E+09
  1756.000 9.806E+09
  1756.250 9.802E+09
  1756.500 9.796E+09
  1756.750 9.790E+09
  1757.000 9.785E+09
  1757.250 9.779E+09
  1757.500 9.773E+09
  1757.750 9.768E+09
  1758.000 9.764E+09
  1758.250 9.761E+09
  1758.500 9.756E+09
  1758.750 9.751E+09
  1759.000 9.746E+09
  1759.250 9.741E+09
  1759.500 9.734E+09
  1759.750 9.728E+09
  1760.000 9.723E+09
  1760.250 9.716E+09
  1760.500 9.709E+09
  1760.750 9.707E+09
  1761.000 9.703E+09
  1761.250 9.700E+09
  1761.500 9.696E+09
  1761.750 9.690E+09
  1762.000 9.681E+09
  1762.250 9.628E+09
  1762.500 9.488E+09
  1762.750 9.489E+09
  1763.000 9.619E+09
  1763.250 9.657E+09
  1763.500 9.654E+09
  1763.750 9.648E+09
  1764.000 9.644E+09
  1764.250 9.640E+09
  1764.500 9.635E+09
  1764.750 9.630E+09
  1765.000 9.621E+09
  1765.250 9.604E+09
  1765.500 9.529E+09
  1765.750 9.413E+09
  1766.000 9.484E+09
  1766.250 9.581E+09
  1766.500 9.592E+09
  1766.750 9.583E+09
  1767.000 9.579E+09
  1767.250 9.577E+09
  1767.500 9.575E+09
  1767.750 9.571E+09
  1768.000 9.566E+09
  1768.250 9.562E+09
  1768.500 9.557E+09
  1768.750 9.551E+09
  1769.000 9.544E+09
  1769.250 9.539E+09
  1769.500 9.536E+09
  1769.750 9.532E+09
  1770.000 9.527E+09
  1770.250 9.522E+09
  1770.500 9.517E+09
  1770.750 9.510E+09
  1771.000 9.505E+09
  1771.250 9.500E+09
  1771.500 9.494E+09
  1771.750 9.492E+09
  1772.000 9.488E+09
  1772.250 9.483E+09
  1772.500 9.478E+09
  1772.750 9.471E+09
  1773.000 9.464E+09
  1773.250 9.462E+09
  1773.500 9.459E+09
  1773.750 9.453E+09
  1774.000 9.448E+09
  1774.250 9.444E+09
  1774.500 9.439E+09
  1774.750 9.435E+09
  1775.000 9.430E+09
  1775.250 9.425E+09
  1775.500 9.420E+09
  1775.750 9.415E+09
  1776.000 9.410E+09
  1776.250 9.405E+09
  1776.500 9.400E+09
  1776.750 9.393E+09
  1777.000 9.388E+09
  1777.250 9.386E+09
  1777.500 9.382E+09
  1777.750 9.377E+09
  1778.000 9.372E+09
  1778.250 9.366E+09
  1778.500 9.358E+09
  1778.750 9.352E+09
  1779.000 9.350E+09
  1779.250 9.346E+09
  1779.500 9.343E+09
  1779.750 9.338E+09
  1780.000 9.334E+09
  1780.250 9.329E+09
  1780.500 9.324E+09
  1780.750 9.319E+09
  1781.000 9.315E+09
  1781.250 9.310E+09
  1781.500 9.304E+09
  1781.750 9.299E+09
  1782.000 9.295E+09
  1782.250 9.291E+09
  1782.500 9.286E+09
  1782.750 9.278E+09
  1783.000 9.255E+09
  1783.250 9.231E+09
  1783.500 9.247E+09
  1783.750 9.260E+09
  1784.000 9.257E+09
  1784.250 9.253E+09
  1784.500 9.248E+09
  1784.750 9.241E+09
  1785.000 9.217E+09
  1785.250 9.190E+09
  1785.500 9.205E+09
  1785.750 9.221E+09
  1786.000 9.220E+09
  1786.250 9.215E+09
  1786.500 9.210E+09
  1786.750 9.206E+09
  1787.000 9.201E+09
  1787.250 9.196E+09
  1787.500 9.191E+09
  1787.750 9.183E+09
  1788.000 9.177E+09
  1788.250 9.176E+09
  1788.500 9.173E+09
  1788.750 9.168E+09
  1789.000 9.163E+09
  1789.250 9.159E+09
  1789.500 9.154E+09
  1789.750 9.149E+09
  1790.000 9.145E+09
  1790.250 9.140E+09
  1790.500 9.135E+09
  1790.750 9.130E+09
  1791.000 9.123E+09
  1791.250 9.117E+09
  1791.500 9.115E+09
  1791.750 9.112E+09
  1792.000 9.108E+09
  1792.250 9.103E+09
  1792.500 9.098E+09
  1792.750 9.093E+09
  1793.000 9.088E+09
  1793.250 9.083E+09
  1793.500 9.079E+09
  1793.750 9.075E+09
  1794.000 9.070E+09
  1794.250 9.063E+09
  1794.500 9.052E+09
  1794.750 9.049E+09
  1795.000 9.051E+09
  1795.250 9.047E+09
  1795.500 9.042E+09
  1795.750 9.033E+09
  1796.000 9.015E+09
  1796.250 9.007E+09
  1796.500 9.016E+09
  1796.750 9.018E+09
  1797.000 9.006E+09
  1797.250 8.967E+09
  1797.500 8.946E+09
  1797.750 8.979E+09
  1798.000 8.995E+09
  1798.250 8.992E+09
  1798.500 8.985E+09
  1798.750 8.971E+09
  1799.000 8.961E+09
  1799.250 8.967E+09
  1799.500 8.969E+09
  1799.750 8.965E+09
  1800.000 8.960E+09
  1800.250 8.945E+09
  1800.500 8.908E+09
  1800.750 8.899E+09
  1801.000 8.928E+09
  1801.250 8.937E+09
  1801.500 8.933E+09
  1801.750 8.929E+09
  1802.000 8.924E+09
  1802.250 8.920E+09
  1802.500 8.915E+09
  1802.750 8.911E+09
  1803.000 8.906E+09
  1803.250 8.902E+09
  1803.500 8.897E+09
  1803.750 8.892E+09
  1804.000 8.888E+09
  1804.250 8.884E+09
  1804.500 8.879E+09
  1804.750 8.875E+09
  1805.000 8.870E+09
  1805.250 8.866E+09
  1805.500 8.861E+09
  1805.750 8.857E+09
  1806.000 8.852E+09
  1806.250 8.847E+09
  1806.500 8.836E+09
  1806.750 8.818E+09
  1807.000 8.819E+09
  1807.250 8.821E+09
  1807.500 8.809E+09
  1807.750 8.809E+09
  1808.000 8.811E+09
  1808.250 8.773E+09
  1808.500 8.683E+09
  1808.750 8.700E+09
  1809.000 8.777E+09
  1809.250 8.793E+09
  1809.500 8.790E+09
  1809.750 8.785E+09
  1810.000 8.781E+09
  1810.250 8.775E+09
  1810.500 8.770E+09
  1810.750 8.767E+09
  1811.000 8.763E+09
  1811.250 8.758E+09
  1811.500 8.754E+09
  1811.750 8.750E+09
  1812.000 8.746E+09
  1812.250 8.741E+09
  1812.500 8.737E+09
  1812.750 8.733E+09
  1813.000 8.728E+09
  1813.250 8.724E+09
  1813.500 8.720E+09
  1813.750 8.715E+09
  1814.000 8.711E+09
  1814.250 8.706E+09
  1814.500 8.702E+09
  1814.750 8.698E+09
  1815.000 8.693E+09
  1815.250 8.688E+09
  1815.500 8.682E+09
  1815.750 8.658E+09
  1816.000 8.578E+09
  1816.250 8.548E+09
  1816.500 8.626E+09
  1816.750 8.659E+09
  1817.000 8.658E+09
  1817.250 8.654E+09
  1817.500 8.649E+09
  1817.750 8.645E+09
  1818.000 8.641E+09
  1818.250 8.636E+09
  1818.500 8.631E+09
  1818.750 8.626E+09
  1819.000 8.622E+09
  1819.250 8.619E+09
  1819.500 8.614E+09
  1819.750 8.608E+09
  1820.000 8.601E+09
  1820.250 8.594E+09
  1820.500 8.590E+09
  1820.750 8.590E+09
  1821.000 8.588E+09
  1821.250 8.584E+09
  1821.500 8.580E+09
  1821.750 8.576E+09
  1822.000 8.572E+09
  1822.250 8.567E+09
  1822.500 8.563E+09
  1822.750 8.559E+09
  1823.000 8.555E+09
  1823.250 8.550E+09
  1823.500 8.546E+09
  1823.750 8.542E+09
  1824.000 8.537E+09
  1824.250 8.533E+09
  1824.500 8.529E+09
  1824.750 8.525E+09
  1825.000 8.520E+09
  1825.250 8.515E+09
  1825.500 8.512E+09
  1825.750 8.508E+09
  1826.000 8.503E+09
  1826.250 8.499E+09
  1826.500 8.493E+09
  1826.750 8.487E+09
  1827.000 8.484E+09
  1827.250 8.482E+09
  1827.500 8.477E+09
  1827.750 8.471E+09
  1828.000 8.465E+09
  1828.250 8.463E+09
  1828.500 8.460E+09
  1828.750 8.457E+09
  1829.000 8.452E+09
  1829.250 8.448E+09
  1829.500 8.443E+09
  1829.750 8.438E+09
  1830.000 8.433E+09
  1830.250 8.426E+09
  1830.500 8.421E+09
  1830.750 8.420E+09
  1831.000 8.416E+09
  1831.250 8.411E+09
  1831.500 8.408E+09
  1831.750 8.405E+09
  1832.000 8.397E+09
  1832.250 8.376E+09
  1832.500 8.366E+09
  1832.750 8.380E+09
  1833.000 8.384E+09
  1833.250 8.381E+09
  1833.500 8.377E+09
  1833.750 8.372E+09
  1834.000 8.368E+09
  1834.250 8.364E+09
  1834.500 8.360E+09
  1834.750 8.356E+09
  1835.000 8.352E+09
  1835.250 8.347E+09
  1835.500 8.343E+09
  1835.750 8.339E+09
  1836.000 8.335E+09
  1836.250 8.331E+09
  1836.500 8.327E+09
  1836.750 8.323E+09
  1837.000 8.317E+09
  1837.250 8.300E+09
  1837.500 8.281E+09
  1837.750 8.291E+09
  1838.000 8.297E+09
  1838.250 8.289E+09
  1838.500 8.278E+09
  1838.750 8.273E+09
  1839.000 8.279E+09
  1839.250 8.281E+09
  1839.500 8.277E+09
  1839.750 8.273E+09
  1840.000 8.269E+09
  1840.250 8.265E+09
  1840.500 8.261E+09
  1840.750 8.257E+09
  1841.000 8.252E+09
  1841.250 8.246E+09
  1841.500 8.238E+09
  1841.750 8.223E+09
  1842.000 8.184E+09
  1842.250 8.092E+09
  1842.500 8.076E+09
  1842.750 8.178E+09
  1843.000 8.216E+09
  1843.250 8.215E+09
  1843.500 8.211E+09
  1843.750 8.207E+09
  1844.000 8.203E+09
  1844.250 8.198E+09
  1844.500 8.194E+09
  1844.750 8.190E+09
  1845.000 8.186E+09
  1845.250 8.181E+09
  1845.500 8.176E+09
  1845.750 8.168E+09
  1846.000 8.160E+09
  1846.250 8.132E+09
  1846.500 8.013E+09
  1846.750 7.831E+09
  1847.000 7.753E+09
  1847.250 7.848E+09
  1847.500 8.045E+09
  1847.750 8.121E+09
  1848.000 8.132E+09
  1848.250 8.131E+09
  1848.500 8.128E+09
  1848.750 8.125E+09
  1849.000 8.121E+09
  1849.250 8.116E+09
  1849.500 8.108E+09
  1849.750 8.098E+09
  1850.000 8.100E+09
