      91.0 0.0000e+00
      94.0 0.0000e+00
      96.0 0.0000e+00
      98.0 0.0000e+00
     100.0 0.0000e+00
     102.0 0.0000e+00
     104.0 0.0000e+00
     106.0 0.0000e+00
     108.0 0.0000e+00
     110.0 0.0000e+00
     114.0 0.0000e+00
     118.0 0.0000e+00
     121.0 0.0000e+00
     125.0 0.0000e+00
     127.0 0.0000e+00
     128.0 0.0000e+00
     131.0 0.0000e+00
     132.0 0.0000e+00
     134.0 0.0000e+00
     137.0 0.0000e+00
     140.0 0.0000e+00
     143.0 0.0000e+00
     147.0 0.0000e+00
     151.0 0.0000e+00
     155.0 0.0000e+00
     159.0 0.0000e+00
     162.0 0.0000e+00
     166.0 0.0000e+00
     170.0 0.0000e+00
     173.0 0.0000e+00
     177.0 0.0000e+00
     180.0 0.0000e+00
     182.0 0.0000e+00
     186.0 0.0000e+00
     191.0 0.0000e+00
     194.0 0.0000e+00
     198.0 0.0000e+00
     202.0 0.0000e+00
     205.0 0.0000e+00
     210.0 0.0000e+00
     216.0 0.0000e+00
     220.0 0.0000e+00
     223.0 0.0000e+00
     227.0 0.0000e+00
     230.0 0.0000e+00
     234.0 0.0000e+00
     240.0 0.0000e+00
     246.0 0.0000e+00
     252.0 0.0000e+00
     257.0 0.0000e+00
     260.0 0.0000e+00
     264.0 0.0000e+00
     269.0 0.0000e+00
     274.0 0.0000e+00
     279.0 0.0000e+00
     284.0 0.0000e+00
     290.0 0.0000e+00
     296.0 0.0000e+00
     301.0 0.0000e+00
     308.0 0.0000e+00
     318.0 0.0000e+00
     328.0 0.0000e+00
     338.0 0.0000e+00
     348.0 0.0000e+00
     357.0 0.0000e+00
     366.0 0.0000e+00
     375.0 0.0000e+00
     385.0 0.0000e+00
     395.0 0.0000e+00
     405.0 0.0000e+00
     414.0 0.0000e+00
     422.0 0.0000e+00
     430.0 0.0000e+00
     441.0 0.0000e+00
     451.0 0.0000e+00
     460.0 0.0000e+00
     470.0 0.0000e+00
     480.0 0.0000e+00
     490.0 0.0000e+00
     500.0 0.0000e+00
     506.0 1.4510e-04
     512.0 2.8906e-04
     520.0 4.6033e-04
     530.0 8.0898e-04
     540.0 1.3596e-03
     550.0 2.3631e-03
     560.0 3.9042e-03
     570.0 6.3852e-03
     580.0 9.7602e-03
     590.0 1.5895e-02
     600.0 2.4530e-02
     610.0 3.7738e-02
     620.0 5.6433e-02
     630.0 8.3872e-02
     640.0 1.2135e-01
     650.0 1.7734e-01
     658.0 2.3647e-01
     665.0 3.0045e-01
     675.0 4.2084e-01
     685.0 5.8933e-01
     695.0 8.1604e-01
     705.0 1.1091e+00
     716.0 1.5513e+00
     726.0 2.0849e+00
     735.0 2.6926e+00
     745.0 3.5585e+00
     755.0 4.6576e+00
     765.0 6.0673e+00
     775.0 7.8504e+00
     785.0 1.0098e+01
     795.0 1.2729e+01
     805.0 1.6203e+01
     815.0 2.0491e+01
     825.0 2.5618e+01
     835.0 3.1578e+01
     845.0 3.9601e+01
     855.0 4.8687e+01
     865.0 5.9876e+01
     875.0 7.2659e+01
     885.0 8.8664e+01
     895.0 1.0713e+02
     905.0 1.2731e+02
     915.0 6.0086e+03
     925.0 3.4856e+04
     935.0 5.3071e+04
     945.0 1.2596e+05
     955.0 8.8712e+05
     965.0 1.3006e+06
     975.0 3.3807e+05
     985.0 3.4669e+06
     995.0 3.4254e+06
    1005.0 5.4994e+06
    1015.0 4.2649e+06
    1025.0 2.8192e+05
    1035.0 1.5000e+06
    1045.0 7.7088e+06
    1055.0 1.0387e+07
    1065.0 8.8577e+06
    1075.0 1.1114e+07
    1085.0 7.8924e+06
    1095.0 1.1331e+07
    1105.0 3.6652e+07
    1115.0 4.6868e+07
    1125.0 5.0047e+07
    1135.0 5.6820e+07
    1145.0 5.2073e+07
    1155.0 6.2061e+07
    1165.0 6.8484e+07
    1175.0 5.9732e+07
    1185.0 4.6909e+07
    1195.0 3.0340e+06
    1205.0 5.5713e+06
    1215.0 4.3825e+05
    1225.0 4.3216e+06
    1235.0 4.2834e+07
    1245.0 8.4792e+07
    1255.0 8.8623e+07
    1265.0 4.9714e+07
    1275.0 1.2208e+08
    1285.0 1.4082e+08
    1295.0 1.1226e+08
    1305.0 8.4356e+07
    1315.0 1.2691e+08
    1325.0 1.3531e+08
    1335.0 1.0281e+08
    1345.0 1.5140e+08
    1355.0 1.4513e+08
    1365.0 1.1984e+08
    1375.0 1.4182e+08
    1385.0 1.4572e+08
    1395.0 1.4851e+08
    1405.0 1.4658e+08
    1415.0 1.3158e+08
    1425.0 1.4244e+08
    1435.0 1.3004e+08
    1442.0 1.4394e+08
    1447.0 1.5601e+08
    1455.0 1.4824e+08
    1465.0 1.3359e+08
    1475.0 1.2622e+08
    1485.0 1.3752e+08
    1495.0 1.4433e+08
    1505.0 1.4141e+08
    1512.0 1.2432e+08
    1517.0 1.3824e+08
    1525.0 1.2076e+08
    1535.0 1.0469e+08
    1545.0 1.3082e+08
    1555.0 1.1491e+08
    1565.0 1.0806e+08
    1575.0 1.0998e+08
    1585.0 1.2339e+08
    1595.0 1.2798e+08
    1605.0 1.1866e+08
    1615.0 1.1995e+08
    1625.0 1.0881e+08
    1635.0 1.1390e+08
    1645.0 1.1677e+08
    1655.0 1.0214e+08
    1665.0 1.1342e+08
    1672.0 8.0857e+07
    1677.0 1.0809e+08
    1685.0 1.2155e+08
    1695.0 1.1391e+08
    1705.0 1.0412e+08
    1715.0 9.6913e+07
    1725.0 9.5873e+07
    1735.0 1.0242e+08
    1745.0 1.0156e+08
    1755.0 1.1357e+08
    1765.0 9.6774e+07
    1775.0 1.0494e+08
    1785.0 1.0470e+08
    1795.0 1.1571e+08
    1805.0 1.1119e+08
    1815.0 1.0695e+08
    1825.0 1.0420e+08
    1835.0 9.9360e+07
    1845.0 9.0994e+07
    1855.0 9.1061e+07
    1865.0 9.2466e+07
    1875.0 1.0270e+08
    1885.0 9.6150e+07
    1895.0 9.2968e+07
    1905.0 9.4043e+07
    1915.0 9.3488e+07
    1925.0 9.3490e+07
    1935.0 9.5473e+07
    1945.0 9.6871e+07
    1955.0 9.2557e+07
    1967.0 1.0023e+08
    1976.0 1.0206e+08
    1984.0 9.6360e+07
    1995.0 9.1173e+07
    2005.0 9.3875e+07
    2015.0 8.7275e+07
    2025.0 9.3112e+07
    2035.0 8.8405e+07
    2045.0 9.2446e+07
    2055.0 8.7034e+07
    2065.0 8.6362e+07
    2074.0 9.1663e+07
    2078.0 8.9950e+07
    2085.0 9.0919e+07
    2095.0 8.6010e+07
    2105.0 8.4491e+07
    2115.0 8.4498e+07
    2125.0 8.5563e+07
    2135.0 7.4425e+07
    2145.0 8.0613e+07
    2155.0 8.3792e+07
    2165.0 7.8977e+07
    2175.0 7.6909e+07
    2185.0 7.5026e+07
    2195.0 8.0616e+07
    2205.0 7.6360e+07
    2215.0 7.0368e+07
    2225.0 6.6515e+07
    2235.0 7.4012e+07
    2245.0 6.6311e+07
    2255.0 6.3932e+07
    2265.0 6.6220e+07
    2275.0 6.8999e+07
    2285.0 7.1084e+07
    2295.0 6.7483e+07
    2305.0 6.3942e+07
    2315.0 5.9922e+07
    2325.0 4.4257e+07
    2335.0 5.4897e+07
    2345.0 5.1901e+07
    2355.0 5.8726e+07
    2365.0 5.1069e+07
    2375.0 5.3553e+07
    2385.0 4.7455e+07
    2395.0 5.3498e+07
    2405.0 4.9779e+07
    2415.0 5.1650e+07
    2425.0 5.5364e+07
    2435.0 5.2402e+07
    2445.0 5.7110e+07
    2455.0 5.4517e+07
    2465.0 5.4786e+07
    2475.0 5.1916e+07
    2485.0 5.5888e+07
    2495.0 5.3784e+07
    2505.0 5.9051e+07
    2513.0 5.2048e+07
    2518.0 5.4546e+07
    2525.0 5.0351e+07
    2535.0 5.0850e+07
    2545.0 4.9470e+07
    2555.0 5.2831e+07
    2565.0 5.1691e+07
    2575.0 5.6101e+07
    2585.0 5.4627e+07
    2595.0 5.3476e+07
    2605.0 5.0787e+07
    2615.0 5.0469e+07
    2625.0 5.3236e+07
    2635.0 5.3281e+07
    2645.0 5.8570e+07
    2655.0 5.7296e+07
    2665.0 5.2375e+07
    2675.0 5.5135e+07
    2685.0 5.3761e+07
    2695.0 5.2041e+07
    2705.0 5.3755e+07
    2715.0 5.0822e+07
    2725.0 5.1370e+07
    2735.0 5.5003e+07
    2745.0 4.6407e+07
    2755.0 4.6482e+07
    2765.0 4.8185e+07
    2775.0 5.1358e+07
    2785.0 5.1067e+07
    2795.0 4.0540e+07
    2805.0 4.4961e+07
    2815.0 5.2027e+07
    2825.0 5.2366e+07
    2835.0 4.9460e+07
    2845.0 4.7632e+07
    2855.0 4.7328e+07
    2865.0 4.9803e+07
    2875.0 4.7949e+07
    2885.0 4.8798e+07
    2895.0 4.7231e+07
    2910.0 5.1206e+07
    2930.0 4.9183e+07
    2950.0 4.8821e+07
    2970.0 4.8710e+07
    2990.0 4.8610e+07
    3010.0 4.9541e+07
    3030.0 4.8537e+07
    3050.0 4.7670e+07
    3070.0 4.6899e+07
    3090.0 4.7210e+07
    3110.0 4.5675e+07
    3130.0 4.5228e+07
    3150.0 4.5344e+07
    3170.0 4.4464e+07
    3190.0 4.2812e+07
    3210.0 4.3456e+07
    3230.0 4.2701e+07
    3250.0 4.2336e+07
    3270.0 4.2167e+07
    3290.0 4.1844e+07
    3310.0 4.1690e+07
    3330.0 4.0834e+07
    3350.0 4.0070e+07
    3370.0 3.9754e+07
    3390.0 3.9068e+07
    3410.0 3.9281e+07
    3430.0 3.8794e+07
    3450.0 3.8416e+07
    3470.0 3.7705e+07
    3490.0 3.7274e+07
    3510.0 3.7299e+07
    3530.0 3.7108e+07
    3550.0 3.6739e+07
    3570.0 3.6178e+07
    3590.0 3.5757e+07
    3610.0 3.5399e+07
    3630.0 3.4928e+07
    3640.0 3.4845e+07
    3650.0 3.5104e+07
    3670.0 3.2862e+07
    3690.0 3.2286e+07
    3710.0 4.1000e+07
    3730.0 4.3363e+07
    3750.0 5.4098e+07
    3770.0 5.4471e+07
    3790.0 6.1327e+07
    3810.0 6.6930e+07
    3830.0 5.5532e+07
    3850.0 6.8362e+07
    3870.0 7.0956e+07
    3890.0 5.1075e+07
    3910.0 6.8971e+07
    3930.0 6.7649e+07
    3950.0 6.7381e+07
    3970.0 4.7386e+07
    3990.0 6.4884e+07
    4010.0 6.4865e+07
    4030.0 6.3174e+07
    4050.0 6.3166e+07
    4070.0 6.1599e+07
    4090.0 5.6216e+07
    4110.0 4.5845e+07
    4130.0 5.7593e+07
    4150.0 5.8091e+07
    4170.0 5.7114e+07
    4190.0 5.6399e+07
    4210.0 5.5574e+07
    4230.0 5.4627e+07
    4250.0 5.3643e+07
    4270.0 5.2537e+07
    4290.0 5.2113e+07
    4310.0 5.0785e+07
    4330.0 4.4842e+07
    4350.0 3.9107e+07
    4370.0 4.8672e+07
    4390.0 4.7644e+07
    4410.0 4.7620e+07
    4430.0 4.6708e+07
    4450.0 4.6283e+07
    4470.0 4.5180e+07
    4490.0 4.4380e+07
    4510.0 4.4052e+07
    4530.0 4.3424e+07
    4550.0 4.2366e+07
    4570.0 4.2524e+07
    4590.0 4.1488e+07
    4610.0 4.1507e+07
    4630.0 4.0310e+07
    4650.0 4.0341e+07
    4670.0 3.9644e+07
    4690.0 3.9176e+07
    4710.0 3.8196e+07
    4730.0 3.8147e+07
    4750.0 3.7597e+07
    4770.0 3.7293e+07
    4790.0 3.6784e+07
    4810.0 3.6142e+07
    4830.0 3.5458e+07
    4850.0 3.1898e+07
    4870.0 2.6960e+07
    4890.0 3.4061e+07
    4910.0 3.3894e+07
    4930.0 3.3190e+07
    4950.0 3.3118e+07
    4970.0 3.2784e+07
    4990.0 3.2276e+07
    5010.0 3.1412e+07
    5030.0 3.1291e+07
    5050.0 3.0531e+07
    5070.0 3.0617e+07
    5090.0 3.0257e+07
    5110.0 2.9791e+07
    5130.0 2.9586e+07
    5150.0 2.9009e+07
    5170.0 2.8601e+07
    5190.0 2.8417e+07
    5210.0 2.8000e+07
    5230.0 2.7589e+07
    5250.0 2.7484e+07
    5270.0 2.6930e+07
    5290.0 2.6958e+07
    5310.0 2.6411e+07
    5330.0 2.6327e+07
    5350.0 2.6080e+07
    5370.0 2.5762e+07
    5390.0 2.5455e+07
    5410.0 2.5103e+07
    5430.0 2.4862e+07
    5450.0 2.4648e+07
    5470.0 2.4335e+07
    5490.0 2.4087e+07
    5510.0 2.3810e+07
    5530.0 2.3594e+07
    5550.0 2.3347e+07
    5570.0 2.3083e+07
    5590.0 2.2845e+07
    5610.0 2.2648e+07
    5630.0 2.2401e+07
    5650.0 2.2054e+07
    5670.0 2.1854e+07
    5690.0 2.1664e+07
    5710.0 2.1435e+07
    5730.0 2.1206e+07
    5750.0 2.0975e+07
    5770.0 2.0754e+07
    5790.0 2.0489e+07
    5810.0 2.0295e+07
    5830.0 2.0086e+07
    5850.0 1.9882e+07
    5870.0 1.9513e+07
    5890.0 1.9402e+07
    5910.0 1.9254e+07
    5930.0 1.9066e+07
    5950.0 1.8762e+07
    5970.0 1.8626e+07
    5990.0 1.8382e+07
    6010.0 1.8273e+07
    6030.0 1.8086e+07
    6050.0 1.7881e+07
    6070.0 1.7699e+07
    6090.0 1.7518e+07
    6110.0 1.7346e+07
    6130.0 1.7159e+07
    6150.0 1.6832e+07
    6170.0 1.6808e+07
    6190.0 1.6650e+07
    6210.0 1.6478e+07
    6230.0 1.6288e+07
    6250.0 1.6003e+07
    6270.0 1.5984e+07
    6290.0 1.5816e+07
    6310.0 1.5619e+07
    6330.0 1.5491e+07
    6350.0 1.5137e+07
    6370.0 1.5042e+07
    6390.0 1.5016e+07
    6410.0 1.4855e+07
    6430.0 1.4731e+07
    6450.0 1.4504e+07
    6470.0 1.4452e+07
    6490.0 1.4264e+07
    6510.0 1.4100e+07
    6530.0 1.3893e+07
    6550.0 1.3006e+07
    6570.0 1.0901e+07
    6590.0 1.3395e+07
    6610.0 1.3435e+07
    6630.0 1.3332e+07
    6650.0 1.3225e+07
    6670.0 1.3070e+07
    6690.0 1.2947e+07
    6710.0 1.2846e+07
    6730.0 1.2711e+07
    6750.0 1.2599e+07
    6770.0 1.2483e+07
    6790.0 1.2357e+07
    6810.0 1.2241e+07
    6830.0 1.2113e+07
    6850.0 1.2004e+07
    6870.0 1.1896e+07
    6890.0 1.1784e+07
    6910.0 1.1671e+07
    6930.0 1.1551e+07
    6950.0 1.1455e+07
    6970.0 1.1350e+07
    6990.0 1.1253e+07
    7010.0 1.1130e+07
    7030.0 1.1043e+07
    7050.0 1.0913e+07
    7070.0 1.0813e+07
    7090.0 1.0742e+07
    7110.0 1.0622e+07
    7130.0 1.0532e+07
    7150.0 1.0441e+07
    7170.0 1.0347e+07
    7190.0 1.0255e+07
    7210.0 1.0164e+07
    7230.0 1.0053e+07
    7250.0 9.9744e+06
    7270.0 9.8901e+06
    7290.0 9.7952e+06
    7310.0 9.7058e+06
    7330.0 9.6261e+06
    7350.0 9.5450e+06
    7370.0 9.4601e+06
    7390.0 9.3739e+06
    7410.0 9.2818e+06
    7430.0 9.1863e+06
    7450.0 9.1133e+06
    7470.0 9.0173e+06
    7490.0 8.9542e+06
    7510.0 8.8683e+06
    7530.0 8.8086e+06
    7550.0 8.7304e+06
    7570.0 8.6550e+06
    7590.0 8.5783e+06
    7610.0 8.5084e+06
    7630.0 8.4330e+06
    7650.0 8.3500e+06
    7670.0 8.2841e+06
    7690.0 8.2106e+06
    7710.0 8.1297e+06
    7730.0 8.0717e+06
    7750.0 8.0021e+06
    7770.0 7.8080e+06
    7790.0 7.8668e+06
    7810.0 7.8049e+06
    7830.0 7.7358e+06
    7850.0 7.6478e+06
    7870.0 7.5683e+06
    7890.0 7.4953e+06
    7910.0 7.4728e+06
    7930.0 7.4160e+06
    7950.0 7.3200e+06
    7970.0 7.2908e+06
    7990.0 7.1642e+06
    8010.0 7.1696e+06
    8030.0 7.1079e+06
    8050.0 7.0504e+06
    8070.0 6.9897e+06
    8090.0 6.9314e+06
    8110.0 6.8717e+06
    8130.0 6.8198e+06
    8150.0 6.7629e+06
    8170.0 6.7083e+06
    8190.0 6.6398e+06
    8210.0 6.5844e+06
    8230.0 6.5188e+06
    8250.0 6.5101e+06
    8270.0 6.4681e+06
    8290.0 6.3794e+06
    8310.0 6.3018e+06
    8330.0 6.1783e+06
    8350.0 6.0593e+06
    8370.0 5.9533e+06
    8390.0 5.8892e+06
    8410.0 5.8324e+06
    8430.0 5.9161e+06
    8450.0 5.8915e+06
    8470.0 5.5695e+06
    8490.0 6.1605e+06
    8510.0 5.5107e+06
    8530.0 6.2661e+06
    8550.0 5.2755e+06
    8570.0 6.3383e+06
    8590.0 5.7270e+06
    8610.0 5.5339e+06
    8630.0 6.2956e+06
    8650.0 6.0261e+06
    8670.0 4.9821e+06
    8690.0 6.0644e+06
    8710.0 6.1662e+06
    8730.0 5.9854e+06
    8750.0 4.8335e+06
    8770.0 5.7485e+06
    8790.0 5.9878e+06
    8810.0 5.9591e+06
    8830.0 5.8537e+06
    8850.0 5.4705e+06
    8870.0 4.6716e+06
    8890.0 5.6672e+06
    8910.0 5.7128e+06
    8930.0 5.6737e+06
    8950.0 5.6543e+06
    8970.0 5.5964e+06
    8990.0 5.4676e+06
    9010.0 4.5586e+06
    9030.0 4.9575e+06
    9050.0 5.3807e+06
    9070.0 5.3337e+06
    9090.0 5.3015e+06
    9110.0 5.2985e+06
    9130.0 5.2581e+06
    9150.0 5.2351e+06
    9170.0 5.1695e+06
    9190.0 5.0846e+06
    9210.0 4.9155e+06
    9230.0 3.9736e+06
    9250.0 4.7637e+06
    9270.0 4.8548e+06
    9290.0 4.9298e+06
    9310.0 4.9170e+06
    9330.0 4.8739e+06
    9350.0 4.8476e+06
    9370.0 4.8091e+06
    9390.0 4.7588e+06
    9410.0 4.6830e+06
    9430.0 4.6969e+06
    9450.0 4.6663e+06
    9470.0 4.6252e+06
    9490.0 4.5804e+06
    9510.0 4.5188e+06
    9530.0 4.3123e+06
    9550.0 3.5645e+06
    9570.0 4.3078e+06
    9590.0 4.3967e+06
    9610.0 4.3772e+06
    9630.0 4.3099e+06
    9650.0 4.3281e+06
    9670.0 4.2807e+06
    9690.0 4.2630e+06
    9710.0 4.2341e+06
    9730.0 4.2027e+06
    9750.0 4.1691e+06
    9770.0 4.1407e+06
    9790.0 4.1088e+06
    9810.0 4.0771e+06
    9830.0 4.0432e+06
    9850.0 4.0157e+06
    9870.0 3.9859e+06
    9890.0 3.9489e+06
    9910.0 3.9306e+06
    9930.0 3.9001e+06
    9950.0 3.8724e+06
    9970.0 3.8424e+06
    9990.0 3.8078e+06
   10025.0 3.5915e+06
   10075.0 3.4166e+06
   10125.0 3.6063e+06
   10175.0 3.5663e+06
   10225.0 3.5086e+06
   10275.0 3.4473e+06
   10325.0 3.3847e+06
   10375.0 3.3266e+06
   10425.0 3.2704e+06
   10475.0 3.2098e+06
   10525.0 3.1512e+06
   10575.0 3.1022e+06
   10625.0 3.0497e+06
   10675.0 2.9802e+06
   10725.0 2.9420e+06
   10775.0 2.8962e+06
   10825.0 2.8398e+06
   10875.0 2.7904e+06
   10925.0 2.4816e+06
   10975.0 2.6393e+06
   11025.0 2.6608e+06
   11075.0 2.6202e+06
   11125.0 2.5773e+06
   11175.0 2.5341e+06
   11225.0 2.4935e+06
   11275.0 2.4346e+06
   11325.0 2.3992e+06
   11375.0 2.3744e+06
   11425.0 2.3362e+06
   11475.0 2.2995e+06
   11525.0 2.2634e+06
   11575.0 2.2268e+06
   11625.0 2.1882e+06
   11675.0 2.1519e+06
   11725.0 2.1231e+06
   11775.0 2.0809e+06
   11825.0 2.0565e+06
   11875.0 2.0231e+06
   11925.0 1.9952e+06
   11975.0 1.9626e+06
   12025.0 1.9348e+06
   12075.0 1.9048e+06
   12125.0 1.8761e+06
   12175.0 1.8477e+06
   12225.0 1.8198e+06
   12275.0 1.7923e+06
   12325.0 1.7659e+06
   12375.0 1.7399e+06
   12425.0 1.7143e+06
   12475.0 1.6852e+06
   12525.0 1.6641e+06
   12575.0 1.6373e+06
   12625.0 1.6153e+06
   12675.0 1.5929e+06
   12725.0 1.5685e+06
   12775.0 1.5313e+06
   12825.0 1.3743e+06
   12875.0 1.4931e+06
   12925.0 1.4809e+06
   12975.0 1.4609e+06
   13025.0 1.4398e+06
   13075.0 1.4197e+06
   13125.0 1.3999e+06
   13175.0 1.3775e+06
   13225.0 1.3610e+06
   13275.0 1.3426e+06
   13325.0 1.3237e+06
   13375.0 1.3051e+06
   13425.0 1.2868e+06
   13475.0 1.2693e+06
   13525.0 1.2514e+06
   13575.0 1.2351e+06
   13625.0 1.2183e+06
   13675.0 1.2011e+06
   13725.0 1.1853e+06
   13775.0 1.1704e+06
   13825.0 1.1544e+06
   13875.0 1.1399e+06
   13925.0 1.1237e+06
   13975.0 1.1089e+06
   14025.0 1.0949e+06
   14075.0 1.0805e+06
   14125.0 1.0662e+06
   14175.0 1.0528e+06
   14225.0 1.0389e+06
   14275.0 1.0257e+06
   14325.0 1.0121e+06
   14375.0 9.9931e+05
   14425.0 9.8432e+05
   14475.0 9.7353e+05
   14525.0 9.6058e+05
   14570.0 9.5070e+05
   14620.0 9.3973e+05
   14675.0 9.2768e+05
   14725.0 9.1586e+05
   14775.0 9.0363e+05
   14825.0 8.9264e+05
   14875.0 8.8014e+05
   14925.0 8.6672e+05
   14975.0 8.5292e+05
   15025.0 8.3982e+05
   15075.0 8.2634e+05
   15125.0 8.1459e+05
   15175.0 8.0559e+05
   15225.0 8.0341e+05
   15275.0 7.8069e+05
   15325.0 7.7509e+05
   15375.0 7.7919e+05
   15425.0 7.4995e+05
   15475.0 7.6414e+05
   15525.0 7.5923e+05
   15575.0 7.1481e+05
   15625.0 7.5642e+05
   15675.0 7.2329e+05
   15725.0 6.9397e+05
   15775.0 7.3198e+05
   15825.0 7.2162e+05
   15875.0 6.5379e+05
   15925.0 6.9509e+05
   15975.0 7.0108e+05
   16050.0 6.8058e+05
   16150.0 6.4091e+05
   16250.0 6.5848e+05
   16350.0 6.3340e+05
   16450.0 5.9825e+05
   16550.0 6.1468e+05
   16650.0 6.0083e+05
   16750.0 5.7787e+05
   16850.0 5.4611e+05
   16950.0 5.6139e+05
   17050.0 5.4946e+05
   17150.0 5.3777e+05
   17250.0 5.2511e+05
   17350.0 4.8401e+05
   17450.0 5.0054e+05
   17550.0 4.9251e+05
   17650.0 4.8233e+05
   17750.0 4.7196e+05
   17850.0 4.6179e+05
   17950.0 4.5257e+05
   18050.0 4.4205e+05
   18150.0 4.1062e+05
   18250.0 4.2089e+05
   18350.0 4.1632e+05
   18450.0 4.0794e+05
   18550.0 3.9937e+05
   18650.0 3.9096e+05
   18750.0 3.6293e+05
   18850.0 3.7495e+05
   18950.0 3.6866e+05
   19050.0 3.6150e+05
   19150.0 3.5446e+05
   19250.0 3.4756e+05
   19350.0 3.3981e+05
   19450.0 3.1509e+05
   19550.0 3.2693e+05
   19650.0 3.2144e+05
   19750.0 3.1542e+05
   19850.0 3.0951e+05
   19950.0 3.0341e+05
   20050.0 2.9797e+05
   20150.0 2.9219e+05
   20250.0 2.8679e+05
   20350.0 2.8149e+05
   20450.0 2.7625e+05
   20550.0 2.7138e+05
   20650.0 2.6631e+05
   20750.0 2.6161e+05
   20850.0 2.5673e+05
   20950.0 2.5213e+05
   21050.0 2.4765e+05
   21150.0 2.4325e+05
   21250.0 2.3887e+05
   21350.0 2.3461e+05
   21450.0 2.3042e+05
   21550.0 2.2607e+05
   21650.0 2.1035e+05
   21750.0 2.1765e+05
   21850.0 2.1488e+05
   21950.0 2.1121e+05
   22050.0 2.0757e+05
   22150.0 2.0404e+05
   22250.0 2.0059e+05
   22350.0 1.9719e+05
   22450.0 1.9386e+05
   22550.0 1.9062e+05
   22650.0 1.8744e+05
   22750.0 1.8431e+05
   22850.0 1.8195e+05
   22950.0 1.8105e+05
   23050.0 1.7756e+05
   23150.0 1.7406e+05
   23250.0 1.7070e+05
   23350.0 1.6749e+05
   23450.0 1.6451e+05
   23550.0 1.6128e+05
   23650.0 1.5855e+05
   23750.0 1.5575e+05
   23850.0 1.5307e+05
   23950.0 1.5065e+05
   24050.0 1.4805e+05
   24150.0 1.4543e+05
   24250.0 1.4415e+05
   24350.0 1.4119e+05
   24450.0 1.3873e+05
   24550.0 1.3778e+05
   24650.0 1.3475e+05
   24750.0 1.3281e+05
   24850.0 1.3267e+05
   24950.0 1.2652e+05
   25050.0 1.2947e+05
   25150.0 1.2704e+05
   25250.0 1.2036e+05
   25350.0 1.2279e+05
   25450.0 1.2180e+05
   25550.0 1.1916e+05
   25650.0 1.1273e+05
   25750.0 1.1595e+05
   25850.0 1.1474e+05
   25950.0 1.1297e+05
   26050.0 1.1009e+05
   26150.0 1.0441e+05
   26250.0 1.0172e+05
   26350.0 1.0584e+05
   26450.0 1.0506e+05
   26550.0 1.0355e+05
   26650.0 1.0149e+05
   26750.0 9.5255e+04
   26850.0 9.8639e+04
   26950.0 9.7743e+04
   27050.0 9.6382e+04
   27150.0 9.5007e+04
   27250.0 9.3665e+04
   27350.0 9.2372e+04
   27450.0 9.0904e+04
   27550.0 8.5585e+04
   27650.0 8.7100e+04
   27750.0 8.7314e+04
   27850.0 8.6147e+04
   27950.0 8.4964e+04
   28050.0 8.3811e+04
   28150.0 8.2671e+04
   28250.0 8.1546e+04
   28350.0 8.0435e+04
   28450.0 7.9352e+04
   28550.0 7.8267e+04
   28650.0 7.6436e+04
   28750.0 7.2191e+04
   28850.0 7.4991e+04
   28950.0 7.4145e+04
   29050.0 7.3209e+04
   29150.0 7.2228e+04
   29250.0 7.1286e+04
   29350.0 7.0370e+04
   29450.0 6.9436e+04
   29550.0 6.8541e+04
   29650.0 6.7657e+04
   29750.0 6.6783e+04
   29850.0 6.5919e+04
   29950.0 6.5079e+04
   30050.0 6.4248e+04
   30150.0 6.3426e+04
   30250.0 6.2497e+04
   30350.0 5.9274e+04
   30450.0 5.9674e+04
   30550.0 6.0196e+04
   30650.0 5.9510e+04
   30750.0 5.8756e+04
   30850.0 5.7998e+04
   30950.0 5.7311e+04
   31050.0 5.6606e+04
   31150.0 5.5897e+04
   31250.0 5.5196e+04
   31350.0 5.4528e+04
   31450.0 5.3854e+04
   31550.0 5.3200e+04
   31650.0 5.2553e+04
   31750.0 5.1913e+04
   31850.0 5.1280e+04
   31950.0 5.0666e+04
   32100.0 4.9752e+04
   32300.0 4.8563e+04
   32500.0 4.7422e+04
   32700.0 4.6305e+04
   32900.0 4.3783e+04
   33100.0 4.4153e+04
   33300.0 4.3408e+04
   33500.0 4.2325e+04
   33700.0 4.1296e+04
   33900.0 4.0320e+04
   34100.0 3.9353e+04
   34300.0 3.8437e+04
   34500.0 3.7529e+04
   34700.0 3.6680e+04
   34900.0 3.5847e+04
   35100.0 3.5060e+04
   35300.0 3.4298e+04
   35500.0 3.3523e+04
   35700.0 3.2743e+04
   35900.0 3.2221e+04
   36100.0 3.1304e+04
   36300.0 3.0887e+04
   36500.0 2.9938e+04
   36700.0 2.9666e+04
   36900.0 2.8614e+04
   37100.0 2.8402e+04
   37300.0 2.7469e+04
   37500.0 2.6358e+04
   37700.0 2.6712e+04
   37900.0 2.6206e+04
   38100.0 2.5312e+04
   38300.0 2.4876e+04
   38500.0 2.4651e+04
   38700.0 2.4148e+04
   38900.0 2.3600e+04
   39100.0 2.2629e+04
   39300.0 2.2726e+04
   39500.0 2.2296e+04
   39700.0 2.1859e+04
   39900.0 2.1430e+04
   40100.0 2.0762e+04
   40300.0 2.0224e+04
   40500.0 1.9644e+04
   40700.0 1.9814e+04
   40900.0 1.9456e+04
   41100.0 1.9089e+04
   41300.0 1.8729e+04
   41500.0 1.8354e+04
   41700.0 1.7503e+04
   41900.0 1.7664e+04
   42100.0 1.7368e+04
   42300.0 1.7050e+04
   42500.0 1.6737e+04
   42700.0 1.6436e+04
   42900.0 1.6140e+04
   43100.0 1.5842e+04
   43300.0 1.5561e+04
   43500.0 1.5279e+04
   43700.0 1.4593e+04
   43900.0 1.4641e+04
   44100.0 1.4484e+04
   44300.0 1.4225e+04
   44500.0 1.3976e+04
   44700.0 1.3780e+04
   44900.0 1.3544e+04
   45100.0 1.3306e+04
   45300.0 1.3078e+04
   45500.0 1.2853e+04
   45700.0 1.2632e+04
   45900.0 1.2420e+04
   46100.0 1.2205e+04
   46300.0 1.1988e+04
   46500.0 1.1430e+04
   46700.0 1.1195e+04
   46900.0 1.1367e+04
   47100.0 1.1222e+04
   47300.0 1.1031e+04
   47500.0 1.0853e+04
   47700.0 1.0678e+04
   47900.0 1.0500e+04
   48100.0 1.0330e+04
   48300.0 1.0162e+04
   48500.0 1.0002e+04
   48700.0 9.8393e+03
   48900.0 9.6838e+03
   49100.0 9.5255e+03
   49300.0 9.3793e+03
   49500.0 9.2302e+03
   49700.0 9.0833e+03
   49900.0 8.9432e+03
   50100.0 8.8002e+03
   50300.0 8.6641e+03
   50500.0 8.5297e+03
   50700.0 8.3973e+03
   50900.0 8.2712e+03
   51100.0 8.1239e+03
   51300.0 7.7509e+03
   51500.0 7.8852e+03
   51700.0 7.7794e+03
   51900.0 7.6617e+03
   52100.0 7.5456e+03
   52300.0 7.4310e+03
   52500.0 7.3223e+03
   52700.0 7.2107e+03
   52900.0 7.1048e+03
   53100.0 7.0004e+03
   53300.0 6.8973e+03
   53500.0 6.7955e+03
   53700.0 6.6951e+03
   53900.0 6.6001e+03
   54100.0 6.5022e+03
   54300.0 6.4097e+03
   54500.0 6.3183e+03
   54700.0 6.2281e+03
   54900.0 6.1391e+03
   55100.0 6.0511e+03
   55300.0 5.9643e+03
   55500.0 5.8825e+03
   55700.0 5.7978e+03
   55900.0 5.7180e+03
   56100.0 5.6354e+03
   56300.0 5.5576e+03
   56500.0 5.4807e+03
   56700.0 5.4086e+03
   56900.0 5.3299e+03
   57100.0 5.2595e+03
   57300.0 5.1863e+03
   57500.0 5.1140e+03
   57700.0 5.0462e+03
   57900.0 4.9792e+03
   58100.0 4.9095e+03
   58300.0 4.8441e+03
   58500.0 4.7865e+03
   58700.0 4.7226e+03
   58900.0 4.6422e+03
   59100.0 4.4392e+03
   59300.0 4.5287e+03
   59500.0 4.4779e+03
   59700.0 4.4177e+03
   59900.0 4.3582e+03
   60100.0 4.3060e+03
   60300.0 4.2478e+03
   60500.0 4.1935e+03
   60700.0 4.1367e+03
   60900.0 4.0837e+03
   61100.0 4.0313e+03
   61300.0 3.9795e+03
   61500.0 3.9314e+03
   61700.0 3.8808e+03
   61900.0 3.8307e+03
   62100.0 3.7812e+03
   62300.0 3.7353e+03
   62500.0 3.6869e+03
   62700.0 3.6390e+03
   62900.0 3.5947e+03
   63100.0 3.5509e+03
   63300.0 3.5045e+03
   63500.0 3.4617e+03
   63700.0 3.4222e+03
   63900.0 3.3774e+03
   64200.0 3.3168e+03
   64600.0 3.2356e+03
   65000.0 3.1562e+03
   65400.0 3.0812e+03
   65800.0 3.0079e+03
   66200.0 2.9361e+03
   66600.0 2.8657e+03
   67000.0 2.7996e+03
   67400.0 2.7374e+03
   67800.0 2.6739e+03
   68200.0 2.6117e+03
   68600.0 2.5507e+03
   69000.0 2.4930e+03
   69400.0 2.4368e+03
   69800.0 2.3818e+03
   70200.0 2.3297e+03
   70600.0 2.2769e+03
   71000.0 2.2268e+03
   71400.0 2.1780e+03
   71800.0 2.1300e+03
   72200.0 2.0830e+03
   72600.0 2.0388e+03
   73000.0 1.9955e+03
   73400.0 1.9529e+03
   73800.0 1.9113e+03
   74200.0 1.8701e+03
   74600.0 1.8068e+03
   75000.0 1.7554e+03
   75400.0 1.7541e+03
   75800.0 1.7183e+03
   76200.0 1.6832e+03
   76600.0 1.6485e+03
   77000.0 1.6148e+03
   77400.0 1.5821e+03
   77800.0 1.5501e+03
   78200.0 1.5192e+03
   78600.0 1.4886e+03
   79000.0 1.4589e+03
   79400.0 1.4302e+03
   79800.0 1.4020e+03
   80200.0 1.3744e+03
   80600.0 1.3475e+03
   81000.0 1.3214e+03
   81400.0 1.2958e+03
   81800.0 1.2708e+03
   82200.0 1.2466e+03
   82600.0 1.2228e+03
   83000.0 1.1995e+03
   83400.0 1.1770e+03
   83800.0 1.1549e+03
   84200.0 1.1333e+03
   84600.0 1.1122e+03
   85000.0 1.0915e+03
   85400.0 1.0714e+03
   85800.0 1.0518e+03
   86200.0 1.0325e+03
   86600.0 1.0138e+03
   87000.0 9.9543e+02
   87400.0 9.7739e+02
   87800.0 9.5995e+02
   88200.0 9.4278e+02
   88600.0 9.2589e+02
   89000.0 9.0956e+02
   89400.0 8.9349e+02
   89800.0 8.7781e+02
   90200.0 8.6238e+02
   90600.0 8.4748e+02
   91000.0 8.3280e+02
   91400.0 8.1835e+02
   91800.0 8.0426e+02
   92200.0 7.9053e+02
   92600.0 7.7700e+02
   93000.0 7.6381e+02
   93400.0 7.5096e+02
   93800.0 7.3830e+02
   94200.0 7.2596e+02
   94600.0 7.1381e+02
   95000.0 7.0196e+02
   95400.0 6.9042e+02
   95800.0 6.7892e+02
   96200.0 6.6784e+02
   96600.0 6.5693e+02
   97000.0 6.4617e+02
   97400.0 6.3569e+02
   97800.0 6.2548e+02
   98200.0 6.1543e+02
   98600.0 6.0551e+02
   99000.0 5.9585e+02
   99400.0 5.8633e+02
   99800.0 5.7707e+02
  100200.0 5.6805e+02
  200000.0 3.5945e+01
  400000.0 2.2162e+00
  600000.0 4.3237e-01
  800000.0 1.3526e-01
 1000000.0 5.4898e-02
 1200000.0 2.6282e-02
 1400000.0 1.4096e-02
 1600000.0 8.2162e-03
