      91.0 0.0000e+00
      94.0 0.0000e+00
      96.0 0.0000e+00
      98.0 0.0000e+00
     100.0 0.0000e+00
     102.0 0.0000e+00
     104.0 0.0000e+00
     106.0 0.0000e+00
     108.0 0.0000e+00
     110.0 0.0000e+00
     114.0 0.0000e+00
     118.0 0.0000e+00
     121.0 0.0000e+00
     125.0 0.0000e+00
     127.0 0.0000e+00
     128.0 0.0000e+00
     131.0 0.0000e+00
     132.0 0.0000e+00
     134.0 0.0000e+00
     137.0 0.0000e+00
     140.0 0.0000e+00
     143.0 0.0000e+00
     147.0 0.0000e+00
     151.0 0.0000e+00
     155.0 0.0000e+00
     159.0 0.0000e+00
     162.0 0.0000e+00
     166.0 0.0000e+00
     170.0 0.0000e+00
     173.0 0.0000e+00
     177.0 0.0000e+00
     180.0 0.0000e+00
     182.0 0.0000e+00
     186.0 0.0000e+00
     191.0 0.0000e+00
     194.0 0.0000e+00
     198.0 0.0000e+00
     202.0 0.0000e+00
     205.0 0.0000e+00
     210.0 0.0000e+00
     216.0 0.0000e+00
     220.0 0.0000e+00
     223.0 0.0000e+00
     227.0 0.0000e+00
     230.0 0.0000e+00
     234.0 0.0000e+00
     240.0 0.0000e+00
     246.0 0.0000e+00
     252.0 0.0000e+00
     257.0 0.0000e+00
     260.0 0.0000e+00
     264.0 0.0000e+00
     269.0 0.0000e+00
     274.0 0.0000e+00
     279.0 0.0000e+00
     284.0 0.0000e+00
     290.0 0.0000e+00
     296.0 0.0000e+00
     301.0 0.0000e+00
     308.0 0.0000e+00
     318.0 0.0000e+00
     328.0 0.0000e+00
     338.0 0.0000e+00
     348.0 0.0000e+00
     357.0 0.0000e+00
     366.0 0.0000e+00
     375.0 0.0000e+00
     385.0 0.0000e+00
     395.0 0.0000e+00
     405.0 0.0000e+00
     414.0 0.0000e+00
     422.0 0.0000e+00
     430.0 0.0000e+00
     441.0 0.0000e+00
     451.0 0.0000e+00
     460.0 0.0000e+00
     470.0 0.0000e+00
     480.0 0.0000e+00
     490.0 0.0000e+00
     500.0 0.0000e+00
     506.0 0.0000e+00
     512.0 0.0000e+00
     520.0 0.0000e+00
     530.0 0.0000e+00
     540.0 0.0000e+00
     550.0 0.0000e+00
     560.0 0.0000e+00
     570.0 0.0000e+00
     580.0 0.0000e+00
     590.0 0.0000e+00
     600.0 0.0000e+00
     610.0 0.0000e+00
     620.0 0.0000e+00
     630.0 0.0000e+00
     640.0 0.0000e+00
     650.0 0.0000e+00
     658.0 0.0000e+00
     665.0 0.0000e+00
     675.0 0.0000e+00
     685.0 0.0000e+00
     695.0 0.0000e+00
     705.0 0.0000e+00
     716.0 0.0000e+00
     726.0 0.0000e+00
     735.0 0.0000e+00
     745.0 0.0000e+00
     755.0 0.0000e+00
     765.0 0.0000e+00
     775.0 0.0000e+00
     785.0 0.0000e+00
     795.0 0.0000e+00
     805.0 0.0000e+00
     815.0 0.0000e+00
     825.0 0.0000e+00
     835.0 0.0000e+00
     845.0 0.0000e+00
     855.0 0.0000e+00
     865.0 0.0000e+00
     875.0 0.0000e+00
     885.0 0.0000e+00
     895.0 0.0000e+00
     905.0 0.0000e+00
     915.0 0.0000e+00
     925.0 6.2437e-12
     935.0 9.3879e-12
     945.0 1.5442e-11
     955.0 1.5134e-11
     965.0 3.4601e-11
     975.0 3.5750e-11
     985.0 5.8993e-11
     995.0 1.0178e-10
    1005.0 1.3226e-10
    1015.0 1.9136e-10
    1025.0 2.9642e-10
    1035.0 6.9069e-10
    1045.0 9.5569e-10
    1055.0 1.0200e-09
    1065.0 2.4592e-09
    1075.0 3.5468e-09
    1085.0 6.9950e-09
    1095.0 9.7732e-09
    1105.0 1.2640e-08
    1115.0 1.8095e-08
    1125.0 4.1386e-08
    1135.0 7.3204e-08
    1145.0 1.1827e-07
    1155.0 1.7466e-07
    1165.0 2.2451e-07
    1175.0 3.5498e-07
    1185.0 4.2126e-07
    1195.0 4.6816e-07
    1205.0 3.9113e-07
    1215.0 1.7140e-07
    1225.0 6.4584e-07
    1235.0 1.8005e-06
    1245.0 2.7410e-06
    1255.0 3.9431e-06
    1265.0 5.1107e-06
    1275.0 6.9805e-06
    1285.0 7.4148e-06
    1295.0 9.2242e-06
    1305.0 1.1921e-05
    1315.0 1.4688e-05
    1325.0 1.6919e-05
    1335.0 1.9035e-05
    1345.0 2.5899e-05
    1355.0 3.3290e-05
    1365.0 3.7599e-05
    1375.0 4.0467e-05
    1385.0 4.8661e-05
    1395.0 5.6199e-05
    1405.0 7.6056e-05
    1415.0 9.6246e-05
    1425.0 1.0736e-04
    1435.0 1.4809e-04
    1442.0 2.0559e-04
    1447.0 1.7290e-04
    1455.0 2.0930e-04
    1465.0 3.0580e-04
    1475.0 3.7078e-04
    1485.0 3.8701e-04
    1495.0 5.7302e-04
    1505.0 7.7614e-04
    1512.0 4.7896e-04
    1517.0 7.1597e-04
    1525.0 1.1787e-03
    1535.0 1.6362e-03
    1545.0 1.2509e-03
    1555.0 1.9307e-03
    1565.0 1.8713e-03
    1575.0 3.4922e-03
    1585.0 3.6635e-03
    1595.0 3.6206e-03
    1605.0 3.8628e-03
    1615.0 4.0698e-03
    1625.0 4.0867e-03
    1635.0 5.2978e-03
    1645.0 6.8201e-03
    1655.0 6.2563e-03
    1665.0 9.1228e-03
    1672.0 8.1286e-03
    1677.0 1.1474e-02
    1685.0 1.4770e-02
    1695.0 1.9972e-02
    1705.0 2.1137e-02
    1715.0 2.3105e-02
    1725.0 3.0547e-02
    1735.0 3.5036e-02
    1745.0 4.7218e-02
    1755.0 4.8862e-02
    1765.0 6.1282e-02
    1775.0 5.6902e-02
    1785.0 9.9096e-02
    1795.0 8.6941e-02
    1805.0 1.3895e-01
    1815.0 1.0680e-01
    1825.0 1.6126e-01
    1835.0 1.4690e-01
    1845.0 1.9907e-01
    1855.0 1.6965e-01
    1865.0 2.6454e-01
    1875.0 2.5238e-01
    1885.0 3.1204e-01
    1895.0 3.8236e-01
    1905.0 4.0380e-01
    1915.0 5.5753e-01
    1925.0 4.8606e-01
    1935.0 3.7472e-01
    1945.0 6.5838e-01
    1955.0 8.9357e-01
    1967.0 9.6793e-01
    1976.0 1.1099e+00
    1984.0 1.3660e+00
    1995.0 1.2519e+00
    2005.0 1.4384e+00
    2015.0 1.6271e+00
    2025.0 1.5379e+00
    2035.0 1.9033e+00
    2045.0 2.0127e+00
    2055.0 2.3469e+00
    2065.0 2.2770e+00
    2074.0 2.2132e+00
    2078.0 3.5686e+00
    2085.0 4.4742e+00
    2095.0 4.8497e+00
    2105.0 4.5385e+00
    2115.0 4.6190e+00
    2125.0 5.1758e+00
    2135.0 6.4533e+00
    2145.0 5.3429e+00
    2155.0 6.2076e+00
    2165.0 6.1964e+00
    2175.0 6.6871e+00
    2185.0 6.3196e+00
    2195.0 9.7043e+00
    2205.0 8.4006e+00
    2215.0 9.8965e+00
    2225.0 9.1222e+00
    2235.0 1.4024e+01
    2245.0 1.5708e+01
    2255.0 1.8467e+01
    2265.0 1.1070e+01
    2275.0 1.9089e+01
    2285.0 1.9449e+01
    2295.0 2.9507e+01
    2305.0 1.3544e+01
    2315.0 3.5645e+01
    2325.0 2.9882e+01
    2335.0 4.3460e+01
    2345.0 2.8676e+01
    2355.0 2.6422e+01
    2365.0 3.3896e+01
    2375.0 3.3271e+01
    2385.0 5.2135e+01
    2395.0 4.9024e+01
    2405.0 7.9613e+01
    2415.0 5.4096e+01
    2425.0 6.6722e+01
    2435.0 9.1537e+01
    2445.0 1.1925e+02
    2455.0 1.3544e+02
    2465.0 9.4868e+01
    2475.0 1.5315e+02
    2485.0 6.9074e+01
    2495.0 7.7575e+01
    2505.0 1.3866e+02
    2513.0 1.0400e+02
    2518.0 1.0943e+02
    2525.0 1.2732e+02
    2535.0 2.4016e+02
    2545.0 2.8604e+02
    2555.0 3.1963e+02
    2565.0 1.9976e+02
    2575.0 2.8647e+02
    2585.0 2.3706e+02
    2595.0 2.6961e+02
    2605.0 3.4989e+02
    2615.0 3.3056e+02
    2625.0 4.5944e+02
    2635.0 6.5267e+02
    2645.0 5.6222e+02
    2655.0 7.1263e+02
    2665.0 6.7099e+02
    2675.0 5.8051e+02
    2685.0 7.5651e+02
    2695.0 5.7969e+02
    2705.0 8.2583e+02
    2715.0 8.2106e+02
    2725.0 7.4350e+02
    2735.0 7.8553e+02
    2745.0 1.0232e+03
    2755.0 9.9852e+02
    2765.0 1.2597e+03
    2775.0 1.5931e+03
    2785.0 1.1566e+03
    2795.0 1.4052e+03
    2805.0 1.4413e+03
    2815.0 1.5039e+03
    2825.0 1.6018e+03
    2835.0 1.4649e+03
    2845.0 1.1913e+03
    2855.0 6.9308e+02
    2865.0 1.6611e+03
    2875.0 1.8019e+03
    2885.0 2.4017e+03
    2895.0 2.7801e+03
    2910.0 3.8461e+03
    2930.0 3.7505e+03
    2950.0 3.4201e+03
    2970.0 3.3647e+03
    2990.0 3.8014e+03
    3010.0 3.9707e+03
    3030.0 4.5742e+03
    3050.0 5.3510e+03
    3070.0 5.9304e+03
    3090.0 5.7107e+03
    3110.0 8.6279e+03
    3130.0 8.3001e+03
    3150.0 1.1823e+04
    3170.0 1.6921e+04
    3190.0 1.2904e+04
    3210.0 1.5071e+04
    3230.0 1.4804e+04
    3250.0 2.5783e+04
    3270.0 3.5461e+04
    3290.0 4.2154e+04
    3310.0 3.3799e+04
    3330.0 3.7211e+04
    3350.0 3.4663e+04
    3370.0 2.0822e+04
    3390.0 2.6984e+04
    3410.0 2.8680e+04
    3430.0 3.2912e+04
    3450.0 2.9993e+04
    3470.0 2.9509e+04
    3490.0 4.0996e+04
    3510.0 5.5860e+04
    3530.0 5.2073e+04
    3550.0 7.3592e+04
    3570.0 3.1040e+04
    3590.0 2.8937e+04
    3610.0 4.4757e+04
    3630.0 5.5450e+04
    3640.0 6.4866e+04
    3650.0 7.9516e+04
    3670.0 1.0524e+05
    3690.0 7.2781e+04
    3710.0 5.6151e+04
    3730.0 2.7374e+04
    3750.0 3.3555e+04
    3770.0 7.7082e+04
    3790.0 8.5988e+04
    3810.0 7.4060e+04
    3830.0 3.1907e+04
    3850.0 5.6898e+04
    3870.0 5.2260e+04
    3890.0 5.8746e+04
    3910.0 8.6282e+04
    3930.0 3.6826e+04
    3950.0 7.4882e+04
    3970.0 5.2369e+04
    3990.0 1.5291e+05
    4010.0 1.8808e+05
    4030.0 1.5705e+05
    4050.0 1.5909e+05
    4070.0 1.3472e+05
    4090.0 2.2273e+05
    4110.0 1.6065e+05
    4130.0 1.7225e+05
    4150.0 1.6182e+05
    4170.0 1.7323e+05
    4190.0 1.7274e+05
    4210.0 1.4134e+05
    4230.0 7.9284e+04
    4250.0 1.4075e+05
    4270.0 1.4193e+05
    4290.0 1.4537e+05
    4310.0 1.4815e+05
    4330.0 2.2482e+05
    4350.0 2.5812e+05
    4370.0 2.7108e+05
    4390.0 2.1523e+05
    4410.0 2.1969e+05
    4430.0 2.4362e+05
    4450.0 2.5646e+05
    4470.0 2.9882e+05
    4490.0 3.1068e+05
    4510.0 3.8027e+05
    4530.0 2.9201e+05
    4550.0 3.3885e+05
    4570.0 3.7913e+05
    4590.0 3.5614e+05
    4610.0 3.6564e+05
    4630.0 3.7071e+05
    4650.0 3.5195e+05
    4670.0 3.9348e+05
    4690.0 3.7448e+05
    4710.0 3.5131e+05
    4730.0 3.4598e+05
    4750.0 3.3409e+05
    4770.0 2.9504e+05
    4790.0 3.1970e+05
    4810.0 3.8158e+05
    4830.0 3.7956e+05
    4850.0 3.9887e+05
    4870.0 3.7143e+05
    4890.0 3.8439e+05
    4910.0 3.8395e+05
    4930.0 3.5262e+05
    4950.0 3.5056e+05
    4970.0 3.3357e+05
    4990.0 2.9541e+05
    5010.0 2.6148e+05
    5030.0 2.8405e+05
    5050.0 2.6374e+05
    5070.0 2.5196e+05
    5090.0 2.4490e+05
    5110.0 2.5056e+05
    5130.0 2.3809e+05
    5150.0 2.2145e+05
    5170.0 2.1844e+05
    5190.0 2.4575e+05
    5210.0 2.8451e+05
    5230.0 4.0504e+05
    5250.0 4.5248e+05
    5270.0 3.4810e+05
    5290.0 4.5851e+05
    5310.0 5.0440e+05
    5330.0 4.1510e+05
    5350.0 4.6672e+05
    5370.0 4.5410e+05
    5390.0 4.4909e+05
    5410.0 4.3635e+05
    5430.0 4.3396e+05
    5450.0 4.3562e+05
    5470.0 4.7012e+05
    5490.0 4.8540e+05
    5510.0 4.6726e+05
    5530.0 5.0702e+05
    5550.0 5.1350e+05
    5570.0 4.9900e+05
    5590.0 4.6972e+05
    5610.0 5.0334e+05
    5630.0 5.2511e+05
    5650.0 5.4620e+05
    5670.0 5.2855e+05
    5690.0 5.3669e+05
    5710.0 5.1418e+05
    5730.0 5.5844e+05
    5750.0 5.5457e+05
    5770.0 5.5613e+05
    5790.0 5.3369e+05
    5810.0 5.5525e+05
    5830.0 5.7156e+05
    5850.0 5.5294e+05
    5870.0 5.5405e+05
    5890.0 4.8116e+05
    5910.0 5.5310e+05
    5930.0 5.5244e+05
    5950.0 5.5314e+05
    5970.0 5.6155e+05
    5990.0 5.5781e+05
    6010.0 5.5078e+05
    6030.0 5.6296e+05
    6050.0 5.6940e+05
    6070.0 5.6370e+05
    6090.0 5.4966e+05
    6110.0 5.4960e+05
    6130.0 5.1219e+05
    6150.0 5.4438e+05
    6170.0 4.8510e+05
    6190.0 5.4738e+05
    6210.0 5.3826e+05
    6230.0 5.2554e+05
    6250.0 5.0899e+05
    6270.0 5.2771e+05
    6290.0 5.4133e+05
    6310.0 5.2857e+05
    6330.0 5.3660e+05
    6350.0 5.4096e+05
    6370.0 5.4052e+05
    6390.0 5.4948e+05
    6410.0 5.3584e+05
    6430.0 5.3803e+05
    6450.0 5.2403e+05
    6470.0 5.2022e+05
    6490.0 5.1588e+05
    6510.0 5.3790e+05
    6530.0 5.4980e+05
    6550.0 5.3890e+05
    6570.0 5.3506e+05
    6590.0 5.4093e+05
    6610.0 5.4508e+05
    6630.0 5.4643e+05
    6650.0 5.4640e+05
    6670.0 5.3450e+05
    6690.0 5.3694e+05
    6710.0 5.1563e+05
    6730.0 5.3164e+05
    6750.0 5.2059e+05
    6770.0 5.2563e+05
    6790.0 5.1838e+05
    6810.0 5.2310e+05
    6830.0 5.3109e+05
    6850.0 5.2263e+05
    6870.0 5.2620e+05
    6890.0 5.3148e+05
    6910.0 5.3368e+05
    6930.0 5.3161e+05
    6950.0 5.3302e+05
    6970.0 5.4181e+05
    6990.0 5.3381e+05
    7010.0 5.3614e+05
    7030.0 5.4182e+05
    7050.0 5.4599e+05
    7070.0 5.3379e+05
    7090.0 5.1671e+05
    7110.0 5.0005e+05
    7130.0 4.8687e+05
    7150.0 4.7570e+05
    7170.0 4.9661e+05
    7190.0 4.8921e+05
    7210.0 4.8973e+05
    7230.0 5.1295e+05
    7250.0 5.1286e+05
    7270.0 5.2343e+05
    7290.0 5.2440e+05
    7310.0 5.2939e+05
    7330.0 5.2472e+05
    7350.0 5.2675e+05
    7370.0 5.3736e+05
    7390.0 5.3380e+05
    7410.0 5.2895e+05
    7430.0 5.3784e+05
    7450.0 5.3474e+05
    7470.0 5.4069e+05
    7490.0 5.3952e+05
    7510.0 5.4324e+05
    7530.0 5.4670e+05
    7550.0 5.4823e+05
    7570.0 5.4659e+05
    7590.0 5.4267e+05
    7610.0 5.4210e+05
    7630.0 5.4071e+05
    7650.0 5.3583e+05
    7670.0 5.0838e+05
    7690.0 5.2825e+05
    7710.0 5.1260e+05
    7730.0 5.2380e+05
    7750.0 5.1810e+05
    7770.0 5.2696e+05
    7790.0 5.2742e+05
    7810.0 5.2688e+05
    7830.0 5.2067e+05
    7850.0 5.1880e+05
    7870.0 5.3011e+05
    7890.0 5.2704e+05
    7910.0 5.2112e+05
    7930.0 5.2097e+05
    7950.0 5.1551e+05
    7970.0 5.2878e+05
    7990.0 5.2820e+05
    8010.0 5.2669e+05
    8030.0 5.2649e+05
    8050.0 5.2499e+05
    8070.0 5.2644e+05
    8090.0 5.2439e+05
    8110.0 5.2819e+05
    8130.0 5.3249e+05
    8150.0 5.3186e+05
    8170.0 5.3052e+05
    8190.0 4.9915e+05
    8210.0 5.2056e+05
    8230.0 5.2405e+05
    8250.0 5.2380e+05
    8270.0 5.3021e+05
    8290.0 5.2731e+05
    8310.0 5.1939e+05
    8330.0 5.0861e+05
    8350.0 5.1580e+05
    8370.0 5.1505e+05
    8390.0 4.8960e+05
    8410.0 5.1288e+05
    8430.0 4.9037e+05
    8450.0 4.9930e+05
    8470.0 4.9728e+05
    8490.0 5.0093e+05
    8510.0 4.8086e+05
    8530.0 5.0185e+05
    8550.0 4.7736e+05
    8570.0 5.0566e+05
    8590.0 5.0055e+05
    8610.0 4.9936e+05
    8630.0 5.0236e+05
    8650.0 5.0725e+05
    8670.0 4.7061e+05
    8690.0 4.8306e+05
    8710.0 5.0108e+05
    8730.0 5.0051e+05
    8750.0 4.9854e+05
    8770.0 4.9689e+05
    8790.0 4.9945e+05
    8810.0 4.8189e+05
    8830.0 4.8847e+05
    8850.0 4.9515e+05
    8870.0 4.9231e+05
    8890.0 4.9889e+05
    8910.0 4.9832e+05
    8930.0 4.9188e+05
    8950.0 4.8789e+05
    8970.0 4.8959e+05
    8990.0 4.9127e+05
    9010.0 4.7196e+05
    9030.0 4.8443e+05
    9050.0 4.9195e+05
    9070.0 4.9051e+05
    9090.0 4.7501e+05
    9110.0 4.7827e+05
    9130.0 4.8294e+05
    9150.0 4.8255e+05
    9170.0 4.8173e+05
    9190.0 4.8418e+05
    9210.0 4.7642e+05
    9230.0 4.7830e+05
    9250.0 4.7217e+05
    9270.0 4.7167e+05
    9290.0 4.6770e+05
    9310.0 4.7261e+05
    9330.0 4.7100e+05
    9350.0 4.6775e+05
    9370.0 4.6152e+05
    9390.0 4.6690e+05
    9410.0 4.5909e+05
    9430.0 4.6497e+05
    9450.0 4.5575e+05
    9470.0 4.6239e+05
    9490.0 4.6284e+05
    9510.0 4.6036e+05
    9530.0 4.5830e+05
    9550.0 4.5007e+05
    9570.0 4.5147e+05
    9590.0 4.5754e+05
    9610.0 4.4901e+05
    9630.0 4.5284e+05
    9650.0 4.3680e+05
    9670.0 4.3807e+05
    9690.0 4.4648e+05
    9710.0 4.4159e+05
    9730.0 4.3611e+05
    9750.0 4.3747e+05
    9770.0 4.3995e+05
    9790.0 4.2890e+05
    9810.0 4.4310e+05
    9830.0 4.3758e+05
    9850.0 4.4186e+05
    9870.0 4.3884e+05
    9890.0 4.3743e+05
    9910.0 4.3665e+05
    9930.0 4.3526e+05
    9950.0 4.3460e+05
    9970.0 4.3322e+05
    9990.0 4.3269e+05
   10025.0 4.2836e+05
   10075.0 4.2471e+05
   10125.0 4.2333e+05
   10175.0 4.1848e+05
   10225.0 4.1555e+05
   10275.0 4.1390e+05
   10325.0 4.0641e+05
   10375.0 4.0373e+05
   10425.0 4.0395e+05
   10475.0 3.9825e+05
   10525.0 3.9783e+05
   10575.0 3.9236e+05
   10625.0 3.9059e+05
   10675.0 3.8462e+05
   10725.0 3.8250e+05
   10775.0 3.7917e+05
   10825.0 3.7209e+05
   10875.0 3.7273e+05
   10925.0 3.7274e+05
   10975.0 3.6806e+05
   11025.0 3.6661e+05
   11075.0 3.6497e+05
   11125.0 3.6130e+05
   11175.0 3.5702e+05
   11225.0 3.5585e+05
   11275.0 3.4826e+05
   11325.0 3.4781e+05
   11375.0 3.4198e+05
   11425.0 3.3633e+05
   11475.0 3.4078e+05
   11525.0 3.3964e+05
   11575.0 3.3492e+05
   11625.0 3.2788e+05
   11675.0 3.2771e+05
   11725.0 3.2902e+05
   11775.0 3.2122e+05
   11825.0 3.1877e+05
   11875.0 3.1439e+05
   11925.0 3.1892e+05
   11975.0 3.0740e+05
   12025.0 3.1231e+05
   12075.0 3.0792e+05
   12125.0 3.0824e+05
   12175.0 3.0693e+05
   12225.0 3.0442e+05
   12275.0 3.0139e+05
   12325.0 2.9911e+05
   12375.0 2.9748e+05
   12425.0 2.9393e+05
   12475.0 2.9319e+05
   12525.0 2.8918e+05
   12575.0 2.8862e+05
   12625.0 2.8604e+05
   12675.0 2.8282e+05
   12725.0 2.8223e+05
   12775.0 2.8113e+05
   12825.0 2.7289e+05
   12875.0 2.7475e+05
   12925.0 2.7091e+05
   12975.0 2.7281e+05
   13025.0 2.6966e+05
   13075.0 2.6936e+05
   13125.0 2.6104e+05
   13175.0 2.6162e+05
   13225.0 2.6349e+05
   13275.0 2.5933e+05
   13325.0 2.5853e+05
   13375.0 2.5795e+05
   13425.0 2.5743e+05
   13475.0 2.5572e+05
   13525.0 2.5409e+05
   13575.0 2.5099e+05
   13625.0 2.4831e+05
   13675.0 2.4906e+05
   13725.0 2.4871e+05
   13775.0 2.4653e+05
   13825.0 2.4576e+05
   13875.0 2.4249e+05
   13925.0 2.4335e+05
   13975.0 2.4211e+05
   14025.0 2.3867e+05
   14075.0 2.3971e+05
   14125.0 2.3705e+05
   14175.0 2.3753e+05
   14225.0 2.3438e+05
   14275.0 2.2845e+05
   14325.0 2.3305e+05
   14375.0 2.3265e+05
   14425.0 2.2810e+05
   14475.0 2.3048e+05
   14525.0 2.2753e+05
   14570.0 2.2697e+05
   14620.0 2.2739e+05
   14675.0 2.2641e+05
   14725.0 2.2332e+05
   14775.0 2.2280e+05
   14825.0 2.2283e+05
   14875.0 2.1749e+05
   14925.0 2.2271e+05
   14975.0 2.2015e+05
   15025.0 2.0865e+05
   15075.0 2.1329e+05
   15125.0 2.1822e+05
   15175.0 2.1679e+05
   15225.0 2.1624e+05
   15275.0 2.1658e+05
   15325.0 2.1512e+05
   15375.0 2.1570e+05
   15425.0 2.1566e+05
   15475.0 2.1472e+05
   15525.0 2.1200e+05
   15575.0 2.1118e+05
   15625.0 2.1190e+05
   15675.0 2.0864e+05
   15725.0 2.0882e+05
   15775.0 2.0099e+05
   15825.0 2.0581e+05
   15875.0 2.0213e+05
   15925.0 2.0455e+05
   15975.0 2.0464e+05
   16050.0 2.0450e+05
   16150.0 2.0101e+05
   16250.0 1.9968e+05
   16350.0 1.9783e+05
   16450.0 1.9445e+05
   16550.0 1.9167e+05
   16650.0 1.8769e+05
   16750.0 1.8174e+05
   16850.0 1.8001e+05
   16950.0 1.7760e+05
   17050.0 1.7243e+05
   17150.0 1.6887e+05
   17250.0 1.6559e+05
   17350.0 1.6293e+05
   17450.0 1.5973e+05
   17550.0 1.5690e+05
   17650.0 1.5436e+05
   17750.0 1.5084e+05
   17850.0 1.4896e+05
   17950.0 1.4586e+05
   18050.0 1.4270e+05
   18150.0 1.4051e+05
   18250.0 1.3750e+05
   18350.0 1.3483e+05
   18450.0 1.3115e+05
   18550.0 1.3041e+05
   18650.0 1.2705e+05
   18750.0 1.2440e+05
   18850.0 1.2328e+05
   18950.0 1.1878e+05
   19050.0 1.1919e+05
   19150.0 1.1677e+05
   19250.0 1.1508e+05
   19350.0 1.1136e+05
   19450.0 1.0917e+05
   19550.0 1.0840e+05
   19650.0 1.0730e+05
   19750.0 1.0363e+05
   19850.0 1.0226e+05
   19950.0 1.0130e+05
   20050.0 1.0109e+05
   20150.0 9.9561e+04
   20250.0 9.7089e+04
   20350.0 9.5703e+04
   20450.0 9.4740e+04
   20550.0 9.3054e+04
   20650.0 9.1255e+04
   20750.0 9.0015e+04
   20850.0 8.8602e+04
   20950.0 8.6474e+04
   21050.0 8.5844e+04
   21150.0 8.4257e+04
   21250.0 8.3147e+04
   21350.0 8.2107e+04
   21450.0 8.0796e+04
   21550.0 7.9557e+04
   21650.0 7.8286e+04
   21750.0 7.6782e+04
   21850.0 7.5830e+04
   21950.0 7.4668e+04
   22050.0 7.2192e+04
   22150.0 7.2641e+04
   22250.0 7.0682e+04
   22350.0 6.9978e+04
   22450.0 6.9047e+04
   22550.0 6.8318e+04
   22650.0 6.6594e+04
   22750.0 6.6358e+04
   22850.0 6.4928e+04
   22950.0 5.9833e+04
   23050.0 6.1324e+04
   23150.0 6.0817e+04
   23250.0 5.5770e+04
   23350.0 5.7163e+04
   23450.0 5.7701e+04
   23550.0 5.2931e+04
   23650.0 5.4971e+04
   23750.0 5.4871e+04
   23850.0 5.0743e+04
   23950.0 5.2265e+04
   24050.0 5.2329e+04
   24150.0 4.9141e+04
   24250.0 4.9940e+04
   24350.0 5.0016e+04
   24450.0 4.7983e+04
   24550.0 4.7394e+04
   24650.0 4.8115e+04
   24750.0 4.6768e+04
   24850.0 4.5363e+04
   24950.0 4.5828e+04
   25050.0 4.5903e+04
   25150.0 4.4022e+04
   25250.0 4.4313e+04
   25350.0 4.3983e+04
   25450.0 4.3009e+04
   25550.0 4.2562e+04
   25650.0 4.2176e+04
   25750.0 4.1958e+04
   25850.0 4.0737e+04
   25950.0 4.0619e+04
   26050.0 4.0361e+04
   26150.0 3.9825e+04
   26250.0 3.9104e+04
   26350.0 3.8774e+04
   26450.0 3.8258e+04
   26550.0 3.7868e+04
   26650.0 3.7061e+04
   26750.0 3.7204e+04
   26850.0 3.6711e+04
   26950.0 3.6142e+04
   27050.0 3.5777e+04
   27150.0 3.5351e+04
   27250.0 3.4914e+04
   27350.0 3.4467e+04
   27450.0 3.4105e+04
   27550.0 3.3716e+04
   27650.0 3.3206e+04
   27750.0 3.2764e+04
   27850.0 3.2406e+04
   27950.0 3.2067e+04
   28050.0 3.1640e+04
   28150.0 3.1204e+04
   28250.0 3.0863e+04
   28350.0 3.0527e+04
   28450.0 3.0090e+04
   28550.0 2.9733e+04
   28650.0 2.9365e+04
   28750.0 2.9045e+04
   28850.0 2.8657e+04
   28950.0 2.8302e+04
   29050.0 2.7922e+04
   29150.0 2.7604e+04
   29250.0 2.7009e+04
   29350.0 2.6895e+04
   29450.0 2.6588e+04
   29550.0 2.6271e+04
   29650.0 2.5972e+04
   29750.0 2.5675e+04
   29850.0 2.5329e+04
   29950.0 2.4999e+04
   30050.0 2.4714e+04
   30150.0 2.4445e+04
   30250.0 2.4100e+04
   30350.0 2.3837e+04
   30450.0 2.3577e+04
   30550.0 2.3282e+04
   30650.0 2.2977e+04
   30750.0 2.2739e+04
   30850.0 2.2390e+04
   30950.0 2.2183e+04
   31050.0 2.1941e+04
   31150.0 2.1566e+04
   31250.0 2.1428e+04
   31350.0 2.1169e+04
   31450.0 2.0926e+04
   31550.0 2.0661e+04
   31650.0 2.0387e+04
   31750.0 2.0211e+04
   31850.0 1.9978e+04
   31950.0 1.9759e+04
   32100.0 1.9412e+04
   32300.0 1.8954e+04
   32500.0 1.8528e+04
   32700.0 1.8100e+04
   32900.0 1.7704e+04
   33100.0 1.7304e+04
   33300.0 1.6892e+04
   33500.0 1.6562e+04
   33700.0 1.6197e+04
   33900.0 1.5819e+04
   34100.0 1.5459e+04
   34300.0 1.5177e+04
   34500.0 1.4861e+04
   34700.0 1.4550e+04
   34900.0 1.4236e+04
   35100.0 1.3948e+04
   35300.0 1.3646e+04
   35500.0 1.3369e+04
   35700.0 1.3088e+04
   35900.0 1.2822e+04
   36100.0 1.2569e+04
   36300.0 1.2313e+04
   36500.0 1.2052e+04
   36700.0 1.1797e+04
   36900.0 1.1546e+04
   37100.0 1.1309e+04
   37300.0 1.1110e+04
   37500.0 1.0872e+04
   37700.0 1.0690e+04
   37900.0 1.0477e+04
   38100.0 1.0277e+04
   38300.0 1.0096e+04
   38500.0 9.8943e+03
   38700.0 9.6722e+03
   38900.0 9.5096e+03
   39100.0 9.3420e+03
   39300.0 9.1695e+03
   39500.0 8.9693e+03
   39700.0 8.8107e+03
   39900.0 8.6096e+03
   40100.0 8.4792e+03
   40300.0 8.3361e+03
   40500.0 8.1663e+03
   40700.0 8.0355e+03
   40900.0 7.8926e+03
   41100.0 7.7450e+03
   41300.0 7.6139e+03
   41500.0 7.4781e+03
   41700.0 7.3375e+03
   41900.0 7.1789e+03
   42100.0 7.0499e+03
   42300.0 6.9633e+03
   42500.0 6.8315e+03
   42700.0 6.7151e+03
   42900.0 6.3672e+03
   43100.0 6.0539e+03
   43300.0 6.0339e+03
   43500.0 5.7207e+03
   43700.0 5.5422e+03
   43900.0 5.4327e+03
   44100.0 5.1727e+03
   44300.0 5.0839e+03
   44500.0 4.9965e+03
   44700.0 4.7791e+03
   44900.0 4.7925e+03
   45100.0 4.6416e+03
   45300.0 4.5095e+03
   45500.0 4.4984e+03
   45700.0 4.4688e+03
   45900.0 4.2962e+03
   46100.0 4.3205e+03
   46300.0 4.2425e+03
   46500.0 4.2282e+03
   46700.0 4.2003e+03
   46900.0 4.1259e+03
   47100.0 4.0509e+03
   47300.0 4.0725e+03
   47500.0 3.9649e+03
   47700.0 3.9180e+03
   47900.0 3.8838e+03
   48100.0 3.7728e+03
   48300.0 3.8017e+03
   48500.0 3.7378e+03
   48700.0 3.6450e+03
   48900.0 3.5952e+03
   49100.0 3.5635e+03
   49300.0 3.4956e+03
   49500.0 3.4351e+03
   49700.0 3.4090e+03
   49900.0 3.3601e+03
   50100.0 3.3199e+03
   50300.0 3.2827e+03
   50500.0 3.2017e+03
   50700.0 3.1802e+03
   50900.0 3.1502e+03
   51100.0 3.0801e+03
   51300.0 3.0767e+03
   51500.0 3.0108e+03
   51700.0 3.0059e+03
   51900.0 2.9396e+03
   52100.0 2.9157e+03
   52300.0 2.8619e+03
   52500.0 2.8462e+03
   52700.0 2.8255e+03
   52900.0 2.7537e+03
   53100.0 2.7274e+03
   53300.0 2.7011e+03
   53500.0 2.6713e+03
   53700.0 2.6431e+03
   53900.0 2.6136e+03
   54100.0 2.5800e+03
   54300.0 2.5240e+03
   54500.0 2.5180e+03
   54700.0 2.4856e+03
   54900.0 2.4505e+03
   55100.0 2.4240e+03
   55300.0 2.4222e+03
   55500.0 2.3569e+03
   55700.0 2.3554e+03
   55900.0 2.3148e+03
   56100.0 2.2888e+03
   56300.0 2.2537e+03
   56500.0 2.2404e+03
   56700.0 2.2134e+03
   56900.0 2.1742e+03
   57100.0 2.1634e+03
   57300.0 2.1333e+03
   57500.0 2.1091e+03
   57700.0 2.0804e+03
   57900.0 2.0643e+03
   58100.0 2.0313e+03
   58300.0 2.0089e+03
   58500.0 1.9878e+03
   58700.0 1.9566e+03
   58900.0 1.9336e+03
   59100.0 1.9161e+03
   59300.0 1.8919e+03
   59500.0 1.8681e+03
   59700.0 1.8509e+03
   59900.0 1.8275e+03
   60100.0 1.8067e+03
   60300.0 1.7839e+03
   60500.0 1.7587e+03
   60700.0 1.7383e+03
   60900.0 1.7188e+03
   61100.0 1.6957e+03
   61300.0 1.6789e+03
   61500.0 1.6591e+03
   61700.0 1.6399e+03
   61900.0 1.6218e+03
   62100.0 1.6033e+03
   62300.0 1.5825e+03
   62500.0 1.5623e+03
   62700.0 1.5422e+03
   62900.0 1.5273e+03
   63100.0 1.5083e+03
   63300.0 1.4940e+03
   63500.0 1.4742e+03
   63700.0 1.4593e+03
   63900.0 1.4402e+03
   64200.0 1.4157e+03
   64600.0 1.3827e+03
   65000.0 1.3510e+03
   65400.0 1.3202e+03
   65800.0 1.2904e+03
   66200.0 1.2606e+03
   66600.0 1.2320e+03
   67000.0 1.2045e+03
   67400.0 1.1768e+03
   67800.0 1.1504e+03
   68200.0 1.1246e+03
   68600.0 1.1001e+03
   69000.0 1.0758e+03
   69400.0 1.0519e+03
   69800.0 1.0291e+03
   70200.0 1.0062e+03
   70600.0 9.8448e+02
   71000.0 9.6343e+02
   71400.0 9.4255e+02
   71800.0 9.2254e+02
   72200.0 9.0291e+02
   72600.0 8.8389e+02
   73000.0 8.6523e+02
   73400.0 8.4692e+02
   73800.0 8.2940e+02
   74200.0 8.1133e+02
   74600.0 7.9490e+02
   75000.0 7.7877e+02
   75400.0 7.6230e+02
   75800.0 7.4802e+02
   76200.0 7.3275e+02
   76600.0 7.1776e+02
   77000.0 7.0344e+02
   77400.0 6.8939e+02
   77800.0 6.7597e+02
   78200.0 6.6241e+02
   78600.0 6.4947e+02
   79000.0 6.3676e+02
   79400.0 6.2447e+02
   79800.0 6.1239e+02
   80200.0 6.0014e+02
   80600.0 5.8885e+02
   81000.0 5.7774e+02
   81400.0 5.6665e+02
   81800.0 5.5610e+02
   82200.0 5.4556e+02
   82600.0 5.3537e+02
   83000.0 5.2534e+02
   83400.0 5.1549e+02
   83800.0 5.0563e+02
   84200.0 4.9678e+02
   84600.0 4.8757e+02
   85000.0 4.7884e+02
   85400.0 4.7009e+02
   85800.0 4.6148e+02
   86200.0 4.5333e+02
   86600.0 4.4516e+02
   87000.0 4.3727e+02
   87400.0 4.2951e+02
   87800.0 4.2187e+02
   88200.0 4.1451e+02
   88600.0 4.0726e+02
   89000.0 3.9998e+02
   89400.0 3.9310e+02
   89800.0 3.8619e+02
   90200.0 3.7968e+02
   90600.0 3.7326e+02
   91000.0 3.6637e+02
   91400.0 3.6059e+02
   91800.0 3.5432e+02
   92200.0 3.4857e+02
   92600.0 3.4263e+02
   93000.0 3.3692e+02
   93400.0 3.3129e+02
   93800.0 3.2588e+02
   94200.0 3.2041e+02
   94600.0 3.1516e+02
   95000.0 3.0999e+02
   95400.0 3.0489e+02
   95800.0 3.0013e+02
   96200.0 2.9531e+02
   96600.0 2.9043e+02
   97000.0 2.8574e+02
   97400.0 2.8100e+02
   97800.0 2.7657e+02
   98200.0 2.7233e+02
   98600.0 2.6803e+02
   99000.0 2.6379e+02
   99400.0 2.5961e+02
   99800.0 2.5561e+02
  100200.0 2.5166e+02
  200000.0 1.6369e+01
  400000.0 1.0320e+00
  600000.0 2.0393e-01
  800000.0 6.4380e-02
 1000000.0 2.6286e-02
 1200000.0 1.2633e-02
 1400000.0 6.8035e-03
 1600000.0 3.9723e-03
