      91.0 0.0000e+00
      94.0 0.0000e+00
      96.0 0.0000e+00
      98.0 0.0000e+00
     100.0 0.0000e+00
     102.0 0.0000e+00
     104.0 0.0000e+00
     106.0 0.0000e+00
     108.0 0.0000e+00
     110.0 0.0000e+00
     114.0 0.0000e+00
     118.0 0.0000e+00
     121.0 0.0000e+00
     125.0 0.0000e+00
     127.0 0.0000e+00
     128.0 0.0000e+00
     131.0 0.0000e+00
     132.0 0.0000e+00
     134.0 0.0000e+00
     137.0 0.0000e+00
     140.0 0.0000e+00
     143.0 0.0000e+00
     147.0 0.0000e+00
     151.0 0.0000e+00
     155.0 0.0000e+00
     159.0 0.0000e+00
     162.0 0.0000e+00
     166.0 0.0000e+00
     170.0 0.0000e+00
     173.0 0.0000e+00
     177.0 0.0000e+00
     180.0 0.0000e+00
     182.0 0.0000e+00
     186.0 0.0000e+00
     191.0 0.0000e+00
     194.0 0.0000e+00
     198.0 0.0000e+00
     202.0 0.0000e+00
     205.0 0.0000e+00
     210.0 0.0000e+00
     216.0 0.0000e+00
     220.0 0.0000e+00
     223.0 0.0000e+00
     227.0 0.0000e+00
     230.0 0.0000e+00
     234.0 0.0000e+00
     240.0 0.0000e+00
     246.0 0.0000e+00
     252.0 0.0000e+00
     257.0 0.0000e+00
     260.0 0.0000e+00
     264.0 0.0000e+00
     269.0 0.0000e+00
     274.0 0.0000e+00
     279.0 0.0000e+00
     284.0 0.0000e+00
     290.0 0.0000e+00
     296.0 0.0000e+00
     301.0 0.0000e+00
     308.0 0.0000e+00
     318.0 0.0000e+00
     328.0 0.0000e+00
     338.0 0.0000e+00
     348.0 0.0000e+00
     357.0 0.0000e+00
     366.0 0.0000e+00
     375.0 0.0000e+00
     385.0 0.0000e+00
     395.0 0.0000e+00
     405.0 0.0000e+00
     414.0 0.0000e+00
     422.0 0.0000e+00
     430.0 0.0000e+00
     441.0 0.0000e+00
     451.0 0.0000e+00
     460.0 0.0000e+00
     470.0 0.0000e+00
     480.0 0.0000e+00
     490.0 0.0000e+00
     500.0 0.0000e+00
     506.0 4.1202e-08
     512.0 7.1225e-08
     520.0 1.2865e-07
     530.0 2.6400e-07
     540.0 5.2186e-07
     550.0 1.0156e-06
     560.0 1.9269e-06
     570.0 3.5798e-06
     580.0 6.4842e-06
     590.0 1.1633e-05
     600.0 2.0406e-05
     610.0 3.5224e-05
     620.0 5.9771e-05
     630.0 9.9855e-05
     640.0 1.6439e-04
     650.0 2.6700e-04
     658.0 3.8942e-04
     665.0 5.3800e-04
     675.0 8.4511e-04
     685.0 1.3108e-03
     695.0 2.0084e-03
     705.0 3.0400e-03
     716.0 4.7414e-03
     726.0 7.0188e-03
     735.0 9.9046e-03
     745.0 1.4381e-02
     755.0 2.0684e-02
     765.0 2.9466e-02
     775.0 4.1568e-02
     785.0 5.8185e-02
     795.0 8.0580e-02
     805.0 1.1099e-01
     815.0 1.5160e-01
     825.0 2.0543e-01
     835.0 2.7605e-01
     845.0 3.6864e-01
     855.0 4.8851e-01
     865.0 6.4300e-01
     875.0 8.4077e-01
     885.0 1.0929e+00
     895.0 1.4119e+00
     905.0 1.8111e+00
     915.0 3.7598e+01
     925.0 2.4905e+02
     935.0 4.1590e+02
     945.0 6.6684e+02
     955.0 9.4498e+02
     965.0 1.2313e+03
     975.0 1.1223e+03
     985.0 1.7205e+03
     995.0 1.9077e+03
    1005.0 2.4161e+03
    1015.0 2.8087e+03
    1025.0 2.1595e+03
    1035.0 3.6337e+03
    1045.0 4.3288e+03
    1055.0 4.9517e+03
    1065.0 5.4417e+03
    1075.0 6.3890e+03
    1085.0 7.1875e+03
    1095.0 7.7909e+03
    1105.0 2.1999e+04
    1115.0 5.1643e+04
    1125.0 6.8636e+04
    1135.0 7.6787e+04
    1145.0 7.0403e+04
    1155.0 6.6681e+04
    1165.0 7.0498e+04
    1175.0 6.7957e+04
    1185.0 6.2724e+04
    1195.0 4.0534e+04
    1205.0 4.0550e+04
    1215.0 1.1316e+04
    1225.0 4.4327e+04
    1235.0 8.3654e+04
    1245.0 1.5929e+05
    1255.0 3.2000e+05
    1265.0 5.0845e+05
    1275.0 1.9135e+06
    1285.0 5.0771e+06
    1295.0 7.5439e+06
    1305.0 5.2599e+06
    1315.0 1.1546e+07
    1325.0 1.3982e+07
    1335.0 1.4076e+07
    1345.0 1.9582e+07
    1355.0 1.8177e+07
    1365.0 1.7969e+07
    1375.0 2.1229e+07
    1385.0 1.9542e+07
    1395.0 2.2553e+07
    1405.0 2.3005e+07
    1415.0 2.1495e+07
    1425.0 2.4413e+07
    1435.0 2.1523e+07
    1442.0 2.6044e+07
    1447.0 2.9404e+07
    1455.0 2.9597e+07
    1465.0 2.5020e+07
    1475.0 2.5459e+07
    1485.0 2.7652e+07
    1495.0 3.0910e+07
    1505.0 3.2036e+07
    1512.0 2.8110e+07
    1517.0 3.0494e+07
    1525.0 2.5771e+07
    1535.0 2.2704e+07
    1545.0 3.2930e+07
    1555.0 2.9290e+07
    1565.0 2.6175e+07
    1575.0 3.2790e+07
    1585.0 3.4764e+07
    1595.0 3.8336e+07
    1605.0 3.5798e+07
    1615.0 3.4340e+07
    1625.0 2.8878e+07
    1635.0 3.3514e+07
    1645.0 3.6910e+07
    1655.0 2.5612e+07
    1665.0 3.5842e+07
    1672.0 2.4051e+07
    1677.0 3.5041e+07
    1685.0 3.9140e+07
    1695.0 3.3166e+07
    1705.0 3.3071e+07
    1715.0 3.4158e+07
    1725.0 3.3437e+07
    1735.0 3.6084e+07
    1745.0 3.5325e+07
    1755.0 3.8871e+07
    1765.0 3.1804e+07
    1775.0 3.7030e+07
    1785.0 3.6737e+07
    1795.0 4.0977e+07
    1805.0 3.8647e+07
    1815.0 3.7349e+07
    1825.0 3.6220e+07
    1835.0 3.4263e+07
    1845.0 3.0684e+07
    1855.0 3.3518e+07
    1865.0 3.4373e+07
    1875.0 3.5235e+07
    1885.0 3.4930e+07
    1895.0 3.5598e+07
    1905.0 3.3308e+07
    1915.0 3.5479e+07
    1925.0 3.5629e+07
    1935.0 3.2636e+07
    1945.0 3.6390e+07
    1955.0 3.5862e+07
    1967.0 3.7471e+07
    1976.0 3.6516e+07
    1984.0 3.5461e+07
    1995.0 3.4107e+07
    2005.0 3.2873e+07
    2015.0 3.2429e+07
    2025.0 3.1144e+07
    2035.0 3.2953e+07
    2045.0 3.4811e+07
    2055.0 3.3309e+07
    2065.0 3.2537e+07
    2074.0 3.4429e+07
    2078.0 3.5158e+07
    2085.0 3.4536e+07
    2095.0 3.3142e+07
    2105.0 3.1474e+07
    2115.0 3.1606e+07
    2125.0 3.2531e+07
    2135.0 2.7728e+07
    2145.0 3.1093e+07
    2155.0 3.1038e+07
    2165.0 2.9012e+07
    2175.0 2.8594e+07
    2185.0 2.9187e+07
    2195.0 3.0912e+07
    2205.0 2.9473e+07
    2215.0 2.7033e+07
    2225.0 2.6718e+07
    2235.0 2.9912e+07
    2245.0 2.6767e+07
    2255.0 2.5988e+07
    2265.0 2.5899e+07
    2275.0 2.7224e+07
    2285.0 2.8365e+07
    2295.0 2.6456e+07
    2305.0 2.6340e+07
    2315.0 2.5419e+07
    2325.0 2.0445e+07
    2335.0 2.3886e+07
    2345.0 2.1700e+07
    2355.0 2.5233e+07
    2365.0 2.2019e+07
    2375.0 2.3343e+07
    2385.0 2.0405e+07
    2395.0 2.2495e+07
    2405.0 2.1396e+07
    2415.0 2.1774e+07
    2425.0 2.3553e+07
    2435.0 2.2288e+07
    2445.0 2.3911e+07
    2455.0 2.3040e+07
    2465.0 2.3150e+07
    2475.0 2.1886e+07
    2485.0 2.2817e+07
    2495.0 2.1826e+07
    2505.0 2.4652e+07
    2513.0 2.1647e+07
    2518.0 2.1523e+07
    2525.0 2.0031e+07
    2535.0 1.9762e+07
    2545.0 1.9755e+07
    2555.0 2.1860e+07
    2565.0 2.1671e+07
    2575.0 2.3276e+07
    2585.0 2.3437e+07
    2595.0 2.2936e+07
    2605.0 2.2018e+07
    2615.0 2.1552e+07
    2625.0 2.3320e+07
    2635.0 2.3212e+07
    2645.0 2.5814e+07
    2655.0 2.5501e+07
    2665.0 2.3385e+07
    2675.0 2.4400e+07
    2685.0 2.4402e+07
    2695.0 2.3065e+07
    2705.0 2.3583e+07
    2715.0 2.2304e+07
    2725.0 2.2496e+07
    2735.0 2.4111e+07
    2745.0 2.0498e+07
    2755.0 2.0776e+07
    2765.0 2.1551e+07
    2775.0 2.2487e+07
    2785.0 2.0393e+07
    2795.0 1.1866e+07
    2805.0 1.3836e+07
    2815.0 2.2245e+07
    2825.0 2.3486e+07
    2835.0 2.2873e+07
    2845.0 2.2045e+07
    2855.0 2.1465e+07
    2865.0 2.2966e+07
    2875.0 2.2371e+07
    2885.0 2.2764e+07
    2895.0 2.2077e+07
    2910.0 2.4031e+07
    2930.0 2.3020e+07
    2950.0 2.2902e+07
    2970.0 2.2989e+07
    2990.0 2.3111e+07
    3010.0 2.3335e+07
    3030.0 2.3028e+07
    3050.0 2.2894e+07
    3070.0 2.2686e+07
    3090.0 2.2820e+07
    3110.0 2.2280e+07
    3130.0 2.2216e+07
    3150.0 2.2273e+07
    3170.0 2.2017e+07
    3190.0 2.1141e+07
    3210.0 2.1611e+07
    3230.0 2.1115e+07
    3250.0 2.1310e+07
    3270.0 2.1431e+07
    3290.0 2.1437e+07
    3310.0 2.1453e+07
    3330.0 2.1055e+07
    3350.0 2.0751e+07
    3370.0 2.0664e+07
    3390.0 2.0410e+07
    3410.0 2.0553e+07
    3430.0 2.0426e+07
    3450.0 2.0251e+07
    3470.0 1.9998e+07
    3490.0 1.9897e+07
    3510.0 2.0022e+07
    3530.0 1.9911e+07
    3550.0 1.9868e+07
    3570.0 1.9486e+07
    3590.0 1.9335e+07
    3610.0 1.9213e+07
    3630.0 1.9148e+07
    3640.0 1.9061e+07
    3650.0 1.9379e+07
    3670.0 1.9169e+07
    3690.0 1.7720e+07
    3710.0 1.7242e+07
    3730.0 1.6868e+07
    3750.0 1.9519e+07
    3770.0 2.0131e+07
    3790.0 2.4085e+07
    3810.0 2.8277e+07
    3830.0 2.2653e+07
    3850.0 3.1843e+07
    3870.0 3.6983e+07
    3890.0 2.0002e+07
    3910.0 3.7501e+07
    3930.0 3.5801e+07
    3950.0 3.7030e+07
    3970.0 1.9021e+07
    3990.0 3.5764e+07
    4010.0 4.4439e+07
    4030.0 4.5601e+07
    4050.0 4.4750e+07
    4070.0 4.0554e+07
    4090.0 2.8122e+07
    4110.0 2.1453e+07
    4130.0 3.7388e+07
    4150.0 4.1972e+07
    4170.0 4.2729e+07
    4190.0 4.2274e+07
    4210.0 4.2002e+07
    4230.0 4.1016e+07
    4250.0 4.0644e+07
    4270.0 3.9245e+07
    4290.0 3.8521e+07
    4310.0 3.4194e+07
    4330.0 2.3339e+07
    4350.0 1.9988e+07
    4370.0 3.2822e+07
    4390.0 3.5809e+07
    4410.0 3.6330e+07
    4430.0 3.6088e+07
    4450.0 3.6425e+07
    4470.0 3.5985e+07
    4490.0 3.5065e+07
    4510.0 3.5244e+07
    4530.0 3.4629e+07
    4550.0 3.3943e+07
    4570.0 3.4066e+07
    4590.0 3.3411e+07
    4610.0 3.3348e+07
    4630.0 3.2562e+07
    4650.0 3.2460e+07
    4670.0 3.2056e+07
    4690.0 3.1064e+07
    4710.0 2.9985e+07
    4730.0 3.0728e+07
    4750.0 3.0321e+07
    4770.0 2.9736e+07
    4790.0 2.9059e+07
    4810.0 2.7838e+07
    4830.0 2.5249e+07
    4850.0 1.8256e+07
    4870.0 1.4921e+07
    4890.0 2.3254e+07
    4910.0 2.5925e+07
    4930.0 2.6253e+07
    4950.0 2.6482e+07
    4970.0 2.6507e+07
    4990.0 2.6069e+07
    5010.0 2.5493e+07
    5030.0 2.5523e+07
    5050.0 2.5025e+07
    5070.0 2.5042e+07
    5090.0 2.4763e+07
    5110.0 2.4477e+07
    5130.0 2.4164e+07
    5150.0 2.3769e+07
    5170.0 2.3186e+07
    5190.0 2.2990e+07
    5210.0 2.2973e+07
    5230.0 2.2508e+07
    5250.0 2.2554e+07
    5270.0 2.1895e+07
    5290.0 2.2000e+07
    5310.0 2.1631e+07
    5330.0 2.1283e+07
    5350.0 2.1271e+07
    5370.0 2.0938e+07
    5390.0 2.0746e+07
    5410.0 2.0400e+07
    5430.0 2.0262e+07
    5450.0 2.0093e+07
    5470.0 1.9879e+07
    5490.0 1.9694e+07
    5510.0 1.9477e+07
    5530.0 1.9207e+07
    5550.0 1.9053e+07
    5570.0 1.8816e+07
    5590.0 1.8631e+07
    5610.0 1.8465e+07
    5630.0 1.8284e+07
    5650.0 1.8080e+07
    5670.0 1.7867e+07
    5690.0 1.7708e+07
    5710.0 1.7518e+07
    5730.0 1.7352e+07
    5750.0 1.7137e+07
    5770.0 1.6990e+07
    5790.0 1.6805e+07
    5810.0 1.6640e+07
    5830.0 1.6476e+07
    5850.0 1.6304e+07
    5870.0 1.6113e+07
    5890.0 1.5835e+07
    5910.0 1.5800e+07
    5930.0 1.5646e+07
    5950.0 1.5463e+07
    5970.0 1.5319e+07
    5990.0 1.5140e+07
    6010.0 1.4976e+07
    6030.0 1.4871e+07
    6050.0 1.4723e+07
    6070.0 1.4591e+07
    6090.0 1.4440e+07
    6110.0 1.4285e+07
    6130.0 1.4121e+07
    6150.0 1.3855e+07
    6170.0 1.3854e+07
    6190.0 1.3752e+07
    6210.0 1.3617e+07
    6230.0 1.3468e+07
    6250.0 1.3253e+07
    6270.0 1.3226e+07
    6290.0 1.3094e+07
    6310.0 1.2939e+07
    6330.0 1.2839e+07
    6350.0 1.2589e+07
    6370.0 1.2498e+07
    6390.0 1.2443e+07
    6410.0 1.2284e+07
    6430.0 1.2173e+07
    6450.0 1.1959e+07
    6470.0 1.1868e+07
    6490.0 1.1630e+07
    6510.0 1.1321e+07
    6530.0 1.0642e+07
    6550.0 8.8577e+06
    6570.0 7.2398e+06
    6590.0 9.8357e+06
    6610.0 1.0655e+07
    6630.0 1.0866e+07
    6650.0 1.0885e+07
    6670.0 1.0844e+07
    6690.0 1.0779e+07
    6710.0 1.0702e+07
    6730.0 1.0598e+07
    6750.0 1.0515e+07
    6770.0 1.0445e+07
    6790.0 1.0349e+07
    6810.0 1.0258e+07
    6830.0 1.0157e+07
    6850.0 1.0069e+07
    6870.0 9.9853e+06
    6890.0 9.8844e+06
    6910.0 9.7947e+06
    6930.0 9.7032e+06
    6950.0 9.6177e+06
    6970.0 9.5305e+06
    6990.0 9.4515e+06
    7010.0 9.3415e+06
    7030.0 9.2642e+06
    7050.0 9.1875e+06
    7070.0 9.1116e+06
    7090.0 9.0341e+06
    7110.0 8.8576e+06
    7130.0 8.8528e+06
    7150.0 8.7728e+06
    7170.0 8.7006e+06
    7190.0 8.6268e+06
    7210.0 8.5559e+06
    7230.0 8.4720e+06
    7250.0 8.3842e+06
    7270.0 8.3291e+06
    7290.0 8.2473e+06
    7310.0 8.1821e+06
    7330.0 8.1085e+06
    7350.0 8.0444e+06
    7370.0 7.9743e+06
    7390.0 7.8983e+06
    7410.0 7.7858e+06
    7430.0 7.7287e+06
    7450.0 7.6787e+06
    7470.0 7.5882e+06
    7490.0 7.5456e+06
    7510.0 7.4884e+06
    7530.0 7.4318e+06
    7550.0 7.3777e+06
    7570.0 7.3116e+06
    7590.0 7.2460e+06
    7610.0 7.1852e+06
    7630.0 7.1250e+06
    7650.0 7.0632e+06
    7670.0 6.9958e+06
    7690.0 6.9392e+06
    7710.0 6.8790e+06
    7730.0 6.8314e+06
    7750.0 6.7723e+06
    7770.0 6.5706e+06
    7790.0 6.6594e+06
    7810.0 6.6037e+06
    7830.0 6.5426e+06
    7850.0 6.4782e+06
    7870.0 6.4066e+06
    7890.0 6.3453e+06
    7910.0 6.3151e+06
    7930.0 6.2738e+06
    7950.0 6.1948e+06
    7970.0 6.1827e+06
    7990.0 6.0672e+06
    8010.0 6.0781e+06
    8030.0 6.0255e+06
    8050.0 5.9808e+06
    8070.0 5.9310e+06
    8090.0 5.8852e+06
    8110.0 5.8398e+06
    8130.0 5.7966e+06
    8150.0 5.7519e+06
    8170.0 5.7058e+06
    8190.0 5.6172e+06
    8210.0 5.5970e+06
    8230.0 5.5486e+06
    8250.0 5.5199e+06
    8270.0 5.5178e+06
    8290.0 5.4720e+06
    8310.0 5.4336e+06
    8330.0 5.3608e+06
    8350.0 5.3438e+06
    8370.0 5.3029e+06
    8390.0 5.2316e+06
    8410.0 5.1678e+06
    8430.0 5.0910e+06
    8450.0 4.9695e+06
    8470.0 4.9594e+06
    8490.0 4.8829e+06
    8510.0 4.7639e+06
    8530.0 4.8174e+06
    8550.0 4.5127e+06
    8570.0 4.8264e+06
    8590.0 4.5553e+06
    8610.0 4.5131e+06
    8630.0 4.8239e+06
    8650.0 4.5741e+06
    8670.0 4.0537e+06
    8690.0 4.6432e+06
    8710.0 4.8369e+06
    8730.0 4.5599e+06
    8750.0 3.8420e+06
    8770.0 4.3500e+06
    8790.0 4.7694e+06
    8810.0 4.8235e+06
    8830.0 4.6202e+06
    8850.0 4.0680e+06
    8870.0 3.5925e+06
    8890.0 4.3577e+06
    8910.0 4.6524e+06
    8930.0 4.7398e+06
    8950.0 4.7456e+06
    8970.0 4.5874e+06
    8990.0 4.2361e+06
    9010.0 3.4256e+06
    9030.0 3.6751e+06
    9050.0 4.2665e+06
    9070.0 4.4241e+06
    9090.0 4.4613e+06
    9110.0 4.5558e+06
    9130.0 4.5503e+06
    9150.0 4.5032e+06
    9170.0 4.3852e+06
    9190.0 4.1659e+06
    9210.0 3.7421e+06
    9230.0 2.9996e+06
    9250.0 3.5921e+06
    9270.0 3.9492e+06
    9290.0 4.1962e+06
    9310.0 4.2626e+06
    9330.0 4.2719e+06
    9350.0 4.2660e+06
    9370.0 4.2464e+06
    9390.0 4.1930e+06
    9410.0 4.1020e+06
    9430.0 4.1319e+06
    9450.0 4.0862e+06
    9470.0 4.0155e+06
    9490.0 3.9014e+06
    9510.0 3.6914e+06
    9530.0 3.2706e+06
    9550.0 2.6967e+06
    9570.0 3.3074e+06
    9590.0 3.6327e+06
    9610.0 3.7474e+06
    9630.0 3.7629e+06
    9650.0 3.8194e+06
    9670.0 3.7870e+06
    9690.0 3.7905e+06
    9710.0 3.7864e+06
    9730.0 3.7607e+06
    9750.0 3.7377e+06
    9770.0 3.7186e+06
    9790.0 3.6922e+06
    9810.0 3.6647e+06
    9830.0 3.6324e+06
    9850.0 3.5991e+06
    9870.0 3.5710e+06
    9890.0 3.5296e+06
    9910.0 3.5166e+06
    9930.0 3.4794e+06
    9950.0 3.4412e+06
    9970.0 3.3888e+06
    9990.0 3.2995e+06
   10025.0 2.8828e+06
   10075.0 2.7373e+06
   10125.0 3.1688e+06
   10175.0 3.2142e+06
   10225.0 3.1852e+06
   10275.0 3.1417e+06
   10325.0 3.0934e+06
   10375.0 3.0458e+06
   10425.0 2.9957e+06
   10475.0 2.9311e+06
   10525.0 2.8903e+06
   10575.0 2.8491e+06
   10625.0 2.8054e+06
   10675.0 2.7192e+06
   10725.0 2.6960e+06
   10775.0 2.6524e+06
   10825.0 2.5901e+06
   10875.0 2.4649e+06
   10925.0 2.0195e+06
   10975.0 2.2072e+06
   11025.0 2.4072e+06
   11075.0 2.4197e+06
   11125.0 2.3961e+06
   11175.0 2.3641e+06
   11225.0 2.3336e+06
   11275.0 2.2677e+06
   11325.0 2.2374e+06
   11375.0 2.2271e+06
   11425.0 2.1911e+06
   11475.0 2.1675e+06
   11525.0 2.1370e+06
   11575.0 2.1051e+06
   11625.0 2.0604e+06
   11675.0 2.0199e+06
   11725.0 2.0141e+06
   11775.0 1.9555e+06
   11825.0 1.9459e+06
   11875.0 1.9100e+06
   11925.0 1.9007e+06
   11975.0 1.8640e+06
   12025.0 1.8444e+06
   12075.0 1.8135e+06
   12125.0 1.7912e+06
   12175.0 1.7676e+06
   12225.0 1.7412e+06
   12275.0 1.7159e+06
   12325.0 1.6925e+06
   12375.0 1.6695e+06
   12425.0 1.6498e+06
   12475.0 1.6220e+06
   12525.0 1.5999e+06
   12575.0 1.5667e+06
   12625.0 1.5476e+06
   12675.0 1.5227e+06
   12725.0 1.4797e+06
   12775.0 1.3770e+06
   12825.0 1.1731e+06
   12875.0 1.3615e+06
   12925.0 1.4069e+06
   12975.0 1.4054e+06
   13025.0 1.3918e+06
   13075.0 1.3776e+06
   13125.0 1.3609e+06
   13175.0 1.3395e+06
   13225.0 1.3253e+06
   13275.0 1.3079e+06
   13325.0 1.2913e+06
   13375.0 1.2736e+06
   13425.0 1.2575e+06
   13475.0 1.2409e+06
   13525.0 1.2226e+06
   13575.0 1.2071e+06
   13625.0 1.1924e+06
   13675.0 1.1760e+06
   13725.0 1.1560e+06
   13775.0 1.1464e+06
   13825.0 1.1318e+06
   13875.0 1.1187e+06
   13925.0 1.1014e+06
   13975.0 1.0893e+06
   14025.0 1.0754e+06
   14075.0 1.0629e+06
   14125.0 1.0488e+06
   14175.0 1.0361e+06
   14225.0 1.0235e+06
   14275.0 1.0098e+06
   14325.0 9.9753e+05
   14375.0 9.8596e+05
   14425.0 9.6242e+05
   14475.0 9.6036e+05
   14525.0 9.4410e+05
   14570.0 9.3828e+05
   14620.0 9.2682e+05
   14675.0 9.1543e+05
   14725.0 9.0425e+05
   14775.0 8.9100e+05
   14825.0 8.8227e+05
   14875.0 8.6876e+05
   14925.0 8.6295e+05
   14975.0 8.5185e+05
   15025.0 8.3982e+05
   15075.0 8.2950e+05
   15125.0 8.2088e+05
   15175.0 8.0871e+05
   15225.0 7.9720e+05
   15275.0 7.8788e+05
   15325.0 7.7611e+05
   15375.0 7.6549e+05
   15425.0 7.5298e+05
   15475.0 7.4611e+05
   15525.0 7.3385e+05
   15575.0 7.2272e+05
   15625.0 7.2253e+05
   15675.0 7.0231e+05
   15725.0 6.9203e+05
   15775.0 7.0066e+05
   15825.0 6.8858e+05
   15875.0 6.5379e+05
   15925.0 6.6861e+05
   15975.0 6.8463e+05
   16050.0 6.5404e+05
   16150.0 6.2114e+05
   16250.0 6.4395e+05
   16350.0 6.0469e+05
   16450.0 5.7343e+05
   16550.0 6.0549e+05
   16650.0 5.9348e+05
   16750.0 5.4966e+05
   16850.0 5.1866e+05
   16950.0 5.5513e+05
   17050.0 5.4822e+05
   17150.0 5.3655e+05
   17250.0 5.1382e+05
   17350.0 4.5055e+05
   17450.0 4.8163e+05
   17550.0 4.8979e+05
   17650.0 4.8233e+05
   17750.0 4.7348e+05
   17850.0 4.6330e+05
   17950.0 4.5294e+05
   18050.0 4.3579e+05
   18150.0 3.8368e+05
   18250.0 4.0253e+05
   18350.0 4.1454e+05
   18450.0 4.0864e+05
   18550.0 3.9937e+05
   18650.0 3.8372e+05
   18750.0 3.3584e+05
   18850.0 3.6617e+05
   18950.0 3.6833e+05
   19050.0 3.6381e+05
   19150.0 3.5643e+05
   19250.0 3.4788e+05
   19350.0 3.3212e+05
   19450.0 2.9277e+05
   19550.0 3.1971e+05
   19650.0 3.2237e+05
   19750.0 3.1758e+05
   19850.0 3.1286e+05
   19950.0 3.0702e+05
   20050.0 3.0128e+05
   20150.0 2.9594e+05
   20250.0 2.9027e+05
   20350.0 2.8488e+05
   20450.0 2.7980e+05
   20550.0 2.7467e+05
   20650.0 2.6955e+05
   20750.0 2.6475e+05
   20850.0 2.6004e+05
   20950.0 2.5538e+05
   21050.0 2.5077e+05
   21150.0 2.4591e+05
   21250.0 2.4142e+05
   21350.0 2.3672e+05
   21450.0 2.3167e+05
   21550.0 2.2276e+05
   21650.0 1.9756e+05
   21750.0 2.1248e+05
   21850.0 2.1568e+05
   21950.0 2.1348e+05
   22050.0 2.1031e+05
   22150.0 2.0673e+05
   22250.0 2.0352e+05
   22350.0 2.0012e+05
   22450.0 1.9677e+05
   22550.0 1.9338e+05
   22650.0 1.9027e+05
   22750.0 1.8714e+05
   22850.0 1.8479e+05
   22950.0 1.8439e+05
   23050.0 1.8142e+05
   23150.0 1.7829e+05
   23250.0 1.7516e+05
   23350.0 1.7197e+05
   23450.0 1.6885e+05
   23550.0 1.6582e+05
   23650.0 1.6288e+05
   23750.0 1.6002e+05
   23850.0 1.5723e+05
   23950.0 1.5456e+05
   24050.0 1.5197e+05
   24150.0 1.4934e+05
   24250.0 1.4668e+05
   24350.0 1.4449e+05
   24450.0 1.4186e+05
   24550.0 1.3985e+05
   24650.0 1.3732e+05
   24750.0 1.3555e+05
   24850.0 1.3335e+05
   24950.0 1.3121e+05
   25050.0 1.3106e+05
   25150.0 1.2791e+05
   25250.0 1.2453e+05
   25350.0 1.2348e+05
   25450.0 1.2227e+05
   25550.0 1.1940e+05
   25650.0 1.1623e+05
   25750.0 1.1631e+05
   25850.0 1.1541e+05
   25950.0 1.1342e+05
   26050.0 1.0956e+05
   26150.0 1.0502e+05
   26250.0 9.6847e+04
   26350.0 1.0371e+05
   26450.0 1.0538e+05
   26550.0 1.0427e+05
   26650.0 1.0134e+05
   26750.0 9.6880e+04
   26850.0 9.8622e+04
   26950.0 9.8965e+04
   27050.0 9.8087e+04
   27150.0 9.6861e+04
   27250.0 9.5441e+04
   27350.0 9.3718e+04
   27450.0 9.1207e+04
   27550.0 8.5948e+04
   27650.0 8.6535e+04
   27750.0 8.8140e+04
   27850.0 8.7709e+04
   27950.0 8.6775e+04
   28050.0 8.5685e+04
   28150.0 8.4548e+04
   28250.0 8.3379e+04
   28350.0 8.2180e+04
   28450.0 8.0789e+04
   28550.0 7.9076e+04
   28650.0 7.5691e+04
   28750.0 7.1727e+04
   28850.0 7.5006e+04
   28950.0 7.5304e+04
   29050.0 7.4772e+04
   29150.0 7.3879e+04
   29250.0 7.3122e+04
   29350.0 7.2179e+04
   29450.0 7.1248e+04
   29550.0 7.0327e+04
   29650.0 6.9417e+04
   29750.0 6.8517e+04
   29850.0 6.7642e+04
   29950.0 6.6643e+04
   30050.0 6.5669e+04
   30150.0 6.4521e+04
   30250.0 6.2864e+04
   30350.0 5.8518e+04
   30450.0 5.8781e+04
   30550.0 6.0774e+04
   30650.0 6.0723e+04
   30750.0 6.0202e+04
   30850.0 5.9548e+04
   30950.0 5.8901e+04
   31050.0 5.8173e+04
   31150.0 5.7430e+04
   31250.0 5.6719e+04
   31350.0 5.6065e+04
   31450.0 5.5345e+04
   31550.0 5.4706e+04
   31650.0 5.4061e+04
   31750.0 5.3388e+04
   31850.0 5.2758e+04
   31950.0 5.2135e+04
   32100.0 5.1195e+04
   32300.0 4.9988e+04
   32500.0 4.8750e+04
   32700.0 4.7247e+04
   32900.0 4.3351e+04
   33100.0 4.4197e+04
   33300.0 4.4511e+04
   33500.0 4.3661e+04
   33700.0 4.2627e+04
   33900.0 4.1655e+04
   34100.0 4.0694e+04
   34300.0 3.9772e+04
   34500.0 3.8879e+04
   34700.0 3.7994e+04
   34900.0 3.7137e+04
   35100.0 3.6296e+04
   35300.0 3.5482e+04
   35500.0 3.4712e+04
   35700.0 3.3929e+04
   35900.0 3.3180e+04
   36100.0 3.2473e+04
   36300.0 3.1752e+04
   36500.0 3.1081e+04
   36700.0 3.0422e+04
   36900.0 2.9697e+04
   37100.0 2.9029e+04
   37300.0 2.7426e+04
   37500.0 2.6589e+04
   37700.0 2.7294e+04
   37900.0 2.6882e+04
   38100.0 2.6196e+04
   38300.0 2.5718e+04
   38500.0 2.5379e+04
   38700.0 2.4869e+04
   38900.0 2.4226e+04
   39100.0 2.3579e+04
   39300.0 2.3386e+04
   39500.0 2.3042e+04
   39700.0 2.2666e+04
   39900.0 2.2206e+04
   40100.0 2.1351e+04
   40300.0 2.0814e+04
   40500.0 1.9571e+04
   40700.0 2.0255e+04
   40900.0 2.0101e+04
   41100.0 1.9757e+04
   41300.0 1.9355e+04
   41500.0 1.8841e+04
   41700.0 1.8096e+04
   41900.0 1.8135e+04
   42100.0 1.7963e+04
   42300.0 1.7700e+04
   42500.0 1.7394e+04
   42700.0 1.7080e+04
   42900.0 1.6765e+04
   43100.0 1.6468e+04
   43300.0 1.6124e+04
   43500.0 1.5735e+04
   43700.0 1.5008e+04
   43900.0 1.4971e+04
   44100.0 1.4971e+04
   44300.0 1.4775e+04
   44500.0 1.4540e+04
   44700.0 1.4338e+04
   44900.0 1.4097e+04
   45100.0 1.3855e+04
   45300.0 1.3616e+04
   45500.0 1.3380e+04
   45700.0 1.3154e+04
   45900.0 1.2898e+04
   46100.0 1.2645e+04
   46300.0 1.2301e+04
   46500.0 1.1397e+04
   46700.0 1.1365e+04
   46900.0 1.1612e+04
   47100.0 1.1611e+04
   47300.0 1.1470e+04
   47500.0 1.1305e+04
   47700.0 1.1131e+04
   47900.0 1.0949e+04
   48100.0 1.0776e+04
   48300.0 1.0604e+04
   48500.0 1.0430e+04
   48700.0 1.0264e+04
   48900.0 1.0100e+04
   49100.0 9.9433e+03
   49300.0 9.7838e+03
   49500.0 9.6315e+03
   49700.0 9.4814e+03
   49900.0 9.3333e+03
   50100.0 9.1872e+03
   50300.0 9.0432e+03
   50500.0 8.9059e+03
   50700.0 8.7565e+03
   50900.0 8.5860e+03
   51100.0 8.3260e+03
   51300.0 7.8602e+03
   51500.0 8.1067e+03
   51700.0 8.0890e+03
   51900.0 7.9912e+03
   52100.0 7.8813e+03
   52300.0 7.7686e+03
   52500.0 7.6486e+03
   52700.0 7.5388e+03
   52900.0 7.4262e+03
   53100.0 7.3151e+03
   53300.0 7.2097e+03
   53500.0 7.1056e+03
   53700.0 6.9987e+03
   53900.0 6.9014e+03
   54100.0 6.8013e+03
   54300.0 6.7025e+03
   54500.0 6.6090e+03
   54700.0 6.5167e+03
   54900.0 6.4255e+03
   55100.0 6.3316e+03
   55300.0 6.2427e+03
   55500.0 6.1550e+03
   55700.0 6.0645e+03
   55900.0 5.9828e+03
   56100.0 5.9021e+03
   56300.0 5.8148e+03
   56500.0 5.7362e+03
   56700.0 5.6585e+03
   56900.0 5.5817e+03
   57100.0 5.5022e+03
   57300.0 5.4310e+03
   57500.0 5.3570e+03
   57700.0 5.2840e+03
   57900.0 5.2117e+03
   58100.0 5.1440e+03
   58300.0 5.0734e+03
   58500.0 5.0003e+03
   58700.0 4.9140e+03
   58900.0 4.7667e+03
   59100.0 4.4976e+03
   59300.0 4.6685e+03
   59500.0 4.6642e+03
   59700.0 4.6229e+03
   59900.0 4.5721e+03
   60100.0 4.5118e+03
   60300.0 4.4523e+03
   60500.0 4.3934e+03
   60700.0 4.3384e+03
   60900.0 4.2841e+03
   61100.0 4.2272e+03
   61300.0 4.1741e+03
   61500.0 4.1217e+03
   61700.0 4.0698e+03
   61900.0 4.0185e+03
   62100.0 3.9647e+03
   62300.0 3.9176e+03
   62500.0 3.8680e+03
   62700.0 3.8190e+03
   62900.0 3.7735e+03
   63100.0 3.7256e+03
   63300.0 3.6781e+03
   63500.0 3.6342e+03
   63700.0 3.5907e+03
   63900.0 3.5477e+03
   64200.0 3.4797e+03
   64600.0 3.3965e+03
   65000.0 3.3123e+03
   65400.0 3.2354e+03
   65800.0 3.1602e+03
   66200.0 3.0811e+03
   66600.0 3.0090e+03
   67000.0 2.9412e+03
   67400.0 2.8694e+03
   67800.0 2.8043e+03
   68200.0 2.7406e+03
   68600.0 2.6782e+03
   69000.0 2.6170e+03
   69400.0 2.5595e+03
   69800.0 2.5007e+03
   70200.0 2.4455e+03
   70600.0 2.3914e+03
   71000.0 2.3391e+03
   71400.0 2.2876e+03
   71800.0 2.2377e+03
   72200.0 2.1888e+03
   72600.0 2.1420e+03
   73000.0 2.0964e+03
   73400.0 2.0515e+03
   73800.0 2.0051e+03
   74200.0 1.9498e+03
   74600.0 1.8318e+03
   75000.0 1.7931e+03
   75400.0 1.8277e+03
   75800.0 1.8045e+03
   76200.0 1.7701e+03
   76600.0 1.7341e+03
   77000.0 1.6987e+03
   77400.0 1.6644e+03
   77800.0 1.6311e+03
   78200.0 1.5984e+03
   78600.0 1.5666e+03
   79000.0 1.5356e+03
   79400.0 1.5053e+03
   79800.0 1.4758e+03
   80200.0 1.4469e+03
   80600.0 1.4188e+03
   81000.0 1.3913e+03
   81400.0 1.3644e+03
   81800.0 1.3384e+03
   82200.0 1.3128e+03
   82600.0 1.2878e+03
   83000.0 1.2636e+03
   83400.0 1.2398e+03
   83800.0 1.2163e+03
   84200.0 1.1940e+03
   84600.0 1.1718e+03
   85000.0 1.1502e+03
   85400.0 1.1291e+03
   85800.0 1.1083e+03
   86200.0 1.0882e+03
   86600.0 1.0686e+03
   87000.0 1.0491e+03
   87400.0 1.0304e+03
   87800.0 1.0119e+03
   88200.0 9.9396e+02
   88600.0 9.7630e+02
   89000.0 9.5906e+02
   89400.0 9.4225e+02
   89800.0 9.2569e+02
   90200.0 9.0954e+02
   90600.0 8.9379e+02
   91000.0 8.7842e+02
   91400.0 8.6328e+02
   91800.0 8.4852e+02
   92200.0 8.3412e+02
   92600.0 8.1979e+02
   93000.0 8.0596e+02
   93400.0 7.9248e+02
   93800.0 7.7919e+02
   94200.0 7.6610e+02
   94600.0 7.5334e+02
   95000.0 7.4089e+02
   95400.0 7.2877e+02
   95800.0 7.1681e+02
   96200.0 7.0490e+02
   96600.0 6.9355e+02
   97000.0 6.8224e+02
   97400.0 6.7121e+02
   97800.0 6.6046e+02
   98200.0 6.4987e+02
   98600.0 6.3955e+02
   99000.0 6.2938e+02
   99400.0 6.1935e+02
   99800.0 6.0958e+02
  100200.0 6.0006e+02
  200000.0 3.8313e+01
  400000.0 2.3796e+00
  600000.0 4.6568e-01
  800000.0 1.4613e-01
 1000000.0 5.9431e-02
 1200000.0 2.8480e-02
 1400000.0 1.5289e-02
 1600000.0 8.9141e-03
