      91.0 0.0000e+00
      94.0 0.0000e+00
      96.0 0.0000e+00
      98.0 0.0000e+00
     100.0 0.0000e+00
     102.0 0.0000e+00
     104.0 0.0000e+00
     106.0 0.0000e+00
     108.0 0.0000e+00
     110.0 0.0000e+00
     114.0 0.0000e+00
     118.0 0.0000e+00
     121.0 0.0000e+00
     125.0 0.0000e+00
     127.0 0.0000e+00
     128.0 0.0000e+00
     131.0 0.0000e+00
     132.0 0.0000e+00
     134.0 0.0000e+00
     137.0 0.0000e+00
     140.0 0.0000e+00
     143.0 0.0000e+00
     147.0 0.0000e+00
     151.0 0.0000e+00
     155.0 0.0000e+00
     159.0 0.0000e+00
     162.0 0.0000e+00
     166.0 0.0000e+00
     170.0 0.0000e+00
     173.0 0.0000e+00
     177.0 0.0000e+00
     180.0 0.0000e+00
     182.0 0.0000e+00
     186.0 0.0000e+00
     191.0 0.0000e+00
     194.0 0.0000e+00
     198.0 0.0000e+00
     202.0 0.0000e+00
     205.0 0.0000e+00
     210.0 0.0000e+00
     216.0 0.0000e+00
     220.0 0.0000e+00
     223.0 0.0000e+00
     227.0 0.0000e+00
     230.0 2.0186e-07
     234.0 5.0546e-07
     240.0 1.3972e-06
     246.0 3.9691e-06
     252.0 9.8061e-06
     257.0 1.7780e-05
     260.0 3.0370e-05
     264.0 5.2391e-05
     269.0 9.4676e-05
     274.0 1.7858e-04
     279.0 3.3260e-04
     284.0 6.6592e-04
     290.0 1.3121e-03
     296.0 2.5225e-03
     301.0 4.2394e-03
     308.0 8.6338e-03
     318.0 2.3503e-02
     328.0 5.6077e-02
     338.0 1.3383e-01
     348.0 2.9538e-01
     357.0 8.5951e-01
     366.0 1.6722e+00
     375.0 2.9104e+00
     385.0 5.3945e+00
     395.0 9.9377e+00
     405.0 1.7129e+01
     414.0 2.7832e+01
     422.0 4.1655e+01
     430.0 6.2669e+01
     441.0 1.0495e+02
     451.0 1.6160e+02
     460.0 2.3400e+02
     470.0 3.5508e+02
     480.0 5.2255e+02
     490.0 7.6565e+02
     500.0 1.0927e+03
     506.0 1.6304e+04
     512.0 1.8403e+05
     520.0 2.2445e+05
     530.0 2.9362e+05
     540.0 3.0909e+05
     550.0 5.3041e+05
     560.0 6.4585e+05
     570.0 8.2934e+05
     580.0 7.8032e+05
     590.0 1.1082e+06
     600.0 1.3790e+06
     610.0 1.7190e+06
     620.0 1.9444e+06
     630.0 2.2461e+06
     640.0 2.3462e+06
     650.0 2.8071e+06
     658.0 3.2571e+06
     665.0 3.4737e+06
     675.0 3.5689e+06
     685.0 3.8667e+06
     695.0 4.9702e+06
     705.0 5.2404e+06
     716.0 6.0139e+06
     726.0 6.4728e+06
     735.0 6.8324e+06
     745.0 8.0157e+06
     755.0 8.8587e+06
     765.0 9.7802e+06
     775.0 1.0743e+07
     785.0 1.1738e+07
     795.0 1.2430e+07
     805.0 1.3274e+07
     815.0 1.3981e+07
     825.0 1.5552e+07
     835.0 1.3534e+07
     845.0 1.6811e+07
     855.0 1.7585e+07
     865.0 1.9120e+07
     875.0 2.0863e+07
     885.0 2.3058e+07
     895.0 2.4566e+07
     905.0 2.4349e+07
     915.0 5.0919e+07
     925.0 7.0076e+08
     935.0 1.4773e+09
     945.0 2.3164e+09
     955.0 2.8059e+09
     965.0 2.5214e+09
     975.0 3.7036e+08
     985.0 1.4078e+09
     995.0 1.8568e+09
    1005.0 3.0180e+09
    1015.0 3.0904e+09
    1025.0 2.1093e+09
    1035.0 2.1896e+09
    1045.0 3.8643e+09
    1055.0 3.5242e+09
    1065.0 2.7129e+09
    1075.0 3.2002e+09
    1085.0 2.4213e+09
    1095.0 3.4414e+09
    1105.0 3.0750e+09
    1115.0 2.9033e+09
    1125.0 2.3375e+09
    1135.0 3.2497e+09
    1145.0 2.9992e+09
    1155.0 3.0779e+09
    1165.0 3.0182e+09
    1175.0 1.6042e+09
    1185.0 2.9650e+09
    1195.0 2.5536e+09
    1205.0 1.4502e+09
    1215.0 1.7733e+09
    1225.0 2.6906e+09
    1235.0 3.0930e+09
    1245.0 3.0876e+09
    1255.0 2.9373e+09
    1265.0 2.9196e+09
    1275.0 3.0967e+09
    1285.0 3.0553e+09
    1295.0 2.2846e+09
    1305.0 2.4891e+09
    1315.0 2.9764e+09
    1325.0 2.7493e+09
    1335.0 2.5023e+09
    1345.0 2.7768e+09
    1355.0 2.7014e+09
    1365.0 2.4251e+09
    1375.0 2.3849e+09
    1385.0 2.3274e+09
    1395.0 1.6096e+09
    1405.0 1.7720e+09
    1415.0 2.1016e+09
    1425.0 2.0976e+09
    1435.0 2.1756e+09
    1442.0 2.2249e+09
    1447.0 2.1746e+09
    1455.0 2.1100e+09
    1465.0 1.9098e+09
    1475.0 1.9716e+09
    1485.0 1.9571e+09
    1495.0 1.9170e+09
    1505.0 1.7365e+09
    1512.0 1.4928e+09
    1517.0 1.5664e+09
    1525.0 1.6433e+09
    1535.0 1.3645e+09
    1545.0 1.3217e+09
    1555.0 1.3033e+09
    1565.0 1.4326e+09
    1575.0 1.5382e+09
    1585.0 1.5661e+09
    1595.0 1.5456e+09
    1605.0 1.5846e+09
    1615.0 1.5747e+09
    1625.0 1.5209e+09
    1635.0 1.6441e+09
    1645.0 1.6414e+09
    1655.0 1.6054e+09
    1665.0 1.6662e+09
    1672.0 1.5837e+09
    1677.0 1.7099e+09
    1685.0 1.6903e+09
    1695.0 1.5740e+09
    1705.0 1.5391e+09
    1715.0 1.4311e+09
    1725.0 1.4306e+09
    1735.0 1.5158e+09
    1745.0 1.4583e+09
    1755.0 1.4939e+09
    1765.0 1.4605e+09
    1775.0 1.3637e+09
    1785.0 1.4068e+09
    1795.0 1.4675e+09
    1805.0 1.4925e+09
    1815.0 1.2781e+09
    1825.0 1.3660e+09
    1835.0 1.3155e+09
    1845.0 1.1830e+09
    1855.0 1.1647e+09
    1865.0 1.1929e+09
    1875.0 1.3047e+09
    1885.0 1.1333e+09
    1895.0 1.0359e+09
    1905.0 1.1754e+09
    1915.0 1.0640e+09
    1925.0 1.0165e+09
    1935.0 1.1033e+09
    1945.0 1.1256e+09
    1955.0 1.0028e+09
    1967.0 1.1210e+09
    1976.0 1.1637e+09
    1984.0 1.0794e+09
    1995.0 1.0536e+09
    2005.0 1.1174e+09
    2015.0 1.0922e+09
    2025.0 1.1402e+09
    2035.0 1.0196e+09
    2045.0 1.0578e+09
    2055.0 1.0228e+09
    2065.0 1.0169e+09
    2074.0 1.1070e+09
    2078.0 9.5087e+08
    2085.0 1.0333e+09
    2095.0 9.7075e+08
    2105.0 1.0062e+09
    2115.0 1.0165e+09
    2125.0 1.0235e+09
    2135.0 1.0100e+09
    2145.0 9.4453e+08
    2155.0 9.9982e+08
    2165.0 1.0037e+09
    2175.0 9.9394e+08
    2185.0 9.4718e+08
    2195.0 9.7541e+08
    2205.0 9.7028e+08
    2215.0 9.4761e+08
    2225.0 9.2240e+08
    2235.0 9.1776e+08
    2245.0 9.2911e+08
    2255.0 8.9448e+08
    2265.0 9.1418e+08
    2275.0 9.0292e+08
    2285.0 9.0835e+08
    2295.0 8.4399e+08
    2305.0 8.7821e+08
    2315.0 8.4111e+08
    2325.0 6.9213e+08
    2335.0 7.9377e+08
    2345.0 8.0489e+08
    2355.0 8.0888e+08
    2365.0 7.9863e+08
    2375.0 7.8724e+08
    2385.0 7.7833e+08
    2395.0 7.7896e+08
    2405.0 7.5611e+08
    2415.0 7.5727e+08
    2425.0 7.5878e+08
    2435.0 7.3234e+08
    2445.0 7.4181e+08
    2455.0 7.4652e+08
    2465.0 7.2626e+08
    2475.0 7.1590e+08
    2485.0 7.0821e+08
    2495.0 6.1971e+08
    2505.0 6.8969e+08
    2513.0 6.5663e+08
    2518.0 6.8712e+08
    2525.0 6.7128e+08
    2535.0 6.6226e+08
    2545.0 6.4318e+08
    2555.0 6.5745e+08
    2565.0 6.4905e+08
    2575.0 6.5469e+08
    2585.0 6.4533e+08
    2595.0 6.3894e+08
    2605.0 6.3333e+08
    2615.0 6.2341e+08
    2625.0 6.1954e+08
    2635.0 6.1675e+08
    2645.0 6.1758e+08
    2655.0 6.1702e+08
    2665.0 5.9079e+08
    2675.0 5.9761e+08
    2685.0 5.9383e+08
    2695.0 5.7407e+08
    2705.0 5.6410e+08
    2715.0 5.6435e+08
    2725.0 5.6231e+08
    2735.0 5.6141e+08
    2745.0 5.4142e+08
    2755.0 5.4065e+08
    2765.0 5.3894e+08
    2775.0 5.4379e+08
    2785.0 5.3479e+08
    2795.0 5.1562e+08
    2805.0 5.2231e+08
    2815.0 5.2300e+08
    2825.0 5.1735e+08
    2835.0 4.9475e+08
    2845.0 5.0047e+08
    2855.0 4.9358e+08
    2865.0 4.9745e+08
    2875.0 4.9153e+08
    2885.0 4.8712e+08
    2895.0 4.7861e+08
    2910.0 4.7156e+08
    2930.0 4.6459e+08
    2950.0 4.5101e+08
    2970.0 4.4618e+08
    2990.0 4.3768e+08
    3010.0 4.2209e+08
    3030.0 4.2306e+08
    3050.0 4.1599e+08
    3070.0 4.0906e+08
    3090.0 3.9549e+08
    3110.0 3.9228e+08
    3130.0 3.8361e+08
    3150.0 3.7827e+08
    3170.0 3.6850e+08
    3190.0 3.6130e+08
    3210.0 3.5728e+08
    3230.0 3.5011e+08
    3250.0 3.4491e+08
    3270.0 3.3734e+08
    3290.0 3.3125e+08
    3310.0 3.2584e+08
    3330.0 3.1967e+08
    3350.0 3.1404e+08
    3370.0 3.0864e+08
    3390.0 3.0376e+08
    3410.0 2.9855e+08
    3430.0 2.8886e+08
    3450.0 2.8583e+08
    3470.0 2.8234e+08
    3490.0 2.7724e+08
    3510.0 2.7283e+08
    3530.0 2.6917e+08
    3550.0 2.6462e+08
    3570.0 2.6101e+08
    3590.0 2.5373e+08
    3610.0 2.4909e+08
    3630.0 2.4644e+08
    3640.0 2.4618e+08
    3650.0 2.4312e+08
    3670.0 2.3665e+08
    3690.0 2.2229e+08
    3710.0 2.3279e+08
    3730.0 2.3220e+08
    3750.0 2.5199e+08
    3770.0 2.4940e+08
    3790.0 2.5312e+08
    3810.0 2.6154e+08
    3830.0 2.3626e+08
    3850.0 2.5905e+08
    3870.0 2.5261e+08
    3890.0 2.2546e+08
    3910.0 2.5077e+08
    3930.0 2.4108e+08
    3950.0 2.4103e+08
    3970.0 2.0916e+08
    3990.0 2.3320e+08
    4010.0 2.2999e+08
    4030.0 2.2092e+08
    4050.0 2.2254e+08
    4070.0 2.1472e+08
    4090.0 2.0724e+08
    4110.0 1.8990e+08
    4130.0 2.0423e+08
    4150.0 2.0283e+08
    4170.0 2.0123e+08
    4190.0 1.9931e+08
    4210.0 1.9736e+08
    4230.0 1.9315e+08
    4250.0 1.8901e+08
    4270.0 1.8343e+08
    4290.0 1.8257e+08
    4310.0 1.7791e+08
    4330.0 1.6988e+08
    4350.0 1.5748e+08
    4370.0 1.6954e+08
    4390.0 1.6813e+08
    4410.0 1.6685e+08
    4430.0 1.6425e+08
    4450.0 1.6241e+08
    4470.0 1.5676e+08
    4490.0 1.5751e+08
    4510.0 1.5623e+08
    4530.0 1.5363e+08
    4550.0 1.5153e+08
    4570.0 1.4917e+08
    4590.0 1.4679e+08
    4610.0 1.4360e+08
    4630.0 1.4175e+08
    4650.0 1.3809e+08
    4670.0 1.3785e+08
    4690.0 1.3678e+08
    4710.0 1.3200e+08
    4730.0 1.3164e+08
    4750.0 1.2968e+08
    4770.0 1.2960e+08
    4790.0 1.2737e+08
    4810.0 1.2496e+08
    4830.0 1.2332e+08
    4850.0 1.1919e+08
    4870.0 1.0861e+08
    4890.0 1.1850e+08
    4910.0 1.1699e+08
    4930.0 1.1353e+08
    4950.0 1.1340e+08
    4970.0 1.1248e+08
    4990.0 1.1062e+08
    5010.0 1.0611e+08
    5030.0 1.0745e+08
    5050.0 1.0486e+08
    5070.0 1.0464e+08
    5090.0 1.0322e+08
    5110.0 1.0158e+08
    5130.0 9.9289e+07
    5150.0 9.8339e+07
    5170.0 9.7759e+07
    5190.0 9.6517e+07
    5210.0 9.4850e+07
    5230.0 9.3863e+07
    5250.0 9.2714e+07
    5270.0 9.1278e+07
    5290.0 9.0375e+07
    5310.0 8.9015e+07
    5330.0 8.7926e+07
    5350.0 8.6641e+07
    5370.0 8.5747e+07
    5390.0 8.4617e+07
    5410.0 8.3624e+07
    5430.0 8.2358e+07
    5450.0 8.1311e+07
    5470.0 8.0236e+07
    5490.0 7.9255e+07
    5510.0 7.8443e+07
    5530.0 7.7289e+07
    5550.0 7.6499e+07
    5570.0 7.5448e+07
    5590.0 7.4641e+07
    5610.0 7.3614e+07
    5630.0 7.2790e+07
    5650.0 7.1449e+07
    5670.0 7.0311e+07
    5690.0 6.9337e+07
    5710.0 6.8962e+07
    5730.0 6.8153e+07
    5750.0 6.7208e+07
    5770.0 6.6707e+07
    5790.0 6.5853e+07
    5810.0 6.5081e+07
    5830.0 6.4141e+07
    5850.0 6.3493e+07
    5870.0 6.1286e+07
    5890.0 6.1424e+07
    5910.0 6.1078e+07
    5930.0 6.0189e+07
    5950.0 5.9412e+07
    5970.0 5.9149e+07
    5990.0 5.8154e+07
    6010.0 5.7701e+07
    6030.0 5.6923e+07
    6050.0 5.6285e+07
    6070.0 5.5752e+07
    6090.0 5.5063e+07
    6110.0 5.4446e+07
    6130.0 5.3868e+07
    6150.0 5.2948e+07
    6170.0 5.2479e+07
    6190.0 5.1984e+07
    6210.0 5.1432e+07
    6230.0 5.0855e+07
    6250.0 5.0162e+07
    6270.0 4.9659e+07
    6290.0 4.9132e+07
    6310.0 4.8550e+07
    6330.0 4.8064e+07
    6350.0 4.7286e+07
    6370.0 4.6871e+07
    6390.0 4.6402e+07
    6410.0 4.5909e+07
    6430.0 4.5449e+07
    6450.0 4.4909e+07
    6470.0 4.4316e+07
    6490.0 4.3816e+07
    6510.0 4.3434e+07
    6530.0 4.2915e+07
    6550.0 4.1871e+07
    6570.0 3.7671e+07
    6590.0 4.1060e+07
    6610.0 4.1032e+07
    6630.0 4.0675e+07
    6650.0 4.0241e+07
    6670.0 3.9569e+07
    6690.0 3.9145e+07
    6710.0 3.8992e+07
    6730.0 3.8496e+07
    6750.0 3.8163e+07
    6770.0 3.7781e+07
    6790.0 3.7064e+07
    6810.0 3.6925e+07
    6830.0 3.6554e+07
    6850.0 3.6213e+07
    6870.0 3.5825e+07
    6890.0 3.5415e+07
    6910.0 3.5035e+07
    6930.0 3.4708e+07
    6950.0 3.4360e+07
    6970.0 3.4015e+07
    6990.0 3.3673e+07
    7010.0 3.3310e+07
    7030.0 3.2975e+07
    7050.0 3.2620e+07
    7070.0 3.1812e+07
    7090.0 3.1990e+07
    7110.0 3.1478e+07
    7130.0 3.1184e+07
    7150.0 3.1010e+07
    7170.0 3.0697e+07
    7190.0 3.0411e+07
    7210.0 3.0104e+07
    7230.0 2.9318e+07
    7250.0 2.9453e+07
    7270.0 2.9201e+07
    7290.0 2.8679e+07
    7310.0 2.8635e+07
    7330.0 2.8345e+07
    7350.0 2.8080e+07
    7370.0 2.7795e+07
    7390.0 2.7535e+07
    7410.0 2.7256e+07
    7430.0 2.6979e+07
    7450.0 2.6726e+07
    7470.0 2.6390e+07
    7490.0 2.6206e+07
    7510.0 2.5939e+07
    7530.0 2.5696e+07
    7550.0 2.5476e+07
    7570.0 2.5216e+07
    7590.0 2.4979e+07
    7610.0 2.4724e+07
    7630.0 2.4512e+07
    7650.0 2.4282e+07
    7670.0 2.4053e+07
    7690.0 2.3827e+07
    7710.0 2.3582e+07
    7730.0 2.3360e+07
    7750.0 2.3160e+07
    7770.0 2.2783e+07
    7790.0 2.2725e+07
    7810.0 2.2491e+07
    7830.0 2.2317e+07
    7850.0 2.2087e+07
    7870.0 2.1839e+07
    7890.0 2.1594e+07
    7910.0 2.1466e+07
    7930.0 2.1262e+07
    7950.0 2.1061e+07
    7970.0 2.0879e+07
    7990.0 2.0662e+07
    8010.0 2.0485e+07
    8030.0 2.0327e+07
    8050.0 2.0152e+07
    8070.0 1.9979e+07
    8090.0 1.9770e+07
    8110.0 1.9545e+07
    8130.0 1.9449e+07
    8150.0 1.9245e+07
    8170.0 1.9115e+07
    8190.0 1.8897e+07
    8210.0 1.8627e+07
    8230.0 1.8466e+07
    8250.0 1.8376e+07
    8270.0 1.8095e+07
    8290.0 1.8042e+07
    8310.0 1.7886e+07
    8330.0 1.7679e+07
    8350.0 1.7423e+07
    8370.0 1.7186e+07
    8390.0 1.7053e+07
    8410.0 1.6875e+07
    8430.0 1.6787e+07
    8450.0 1.6580e+07
    8470.0 1.6227e+07
    8490.0 1.6687e+07
    8510.0 1.5923e+07
    8530.0 1.6580e+07
    8550.0 1.5421e+07
    8570.0 1.6572e+07
    8590.0 1.5567e+07
    8610.0 1.5398e+07
    8630.0 1.6246e+07
    8650.0 1.5785e+07
    8670.0 1.4442e+07
    8690.0 1.5795e+07
    8710.0 1.5774e+07
    8730.0 1.5377e+07
    8750.0 1.3904e+07
    8770.0 1.5016e+07
    8790.0 1.5255e+07
    8810.0 1.5136e+07
    8830.0 1.4979e+07
    8850.0 1.4328e+07
    8870.0 1.3269e+07
    8890.0 1.4575e+07
    8910.0 1.4516e+07
    8930.0 1.4380e+07
    8950.0 1.4309e+07
    8970.0 1.4191e+07
    8990.0 1.3814e+07
    9010.0 1.2611e+07
    9030.0 1.3284e+07
    9050.0 1.3693e+07
    9070.0 1.3495e+07
    9090.0 1.3453e+07
    9110.0 1.3390e+07
    9130.0 1.3290e+07
    9150.0 1.3183e+07
    9170.0 1.3039e+07
    9190.0 1.2949e+07
    9210.0 1.2551e+07
    9230.0 1.1290e+07
    9250.0 1.2413e+07
    9270.0 1.2438e+07
    9290.0 1.2452e+07
    9310.0 1.2301e+07
    9330.0 1.2226e+07
    9350.0 1.2150e+07
    9370.0 1.2065e+07
    9390.0 1.1970e+07
    9410.0 1.1846e+07
    9430.0 1.1781e+07
    9450.0 1.1687e+07
    9470.0 1.1530e+07
    9490.0 1.1499e+07
    9510.0 1.1298e+07
    9530.0 1.0995e+07
    9550.0 9.9954e+06
    9570.0 1.1023e+07
    9590.0 1.1049e+07
    9610.0 1.0933e+07
    9630.0 1.0812e+07
    9650.0 1.0811e+07
    9670.0 1.0725e+07
    9690.0 1.0631e+07
    9710.0 1.0522e+07
    9730.0 1.0480e+07
    9750.0 1.0397e+07
    9770.0 1.0322e+07
    9790.0 1.0241e+07
    9810.0 1.0157e+07
    9830.0 1.0084e+07
    9850.0 1.0009e+07
    9870.0 9.9253e+06
    9890.0 9.8423e+06
    9910.0 9.7293e+06
    9930.0 9.7121e+06
    9950.0 9.6367e+06
    9970.0 9.5571e+06
    9990.0 9.4936e+06
   10025.0 9.1339e+06
   10075.0 8.8403e+06
   10125.0 8.9953e+06
   10175.0 8.8631e+06
   10225.0 8.6975e+06
   10275.0 8.5438e+06
   10325.0 8.3600e+06
   10375.0 8.2373e+06
   10425.0 8.0912e+06
   10475.0 7.9463e+06
   10525.0 7.8017e+06
   10575.0 7.6670e+06
   10625.0 7.5323e+06
   10675.0 7.3820e+06
   10725.0 7.2716e+06
   10775.0 7.1444e+06
   10825.0 6.9373e+06
   10875.0 6.8980e+06
   10925.0 6.3909e+06
   10975.0 6.6056e+06
   11025.0 6.5192e+06
   11075.0 6.4419e+06
   11125.0 6.3337e+06
   11175.0 6.2263e+06
   11225.0 6.1176e+06
   11275.0 6.0088e+06
   11325.0 5.9091e+06
   11375.0 5.8220e+06
   11425.0 5.7225e+06
   11475.0 5.6327e+06
   11525.0 5.5415e+06
   11575.0 5.4472e+06
   11625.0 5.3614e+06
   11675.0 5.2742e+06
   11725.0 5.1918e+06
   11775.0 5.1063e+06
   11825.0 5.0272e+06
   11875.0 4.9475e+06
   11925.0 4.8699e+06
   11975.0 4.7615e+06
   12025.0 4.7179e+06
   12075.0 4.6443e+06
   12125.0 4.5719e+06
   12175.0 4.5012e+06
   12225.0 4.4316e+06
   12275.0 4.3629e+06
   12325.0 4.2960e+06
   12375.0 4.2308e+06
   12425.0 4.1666e+06
   12475.0 4.0985e+06
   12525.0 4.0323e+06
   12575.0 3.9783e+06
   12625.0 3.9205e+06
   12675.0 3.8627e+06
   12725.0 3.8058e+06
   12775.0 3.7040e+06
   12825.0 3.4937e+06
   12875.0 3.6330e+06
   12925.0 3.5863e+06
   12975.0 3.5138e+06
   13025.0 3.4819e+06
   13075.0 3.4322e+06
   13125.0 3.3831e+06
   13175.0 3.3333e+06
   13225.0 3.2862e+06
   13275.0 3.2397e+06
   13325.0 3.1925e+06
   13375.0 3.1479e+06
   13425.0 3.0999e+06
   13475.0 3.0597e+06
   13525.0 3.0162e+06
   13575.0 2.9745e+06
   13625.0 2.9327e+06
   13675.0 2.8920e+06
   13725.0 2.8513e+06
   13775.0 2.8129e+06
   13825.0 2.7744e+06
   13875.0 2.7358e+06
   13925.0 2.6964e+06
   13975.0 2.6605e+06
   14025.0 2.6257e+06
   14075.0 2.5908e+06
   14125.0 2.5556e+06
   14175.0 2.5215e+06
   14225.0 2.4878e+06
   14275.0 2.4545e+06
   14325.0 2.4216e+06
   14375.0 2.3897e+06
   14425.0 2.3582e+06
   14475.0 2.3271e+06
   14525.0 2.2969e+06
   14570.0 2.2697e+06
   14620.0 2.2408e+06
   14675.0 2.2090e+06
   14725.0 2.1807e+06
   14775.0 2.1522e+06
   14825.0 2.1246e+06
   14875.0 2.0968e+06
   14925.0 2.0688e+06
   14975.0 2.0395e+06
   15025.0 2.0111e+06
   15075.0 1.9798e+06
   15125.0 1.9563e+06
   15175.0 1.9314e+06
   15225.0 1.9136e+06
   15275.0 1.8780e+06
   15325.0 1.8565e+06
   15375.0 1.8460e+06
   15425.0 1.8023e+06
   15475.0 1.8032e+06
   15525.0 1.7841e+06
   15575.0 1.7252e+06
   15625.0 1.7540e+06
   15675.0 1.7101e+06
   15725.0 1.6639e+06
   15775.0 1.6938e+06
   15825.0 1.6707e+06
   15875.0 1.5840e+06
   15925.0 1.6219e+06
   15975.0 1.6150e+06
   16050.0 1.5790e+06
   16150.0 1.5122e+06
   16250.0 1.5122e+06
   16350.0 1.4687e+06
   16450.0 1.4074e+06
   16550.0 1.4093e+06
   16650.0 1.3769e+06
   16750.0 1.3374e+06
   16850.0 1.2819e+06
   16950.0 1.2851e+06
   17050.0 1.2503e+06
   17150.0 1.2284e+06
   17250.0 1.2013e+06
   17350.0 1.1389e+06
   17450.0 1.1472e+06
   17550.0 1.1240e+06
   17650.0 1.0994e+06
   17750.0 1.0756e+06
   17850.0 1.0512e+06
   17950.0 1.0302e+06
   18050.0 1.0074e+06
   18150.0 9.5811e+05
   18250.0 9.6240e+05
   18350.0 9.4588e+05
   18450.0 9.2614e+05
   18550.0 9.0573e+05
   18650.0 8.8294e+05
   18750.0 8.4319e+05
   18850.0 8.5216e+05
   18950.0 8.3417e+05
   19050.0 8.1519e+05
   19150.0 8.0147e+05
   19250.0 7.8572e+05
   19350.0 7.6961e+05
   19450.0 7.2939e+05
   19550.0 7.3826e+05
   19650.0 7.2549e+05
   19750.0 7.1109e+05
   19850.0 6.9755e+05
   19950.0 6.8394e+05
   20050.0 6.7087e+05
   20150.0 6.5803e+05
   20250.0 6.4541e+05
   20350.0 6.3329e+05
   20450.0 6.2109e+05
   20550.0 6.0824e+05
   20650.0 5.9815e+05
   20750.0 5.8710e+05
   20850.0 5.7624e+05
   20950.0 5.6557e+05
   21050.0 5.5533e+05
   21150.0 5.4259e+05
   21250.0 5.3510e+05
   21350.0 5.2537e+05
   21450.0 5.1579e+05
   21550.0 5.0662e+05
   21650.0 4.8072e+05
   21750.0 4.8822e+05
   21850.0 4.8000e+05
   21950.0 4.7165e+05
   22050.0 4.6344e+05
   22150.0 4.5535e+05
   22250.0 4.4739e+05
   22350.0 4.3980e+05
   22450.0 4.3208e+05
   22550.0 4.2472e+05
   22650.0 4.1747e+05
   22750.0 4.1033e+05
   22850.0 4.0399e+05
   22950.0 3.9866e+05
   23050.0 3.9182e+05
   23150.0 3.8509e+05
   23250.0 3.7801e+05
   23350.0 3.7126e+05
   23450.0 3.6483e+05
   23550.0 3.5850e+05
   23650.0 3.5247e+05
   23750.0 3.4632e+05
   23850.0 3.4068e+05
   23950.0 3.3512e+05
   24050.0 3.2944e+05
   24150.0 3.2384e+05
   24250.0 3.1954e+05
   24350.0 3.1389e+05
   24450.0 3.0852e+05
   24550.0 3.0482e+05
   24650.0 2.9919e+05
   24750.0 2.9404e+05
   24850.0 2.9187e+05
   24950.0 2.8298e+05
   25050.0 2.8302e+05
   25150.0 2.7850e+05
   25250.0 2.6934e+05
   25350.0 2.6965e+05
   25450.0 2.6605e+05
   25550.0 2.6140e+05
   25650.0 2.5226e+05
   25750.0 2.5374e+05
   25850.0 2.5034e+05
   25950.0 2.4646e+05
   26050.0 2.4174e+05
   26150.0 2.3271e+05
   26250.0 2.2711e+05
   26350.0 2.3178e+05
   26450.0 2.2883e+05
   26550.0 2.2507e+05
   26650.0 2.2169e+05
   26750.0 2.1266e+05
   26850.0 2.1524e+05
   26950.0 2.1249e+05
   27050.0 2.0945e+05
   27150.0 2.0644e+05
   27250.0 2.0348e+05
   27350.0 2.0055e+05
   27450.0 1.9782e+05
   27550.0 1.8959e+05
   27650.0 1.9089e+05
   27750.0 1.8952e+05
   27850.0 1.8692e+05
   27950.0 1.8420e+05
   28050.0 1.8167e+05
   28150.0 1.7917e+05
   28250.0 1.7671e+05
   28350.0 1.7427e+05
   28450.0 1.7186e+05
   28550.0 1.6948e+05
   28650.0 1.6655e+05
   28750.0 1.5973e+05
   28850.0 1.6266e+05
   28950.0 1.6054e+05
   29050.0 1.5830e+05
   29150.0 1.5623e+05
   29250.0 1.5418e+05
   29350.0 1.5215e+05
   29450.0 1.5002e+05
   29550.0 1.4804e+05
   29650.0 1.4609e+05
   29750.0 1.4416e+05
   29850.0 1.4239e+05
   29950.0 1.4050e+05
   30050.0 1.3864e+05
   30150.0 1.3680e+05
   30250.0 1.3511e+05
   30350.0 1.2983e+05
   30450.0 1.3011e+05
   30550.0 1.2990e+05
   30650.0 1.2829e+05
   30750.0 1.2655e+05
   30850.0 1.2499e+05
   30950.0 1.2345e+05
   31050.0 1.2188e+05
   31150.0 1.2033e+05
   31250.0 1.1880e+05
   31350.0 1.1736e+05
   31450.0 1.1590e+05
   31550.0 1.1445e+05
   31650.0 1.1303e+05
   31750.0 1.1164e+05
   31850.0 1.1027e+05
   31950.0 1.0891e+05
   32100.0 1.0692e+05
   32300.0 1.0434e+05
   32500.0 1.0184e+05
   32700.0 9.9395e+04
   32900.0 9.5044e+04
   33100.0 9.4764e+04
   33300.0 9.2731e+04
   33500.0 9.0580e+04
   33700.0 8.8473e+04
   33900.0 8.6368e+04
   34100.0 8.4306e+04
   34300.0 8.2307e+04
   34500.0 8.0428e+04
   34700.0 7.8588e+04
   34900.0 7.6803e+04
   35100.0 7.5094e+04
   35300.0 7.3437e+04
   35500.0 7.1793e+04
   35700.0 7.0172e+04
   35900.0 6.8844e+04
   36100.0 6.7099e+04
   36300.0 6.5924e+04
   36500.0 6.4187e+04
   36700.0 6.3177e+04
   36900.0 6.1385e+04
   37100.0 6.0411e+04
   37300.0 5.8748e+04
   37500.0 5.6835e+04
   37700.0 5.6808e+04
   37900.0 5.5642e+04
   38100.0 5.4134e+04
   38300.0 5.3121e+04
   38500.0 5.2287e+04
   38700.0 5.1227e+04
   38900.0 5.0155e+04
   39100.0 4.8545e+04
   39300.0 4.8200e+04
   39500.0 4.7237e+04
   39700.0 4.6313e+04
   39900.0 4.5398e+04
   40100.0 4.4238e+04
   40300.0 4.3098e+04
   40500.0 4.1965e+04
   40700.0 4.1966e+04
   40900.0 4.1162e+04
   41100.0 4.0372e+04
   41300.0 3.9567e+04
   41500.0 3.8846e+04
   41700.0 3.7439e+04
   41900.0 3.7383e+04
   42100.0 3.6704e+04
   42300.0 3.6016e+04
   42500.0 3.5326e+04
   42700.0 3.4700e+04
   42900.0 3.3986e+04
   43100.0 3.3439e+04
   43300.0 3.2837e+04
   43500.0 3.2238e+04
   43700.0 3.1089e+04
   43900.0 3.1006e+04
   44100.0 3.0534e+04
   44300.0 2.9996e+04
   44500.0 2.9461e+04
   44700.0 2.8982e+04
   44900.0 2.8474e+04
   45100.0 2.7975e+04
   45300.0 2.7489e+04
   45500.0 2.7016e+04
   45700.0 2.6544e+04
   45900.0 2.6092e+04
   46100.0 2.5634e+04
   46300.0 2.5206e+04
   46500.0 2.4230e+04
   46700.0 2.3792e+04
   46900.0 2.3895e+04
   47100.0 2.3547e+04
   47300.0 2.3155e+04
   47500.0 2.2769e+04
   47700.0 2.2394e+04
   47900.0 2.2024e+04
   48100.0 2.1660e+04
   48300.0 2.1306e+04
   48500.0 2.0963e+04
   48700.0 2.0619e+04
   48900.0 2.0290e+04
   49100.0 1.9961e+04
   49300.0 1.9642e+04
   49500.0 1.9327e+04
   49700.0 1.9021e+04
   49900.0 1.8719e+04
   50100.0 1.8427e+04
   50300.0 1.8134e+04
   50500.0 1.7854e+04
   50700.0 1.7574e+04
   50900.0 1.7302e+04
   51100.0 1.7019e+04
   51300.0 1.6368e+04
   51500.0 1.6507e+04
   51700.0 1.6263e+04
   51900.0 1.6014e+04
   52100.0 1.5772e+04
   52300.0 1.5533e+04
   52500.0 1.5297e+04
   52700.0 1.5065e+04
   52900.0 1.4840e+04
   53100.0 1.4617e+04
   53300.0 1.4402e+04
   53500.0 1.4190e+04
   53700.0 1.3981e+04
   53900.0 1.3774e+04
   54100.0 1.3574e+04
   54300.0 1.3377e+04
   54500.0 1.3182e+04
   54700.0 1.2989e+04
   54900.0 1.2803e+04
   55100.0 1.2620e+04
   55300.0 1.2438e+04
   55500.0 1.2259e+04
   55700.0 1.2086e+04
   55900.0 1.1916e+04
   56100.0 1.1747e+04
   56300.0 1.1580e+04
   56500.0 1.1420e+04
   56700.0 1.1261e+04
   56900.0 1.1104e+04
   57100.0 1.0949e+04
   57300.0 1.0796e+04
   57500.0 1.0649e+04
   57700.0 1.0503e+04
   57900.0 1.0359e+04
   58100.0 1.0217e+04
   58300.0 1.0080e+04
   58500.0 9.9515e+03
   58700.0 9.8142e+03
   58900.0 9.6716e+03
   59100.0 9.3110e+03
   59300.0 9.4222e+03
   59500.0 9.3014e+03
   59700.0 9.1786e+03
   59900.0 9.0539e+03
   60100.0 8.9373e+03
   60300.0 8.8188e+03
   60500.0 8.7016e+03
   60700.0 8.5890e+03
   60900.0 8.4777e+03
   61100.0 8.3677e+03
   61300.0 8.2589e+03
   61500.0 8.1514e+03
   61700.0 8.0482e+03
   61900.0 7.9431e+03
   62100.0 7.8423e+03
   62300.0 7.7426e+03
   62500.0 7.6409e+03
   62700.0 7.5465e+03
   62900.0 7.4501e+03
   63100.0 7.3547e+03
   63300.0 7.2635e+03
   63500.0 7.1732e+03
   63700.0 7.0839e+03
   63900.0 6.9955e+03
   64200.0 6.8663e+03
   64600.0 6.6982e+03
   65000.0 6.5365e+03
   65400.0 6.3783e+03
   65800.0 6.2235e+03
   66200.0 6.0746e+03
   66600.0 5.9316e+03
   67000.0 5.7915e+03
   67400.0 5.6543e+03
   67800.0 5.5226e+03
   68200.0 5.3935e+03
   68600.0 5.2697e+03
   69000.0 5.1483e+03
   69400.0 5.0319e+03
   69800.0 4.9177e+03
   70200.0 4.8059e+03
   70600.0 4.6987e+03
   71000.0 4.5935e+03
   71400.0 4.4928e+03
   71800.0 4.3940e+03
   72200.0 4.2972e+03
   72600.0 4.2022e+03
   73000.0 4.1112e+03
   73400.0 4.0220e+03
   73800.0 3.9367e+03
   74200.0 3.8443e+03
   74600.0 3.7364e+03
   75000.0 3.6327e+03
   75400.0 3.6132e+03
   75800.0 3.5376e+03
   76200.0 3.4634e+03
   76600.0 3.3926e+03
   77000.0 3.3231e+03
   77400.0 3.2548e+03
   77800.0 3.1877e+03
   78200.0 3.1238e+03
   78600.0 3.0610e+03
   79000.0 2.9994e+03
   79400.0 2.9388e+03
   79800.0 2.8812e+03
   80200.0 2.8245e+03
   80600.0 2.7670e+03
   81000.0 2.7123e+03
   81400.0 2.6586e+03
   81800.0 2.6076e+03
   82200.0 2.5574e+03
   82600.0 2.5081e+03
   83000.0 2.4596e+03
   83400.0 2.4137e+03
   83800.0 2.3668e+03
   84200.0 2.3223e+03
   84600.0 2.2787e+03
   85000.0 2.2373e+03
   85400.0 2.1951e+03
   85800.0 2.1551e+03
   86200.0 2.1142e+03
   86600.0 2.0755e+03
   87000.0 2.0374e+03
   87400.0 2.0016e+03
   87800.0 1.9647e+03
   88200.0 1.9284e+03
   88600.0 1.8942e+03
   89000.0 1.8606e+03
   89400.0 1.8275e+03
   89800.0 1.7949e+03
   90200.0 1.7643e+03
   90600.0 1.7326e+03
   91000.0 1.7030e+03
   91400.0 1.6723e+03
   91800.0 1.6435e+03
   92200.0 1.6152e+03
   92600.0 1.5873e+03
   93000.0 1.5598e+03
   93400.0 1.5341e+03
   93800.0 1.5074e+03
   94200.0 1.4825e+03
   94600.0 1.4579e+03
   95000.0 1.4324e+03
   95400.0 1.4085e+03
   95800.0 1.3850e+03
   96200.0 1.3632e+03
   96600.0 1.3403e+03
   97000.0 1.3178e+03
   97400.0 1.2969e+03
   97800.0 1.2750e+03
   98200.0 1.2547e+03
   98600.0 1.2347e+03
   99000.0 1.2147e+03
   99400.0 1.1952e+03
   99800.0 1.1762e+03
  100200.0 1.1575e+03
  200000.0 7.1980e+01
  400000.0 4.4144e+00
  600000.0 8.6140e-01
  800000.0 2.7000e-01
 1000000.0 1.0987e-01
 1200000.0 5.2672e-02
 1400000.0 2.8291e-02
 1600000.0 1.6512e-02
