      91.0 0.0000e+00
      94.0 0.0000e+00
      96.0 0.0000e+00
      98.0 0.0000e+00
     100.0 0.0000e+00
     102.0 0.0000e+00
     104.0 0.0000e+00
     106.0 0.0000e+00
     108.0 0.0000e+00
     110.0 0.0000e+00
     114.0 0.0000e+00
     118.0 0.0000e+00
     121.0 0.0000e+00
     125.0 0.0000e+00
     127.0 0.0000e+00
     128.0 0.0000e+00
     131.0 0.0000e+00
     132.0 0.0000e+00
     134.0 0.0000e+00
     137.0 0.0000e+00
     140.0 0.0000e+00
     143.0 0.0000e+00
     147.0 0.0000e+00
     151.0 0.0000e+00
     155.0 0.0000e+00
     159.0 0.0000e+00
     162.0 0.0000e+00
     166.0 0.0000e+00
     170.0 0.0000e+00
     173.0 0.0000e+00
     177.0 0.0000e+00
     180.0 0.0000e+00
     182.0 0.0000e+00
     186.0 0.0000e+00
     191.0 0.0000e+00
     194.0 0.0000e+00
     198.0 0.0000e+00
     202.0 0.0000e+00
     205.0 0.0000e+00
     210.0 0.0000e+00
     216.0 0.0000e+00
     220.0 0.0000e+00
     223.0 0.0000e+00
     227.0 0.0000e+00
     230.0 0.0000e+00
     234.0 0.0000e+00
     240.0 0.0000e+00
     246.0 0.0000e+00
     252.0 0.0000e+00
     257.0 0.0000e+00
     260.0 0.0000e+00
     264.0 0.0000e+00
     269.0 0.0000e+00
     274.0 0.0000e+00
     279.0 0.0000e+00
     284.0 0.0000e+00
     290.0 0.0000e+00
     296.0 0.0000e+00
     301.0 0.0000e+00
     308.0 0.0000e+00
     318.0 0.0000e+00
     328.0 0.0000e+00
     338.0 0.0000e+00
     348.0 0.0000e+00
     357.0 0.0000e+00
     366.0 0.0000e+00
     375.0 0.0000e+00
     385.0 0.0000e+00
     395.0 0.0000e+00
     405.0 0.0000e+00
     414.0 0.0000e+00
     422.0 0.0000e+00
     430.0 0.0000e+00
     441.0 0.0000e+00
     451.0 0.0000e+00
     460.0 0.0000e+00
     470.0 0.0000e+00
     480.0 0.0000e+00
     490.0 0.0000e+00
     500.0 0.0000e+00
     506.0 0.0000e+00
     512.0 0.0000e+00
     520.0 0.0000e+00
     530.0 0.0000e+00
     540.0 0.0000e+00
     550.0 0.0000e+00
     560.0 0.0000e+00
     570.0 0.0000e+00
     580.0 0.0000e+00
     590.0 0.0000e+00
     600.0 0.0000e+00
     610.0 0.0000e+00
     620.0 0.0000e+00
     630.0 0.0000e+00
     640.0 0.0000e+00
     650.0 0.0000e+00
     658.0 0.0000e+00
     665.0 0.0000e+00
     675.0 0.0000e+00
     685.0 0.0000e+00
     695.0 0.0000e+00
     705.0 0.0000e+00
     716.0 0.0000e+00
     726.0 0.0000e+00
     735.0 0.0000e+00
     745.0 0.0000e+00
     755.0 0.0000e+00
     765.0 0.0000e+00
     775.0 0.0000e+00
     785.0 0.0000e+00
     795.0 0.0000e+00
     805.0 0.0000e+00
     815.0 0.0000e+00
     825.0 0.0000e+00
     835.0 0.0000e+00
     845.0 0.0000e+00
     855.0 0.0000e+00
     865.0 0.0000e+00
     875.0 0.0000e+00
     885.0 0.0000e+00
     895.0 0.0000e+00
     905.0 0.0000e+00
     915.0 0.0000e+00
     925.0 4.0602e-04
     935.0 5.6377e-04
     945.0 7.7709e-04
     955.0 1.1080e-03
     965.0 1.5105e-03
     975.0 2.0360e-03
     985.0 2.7364e-03
     995.0 3.6410e-03
    1005.0 4.9367e-03
    1015.0 6.5114e-03
    1025.0 8.0262e-03
    1035.0 1.1122e-02
    1045.0 1.4418e-02
    1055.0 1.8585e-02
    1065.0 2.3788e-02
    1075.0 3.0394e-02
    1085.0 3.8617e-02
    1095.0 4.8676e-02
    1105.0 1.8738e-01
    1115.0 3.7155e-01
    1125.0 5.2737e-01
    1135.0 6.8903e-01
    1145.0 8.9538e-01
    1155.0 9.7981e-01
    1165.0 1.3421e+00
    1175.0 1.6008e+00
    1185.0 1.6200e+00
    1195.0 1.0421e+00
    1205.0 1.0926e+00
    1215.0 5.4426e-01
    1225.0 1.4568e+00
    1235.0 3.1567e+00
    1245.0 8.6494e+00
    1255.0 1.4938e+01
    1265.0 1.5355e+01
    1275.0 2.5095e+01
    1285.0 3.6638e+01
    1295.0 4.6057e+01
    1305.0 3.8432e+01
    1315.0 6.3910e+01
    1325.0 7.5955e+01
    1335.0 8.8614e+01
    1345.0 1.0991e+02
    1355.0 1.1763e+02
    1365.0 1.3355e+02
    1375.0 1.4455e+02
    1385.0 1.5616e+02
    1395.0 1.8209e+02
    1405.0 2.0891e+02
    1415.0 2.2292e+02
    1425.0 2.4732e+02
    1435.0 2.6462e+02
    1442.0 3.2774e+02
    1447.0 3.3344e+02
    1455.0 3.7895e+02
    1465.0 4.0385e+02
    1475.0 4.4640e+02
    1485.0 5.0110e+02
    1495.0 6.1433e+02
    1505.0 7.0467e+02
    1512.0 6.6459e+02
    1517.0 7.2118e+02
    1525.0 1.2014e+03
    1535.0 1.5238e+03
    1545.0 1.7734e+03
    1555.0 2.0408e+03
    1565.0 1.8914e+03
    1575.0 2.9068e+03
    1585.0 3.3590e+03
    1595.0 4.1103e+03
    1605.0 3.9825e+03
    1615.0 4.0441e+03
    1625.0 3.9436e+03
    1635.0 4.9120e+03
    1645.0 6.0889e+03
    1655.0 3.8540e+03
    1665.0 6.6615e+03
    1672.0 4.0587e+03
    1677.0 3.3592e+04
    1685.0 3.7362e+04
    1695.0 3.3120e+04
    1705.0 3.5641e+04
    1715.0 6.7232e+04
    1725.0 8.3098e+04
    1735.0 1.1174e+05
    1745.0 9.6366e+04
    1755.0 1.4479e+05
    1765.0 1.0647e+05
    1775.0 1.4520e+05
    1785.0 1.3628e+05
    1795.0 2.3153e+05
    1805.0 2.0420e+05
    1815.0 2.4124e+05
    1825.0 2.2233e+05
    1835.0 2.0823e+05
    1845.0 1.7991e+05
    1855.0 2.5060e+05
    1865.0 3.2649e+05
    1875.0 2.9004e+05
    1885.0 3.1400e+05
    1895.0 3.8202e+05
    1905.0 3.5588e+05
    1915.0 3.6853e+05
    1925.0 3.0303e+05
    1935.0 1.3461e+05
    1945.0 4.2318e+05
    1955.0 4.5180e+05
    1967.0 5.4084e+05
    1976.0 4.9569e+05
    1984.0 5.6634e+05
    1995.0 5.6794e+05
    2005.0 5.0979e+05
    2015.0 4.8643e+05
    2025.0 4.3076e+05
    2035.0 5.7393e+05
    2045.0 6.4947e+05
    2055.0 5.8865e+05
    2065.0 5.3825e+05
    2074.0 6.9807e+05
    2078.0 9.9892e+05
    2085.0 1.0584e+06
    2095.0 9.7294e+05
    2105.0 8.6493e+05
    2115.0 9.3505e+05
    2125.0 8.6891e+05
    2135.0 7.2189e+05
    2145.0 9.2733e+05
    2155.0 9.6883e+05
    2165.0 8.3352e+05
    2175.0 8.7353e+05
    2185.0 9.8637e+05
    2195.0 1.0824e+06
    2205.0 9.9322e+05
    2215.0 7.6527e+05
    2225.0 7.7706e+05
    2235.0 1.0798e+06
    2245.0 9.9740e+05
    2255.0 7.3270e+05
    2265.0 7.4168e+05
    2275.0 9.0778e+05
    2285.0 1.0592e+06
    2295.0 9.2482e+05
    2305.0 1.0606e+06
    2315.0 9.1607e+05
    2325.0 5.1333e+05
    2335.0 5.0367e+05
    2345.0 3.3212e+05
    2355.0 7.2542e+05
    2365.0 3.4432e+05
    2375.0 5.1809e+05
    2385.0 2.3548e+05
    2395.0 3.4160e+05
    2405.0 3.2819e+05
    2415.0 4.8606e+05
    2425.0 9.2946e+05
    2435.0 9.3135e+05
    2445.0 1.0784e+06
    2455.0 1.1158e+06
    2465.0 1.0245e+06
    2475.0 9.1049e+05
    2485.0 8.0278e+05
    2495.0 8.1293e+05
    2505.0 1.2422e+06
    2513.0 5.8238e+05
    2518.0 4.7075e+05
    2525.0 5.1291e+05
    2535.0 6.6338e+05
    2545.0 7.4020e+05
    2555.0 1.0441e+06
    2565.0 8.0398e+05
    2575.0 9.7371e+05
    2585.0 8.3950e+05
    2595.0 7.2210e+05
    2605.0 5.9835e+05
    2615.0 5.3258e+05
    2625.0 7.9114e+05
    2635.0 1.2176e+06
    2645.0 1.8323e+06
    2655.0 2.0942e+06
    2665.0 1.4919e+06
    2675.0 1.7446e+06
    2685.0 1.7815e+06
    2695.0 1.5234e+06
    2705.0 1.7683e+06
    2715.0 1.3896e+06
    2725.0 1.3722e+06
    2735.0 1.5310e+06
    2745.0 7.1918e+05
    2755.0 9.7134e+05
    2765.0 1.2412e+06
    2775.0 1.4865e+06
    2785.0 9.4295e+05
    2795.0 3.0071e+05
    2805.0 3.9642e+05
    2815.0 1.3502e+06
    2825.0 2.0030e+06
    2835.0 1.9605e+06
    2845.0 1.8919e+06
    2855.0 1.4977e+06
    2865.0 2.1695e+06
    2875.0 2.2110e+06
    2885.0 2.1410e+06
    2895.0 2.1062e+06
    2910.0 2.6396e+06
    2930.0 2.4109e+06
    2950.0 2.3425e+06
    2970.0 2.6047e+06
    2990.0 2.6465e+06
    3010.0 2.8457e+06
    3030.0 2.7900e+06
    3050.0 2.8682e+06
    3070.0 2.9175e+06
    3090.0 3.0795e+06
    3110.0 2.9867e+06
    3130.0 2.9536e+06
    3150.0 3.0407e+06
    3170.0 3.0466e+06
    3190.0 2.7575e+06
    3210.0 3.0247e+06
    3230.0 2.6827e+06
    3250.0 3.0574e+06
    3270.0 3.2848e+06
    3290.0 3.2394e+06
    3310.0 3.3810e+06
    3330.0 3.3210e+06
    3350.0 3.3007e+06
    3370.0 3.1561e+06
    3390.0 3.2682e+06
    3410.0 3.2867e+06
    3430.0 3.3290e+06
    3450.0 3.3993e+06
    3470.0 3.3463e+06
    3490.0 3.3848e+06
    3510.0 3.5118e+06
    3530.0 3.4154e+06
    3550.0 3.7367e+06
    3570.0 3.3637e+06
    3590.0 3.3143e+06
    3610.0 3.4157e+06
    3630.0 3.4500e+06
    3640.0 3.4284e+06
    3650.0 3.7328e+06
    3670.0 3.4625e+06
    3690.0 3.5166e+06
    3710.0 4.3074e+06
    3730.0 4.2846e+06
    3750.0 4.8777e+06
    3770.0 5.2015e+06
    3790.0 5.7470e+06
    3810.0 6.3940e+06
    3830.0 5.3219e+06
    3850.0 6.6712e+06
    3870.0 7.0980e+06
    3890.0 5.5512e+06
    3910.0 6.7033e+06
    3930.0 3.8052e+06
    3950.0 5.8458e+06
    3970.0 3.9093e+06
    3990.0 7.0104e+06
    4010.0 7.4948e+06
    4030.0 7.5461e+06
    4050.0 7.4425e+06
    4070.0 7.3695e+06
    4090.0 7.1829e+06
    4110.0 6.3089e+06
    4130.0 7.4804e+06
    4150.0 7.8192e+06
    4170.0 7.6754e+06
    4190.0 7.7048e+06
    4210.0 7.6791e+06
    4230.0 7.5196e+06
    4250.0 7.6415e+06
    4270.0 7.4385e+06
    4290.0 7.3824e+06
    4310.0 6.8880e+06
    4330.0 6.8948e+06
    4350.0 6.2524e+06
    4370.0 7.6923e+06
    4390.0 7.5103e+06
    4410.0 7.4485e+06
    4430.0 7.3875e+06
    4450.0 7.4182e+06
    4470.0 7.5200e+06
    4490.0 7.4769e+06
    4510.0 7.8824e+06
    4530.0 7.3805e+06
    4550.0 7.3911e+06
    4570.0 7.7629e+06
    4590.0 7.3653e+06
    4610.0 7.5611e+06
    4630.0 7.3672e+06
    4650.0 7.4482e+06
    4670.0 7.5165e+06
    4690.0 7.2999e+06
    4710.0 7.0542e+06
    4730.0 7.3592e+06
    4750.0 7.4036e+06
    4770.0 7.3101e+06
    4790.0 7.2700e+06
    4810.0 7.1890e+06
    4830.0 7.1450e+06
    4850.0 6.4081e+06
    4870.0 5.4809e+06
    4890.0 6.7902e+06
    4910.0 6.8345e+06
    4930.0 6.7199e+06
    4950.0 6.8909e+06
    4970.0 6.9326e+06
    4990.0 6.5448e+06
    5010.0 6.3159e+06
    5030.0 6.5786e+06
    5050.0 6.5172e+06
    5070.0 6.6665e+06
    5090.0 6.5170e+06
    5110.0 6.5442e+06
    5130.0 6.3702e+06
    5150.0 6.2259e+06
    5170.0 6.1419e+06
    5190.0 6.0947e+06
    5210.0 6.1186e+06
    5230.0 6.1421e+06
    5250.0 6.2128e+06
    5270.0 5.7729e+06
    5290.0 6.1150e+06
    5310.0 6.0988e+06
    5330.0 5.8336e+06
    5350.0 6.0288e+06
    5370.0 5.9799e+06
    5390.0 5.9149e+06
    5410.0 5.7729e+06
    5430.0 5.8322e+06
    5450.0 5.9065e+06
    5470.0 5.8033e+06
    5490.0 5.8128e+06
    5510.0 5.7509e+06
    5530.0 5.7251e+06
    5550.0 5.7267e+06
    5570.0 5.6200e+06
    5590.0 5.5760e+06
    5610.0 5.5973e+06
    5630.0 5.5954e+06
    5650.0 5.5408e+06
    5670.0 5.4384e+06
    5690.0 5.4780e+06
    5710.0 5.4103e+06
    5730.0 5.5296e+06
    5750.0 5.4115e+06
    5770.0 5.4100e+06
    5790.0 5.3441e+06
    5810.0 5.3393e+06
    5830.0 5.3380e+06
    5850.0 5.2596e+06
    5870.0 5.2412e+06
    5890.0 5.1054e+06
    5910.0 5.1705e+06
    5930.0 5.1323e+06
    5950.0 5.1147e+06
    5970.0 5.0873e+06
    5990.0 5.0299e+06
    6010.0 4.9600e+06
    6030.0 4.9568e+06
    6050.0 4.9667e+06
    6070.0 4.9438e+06
    6090.0 4.8629e+06
    6110.0 4.8150e+06
    6130.0 4.7071e+06
    6150.0 4.6733e+06
    6170.0 4.6431e+06
    6190.0 4.7289e+06
    6210.0 4.7047e+06
    6230.0 4.6252e+06
    6250.0 4.4728e+06
    6270.0 4.6182e+06
    6290.0 4.5949e+06
    6310.0 4.4906e+06
    6330.0 4.4921e+06
    6350.0 4.4669e+06
    6370.0 4.4389e+06
    6390.0 4.4346e+06
    6410.0 4.3428e+06
    6430.0 4.3506e+06
    6450.0 4.3035e+06
    6470.0 4.3027e+06
    6490.0 4.2164e+06
    6510.0 4.2415e+06
    6530.0 4.2043e+06
    6550.0 3.9355e+06
    6570.0 3.2837e+06
    6590.0 4.0563e+06
    6610.0 4.1251e+06
    6630.0 4.1194e+06
    6650.0 4.0946e+06
    6670.0 4.0539e+06
    6690.0 4.0619e+06
    6710.0 4.0164e+06
    6730.0 4.0032e+06
    6750.0 3.9505e+06
    6770.0 3.9560e+06
    6790.0 3.9223e+06
    6810.0 3.8993e+06
    6830.0 3.8714e+06
    6850.0 3.8258e+06
    6870.0 3.8290e+06
    6890.0 3.8118e+06
    6910.0 3.7772e+06
    6930.0 3.7555e+06
    6950.0 3.7339e+06
    6970.0 3.7075e+06
    6990.0 3.6937e+06
    7010.0 3.6165e+06
    7030.0 3.6275e+06
    7050.0 3.6166e+06
    7070.0 3.5938e+06
    7090.0 3.5712e+06
    7110.0 3.4894e+06
    7130.0 3.4935e+06
    7150.0 3.4833e+06
    7170.0 3.4546e+06
    7190.0 3.4076e+06
    7210.0 3.4118e+06
    7230.0 3.3860e+06
    7250.0 3.3811e+06
    7270.0 3.3716e+06
    7290.0 3.3102e+06
    7310.0 3.3056e+06
    7330.0 3.2943e+06
    7350.0 3.2875e+06
    7370.0 3.2719e+06
    7390.0 3.2146e+06
    7410.0 3.1624e+06
    7430.0 3.1671e+06
    7450.0 3.1609e+06
    7470.0 3.1397e+06
    7490.0 3.1208e+06
    7510.0 3.1149e+06
    7530.0 3.1026e+06
    7550.0 3.1030e+06
    7570.0 3.0678e+06
    7590.0 3.0495e+06
    7610.0 3.0315e+06
    7630.0 3.0197e+06
    7650.0 2.9916e+06
    7670.0 2.9394e+06
    7690.0 2.9545e+06
    7710.0 2.9190e+06
    7730.0 2.9220e+06
    7750.0 2.8850e+06
    7770.0 2.8424e+06
    7790.0 2.8811e+06
    7810.0 2.8585e+06
    7830.0 2.8224e+06
    7850.0 2.7983e+06
    7870.0 2.7996e+06
    7890.0 2.7797e+06
    7910.0 2.7541e+06
    7930.0 2.7231e+06
    7950.0 2.7132e+06
    7970.0 2.7279e+06
    7990.0 2.7011e+06
    8010.0 2.6783e+06
    8030.0 2.6631e+06
    8050.0 2.6462e+06
    8070.0 2.6405e+06
    8090.0 2.6110e+06
    8110.0 2.6181e+06
    8130.0 2.6053e+06
    8150.0 2.5871e+06
    8170.0 2.5708e+06
    8190.0 2.5065e+06
    8210.0 2.5085e+06
    8230.0 2.4928e+06
    8250.0 2.4842e+06
    8270.0 2.4985e+06
    8290.0 2.4760e+06
    8310.0 2.4415e+06
    8330.0 2.3953e+06
    8350.0 2.4044e+06
    8370.0 2.3844e+06
    8390.0 2.3492e+06
    8410.0 2.3482e+06
    8430.0 2.3371e+06
    8450.0 2.3076e+06
    8470.0 2.2599e+06
    8490.0 2.3424e+06
    8510.0 2.1576e+06
    8530.0 2.3518e+06
    8550.0 2.0620e+06
    8570.0 2.3593e+06
    8590.0 2.2346e+06
    8610.0 2.1805e+06
    8630.0 2.3266e+06
    8650.0 2.2854e+06
    8670.0 1.9495e+06
    8690.0 2.2279e+06
    8710.0 2.2793e+06
    8730.0 2.2453e+06
    8750.0 1.9939e+06
    8770.0 2.2077e+06
    8790.0 2.2380e+06
    8810.0 2.2140e+06
    8830.0 2.1824e+06
    8850.0 2.1175e+06
    8870.0 1.9235e+06
    8890.0 2.1546e+06
    8910.0 2.1646e+06
    8930.0 2.1398e+06
    8950.0 2.1453e+06
    8970.0 2.1312e+06
    8990.0 2.1069e+06
    9010.0 1.8657e+06
    9030.0 2.0015e+06
    9050.0 2.0879e+06
    9070.0 2.0364e+06
    9090.0 1.9941e+06
    9110.0 2.0316e+06
    9130.0 2.0500e+06
    9150.0 2.0453e+06
    9170.0 2.0250e+06
    9190.0 2.0105e+06
    9210.0 1.9481e+06
    9230.0 1.7130e+06
    9250.0 1.8991e+06
    9270.0 1.9285e+06
    9290.0 1.9633e+06
    9310.0 1.9590e+06
    9330.0 1.9438e+06
    9350.0 1.9341e+06
    9370.0 1.9272e+06
    9390.0 1.9095e+06
    9410.0 1.8364e+06
    9430.0 1.8798e+06
    9450.0 1.8665e+06
    9470.0 1.8734e+06
    9490.0 1.8641e+06
    9510.0 1.8404e+06
    9530.0 1.7944e+06
    9550.0 1.5844e+06
    9570.0 1.7807e+06
    9590.0 1.8059e+06
    9610.0 1.7854e+06
    9630.0 1.7612e+06
    9650.0 1.7706e+06
    9670.0 1.7466e+06
    9690.0 1.7471e+06
    9710.0 1.7577e+06
    9730.0 1.7480e+06
    9750.0 1.7206e+06
    9770.0 1.7274e+06
    9790.0 1.7179e+06
    9810.0 1.7096e+06
    9830.0 1.7014e+06
    9850.0 1.6822e+06
    9870.0 1.6717e+06
    9890.0 1.6600e+06
    9910.0 1.6521e+06
    9930.0 1.6515e+06
    9950.0 1.6449e+06
    9970.0 1.6395e+06
    9990.0 1.6281e+06
   10025.0 1.5702e+06
   10075.0 1.5098e+06
   10125.0 1.5604e+06
   10175.0 1.5451e+06
   10225.0 1.5335e+06
   10275.0 1.5186e+06
   10325.0 1.4882e+06
   10375.0 1.4750e+06
   10425.0 1.4565e+06
   10475.0 1.4218e+06
   10525.0 1.4116e+06
   10575.0 1.3972e+06
   10625.0 1.3777e+06
   10675.0 1.3375e+06
   10725.0 1.3355e+06
   10775.0 1.3210e+06
   10825.0 1.3017e+06
   10875.0 1.2847e+06
   10925.0 1.1866e+06
   10975.0 1.2325e+06
   11025.0 1.2510e+06
   11075.0 1.2397e+06
   11125.0 1.2189e+06
   11175.0 1.2042e+06
   11225.0 1.1944e+06
   11275.0 1.1574e+06
   11325.0 1.1463e+06
   11375.0 1.1436e+06
   11425.0 1.1190e+06
   11475.0 1.1247e+06
   11525.0 1.1114e+06
   11575.0 1.0946e+06
   11625.0 1.0666e+06
   11675.0 1.0504e+06
   11725.0 1.0589e+06
   11775.0 1.0249e+06
   11825.0 1.0214e+06
   11875.0 1.0017e+06
   11925.0 1.0128e+06
   11975.0 9.8342e+05
   12025.0 9.8272e+05
   12075.0 9.6719e+05
   12125.0 9.5923e+05
   12175.0 9.5299e+05
   12225.0 9.4040e+05
   12275.0 9.2877e+05
   12325.0 9.1809e+05
   12375.0 9.0834e+05
   12425.0 9.0027e+05
   12475.0 8.8921e+05
   12525.0 8.7678e+05
   12575.0 8.6223e+05
   12625.0 8.5542e+05
   12675.0 8.4719e+05
   12725.0 8.3980e+05
   12775.0 8.2296e+05
   12825.0 7.4365e+05
   12875.0 8.0516e+05
   12925.0 8.0038e+05
   12975.0 7.9422e+05
   13025.0 7.8460e+05
   13075.0 7.7791e+05
   13125.0 7.6642e+05
   13175.0 7.5509e+05
   13225.0 7.5145e+05
   13275.0 7.4104e+05
   13325.0 7.3481e+05
   13375.0 7.2597e+05
   13425.0 7.1925e+05
   13475.0 7.1128e+05
   13525.0 7.0144e+05
   13575.0 6.9108e+05
   13625.0 6.8730e+05
   13675.0 6.7844e+05
   13725.0 6.6459e+05
   13775.0 6.6231e+05
   13825.0 6.5627e+05
   13875.0 6.5217e+05
   13925.0 6.4131e+05
   13975.0 6.3673e+05
   14025.0 6.2854e+05
   14075.0 6.2408e+05
   14125.0 6.1426e+05
   14175.0 6.1053e+05
   14225.0 6.0032e+05
   14275.0 5.9318e+05
   14325.0 5.9080e+05
   14375.0 5.8612e+05
   14425.0 5.6426e+05
   14475.0 5.7193e+05
   14525.0 5.5799e+05
   14570.0 5.5941e+05
   14620.0 5.5217e+05
   14675.0 5.4848e+05
   14725.0 5.3929e+05
   14775.0 5.3185e+05
   14825.0 5.2816e+05
   14875.0 5.1958e+05
   14925.0 5.2068e+05
   14975.0 5.1138e+05
   15025.0 5.0336e+05
   15075.0 4.9491e+05
   15125.0 4.9416e+05
   15175.0 4.8903e+05
   15225.0 4.8396e+05
   15275.0 4.7669e+05
   15325.0 4.7113e+05
   15375.0 4.7132e+05
   15425.0 4.5662e+05
   15475.0 4.6174e+05
   15525.0 4.5827e+05
   15575.0 4.3858e+05
   15625.0 4.5734e+05
   15675.0 4.3939e+05
   15725.0 4.2501e+05
   15775.0 4.3861e+05
   15825.0 4.3637e+05
   15875.0 3.9908e+05
   15925.0 4.2339e+05
   15975.0 4.2821e+05
   16050.0 4.1570e+05
   16150.0 3.9388e+05
   16250.0 4.0603e+05
   16350.0 3.9031e+05
   16450.0 3.6857e+05
   16550.0 3.8142e+05
   16650.0 3.7430e+05
   16750.0 3.5929e+05
   16850.0 3.3852e+05
   16950.0 3.5203e+05
   17050.0 3.4246e+05
   17150.0 3.3763e+05
   17250.0 3.2695e+05
   17350.0 3.0025e+05
   17450.0 3.1186e+05
   17550.0 3.0906e+05
   17650.0 3.0260e+05
   17750.0 2.9749e+05
   17850.0 2.9160e+05
   17950.0 2.8725e+05
   18050.0 2.7969e+05
   18150.0 2.5886e+05
   18250.0 2.6625e+05
   18350.0 2.6489e+05
   18450.0 2.5938e+05
   18550.0 2.5436e+05
   18650.0 2.4868e+05
   18750.0 2.2823e+05
   18850.0 2.3881e+05
   18950.0 2.3312e+05
   19050.0 2.3253e+05
   19150.0 2.2782e+05
   19250.0 2.2361e+05
   19350.0 2.1814e+05
   19450.0 2.0106e+05
   19550.0 2.1068e+05
   19650.0 2.0768e+05
   19750.0 2.0355e+05
   19850.0 2.0056e+05
   19950.0 1.9705e+05
   20050.0 1.9392e+05
   20150.0 1.9082e+05
   20250.0 1.8681e+05
   20350.0 1.8304e+05
   20450.0 1.8102e+05
   20550.0 1.7773e+05
   20650.0 1.7402e+05
   20750.0 1.7131e+05
   20850.0 1.6854e+05
   20950.0 1.6533e+05
   21050.0 1.6278e+05
   21150.0 1.5967e+05
   21250.0 1.5700e+05
   21350.0 1.5451e+05
   21450.0 1.5244e+05
   21550.0 1.4943e+05
   21650.0 1.3777e+05
   21750.0 1.4383e+05
   21850.0 1.4217e+05
   21950.0 1.4045e+05
   22050.0 1.3750e+05
   22150.0 1.3536e+05
   22250.0 1.3364e+05
   22350.0 1.3151e+05
   22450.0 1.2939e+05
   22550.0 1.2666e+05
   22650.0 1.2508e+05
   22750.0 1.2324e+05
   22850.0 1.2143e+05
   22950.0 1.2035e+05
   23050.0 1.1870e+05
   23150.0 1.1638e+05
   23250.0 1.1456e+05
   23350.0 1.1248e+05
   23450.0 1.1076e+05
   23550.0 1.0887e+05
   23650.0 1.0720e+05
   23750.0 1.0528e+05
   23850.0 1.0353e+05
   23950.0 1.0206e+05
   24050.0 1.0035e+05
   24150.0 9.8734e+04
   24250.0 9.7596e+04
   24350.0 9.5703e+04
   24450.0 9.4320e+04
   24550.0 9.3116e+04
   24650.0 9.1691e+04
   24750.0 9.0266e+04
   24850.0 8.9386e+04
   24950.0 8.6590e+04
   25050.0 8.7697e+04
   25150.0 8.6015e+04
   25250.0 8.2758e+04
   25350.0 8.3394e+04
   25450.0 8.2536e+04
   25550.0 8.0863e+04
   25650.0 7.7408e+04
   25750.0 7.8834e+04
   25850.0 7.7669e+04
   25950.0 7.6947e+04
   26050.0 7.5244e+04
   26150.0 7.1864e+04
   26250.0 6.8916e+04
   26350.0 7.2245e+04
   26450.0 7.1580e+04
   26550.0 7.0633e+04
   26650.0 6.9125e+04
   26750.0 6.5727e+04
   26850.0 6.7617e+04
   26950.0 6.7083e+04
   27050.0 6.6129e+04
   27150.0 6.5268e+04
   27250.0 6.4386e+04
   27350.0 6.3548e+04
   27450.0 6.2608e+04
   27550.0 5.9010e+04
   27650.0 6.0090e+04
   27750.0 6.0172e+04
   27850.0 5.9416e+04
   27950.0 5.8684e+04
   28050.0 5.7901e+04
   28150.0 5.7157e+04
   28250.0 5.6393e+04
   28350.0 5.5712e+04
   28450.0 5.4847e+04
   28550.0 5.4213e+04
   28650.0 5.3032e+04
   28750.0 4.9994e+04
   28850.0 5.1982e+04
   28950.0 5.1481e+04
   29050.0 5.0871e+04
   29150.0 5.0099e+04
   29250.0 4.9505e+04
   29350.0 4.8946e+04
   29450.0 4.8296e+04
   29550.0 4.7722e+04
   29650.0 4.7128e+04
   29750.0 4.6514e+04
   29850.0 4.5947e+04
   29950.0 4.5373e+04
   30050.0 4.4793e+04
   30150.0 4.4246e+04
   30250.0 4.3652e+04
   30350.0 4.1230e+04
   30450.0 4.1748e+04
   30550.0 4.2067e+04
   30650.0 4.1588e+04
   30750.0 4.1128e+04
   30850.0 4.0522e+04
   30950.0 4.0072e+04
   31050.0 3.9603e+04
   31150.0 3.8942e+04
   31250.0 3.8607e+04
   31350.0 3.8166e+04
   31450.0 3.7741e+04
   31550.0 3.7286e+04
   31650.0 3.6907e+04
   31750.0 3.6413e+04
   31850.0 3.6031e+04
   31950.0 3.5618e+04
   32100.0 3.4972e+04
   32300.0 3.4184e+04
   32500.0 3.3401e+04
   32700.0 3.2612e+04
   32900.0 3.0766e+04
   33100.0 3.1019e+04
   33300.0 3.0463e+04
   33500.0 2.9823e+04
   33700.0 2.9027e+04
   33900.0 2.8362e+04
   34100.0 2.7710e+04
   34300.0 2.7174e+04
   34500.0 2.6618e+04
   34700.0 2.6013e+04
   34900.0 2.5450e+04
   35100.0 2.4908e+04
   35300.0 2.4357e+04
   35500.0 2.3826e+04
   35700.0 2.3287e+04
   35900.0 2.2861e+04
   36100.0 2.2314e+04
   36300.0 2.1941e+04
   36500.0 2.1333e+04
   36700.0 2.1029e+04
   36900.0 2.0353e+04
   37100.0 2.0099e+04
   37300.0 1.9462e+04
   37500.0 1.8709e+04
   37700.0 1.8933e+04
   37900.0 1.8575e+04
   38100.0 1.8058e+04
   38300.0 1.7772e+04
   38500.0 1.7531e+04
   38700.0 1.7151e+04
   38900.0 1.6792e+04
   39100.0 1.6245e+04
   39300.0 1.6196e+04
   39500.0 1.5871e+04
   39700.0 1.5575e+04
   39900.0 1.5216e+04
   40100.0 1.4825e+04
   40300.0 1.4487e+04
   40500.0 1.4000e+04
   40700.0 1.4131e+04
   40900.0 1.3864e+04
   41100.0 1.3637e+04
   41300.0 1.3386e+04
   41500.0 1.3111e+04
   41700.0 1.2586e+04
   41900.0 1.2623e+04
   42100.0 1.2381e+04
   42300.0 1.2204e+04
   42500.0 1.1977e+04
   42700.0 1.1773e+04
   42900.0 1.1559e+04
   43100.0 1.1349e+04
   43300.0 1.1135e+04
   43500.0 1.0938e+04
   43700.0 1.0493e+04
   43900.0 1.0522e+04
   44100.0 1.0365e+04
   44300.0 1.0192e+04
   44500.0 1.0022e+04
   44700.0 9.8606e+03
   44900.0 9.7016e+03
   45100.0 9.5332e+03
   45300.0 9.3732e+03
   45500.0 9.2099e+03
   45700.0 9.0548e+03
   45900.0 8.8964e+03
   46100.0 8.7573e+03
   46300.0 8.6035e+03
   46500.0 8.2135e+03
   46700.0 8.0773e+03
   46900.0 8.1722e+03
   47100.0 8.0543e+03
   47300.0 7.9327e+03
   47500.0 7.7969e+03
   47700.0 7.6684e+03
   47900.0 7.5523e+03
   48100.0 7.4274e+03
   48300.0 7.3095e+03
   48500.0 7.1881e+03
   48700.0 7.0787e+03
   48900.0 6.9657e+03
   49100.0 6.8494e+03
   49300.0 6.7446e+03
   49500.0 6.6364e+03
   49700.0 6.5345e+03
   49900.0 6.4341e+03
   50100.0 6.3350e+03
   50300.0 6.2374e+03
   50500.0 6.1457e+03
   50700.0 6.0507e+03
   50900.0 5.9569e+03
   51100.0 5.8553e+03
   51300.0 5.6092e+03
   51500.0 5.6878e+03
   51700.0 5.6035e+03
   51900.0 5.5204e+03
   52100.0 5.4339e+03
   52300.0 5.3573e+03
   52500.0 5.2774e+03
   52700.0 5.2029e+03
   52900.0 5.1251e+03
   53100.0 5.0483e+03
   53300.0 4.9767e+03
   53500.0 4.9018e+03
   53700.0 4.8321e+03
   53900.0 4.7633e+03
   54100.0 4.6954e+03
   54300.0 4.6243e+03
   54500.0 4.5621e+03
   54700.0 4.4927e+03
   54900.0 4.4322e+03
   55100.0 4.3725e+03
   55300.0 4.3095e+03
   55500.0 4.2474e+03
   55700.0 4.1899e+03
   55900.0 4.1254e+03
   56100.0 4.0732e+03
   56300.0 4.0140e+03
   56500.0 3.9631e+03
   56700.0 3.9054e+03
   56900.0 3.8520e+03
   57100.0 3.8030e+03
   57300.0 3.7510e+03
   57500.0 3.6995e+03
   57700.0 3.6487e+03
   57900.0 3.6021e+03
   58100.0 3.5510e+03
   58300.0 3.5052e+03
   58500.0 3.4609e+03
   58700.0 3.4123e+03
   58900.0 3.3571e+03
   59100.0 3.2314e+03
   59300.0 3.2775e+03
   59500.0 3.2291e+03
   59700.0 3.1950e+03
   59900.0 3.1533e+03
   60100.0 3.1108e+03
   60300.0 3.0727e+03
   60500.0 3.0334e+03
   60700.0 2.9930e+03
   60900.0 2.9536e+03
   61100.0 2.9128e+03
   61300.0 2.8801e+03
   61500.0 2.8440e+03
   61700.0 2.8082e+03
   61900.0 2.7720e+03
   62100.0 2.7380e+03
   62300.0 2.6991e+03
   62500.0 2.6686e+03
   62700.0 2.6349e+03
   62900.0 2.6036e+03
   63100.0 2.5681e+03
   63300.0 2.5394e+03
   63500.0 2.5079e+03
   63700.0 2.4771e+03
   63900.0 2.4490e+03
   64200.0 2.4050e+03
   64600.0 2.3462e+03
   65000.0 2.2894e+03
   65400.0 2.2362e+03
   65800.0 2.1831e+03
   66200.0 2.1313e+03
   66600.0 2.0817e+03
   67000.0 2.0332e+03
   67400.0 1.9856e+03
   67800.0 1.9406e+03
   68200.0 1.8960e+03
   68600.0 1.8530e+03
   69000.0 1.8102e+03
   69400.0 1.7697e+03
   69800.0 1.7303e+03
   70200.0 1.6914e+03
   70600.0 1.6543e+03
   71000.0 1.6186e+03
   71400.0 1.5831e+03
   71800.0 1.5483e+03
   72200.0 1.5137e+03
   72600.0 1.4820e+03
   73000.0 1.4510e+03
   73400.0 1.4196e+03
   73800.0 1.3900e+03
   74200.0 1.3600e+03
   74600.0 1.3168e+03
   75000.0 1.2866e+03
   75400.0 1.2765e+03
   75800.0 1.2508e+03
   76200.0 1.2253e+03
   76600.0 1.2003e+03
   77000.0 1.1759e+03
   77400.0 1.1524e+03
   77800.0 1.1291e+03
   78200.0 1.1066e+03
   78600.0 1.0847e+03
   79000.0 1.0631e+03
   79400.0 1.0420e+03
   79800.0 1.0218e+03
   80200.0 1.0015e+03
   80600.0 9.8202e+02
   81000.0 9.6321e+02
   81400.0 9.4454e+02
   81800.0 9.2636e+02
   82200.0 9.0903e+02
   82600.0 8.9181e+02
   83000.0 8.7488e+02
   83400.0 8.5806e+02
   83800.0 8.4186e+02
   84200.0 8.2661e+02
   84600.0 8.1144e+02
   85000.0 7.9651e+02
   85400.0 7.8167e+02
   85800.0 7.6740e+02
   86200.0 7.5351e+02
   86600.0 7.4001e+02
   87000.0 7.2673e+02
   87400.0 7.1350e+02
   87800.0 7.0094e+02
   88200.0 6.8813e+02
   88600.0 6.7612e+02
   89000.0 6.6400e+02
   89400.0 6.5252e+02
   89800.0 6.4107e+02
   90200.0 6.2994e+02
   90600.0 6.1913e+02
   91000.0 6.0820e+02
   91400.0 5.9787e+02
   91800.0 5.8783e+02
   92200.0 5.7780e+02
   92600.0 5.6807e+02
   93000.0 5.5848e+02
   93400.0 5.4903e+02
   93800.0 5.3986e+02
   94200.0 5.3082e+02
   94600.0 5.2206e+02
   95000.0 5.1342e+02
   95400.0 5.0477e+02
   95800.0 4.9665e+02
   96200.0 4.8851e+02
   96600.0 4.8062e+02
   97000.0 4.7284e+02
   97400.0 4.6504e+02
   97800.0 4.5761e+02
   98200.0 4.5028e+02
   98600.0 4.4331e+02
   99000.0 4.3631e+02
   99400.0 4.2928e+02
   99800.0 4.2248e+02
  100200.0 4.1589e+02
  200000.0 2.6771e+01
  400000.0 1.6728e+00
  600000.0 3.2814e-01
  800000.0 1.0313e-01
 1000000.0 4.1983e-02
 1200000.0 2.0136e-02
 1400000.0 1.0817e-02
 1600000.0 6.3144e-03
