      91.0 0.0000e+00
      94.0 0.0000e+00
      96.0 0.0000e+00
      98.0 0.0000e+00
     100.0 0.0000e+00
     102.0 0.0000e+00
     104.0 0.0000e+00
     106.0 0.0000e+00
     108.0 0.0000e+00
     110.0 0.0000e+00
     114.0 0.0000e+00
     118.0 0.0000e+00
     121.0 0.0000e+00
     125.0 0.0000e+00
     127.0 0.0000e+00
     128.0 0.0000e+00
     131.0 0.0000e+00
     132.0 0.0000e+00
     134.0 0.0000e+00
     137.0 0.0000e+00
     140.0 0.0000e+00
     143.0 0.0000e+00
     147.0 0.0000e+00
     151.0 0.0000e+00
     155.0 0.0000e+00
     159.0 0.0000e+00
     162.0 0.0000e+00
     166.0 0.0000e+00
     170.0 0.0000e+00
     173.0 0.0000e+00
     177.0 0.0000e+00
     180.0 0.0000e+00
     182.0 0.0000e+00
     186.0 0.0000e+00
     191.0 0.0000e+00
     194.0 0.0000e+00
     198.0 0.0000e+00
     202.0 0.0000e+00
     205.0 0.0000e+00
     210.0 0.0000e+00
     216.0 0.0000e+00
     220.0 0.0000e+00
     223.0 0.0000e+00
     227.0 0.0000e+00
     230.0 1.0756e-05
     234.0 2.4857e-05
     240.0 6.3123e-05
     246.0 1.6296e-04
     252.0 3.6898e-04
     257.0 6.4290e-04
     260.0 1.0008e-03
     264.0 1.6490e-03
     269.0 2.8222e-03
     274.0 5.0282e-03
     279.0 8.8319e-03
     284.0 1.6206e-02
     290.0 3.0072e-02
     296.0 5.4240e-02
     301.0 8.7276e-02
     308.0 1.6383e-01
     318.0 3.9749e-01
     328.0 8.7844e-01
     338.0 1.9062e+00
     348.0 3.8954e+00
     357.0 7.7370e+00
     366.0 1.4001e+01
     375.0 2.3757e+01
     385.0 4.2247e+01
     395.0 7.2769e+01
     405.0 1.2114e+02
     414.0 1.8960e+02
     422.0 2.7305e+02
     430.0 3.9198e+02
     441.0 6.3078e+02
     451.0 9.5332e+02
     460.0 1.3493e+03
     470.0 1.9695e+03
     480.0 2.8142e+03
     490.0 3.9861e+03
     500.0 5.5402e+03
     506.0 7.6858e+04
     512.0 4.2483e+05
     520.0 5.1444e+05
     530.0 6.8006e+05
     540.0 7.5010e+05
     550.0 1.0906e+06
     560.0 1.2772e+06
     570.0 1.6044e+06
     580.0 1.6134e+06
     590.0 2.1400e+06
     600.0 2.5419e+06
     610.0 3.0706e+06
     620.0 3.4627e+06
     630.0 3.9942e+06
     640.0 4.2861e+06
     650.0 5.0067e+06
     658.0 5.6917e+06
     665.0 6.0714e+06
     675.0 6.5061e+06
     685.0 7.1788e+06
     695.0 8.5402e+06
     705.0 9.2068e+06
     716.0 1.0386e+07
     726.0 1.1257e+07
     735.0 1.2073e+07
     745.0 1.3650e+07
     755.0 1.4981e+07
     765.0 1.6382e+07
     775.0 1.7927e+07
     785.0 1.9460e+07
     795.0 2.0605e+07
     805.0 2.2076e+07
     815.0 2.3434e+07
     825.0 2.5618e+07
     835.0 2.5403e+07
     845.0 2.8282e+07
     855.0 2.9937e+07
     865.0 3.2198e+07
     875.0 3.4661e+07
     885.0 3.7450e+07
     895.0 3.9657e+07
     905.0 4.0249e+07
     915.0 5.1391e+07
     925.0 1.8780e+08
     935.0 4.7625e+08
     945.0 1.6248e+09
     955.0 3.4265e+09
     965.0 4.6899e+09
     975.0 7.2471e+08
     985.0 5.6373e+09
     995.0 5.3428e+09
    1005.0 6.9028e+09
    1015.0 5.7198e+09
    1025.0 1.0981e+09
    1035.0 3.9673e+09
    1045.0 8.0503e+09
    1055.0 7.6614e+09
    1065.0 5.9862e+09
    1075.0 7.1351e+09
    1085.0 5.8480e+09
    1095.0 7.0949e+09
    1105.0 6.3326e+09
    1115.0 5.9620e+09
    1125.0 5.1780e+09
    1135.0 6.3848e+09
    1145.0 5.4972e+09
    1155.0 5.8636e+09
    1165.0 5.9074e+09
    1175.0 4.0797e+09
    1185.0 5.7413e+09
    1195.0 4.6152e+09
    1205.0 3.1341e+09
    1215.0 1.1389e+09
    1225.0 3.5161e+09
    1235.0 5.1317e+09
    1245.0 5.2685e+09
    1255.0 4.9968e+09
    1265.0 4.5682e+09
    1275.0 5.1644e+09
    1285.0 5.1243e+09
    1295.0 3.9886e+09
    1305.0 4.1256e+09
    1315.0 4.8488e+09
    1325.0 4.4391e+09
    1335.0 4.0956e+09
    1345.0 4.3916e+09
    1355.0 4.2885e+09
    1365.0 3.8719e+09
    1375.0 3.8697e+09
    1385.0 3.8603e+09
    1395.0 3.1982e+09
    1405.0 3.3350e+09
    1415.0 3.4438e+09
    1425.0 3.4222e+09
    1435.0 3.4381e+09
    1442.0 3.5213e+09
    1447.0 3.4455e+09
    1455.0 3.3618e+09
    1465.0 3.0848e+09
    1475.0 3.0888e+09
    1485.0 3.0050e+09
    1495.0 2.9837e+09
    1505.0 2.6985e+09
    1512.0 2.4055e+09
    1517.0 2.4877e+09
    1525.0 2.5591e+09
    1535.0 2.2139e+09
    1545.0 2.2360e+09
    1555.0 2.1469e+09
    1565.0 2.2522e+09
    1575.0 2.3736e+09
    1585.0 2.3628e+09
    1595.0 2.3597e+09
    1605.0 2.3816e+09
    1615.0 2.3430e+09
    1625.0 2.2765e+09
    1635.0 2.3802e+09
    1645.0 2.3509e+09
    1655.0 2.2700e+09
    1665.0 2.3705e+09
    1672.0 2.2734e+09
    1677.0 2.3588e+09
    1685.0 2.3475e+09
    1695.0 2.2335e+09
    1705.0 2.1327e+09
    1715.0 2.0235e+09
    1725.0 1.9815e+09
    1735.0 2.0635e+09
    1745.0 1.9856e+09
    1755.0 2.0308e+09
    1765.0 1.9181e+09
    1775.0 1.8779e+09
    1785.0 1.8942e+09
    1795.0 1.9525e+09
    1805.0 1.9515e+09
    1815.0 1.7637e+09
    1825.0 1.8297e+09
    1835.0 1.7457e+09
    1845.0 1.5979e+09
    1855.0 1.5790e+09
    1865.0 1.5997e+09
    1875.0 1.6963e+09
    1885.0 1.5173e+09
    1895.0 1.4139e+09
    1905.0 1.5263e+09
    1915.0 1.4306e+09
    1925.0 1.3770e+09
    1935.0 1.4396e+09
    1945.0 1.4718e+09
    1955.0 1.3432e+09
    1967.0 1.4424e+09
    1976.0 1.4987e+09
    1984.0 1.3825e+09
    1995.0 1.3552e+09
    2005.0 1.3898e+09
    2015.0 1.3618e+09
    2025.0 1.4145e+09
    2035.0 1.2987e+09
    2045.0 1.3127e+09
    2055.0 1.2750e+09
    2065.0 1.2874e+09
    2074.0 1.3315e+09
    2078.0 1.2278e+09
    2085.0 1.2730e+09
    2095.0 1.2024e+09
    2105.0 1.2387e+09
    2115.0 1.2313e+09
    2125.0 1.2468e+09
    2135.0 1.2115e+09
    2145.0 1.1624e+09
    2155.0 1.1997e+09
    2165.0 1.1838e+09
    2175.0 1.1658e+09
    2185.0 1.1366e+09
    2195.0 1.1486e+09
    2205.0 1.1269e+09
    2215.0 1.1070e+09
    2225.0 1.0716e+09
    2235.0 1.0743e+09
    2245.0 1.0704e+09
    2255.0 1.0369e+09
    2265.0 1.0486e+09
    2275.0 1.0354e+09
    2285.0 1.0351e+09
    2295.0 9.8697e+08
    2305.0 9.9535e+08
    2315.0 9.6462e+08
    2325.0 8.3056e+08
    2335.0 9.1804e+08
    2345.0 9.1044e+08
    2355.0 9.1267e+08
    2365.0 8.9103e+08
    2375.0 8.8461e+08
    2385.0 8.6941e+08
    2395.0 8.7533e+08
    2405.0 8.4816e+08
    2415.0 8.4588e+08
    2425.0 8.4749e+08
    2435.0 8.1829e+08
    2445.0 8.2345e+08
    2455.0 8.2153e+08
    2465.0 8.0323e+08
    2475.0 7.9225e+08
    2485.0 7.9191e+08
    2495.0 7.5475e+08
    2505.0 7.7435e+08
    2513.0 7.3695e+08
    2518.0 7.6297e+08
    2525.0 7.4332e+08
    2535.0 7.3168e+08
    2545.0 7.1761e+08
    2555.0 7.2725e+08
    2565.0 7.1776e+08
    2575.0 7.1853e+08
    2585.0 7.1496e+08
    2595.0 7.0643e+08
    2605.0 6.9377e+08
    2615.0 6.8725e+08
    2625.0 6.8063e+08
    2635.0 6.7444e+08
    2645.0 6.7860e+08
    2655.0 6.7435e+08
    2665.0 6.5343e+08
    2675.0 6.5609e+08
    2685.0 6.5121e+08
    2695.0 6.3401e+08
    2705.0 6.2949e+08
    2715.0 6.2194e+08
    2725.0 6.1302e+08
    2735.0 6.1480e+08
    2745.0 5.9139e+08
    2755.0 5.8963e+08
    2765.0 5.8616e+08
    2775.0 5.9128e+08
    2785.0 5.8225e+08
    2795.0 5.5016e+08
    2805.0 5.6072e+08
    2815.0 5.6794e+08
    2825.0 5.5822e+08
    2835.0 5.3429e+08
    2845.0 5.4240e+08
    2855.0 5.3890e+08
    2865.0 5.3909e+08
    2875.0 5.3142e+08
    2885.0 5.2602e+08
    2895.0 5.2082e+08
    2910.0 5.1249e+08
    2930.0 5.0118e+08
    2950.0 4.8752e+08
    2970.0 4.8207e+08
    2990.0 4.7081e+08
    3010.0 4.6060e+08
    3030.0 4.5533e+08
    3050.0 4.4589e+08
    3070.0 4.3718e+08
    3090.0 4.2639e+08
    3110.0 4.1956e+08
    3130.0 4.1115e+08
    3150.0 4.0341e+08
    3170.0 3.9452e+08
    3190.0 3.8381e+08
    3210.0 3.8079e+08
    3230.0 3.7367e+08
    3250.0 3.6682e+08
    3270.0 3.6010e+08
    3290.0 3.5286e+08
    3310.0 3.4718e+08
    3330.0 3.4043e+08
    3350.0 3.3360e+08
    3370.0 3.2796e+08
    3390.0 3.2233e+08
    3410.0 3.1650e+08
    3430.0 3.0629e+08
    3450.0 3.0023e+08
    3470.0 2.9828e+08
    3490.0 2.9388e+08
    3510.0 2.8947e+08
    3530.0 2.8457e+08
    3550.0 2.7966e+08
    3570.0 2.7587e+08
    3590.0 2.6881e+08
    3610.0 2.6436e+08
    3630.0 2.6000e+08
    3640.0 2.5975e+08
    3650.0 2.5725e+08
    3670.0 2.5401e+08
    3690.0 2.4686e+08
    3710.0 2.3262e+08
    3730.0 2.2289e+08
    3750.0 2.2888e+08
    3770.0 2.2637e+08
    3790.0 2.3960e+08
    3810.0 2.5535e+08
    3830.0 2.2121e+08
    3850.0 2.6269e+08
    3870.0 2.7111e+08
    3890.0 2.0248e+08
    3910.0 2.6943e+08
    3930.0 2.6740e+08
    3950.0 2.6116e+08
    3970.0 1.8877e+08
    3990.0 2.4880e+08
    4010.0 2.5579e+08
    4030.0 2.4462e+08
    4050.0 2.4989e+08
    4070.0 2.3969e+08
    4090.0 2.1090e+08
    4110.0 1.8159e+08
    4130.0 2.2434e+08
    4150.0 2.2580e+08
    4170.0 2.2516e+08
    4190.0 2.2302e+08
    4210.0 2.2043e+08
    4230.0 2.1607e+08
    4250.0 2.1159e+08
    4270.0 2.0389e+08
    4290.0 2.0362e+08
    4310.0 1.9676e+08
    4330.0 1.6924e+08
    4350.0 1.5324e+08
    4370.0 1.8600e+08
    4390.0 1.8493e+08
    4410.0 1.8492e+08
    4430.0 1.8209e+08
    4450.0 1.8046e+08
    4470.0 1.6882e+08
    4490.0 1.7363e+08
    4510.0 1.7274e+08
    4530.0 1.6958e+08
    4550.0 1.6711e+08
    4570.0 1.6450e+08
    4590.0 1.6193e+08
    4610.0 1.5878e+08
    4630.0 1.5613e+08
    4650.0 1.5323e+08
    4670.0 1.5198e+08
    4690.0 1.5030e+08
    4710.0 1.4449e+08
    4730.0 1.4450e+08
    4750.0 1.4233e+08
    4770.0 1.4167e+08
    4790.0 1.3897e+08
    4810.0 1.3585e+08
    4830.0 1.3226e+08
    4850.0 1.1664e+08
    4870.0 1.0305e+08
    4890.0 1.2572e+08
    4910.0 1.2644e+08
    4930.0 1.2187e+08
    4950.0 1.2362e+08
    4970.0 1.2229e+08
    4990.0 1.2035e+08
    5010.0 1.1528e+08
    5030.0 1.1669e+08
    5050.0 1.1337e+08
    5070.0 1.1369e+08
    5090.0 1.1206e+08
    5110.0 1.1026e+08
    5130.0 1.0808e+08
    5150.0 1.0666e+08
    5170.0 1.0592e+08
    5190.0 1.0449e+08
    5210.0 1.0245e+08
    5230.0 1.0162e+08
    5250.0 1.0028e+08
    5270.0 9.8791e+07
    5290.0 9.7659e+07
    5310.0 9.6245e+07
    5330.0 9.4890e+07
    5350.0 9.3428e+07
    5370.0 9.2526e+07
    5390.0 9.1304e+07
    5410.0 9.0056e+07
    5430.0 8.8662e+07
    5450.0 8.7568e+07
    5470.0 8.6408e+07
    5490.0 8.5382e+07
    5510.0 8.4289e+07
    5530.0 8.3171e+07
    5550.0 8.2183e+07
    5570.0 8.1092e+07
    5590.0 8.0090e+07
    5610.0 7.8987e+07
    5630.0 7.8086e+07
    5650.0 7.6633e+07
    5670.0 7.5534e+07
    5690.0 7.4670e+07
    5710.0 7.4038e+07
    5730.0 7.3156e+07
    5750.0 7.2177e+07
    5770.0 7.1425e+07
    5790.0 7.0503e+07
    5810.0 6.9628e+07
    5830.0 6.8728e+07
    5850.0 6.7908e+07
    5870.0 6.4384e+07
    5890.0 6.5710e+07
    5910.0 6.5369e+07
    5930.0 6.4554e+07
    5950.0 6.3646e+07
    5970.0 6.3120e+07
    5990.0 6.2198e+07
    6010.0 6.1618e+07
    6030.0 6.0847e+07
    6050.0 6.0151e+07
    6070.0 5.9430e+07
    6090.0 5.8717e+07
    6110.0 5.8044e+07
    6130.0 5.7379e+07
    6150.0 5.6435e+07
    6170.0 5.5975e+07
    6190.0 5.5364e+07
    6210.0 5.4728e+07
    6230.0 5.4068e+07
    6250.0 5.3354e+07
    6270.0 5.2801e+07
    6290.0 5.2223e+07
    6310.0 5.1592e+07
    6330.0 5.1027e+07
    6350.0 5.0141e+07
    6370.0 4.9708e+07
    6390.0 4.9280e+07
    6410.0 4.8681e+07
    6430.0 4.8234e+07
    6450.0 4.7647e+07
    6470.0 4.7009e+07
    6490.0 4.6435e+07
    6510.0 4.5839e+07
    6530.0 4.4940e+07
    6550.0 4.1731e+07
    6570.0 3.6449e+07
    6590.0 4.2524e+07
    6610.0 4.3255e+07
    6630.0 4.2994e+07
    6650.0 4.2628e+07
    6670.0 4.1618e+07
    6690.0 4.1182e+07
    6710.0 4.1283e+07
    6730.0 4.0799e+07
    6750.0 4.0400e+07
    6770.0 3.9979e+07
    6790.0 3.9301e+07
    6810.0 3.9097e+07
    6830.0 3.8688e+07
    6850.0 3.8258e+07
    6870.0 3.7858e+07
    6890.0 3.7461e+07
    6910.0 3.7069e+07
    6930.0 3.6656e+07
    6950.0 3.6296e+07
    6970.0 3.5915e+07
    6990.0 3.5538e+07
    7010.0 3.5165e+07
    7030.0 3.4795e+07
    7050.0 3.4429e+07
    7070.0 3.3443e+07
    7090.0 3.3732e+07
    7110.0 3.3257e+07
    7130.0 3.2953e+07
    7150.0 3.2699e+07
    7170.0 3.2377e+07
    7190.0 3.2058e+07
    7210.0 3.1719e+07
    7230.0 3.1016e+07
    7250.0 3.1073e+07
    7270.0 3.0766e+07
    7290.0 3.0169e+07
    7310.0 3.0161e+07
    7330.0 2.9863e+07
    7350.0 2.9567e+07
    7370.0 2.9274e+07
    7390.0 2.8984e+07
    7410.0 2.8697e+07
    7430.0 2.8391e+07
    7450.0 2.8131e+07
    7470.0 2.7808e+07
    7490.0 2.7574e+07
    7510.0 2.7300e+07
    7530.0 2.7028e+07
    7550.0 2.6780e+07
    7570.0 2.6534e+07
    7590.0 2.6270e+07
    7610.0 2.6008e+07
    7630.0 2.5768e+07
    7650.0 2.5511e+07
    7670.0 2.5276e+07
    7690.0 2.5023e+07
    7710.0 2.4793e+07
    7730.0 2.4564e+07
    7750.0 2.4318e+07
    7770.0 2.3935e+07
    7790.0 2.3871e+07
    7810.0 2.3631e+07
    7830.0 2.3432e+07
    7850.0 2.3177e+07
    7870.0 2.2924e+07
    7890.0 2.2673e+07
    7910.0 2.2539e+07
    7930.0 2.2330e+07
    7950.0 2.2085e+07
    7970.0 2.1918e+07
    7990.0 2.1677e+07
    8010.0 2.1513e+07
    8030.0 2.1331e+07
    8050.0 2.1133e+07
    8070.0 2.0973e+07
    8090.0 2.0723e+07
    8110.0 2.0548e+07
    8130.0 2.0392e+07
    8150.0 2.0184e+07
    8170.0 2.0031e+07
    8190.0 1.9826e+07
    8210.0 1.9534e+07
    8230.0 1.9386e+07
    8250.0 1.9275e+07
    8270.0 1.9024e+07
    8290.0 1.8932e+07
    8310.0 1.8772e+07
    8330.0 1.8613e+07
    8350.0 1.8403e+07
    8370.0 1.8230e+07
    8390.0 1.8143e+07
    8410.0 1.7989e+07
    8430.0 1.7718e+07
    8450.0 1.7416e+07
    8470.0 1.7451e+07
    8490.0 1.7136e+07
    8510.0 1.7039e+07
    8530.0 1.6811e+07
    8550.0 1.6584e+07
    8570.0 1.6703e+07
    8590.0 1.6099e+07
    8610.0 1.6086e+07
    8630.0 1.6423e+07
    8650.0 1.5883e+07
    8670.0 1.5218e+07
    8690.0 1.5943e+07
    8710.0 1.6123e+07
    8730.0 1.5506e+07
    8750.0 1.4370e+07
    8770.0 1.5014e+07
    8790.0 1.5660e+07
    8810.0 1.5651e+07
    8830.0 1.5320e+07
    8850.0 1.4237e+07
    8870.0 1.3413e+07
    8890.0 1.4665e+07
    8910.0 1.5002e+07
    8930.0 1.4989e+07
    8950.0 1.4918e+07
    8970.0 1.4680e+07
    8990.0 1.4002e+07
    9010.0 1.2540e+07
    9030.0 1.3000e+07
    9050.0 1.3953e+07
    9070.0 1.4011e+07
    9090.0 1.4064e+07
    9110.0 1.4033e+07
    9130.0 1.3931e+07
    9150.0 1.3802e+07
    9170.0 1.3589e+07
    9190.0 1.3326e+07
    9210.0 1.2521e+07
    9230.0 1.1069e+07
    9250.0 1.2235e+07
    9270.0 1.2769e+07
    9290.0 1.2965e+07
    9310.0 1.2878e+07
    9330.0 1.2840e+07
    9350.0 1.2757e+07
    9370.0 1.2683e+07
    9390.0 1.2583e+07
    9410.0 1.2425e+07
    9430.0 1.2362e+07
    9450.0 1.2251e+07
    9470.0 1.2049e+07
    9490.0 1.1957e+07
    9510.0 1.1585e+07
    9530.0 1.0846e+07
    9550.0 9.6917e+06
    9570.0 1.0919e+07
    9590.0 1.1361e+07
    9610.0 1.1394e+07
    9630.0 1.1298e+07
    9650.0 1.1328e+07
    9670.0 1.1256e+07
    9690.0 1.1166e+07
    9710.0 1.1054e+07
    9730.0 1.1011e+07
    9750.0 1.0922e+07
    9770.0 1.0841e+07
    9790.0 1.0758e+07
    9810.0 1.0673e+07
    9830.0 1.0588e+07
    9850.0 1.0508e+07
    9870.0 1.0424e+07
    9890.0 1.0335e+07
    9910.0 1.0202e+07
    9930.0 1.0177e+07
    9950.0 1.0081e+07
    9970.0 9.9793e+06
    9990.0 9.8601e+06
   10025.0 9.1494e+06
   10075.0 8.8178e+06
   10125.0 9.3603e+06
   10175.0 9.2778e+06
   10225.0 9.1162e+06
   10275.0 8.9550e+06
   10325.0 8.7481e+06
   10375.0 8.6317e+06
   10425.0 8.4762e+06
   10475.0 8.3234e+06
   10525.0 8.1720e+06
   10575.0 8.0262e+06
   10625.0 7.8850e+06
   10675.0 7.7219e+06
   10725.0 7.6083e+06
   10775.0 7.4739e+06
   10825.0 7.2351e+06
   10875.0 7.1322e+06
   10925.0 6.3206e+06
   10975.0 6.6504e+06
   11025.0 6.7757e+06
   11075.0 6.7264e+06
   11125.0 6.6196e+06
   11175.0 6.5076e+06
   11225.0 6.3936e+06
   11275.0 6.2757e+06
   11325.0 6.1746e+06
   11375.0 6.0825e+06
   11425.0 5.9788e+06
   11475.0 5.8831e+06
   11525.0 5.7861e+06
   11575.0 5.6888e+06
   11625.0 5.5956e+06
   11675.0 5.5056e+06
   11725.0 5.4177e+06
   11775.0 5.3260e+06
   11825.0 5.2459e+06
   11875.0 5.1618e+06
   11925.0 5.0807e+06
   11975.0 4.9647e+06
   12025.0 4.9211e+06
   12075.0 4.8442e+06
   12125.0 4.7676e+06
   12175.0 4.6938e+06
   12225.0 4.6209e+06
   12275.0 4.5491e+06
   12325.0 4.4792e+06
   12375.0 4.4101e+06
   12425.0 4.3429e+06
   12475.0 4.2735e+06
   12525.0 4.2004e+06
   12575.0 4.1451e+06
   12625.0 4.0845e+06
   12675.0 4.0195e+06
   12725.0 3.9443e+06
   12775.0 3.7797e+06
   12825.0 3.4346e+06
   12875.0 3.7205e+06
   12925.0 3.7191e+06
   12975.0 3.6555e+06
   13025.0 3.6254e+06
   13075.0 3.5732e+06
   13125.0 3.5210e+06
   13175.0 3.4687e+06
   13225.0 3.4199e+06
   13275.0 3.3711e+06
   13325.0 3.3229e+06
   13375.0 3.2753e+06
   13425.0 3.2256e+06
   13475.0 3.1832e+06
   13525.0 3.1381e+06
   13575.0 3.0942e+06
   13625.0 3.0509e+06
   13675.0 3.0081e+06
   13725.0 2.9665e+06
   13775.0 2.9260e+06
   13825.0 2.8855e+06
   13875.0 2.8460e+06
   13925.0 2.8052e+06
   13975.0 2.7680e+06
   14025.0 2.7300e+06
   14075.0 2.6931e+06
   14125.0 2.6566e+06
   14175.0 2.6206e+06
   14225.0 2.5856e+06
   14275.0 2.5510e+06
   14325.0 2.5169e+06
   14375.0 2.4838e+06
   14425.0 2.4499e+06
   14475.0 2.4181e+06
   14525.0 2.3861e+06
   14570.0 2.3584e+06
   14620.0 2.3277e+06
   14675.0 2.2947e+06
   14725.0 2.2653e+06
   14775.0 2.2357e+06
   14825.0 2.2076e+06
   14875.0 2.1792e+06
   14925.0 2.1517e+06
   14975.0 2.1240e+06
   15025.0 2.0971e+06
   15075.0 2.0658e+06
   15125.0 2.0433e+06
   15175.0 2.0168e+06
   15225.0 1.9902e+06
   15275.0 1.9648e+06
   15325.0 1.9377e+06
   15375.0 1.9135e+06
   15425.0 1.8870e+06
   15475.0 1.8643e+06
   15525.0 1.8384e+06
   15575.0 1.8127e+06
   15625.0 1.7992e+06
   15675.0 1.7658e+06
   15725.0 1.7420e+06
   15775.0 1.7382e+06
   15825.0 1.7123e+06
   15875.0 1.6640e+06
   15925.0 1.6654e+06
   15975.0 1.6662e+06
   16050.0 1.6204e+06
   16150.0 1.5641e+06
   16250.0 1.5613e+06
   16350.0 1.5023e+06
   16450.0 1.4487e+06
   16550.0 1.4570e+06
   16650.0 1.4249e+06
   16750.0 1.3643e+06
   16850.0 1.3114e+06
   16950.0 1.3286e+06
   17050.0 1.2961e+06
   17150.0 1.2737e+06
   17250.0 1.2384e+06
   17350.0 1.1513e+06
   17450.0 1.1759e+06
   17550.0 1.1645e+06
   17650.0 1.1402e+06
   17750.0 1.1156e+06
   17850.0 1.0907e+06
   17950.0 1.0682e+06
   18050.0 1.0394e+06
   18150.0 9.6575e+05
   18250.0 9.8148e+05
   18350.0 9.7865e+05
   18450.0 9.5996e+05
   18550.0 9.3884e+05
   18650.0 9.0915e+05
   18750.0 8.4558e+05
   18850.0 8.7781e+05
   18950.0 8.6489e+05
   19050.0 8.4460e+05
   19150.0 8.3090e+05
   19250.0 8.1355e+05
   19350.0 7.9011e+05
   19450.0 7.2970e+05
   19550.0 7.5803e+05
   19650.0 7.5095e+05
   19750.0 7.3660e+05
   19850.0 7.2250e+05
   19950.0 7.0835e+05
   20050.0 6.9474e+05
   20150.0 6.8136e+05
   20250.0 6.6851e+05
   20350.0 6.5558e+05
   20450.0 6.4317e+05
   20550.0 6.2982e+05
   20650.0 6.1952e+05
   20750.0 6.0771e+05
   20850.0 5.9666e+05
   20950.0 5.8551e+05
   21050.0 5.7482e+05
   21150.0 5.6189e+05
   21250.0 5.5396e+05
   21350.0 5.4378e+05
   21450.0 5.3351e+05
   21550.0 5.2005e+05
   21650.0 4.8021e+05
   21750.0 4.9938e+05
   21850.0 4.9582e+05
   21950.0 4.8808e+05
   22050.0 4.7971e+05
   22150.0 4.7124e+05
   22250.0 4.6289e+05
   22350.0 4.5492e+05
   22450.0 4.4707e+05
   22550.0 4.3934e+05
   22650.0 4.3196e+05
   22750.0 4.2447e+05
   22850.0 4.1777e+05
   22950.0 4.1255e+05
   23050.0 4.0536e+05
   23150.0 3.9874e+05
   23250.0 3.9221e+05
   23350.0 3.8556e+05
   23450.0 3.7857e+05
   23550.0 3.7190e+05
   23650.0 3.6555e+05
   23750.0 3.5950e+05
   23850.0 3.5354e+05
   23950.0 3.4746e+05
   24050.0 3.4167e+05
   24150.0 3.3617e+05
   24250.0 3.3076e+05
   24350.0 3.2521e+05
   24450.0 3.1975e+05
   24550.0 3.1496e+05
   24650.0 3.0965e+05
   24750.0 3.0461e+05
   24850.0 3.0022e+05
   24950.0 2.9512e+05
   25050.0 2.9239e+05
   25150.0 2.8684e+05
   25250.0 2.8081e+05
   25350.0 2.7748e+05
   25450.0 2.7364e+05
   25550.0 2.6875e+05
   25650.0 2.6319e+05
   25750.0 2.6097e+05
   25850.0 2.5770e+05
   25950.0 2.5358e+05
   26050.0 2.4793e+05
   26150.0 2.4095e+05
   26250.0 2.2641e+05
   26350.0 2.3627e+05
   26450.0 2.3534e+05
   26550.0 2.3187e+05
   26650.0 2.2726e+05
   26750.0 2.2088e+05
   26850.0 2.2073e+05
   26950.0 2.1910e+05
   27050.0 2.1650e+05
   27150.0 2.1344e+05
   27250.0 2.1026e+05
   27350.0 2.0696e+05
   27450.0 2.0307e+05
   27550.0 1.9591e+05
   27650.0 1.9512e+05
   27750.0 1.9497e+05
   27850.0 1.9295e+05
   27950.0 1.9034e+05
   28050.0 1.8777e+05
   28150.0 1.8508e+05
   28250.0 1.8257e+05
   28350.0 1.8009e+05
   28450.0 1.7749e+05
   28550.0 1.7434e+05
   28650.0 1.6991e+05
   28750.0 1.6379e+05
   28850.0 1.6669e+05
   28950.0 1.6555e+05
   29050.0 1.6356e+05
   29150.0 1.6145e+05
   29250.0 1.5922e+05
   29350.0 1.5717e+05
   29450.0 1.5499e+05
   29550.0 1.5299e+05
   29650.0 1.5100e+05
   29750.0 1.4890e+05
   29850.0 1.4697e+05
   29950.0 1.4505e+05
   30050.0 1.4316e+05
   30150.0 1.4115e+05
   30250.0 1.3852e+05
   30350.0 1.3227e+05
   30450.0 1.3205e+05
   30550.0 1.3350e+05
   30650.0 1.3237e+05
   30750.0 1.3075e+05
   30850.0 1.2915e+05
   30950.0 1.2744e+05
   31050.0 1.2587e+05
   31150.0 1.2433e+05
   31250.0 1.2271e+05
   31350.0 1.2120e+05
   31450.0 1.1967e+05
   31550.0 1.1819e+05
   31650.0 1.1673e+05
   31750.0 1.1528e+05
   31850.0 1.1386e+05
   31950.0 1.1247e+05
   32100.0 1.1040e+05
   32300.0 1.0773e+05
   32500.0 1.0514e+05
   32700.0 1.0242e+05
   32900.0 9.6451e+04
   33100.0 9.6734e+04
   33300.0 9.5684e+04
   33500.0 9.3529e+04
   33700.0 9.1356e+04
   33900.0 8.9248e+04
   34100.0 8.7183e+04
   34300.0 8.5191e+04
   34500.0 8.3259e+04
   34700.0 8.1366e+04
   34900.0 7.9462e+04
   35100.0 7.7644e+04
   35300.0 7.5900e+04
   35500.0 7.4182e+04
   35700.0 7.2544e+04
   35900.0 7.0956e+04
   36100.0 6.9399e+04
   36300.0 6.7872e+04
   36500.0 6.6401e+04
   36700.0 6.4994e+04
   36900.0 6.3534e+04
   37100.0 6.2101e+04
   37300.0 5.9618e+04
   37500.0 5.7969e+04
   37700.0 5.8377e+04
   37900.0 5.7262e+04
   38100.0 5.5935e+04
   38300.0 5.4821e+04
   38500.0 5.3913e+04
   38700.0 5.2845e+04
   38900.0 5.1590e+04
   39100.0 5.0349e+04
   39300.0 4.9621e+04
   39500.0 4.8735e+04
   39700.0 4.7781e+04
   39900.0 4.6837e+04
   40100.0 4.5550e+04
   40300.0 4.4479e+04
   40500.0 4.2425e+04
   40700.0 4.3131e+04
   40900.0 4.2460e+04
   41100.0 4.1650e+04
   41300.0 4.0819e+04
   41500.0 3.9911e+04
   41700.0 3.8736e+04
   41900.0 3.8408e+04
   42100.0 3.7868e+04
   42300.0 3.7162e+04
   42500.0 3.6448e+04
   42700.0 3.5792e+04
   42900.0 3.5074e+04
   43100.0 3.4498e+04
   43300.0 3.3867e+04
   43500.0 3.3163e+04
   43700.0 3.2056e+04
   43900.0 3.1759e+04
   44100.0 3.1465e+04
   44300.0 3.0937e+04
   44500.0 3.0387e+04
   44700.0 2.9894e+04
   44900.0 2.9366e+04
   45100.0 2.8853e+04
   45300.0 2.8353e+04
   45500.0 2.7861e+04
   45700.0 2.7377e+04
   45900.0 2.6911e+04
   46100.0 2.6430e+04
   46300.0 2.5861e+04
   46500.0 2.4330e+04
   46700.0 2.4287e+04
   46900.0 2.4446e+04
   47100.0 2.4249e+04
   47300.0 2.3878e+04
   47500.0 2.3481e+04
   47700.0 2.3095e+04
   47900.0 2.2714e+04
   48100.0 2.2339e+04
   48300.0 2.1975e+04
   48500.0 2.1615e+04
   48700.0 2.1266e+04
   48900.0 2.0922e+04
   49100.0 2.0583e+04
   49300.0 2.0253e+04
   49500.0 1.9934e+04
   49700.0 1.9613e+04
   49900.0 1.9302e+04
   50100.0 1.9000e+04
   50300.0 1.8703e+04
   50500.0 1.8409e+04
   50700.0 1.8119e+04
   50900.0 1.7825e+04
   51100.0 1.7410e+04
   51300.0 1.6659e+04
   51500.0 1.6914e+04
   51700.0 1.6757e+04
   51900.0 1.6512e+04
   52100.0 1.6262e+04
   52300.0 1.6015e+04
   52500.0 1.5776e+04
   52700.0 1.5535e+04
   52900.0 1.5307e+04
   53100.0 1.5077e+04
   53300.0 1.4854e+04
   53500.0 1.4630e+04
   53700.0 1.4413e+04
   53900.0 1.4203e+04
   54100.0 1.3996e+04
   54300.0 1.3791e+04
   54500.0 1.3589e+04
   54700.0 1.3394e+04
   54900.0 1.3201e+04
   55100.0 1.3011e+04
   55300.0 1.2823e+04
   55500.0 1.2641e+04
   55700.0 1.2461e+04
   55900.0 1.2284e+04
   56100.0 1.2113e+04
   56300.0 1.1940e+04
   56500.0 1.1773e+04
   56700.0 1.1608e+04
   56900.0 1.1449e+04
   57100.0 1.1288e+04
   57300.0 1.1132e+04
   57500.0 1.0979e+04
   57700.0 1.0827e+04
   57900.0 1.0681e+04
   58100.0 1.0533e+04
   58300.0 1.0390e+04
   58500.0 1.0260e+04
   58700.0 1.0103e+04
   58900.0 9.8721e+03
   59100.0 9.4140e+03
   59300.0 9.6439e+03
   59500.0 9.5791e+03
   59700.0 9.4612e+03
   59900.0 9.3347e+03
   60100.0 9.2129e+03
   60300.0 9.0925e+03
   60500.0 8.9735e+03
   60700.0 8.8559e+03
   60900.0 8.7396e+03
   61100.0 8.6247e+03
   61300.0 8.5142e+03
   61500.0 8.4050e+03
   61700.0 8.2971e+03
   61900.0 8.1904e+03
   62100.0 8.0848e+03
   62300.0 7.9836e+03
   62500.0 7.8804e+03
   62700.0 7.7814e+03
   62900.0 7.6835e+03
   63100.0 7.5867e+03
   63300.0 7.4909e+03
   63500.0 7.3962e+03
   63700.0 7.3026e+03
   63900.0 7.2129e+03
   64200.0 7.0787e+03
   64600.0 6.9051e+03
   65000.0 6.7381e+03
   65400.0 6.5746e+03
   65800.0 6.4173e+03
   66200.0 6.2634e+03
   66600.0 6.1154e+03
   67000.0 5.9705e+03
   67400.0 5.8285e+03
   67800.0 5.6948e+03
   68200.0 5.5611e+03
   68600.0 5.4328e+03
   69000.0 5.3095e+03
   69400.0 5.1862e+03
   69800.0 5.0703e+03
   70200.0 4.9543e+03
   70600.0 4.8430e+03
   71000.0 4.7363e+03
   71400.0 4.6316e+03
   71800.0 4.5290e+03
   72200.0 4.4283e+03
   72600.0 4.3319e+03
   73000.0 4.2395e+03
   73400.0 4.1467e+03
   73800.0 4.0578e+03
   74200.0 3.9554e+03
   74600.0 3.7579e+03
   75000.0 3.6753e+03
   75400.0 3.7103e+03
   75800.0 3.6462e+03
   76200.0 3.5708e+03
   76600.0 3.4968e+03
   77000.0 3.4262e+03
   77400.0 3.3548e+03
   77800.0 3.2868e+03
   78200.0 3.2199e+03
   78600.0 3.1561e+03
   79000.0 3.0916e+03
   79400.0 3.0301e+03
   79800.0 2.9697e+03
   80200.0 2.9103e+03
   80600.0 2.8538e+03
   81000.0 2.7982e+03
   81400.0 2.7437e+03
   81800.0 2.6882e+03
   82200.0 2.6373e+03
   82600.0 2.5854e+03
   83000.0 2.5362e+03
   83400.0 2.4878e+03
   83800.0 2.4402e+03
   84200.0 2.3951e+03
   84600.0 2.3490e+03
   85000.0 2.3054e+03
   85400.0 2.2625e+03
   85800.0 2.2219e+03
   86200.0 2.1803e+03
   86600.0 2.1394e+03
   87000.0 2.1008e+03
   87400.0 2.0628e+03
   87800.0 2.0254e+03
   88200.0 1.9885e+03
   88600.0 1.9538e+03
   89000.0 1.9181e+03
   89400.0 1.8845e+03
   89800.0 1.8514e+03
   90200.0 1.8188e+03
   90600.0 1.7867e+03
   91000.0 1.7551e+03
   91400.0 1.7240e+03
   91800.0 1.6948e+03
   92200.0 1.6660e+03
   92600.0 1.6362e+03
   93000.0 1.6083e+03
   93400.0 1.5822e+03
   93800.0 1.5551e+03
   94200.0 1.5284e+03
   94600.0 1.5021e+03
   95000.0 1.4775e+03
   95400.0 1.4533e+03
   95800.0 1.4281e+03
   96200.0 1.4046e+03
   96600.0 1.3814e+03
   97000.0 1.3599e+03
   97400.0 1.3374e+03
   97800.0 1.3152e+03
   98200.0 1.2945e+03
   98600.0 1.2729e+03
   99000.0 1.2529e+03
   99400.0 1.2331e+03
   99800.0 1.2124e+03
  100200.0 1.1936e+03
  200000.0 7.4379e+01
  400000.0 4.5786e+00
  600000.0 8.9538e-01
  800000.0 2.8087e-01
 1000000.0 1.1428e-01
 1200000.0 5.4770e-02
 1400000.0 2.9398e-02
 1600000.0 1.7144e-02
