      91.0 0.0000e+00
      94.0 0.0000e+00
      96.0 0.0000e+00
      98.0 0.0000e+00
     100.0 0.0000e+00
     102.0 0.0000e+00
     104.0 0.0000e+00
     106.0 0.0000e+00
     108.0 0.0000e+00
     110.0 0.0000e+00
     114.0 0.0000e+00
     118.0 0.0000e+00
     121.0 0.0000e+00
     125.0 0.0000e+00
     127.0 0.0000e+00
     128.0 0.0000e+00
     131.0 0.0000e+00
     132.0 0.0000e+00
     134.0 0.0000e+00
     137.0 0.0000e+00
     140.0 0.0000e+00
     143.0 0.0000e+00
     147.0 0.0000e+00
     151.0 0.0000e+00
     155.0 0.0000e+00
     159.0 0.0000e+00
     162.0 0.0000e+00
     166.0 0.0000e+00
     170.0 0.0000e+00
     173.0 0.0000e+00
     177.0 0.0000e+00
     180.0 0.0000e+00
     182.0 0.0000e+00
     186.0 0.0000e+00
     191.0 0.0000e+00
     194.0 0.0000e+00
     198.0 0.0000e+00
     202.0 0.0000e+00
     205.0 0.0000e+00
     210.0 0.0000e+00
     216.0 0.0000e+00
     220.0 0.0000e+00
     223.0 0.0000e+00
     227.0 0.0000e+00
     230.0 0.0000e+00
     234.0 0.0000e+00
     240.0 0.0000e+00
     246.0 0.0000e+00
     252.0 0.0000e+00
     257.0 0.0000e+00
     260.0 0.0000e+00
     264.0 0.0000e+00
     269.0 0.0000e+00
     274.0 0.0000e+00
     279.0 0.0000e+00
     284.0 0.0000e+00
     290.0 0.0000e+00
     296.0 0.0000e+00
     301.0 0.0000e+00
     308.0 0.0000e+00
     318.0 0.0000e+00
     328.0 0.0000e+00
     338.0 0.0000e+00
     348.0 0.0000e+00
     357.0 0.0000e+00
     366.0 0.0000e+00
     375.0 0.0000e+00
     385.0 0.0000e+00
     395.0 0.0000e+00
     405.0 0.0000e+00
     414.0 0.0000e+00
     422.0 0.0000e+00
     430.0 0.0000e+00
     441.0 0.0000e+00
     451.0 0.0000e+00
     460.0 0.0000e+00
     470.0 0.0000e+00
     480.0 0.0000e+00
     490.0 0.0000e+00
     500.0 0.0000e+00
     506.0 0.0000e+00
     512.0 0.0000e+00
     520.0 0.0000e+00
     530.0 0.0000e+00
     540.0 0.0000e+00
     550.0 0.0000e+00
     560.0 0.0000e+00
     570.0 0.0000e+00
     580.0 0.0000e+00
     590.0 0.0000e+00
     600.0 0.0000e+00
     610.0 0.0000e+00
     620.0 0.0000e+00
     630.0 0.0000e+00
     640.0 0.0000e+00
     650.0 0.0000e+00
     658.0 0.0000e+00
     665.0 0.0000e+00
     675.0 0.0000e+00
     685.0 0.0000e+00
     695.0 0.0000e+00
     705.0 0.0000e+00
     716.0 0.0000e+00
     726.0 0.0000e+00
     735.0 0.0000e+00
     745.0 0.0000e+00
     755.0 0.0000e+00
     765.0 0.0000e+00
     775.0 0.0000e+00
     785.0 0.0000e+00
     795.0 0.0000e+00
     805.0 0.0000e+00
     815.0 0.0000e+00
     825.0 0.0000e+00
     835.0 0.0000e+00
     845.0 0.0000e+00
     855.0 0.0000e+00
     865.0 0.0000e+00
     875.0 0.0000e+00
     885.0 0.0000e+00
     895.0 0.0000e+00
     905.0 0.0000e+00
     915.0 0.0000e+00
     925.0 2.9137e-12
     935.0 4.3455e-12
     945.0 6.5194e-12
     955.0 1.0624e-11
     965.0 1.8698e-11
     975.0 2.6579e-11
     985.0 4.3420e-11
     995.0 6.8303e-11
    1005.0 1.0478e-10
    1015.0 1.6761e-10
    1025.0 1.9666e-10
    1035.0 4.3356e-10
    1045.0 6.4383e-10
    1055.0 8.5125e-10
    1065.0 1.4315e-09
    1075.0 2.0743e-09
    1085.0 3.0967e-09
    1095.0 4.1855e-09
    1105.0 5.8474e-09
    1115.0 8.1477e-09
    1125.0 1.3615e-08
    1135.0 2.0693e-08
    1145.0 2.9334e-08
    1155.0 4.0640e-08
    1165.0 5.5239e-08
    1175.0 7.9969e-08
    1185.0 1.0606e-07
    1195.0 1.3696e-07
    1205.0 1.6146e-07
    1215.0 1.2372e-07
    1225.0 2.9288e-07
    1235.0 4.5703e-07
    1245.0 6.2162e-07
    1255.0 8.1314e-07
    1265.0 1.0649e-06
    1275.0 1.4030e-06
    1285.0 1.6827e-06
    1295.0 2.1924e-06
    1305.0 2.7743e-06
    1315.0 3.7087e-06
    1325.0 4.6563e-06
    1335.0 5.6937e-06
    1345.0 7.3646e-06
    1355.0 9.7709e-06
    1365.0 1.1746e-05
    1375.0 1.4595e-05
    1385.0 1.7435e-05
    1395.0 1.9781e-05
    1405.0 2.7585e-05
    1415.0 3.4438e-05
    1425.0 3.8616e-05
    1435.0 5.3395e-05
    1442.0 6.6032e-05
    1447.0 6.1854e-05
    1455.0 8.0661e-05
    1465.0 1.0186e-04
    1475.0 1.2424e-04
    1485.0 1.3546e-04
    1495.0 1.9519e-04
    1505.0 2.4105e-04
    1512.0 1.9875e-04
    1517.0 2.7795e-04
    1525.0 6.2804e-04
    1535.0 1.0321e-03
    1545.0 8.2389e-04
    1555.0 1.3980e-03
    1565.0 1.3812e-03
    1575.0 4.6384e-03
    1585.0 4.8831e-03
    1595.0 4.8975e-03
    1605.0 4.6644e-03
    1615.0 4.6988e-03
    1625.0 4.9727e-03
    1635.0 7.0966e-03
    1645.0 1.0077e-02
    1655.0 7.3464e-03
    1665.0 1.3146e-02
    1672.0 9.1924e-03
    1677.0 3.1443e-02
    1685.0 4.2320e-02
    1695.0 6.0855e-02
    1705.0 6.6001e-02
    1715.0 7.1268e-02
    1725.0 1.1171e-01
    1735.0 1.3859e-01
    1745.0 2.1274e-01
    1755.0 2.1643e-01
    1765.0 2.9740e-01
    1775.0 2.1718e-01
    1785.0 5.3180e-01
    1795.0 4.3545e-01
    1805.0 8.1011e-01
    1815.0 4.8014e-01
    1825.0 9.5736e-01
    1835.0 7.9275e-01
    1845.0 8.8563e-01
    1855.0 7.1023e-01
    1865.0 1.4197e+00
    1875.0 1.2815e+00
    1885.0 1.6642e+00
    1895.0 2.3148e+00
    1905.0 2.1941e+00
    1915.0 3.3354e+00
    1925.0 2.4853e+00
    1935.0 1.4566e+00
    1945.0 3.7214e+00
    1955.0 5.3212e+00
    1967.0 6.0283e+00
    1976.0 6.8457e+00
    1984.0 8.7556e+00
    1995.0 7.5595e+00
    2005.0 8.4657e+00
    2015.0 9.4776e+00
    2025.0 7.3723e+00
    2035.0 1.0760e+01
    2045.0 1.1255e+01
    2055.0 1.3548e+01
    2065.0 1.2272e+01
    2074.0 1.1307e+01
    2078.0 3.0937e+01
    2085.0 4.1350e+01
    2095.0 4.2213e+01
    2105.0 3.8808e+01
    2115.0 3.9461e+01
    2125.0 3.8612e+01
    2135.0 5.5036e+01
    2145.0 4.4073e+01
    2155.0 4.9139e+01
    2165.0 4.5232e+01
    2175.0 5.1966e+01
    2185.0 4.4433e+01
    2195.0 7.7032e+01
    2205.0 6.3954e+01
    2215.0 7.0857e+01
    2225.0 6.9083e+01
    2235.0 1.2322e+02
    2245.0 1.3897e+02
    2255.0 1.5218e+02
    2265.0 7.7627e+01
    2275.0 1.3709e+02
    2285.0 1.6288e+02
    2295.0 2.1656e+02
    2305.0 9.2922e+01
    2315.0 2.5083e+02
    2325.0 2.1199e+02
    2335.0 3.2705e+02
    2345.0 1.9201e+02
    2355.0 1.7726e+02
    2365.0 2.1206e+02
    2375.0 2.2854e+02
    2385.0 2.9620e+02
    2395.0 3.0042e+02
    2405.0 4.6938e+02
    2415.0 3.1088e+02
    2425.0 4.5739e+02
    2435.0 6.1807e+02
    2445.0 8.3207e+02
    2455.0 9.2499e+02
    2465.0 5.5693e+02
    2475.0 7.3626e+02
    2485.0 1.9438e+02
    2495.0 3.2748e+02
    2505.0 7.1625e+02
    2513.0 3.6686e+02
    2518.0 2.7557e+02
    2525.0 3.2163e+02
    2535.0 1.1254e+03
    2545.0 1.2075e+03
    2555.0 2.4523e+03
    2565.0 1.3559e+03
    2575.0 2.3023e+03
    2585.0 1.8735e+03
    2595.0 2.1280e+03
    2605.0 2.5977e+03
    2615.0 2.2867e+03
    2625.0 3.4110e+03
    2635.0 7.7737e+03
    2645.0 8.0750e+03
    2655.0 1.9445e+04
    2665.0 9.4654e+03
    2675.0 8.6473e+03
    2685.0 1.3290e+04
    2695.0 5.7721e+03
    2705.0 1.2369e+04
    2715.0 7.3825e+03
    2725.0 3.9565e+03
    2735.0 5.7857e+03
    2745.0 5.5192e+03
    2755.0 7.2487e+03
    2765.0 1.0575e+04
    2775.0 1.2914e+04
    2785.0 7.1274e+03
    2795.0 3.6749e+03
    2805.0 4.5129e+03
    2815.0 1.0088e+04
    2825.0 1.2106e+04
    2835.0 8.5896e+03
    2845.0 4.7602e+03
    2855.0 1.7448e+03
    2865.0 7.1747e+03
    2875.0 1.2110e+04
    2885.0 1.8586e+04
    2895.0 3.2379e+04
    2910.0 6.2096e+04
    2930.0 4.8470e+04
    2950.0 3.7357e+04
    2970.0 3.5618e+04
    2990.0 3.5358e+04
    3010.0 2.9688e+04
    3030.0 4.1810e+04
    3050.0 4.4783e+04
    3070.0 7.1836e+04
    3090.0 6.8285e+04
    3110.0 1.0879e+05
    3130.0 8.6368e+04
    3150.0 1.0401e+05
    3170.0 1.2578e+05
    3190.0 9.6324e+04
    3210.0 1.0285e+05
    3230.0 8.5907e+04
    3250.0 1.5304e+05
    3270.0 1.8908e+05
    3290.0 1.9310e+05
    3310.0 1.5958e+05
    3330.0 1.7238e+05
    3350.0 1.5750e+05
    3370.0 9.2074e+04
    3390.0 1.0956e+05
    3410.0 1.1695e+05
    3430.0 1.3251e+05
    3450.0 1.3803e+05
    3470.0 1.4530e+05
    3490.0 1.8795e+05
    3510.0 2.1569e+05
    3530.0 1.7736e+05
    3550.0 2.1172e+05
    3570.0 1.0246e+05
    3590.0 1.2226e+05
    3610.0 1.8937e+05
    3630.0 2.1222e+05
    3640.0 2.3097e+05
    3650.0 2.7237e+05
    3670.0 3.0485e+05
    3690.0 2.5267e+05
    3710.0 2.5745e+05
    3730.0 1.1636e+05
    3750.0 1.4428e+05
    3770.0 2.3472e+05
    3790.0 2.3985e+05
    3810.0 2.0140e+05
    3830.0 8.5755e+04
    3850.0 1.2362e+05
    3870.0 1.2715e+05
    3890.0 2.1508e+05
    3910.0 2.9956e+05
    3930.0 1.1972e+05
    3950.0 2.5747e+05
    3970.0 1.6937e+05
    3990.0 4.4178e+05
    4010.0 4.8697e+05
    4030.0 4.7078e+05
    4050.0 4.4224e+05
    4070.0 4.0634e+05
    4090.0 5.5671e+05
    4110.0 5.2348e+05
    4130.0 4.7997e+05
    4150.0 4.4764e+05
    4170.0 4.6832e+05
    4190.0 4.5771e+05
    4210.0 4.8017e+05
    4230.0 4.6679e+05
    4250.0 4.9985e+05
    4270.0 4.6190e+05
    4290.0 4.2652e+05
    4310.0 3.6609e+05
    4330.0 5.8881e+05
    4350.0 5.9520e+05
    4370.0 6.4489e+05
    4390.0 5.5229e+05
    4410.0 5.9650e+05
    4430.0 6.6604e+05
    4450.0 6.7520e+05
    4470.0 7.3759e+05
    4490.0 7.6435e+05
    4510.0 8.9967e+05
    4530.0 7.7019e+05
    4550.0 8.1731e+05
    4570.0 8.8883e+05
    4590.0 8.4354e+05
    4610.0 8.6783e+05
    4630.0 8.4636e+05
    4650.0 8.6184e+05
    4670.0 9.1276e+05
    4690.0 8.9518e+05
    4710.0 8.7137e+05
    4730.0 9.0207e+05
    4750.0 9.3010e+05
    4770.0 9.3497e+05
    4790.0 9.3920e+05
    4810.0 9.3762e+05
    4830.0 9.7203e+05
    4850.0 9.2477e+05
    4870.0 8.4590e+05
    4890.0 9.2324e+05
    4910.0 9.2469e+05
    4930.0 8.9747e+05
    4950.0 9.6022e+05
    4970.0 9.4619e+05
    4990.0 8.7216e+05
    5010.0 8.1696e+05
    5030.0 8.7304e+05
    5050.0 8.6285e+05
    5070.0 9.1064e+05
    5090.0 8.4564e+05
    5110.0 8.6475e+05
    5130.0 8.3341e+05
    5150.0 7.9123e+05
    5170.0 6.9315e+05
    5190.0 7.3902e+05
    5210.0 8.3496e+05
    5230.0 9.1101e+05
    5250.0 9.6760e+05
    5270.0 8.2081e+05
    5290.0 9.7702e+05
    5310.0 1.0569e+06
    5330.0 9.0036e+05
    5350.0 1.0130e+06
    5370.0 1.0014e+06
    5390.0 9.7289e+05
    5410.0 9.5342e+05
    5430.0 9.6959e+05
    5450.0 1.0194e+06
    5470.0 1.0007e+06
    5490.0 1.0126e+06
    5510.0 9.9457e+05
    5530.0 1.0254e+06
    5550.0 1.0441e+06
    5570.0 1.0146e+06
    5590.0 9.8434e+05
    5610.0 1.0387e+06
    5630.0 1.0279e+06
    5650.0 1.0379e+06
    5670.0 1.0097e+06
    5690.0 1.0367e+06
    5710.0 9.9673e+05
    5730.0 1.0895e+06
    5750.0 1.0457e+06
    5770.0 1.0622e+06
    5790.0 1.0098e+06
    5810.0 1.0601e+06
    5830.0 1.0930e+06
    5850.0 1.0558e+06
    5870.0 1.0625e+06
    5890.0 9.5057e+05
    5910.0 1.0461e+06
    5930.0 1.0476e+06
    5950.0 1.0480e+06
    5970.0 1.0646e+06
    5990.0 1.0454e+06
    6010.0 1.0235e+06
    6030.0 1.0474e+06
    6050.0 1.0635e+06
    6070.0 1.0529e+06
    6090.0 1.0088e+06
    6110.0 1.0138e+06
    6130.0 9.5386e+05
    6150.0 9.9301e+05
    6170.0 9.4185e+05
    6190.0 1.0128e+06
    6210.0 1.0069e+06
    6230.0 9.7354e+05
    6250.0 9.4184e+05
    6270.0 9.8342e+05
    6290.0 9.9506e+05
    6310.0 9.6347e+05
    6330.0 9.7475e+05
    6350.0 9.7754e+05
    6370.0 9.7200e+05
    6390.0 9.8707e+05
    6410.0 9.6195e+05
    6430.0 9.7338e+05
    6450.0 9.6303e+05
    6470.0 9.5479e+05
    6490.0 9.3553e+05
    6510.0 9.6714e+05
    6530.0 9.6910e+05
    6550.0 9.5117e+05
    6570.0 9.0983e+05
    6590.0 9.5043e+05
    6610.0 9.6171e+05
    6630.0 9.5237e+05
    6650.0 9.5126e+05
    6670.0 9.3235e+05
    6690.0 9.5947e+05
    6710.0 9.2313e+05
    6730.0 9.5128e+05
    6750.0 9.3591e+05
    6770.0 9.4033e+05
    6790.0 9.2960e+05
    6810.0 9.2777e+05
    6830.0 9.3699e+05
    6850.0 9.0546e+05
    6870.0 9.1849e+05
    6890.0 9.2706e+05
    6910.0 9.1693e+05
    6930.0 9.0915e+05
    6950.0 9.0169e+05
    6970.0 9.0467e+05
    6990.0 8.9655e+05
    7010.0 8.7046e+05
    7030.0 8.8832e+05
    7050.0 8.9390e+05
    7070.0 8.7998e+05
    7090.0 8.7550e+05
    7110.0 8.7841e+05
    7130.0 8.6028e+05
    7150.0 8.5430e+05
    7170.0 8.6283e+05
    7190.0 8.2974e+05
    7210.0 8.5052e+05
    7230.0 8.6165e+05
    7250.0 8.5850e+05
    7270.0 8.5650e+05
    7290.0 8.3015e+05
    7310.0 8.4424e+05
    7330.0 8.4120e+05
    7350.0 8.3907e+05
    7370.0 8.4821e+05
    7390.0 8.2540e+05
    7410.0 8.1178e+05
    7430.0 8.2935e+05
    7450.0 8.2966e+05
    7470.0 8.3274e+05
    7490.0 8.2510e+05
    7510.0 8.2985e+05
    7530.0 8.3412e+05
    7550.0 8.3644e+05
    7570.0 8.2784e+05
    7590.0 8.2223e+05
    7610.0 8.2019e+05
    7630.0 8.2290e+05
    7650.0 8.2537e+05
    7670.0 7.9416e+05
    7690.0 8.2086e+05
    7710.0 8.0370e+05
    7730.0 8.0576e+05
    7750.0 7.9622e+05
    7770.0 8.1596e+05
    7790.0 8.1099e+05
    7810.0 8.0664e+05
    7830.0 7.9705e+05
    7850.0 7.9280e+05
    7870.0 8.0039e+05
    7890.0 7.8690e+05
    7910.0 7.6798e+05
    7930.0 7.6086e+05
    7950.0 7.5040e+05
    7970.0 7.7477e+05
    7990.0 7.7258e+05
    8010.0 7.6425e+05
    8030.0 7.6435e+05
    8050.0 7.5759e+05
    8070.0 7.5771e+05
    8090.0 7.3968e+05
    8110.0 7.4351e+05
    8130.0 7.5092e+05
    8150.0 7.4706e+05
    8170.0 7.4700e+05
    8190.0 7.2351e+05
    8210.0 7.2568e+05
    8230.0 7.3048e+05
    8250.0 7.3646e+05
    8270.0 7.4412e+05
    8290.0 7.3809e+05
    8310.0 7.1579e+05
    8330.0 7.1409e+05
    8350.0 7.1566e+05
    8370.0 7.2149e+05
    8390.0 6.9454e+05
    8410.0 7.2193e+05
    8430.0 7.0011e+05
    8450.0 7.1461e+05
    8470.0 7.0890e+05
    8490.0 7.1721e+05
    8510.0 6.8354e+05
    8530.0 7.1363e+05
    8550.0 6.7109e+05
    8570.0 7.1612e+05
    8590.0 7.0044e+05
    8610.0 7.0010e+05
    8630.0 7.0652e+05
    8650.0 7.0999e+05
    8670.0 6.5535e+05
    8690.0 6.7584e+05
    8710.0 6.9155e+05
    8730.0 6.9342e+05
    8750.0 6.8681e+05
    8770.0 6.9366e+05
    8790.0 6.8771e+05
    8810.0 6.6620e+05
    8830.0 6.7919e+05
    8850.0 6.8684e+05
    8870.0 6.7231e+05
    8890.0 6.8492e+05
    8910.0 6.8985e+05
    8930.0 6.7218e+05
    8950.0 6.6918e+05
    8970.0 6.7201e+05
    8990.0 6.7377e+05
    9010.0 6.4656e+05
    9030.0 6.6679e+05
    9050.0 6.8068e+05
    9070.0 6.7200e+05
    9090.0 6.4902e+05
    9110.0 6.5368e+05
    9130.0 6.6607e+05
    9150.0 6.6058e+05
    9170.0 6.5984e+05
    9190.0 6.6734e+05
    9210.0 6.4960e+05
    9230.0 6.5523e+05
    9250.0 6.4638e+05
    9270.0 6.4945e+05
    9290.0 6.4652e+05
    9310.0 6.5274e+05
    9330.0 6.4746e+05
    9350.0 6.4579e+05
    9370.0 6.3498e+05
    9390.0 6.4234e+05
    9410.0 6.2160e+05
    9430.0 6.3987e+05
    9450.0 6.2374e+05
    9470.0 6.3689e+05
    9490.0 6.3793e+05
    9510.0 6.3273e+05
    9530.0 6.3074e+05
    9550.0 6.1903e+05
    9570.0 6.1815e+05
    9590.0 6.2939e+05
    9610.0 6.1872e+05
    9630.0 6.1758e+05
    9650.0 6.0523e+05
    9670.0 6.0671e+05
    9690.0 6.1519e+05
    9710.0 6.0833e+05
    9730.0 6.0457e+05
    9750.0 6.0184e+05
    9770.0 6.0189e+05
    9790.0 5.9230e+05
    9810.0 6.0621e+05
    9830.0 6.0127e+05
    9850.0 6.0451e+05
    9870.0 5.9776e+05
    9890.0 5.9816e+05
    9910.0 5.9587e+05
    9930.0 5.9724e+05
    9950.0 5.9666e+05
    9970.0 5.9572e+05
    9990.0 5.9189e+05
   10025.0 5.8860e+05
   10075.0 5.8148e+05
   10125.0 5.8043e+05
   10175.0 5.7161e+05
   10225.0 5.7062e+05
   10275.0 5.7053e+05
   10325.0 5.5928e+05
   10375.0 5.5480e+05
   10425.0 5.5688e+05
   10475.0 5.4994e+05
   10525.0 5.5003e+05
   10575.0 5.4270e+05
   10625.0 5.3909e+05
   10675.0 5.2952e+05
   10725.0 5.2960e+05
   10775.0 5.2315e+05
   10825.0 5.1372e+05
   10875.0 5.1327e+05
   10925.0 5.1712e+05
   10975.0 5.0714e+05
   11025.0 5.0956e+05
   11075.0 5.0849e+05
   11125.0 5.0364e+05
   11175.0 4.9780e+05
   11225.0 4.9718e+05
   11275.0 4.8797e+05
   11325.0 4.8666e+05
   11375.0 4.8211e+05
   11425.0 4.7533e+05
   11475.0 4.8130e+05
   11525.0 4.7858e+05
   11575.0 4.7159e+05
   11625.0 4.6426e+05
   11675.0 4.6390e+05
   11725.0 4.6684e+05
   11775.0 4.5778e+05
   11825.0 4.5263e+05
   11875.0 4.4696e+05
   11925.0 4.5418e+05
   11975.0 4.3643e+05
   12025.0 4.4417e+05
   12075.0 4.3803e+05
   12125.0 4.3883e+05
   12175.0 4.4009e+05
   12225.0 4.3602e+05
   12275.0 4.3191e+05
   12325.0 4.2921e+05
   12375.0 4.2708e+05
   12425.0 4.2186e+05
   12475.0 4.2180e+05
   12525.0 4.1630e+05
   12575.0 4.1534e+05
   12625.0 4.1221e+05
   12675.0 4.0680e+05
   12725.0 4.0731e+05
   12775.0 4.0678e+05
   12825.0 3.9158e+05
   12875.0 3.9650e+05
   12925.0 3.9193e+05
   12975.0 3.9483e+05
   13025.0 3.8855e+05
   13075.0 3.8959e+05
   13125.0 3.8119e+05
   13175.0 3.7948e+05
   13225.0 3.8073e+05
   13275.0 3.7317e+05
   13325.0 3.7450e+05
   13375.0 3.7110e+05
   13425.0 3.7273e+05
   13475.0 3.6924e+05
   13525.0 3.6737e+05
   13575.0 3.6005e+05
   13625.0 3.5857e+05
   13675.0 3.5788e+05
   13725.0 3.5808e+05
   13775.0 3.5473e+05
   13825.0 3.5354e+05
   13875.0 3.4982e+05
   13925.0 3.5022e+05
   13975.0 3.4839e+05
   14025.0 3.4183e+05
   14075.0 3.4394e+05
   14125.0 3.3815e+05
   14175.0 3.4114e+05
   14225.0 3.3341e+05
   14275.0 3.2678e+05
   14325.0 3.3286e+05
   14375.0 3.3322e+05
   14425.0 3.2163e+05
   14475.0 3.2806e+05
   14525.0 3.2137e+05
   14570.0 3.2266e+05
   14620.0 3.2203e+05
   14675.0 3.2018e+05
   14725.0 3.1369e+05
   14775.0 3.1355e+05
   14825.0 3.1259e+05
   14875.0 3.0507e+05
   14925.0 3.1326e+05
   14975.0 3.0759e+05
   15025.0 2.9667e+05
   15075.0 2.9740e+05
   15125.0 3.0366e+05
   15175.0 3.0286e+05
   15225.0 2.9912e+05
   15275.0 3.0056e+05
   15325.0 2.9722e+05
   15375.0 2.9737e+05
   15425.0 2.9691e+05
   15475.0 2.9419e+05
   15525.0 2.8882e+05
   15575.0 2.8538e+05
   15625.0 2.9009e+05
   15675.0 2.8073e+05
   15725.0 2.8418e+05
   15775.0 2.6995e+05
   15825.0 2.7644e+05
   15875.0 2.6618e+05
   15925.0 2.7151e+05
   15975.0 2.7352e+05
   16050.0 2.7228e+05
   16150.0 2.6735e+05
   16250.0 2.6607e+05
   16350.0 2.6188e+05
   16450.0 2.5547e+05
   16550.0 2.5397e+05
   16650.0 2.4937e+05
   16750.0 2.4235e+05
   16850.0 2.3589e+05
   16950.0 2.3691e+05
   17050.0 2.2828e+05
   17150.0 2.2542e+05
   17250.0 2.1887e+05
   17350.0 2.1269e+05
   17450.0 2.1124e+05
   17550.0 2.0783e+05
   17650.0 2.0433e+05
   17750.0 1.9971e+05
   17850.0 1.9740e+05
   17950.0 1.9312e+05
   18050.0 1.8893e+05
   18150.0 1.8427e+05
   18250.0 1.8135e+05
   18350.0 1.7821e+05
   18450.0 1.7318e+05
   18550.0 1.7209e+05
   18650.0 1.6673e+05
   18750.0 1.6161e+05
   18850.0 1.6247e+05
   18950.0 1.5518e+05
   19050.0 1.5729e+05
   19150.0 1.5402e+05
   19250.0 1.5161e+05
   19350.0 1.4710e+05
   19450.0 1.4312e+05
   19550.0 1.4364e+05
   19650.0 1.4078e+05
   19750.0 1.3764e+05
   19850.0 1.3595e+05
   19950.0 1.3393e+05
   20050.0 1.3310e+05
   20150.0 1.3149e+05
   20250.0 1.2750e+05
   20350.0 1.2501e+05
   20450.0 1.2496e+05
   20550.0 1.2256e+05
   20650.0 1.1974e+05
   20750.0 1.1831e+05
   20850.0 1.1641e+05
   20950.0 1.1350e+05
   21050.0 1.1312e+05
   21150.0 1.1096e+05
   21250.0 1.0915e+05
   21350.0 1.0802e+05
   21450.0 1.0629e+05
   21550.0 1.0468e+05
   21650.0 1.0157e+05
   21750.0 1.0053e+05
   21850.0 9.9265e+04
   21950.0 9.8089e+04
   22050.0 9.5450e+04
   22150.0 9.5347e+04
   22250.0 9.3063e+04
   22350.0 9.1800e+04
   22450.0 9.0532e+04
   22550.0 8.9401e+04
   22650.0 8.7515e+04
   22750.0 8.6909e+04
   22850.0 8.4841e+04
   22950.0 7.6840e+04
   23050.0 7.9741e+04
   23150.0 7.8964e+04
   23250.0 7.1099e+04
   23350.0 7.4098e+04
   23450.0 7.4820e+04
   23550.0 6.6748e+04
   23650.0 7.0622e+04
   23750.0 7.0539e+04
   23850.0 6.3645e+04
   23950.0 6.6606e+04
   24050.0 6.7152e+04
   24150.0 6.1642e+04
   24250.0 6.3378e+04
   24350.0 6.3829e+04
   24450.0 6.0420e+04
   24550.0 5.9670e+04
   24650.0 6.1397e+04
   24750.0 5.9199e+04
   24850.0 5.6762e+04
   24950.0 5.8138e+04
   25050.0 5.8764e+04
   25150.0 5.4999e+04
   25250.0 5.6332e+04
   25350.0 5.6000e+04
   25450.0 5.4413e+04
   25550.0 5.3860e+04
   25650.0 5.3604e+04
   25750.0 5.3641e+04
   25850.0 5.1073e+04
   25950.0 5.1642e+04
   26050.0 5.1441e+04
   26150.0 5.0504e+04
   26250.0 4.9459e+04
   26350.0 4.9361e+04
   26450.0 4.8817e+04
   26550.0 4.8093e+04
   26650.0 4.7023e+04
   26750.0 4.7560e+04
   26850.0 4.6991e+04
   26950.0 4.6032e+04
   27050.0 4.5774e+04
   27150.0 4.5258e+04
   27250.0 4.4765e+04
   27350.0 4.4038e+04
   27450.0 4.3813e+04
   27550.0 4.3258e+04
   27650.0 4.2554e+04
   27750.0 4.1936e+04
   27850.0 4.1589e+04
   27950.0 4.1308e+04
   28050.0 4.0739e+04
   28150.0 4.0178e+04
   28250.0 3.9699e+04
   28350.0 3.9359e+04
   28450.0 3.8743e+04
   28550.0 3.8310e+04
   28650.0 3.7824e+04
   28750.0 3.7314e+04
   28850.0 3.6926e+04
   28950.0 3.6500e+04
   29050.0 3.6022e+04
   29150.0 3.5620e+04
   29250.0 3.4956e+04
   29350.0 3.4774e+04
   29450.0 3.4234e+04
   29550.0 3.3866e+04
   29650.0 3.3542e+04
   29750.0 3.3127e+04
   29850.0 3.2663e+04
   29950.0 3.2232e+04
   30050.0 3.1845e+04
   30150.0 3.1542e+04
   30250.0 3.1071e+04
   30350.0 3.0568e+04
   30450.0 3.0367e+04
   30550.0 2.9963e+04
   30650.0 2.9551e+04
   30750.0 2.9296e+04
   30850.0 2.8816e+04
   30950.0 2.8518e+04
   31050.0 2.8284e+04
   31150.0 2.7671e+04
   31250.0 2.7555e+04
   31350.0 2.7270e+04
   31450.0 2.6927e+04
   31550.0 2.6516e+04
   31650.0 2.6217e+04
   31750.0 2.5969e+04
   31850.0 2.5664e+04
   31950.0 2.5409e+04
   32100.0 2.4917e+04
   32300.0 2.4345e+04
   32500.0 2.3762e+04
   32700.0 2.3203e+04
   32900.0 2.2623e+04
   33100.0 2.2109e+04
   33300.0 2.1585e+04
   33500.0 2.1178e+04
   33700.0 2.0685e+04
   33900.0 2.0181e+04
   34100.0 1.9708e+04
   34300.0 1.9356e+04
   34500.0 1.8951e+04
   34700.0 1.8514e+04
   34900.0 1.8125e+04
   35100.0 1.7754e+04
   35300.0 1.7322e+04
   35500.0 1.7004e+04
   35700.0 1.6616e+04
   35900.0 1.6236e+04
   36100.0 1.5946e+04
   36300.0 1.5617e+04
   36500.0 1.5239e+04
   36700.0 1.4904e+04
   36900.0 1.4514e+04
   37100.0 1.4201e+04
   37300.0 1.3989e+04
   37500.0 1.3601e+04
   37700.0 1.3424e+04
   37900.0 1.3149e+04
   38100.0 1.2920e+04
   38300.0 1.2704e+04
   38500.0 1.2459e+04
   38700.0 1.2162e+04
   38900.0 1.1942e+04
   39100.0 1.1734e+04
   39300.0 1.1507e+04
   39500.0 1.1229e+04
   39700.0 1.1040e+04
   39900.0 1.0756e+04
   40100.0 1.0605e+04
   40300.0 1.0440e+04
   40500.0 1.0213e+04
   40700.0 1.0026e+04
   40900.0 9.8568e+03
   41100.0 9.6830e+03
   41300.0 9.5121e+03
   41500.0 9.3232e+03
   41700.0 9.1512e+03
   41900.0 8.9753e+03
   42100.0 8.7684e+03
   42300.0 8.6857e+03
   42500.0 8.4846e+03
   42700.0 8.3659e+03
   42900.0 7.8254e+03
   43100.0 7.3334e+03
   43300.0 7.3873e+03
   43500.0 6.9266e+03
   43700.0 6.7064e+03
   43900.0 6.5894e+03
   44100.0 6.1968e+03
   44300.0 6.1288e+03
   44500.0 6.0338e+03
   44700.0 5.7099e+03
   44900.0 5.7609e+03
   45100.0 5.5967e+03
   45300.0 5.3773e+03
   45500.0 5.4037e+03
   45700.0 5.3623e+03
   45900.0 5.1176e+03
   46100.0 5.1760e+03
   46300.0 5.0720e+03
   46500.0 5.0263e+03
   46700.0 5.0108e+03
   46900.0 4.9278e+03
   47100.0 4.8126e+03
   47300.0 4.8593e+03
   47500.0 4.7372e+03
   47700.0 4.6685e+03
   47900.0 4.6275e+03
   48100.0 4.4989e+03
   48300.0 4.5548e+03
   48500.0 4.4566e+03
   48700.0 4.3564e+03
   48900.0 4.3053e+03
   49100.0 4.2504e+03
   49300.0 4.1810e+03
   49500.0 4.1061e+03
   49700.0 4.0819e+03
   49900.0 4.0064e+03
   50100.0 3.9754e+03
   50300.0 3.9211e+03
   50500.0 3.8243e+03
   50700.0 3.7979e+03
   50900.0 3.7528e+03
   51100.0 3.6693e+03
   51300.0 3.6617e+03
   51500.0 3.5877e+03
   51700.0 3.5855e+03
   51900.0 3.5085e+03
   52100.0 3.4764e+03
   52300.0 3.4042e+03
   52500.0 3.3905e+03
   52700.0 3.3804e+03
   52900.0 3.2795e+03
   53100.0 3.2446e+03
   53300.0 3.2207e+03
   53500.0 3.1820e+03
   53700.0 3.1488e+03
   53900.0 3.1139e+03
   54100.0 3.0749e+03
   54300.0 3.0104e+03
   54500.0 3.0029e+03
   54700.0 2.9562e+03
   54900.0 2.9195e+03
   55100.0 2.8861e+03
   55300.0 2.8998e+03
   55500.0 2.8069e+03
   55700.0 2.8166e+03
   55900.0 2.7600e+03
   56100.0 2.7377e+03
   56300.0 2.6850e+03
   56500.0 2.6765e+03
   56700.0 2.6446e+03
   56900.0 2.5909e+03
   57100.0 2.5886e+03
   57300.0 2.5526e+03
   57500.0 2.5255e+03
   57700.0 2.4857e+03
   57900.0 2.4753e+03
   58100.0 2.4288e+03
   58300.0 2.4044e+03
   58500.0 2.3806e+03
   58700.0 2.3394e+03
   58900.0 2.3145e+03
   59100.0 2.2944e+03
   59300.0 2.2691e+03
   59500.0 2.2349e+03
   59700.0 2.2189e+03
   59900.0 2.1921e+03
   60100.0 2.1656e+03
   60300.0 2.1407e+03
   60500.0 2.1053e+03
   60700.0 2.0813e+03
   60900.0 2.0567e+03
   61100.0 2.0262e+03
   61300.0 2.0095e+03
   61500.0 1.9889e+03
   61700.0 1.9687e+03
   61900.0 1.9470e+03
   62100.0 1.9257e+03
   62300.0 1.8970e+03
   62500.0 1.8708e+03
   62700.0 1.8500e+03
   62900.0 1.8316e+03
   63100.0 1.8074e+03
   63300.0 1.7942e+03
   63500.0 1.7692e+03
   63700.0 1.7543e+03
   63900.0 1.7295e+03
   64200.0 1.7006e+03
   64600.0 1.6600e+03
   65000.0 1.6224e+03
   65400.0 1.5843e+03
   65800.0 1.5505e+03
   66200.0 1.5140e+03
   66600.0 1.4805e+03
   67000.0 1.4473e+03
   67400.0 1.4133e+03
   67800.0 1.3826e+03
   68200.0 1.3515e+03
   68600.0 1.3223e+03
   69000.0 1.2926e+03
   69400.0 1.2641e+03
   69800.0 1.2368e+03
   70200.0 1.2082e+03
   70600.0 1.1832e+03
   71000.0 1.1566e+03
   71400.0 1.1319e+03
   71800.0 1.1072e+03
   72200.0 1.0837e+03
   72600.0 1.0604e+03
   73000.0 1.0383e+03
   73400.0 1.0159e+03
   73800.0 9.9519e+02
   74200.0 9.7316e+02
   74600.0 9.5284e+02
   75000.0 9.3397e+02
   75400.0 9.1417e+02
   75800.0 8.9641e+02
   76200.0 8.7835e+02
   76600.0 8.6041e+02
   77000.0 8.4280e+02
   77400.0 8.2610e+02
   77800.0 8.0970e+02
   78200.0 7.9281e+02
   78600.0 7.7719e+02
   79000.0 7.6185e+02
   79400.0 7.4697e+02
   79800.0 7.3253e+02
   80200.0 7.1797e+02
   80600.0 7.0366e+02
   81000.0 6.9070e+02
   81400.0 6.7705e+02
   81800.0 6.6453e+02
   82200.0 6.5204e+02
   82600.0 6.3959e+02
   83000.0 6.2770e+02
   83400.0 6.1566e+02
   83800.0 6.0416e+02
   84200.0 5.9336e+02
   84600.0 5.8240e+02
   85000.0 5.7162e+02
   85400.0 5.6118e+02
   85800.0 5.5107e+02
   86200.0 5.4129e+02
   86600.0 5.3086e+02
   87000.0 5.2156e+02
   87400.0 5.1224e+02
   87800.0 5.0307e+02
   88200.0 4.9390e+02
   88600.0 4.8517e+02
   89000.0 4.7643e+02
   89400.0 4.6857e+02
   89800.0 4.6010e+02
   90200.0 4.5234e+02
   90600.0 4.4470e+02
   91000.0 4.3675e+02
   91400.0 4.2949e+02
   91800.0 4.2219e+02
   92200.0 4.1515e+02
   92600.0 4.0822e+02
   93000.0 4.0125e+02
   93400.0 3.9452e+02
   93800.0 3.8803e+02
   94200.0 3.8163e+02
   94600.0 3.7519e+02
   95000.0 3.6912e+02
   95400.0 3.6300e+02
   95800.0 3.5710e+02
   96200.0 3.5129e+02
   96600.0 3.4568e+02
   97000.0 3.4003e+02
   97400.0 3.3383e+02
   97800.0 3.2885e+02
   98200.0 3.2369e+02
   98600.0 3.1848e+02
   99000.0 3.1359e+02
   99400.0 3.0852e+02
   99800.0 3.0376e+02
  100200.0 2.9896e+02
  200000.0 1.9334e+01
  400000.0 1.2134e+00
  600000.0 2.3834e-01
  800000.0 7.4967e-02
 1000000.0 3.0507e-02
 1200000.0 1.4632e-02
 1400000.0 7.8558e-03
 1600000.0 4.5793e-03
