      91.0 0.0000e+00
      94.0 0.0000e+00
      96.0 0.0000e+00
      98.0 0.0000e+00
     100.0 0.0000e+00
     102.0 0.0000e+00
     104.0 0.0000e+00
     106.0 0.0000e+00
     108.0 0.0000e+00
     110.0 0.0000e+00
     114.0 0.0000e+00
     118.0 0.0000e+00
     121.0 0.0000e+00
     125.0 0.0000e+00
     127.0 0.0000e+00
     128.0 0.0000e+00
     131.0 0.0000e+00
     132.0 0.0000e+00
     134.0 0.0000e+00
     137.0 0.0000e+00
     140.0 0.0000e+00
     143.0 0.0000e+00
     147.0 0.0000e+00
     151.0 0.0000e+00
     155.0 0.0000e+00
     159.0 0.0000e+00
     162.0 0.0000e+00
     166.0 0.0000e+00
     170.0 0.0000e+00
     173.0 0.0000e+00
     177.0 0.0000e+00
     180.0 0.0000e+00
     182.0 0.0000e+00
     186.0 0.0000e+00
     191.0 0.0000e+00
     194.0 0.0000e+00
     198.0 0.0000e+00
     202.0 0.0000e+00
     205.0 0.0000e+00
     210.0 0.0000e+00
     216.0 0.0000e+00
     220.0 0.0000e+00
     223.0 0.0000e+00
     227.0 0.0000e+00
     230.0 0.0000e+00
     234.0 0.0000e+00
     240.0 0.0000e+00
     246.0 0.0000e+00
     252.0 0.0000e+00
     257.0 0.0000e+00
     260.0 0.0000e+00
     264.0 0.0000e+00
     269.0 0.0000e+00
     274.0 0.0000e+00
     279.0 0.0000e+00
     284.0 0.0000e+00
     290.0 0.0000e+00
     296.0 0.0000e+00
     301.0 0.0000e+00
     308.0 0.0000e+00
     318.0 0.0000e+00
     328.0 0.0000e+00
     338.0 0.0000e+00
     348.0 0.0000e+00
     357.0 0.0000e+00
     366.0 0.0000e+00
     375.0 0.0000e+00
     385.0 0.0000e+00
     395.0 0.0000e+00
     405.0 0.0000e+00
     414.0 0.0000e+00
     422.0 0.0000e+00
     430.0 0.0000e+00
     441.0 0.0000e+00
     451.0 0.0000e+00
     460.0 0.0000e+00
     470.0 0.0000e+00
     480.0 0.0000e+00
     490.0 0.0000e+00
     500.0 0.0000e+00
     506.0 0.0000e+00
     512.0 0.0000e+00
     520.0 0.0000e+00
     530.0 0.0000e+00
     540.0 0.0000e+00
     550.0 0.0000e+00
     560.0 0.0000e+00
     570.0 0.0000e+00
     580.0 0.0000e+00
     590.0 0.0000e+00
     600.0 0.0000e+00
     610.0 0.0000e+00
     620.0 0.0000e+00
     630.0 0.0000e+00
     640.0 0.0000e+00
     650.0 0.0000e+00
     658.0 0.0000e+00
     665.0 0.0000e+00
     675.0 0.0000e+00
     685.0 0.0000e+00
     695.0 0.0000e+00
     705.0 0.0000e+00
     716.0 0.0000e+00
     726.0 0.0000e+00
     735.0 0.0000e+00
     745.0 0.0000e+00
     755.0 0.0000e+00
     765.0 0.0000e+00
     775.0 0.0000e+00
     785.0 0.0000e+00
     795.0 0.0000e+00
     805.0 0.0000e+00
     815.0 0.0000e+00
     825.0 0.0000e+00
     835.0 0.0000e+00
     845.0 0.0000e+00
     855.0 0.0000e+00
     865.0 0.0000e+00
     875.0 0.0000e+00
     885.0 0.0000e+00
     895.0 0.0000e+00
     905.0 0.0000e+00
     915.0 0.0000e+00
     925.0 3.7519e-07
     935.0 5.6212e-07
     945.0 8.3470e-07
     955.0 1.2716e-06
     965.0 1.8556e-06
     975.0 2.6831e-06
     985.0 3.8538e-06
     995.0 5.4870e-06
    1005.0 7.8918e-06
    1015.0 1.1078e-05
    1025.0 1.4655e-05
    1035.0 2.1359e-05
    1045.0 2.9375e-05
    1055.0 4.0111e-05
    1065.0 5.3529e-05
    1075.0 7.2243e-05
    1085.0 9.8503e-05
    1095.0 1.2912e-04
    1105.0 5.6913e-04
    1115.0 1.2568e-03
    1125.0 1.9206e-03
    1135.0 2.6241e-03
    1145.0 3.6404e-03
    1155.0 4.0981e-03
    1165.0 5.8862e-03
    1175.0 7.1874e-03
    1185.0 7.2776e-03
    1195.0 4.2373e-03
    1205.0 4.3523e-03
    1215.0 2.2794e-03
    1225.0 6.2794e-03
    1235.0 1.5693e-02
    1245.0 3.3290e-02
    1255.0 4.9139e-02
    1265.0 4.9893e-02
    1275.0 7.3568e-02
    1285.0 9.0634e-02
    1295.0 1.1691e-01
    1305.0 1.0393e-01
    1315.0 1.5194e-01
    1325.0 1.6277e-01
    1335.0 1.9183e-01
    1345.0 2.2253e-01
    1355.0 2.5524e-01
    1365.0 2.7469e-01
    1375.0 3.0185e-01
    1385.0 3.4589e-01
    1395.0 3.9579e-01
    1405.0 4.7462e-01
    1415.0 5.3795e-01
    1425.0 6.0412e-01
    1435.0 7.0463e-01
    1442.0 9.4579e-01
    1447.0 8.4992e-01
    1455.0 1.0083e+00
    1465.0 1.2845e+00
    1475.0 1.4634e+00
    1485.0 1.5933e+00
    1495.0 2.0962e+00
    1505.0 2.5778e+00
    1512.0 1.9492e+00
    1517.0 2.5163e+00
    1525.0 5.3935e+00
    1535.0 8.1837e+00
    1545.0 7.1688e+00
    1555.0 1.1233e+01
    1565.0 1.0375e+01
    1575.0 1.9177e+01
    1585.0 2.4177e+01
    1595.0 2.8824e+01
    1605.0 3.0016e+01
    1615.0 3.2777e+01
    1625.0 3.7774e+01
    1635.0 4.2311e+01
    1645.0 6.1509e+01
    1655.0 3.1903e+01
    1665.0 6.9816e+01
    1672.0 4.2063e+01
    1677.0 1.6203e+02
    1685.0 2.0539e+02
    1695.0 2.6045e+02
    1705.0 2.5349e+02
    1715.0 2.5763e+02
    1725.0 3.2788e+02
    1735.0 3.9833e+02
    1745.0 5.1708e+02
    1755.0 7.1755e+02
    1765.0 7.1791e+02
    1775.0 7.3953e+02
    1785.0 9.2509e+02
    1795.0 1.2382e+03
    1805.0 1.2614e+03
    1815.0 1.2799e+03
    1825.0 1.5039e+03
    1835.0 1.7703e+03
    1845.0 1.4348e+03
    1855.0 2.0017e+03
    1865.0 2.3261e+03
    1875.0 2.5562e+03
    1885.0 2.8281e+03
    1895.0 3.6065e+03
    1905.0 3.4531e+03
    1915.0 3.8586e+03
    1925.0 3.8606e+03
    1935.0 2.7710e+03
    1945.0 5.3888e+03
    1955.0 5.5722e+03
    1967.0 7.1781e+03
    1976.0 6.8457e+03
    1984.0 8.6185e+03
    1995.0 8.8039e+03
    2005.0 8.8595e+03
    2015.0 8.9519e+03
    2025.0 7.8168e+03
    2035.0 1.0740e+04
    2045.0 1.2470e+04
    2055.0 1.1742e+04
    2065.0 1.1389e+04
    2074.0 1.4254e+04
    2078.0 3.5630e+04
    2085.0 5.0039e+04
    2095.0 4.6174e+04
    2105.0 4.7739e+04
    2115.0 5.1471e+04
    2125.0 4.1613e+04
    2135.0 3.8725e+04
    2145.0 5.5410e+04
    2155.0 6.0346e+04
    2165.0 4.6716e+04
    2175.0 5.2371e+04
    2185.0 6.7617e+04
    2195.0 7.2477e+04
    2205.0 6.4644e+04
    2215.0 4.1942e+04
    2225.0 5.0625e+04
    2235.0 8.5270e+04
    2245.0 7.6661e+04
    2255.0 4.6552e+04
    2265.0 3.9503e+04
    2275.0 6.2372e+04
    2285.0 8.3830e+04
    2295.0 7.6886e+04
    2305.0 9.3983e+04
    2315.0 6.6702e+04
    2325.0 4.1461e+04
    2335.0 2.6679e+04
    2345.0 1.7666e+04
    2355.0 4.1039e+04
    2365.0 1.9159e+04
    2375.0 2.7701e+04
    2385.0 1.3979e+04
    2395.0 1.9846e+04
    2405.0 1.9358e+04
    2415.0 3.2116e+04
    2425.0 8.3546e+04
    2435.0 9.5602e+04
    2445.0 1.1671e+05
    2455.0 1.2736e+05
    2465.0 1.0035e+05
    2475.0 8.8661e+04
    2485.0 5.0334e+04
    2495.0 7.3876e+04
    2505.0 1.2513e+05
    2513.0 4.4225e+04
    2518.0 3.5406e+04
    2525.0 3.8652e+04
    2535.0 7.3280e+04
    2545.0 8.8128e+04
    2555.0 1.6731e+05
    2565.0 9.0094e+04
    2575.0 1.1931e+05
    2585.0 7.6556e+04
    2595.0 5.9139e+04
    2605.0 4.3984e+04
    2615.0 4.1105e+04
    2625.0 5.9414e+04
    2635.0 1.5511e+05
    2645.0 3.2567e+05
    2655.0 4.5354e+05
    2665.0 2.6492e+05
    2675.0 3.1606e+05
    2685.0 3.6594e+05
    2695.0 2.8613e+05
    2705.0 3.6875e+05
    2715.0 2.1344e+05
    2725.0 1.7829e+05
    2735.0 2.0792e+05
    2745.0 7.4640e+04
    2755.0 1.1025e+05
    2765.0 1.6579e+05
    2775.0 1.7862e+05
    2785.0 1.0056e+05
    2795.0 3.2343e+04
    2805.0 4.2507e+04
    2815.0 1.4685e+05
    2825.0 2.7723e+05
    2835.0 3.2302e+05
    2845.0 3.0579e+05
    2855.0 1.8508e+05
    2865.0 4.3828e+05
    2875.0 5.3752e+05
    2885.0 4.7905e+05
    2895.0 5.3169e+05
    2910.0 7.0012e+05
    2930.0 6.1070e+05
    2950.0 5.6414e+05
    2970.0 6.7565e+05
    2990.0 6.7697e+05
    3010.0 7.4795e+05
    3030.0 7.6306e+05
    3050.0 8.0684e+05
    3070.0 7.6468e+05
    3090.0 8.4951e+05
    3110.0 8.5808e+05
    3130.0 8.3087e+05
    3150.0 8.2350e+05
    3170.0 8.6302e+05
    3190.0 7.5890e+05
    3210.0 8.8715e+05
    3230.0 6.9229e+05
    3250.0 9.5763e+05
    3270.0 1.1028e+06
    3290.0 1.0502e+06
    3310.0 1.0715e+06
    3330.0 1.0629e+06
    3350.0 1.0381e+06
    3370.0 8.9635e+05
    3390.0 1.0025e+06
    3410.0 1.0653e+06
    3430.0 1.0957e+06
    3450.0 1.1848e+06
    3470.0 1.1652e+06
    3490.0 1.2090e+06
    3510.0 1.2809e+06
    3530.0 1.2116e+06
    3550.0 1.3826e+06
    3570.0 1.1234e+06
    3590.0 1.1100e+06
    3610.0 1.2192e+06
    3630.0 1.2568e+06
    3640.0 1.2562e+06
    3650.0 1.3781e+06
    3670.0 1.3506e+06
    3690.0 1.4849e+06
    3710.0 1.7843e+06
    3730.0 1.5971e+06
    3750.0 1.7336e+06
    3770.0 1.8545e+06
    3790.0 1.9377e+06
    3810.0 2.0347e+06
    3830.0 1.5475e+06
    3850.0 1.7653e+06
    3870.0 1.7599e+06
    3890.0 1.8338e+06
    3910.0 1.9249e+06
    3930.0 7.6889e+05
    3950.0 1.4149e+06
    3970.0 8.9172e+05
    3990.0 2.1656e+06
    4010.0 2.4371e+06
    4030.0 2.4979e+06
    4050.0 2.4484e+06
    4070.0 2.4041e+06
    4090.0 2.6739e+06
    4110.0 2.5911e+06
    4130.0 2.6132e+06
    4150.0 2.7280e+06
    4170.0 2.6330e+06
    4190.0 2.6229e+06
    4210.0 2.6150e+06
    4230.0 2.5474e+06
    4250.0 2.6091e+06
    4270.0 2.5190e+06
    4290.0 2.3222e+06
    4310.0 1.9792e+06
    4330.0 2.6396e+06
    4350.0 2.5178e+06
    4370.0 2.7899e+06
    4390.0 2.6047e+06
    4410.0 2.6964e+06
    4430.0 2.7350e+06
    4450.0 2.7359e+06
    4470.0 2.8556e+06
    4490.0 2.8670e+06
    4510.0 3.1365e+06
    4530.0 2.8388e+06
    4550.0 2.8835e+06
    4570.0 3.0805e+06
    4590.0 2.8824e+06
    4610.0 3.0069e+06
    4630.0 2.9324e+06
    4650.0 2.9926e+06
    4670.0 3.0434e+06
    4690.0 2.9745e+06
    4710.0 2.8784e+06
    4730.0 3.0171e+06
    4750.0 3.0778e+06
    4770.0 3.0621e+06
    4790.0 3.0580e+06
    4810.0 3.0047e+06
    4830.0 3.0585e+06
    4850.0 2.8620e+06
    4870.0 2.5655e+06
    4890.0 2.9337e+06
    4910.0 2.9134e+06
    4930.0 2.8567e+06
    4950.0 2.9981e+06
    4970.0 2.9886e+06
    4990.0 2.7667e+06
    5010.0 2.6568e+06
    5030.0 2.8044e+06
    5050.0 2.8396e+06
    5070.0 2.9339e+06
    5090.0 2.8317e+06
    5110.0 2.8615e+06
    5130.0 2.7586e+06
    5150.0 2.7033e+06
    5170.0 2.6770e+06
    5190.0 2.6613e+06
    5210.0 2.7183e+06
    5230.0 2.7457e+06
    5250.0 2.7736e+06
    5270.0 2.5380e+06
    5290.0 2.7665e+06
    5310.0 2.8044e+06
    5330.0 2.6390e+06
    5350.0 2.7907e+06
    5370.0 2.7991e+06
    5390.0 2.7482e+06
    5410.0 2.6751e+06
    5430.0 2.7213e+06
    5450.0 2.8116e+06
    5470.0 2.7349e+06
    5490.0 2.7389e+06
    5510.0 2.7080e+06
    5530.0 2.7316e+06
    5550.0 2.7481e+06
    5570.0 2.7049e+06
    5590.0 2.6579e+06
    5610.0 2.7240e+06
    5630.0 2.7114e+06
    5650.0 2.6949e+06
    5670.0 2.6293e+06
    5690.0 2.6805e+06
    5710.0 2.6286e+06
    5730.0 2.7732e+06
    5750.0 2.6858e+06
    5770.0 2.7079e+06
    5790.0 2.6402e+06
    5810.0 2.6786e+06
    5830.0 2.7121e+06
    5850.0 2.6585e+06
    5870.0 2.6658e+06
    5890.0 2.5683e+06
    5910.0 2.6306e+06
    5930.0 2.6217e+06
    5950.0 2.6204e+06
    5970.0 2.6288e+06
    5990.0 2.5928e+06
    6010.0 2.5504e+06
    6030.0 2.5642e+06
    6050.0 2.5944e+06
    6070.0 2.5858e+06
    6090.0 2.5145e+06
    6110.0 2.4875e+06
    6130.0 2.4180e+06
    6150.0 2.4293e+06
    6170.0 2.3893e+06
    6190.0 2.4800e+06
    6210.0 2.4811e+06
    6230.0 2.4084e+06
    6250.0 2.3153e+06
    6270.0 2.4381e+06
    6290.0 2.4378e+06
    6310.0 2.3609e+06
    6330.0 2.3852e+06
    6350.0 2.3851e+06
    6370.0 2.3657e+06
    6390.0 2.3780e+06
    6410.0 2.3229e+06
    6430.0 2.3363e+06
    6450.0 2.3209e+06
    6470.0 2.3161e+06
    6490.0 2.2719e+06
    6510.0 2.3129e+06
    6530.0 2.3145e+06
    6550.0 2.2475e+06
    6570.0 1.9841e+06
    6590.0 2.2584e+06
    6610.0 2.2717e+06
    6630.0 2.2684e+06
    6650.0 2.2561e+06
    6670.0 2.2305e+06
    6690.0 2.2560e+06
    6710.0 2.2096e+06
    6730.0 2.2298e+06
    6750.0 2.1961e+06
    6770.0 2.2030e+06
    6790.0 2.1804e+06
    6810.0 2.1749e+06
    6830.0 2.1722e+06
    6850.0 2.1301e+06
    6870.0 2.1508e+06
    6890.0 2.1512e+06
    6910.0 2.1297e+06
    6930.0 2.1232e+06
    6950.0 2.1102e+06
    6970.0 2.1053e+06
    6990.0 2.0984e+06
    7010.0 2.0330e+06
    7030.0 2.0613e+06
    7050.0 2.0653e+06
    7070.0 2.0452e+06
    7090.0 2.0346e+06
    7110.0 2.0163e+06
    7130.0 2.0036e+06
    7150.0 1.9971e+06
    7170.0 1.9862e+06
    7190.0 1.9355e+06
    7210.0 1.9629e+06
    7230.0 1.9516e+06
    7250.0 1.9627e+06
    7270.0 1.9551e+06
    7290.0 1.9033e+06
    7310.0 1.9178e+06
    7330.0 1.9199e+06
    7350.0 1.9161e+06
    7370.0 1.9196e+06
    7390.0 1.8721e+06
    7410.0 1.8395e+06
    7430.0 1.8549e+06
    7450.0 1.8590e+06
    7470.0 1.8617e+06
    7490.0 1.8449e+06
    7510.0 1.8451e+06
    7530.0 1.8414e+06
    7550.0 1.8483e+06
    7570.0 1.8258e+06
    7590.0 1.8204e+06
    7610.0 1.8100e+06
    7630.0 1.8098e+06
    7650.0 1.7989e+06
    7670.0 1.7565e+06
    7690.0 1.7827e+06
    7710.0 1.7520e+06
    7730.0 1.7566e+06
    7750.0 1.7378e+06
    7770.0 1.7356e+06
    7790.0 1.7498e+06
    7810.0 1.7383e+06
    7830.0 1.7187e+06
    7850.0 1.7025e+06
    7870.0 1.7168e+06
    7890.0 1.7040e+06
    7910.0 1.6810e+06
    7930.0 1.6602e+06
    7950.0 1.6562e+06
    7970.0 1.6766e+06
    7990.0 1.6703e+06
    8010.0 1.6492e+06
    8030.0 1.6403e+06
    8050.0 1.6314e+06
    8070.0 1.6331e+06
    8090.0 1.6071e+06
    8110.0 1.6216e+06
    8130.0 1.6200e+06
    8150.0 1.6071e+06
    8170.0 1.6004e+06
    8190.0 1.5559e+06
    8210.0 1.5546e+06
    8230.0 1.5513e+06
    8250.0 1.5494e+06
    8270.0 1.5638e+06
    8290.0 1.5509e+06
    8310.0 1.5196e+06
    8330.0 1.4997e+06
    8350.0 1.5127e+06
    8370.0 1.5049e+06
    8390.0 1.4858e+06
    8410.0 1.4974e+06
    8430.0 1.4821e+06
    8450.0 1.4776e+06
    8470.0 1.4582e+06
    8490.0 1.4845e+06
    8510.0 1.3841e+06
    8530.0 1.4869e+06
    8550.0 1.3440e+06
    8570.0 1.4865e+06
    8590.0 1.4387e+06
    8610.0 1.4185e+06
    8630.0 1.4576e+06
    8650.0 1.4527e+06
    8670.0 1.2916e+06
    8690.0 1.4007e+06
    8710.0 1.4220e+06
    8730.0 1.4175e+06
    8750.0 1.3500e+06
    8770.0 1.4119e+06
    8790.0 1.3999e+06
    8810.0 1.3778e+06
    8830.0 1.3784e+06
    8850.0 1.3706e+06
    8870.0 1.3079e+06
    8890.0 1.3712e+06
    8910.0 1.3717e+06
    8930.0 1.3448e+06
    8950.0 1.3464e+06
    8970.0 1.3446e+06
    8990.0 1.3407e+06
    9010.0 1.2615e+06
    9030.0 1.3150e+06
    9050.0 1.3381e+06
    9070.0 1.3000e+06
    9090.0 1.2649e+06
    9110.0 1.2837e+06
    9130.0 1.3048e+06
    9150.0 1.2997e+06
    9170.0 1.2919e+06
    9190.0 1.2951e+06
    9210.0 1.2610e+06
    9230.0 1.2055e+06
    9250.0 1.2399e+06
    9270.0 1.2505e+06
    9290.0 1.2598e+06
    9310.0 1.2583e+06
    9330.0 1.2478e+06
    9350.0 1.2423e+06
    9370.0 1.2351e+06
    9390.0 1.2327e+06
    9410.0 1.1821e+06
    9430.0 1.2157e+06
    9450.0 1.2006e+06
    9470.0 1.2145e+06
    9490.0 1.2150e+06
    9510.0 1.2022e+06
    9530.0 1.1932e+06
    9550.0 1.1326e+06
    9570.0 1.1755e+06
    9590.0 1.1847e+06
    9610.0 1.1667e+06
    9630.0 1.1511e+06
    9650.0 1.1516e+06
    9670.0 1.1408e+06
    9690.0 1.1466e+06
    9710.0 1.1486e+06
    9730.0 1.1445e+06
    9750.0 1.1255e+06
    9770.0 1.1299e+06
    9790.0 1.1215e+06
    9810.0 1.1251e+06
    9830.0 1.1204e+06
    9850.0 1.1115e+06
    9870.0 1.1032e+06
    9890.0 1.0974e+06
    9910.0 1.0927e+06
    9930.0 1.0954e+06
    9950.0 1.0918e+06
    9970.0 1.0889e+06
    9990.0 1.0833e+06
   10025.0 1.0674e+06
   10075.0 1.0423e+06
   10125.0 1.0453e+06
   10175.0 1.0310e+06
   10225.0 1.0249e+06
   10275.0 1.0211e+06
   10325.0 9.9956e+05
   10375.0 9.9084e+05
   10425.0 9.8522e+05
   10475.0 9.6381e+05
   10525.0 9.5998e+05
   10575.0 9.5135e+05
   10625.0 9.3849e+05
   10675.0 9.1309e+05
   10725.0 9.1356e+05
   10775.0 9.0263e+05
   10825.0 8.8847e+05
   10875.0 8.8174e+05
   10925.0 8.5932e+05
   10975.0 8.6256e+05
   11025.0 8.6709e+05
   11075.0 8.6016e+05
   11125.0 8.4721e+05
   11175.0 8.3628e+05
   11225.0 8.3332e+05
   11275.0 8.1114e+05
   11325.0 8.0455e+05
   11375.0 8.0139e+05
   11425.0 7.8585e+05
   11475.0 7.9313e+05
   11525.0 7.8518e+05
   11575.0 7.7286e+05
   11625.0 7.5549e+05
   11675.0 7.4815e+05
   11725.0 7.5478e+05
   11775.0 7.3386e+05
   11825.0 7.3084e+05
   11875.0 7.1747e+05
   11925.0 7.2833e+05
   11975.0 7.0486e+05
   12025.0 7.0872e+05
   12075.0 6.9834e+05
   12125.0 6.9447e+05
   12175.0 6.9258e+05
   12225.0 6.8492e+05
   12275.0 6.7688e+05
   12325.0 6.7148e+05
   12375.0 6.6536e+05
   12425.0 6.5955e+05
   12475.0 6.5427e+05
   12525.0 6.4516e+05
   12575.0 6.3731e+05
   12625.0 6.3333e+05
   12675.0 6.2670e+05
   12725.0 6.2519e+05
   12775.0 6.1986e+05
   12825.0 5.8383e+05
   12875.0 6.0542e+05
   12925.0 5.9874e+05
   12975.0 5.9613e+05
   13025.0 5.8803e+05
   13075.0 5.8648e+05
   13125.0 5.7750e+05
   13175.0 5.7050e+05
   13225.0 5.6976e+05
   13275.0 5.6017e+05
   13325.0 5.5820e+05
   13375.0 5.5216e+05
   13425.0 5.5045e+05
   13475.0 5.4511e+05
   13525.0 5.3939e+05
   13575.0 5.3002e+05
   13625.0 5.2807e+05
   13675.0 5.2313e+05
   13725.0 5.1512e+05
   13775.0 5.1367e+05
   13825.0 5.1027e+05
   13875.0 5.0753e+05
   13925.0 5.0192e+05
   13975.0 4.9846e+05
   14025.0 4.9168e+05
   14075.0 4.9073e+05
   14125.0 4.8312e+05
   14175.0 4.8258e+05
   14225.0 4.7291e+05
   14275.0 4.6719e+05
   14325.0 4.6855e+05
   14375.0 4.6762e+05
   14425.0 4.4836e+05
   14475.0 4.5752e+05
   14525.0 4.4562e+05
   14570.0 4.4858e+05
   14620.0 4.4366e+05
   14675.0 4.4174e+05
   14725.0 4.3321e+05
   14775.0 4.2913e+05
   14825.0 4.2700e+05
   14875.0 4.2007e+05
   14925.0 4.2265e+05
   14975.0 4.1518e+05
   15025.0 4.0944e+05
   15075.0 4.0272e+05
   15125.0 4.0457e+05
   15175.0 4.0253e+05
   15225.0 3.9927e+05
   15275.0 3.9409e+05
   15325.0 3.9051e+05
   15375.0 3.9228e+05
   15425.0 3.8092e+05
   15475.0 3.8563e+05
   15525.0 3.8225e+05
   15575.0 3.6744e+05
   15625.0 3.8229e+05
   15675.0 3.6892e+05
   15725.0 3.6027e+05
   15775.0 3.6377e+05
   15825.0 3.6435e+05
   15875.0 3.3865e+05
   15925.0 3.5605e+05
   15975.0 3.5858e+05
   16050.0 3.5100e+05
   16150.0 3.3678e+05
   16250.0 3.4173e+05
   16350.0 3.3258e+05
   16450.0 3.1800e+05
   16550.0 3.2253e+05
   16650.0 3.1711e+05
   16750.0 3.0808e+05
   16850.0 2.9379e+05
   16950.0 2.9985e+05
   17050.0 2.9020e+05
   17150.0 2.8731e+05
   17250.0 2.7835e+05
   17350.0 2.6344e+05
   17450.0 2.6697e+05
   17550.0 2.6331e+05
   17650.0 2.5829e+05
   17750.0 2.5349e+05
   17850.0 2.4911e+05
   17950.0 2.4527e+05
   18050.0 2.3928e+05
   18150.0 2.2821e+05
   18250.0 2.2935e+05
   18350.0 2.2657e+05
   18450.0 2.2120e+05
   18550.0 2.1770e+05
   18650.0 2.1272e+05
   18750.0 2.0108e+05
   18850.0 2.0529e+05
   18950.0 1.9819e+05
   19050.0 1.9916e+05
   19150.0 1.9492e+05
   19250.0 1.9167e+05
   19350.0 1.8701e+05
   19450.0 1.7783e+05
   19550.0 1.8116e+05
   19650.0 1.7774e+05
   19750.0 1.7437e+05
   19850.0 1.7195e+05
   19950.0 1.6894e+05
   20050.0 1.6660e+05
   20150.0 1.6424e+05
   20250.0 1.6028e+05
   20350.0 1.5677e+05
   20450.0 1.5590e+05
   20550.0 1.5288e+05
   20650.0 1.4969e+05
   20750.0 1.4739e+05
   20850.0 1.4501e+05
   20950.0 1.4205e+05
   21050.0 1.4024e+05
   21150.0 1.3768e+05
   21250.0 1.3536e+05
   21350.0 1.3343e+05
   21450.0 1.3151e+05
   21550.0 1.2942e+05
   21650.0 1.2288e+05
   21750.0 1.2457e+05
   21850.0 1.2265e+05
   21950.0 1.2136e+05
   22050.0 1.1861e+05
   22150.0 1.1700e+05
   22250.0 1.1537e+05
   22350.0 1.1350e+05
   22450.0 1.1173e+05
   22550.0 1.0935e+05
   22650.0 1.0799e+05
   22750.0 1.0656e+05
   22850.0 1.0473e+05
   22950.0 1.0289e+05
   23050.0 1.0195e+05
   23150.0 9.9975e+04
   23250.0 9.7608e+04
   23350.0 9.6466e+04
   23450.0 9.5405e+04
   23550.0 9.2737e+04
   23650.0 9.2191e+04
   23750.0 9.0714e+04
   23850.0 8.8416e+04
   23950.0 8.7909e+04
   24050.0 8.6579e+04
   24150.0 8.4691e+04
   24250.0 8.4157e+04
   24350.0 8.2476e+04
   24450.0 8.1242e+04
   24550.0 8.0104e+04
   24650.0 7.9415e+04
   24750.0 7.7992e+04
   24850.0 7.6919e+04
   24950.0 7.5186e+04
   25050.0 7.5600e+04
   25150.0 7.4014e+04
   25250.0 7.2301e+04
   25350.0 7.2235e+04
   25450.0 7.1113e+04
   25550.0 7.0025e+04
   25650.0 6.7821e+04
   25750.0 6.8417e+04
   25850.0 6.6866e+04
   25950.0 6.6511e+04
   26050.0 6.5648e+04
   26150.0 6.3499e+04
   26250.0 6.1815e+04
   26350.0 6.2970e+04
   26450.0 6.1947e+04
   26550.0 6.1175e+04
   26650.0 6.0007e+04
   26750.0 5.8537e+04
   26850.0 5.9017e+04
   26950.0 5.8282e+04
   27050.0 5.7475e+04
   27150.0 5.6711e+04
   27250.0 5.5989e+04
   27350.0 5.5308e+04
   27450.0 5.4683e+04
   27550.0 5.2722e+04
   27650.0 5.2859e+04
   27750.0 5.2448e+04
   27850.0 5.1778e+04
   27950.0 5.1209e+04
   28050.0 5.0539e+04
   28150.0 4.9909e+04
   28250.0 4.9225e+04
   28350.0 4.8670e+04
   28450.0 4.7928e+04
   28550.0 4.7387e+04
   28650.0 4.6706e+04
   28750.0 4.5105e+04
   28850.0 4.5557e+04
   28950.0 4.5042e+04
   29050.0 4.4534e+04
   29150.0 4.3904e+04
   29250.0 4.3310e+04
   29350.0 4.2862e+04
   29450.0 4.2267e+04
   29550.0 4.1803e+04
   29650.0 4.1331e+04
   29750.0 4.0823e+04
   29850.0 4.0321e+04
   29950.0 3.9772e+04
   30050.0 3.9282e+04
   30150.0 3.8863e+04
   30250.0 3.8371e+04
   30350.0 3.7116e+04
   30450.0 3.7261e+04
   30550.0 3.6953e+04
   30650.0 3.6508e+04
   30750.0 3.6144e+04
   30850.0 3.5595e+04
   30950.0 3.5203e+04
   31050.0 3.4827e+04
   31150.0 3.4221e+04
   31250.0 3.3990e+04
   31350.0 3.3602e+04
   31450.0 3.3207e+04
   31550.0 3.2768e+04
   31650.0 3.2442e+04
   31750.0 3.2047e+04
   31850.0 3.1716e+04
   31950.0 3.1377e+04
   32100.0 3.0782e+04
   32300.0 3.0103e+04
   32500.0 2.9382e+04
   32700.0 2.8698e+04
   32900.0 2.7652e+04
   33100.0 2.7385e+04
   33300.0 2.6754e+04
   33500.0 2.6211e+04
   33700.0 2.5563e+04
   33900.0 2.4970e+04
   34100.0 2.4400e+04
   34300.0 2.3933e+04
   34500.0 2.3454e+04
   34700.0 2.2906e+04
   34900.0 2.2418e+04
   35100.0 2.1949e+04
   35300.0 2.1431e+04
   35500.0 2.0991e+04
   35700.0 2.0512e+04
   35900.0 2.0126e+04
   36100.0 1.9664e+04
   36300.0 1.9311e+04
   36500.0 1.8803e+04
   36700.0 1.8448e+04
   36900.0 1.7922e+04
   37100.0 1.7608e+04
   37300.0 1.7247e+04
   37500.0 1.6663e+04
   37700.0 1.6604e+04
   37900.0 1.6271e+04
   38100.0 1.5902e+04
   38300.0 1.5647e+04
   38500.0 1.5379e+04
   38700.0 1.5045e+04
   38900.0 1.4732e+04
   39100.0 1.4386e+04
   39300.0 1.4201e+04
   39500.0 1.3896e+04
   39700.0 1.3650e+04
   39900.0 1.3302e+04
   40100.0 1.3058e+04
   40300.0 1.2818e+04
   40500.0 1.2487e+04
   40700.0 1.2372e+04
   40900.0 1.2144e+04
   41100.0 1.1941e+04
   41300.0 1.1734e+04
   41500.0 1.1489e+04
   41700.0 1.1193e+04
   41900.0 1.1065e+04
   42100.0 1.0832e+04
   42300.0 1.0696e+04
   42500.0 1.0470e+04
   42700.0 1.0300e+04
   42900.0 9.9757e+03
   43100.0 9.7154e+03
   43300.0 9.6067e+03
   43500.0 9.2651e+03
   43700.0 9.0486e+03
   43900.0 8.9850e+03
   44100.0 8.6632e+03
   44300.0 8.5974e+03
   44500.0 8.4719e+03
   44700.0 8.1742e+03
   44900.0 8.1431e+03
   45100.0 8.0003e+03
   45300.0 7.7545e+03
   45500.0 7.6923e+03
   45700.0 7.5907e+03
   45900.0 7.3539e+03
   46100.0 7.3128e+03
   46300.0 7.1826e+03
   46500.0 7.0489e+03
   46700.0 6.9337e+03
   46900.0 6.8528e+03
   47100.0 6.7515e+03
   47300.0 6.6785e+03
   47500.0 6.5532e+03
   47700.0 6.4457e+03
   47900.0 6.3606e+03
   48100.0 6.2301e+03
   48300.0 6.1786e+03
   48500.0 6.0717e+03
   48700.0 5.9714e+03
   48900.0 5.8825e+03
   49100.0 5.7899e+03
   49300.0 5.7085e+03
   49500.0 5.6184e+03
   49700.0 5.5247e+03
   49900.0 5.4468e+03
   50100.0 5.3795e+03
   50300.0 5.3036e+03
   50500.0 5.2006e+03
   50700.0 5.1270e+03
   50900.0 5.0636e+03
   51100.0 4.9690e+03
   51300.0 4.8756e+03
   51500.0 4.8288e+03
   51700.0 4.7870e+03
   51900.0 4.6879e+03
   52100.0 4.6166e+03
   52300.0 4.5507e+03
   52500.0 4.4943e+03
   52700.0 4.4430e+03
   52900.0 4.3537e+03
   53100.0 4.3040e+03
   53300.0 4.2422e+03
   53500.0 4.1842e+03
   53700.0 4.1269e+03
   53900.0 4.0711e+03
   54100.0 4.0103e+03
   54300.0 3.9373e+03
   54500.0 3.9004e+03
   54700.0 3.8419e+03
   54900.0 3.7865e+03
   55100.0 3.7417e+03
   55300.0 3.7013e+03
   55500.0 3.6319e+03
   55700.0 3.6012e+03
   55900.0 3.5336e+03
   56100.0 3.4910e+03
   56300.0 3.4409e+03
   56500.0 3.4083e+03
   56700.0 3.3619e+03
   56900.0 3.3072e+03
   57100.0 3.2734e+03
   57300.0 3.2301e+03
   57500.0 3.1867e+03
   57700.0 3.1437e+03
   57900.0 3.1020e+03
   58100.0 3.0590e+03
   58300.0 3.0218e+03
   58500.0 2.9861e+03
   58700.0 2.9411e+03
   58900.0 2.8994e+03
   59100.0 2.8523e+03
   59300.0 2.8331e+03
   59500.0 2.7891e+03
   59700.0 2.7633e+03
   59900.0 2.7249e+03
   60100.0 2.6905e+03
   60300.0 2.6575e+03
   60500.0 2.6229e+03
   60700.0 2.5884e+03
   60900.0 2.5559e+03
   61100.0 2.5199e+03
   61300.0 2.4940e+03
   61500.0 2.4644e+03
   61700.0 2.4340e+03
   61900.0 2.4027e+03
   62100.0 2.3732e+03
   62300.0 2.3379e+03
   62500.0 2.3122e+03
   62700.0 2.2841e+03
   62900.0 2.2578e+03
   63100.0 2.2263e+03
   63300.0 2.2045e+03
   63500.0 2.1760e+03
   63700.0 2.1515e+03
   63900.0 2.1233e+03
   64200.0 2.0864e+03
   64600.0 2.0333e+03
   65000.0 1.9848e+03
   65400.0 1.9396e+03
   65800.0 1.8947e+03
   66200.0 1.8495e+03
   66600.0 1.8076e+03
   67000.0 1.7636e+03
   67400.0 1.7224e+03
   67800.0 1.6836e+03
   68200.0 1.6454e+03
   68600.0 1.6082e+03
   69000.0 1.5717e+03
   69400.0 1.5362e+03
   69800.0 1.5014e+03
   70200.0 1.4668e+03
   70600.0 1.4353e+03
   71000.0 1.4047e+03
   71400.0 1.3740e+03
   71800.0 1.3440e+03
   72200.0 1.3145e+03
   72600.0 1.2850e+03
   73000.0 1.2586e+03
   73400.0 1.2311e+03
   73800.0 1.2059e+03
   74200.0 1.1796e+03
   74600.0 1.1532e+03
   75000.0 1.1278e+03
   75400.0 1.1074e+03
   75800.0 1.0855e+03
   76200.0 1.0619e+03
   76600.0 1.0407e+03
   77000.0 1.0192e+03
   77400.0 9.9905e+02
   77800.0 9.7909e+02
   78200.0 9.5930e+02
   78600.0 9.4044e+02
   79000.0 9.2191e+02
   79400.0 9.0370e+02
   79800.0 8.8525e+02
   80200.0 8.6749e+02
   80600.0 8.5078e+02
   81000.0 8.3472e+02
   81400.0 8.1821e+02
   81800.0 8.0252e+02
   82200.0 7.8781e+02
   82600.0 7.7264e+02
   83000.0 7.5825e+02
   83400.0 7.4341e+02
   83800.0 7.2899e+02
   84200.0 7.1582e+02
   84600.0 7.0253e+02
   85000.0 6.8979e+02
   85400.0 6.7693e+02
   85800.0 6.6477e+02
   86200.0 6.5265e+02
   86600.0 6.4087e+02
   87000.0 6.2945e+02
   87400.0 6.1821e+02
   87800.0 6.0699e+02
   88200.0 5.9594e+02
   88600.0 5.8508e+02
   89000.0 5.7468e+02
   89400.0 5.6460e+02
   89800.0 5.5452e+02
   90200.0 5.4520e+02
   90600.0 5.3586e+02
   91000.0 5.2624e+02
   91400.0 5.1748e+02
   91800.0 5.0885e+02
   92200.0 5.0022e+02
   92600.0 4.9171e+02
   93000.0 4.8347e+02
   93400.0 4.7480e+02
   93800.0 4.6694e+02
   94200.0 4.5920e+02
   94600.0 4.5157e+02
   95000.0 4.4393e+02
   95400.0 4.3665e+02
   95800.0 4.2962e+02
   96200.0 4.2255e+02
   96600.0 4.1572e+02
   97000.0 4.0898e+02
   97400.0 4.0209e+02
   97800.0 3.9593e+02
   98200.0 3.8960e+02
   98600.0 3.8336e+02
   99000.0 3.7733e+02
   99400.0 3.7090e+02
   99800.0 3.6517e+02
  100200.0 3.5951e+02
  200000.0 2.3033e+01
  400000.0 1.4375e+00
  600000.0 2.8187e-01
  800000.0 8.8532e-02
 1000000.0 3.6047e-02
 1200000.0 1.7280e-02
 1400000.0 9.2813e-03
 1600000.0 5.4150e-03
