      91.0 0.0000e+00
      94.0 0.0000e+00
      96.0 0.0000e+00
      98.0 0.0000e+00
     100.0 0.0000e+00
     102.0 0.0000e+00
     104.0 0.0000e+00
     106.0 0.0000e+00
     108.0 0.0000e+00
     110.0 0.0000e+00
     114.0 0.0000e+00
     118.0 0.0000e+00
     121.0 0.0000e+00
     125.0 0.0000e+00
     127.0 0.0000e+00
     128.0 0.0000e+00
     131.0 0.0000e+00
     132.0 0.0000e+00
     134.0 0.0000e+00
     137.0 0.0000e+00
     140.0 0.0000e+00
     143.0 0.0000e+00
     147.0 0.0000e+00
     151.0 0.0000e+00
     155.0 0.0000e+00
     159.0 0.0000e+00
     162.0 0.0000e+00
     166.0 0.0000e+00
     170.0 0.0000e+00
     173.0 0.0000e+00
     177.0 0.0000e+00
     180.0 0.0000e+00
     182.0 0.0000e+00
     186.0 0.0000e+00
     191.0 0.0000e+00
     194.0 0.0000e+00
     198.0 0.0000e+00
     202.0 0.0000e+00
     205.0 0.0000e+00
     210.0 0.0000e+00
     216.0 0.0000e+00
     220.0 0.0000e+00
     223.0 0.0000e+00
     227.0 0.0000e+00
     230.0 4.9214e-03
     234.0 1.0933e-02
     240.0 2.4275e-02
     246.0 5.5088e-02
     252.0 1.1249e-01
     257.0 1.7787e-01
     260.0 2.7372e-01
     264.0 4.1552e-01
     269.0 6.6388e-01
     274.0 1.0953e+00
     279.0 1.7824e+00
     284.0 3.0955e+00
     290.0 5.2430e+00
     296.0 8.7718e+00
     301.0 1.3147e+01
     308.0 2.2741e+01
     318.0 5.0339e+01
     328.0 9.8779e+01
     338.0 1.9576e+02
     348.0 3.6241e+02
     357.0 8.5048e+02
     366.0 1.4645e+03
     375.0 2.2257e+03
     385.0 3.6179e+03
     395.0 5.8911e+03
     405.0 8.9120e+03
     414.0 1.2999e+04
     422.0 1.7514e+04
     430.0 2.4022e+04
     441.0 3.5528e+04
     451.0 4.9399e+04
     460.0 6.5059e+04
     470.0 8.9354e+04
     480.0 1.1981e+05
     490.0 1.5992e+05
     500.0 2.0899e+05
     506.0 1.1138e+06
     512.0 6.6055e+06
     520.0 7.5170e+06
     530.0 9.0461e+06
     540.0 9.3433e+06
     550.0 1.3336e+07
     560.0 1.5227e+07
     570.0 1.8137e+07
     580.0 1.7688e+07
     590.0 2.2523e+07
     600.0 2.5043e+07
     610.0 2.9085e+07
     620.0 3.1726e+07
     630.0 3.4987e+07
     640.0 3.5600e+07
     650.0 4.0445e+07
     658.0 4.4564e+07
     665.0 4.6776e+07
     675.0 4.7454e+07
     685.0 5.0218e+07
     695.0 5.9732e+07
     705.0 6.1210e+07
     716.0 6.7905e+07
     726.0 7.1212e+07
     735.0 7.3696e+07
     745.0 8.2166e+07
     755.0 8.7578e+07
     765.0 9.3499e+07
     775.0 9.9767e+07
     785.0 1.0629e+08
     795.0 1.0953e+08
     805.0 1.1466e+08
     815.0 1.1849e+08
     825.0 1.2763e+08
     835.0 1.1761e+08
     845.0 1.3387e+08
     855.0 1.3794e+08
     865.0 1.4620e+08
     875.0 1.5478e+08
     885.0 1.6520e+08
     895.0 1.7216e+08
     905.0 1.7233e+08
     915.0 1.9680e+08
     925.0 7.9003e+08
     935.0 1.9725e+09
     945.0 5.5082e+09
     955.0 8.7437e+09
     965.0 1.1346e+10
     975.0 1.7988e+09
     985.0 1.1014e+10
     995.0 1.0064e+10
    1005.0 1.2597e+10
    1015.0 1.1582e+10
    1025.0 3.5794e+09
    1035.0 8.9577e+09
    1045.0 1.4693e+10
    1055.0 1.3672e+10
    1065.0 1.0837e+10
    1075.0 1.2504e+10
    1085.0 1.0604e+10
    1095.0 1.2462e+10
    1105.0 1.1294e+10
    1115.0 1.0900e+10
    1125.0 8.9642e+09
    1135.0 1.1068e+10
    1145.0 9.7688e+09
    1155.0 1.0167e+10
    1165.0 9.9841e+09
    1175.0 6.4604e+09
    1185.0 9.4279e+09
    1195.0 8.3605e+09
    1205.0 6.2931e+09
    1215.0 3.1039e+09
    1225.0 6.9611e+09
    1235.0 8.6485e+09
    1245.0 8.6880e+09
    1255.0 8.2684e+09
    1265.0 8.1532e+09
    1275.0 8.6233e+09
    1285.0 8.4969e+09
    1295.0 6.8824e+09
    1305.0 7.1259e+09
    1315.0 8.0998e+09
    1325.0 7.4725e+09
    1335.0 7.1389e+09
    1345.0 7.2718e+09
    1355.0 7.1649e+09
    1365.0 6.5261e+09
    1375.0 6.4125e+09
    1385.0 6.3015e+09
    1395.0 4.8496e+09
    1405.0 5.0524e+09
    1415.0 5.5963e+09
    1425.0 5.4271e+09
    1435.0 5.5468e+09
    1442.0 5.6551e+09
    1447.0 5.5262e+09
    1455.0 5.3750e+09
    1465.0 4.9208e+09
    1475.0 4.9546e+09
    1485.0 4.8544e+09
    1495.0 4.7800e+09
    1505.0 4.2762e+09
    1512.0 3.7971e+09
    1517.0 3.9055e+09
    1525.0 4.0498e+09
    1535.0 3.4206e+09
    1545.0 3.3272e+09
    1555.0 3.2349e+09
    1565.0 3.4846e+09
    1575.0 3.6831e+09
    1585.0 3.6688e+09
    1595.0 3.6371e+09
    1605.0 3.6985e+09
    1615.0 3.5940e+09
    1625.0 3.5349e+09
    1635.0 3.7134e+09
    1645.0 3.6679e+09
    1655.0 3.6259e+09
    1665.0 3.6820e+09
    1672.0 3.5208e+09
    1677.0 3.7604e+09
    1685.0 3.6686e+09
    1695.0 3.4894e+09
    1705.0 3.3566e+09
    1715.0 3.1920e+09
    1725.0 3.1132e+09
    1735.0 3.2299e+09
    1745.0 3.1395e+09
    1755.0 3.1677e+09
    1765.0 3.0649e+09
    1775.0 2.9155e+09
    1785.0 2.9533e+09
    1795.0 3.0262e+09
    1805.0 3.0303e+09
    1815.0 2.7283e+09
    1825.0 2.8235e+09
    1835.0 2.7134e+09
    1845.0 2.4663e+09
    1855.0 2.4774e+09
    1865.0 2.5095e+09
    1875.0 2.6145e+09
    1885.0 2.3293e+09
    1895.0 2.1566e+09
    1905.0 2.3329e+09
    1915.0 2.1896e+09
    1925.0 2.0821e+09
    1935.0 2.2009e+09
    1945.0 2.2588e+09
    1955.0 2.0350e+09
    1967.0 2.1881e+09
    1976.0 2.2853e+09
    1984.0 2.1015e+09
    1995.0 2.0681e+09
    2005.0 2.1212e+09
    2015.0 2.0940e+09
    2025.0 2.1532e+09
    2035.0 1.9665e+09
    2045.0 1.9909e+09
    2055.0 1.9272e+09
    2065.0 1.9370e+09
    2074.0 2.0200e+09
    2078.0 1.8515e+09
    2085.0 1.9227e+09
    2095.0 1.8114e+09
    2105.0 1.8760e+09
    2115.0 1.8672e+09
    2125.0 1.8852e+09
    2135.0 1.8381e+09
    2145.0 1.7522e+09
    2155.0 1.8140e+09
    2165.0 1.7957e+09
    2175.0 1.7671e+09
    2185.0 1.7206e+09
    2195.0 1.7335e+09
    2205.0 1.7134e+09
    2215.0 1.6858e+09
    2225.0 1.6384e+09
    2235.0 1.6180e+09
    2245.0 1.6224e+09
    2255.0 1.5755e+09
    2265.0 1.5862e+09
    2275.0 1.5602e+09
    2285.0 1.5558e+09
    2295.0 1.4680e+09
    2305.0 1.5016e+09
    2315.0 1.4555e+09
    2325.0 1.2915e+09
    2335.0 1.3942e+09
    2345.0 1.3959e+09
    2355.0 1.3897e+09
    2365.0 1.3681e+09
    2375.0 1.3423e+09
    2385.0 1.3307e+09
    2395.0 1.3198e+09
    2405.0 1.2908e+09
    2415.0 1.2799e+09
    2425.0 1.2778e+09
    2435.0 1.2398e+09
    2445.0 1.2387e+09
    2455.0 1.2370e+09
    2465.0 1.2123e+09
    2475.0 1.1969e+09
    2485.0 1.1815e+09
    2495.0 1.0884e+09
    2505.0 1.1483e+09
    2513.0 1.0939e+09
    2518.0 1.1337e+09
    2525.0 1.1155e+09
    2535.0 1.0993e+09
    2545.0 1.0738e+09
    2555.0 1.0799e+09
    2565.0 1.0661e+09
    2575.0 1.0623e+09
    2585.0 1.0518e+09
    2595.0 1.0387e+09
    2605.0 1.0235e+09
    2615.0 1.0108e+09
    2625.0 1.0017e+09
    2635.0 9.9153e+08
    2645.0 9.8645e+08
    2655.0 9.8073e+08
    2665.0 9.4806e+08
    2675.0 9.4953e+08
    2685.0 9.4430e+08
    2695.0 9.1386e+08
    2705.0 9.0171e+08
    2715.0 8.9736e+08
    2725.0 8.9030e+08
    2735.0 8.8685e+08
    2745.0 8.5955e+08
    2755.0 8.5711e+08
    2765.0 8.4716e+08
    2775.0 8.5290e+08
    2785.0 8.3921e+08
    2795.0 8.0113e+08
    2805.0 8.1021e+08
    2815.0 8.1597e+08
    2825.0 8.0209e+08
    2835.0 7.6929e+08
    2845.0 7.8315e+08
    2855.0 7.7267e+08
    2865.0 7.7035e+08
    2875.0 7.6109e+08
    2885.0 7.5178e+08
    2895.0 7.4231e+08
    2910.0 7.2788e+08
    2930.0 7.1490e+08
    2950.0 6.9367e+08
    2970.0 6.8463e+08
    2990.0 6.6839e+08
    3010.0 6.4868e+08
    3030.0 6.4302e+08
    3050.0 6.3023e+08
    3070.0 6.1836e+08
    3090.0 5.9845e+08
    3110.0 5.9177e+08
    3130.0 5.7737e+08
    3150.0 5.6729e+08
    3170.0 5.5335e+08
    3190.0 5.3936e+08
    3210.0 5.3417e+08
    3230.0 5.2264e+08
    3250.0 5.1327e+08
    3270.0 5.0242e+08
    3290.0 4.9212e+08
    3310.0 4.8334e+08
    3330.0 4.7344e+08
    3350.0 4.6396e+08
    3370.0 4.5541e+08
    3390.0 4.4744e+08
    3410.0 4.3891e+08
    3430.0 4.2433e+08
    3450.0 4.1529e+08
    3470.0 4.1191e+08
    3490.0 4.0553e+08
    3510.0 3.9917e+08
    3530.0 3.9235e+08
    3550.0 3.8509e+08
    3570.0 3.7956e+08
    3590.0 3.6864e+08
    3610.0 3.6245e+08
    3630.0 3.5647e+08
    3640.0 3.5632e+08
    3650.0 3.5203e+08
    3670.0 3.4776e+08
    3690.0 3.3863e+08
    3710.0 3.1965e+08
    3730.0 3.0658e+08
    3750.0 3.1082e+08
    3770.0 3.0543e+08
    3790.0 3.1882e+08
    3810.0 3.3581e+08
    3830.0 2.9389e+08
    3850.0 3.4173e+08
    3870.0 3.4814e+08
    3890.0 2.6999e+08
    3910.0 3.4583e+08
    3930.0 3.4093e+08
    3950.0 3.3372e+08
    3970.0 2.5093e+08
    3990.0 3.1907e+08
    4010.0 3.2492e+08
    4030.0 3.1122e+08
    4050.0 3.1561e+08
    4070.0 3.0137e+08
    4090.0 2.7061e+08
    4110.0 2.3718e+08
    4130.0 2.8466e+08
    4150.0 2.8506e+08
    4170.0 2.8412e+08
    4190.0 2.8087e+08
    4210.0 2.7807e+08
    4230.0 2.7210e+08
    4250.0 2.6563e+08
    4270.0 2.5604e+08
    4290.0 2.5509e+08
    4310.0 2.4628e+08
    4330.0 2.1721e+08
    4350.0 1.9779e+08
    4370.0 2.3334e+08
    4390.0 2.3309e+08
    4410.0 2.3172e+08
    4430.0 2.2890e+08
    4450.0 2.2588e+08
    4470.0 2.1282e+08
    4490.0 2.1818e+08
    4510.0 2.1660e+08
    4530.0 2.1283e+08
    4550.0 2.0957e+08
    4570.0 2.0613e+08
    4590.0 2.0263e+08
    4610.0 1.9817e+08
    4630.0 1.9512e+08
    4650.0 1.9039e+08
    4670.0 1.8970e+08
    4690.0 1.8787e+08
    4710.0 1.8038e+08
    4730.0 1.8079e+08
    4750.0 1.7805e+08
    4770.0 1.7735e+08
    4790.0 1.7394e+08
    4810.0 1.7006e+08
    4830.0 1.6583e+08
    4850.0 1.4906e+08
    4870.0 1.3242e+08
    4890.0 1.5802e+08
    4910.0 1.5818e+08
    4930.0 1.5260e+08
    4950.0 1.5402e+08
    4970.0 1.5263e+08
    4990.0 1.5011e+08
    5010.0 1.4352e+08
    5030.0 1.4560e+08
    5050.0 1.4182e+08
    5070.0 1.4177e+08
    5090.0 1.3960e+08
    5110.0 1.3731e+08
    5130.0 1.3442e+08
    5150.0 1.3270e+08
    5170.0 1.3177e+08
    5190.0 1.3004e+08
    5210.0 1.2781e+08
    5230.0 1.2639e+08
    5250.0 1.2469e+08
    5270.0 1.2275e+08
    5290.0 1.2131e+08
    5310.0 1.1955e+08
    5330.0 1.1790e+08
    5350.0 1.1614e+08
    5370.0 1.1486e+08
    5390.0 1.1326e+08
    5410.0 1.1177e+08
    5430.0 1.1014e+08
    5450.0 1.0864e+08
    5470.0 1.0717e+08
    5490.0 1.0579e+08
    5510.0 1.0451e+08
    5530.0 1.0301e+08
    5550.0 1.0180e+08
    5570.0 1.0042e+08
    5590.0 9.9163e+07
    5610.0 9.7809e+07
    5630.0 9.6624e+07
    5650.0 9.4964e+07
    5670.0 9.3363e+07
    5690.0 9.2078e+07
    5710.0 9.1398e+07
    5730.0 9.0359e+07
    5750.0 8.9006e+07
    5770.0 8.8210e+07
    5790.0 8.7065e+07
    5810.0 8.5969e+07
    5830.0 8.4781e+07
    5850.0 8.3782e+07
    5870.0 7.9592e+07
    5890.0 8.0954e+07
    5910.0 8.0510e+07
    5930.0 7.9422e+07
    5950.0 7.8347e+07
    5970.0 7.7789e+07
    5990.0 7.6569e+07
    6010.0 7.5861e+07
    6030.0 7.4864e+07
    6050.0 7.3977e+07
    6070.0 7.3132e+07
    6090.0 7.2264e+07
    6110.0 7.1374e+07
    6130.0 7.0558e+07
    6150.0 6.9403e+07
    6170.0 6.8733e+07
    6190.0 6.8039e+07
    6210.0 6.7260e+07
    6230.0 6.6489e+07
    6250.0 6.5542e+07
    6270.0 6.4850e+07
    6290.0 6.4135e+07
    6310.0 6.3368e+07
    6330.0 6.2669e+07
    6350.0 6.1650e+07
    6370.0 6.1086e+07
    6390.0 6.0469e+07
    6410.0 5.9772e+07
    6430.0 5.9139e+07
    6450.0 5.8427e+07
    6470.0 5.7580e+07
    6490.0 5.6912e+07
    6510.0 5.6252e+07
    6530.0 5.5205e+07
    6550.0 5.1821e+07
    6570.0 4.5367e+07
    6590.0 5.2326e+07
    6610.0 5.2998e+07
    6630.0 5.2652e+07
    6650.0 5.2173e+07
    6670.0 5.0944e+07
    6690.0 5.0398e+07
    6710.0 5.0498e+07
    6730.0 4.9854e+07
    6750.0 4.9375e+07
    6770.0 4.8874e+07
    6790.0 4.7963e+07
    6810.0 4.7733e+07
    6830.0 4.7248e+07
    6850.0 4.6768e+07
    6870.0 4.6268e+07
    6890.0 4.5722e+07
    6910.0 4.5231e+07
    6930.0 4.4771e+07
    6950.0 4.4315e+07
    6970.0 4.3839e+07
    6990.0 4.3367e+07
    7010.0 4.2925e+07
    7030.0 4.2463e+07
    7050.0 4.2005e+07
    7070.0 4.0808e+07
    7090.0 4.1151e+07
    7110.0 4.0493e+07
    7130.0 4.0101e+07
    7150.0 3.9853e+07
    7170.0 3.9444e+07
    7190.0 3.9040e+07
    7210.0 3.8639e+07
    7230.0 3.7714e+07
    7250.0 3.7826e+07
    7270.0 3.7459e+07
    7290.0 3.6712e+07
    7310.0 3.6691e+07
    7330.0 3.6335e+07
    7350.0 3.5960e+07
    7370.0 3.5611e+07
    7390.0 3.5243e+07
    7410.0 3.4900e+07
    7430.0 3.4517e+07
    7450.0 3.4202e+07
    7470.0 3.3783e+07
    7490.0 3.3495e+07
    7510.0 3.3168e+07
    7530.0 3.2844e+07
    7550.0 3.2523e+07
    7570.0 3.2205e+07
    7590.0 3.1890e+07
    7610.0 3.1557e+07
    7630.0 3.1268e+07
    7650.0 3.0962e+07
    7670.0 3.0678e+07
    7690.0 3.0377e+07
    7710.0 3.0078e+07
    7730.0 2.9782e+07
    7750.0 2.9489e+07
    7770.0 2.9059e+07
    7790.0 2.8930e+07
    7810.0 2.8644e+07
    7830.0 2.8381e+07
    7850.0 2.8100e+07
    7870.0 2.7783e+07
    7890.0 2.7469e+07
    7910.0 2.7292e+07
    7930.0 2.7021e+07
    7950.0 2.6753e+07
    7970.0 2.6524e+07
    7990.0 2.6260e+07
    8010.0 2.6017e+07
    8030.0 2.5813e+07
    8050.0 2.5574e+07
    8070.0 2.5355e+07
    8090.0 2.5065e+07
    8110.0 2.4796e+07
    8130.0 2.4674e+07
    8150.0 2.4391e+07
    8170.0 2.4217e+07
    8190.0 2.3938e+07
    8210.0 2.3591e+07
    8230.0 2.3388e+07
    8250.0 2.3274e+07
    8270.0 2.2916e+07
    8290.0 2.2858e+07
    8310.0 2.2662e+07
    8330.0 2.2466e+07
    8350.0 2.2204e+07
    8370.0 2.1978e+07
    8390.0 2.1891e+07
    8410.0 2.1702e+07
    8430.0 2.1397e+07
    8450.0 2.1044e+07
    8470.0 2.1078e+07
    8490.0 2.0696e+07
    8510.0 2.0582e+07
    8530.0 2.0305e+07
    8550.0 2.0062e+07
    8570.0 2.0148e+07
    8590.0 1.9453e+07
    8610.0 1.9460e+07
    8630.0 1.9772e+07
    8650.0 1.9168e+07
    8670.0 1.8458e+07
    8690.0 1.9199e+07
    8710.0 1.9348e+07
    8730.0 1.8661e+07
    8750.0 1.7448e+07
    8770.0 1.8101e+07
    8790.0 1.8764e+07
    8810.0 1.8710e+07
    8830.0 1.8364e+07
    8850.0 1.7163e+07
    8870.0 1.6248e+07
    8890.0 1.7616e+07
    8910.0 1.7945e+07
    8930.0 1.7895e+07
    8950.0 1.7800e+07
    8970.0 1.7542e+07
    8990.0 1.6781e+07
    9010.0 1.5141e+07
    9030.0 1.5677e+07
    9050.0 1.6706e+07
    9070.0 1.6720e+07
    9090.0 1.6777e+07
    9110.0 1.6718e+07
    9130.0 1.6601e+07
    9150.0 1.6443e+07
    9170.0 1.6200e+07
    9190.0 1.5917e+07
    9210.0 1.5014e+07
    9230.0 1.3324e+07
    9250.0 1.4702e+07
    9270.0 1.5280e+07
    9290.0 1.5451e+07
    9310.0 1.5329e+07
    9330.0 1.5264e+07
    9350.0 1.5185e+07
    9370.0 1.5079e+07
    9390.0 1.4960e+07
    9410.0 1.4802e+07
    9430.0 1.4699e+07
    9450.0 1.4556e+07
    9470.0 1.4334e+07
    9490.0 1.4234e+07
    9510.0 1.3816e+07
    9530.0 1.2994e+07
    9550.0 1.1618e+07
    9570.0 1.3080e+07
    9590.0 1.3547e+07
    9610.0 1.3543e+07
    9630.0 1.3435e+07
    9650.0 1.3457e+07
    9670.0 1.3363e+07
    9690.0 1.3257e+07
    9710.0 1.3113e+07
    9730.0 1.3059e+07
    9750.0 1.2955e+07
    9770.0 1.2864e+07
    9790.0 1.2762e+07
    9810.0 1.2660e+07
    9830.0 1.2559e+07
    9850.0 1.2459e+07
    9870.0 1.2359e+07
    9890.0 1.2250e+07
    9910.0 1.2082e+07
    9930.0 1.2077e+07
    9950.0 1.1959e+07
    9970.0 1.1837e+07
    9990.0 1.1708e+07
   10025.0 1.0901e+07
   10075.0 1.0519e+07
   10125.0 1.1108e+07
   10175.0 1.0997e+07
   10225.0 1.0795e+07
   10275.0 1.0602e+07
   10325.0 1.0353e+07
   10375.0 1.0216e+07
   10425.0 1.0029e+07
   10475.0 9.8458e+06
   10525.0 9.6648e+06
   10575.0 9.4932e+06
   10625.0 9.3233e+06
   10675.0 9.1341e+06
   10725.0 8.9928e+06
   10775.0 8.8321e+06
   10825.0 8.5573e+06
   10875.0 8.4433e+06
   10925.0 7.4991e+06
   10975.0 7.8919e+06
   11025.0 8.0069e+06
   11075.0 7.9436e+06
   11125.0 7.8123e+06
   11175.0 7.6791e+06
   11225.0 7.5433e+06
   11275.0 7.4086e+06
   11325.0 7.2845e+06
   11375.0 7.1714e+06
   11425.0 7.0473e+06
   11475.0 6.9350e+06
   11525.0 6.8199e+06
   11575.0 6.7020e+06
   11625.0 6.5948e+06
   11675.0 6.4856e+06
   11725.0 6.3816e+06
   11775.0 6.2756e+06
   11825.0 6.1763e+06
   11875.0 6.0777e+06
   11925.0 5.9796e+06
   11975.0 5.8386e+06
   12025.0 5.7902e+06
   12075.0 5.6987e+06
   12125.0 5.6078e+06
   12175.0 5.5197e+06
   12225.0 5.4330e+06
   12275.0 5.3482e+06
   12325.0 5.2646e+06
   12375.0 5.1830e+06
   12425.0 5.1033e+06
   12475.0 5.0193e+06
   12525.0 4.9343e+06
   12575.0 4.8701e+06
   12625.0 4.7970e+06
   12675.0 4.7226e+06
   12725.0 4.6352e+06
   12775.0 4.4469e+06
   12825.0 4.0419e+06
   12875.0 4.3774e+06
   12925.0 4.3673e+06
   12975.0 4.2888e+06
   13025.0 4.2524e+06
   13075.0 4.1912e+06
   13125.0 4.1294e+06
   13175.0 4.0684e+06
   13225.0 4.0102e+06
   13275.0 3.9515e+06
   13325.0 3.8942e+06
   13375.0 3.8383e+06
   13425.0 3.7792e+06
   13475.0 3.7294e+06
   13525.0 3.6757e+06
   13575.0 3.6239e+06
   13625.0 3.5722e+06
   13675.0 3.5224e+06
   13725.0 3.4726e+06
   13775.0 3.4247e+06
   13825.0 3.3773e+06
   13875.0 3.3300e+06
   13925.0 3.2814e+06
   13975.0 3.2377e+06
   14025.0 3.1939e+06
   14075.0 3.1507e+06
   14125.0 3.1074e+06
   14175.0 3.0652e+06
   14225.0 3.0235e+06
   14275.0 2.9824e+06
   14325.0 2.9423e+06
   14375.0 2.9027e+06
   14425.0 2.8642e+06
   14475.0 2.8256e+06
   14525.0 2.7880e+06
   14570.0 2.7550e+06
   14620.0 2.7193e+06
   14675.0 2.6800e+06
   14725.0 2.6453e+06
   14775.0 2.6104e+06
   14825.0 2.5770e+06
   14875.0 2.5440e+06
   14925.0 2.5113e+06
   14975.0 2.4785e+06
   15025.0 2.4467e+06
   15075.0 2.4099e+06
   15125.0 2.3835e+06
   15175.0 2.3532e+06
   15225.0 2.3218e+06
   15275.0 2.2917e+06
   15325.0 2.2604e+06
   15375.0 2.2320e+06
   15425.0 2.2010e+06
   15475.0 2.1742e+06
   15525.0 2.1443e+06
   15575.0 2.1143e+06
   15625.0 2.0973e+06
   15675.0 2.0596e+06
   15725.0 2.0315e+06
   15775.0 2.0244e+06
   15825.0 1.9949e+06
   15875.0 1.9423e+06
   15925.0 1.9406e+06
   15975.0 1.9383e+06
   16050.0 1.8872e+06
   16150.0 1.8230e+06
   16250.0 1.8151e+06
   16350.0 1.7490e+06
   16450.0 1.6880e+06
   16550.0 1.6926e+06
   16650.0 1.6546e+06
   16750.0 1.5870e+06
   16850.0 1.5264e+06
   16950.0 1.5423e+06
   17050.0 1.5028e+06
   17150.0 1.4780e+06
   17250.0 1.4371e+06
   17350.0 1.3385e+06
   17450.0 1.3650e+06
   17550.0 1.3498e+06
   17650.0 1.3215e+06
   17750.0 1.2922e+06
   17850.0 1.2631e+06
   17950.0 1.2371e+06
   18050.0 1.2043e+06
   18150.0 1.1197e+06
   18250.0 1.1374e+06
   18350.0 1.1332e+06
   18450.0 1.1107e+06
   18550.0 1.0859e+06
   18650.0 1.0519e+06
   18750.0 9.7929e+05
   18850.0 1.0162e+06
   18950.0 9.9980e+05
   19050.0 9.7612e+05
   19150.0 9.6006e+05
   19250.0 9.4040e+05
   19350.0 9.1406e+05
   19450.0 8.4319e+05
   19550.0 8.7662e+05
   19650.0 8.6741e+05
   19750.0 8.5097e+05
   19850.0 8.3420e+05
   19950.0 8.1802e+05
   20050.0 8.0213e+05
   20150.0 7.8651e+05
   20250.0 7.7145e+05
   20350.0 7.5664e+05
   20450.0 7.4181e+05
   20550.0 7.2637e+05
   20650.0 7.1457e+05
   20750.0 7.0102e+05
   20850.0 6.8796e+05
   20950.0 6.7513e+05
   21050.0 6.6250e+05
   21150.0 6.4714e+05
   21250.0 6.3841e+05
   21350.0 6.2665e+05
   21450.0 6.1483e+05
   21550.0 5.9958e+05
   21650.0 5.5261e+05
   21750.0 5.7542e+05
   21850.0 5.7092e+05
   21950.0 5.6200e+05
   22050.0 5.5223e+05
   22150.0 5.4236e+05
   22250.0 5.3265e+05
   22350.0 5.2358e+05
   22450.0 5.1440e+05
   22550.0 5.0561e+05
   22650.0 4.9671e+05
   22750.0 4.8818e+05
   22850.0 4.8047e+05
   22950.0 4.7402e+05
   23050.0 4.6585e+05
   23150.0 4.5803e+05
   23250.0 4.5033e+05
   23350.0 4.4274e+05
   23450.0 4.3527e+05
   23550.0 4.2725e+05
   23650.0 4.2000e+05
   23750.0 4.1286e+05
   23850.0 4.0603e+05
   23950.0 3.9909e+05
   24050.0 3.9247e+05
   24150.0 3.8593e+05
   24250.0 3.7970e+05
   24350.0 3.7335e+05
   24450.0 3.6709e+05
   24550.0 3.6132e+05
   24650.0 3.5544e+05
   24750.0 3.4924e+05
   24850.0 3.4449e+05
   24950.0 3.3866e+05
   25050.0 3.3519e+05
   25150.0 3.2893e+05
   25250.0 3.2238e+05
   25350.0 3.1835e+05
   25450.0 3.1400e+05
   25550.0 3.0824e+05
   25650.0 3.0202e+05
   25750.0 2.9931e+05
   25850.0 2.9557e+05
   25950.0 2.9080e+05
   26050.0 2.8433e+05
   26150.0 2.7637e+05
   26250.0 2.5913e+05
   26350.0 2.7081e+05
   26450.0 2.6980e+05
   26550.0 2.6556e+05
   26650.0 2.6053e+05
   26750.0 2.5339e+05
   26850.0 2.5283e+05
   26950.0 2.5096e+05
   27050.0 2.4780e+05
   27150.0 2.4419e+05
   27250.0 2.4078e+05
   27350.0 2.3694e+05
   27450.0 2.3235e+05
   27550.0 2.2451e+05
   27650.0 2.2351e+05
   27750.0 2.2315e+05
   27850.0 2.2078e+05
   27950.0 2.1767e+05
   28050.0 2.1459e+05
   28150.0 2.1171e+05
   28250.0 2.0871e+05
   28350.0 2.0575e+05
   28450.0 2.0297e+05
   28550.0 1.9935e+05
   28650.0 1.9430e+05
   28750.0 1.8744e+05
   28850.0 1.9047e+05
   28950.0 1.8915e+05
   29050.0 1.8686e+05
   29150.0 1.8431e+05
   29250.0 1.8193e+05
   29350.0 1.7944e+05
   29450.0 1.7698e+05
   29550.0 1.7468e+05
   29650.0 1.7242e+05
   29750.0 1.7004e+05
   29850.0 1.6783e+05
   29950.0 1.6564e+05
   30050.0 1.6347e+05
   30150.0 1.6107e+05
   30250.0 1.5817e+05
   30350.0 1.5102e+05
   30450.0 1.5067e+05
   30550.0 1.5226e+05
   30650.0 1.5101e+05
   30750.0 1.4914e+05
   30850.0 1.4729e+05
   30950.0 1.4547e+05
   31050.0 1.4354e+05
   31150.0 1.4175e+05
   31250.0 1.3986e+05
   31350.0 1.3824e+05
   31450.0 1.3651e+05
   31550.0 1.3481e+05
   31650.0 1.3312e+05
   31750.0 1.3145e+05
   31850.0 1.2980e+05
   31950.0 1.2816e+05
   32100.0 1.2580e+05
   32300.0 1.2276e+05
   32500.0 1.1978e+05
   32700.0 1.1674e+05
   32900.0 1.0991e+05
   33100.0 1.1022e+05
   33300.0 1.0901e+05
   33500.0 1.0646e+05
   33700.0 1.0397e+05
   33900.0 1.0156e+05
   34100.0 9.9218e+04
   34300.0 9.6944e+04
   34500.0 9.4725e+04
   34700.0 9.2580e+04
   34900.0 9.0479e+04
   35100.0 8.8409e+04
   35300.0 8.6322e+04
   35500.0 8.4363e+04
   35700.0 8.2489e+04
   35900.0 8.0679e+04
   36100.0 7.8895e+04
   36300.0 7.7164e+04
   36500.0 7.5483e+04
   36700.0 7.3870e+04
   36900.0 7.2209e+04
   37100.0 7.0561e+04
   37300.0 6.7729e+04
   37500.0 6.5866e+04
   37700.0 6.6308e+04
   37900.0 6.5034e+04
   38100.0 6.3535e+04
   38300.0 6.2260e+04
   38500.0 6.1210e+04
   38700.0 5.9995e+04
   38900.0 5.8563e+04
   39100.0 5.7181e+04
   39300.0 5.6321e+04
   39500.0 5.5299e+04
   39700.0 5.4203e+04
   39900.0 5.3134e+04
   40100.0 5.1695e+04
   40300.0 5.0475e+04
   40500.0 4.8113e+04
   40700.0 4.8915e+04
   40900.0 4.8144e+04
   41100.0 4.7223e+04
   41300.0 4.6260e+04
   41500.0 4.5251e+04
   41700.0 4.3949e+04
   41900.0 4.3538e+04
   42100.0 4.2908e+04
   42300.0 4.2108e+04
   42500.0 4.1295e+04
   42700.0 4.0560e+04
   42900.0 3.9727e+04
   43100.0 3.9081e+04
   43300.0 3.8363e+04
   43500.0 3.7561e+04
   43700.0 3.6345e+04
   43900.0 3.5977e+04
   44100.0 3.5633e+04
   44300.0 3.5025e+04
   44500.0 3.4402e+04
   44700.0 3.3837e+04
   44900.0 3.3239e+04
   45100.0 3.2656e+04
   45300.0 3.2082e+04
   45500.0 3.1528e+04
   45700.0 3.0977e+04
   45900.0 3.0446e+04
   46100.0 2.9900e+04
   46300.0 2.9262e+04
   46500.0 2.7536e+04
   46700.0 2.7509e+04
   46900.0 2.7662e+04
   47100.0 2.7433e+04
   47300.0 2.7003e+04
   47500.0 2.6553e+04
   47700.0 2.6115e+04
   47900.0 2.5683e+04
   48100.0 2.5257e+04
   48300.0 2.4843e+04
   48500.0 2.4435e+04
   48700.0 2.4037e+04
   48900.0 2.3650e+04
   49100.0 2.3264e+04
   49300.0 2.2893e+04
   49500.0 2.2523e+04
   49700.0 2.2167e+04
   49900.0 2.1811e+04
   50100.0 2.1466e+04
   50300.0 2.1129e+04
   50500.0 2.0798e+04
   50700.0 2.0471e+04
   50900.0 2.0134e+04
   51100.0 1.9669e+04
   51300.0 1.8846e+04
   51500.0 1.9107e+04
   51700.0 1.8928e+04
   51900.0 1.8645e+04
   52100.0 1.8360e+04
   52300.0 1.8080e+04
   52500.0 1.7808e+04
   52700.0 1.7539e+04
   52900.0 1.7278e+04
   53100.0 1.7016e+04
   53300.0 1.6762e+04
   53500.0 1.6515e+04
   53700.0 1.6272e+04
   53900.0 1.6032e+04
   54100.0 1.5795e+04
   54300.0 1.5565e+04
   54500.0 1.5338e+04
   54700.0 1.5113e+04
   54900.0 1.4896e+04
   55100.0 1.4681e+04
   55300.0 1.4470e+04
   55500.0 1.4260e+04
   55700.0 1.4058e+04
   55900.0 1.3857e+04
   56100.0 1.3664e+04
   56300.0 1.3468e+04
   56500.0 1.3279e+04
   56700.0 1.3092e+04
   56900.0 1.2912e+04
   57100.0 1.2729e+04
   57300.0 1.2553e+04
   57500.0 1.2379e+04
   57700.0 1.2210e+04
   57900.0 1.2040e+04
   58100.0 1.1876e+04
   58300.0 1.1713e+04
   58500.0 1.1563e+04
   58700.0 1.1391e+04
   58900.0 1.1134e+04
   59100.0 1.0636e+04
   59300.0 1.0872e+04
   59500.0 1.0795e+04
   59700.0 1.0662e+04
   59900.0 1.0521e+04
   60100.0 1.0381e+04
   60300.0 1.0243e+04
   60500.0 1.0110e+04
   60700.0 9.9755e+03
   60900.0 9.8454e+03
   61100.0 9.7168e+03
   61300.0 9.5929e+03
   61500.0 9.4672e+03
   61700.0 9.3460e+03
   61900.0 9.2263e+03
   62100.0 9.1079e+03
   62300.0 8.9908e+03
   62500.0 8.8750e+03
   62700.0 8.7636e+03
   62900.0 8.6534e+03
   63100.0 8.5444e+03
   63300.0 8.4366e+03
   63500.0 8.3300e+03
   63700.0 8.2246e+03
   63900.0 8.1233e+03
   64200.0 7.9719e+03
   64600.0 7.7758e+03
   65000.0 7.5867e+03
   65400.0 7.4017e+03
   65800.0 7.2233e+03
   66200.0 7.0515e+03
   66600.0 6.8832e+03
   67000.0 6.7211e+03
   67400.0 6.5624e+03
   67800.0 6.4069e+03
   68200.0 6.2598e+03
   68600.0 6.1131e+03
   69000.0 5.9744e+03
   69400.0 5.8361e+03
   69800.0 5.7029e+03
   70200.0 5.5748e+03
   70600.0 5.4493e+03
   71000.0 5.3286e+03
   71400.0 5.2079e+03
   71800.0 5.0942e+03
   72200.0 4.9804e+03
   72600.0 4.8733e+03
   73000.0 4.7661e+03
   73400.0 4.6631e+03
   73800.0 4.5620e+03
   74200.0 4.4476e+03
   74600.0 4.2363e+03
   75000.0 4.1401e+03
   75400.0 4.1722e+03
   75800.0 4.0991e+03
   76200.0 4.0148e+03
   76600.0 3.9301e+03
   77000.0 3.8489e+03
   77400.0 3.7712e+03
   77800.0 3.6929e+03
   78200.0 3.6180e+03
   78600.0 3.5443e+03
   79000.0 3.4740e+03
   79400.0 3.4048e+03
   79800.0 3.3369e+03
   80200.0 3.2701e+03
   80600.0 3.2063e+03
   81000.0 3.1419e+03
   81400.0 3.0821e+03
   81800.0 3.0216e+03
   82200.0 2.9621e+03
   82600.0 2.9053e+03
   83000.0 2.8495e+03
   83400.0 2.7964e+03
   83800.0 2.7424e+03
   84200.0 2.6911e+03
   84600.0 2.6406e+03
   85000.0 2.5909e+03
   85400.0 2.5420e+03
   85800.0 2.4955e+03
   86200.0 2.4482e+03
   86600.0 2.4033e+03
   87000.0 2.3606e+03
   87400.0 2.3171e+03
   87800.0 2.2743e+03
   88200.0 2.2336e+03
   88600.0 2.1937e+03
   89000.0 2.1543e+03
   89400.0 2.1156e+03
   89800.0 2.0789e+03
   90200.0 2.0413e+03
   90600.0 2.0058e+03
   91000.0 1.9709e+03
   91400.0 1.9364e+03
   91800.0 1.9025e+03
   92200.0 1.8691e+03
   92600.0 1.8376e+03
   93000.0 1.8066e+03
   93400.0 1.7747e+03
   93800.0 1.7446e+03
   94200.0 1.7149e+03
   94600.0 1.6870e+03
   95000.0 1.6582e+03
   95400.0 1.6312e+03
   95800.0 1.6032e+03
   96200.0 1.5770e+03
   96600.0 1.5511e+03
   97000.0 1.5256e+03
   97400.0 1.5004e+03
   97800.0 1.4756e+03
   98200.0 1.4524e+03
   98600.0 1.4284e+03
   99000.0 1.4058e+03
   99400.0 1.3824e+03
   99800.0 1.3605e+03
  100200.0 1.3389e+03
  200000.0 8.3342e+01
  400000.0 5.1167e+00
  600000.0 9.9798e-01
  800000.0 3.1253e-01
 1000000.0 1.2699e-01
 1200000.0 6.0775e-02
 1400000.0 3.2604e-02
 1600000.0 1.9009e-02
