      91.0 0.0000e+00
      94.0 0.0000e+00
      96.0 0.0000e+00
      98.0 0.0000e+00
     100.0 0.0000e+00
     102.0 0.0000e+00
     104.0 0.0000e+00
     106.0 0.0000e+00
     108.0 0.0000e+00
     110.0 0.0000e+00
     114.0 0.0000e+00
     118.0 0.0000e+00
     121.0 0.0000e+00
     125.0 0.0000e+00
     127.0 0.0000e+00
     128.0 0.0000e+00
     131.0 0.0000e+00
     132.0 0.0000e+00
     134.0 0.0000e+00
     137.0 0.0000e+00
     140.0 0.0000e+00
     143.0 0.0000e+00
     147.0 0.0000e+00
     151.0 0.0000e+00
     155.0 0.0000e+00
     159.0 0.0000e+00
     162.0 0.0000e+00
     166.0 0.0000e+00
     170.0 0.0000e+00
     173.0 0.0000e+00
     177.0 0.0000e+00
     180.0 0.0000e+00
     182.0 0.0000e+00
     186.0 0.0000e+00
     191.0 0.0000e+00
     194.0 0.0000e+00
     198.0 0.0000e+00
     202.0 0.0000e+00
     205.0 0.0000e+00
     210.0 0.0000e+00
     216.0 0.0000e+00
     220.0 0.0000e+00
     223.0 0.0000e+00
     227.0 0.0000e+00
     230.0 0.0000e+00
     234.0 0.0000e+00
     240.0 0.0000e+00
     246.0 0.0000e+00
     252.0 0.0000e+00
     257.0 0.0000e+00
     260.0 0.0000e+00
     264.0 0.0000e+00
     269.0 0.0000e+00
     274.0 0.0000e+00
     279.0 0.0000e+00
     284.0 0.0000e+00
     290.0 0.0000e+00
     296.0 0.0000e+00
     301.0 0.0000e+00
     308.0 0.0000e+00
     318.0 0.0000e+00
     328.0 0.0000e+00
     338.0 0.0000e+00
     348.0 0.0000e+00
     357.0 0.0000e+00
     366.0 0.0000e+00
     375.0 0.0000e+00
     385.0 0.0000e+00
     395.0 0.0000e+00
     405.0 0.0000e+00
     414.0 0.0000e+00
     422.0 0.0000e+00
     430.0 0.0000e+00
     441.0 0.0000e+00
     451.0 0.0000e+00
     460.0 0.0000e+00
     470.0 0.0000e+00
     480.0 0.0000e+00
     490.0 0.0000e+00
     500.0 0.0000e+00
     506.0 0.0000e+00
     512.0 0.0000e+00
     520.0 0.0000e+00
     530.0 0.0000e+00
     540.0 0.0000e+00
     550.0 0.0000e+00
     560.0 0.0000e+00
     570.0 0.0000e+00
     580.0 0.0000e+00
     590.0 0.0000e+00
     600.0 0.0000e+00
     610.0 0.0000e+00
     620.0 0.0000e+00
     630.0 0.0000e+00
     640.0 0.0000e+00
     650.0 0.0000e+00
     658.0 0.0000e+00
     665.0 0.0000e+00
     675.0 0.0000e+00
     685.0 0.0000e+00
     695.0 0.0000e+00
     705.0 0.0000e+00
     716.0 0.0000e+00
     726.0 0.0000e+00
     735.0 0.0000e+00
     745.0 0.0000e+00
     755.0 0.0000e+00
     765.0 0.0000e+00
     775.0 0.0000e+00
     785.0 0.0000e+00
     795.0 0.0000e+00
     805.0 0.0000e+00
     815.0 0.0000e+00
     825.0 0.0000e+00
     835.0 0.0000e+00
     845.0 0.0000e+00
     855.0 0.0000e+00
     865.0 0.0000e+00
     875.0 0.0000e+00
     885.0 0.0000e+00
     895.0 0.0000e+00
     905.0 0.0000e+00
     915.0 0.0000e+00
     925.0 0.0000e+00
     935.0 0.0000e+00
     945.0 0.0000e+00
     955.0 0.0000e+00
     965.0 0.0000e+00
     975.0 0.0000e+00
     985.0 0.0000e+00
     995.0 1.3978e-13
    1005.0 1.3974e-13
    1015.0 1.3980e-13
    1025.0 1.3982e-13
    1035.0 1.3982e-13
    1045.0 1.3990e-13
    1055.0 1.4006e-13
    1065.0 1.3998e-13
    1075.0 1.4009e-13
    1085.0 1.4006e-13
    1095.0 1.4012e-13
    1105.0 1.4015e-13
    1115.0 1.4025e-13
    1125.0 1.4023e-13
    1135.0 1.4028e-13
    1145.0 1.4031e-13
    1155.0 1.4032e-13
    1165.0 1.4031e-13
    1175.0 1.4045e-13
    1185.0 1.4048e-13
    1195.0 1.4049e-13
    1205.0 1.4048e-13
    1215.0 1.4053e-13
    1225.0 1.4056e-13
    1235.0 1.4058e-13
    1245.0 1.4065e-13
    1255.0 1.4062e-13
    1265.0 1.4066e-13
    1275.0 1.4067e-13
    1285.0 1.4074e-13
    1295.0 1.4072e-13
    1305.0 1.4083e-13
    1315.0 1.4084e-13
    1325.0 1.4084e-13
    1335.0 1.4089e-13
    1345.0 1.4093e-13
    1355.0 1.4095e-13
    1365.0 1.4095e-13
    1375.0 1.4100e-13
    1385.0 1.4103e-13
    1395.0 1.4105e-13
    1405.0 1.4106e-13
    1415.0 1.4111e-13
    1425.0 1.4108e-13
    1435.0 1.4110e-13
    1442.0 1.4112e-13
    1447.0 1.4112e-13
    1455.0 1.4116e-13
    1465.0 1.4119e-13
    1475.0 1.4116e-13
    1485.0 1.4122e-13
    1495.0 1.4122e-13
    1505.0 1.4125e-13
    1512.0 1.4126e-13
    1517.0 1.4132e-13
    1525.0 1.4134e-13
    1535.0 1.6011e-13
    1545.0 1.9844e-13
    1555.0 2.5208e-13
    1565.0 3.1076e-13
    1575.0 3.8291e-13
    1585.0 5.0168e-13
    1595.0 6.4389e-13
    1605.0 8.3094e-13
    1615.0 1.0717e-12
    1625.0 1.4160e-12
    1635.0 1.9464e-12
    1645.0 2.5995e-12
    1655.0 3.3632e-12
    1665.0 4.4944e-12
    1672.0 5.3705e-12
    1677.0 6.4940e-12
    1685.0 7.8136e-12
    1695.0 1.0188e-11
    1705.0 1.3142e-11
    1715.0 1.6231e-11
    1725.0 2.1230e-11
    1735.0 2.8384e-11
    1745.0 3.6869e-11
    1755.0 4.9134e-11
    1765.0 5.8896e-11
    1775.0 7.4258e-11
    1785.0 1.0105e-10
    1795.0 1.2100e-10
    1805.0 1.4506e-10
    1815.0 1.9031e-10
    1825.0 2.4767e-10
    1835.0 2.9602e-10
    1845.0 3.5369e-10
    1855.0 4.5443e-10
    1865.0 6.0196e-10
    1875.0 7.1835e-10
    1885.0 8.5789e-10
    1895.0 1.0242e-09
    1905.0 1.2226e-09
    1915.0 1.6013e-09
    1925.0 2.0805e-09
    1935.0 2.4779e-09
    1945.0 2.9654e-09
    1955.0 3.5391e-09
    1967.0 4.2244e-09
    1976.0 5.0429e-09
    1984.0 6.0168e-09
    1995.0 7.1829e-09
    2005.0 8.5701e-09
    2015.0 1.0237e-08
    2025.0 1.2186e-08
    2035.0 1.4548e-08
    2045.0 1.7359e-08
    2055.0 2.0718e-08
    2065.0 2.4716e-08
    2074.0 2.9523e-08
    2078.0 2.9520e-08
    2085.0 3.7212e-08
    2095.0 5.4070e-05
    2105.0 8.6872e-05
    2115.0 1.4589e-04
    2125.0 2.9238e-04
    2135.0 1.2091e-04
    2145.0 2.3110e-04
    2155.0 3.9817e-05
    2165.0 6.2117e-04
    2175.0 6.2131e-04
    2185.0 1.2737e-03
    2195.0 2.7005e-05
    2205.0 3.1817e-03
    2215.0 4.3604e-03
    2225.0 5.6850e-03
    2235.0 5.1854e-03
    2245.0 5.1869e-03
    2255.0 2.7591e-03
    2265.0 7.4962e-04
    2275.0 1.1562e-06
    2285.0 8.3187e-03
    2295.0 8.3192e-03
    2305.0 3.8302e-05
    2315.0 1.4542e-03
    2325.0 5.2265e-03
    2335.0 5.4633e-03
    2345.0 5.4648e-03
    2355.0 3.5028e-02
    2365.0 1.4433e-04
    2375.0 4.7387e-02
    2385.0 4.7370e-02
    2395.0 6.3868e-02
    2405.0 1.0321e-02
    2415.0 3.5632e-02
    2425.0 5.2631e-02
    2435.0 4.2998e-02
    2445.0 5.8554e-02
    2455.0 1.2815e-02
    2465.0 6.6331e-03
    2475.0 2.0653e-03
    2485.0 1.7968e-04
    2495.0 5.0182e-03
    2505.0 1.0449e-02
    2513.0 7.3315e-03
    2518.0 1.7414e-03
    2525.0 4.9448e-04
    2535.0 1.5016e-02
    2545.0 6.3004e-03
    2555.0 2.2172e-01
    2565.0 1.7179e-01
    2575.0 2.3366e-01
    2585.0 4.7430e-01
    2595.0 4.6994e-01
    2605.0 8.0687e-01
    2615.0 8.2403e-01
    2625.0 9.3297e-01
    2635.0 1.3231e+00
    2645.0 9.6502e-01
    2655.0 1.1876e+00
    2665.0 9.2763e-01
    2675.0 8.7496e-01
    2685.0 1.2266e+00
    2695.0 1.1209e+00
    2705.0 1.0646e+00
    2715.0 3.6539e-01
    2725.0 2.3545e-01
    2735.0 2.8103e-01
    2745.0 2.6593e-01
    2755.0 4.4917e-01
    2765.0 7.1038e-01
    2775.0 1.0993e+00
    2785.0 8.2730e-01
    2795.0 1.2529e-01
    2805.0 2.0271e-01
    2815.0 2.9040e-01
    2825.0 2.1517e-01
    2835.0 9.5459e-02
    2845.0 1.5393e-02
    2855.0 4.1179e-03
    2865.0 6.2309e-02
    2875.0 1.6437e-01
    2885.0 3.8180e-01
    2895.0 9.2273e-01
    2910.0 1.5294e+00
    2930.0 1.3164e+00
    2950.0 1.9994e+00
    2970.0 1.8162e+00
    2990.0 1.1439e+00
    3010.0 9.7349e-01
    3030.0 1.8796e+00
    3050.0 1.6500e+00
    3070.0 5.9787e+00
    3090.0 5.1681e+00
    3110.0 2.2614e+01
    3130.0 2.3318e+01
    3150.0 2.4026e+01
    3170.0 4.1373e+01
    3190.0 2.4888e+01
    3210.0 3.1119e+01
    3230.0 3.1069e+01
    3250.0 6.5530e+01
    3270.0 7.2200e+01
    3290.0 1.0712e+02
    3310.0 6.7237e+01
    3330.0 9.1293e+01
    3350.0 6.6506e+01
    3370.0 4.9173e+01
    3390.0 7.6184e+01
    3410.0 7.5633e+01
    3430.0 1.4372e+02
    3450.0 8.3229e+01
    3470.0 9.2909e+01
    3490.0 1.1913e+02
    3510.0 1.2147e+02
    3530.0 1.9872e+02
    3550.0 3.0763e+02
    3570.0 9.5502e+01
    3590.0 3.2138e+01
    3610.0 7.8913e+01
    3630.0 1.7027e+02
    3640.0 2.2581e+02
    3650.0 2.8371e+02
    3670.0 3.2052e+02
    3690.0 3.1247e+02
    3710.0 2.1964e+02
    3730.0 7.0806e+01
    3750.0 1.0148e+02
    3770.0 3.8828e+02
    3790.0 4.6200e+02
    3810.0 3.1565e+02
    3830.0 1.4094e+02
    3850.0 2.6139e+02
    3870.0 2.0577e+02
    3890.0 2.4757e+02
    3910.0 2.8214e+02
    3930.0 5.6360e+01
    3950.0 1.2743e+02
    3970.0 1.0568e+02
    3990.0 3.4092e+02
    4010.0 5.3373e+02
    4030.0 4.2146e+02
    4050.0 3.6957e+02
    4070.0 3.6102e+02
    4090.0 4.4417e+02
    4110.0 3.1541e+02
    4130.0 2.9211e+02
    4150.0 3.1681e+02
    4170.0 3.3171e+02
    4190.0 3.3101e+02
    4210.0 1.5013e+02
    4230.0 8.7192e+01
    4250.0 1.8324e+02
    4270.0 1.4239e+02
    4290.0 1.8941e+02
    4310.0 2.1193e+02
    4330.0 1.5676e+02
    4350.0 1.4037e+02
    4370.0 2.0238e+02
    4390.0 1.3627e+02
    4410.0 2.2494e+02
    4430.0 9.0129e+01
    4450.0 1.8730e+02
    4470.0 1.5544e+02
    4490.0 2.3870e+02
    4510.0 1.1827e+02
    4530.0 1.3224e+02
    4550.0 2.3934e+02
    4570.0 1.5239e+02
    4590.0 1.7446e+02
    4610.0 1.1212e+02
    4630.0 1.5042e+02
    4650.0 2.6687e+02
    4670.0 9.7489e+01
    4690.0 2.2488e+02
    4710.0 2.9547e+02
    4730.0 1.1368e+02
    4750.0 1.4340e+03
    4770.0 6.1506e+01
    4790.0 2.6007e+02
    4810.0 5.0230e+01
    4830.0 5.6235e+02
    4850.0 1.5753e+02
    4870.0 7.3820e+02
    4890.0 7.4120e+02
    4910.0 5.5163e+02
    4930.0 6.8877e+02
    4950.0 4.9773e+02
    4970.0 2.2138e+02
    4990.0 4.6305e+02
    5010.0 1.5752e+02
    5030.0 5.3463e+02
    5050.0 2.6948e+02
    5070.0 4.7118e+02
    5090.0 6.6744e+02
    5110.0 1.1839e+03
    5130.0 9.0723e+02
    5150.0 7.4150e+02
    5170.0 8.6005e+02
    5190.0 3.8384e+02
    5210.0 6.9669e+02
    5230.0 5.2565e+02
    5250.0 5.0120e+02
    5270.0 1.2124e+03
    5290.0 8.5532e+02
    5310.0 7.9105e+02
    5330.0 1.1237e+03
    5350.0 3.8704e+02
    5370.0 4.1876e+02
    5390.0 7.3761e+02
    5410.0 7.2725e+02
    5430.0 7.8942e+02
    5450.0 5.6926e+02
    5470.0 3.9870e+02
    5490.0 7.9175e+02
    5510.0 5.4468e+02
    5530.0 9.4229e+02
    5550.0 6.1822e+02
    5570.0 4.8585e+02
    5590.0 5.8485e+02
    5610.0 3.2330e+02
    5630.0 3.0890e+02
    5650.0 5.1201e+02
    5670.0 3.9501e+02
    5690.0 6.1447e+02
    5710.0 5.3809e+02
    5730.0 7.5859e+02
    5750.0 6.7135e+02
    5770.0 5.2804e+02
    5790.0 5.7483e+02
    5810.0 6.7070e+02
    5830.0 5.6662e+02
    5850.0 5.3156e+02
    5870.0 3.2366e+02
    5890.0 3.0114e+02
    5910.0 2.3528e+02
    5930.0 2.4134e+02
    5950.0 2.8189e+02
    5970.0 3.4554e+02
    5990.0 5.1336e+02
    6010.0 7.8152e+02
    6030.0 9.9895e+02
    6050.0 1.2214e+03
    6070.0 1.4490e+03
    6090.0 1.4799e+03
    6110.0 1.6838e+03
    6130.0 1.0761e+03
    6150.0 3.5003e+02
    6170.0 1.6856e+02
    6190.0 6.4847e+01
    6210.0 5.8895e+01
    6230.0 5.2894e+01
    6250.0 1.1227e+02
    6270.0 2.3396e+02
    6290.0 4.0372e+02
    6310.0 6.4091e+02
    6330.0 8.5533e+02
    6350.0 1.0394e+03
    6370.0 1.1635e+03
    6390.0 1.2816e+03
    6410.0 1.3571e+03
    6430.0 1.3913e+03
    6450.0 1.5436e+03
    6470.0 1.7967e+03
    6490.0 2.0704e+03
    6510.0 2.3211e+03
    6530.0 2.3752e+03
    6550.0 2.3250e+03
    6570.0 2.1464e+03
    6590.0 1.6051e+03
    6610.0 1.6067e+03
    6630.0 1.2489e+03
    6650.0 7.8801e+02
    6670.0 6.0674e+02
    6690.0 4.6781e+02
    6710.0 3.5690e+02
    6730.0 2.7270e+02
    6750.0 2.8846e+02
    6770.0 4.0083e+02
    6790.0 5.2722e+02
    6810.0 7.3280e+02
    6830.0 9.5216e+02
    6850.0 1.2165e+03
    6870.0 1.5247e+03
    6890.0 2.0938e+03
    6910.0 2.8907e+03
    6930.0 3.1612e+03
    6950.0 3.6793e+03
    6970.0 4.6258e+03
    6990.0 5.5884e+03
    7010.0 6.5693e+03
    7030.0 5.9011e+03
    7050.0 3.6552e+03
    7070.0 1.4176e+03
    7090.0 2.2541e+02
    7110.0 1.2399e+02
    7130.0 1.0094e+02
    7150.0 1.5329e+02
    7170.0 2.4329e+02
    7190.0 5.5509e+02
    7210.0 9.4164e+02
    7230.0 1.5600e+03
    7250.0 2.2180e+03
    7270.0 2.8815e+03
    7290.0 4.4339e+03
    7310.0 6.5237e+03
    7330.0 6.9389e+03
    7350.0 8.2309e+03
    7370.0 1.0747e+04
    7390.0 9.3058e+03
    7410.0 1.0378e+04
    7430.0 1.1634e+04
    7450.0 9.8392e+03
    7470.0 1.2105e+04
    7490.0 1.3678e+04
    7510.0 1.4031e+04
    7530.0 1.7695e+04
    7550.0 1.9571e+04
    7570.0 2.2370e+04
    7590.0 1.7306e+04
    7610.0 1.3128e+04
    7630.0 9.0921e+03
    7650.0 5.0510e+03
    7670.0 3.1330e+03
    7690.0 3.4047e+03
    7710.0 3.5646e+03
    7730.0 3.6304e+03
    7750.0 3.8473e+03
    7770.0 4.1970e+03
    7790.0 4.5410e+03
    7810.0 5.6954e+03
    7830.0 7.0981e+03
    7850.0 6.7507e+03
    7870.0 4.7841e+03
    7890.0 7.1023e+03
    7910.0 4.8087e+03
    7930.0 6.0450e+03
    7950.0 5.5896e+03
    7970.0 6.3318e+03
    7990.0 5.0792e+03
    8010.0 7.1098e+03
    8030.0 9.3079e+03
    8050.0 1.0267e+04
    8070.0 1.3679e+04
    8090.0 1.6882e+04
    8110.0 1.9691e+04
    8130.0 2.5980e+04
    8150.0 3.2695e+04
    8170.0 3.8500e+04
    8190.0 3.8848e+04
    8210.0 2.2914e+04
    8230.0 1.9829e+04
    8250.0 1.9169e+04
    8270.0 1.8533e+04
    8290.0 1.7850e+04
    8310.0 1.7435e+04
    8330.0 1.7232e+04
    8350.0 1.7132e+04
    8370.0 1.7613e+04
    8390.0 1.8160e+04
    8410.0 1.8718e+04
    8430.0 1.6862e+04
    8450.0 1.0243e+04
    8470.0 1.1005e+04
    8490.0 1.3021e+04
    8510.0 1.3050e+04
    8530.0 1.3399e+04
    8550.0 1.5864e+04
    8570.0 1.7389e+04
    8590.0 1.6642e+04
    8610.0 1.8991e+04
    8630.0 2.0593e+04
    8650.0 2.0643e+04
    8670.0 2.0914e+04
    8690.0 2.3534e+04
    8710.0 2.5338e+04
    8730.0 2.7740e+04
    8750.0 2.7801e+04
    8770.0 3.1073e+04
    8790.0 3.8630e+04
    8810.0 4.1653e+04
    8830.0 4.0773e+04
    8850.0 3.2198e+04
    8870.0 2.1979e+04
    8890.0 1.7707e+04
    8910.0 1.9350e+04
    8930.0 2.0977e+04
    8950.0 2.2411e+04
    8970.0 2.2684e+04
    8990.0 2.2776e+04
    9010.0 2.5511e+04
    9030.0 3.0457e+04
    9050.0 3.6047e+04
    9070.0 4.5334e+04
    9090.0 5.4830e+04
    9110.0 5.9574e+04
    9130.0 5.9529e+04
    9150.0 5.9785e+04
    9170.0 6.1877e+04
    9190.0 6.4235e+04
    9210.0 5.4188e+04
    9230.0 3.5922e+04
    9250.0 3.7280e+04
    9270.0 4.0804e+04
    9290.0 3.5723e+04
    9310.0 3.4076e+04
    9330.0 3.8930e+04
    9350.0 3.8833e+04
    9370.0 3.7588e+04
    9390.0 4.1794e+04
    9410.0 4.6275e+04
    9430.0 4.9086e+04
    9450.0 5.2598e+04
    9470.0 5.7912e+04
    9490.0 5.7721e+04
    9510.0 4.7004e+04
    9530.0 5.2683e+04
    9550.0 5.6946e+04
    9570.0 6.0505e+04
    9590.0 6.0488e+04
    9610.0 6.0600e+04
    9630.0 6.5766e+04
    9650.0 6.5790e+04
    9670.0 6.7596e+04
    9690.0 6.7062e+04
    9710.0 5.6420e+04
    9730.0 4.9589e+04
    9750.0 5.0647e+04
    9770.0 5.2752e+04
    9790.0 5.4826e+04
    9810.0 5.5226e+04
    9830.0 5.4207e+04
    9850.0 5.3394e+04
    9870.0 5.3818e+04
    9890.0 5.4410e+04
    9910.0 5.6583e+04
    9930.0 6.0333e+04
    9950.0 6.3651e+04
    9970.0 6.4217e+04
    9990.0 6.5257e+04
   10025.0 7.7080e+04
   10075.0 7.7558e+04
   10125.0 8.9766e+04
   10175.0 9.2407e+04
   10225.0 9.9959e+04
   10275.0 1.0527e+05
   10325.0 1.1043e+05
   10375.0 1.1109e+05
   10425.0 1.1321e+05
   10475.0 1.0568e+05
   10525.0 9.2642e+04
   10575.0 8.1034e+04
   10625.0 7.3953e+04
   10675.0 8.5185e+04
   10725.0 9.4943e+04
   10775.0 9.6728e+04
   10825.0 9.7198e+04
   10875.0 9.4055e+04
   10925.0 9.1157e+04
   10975.0 9.0318e+04
   11025.0 8.2595e+04
   11075.0 7.0744e+04
   11125.0 7.6069e+04
   11175.0 7.8529e+04
   11225.0 8.0630e+04
   11275.0 8.4538e+04
   11325.0 8.5504e+04
   11375.0 8.7090e+04
   11425.0 8.8304e+04
   11475.0 8.8292e+04
   11525.0 8.9117e+04
   11575.0 8.9682e+04
   11625.0 8.9534e+04
   11675.0 8.9296e+04
   11725.0 8.6076e+04
   11775.0 8.2527e+04
   11825.0 7.8263e+04
   11875.0 7.4400e+04
   11925.0 7.4933e+04
   11975.0 7.7268e+04
   12025.0 7.9953e+04
   12075.0 8.2063e+04
   12125.0 8.2954e+04
   12175.0 8.3164e+04
   12225.0 8.3448e+04
   12275.0 8.3486e+04
   12325.0 8.3284e+04
   12375.0 8.3082e+04
   12425.0 7.9851e+04
   12475.0 7.7979e+04
   12525.0 7.9116e+04
   12575.0 7.7578e+04
   12625.0 7.7191e+04
   12675.0 7.8449e+04
   12725.0 7.8352e+04
   12775.0 7.8401e+04
   12825.0 7.9176e+04
   12875.0 7.9503e+04
   12925.0 7.9535e+04
   12975.0 7.9778e+04
   13025.0 7.9803e+04
   13075.0 7.8072e+04
   13125.0 7.5598e+04
   13175.0 7.3229e+04
   13225.0 7.0894e+04
   13275.0 6.8524e+04
   13325.0 6.6214e+04
   13375.0 6.3876e+04
   13425.0 6.1485e+04
   13475.0 5.9141e+04
   13525.0 5.6836e+04
   13575.0 5.4564e+04
   13625.0 5.4074e+04
   13675.0 5.5577e+04
   13725.0 5.7032e+04
   13775.0 5.8514e+04
   13825.0 5.8889e+04
   13875.0 5.8228e+04
   13925.0 3.7075e+04
   13975.0 3.4876e+04
   14025.0 3.5981e+04
   14075.0 3.6815e+04
   14125.0 3.7655e+04
   14175.0 3.8548e+04
   14225.0 3.9806e+04
   14275.0 4.1152e+04
   14325.0 4.2513e+04
   14375.0 4.3901e+04
   14425.0 4.5476e+04
   14475.0 4.7108e+04
   14525.0 4.8734e+04
   14570.0 5.0411e+04
   14620.0 4.3205e+04
   14675.0 4.3238e+04
   14725.0 4.5417e+04
   14775.0 4.7500e+04
   14825.0 4.9657e+04
   14875.0 5.1844e+04
   14925.0 5.3941e+04
   14975.0 5.6041e+04
   15025.0 5.8219e+04
   15075.0 6.0366e+04
   15125.0 6.2536e+04
   15175.0 6.4728e+04
   15225.0 6.6735e+04
   15275.0 6.8509e+04
   15325.0 7.0309e+04
   15375.0 6.7925e+04
   15425.0 6.6175e+04
   15475.0 6.8452e+04
   15525.0 7.0748e+04
   15575.0 6.5846e+04
   15625.0 6.0808e+04
   15675.0 6.6033e+04
   15725.0 7.0609e+04
   15775.0 6.4862e+04
   15825.0 5.7174e+04
   15875.0 6.3238e+04
   15925.0 6.9083e+04
   15975.0 6.4422e+04
   16050.0 6.1215e+04
   16150.0 7.0482e+04
   16250.0 6.1942e+04
   16350.0 7.3792e+04
   16450.0 6.7935e+04
   16550.0 7.6529e+04
   16650.0 7.6132e+04
   16750.0 8.0568e+04
   16850.0 8.3374e+04
   16950.0 8.3144e+04
   17050.0 8.7080e+04
   17150.0 8.3907e+04
   17250.0 8.4710e+04
   17350.0 8.1267e+04
   17450.0 7.7778e+04
   17550.0 7.4675e+04
   17650.0 6.8712e+04
   17750.0 6.2839e+04
   17850.0 5.6379e+04
   17950.0 4.9202e+04
   18050.0 4.4094e+04
   18150.0 4.1462e+04
   18250.0 4.0649e+04
   18350.0 4.0065e+04
   18450.0 3.8187e+04
   18550.0 3.5128e+04
   18650.0 3.2053e+04
   18750.0 3.0989e+04
   18850.0 3.1997e+04
   18950.0 3.2999e+04
   19050.0 3.4002e+04
   19150.0 3.4989e+04
   19250.0 3.5985e+04
   19350.0 3.6959e+04
   19450.0 3.6675e+04
   19550.0 3.5078e+04
   19650.0 3.3541e+04
   19750.0 3.2003e+04
   19850.0 3.1469e+04
   19950.0 3.1998e+04
   20050.0 3.2485e+04
   20150.0 3.2990e+04
   20250.0 3.4069e+04
   20350.0 3.5675e+04
   20450.0 3.7277e+04
   20550.0 3.8874e+04
   20650.0 4.0214e+04
   20750.0 4.1331e+04
   20850.0 4.2453e+04
   20950.0 4.3551e+04
   21050.0 4.4275e+04
   21150.0 4.4554e+04
   21250.0 4.4853e+04
   21350.0 4.5118e+04
   21450.0 4.5402e+04
   21550.0 4.5369e+04
   21650.0 4.4976e+04
   21750.0 4.4564e+04
   21850.0 4.4182e+04
   21950.0 4.3830e+04
   22050.0 4.3335e+04
   22150.0 4.2749e+04
   22250.0 4.2196e+04
   22350.0 4.1627e+04
   22450.0 4.1067e+04
   22550.0 4.0515e+04
   22650.0 3.9971e+04
   22750.0 3.9435e+04
   22850.0 3.8883e+04
   22950.0 3.2353e+04
   23050.0 3.4239e+04
   23150.0 3.4235e+04
   23250.0 2.9349e+04
   23350.0 3.1496e+04
   23450.0 2.8611e+04
   23550.0 2.7049e+04
   23650.0 2.8515e+04
   23750.0 2.6192e+04
   23850.0 2.5087e+04
   23950.0 2.5422e+04
   24050.0 2.3469e+04
   24150.0 2.1569e+04
   24250.0 2.0433e+04
   24350.0 1.7974e+04
   24450.0 1.5731e+04
   24550.0 1.3510e+04
   24650.0 1.1760e+04
   24750.0 1.0313e+04
   24850.0 8.6065e+03
   24950.0 7.2836e+03
   25050.0 6.6408e+03
   25150.0 6.0895e+03
   25250.0 5.6181e+03
   25350.0 5.2847e+03
   25450.0 5.0822e+03
   25550.0 5.1600e+03
   25650.0 5.3331e+03
   25750.0 5.4871e+03
   25850.0 5.7390e+03
   25950.0 5.7269e+03
   26050.0 5.6583e+03
   26150.0 5.5871e+03
   26250.0 5.5202e+03
   26350.0 5.4508e+03
   26450.0 5.3805e+03
   26550.0 5.3128e+03
   26650.0 5.2443e+03
   26750.0 5.1750e+03
   26850.0 5.1049e+03
   26950.0 5.0374e+03
   27050.0 4.9691e+03
   27150.0 4.9016e+03
   27250.0 4.8318e+03
   27350.0 4.7629e+03
   27450.0 4.6948e+03
   27550.0 4.6260e+03
   27650.0 4.5566e+03
   27750.0 4.4880e+03
   27850.0 4.4202e+03
   27950.0 4.3533e+03
   28050.0 4.3376e+03
   28150.0 4.3795e+03
   28250.0 4.4192e+03
   28350.0 4.4626e+03
   28450.0 4.5054e+03
   28550.0 4.5460e+03
   28650.0 4.5903e+03
   28750.0 4.6338e+03
   28850.0 4.6767e+03
   28950.0 4.7188e+03
   29050.0 4.7617e+03
   29150.0 4.8053e+03
   29250.0 4.8468e+03
   29350.0 4.8904e+03
   29450.0 4.9347e+03
   29550.0 4.9782e+03
   29650.0 5.0211e+03
   29750.0 5.0660e+03
   29850.0 5.1074e+03
   29950.0 5.1509e+03
   30050.0 5.2336e+03
   30150.0 5.3599e+03
   30250.0 5.4726e+03
   30350.0 5.5824e+03
   30450.0 5.7113e+03
   30550.0 5.8372e+03
   30650.0 5.9651e+03
   30750.0 6.1166e+03
   30850.0 6.2899e+03
   30950.0 6.4672e+03
   31050.0 6.6109e+03
   31150.0 6.7255e+03
   31250.0 6.8397e+03
   31350.0 6.9535e+03
   31450.0 7.0573e+03
   31550.0 7.1656e+03
   31650.0 7.2724e+03
   31750.0 7.3790e+03
   31850.0 7.5183e+03
   31950.0 7.6933e+03
   32100.0 7.9312e+03
   32300.0 8.2275e+03
   32500.0 8.5625e+03
   32700.0 8.7777e+03
   32900.0 8.9006e+03
   33100.0 9.1874e+03
   33300.0 9.3456e+03
   33500.0 9.4737e+03
   33700.0 9.5823e+03
   33900.0 9.6219e+03
   34100.0 9.6424e+03
   34300.0 9.6424e+03
   34500.0 9.5934e+03
   34700.0 9.5538e+03
   34900.0 9.5194e+03
   35100.0 9.4677e+03
   35300.0 9.3906e+03
   35500.0 9.3069e+03
   35700.0 9.2067e+03
   35900.0 9.1240e+03
   36100.0 9.0112e+03
   36300.0 8.8821e+03
   36500.0 8.7653e+03
   36700.0 8.6406e+03
   36900.0 8.5040e+03
   37100.0 8.3621e+03
   37300.0 8.2287e+03
   37500.0 8.0755e+03
   37700.0 7.9259e+03
   37900.0 7.7849e+03
   38100.0 7.6406e+03
   38300.0 7.4988e+03
   38500.0 7.3524e+03
   38700.0 7.2181e+03
   38900.0 7.0839e+03
   39100.0 6.9598e+03
   39300.0 6.8410e+03
   39500.0 6.7166e+03
   39700.0 6.5951e+03
   39900.0 6.4832e+03
   40100.0 6.3769e+03
   40300.0 6.2746e+03
   40500.0 6.1704e+03
   40700.0 6.0686e+03
   40900.0 5.9700e+03
   41100.0 5.8744e+03
   41300.0 5.7818e+03
   41500.0 5.6886e+03
   41700.0 5.5983e+03
   41900.0 5.5095e+03
   42100.0 5.4221e+03
   42300.0 5.3374e+03
   42500.0 5.2534e+03
   42700.0 5.1715e+03
   42900.0 5.0908e+03
   43100.0 5.0127e+03
   43300.0 4.9345e+03
   43500.0 4.8582e+03
   43700.0 4.7843e+03
   43900.0 4.7115e+03
   44100.0 4.6399e+03
   44300.0 4.5694e+03
   44500.0 4.5000e+03
   44700.0 4.4328e+03
   44900.0 4.3654e+03
   45100.0 4.3002e+03
   45300.0 4.2361e+03
   45500.0 4.1734e+03
   45700.0 4.1117e+03
   45900.0 4.0509e+03
   46100.0 3.9916e+03
   46300.0 3.9325e+03
   46500.0 3.8755e+03
   46700.0 3.8193e+03
   46900.0 3.7639e+03
   47100.0 3.7098e+03
   47300.0 3.6560e+03
   47500.0 3.6035e+03
   47700.0 3.5523e+03
   47900.0 3.5012e+03
   48100.0 3.4514e+03
   48300.0 3.4029e+03
   48500.0 3.3545e+03
   48700.0 3.3072e+03
   48900.0 3.2612e+03
   49100.0 3.2158e+03
   49300.0 3.1705e+03
   49500.0 3.1268e+03
   49700.0 3.0833e+03
   49900.0 3.0408e+03
   50100.0 2.9993e+03
   50300.0 2.9580e+03
   50500.0 2.9177e+03
   50700.0 2.8779e+03
   50900.0 2.8387e+03
   51100.0 2.8004e+03
   51300.0 2.7627e+03
   51500.0 2.7259e+03
   51700.0 2.6896e+03
   51900.0 2.6529e+03
   52100.0 2.6175e+03
   52300.0 2.5831e+03
   52500.0 2.5487e+03
   52700.0 2.5151e+03
   52900.0 2.4824e+03
   53100.0 2.4497e+03
   53300.0 2.4178e+03
   53500.0 2.3864e+03
   53700.0 2.3553e+03
   53900.0 2.3251e+03
   54100.0 2.2952e+03
   54300.0 2.2658e+03
   54500.0 2.2362e+03
   54700.0 2.2079e+03
   54900.0 2.1799e+03
   55100.0 2.1523e+03
   55300.0 2.1250e+03
   55500.0 2.0980e+03
   55700.0 2.0717e+03
   55900.0 2.0458e+03
   56100.0 2.0202e+03
   56300.0 1.9949e+03
   56500.0 1.9703e+03
   56700.0 1.9456e+03
   56900.0 1.9216e+03
   57100.0 1.8982e+03
   57300.0 1.8744e+03
   57500.0 1.8519e+03
   57700.0 1.8290e+03
   57900.0 1.8068e+03
   58100.0 1.7848e+03
   58300.0 1.7634e+03
   58500.0 1.7419e+03
   58700.0 1.7213e+03
   58900.0 1.7003e+03
   59100.0 1.6802e+03
   59300.0 1.6601e+03
   59500.0 1.6404e+03
   59700.0 1.6211e+03
   59900.0 1.6016e+03
   60100.0 1.5830e+03
   60300.0 1.5639e+03
   60500.0 1.5457e+03
   60700.0 1.5281e+03
   60900.0 1.5100e+03
   61100.0 1.4921e+03
   61300.0 1.4753e+03
   61500.0 1.4581e+03
   61700.0 1.4411e+03
   61900.0 1.4243e+03
   62100.0 1.4083e+03
   62300.0 1.3925e+03
   62500.0 1.3762e+03
   62700.0 1.3607e+03
   62900.0 1.3451e+03
   63100.0 1.3300e+03
   63300.0 1.3150e+03
   63500.0 1.3002e+03
   63700.0 1.2856e+03
   63900.0 1.2714e+03
   64200.0 1.2499e+03
   64600.0 1.2224e+03
   65000.0 1.1958e+03
   65400.0 1.1697e+03
   65800.0 1.1442e+03
   66200.0 1.1197e+03
   66600.0 1.0955e+03
   67000.0 1.0720e+03
   67400.0 1.0493e+03
   67800.0 1.0270e+03
   68200.0 1.0055e+03
   68600.0 9.8437e+02
   69000.0 9.6392e+02
   69400.0 9.4413e+02
   69800.0 9.2448e+02
   70200.0 9.0545e+02
   70600.0 8.8704e+02
   71000.0 8.6899e+02
   71400.0 8.5152e+02
   71800.0 8.3438e+02
   72200.0 8.1757e+02
   72600.0 8.0130e+02
   73000.0 7.8534e+02
   73400.0 7.7013e+02
   73800.0 7.5498e+02
   74200.0 7.4011e+02
   74600.0 7.2573e+02
   75000.0 7.1183e+02
   75400.0 6.9797e+02
   75800.0 6.8457e+02
   76200.0 6.7141e+02
   76600.0 6.5890e+02
   77000.0 6.4620e+02
   77400.0 6.3414e+02
   77800.0 6.2248e+02
   78200.0 6.1084e+02
   78600.0 5.9939e+02
   79000.0 5.8815e+02
   79400.0 5.7749e+02
   79800.0 5.6700e+02
   80200.0 5.5670e+02
   80600.0 5.4657e+02
   81000.0 5.3662e+02
   81400.0 5.2702e+02
   81800.0 5.1757e+02
   82200.0 5.0829e+02
   82600.0 4.9933e+02
   83000.0 4.9053e+02
   83400.0 4.8187e+02
   83800.0 4.7335e+02
   84200.0 4.6515e+02
   84600.0 4.5707e+02
   85000.0 4.4913e+02
   85400.0 4.4148e+02
   85800.0 4.3379e+02
   86200.0 4.2654e+02
   86600.0 4.1925e+02
   87000.0 4.1208e+02
   87400.0 4.0518e+02
   87800.0 3.9838e+02
   88200.0 3.9170e+02
   88600.0 3.8526e+02
   89000.0 3.7878e+02
   89400.0 3.7255e+02
   89800.0 3.6641e+02
   90200.0 3.6037e+02
   90600.0 3.5456e+02
   91000.0 3.4870e+02
   91400.0 3.4322e+02
   91800.0 3.3753e+02
   92200.0 3.3221e+02
   92600.0 3.2683e+02
   93000.0 3.2166e+02
   93400.0 3.1658e+02
   93800.0 3.1157e+02
   94200.0 3.0676e+02
   94600.0 3.0190e+02
   95000.0 2.9710e+02
   95400.0 2.9251e+02
   95800.0 2.8798e+02
   96200.0 2.8352e+02
   96600.0 2.7912e+02
   97000.0 2.7491e+02
   97400.0 2.7063e+02
   97800.0 2.6667e+02
   98200.0 2.6251e+02
   98600.0 2.5853e+02
   99000.0 2.5474e+02
   99400.0 2.5087e+02
   99800.0 2.4706e+02
  100200.0 2.4342e+02
  200000.0 1.7370e+01
  400000.0 1.1542e+00
  600000.0 2.3254e-01
  800000.0 7.4330e-02
 1000000.0 3.0627e-02
 1200000.0 1.4831e-02
 1400000.0 8.0271e-03
 1600000.0 4.7170e-03
