      91.0 0.0000e+00
      94.0 0.0000e+00
      96.0 0.0000e+00
      98.0 0.0000e+00
     100.0 0.0000e+00
     102.0 0.0000e+00
     104.0 0.0000e+00
     106.0 0.0000e+00
     108.0 0.0000e+00
     110.0 0.0000e+00
     114.0 0.0000e+00
     118.0 0.0000e+00
     121.0 0.0000e+00
     125.0 0.0000e+00
     127.0 0.0000e+00
     128.0 0.0000e+00
     131.0 0.0000e+00
     132.0 0.0000e+00
     134.0 0.0000e+00
     137.0 0.0000e+00
     140.0 0.0000e+00
     143.0 0.0000e+00
     147.0 0.0000e+00
     151.0 0.0000e+00
     155.0 0.0000e+00
     159.0 0.0000e+00
     162.0 0.0000e+00
     166.0 0.0000e+00
     170.0 0.0000e+00
     173.0 0.0000e+00
     177.0 0.0000e+00
     180.0 0.0000e+00
     182.0 0.0000e+00
     186.0 0.0000e+00
     191.0 0.0000e+00
     194.0 0.0000e+00
     198.0 0.0000e+00
     202.0 0.0000e+00
     205.0 0.0000e+00
     210.0 0.0000e+00
     216.0 0.0000e+00
     220.0 0.0000e+00
     223.0 0.0000e+00
     227.0 0.0000e+00
     230.0 0.0000e+00
     234.0 0.0000e+00
     240.0 0.0000e+00
     246.0 0.0000e+00
     252.0 0.0000e+00
     257.0 0.0000e+00
     260.0 0.0000e+00
     264.0 0.0000e+00
     269.0 0.0000e+00
     274.0 0.0000e+00
     279.0 0.0000e+00
     284.0 0.0000e+00
     290.0 0.0000e+00
     296.0 0.0000e+00
     301.0 0.0000e+00
     308.0 0.0000e+00
     318.0 0.0000e+00
     328.0 0.0000e+00
     338.0 0.0000e+00
     348.0 0.0000e+00
     357.0 0.0000e+00
     366.0 0.0000e+00
     375.0 0.0000e+00
     385.0 0.0000e+00
     395.0 0.0000e+00
     405.0 0.0000e+00
     414.0 0.0000e+00
     422.0 0.0000e+00
     430.0 0.0000e+00
     441.0 0.0000e+00
     451.0 0.0000e+00
     460.0 0.0000e+00
     470.0 0.0000e+00
     480.0 0.0000e+00
     490.0 0.0000e+00
     500.0 0.0000e+00
     506.0 0.0000e+00
     512.0 0.0000e+00
     520.0 0.0000e+00
     530.0 0.0000e+00
     540.0 0.0000e+00
     550.0 0.0000e+00
     560.0 0.0000e+00
     570.0 0.0000e+00
     580.0 0.0000e+00
     590.0 0.0000e+00
     600.0 0.0000e+00
     610.0 0.0000e+00
     620.0 0.0000e+00
     630.0 0.0000e+00
     640.0 0.0000e+00
     650.0 0.0000e+00
     658.0 0.0000e+00
     665.0 0.0000e+00
     675.0 0.0000e+00
     685.0 0.0000e+00
     695.0 0.0000e+00
     705.0 0.0000e+00
     716.0 0.0000e+00
     726.0 0.0000e+00
     735.0 0.0000e+00
     745.0 0.0000e+00
     755.0 0.0000e+00
     765.0 0.0000e+00
     775.0 0.0000e+00
     785.0 0.0000e+00
     795.0 0.0000e+00
     805.0 0.0000e+00
     815.0 0.0000e+00
     825.0 0.0000e+00
     835.0 0.0000e+00
     845.0 0.0000e+00
     855.0 0.0000e+00
     865.0 0.0000e+00
     875.0 0.0000e+00
     885.0 0.0000e+00
     895.0 0.0000e+00
     905.0 0.0000e+00
     915.0 0.0000e+00
     925.0 9.5149e-19
     935.0 1.2511e-18
     945.0 2.8589e-18
     955.0 3.9458e-18
     965.0 8.4630e-18
     975.0 1.3548e-17
     985.0 2.3694e-17
     995.0 4.9758e-17
    1005.0 8.6576e-17
    1015.0 1.2059e-16
    1025.0 1.1505e-16
    1035.0 5.4685e-16
    1045.0 1.1223e-15
    1055.0 1.3952e-15
    1065.0 3.6793e-15
    1075.0 6.2842e-15
    1085.0 1.0777e-14
    1095.0 1.5702e-14
    1105.0 2.4346e-14
    1115.0 3.7155e-14
    1125.0 8.5739e-14
    1135.0 1.6942e-13
    1145.0 2.6645e-13
    1155.0 3.9067e-13
    1165.0 5.5222e-13
    1175.0 8.0317e-13
    1185.0 8.7959e-13
    1195.0 8.8341e-13
    1205.0 8.5972e-13
    1215.0 4.2696e-13
    1225.0 1.8923e-12
    1235.0 3.7196e-12
    1245.0 7.3009e-12
    1255.0 1.2540e-11
    1265.0 1.6794e-11
    1275.0 2.7825e-11
    1285.0 2.7836e-11
    1295.0 4.2982e-11
    1305.0 5.1367e-11
    1315.0 7.8362e-11
    1325.0 9.5899e-11
    1335.0 1.1533e-10
    1345.0 1.5717e-10
    1355.0 2.3023e-10
    1365.0 2.4669e-10
    1375.0 3.1092e-10
    1385.0 4.1603e-10
    1395.0 4.8428e-10
    1405.0 7.5813e-10
    1415.0 1.0020e-09
    1425.0 1.3057e-09
    1435.0 1.7796e-09
    1442.0 2.4821e-09
    1447.0 2.4455e-09
    1455.0 3.4343e-09
    1465.0 4.6448e-09
    1475.0 5.4259e-09
    1485.0 6.8843e-09
    1495.0 1.0430e-08
    1505.0 1.5274e-08
    1512.0 1.1666e-08
    1517.0 1.7826e-08
    1525.0 2.4812e-08
    1535.0 3.2088e-08
    1545.0 2.7168e-08
    1555.0 4.5457e-08
    1565.0 5.0381e-08
    1575.0 8.7643e-08
    1585.0 1.1322e-07
    1595.0 1.1718e-07
    1605.0 1.4622e-07
    1615.0 2.0110e-07
    1625.0 2.2393e-07
    1635.0 3.1172e-07
    1645.0 3.9077e-07
    1655.0 3.7897e-07
    1665.0 5.3768e-07
    1672.0 5.3833e-07
    1677.0 6.8693e-07
    1685.0 8.2191e-07
    1695.0 1.1691e-06
    1705.0 1.2586e-06
    1715.0 1.5155e-06
    1725.0 1.8832e-06
    1735.0 2.2902e-06
    1745.0 3.1225e-06
    1755.0 3.3043e-06
    1765.0 4.1496e-06
    1775.0 4.6892e-06
    1785.0 6.9326e-06
    1795.0 7.6520e-06
    1805.0 1.0324e-05
    1815.0 1.0855e-05
    1825.0 1.3908e-05
    1835.0 1.6069e-05
    1845.0 2.0612e-05
    1855.0 2.1031e-05
    1865.0 2.7502e-05
    1875.0 3.0412e-05
    1885.0 3.8339e-05
    1895.0 4.6818e-05
    1905.0 5.4423e-05
    1915.0 6.8964e-05
    1925.0 7.3330e-05
    1935.0 7.8435e-05
    1945.0 9.8646e-05
    1955.0 1.2368e-04
    1967.0 1.4582e-04
    1976.0 1.7057e-04
    1984.0 2.0433e-04
    1995.0 2.1690e-04
    2005.0 2.5442e-04
    2015.0 2.9535e-04
    2025.0 3.1408e-04
    2035.0 3.7615e-04
    2045.0 4.2237e-04
    2055.0 4.9068e-04
    2065.0 5.3347e-04
    2074.0 5.8265e-04
    2078.0 8.2729e-04
    2085.0 1.0659e-03
    2095.0 1.1953e-03
    2105.0 1.1199e-03
    2115.0 1.2283e-03
    2125.0 1.5036e-03
    2135.0 1.9063e-03
    2145.0 1.6318e-03
    2155.0 2.0941e-03
    2165.0 2.1687e-03
    2175.0 2.5129e-03
    2185.0 2.4211e-03
    2195.0 3.8504e-03
    2205.0 3.3839e-03
    2215.0 4.3164e-03
    2225.0 3.9774e-03
    2235.0 6.3353e-03
    2245.0 6.9452e-03
    2255.0 9.6593e-03
    2265.0 5.3902e-03
    2275.0 1.0697e-02
    2285.0 9.4855e-03
    2295.0 1.7139e-02
    2305.0 6.6650e-03
    2315.0 2.4166e-02
    2325.0 1.7889e-02
    2335.0 3.0594e-02
    2345.0 2.0754e-02
    2355.0 1.7412e-02
    2365.0 2.4677e-02
    2375.0 2.3662e-02
    2385.0 4.3618e-02
    2395.0 3.9010e-02
    2405.0 7.9239e-02
    2415.0 4.5276e-02
    2425.0 6.2399e-02
    2435.0 9.8818e-02
    2445.0 1.4876e-01
    2455.0 1.8382e-01
    2465.0 1.0085e-01
    2475.0 1.9447e-01
    2485.0 6.3966e-02
    2495.0 9.0019e-02
    2505.0 1.7537e-01
    2513.0 1.2529e-01
    2518.0 1.4096e-01
    2525.0 1.7554e-01
    2535.0 4.8723e-01
    2545.0 6.0653e-01
    2555.0 6.4587e-01
    2565.0 3.0475e-01
    2575.0 6.1707e-01
    2585.0 3.7524e-01
    2595.0 5.0965e-01
    2605.0 7.6834e-01
    2615.0 6.6322e-01
    2625.0 1.2829e+00
    2635.0 2.0518e+00
    2645.0 1.4277e+00
    2655.0 2.1588e+00
    2665.0 1.7627e+00
    2675.0 1.6269e+00
    2685.0 2.3936e+00
    2695.0 1.5553e+00
    2705.0 3.0745e+00
    2715.0 2.9299e+00
    2725.0 2.3578e+00
    2735.0 2.4945e+00
    2745.0 3.8561e+00
    2755.0 3.4506e+00
    2765.0 5.6749e+00
    2775.0 7.7691e+00
    2785.0 5.1392e+00
    2795.0 6.7280e+00
    2805.0 6.6222e+00
    2815.0 8.2550e+00
    2825.0 8.0449e+00
    2835.0 7.1005e+00
    2845.0 4.6387e+00
    2855.0 1.9567e+00
    2865.0 8.1798e+00
    2875.0 9.6521e+00
    2885.0 1.7419e+01
    2895.0 2.1119e+01
    2910.0 2.5037e+01
    2930.0 2.6051e+01
    2950.0 2.6209e+01
    2970.0 2.6618e+01
    2990.0 3.1669e+01
    3010.0 3.4678e+01
    3030.0 4.1235e+01
    3050.0 5.1654e+01
    3070.0 6.5258e+01
    3090.0 7.5129e+01
    3110.0 9.9421e+01
    3130.0 1.0913e+02
    3150.0 1.4901e+02
    3170.0 1.9404e+02
    3190.0 1.7818e+02
    3210.0 2.1902e+02
    3230.0 2.3230e+02
    3250.0 2.9450e+02
    3270.0 3.8096e+02
    3290.0 4.8381e+02
    3310.0 4.9210e+02
    3330.0 5.4806e+02
    3350.0 6.1035e+02
    3370.0 5.2615e+02
    3390.0 6.3495e+02
    3410.0 7.2581e+02
    3430.0 8.1970e+02
    3450.0 7.3305e+02
    3470.0 8.6465e+02
    3490.0 1.0003e+03
    3510.0 1.3043e+03
    3530.0 1.1596e+03
    3550.0 1.7461e+03
    3570.0 9.5125e+02
    3590.0 7.3096e+02
    3610.0 1.1843e+03
    3630.0 1.9084e+03
    3640.0 2.2418e+03
    3650.0 2.2377e+03
    3670.0 3.4420e+03
    3690.0 2.7460e+03
    3710.0 2.4142e+03
    3730.0 1.1481e+03
    3750.0 1.4437e+03
    3770.0 3.0146e+03
    3790.0 3.4162e+03
    3810.0 2.9219e+03
    3830.0 1.5148e+03
    3850.0 2.4101e+03
    3870.0 2.2155e+03
    3890.0 2.7015e+03
    3910.0 3.1007e+03
    3930.0 1.1576e+03
    3950.0 2.2327e+03
    3970.0 1.3992e+03
    3990.0 4.9481e+03
    4010.0 8.4344e+03
    4030.0 7.5239e+03
    4050.0 7.7422e+03
    4070.0 6.3814e+03
    4090.0 1.1240e+04
    4110.0 8.0006e+03
    4130.0 7.9584e+03
    4150.0 8.4041e+03
    4170.0 7.6410e+03
    4190.0 8.5381e+03
    4210.0 6.6169e+03
    4230.0 3.0842e+03
    4250.0 7.1834e+03
    4270.0 7.3399e+03
    4290.0 7.6365e+03
    4310.0 8.3404e+03
    4330.0 1.2722e+04
    4350.0 1.5051e+04
    4370.0 1.5115e+04
    4390.0 1.1337e+04
    4410.0 1.0926e+04
    4430.0 1.2893e+04
    4450.0 1.4261e+04
    4470.0 1.5364e+04
    4490.0 1.7208e+04
    4510.0 2.1142e+04
    4530.0 1.5147e+04
    4550.0 1.7157e+04
    4570.0 2.1899e+04
    4590.0 1.8419e+04
    4610.0 1.9890e+04
    4630.0 1.8175e+04
    4650.0 1.8934e+04
    4670.0 2.0993e+04
    4690.0 2.1736e+04
    4710.0 2.0692e+04
    4730.0 2.0582e+04
    4750.0 2.1467e+04
    4770.0 1.5084e+04
    4790.0 1.7587e+04
    4810.0 1.6985e+04
    4830.0 1.9924e+04
    4850.0 2.0331e+04
    4870.0 2.1600e+04
    4890.0 2.4939e+04
    4910.0 2.6184e+04
    4930.0 2.6273e+04
    4950.0 2.1818e+04
    4970.0 1.6079e+04
    4990.0 1.6817e+04
    5010.0 1.4299e+04
    5030.0 1.8333e+04
    5050.0 1.9152e+04
    5070.0 2.0265e+04
    5090.0 2.0106e+04
    5110.0 2.2415e+04
    5130.0 2.1011e+04
    5150.0 2.0477e+04
    5170.0 1.3899e+04
    5190.0 1.5951e+04
    5210.0 1.8131e+04
    5230.0 2.8168e+04
    5250.0 3.0338e+04
    5270.0 2.7306e+04
    5290.0 3.5798e+04
    5310.0 3.9323e+04
    5330.0 3.2958e+04
    5350.0 3.8385e+04
    5370.0 3.8233e+04
    5390.0 3.7780e+04
    5410.0 3.8997e+04
    5430.0 3.8942e+04
    5450.0 2.8261e+04
    5470.0 2.9197e+04
    5490.0 3.1722e+04
    5510.0 3.0271e+04
    5530.0 3.7641e+04
    5550.0 3.9320e+04
    5570.0 4.1937e+04
    5590.0 4.2060e+04
    5610.0 3.3264e+04
    5630.0 3.6198e+04
    5650.0 4.0458e+04
    5670.0 4.0322e+04
    5690.0 4.6743e+04
    5710.0 4.3547e+04
    5730.0 5.1973e+04
    5750.0 4.8057e+04
    5770.0 4.5348e+04
    5790.0 4.5214e+04
    5810.0 4.5578e+04
    5830.0 4.9817e+04
    5850.0 4.6884e+04
    5870.0 4.3294e+04
    5890.0 3.8092e+04
    5910.0 4.0890e+04
    5930.0 4.1945e+04
    5950.0 4.2070e+04
    5970.0 4.5590e+04
    5990.0 4.5353e+04
    6010.0 4.6181e+04
    6030.0 5.1910e+04
    6050.0 5.4909e+04
    6070.0 5.7054e+04
    6090.0 5.4707e+04
    6110.0 5.5217e+04
    6130.0 5.1315e+04
    6150.0 5.2504e+04
    6170.0 3.6886e+04
    6190.0 3.9058e+04
    6210.0 3.4858e+04
    6230.0 3.1514e+04
    6250.0 3.3124e+04
    6270.0 3.6848e+04
    6290.0 4.2100e+04
    6310.0 4.3701e+04
    6330.0 4.4892e+04
    6350.0 4.5531e+04
    6370.0 4.6516e+04
    6390.0 4.7547e+04
    6410.0 4.5617e+04
    6430.0 4.6987e+04
    6450.0 4.6782e+04
    6470.0 4.7210e+04
    6490.0 4.5068e+04
    6510.0 5.0791e+04
    6530.0 5.0789e+04
    6550.0 4.9949e+04
    6570.0 5.0756e+04
    6590.0 5.1774e+04
    6610.0 5.1516e+04
    6630.0 5.0633e+04
    6650.0 5.2932e+04
    6670.0 4.6685e+04
    6690.0 3.9440e+04
    6710.0 3.3186e+04
    6730.0 3.2301e+04
    6750.0 3.1794e+04
    6770.0 3.1606e+04
    6790.0 3.1290e+04
    6810.0 3.4235e+04
    6830.0 3.7351e+04
    6850.0 3.8207e+04
    6870.0 4.1084e+04
    6890.0 4.5823e+04
    6910.0 5.0807e+04
    6930.0 5.1737e+04
    6950.0 5.8267e+04
    6970.0 6.4006e+04
    6990.0 6.6511e+04
    7010.0 7.2477e+04
    7030.0 7.6506e+04
    7050.0 8.0970e+04
    7070.0 7.5690e+04
    7090.0 5.2244e+04
    7110.0 3.7361e+04
    7130.0 3.5807e+04
    7150.0 3.4317e+04
    7170.0 3.6179e+04
    7190.0 3.6998e+04
    7210.0 3.8823e+04
    7230.0 4.5789e+04
    7250.0 5.2473e+04
    7270.0 5.9967e+04
    7290.0 6.5618e+04
    7310.0 7.6300e+04
    7330.0 8.2290e+04
    7350.0 8.9678e+04
    7370.0 9.8840e+04
    7390.0 1.0331e+05
    7410.0 1.1036e+05
    7430.0 1.1517e+05
    7450.0 1.1907e+05
    7470.0 1.2505e+05
    7490.0 1.2832e+05
    7510.0 1.3408e+05
    7530.0 1.4030e+05
    7550.0 1.4246e+05
    7570.0 1.4393e+05
    7590.0 1.4448e+05
    7610.0 1.3994e+05
    7630.0 1.1772e+05
    7650.0 1.0293e+05
    7670.0 9.5805e+04
    7690.0 8.8595e+04
    7710.0 8.9649e+04
    7730.0 8.6778e+04
    7750.0 8.9924e+04
    7770.0 8.7555e+04
    7790.0 9.8646e+04
    7810.0 9.8987e+04
    7830.0 9.5724e+04
    7850.0 8.9963e+04
    7870.0 1.0345e+05
    7890.0 9.9610e+04
    7910.0 9.9854e+04
    7930.0 1.0797e+05
    7950.0 1.1223e+05
    7970.0 1.1859e+05
    7990.0 1.2782e+05
    8010.0 1.3892e+05
    8030.0 1.3874e+05
    8050.0 1.4719e+05
    8070.0 1.5311e+05
    8090.0 1.5658e+05
    8110.0 1.6555e+05
    8130.0 1.7642e+05
    8150.0 1.8144e+05
    8170.0 1.8810e+05
    8190.0 1.8897e+05
    8210.0 1.9107e+05
    8230.0 2.0041e+05
    8250.0 1.9592e+05
    8270.0 2.0199e+05
    8290.0 2.0066e+05
    8310.0 1.8928e+05
    8330.0 1.8561e+05
    8350.0 1.8799e+05
    8370.0 1.8931e+05
    8390.0 1.8109e+05
    8410.0 1.8430e+05
    8430.0 1.4701e+05
    8450.0 1.1118e+05
    8470.0 1.2311e+05
    8490.0 1.2354e+05
    8510.0 1.2096e+05
    8530.0 1.3149e+05
    8550.0 1.3474e+05
    8570.0 1.4580e+05
    8590.0 1.5398e+05
    8610.0 1.6500e+05
    8630.0 1.7438e+05
    8650.0 1.8335e+05
    8670.0 1.7373e+05
    8690.0 1.8849e+05
    8710.0 2.0138e+05
    8730.0 2.0895e+05
    8750.0 2.1129e+05
    8770.0 2.1563e+05
    8790.0 2.2210e+05
    8810.0 2.1908e+05
    8830.0 2.2378e+05
    8850.0 2.3211e+05
    8870.0 2.2741e+05
    8890.0 2.3367e+05
    8910.0 2.3836e+05
    8930.0 2.3278e+05
    8950.0 2.3414e+05
    8970.0 2.3727e+05
    8990.0 2.4141e+05
    9010.0 2.3398e+05
    9030.0 2.4030e+05
    9050.0 2.4832e+05
    9070.0 2.5072e+05
    9090.0 2.4033e+05
    9110.0 2.4347e+05
    9130.0 2.5075e+05
    9150.0 2.4722e+05
    9170.0 2.4856e+05
    9190.0 2.5260e+05
    9210.0 2.2747e+05
    9230.0 2.1621e+05
    9250.0 2.1611e+05
    9270.0 2.1155e+05
    9290.0 2.0175e+05
    9310.0 2.0877e+05
    9330.0 2.1091e+05
    9350.0 2.0562e+05
    9370.0 2.0296e+05
    9390.0 2.1448e+05
    9410.0 2.1099e+05
    9430.0 2.1522e+05
    9450.0 2.1405e+05
    9470.0 2.2437e+05
    9490.0 2.2596e+05
    9510.0 2.2620e+05
    9530.0 2.3054e+05
    9550.0 2.2615e+05
    9570.0 2.2874e+05
    9590.0 2.3822e+05
    9610.0 2.3450e+05
    9630.0 2.3961e+05
    9650.0 2.3089e+05
    9670.0 2.3263e+05
    9690.0 2.4125e+05
    9710.0 2.3822e+05
    9730.0 2.3661e+05
    9750.0 2.3728e+05
    9770.0 2.3958e+05
    9790.0 2.3497e+05
    9810.0 2.4573e+05
    9830.0 2.4125e+05
    9850.0 2.4769e+05
    9870.0 2.4595e+05
    9890.0 2.4618e+05
    9910.0 2.4445e+05
    9930.0 2.4444e+05
    9950.0 2.4407e+05
    9970.0 2.4574e+05
    9990.0 2.4560e+05
   10025.0 2.4103e+05
   10075.0 2.3758e+05
   10125.0 2.3898e+05
   10175.0 2.3386e+05
   10225.0 2.3180e+05
   10275.0 2.3069e+05
   10325.0 2.2520e+05
   10375.0 2.2203e+05
   10425.0 2.2344e+05
   10475.0 2.2218e+05
   10525.0 2.2246e+05
   10575.0 2.1843e+05
   10625.0 2.1935e+05
   10675.0 2.1383e+05
   10725.0 2.1403e+05
   10775.0 2.1164e+05
   10825.0 2.0815e+05
   10875.0 2.0857e+05
   10925.0 2.1018e+05
   10975.0 2.0688e+05
   11025.0 2.0609e+05
   11075.0 2.0404e+05
   11125.0 2.0231e+05
   11175.0 1.9896e+05
   11225.0 1.9834e+05
   11275.0 1.9441e+05
   11325.0 1.9289e+05
   11375.0 1.8999e+05
   11425.0 1.8760e+05
   11475.0 1.8888e+05
   11525.0 1.8806e+05
   11575.0 1.8420e+05
   11625.0 1.8031e+05
   11675.0 1.8000e+05
   11725.0 1.8082e+05
   11775.0 1.7618e+05
   11825.0 1.7495e+05
   11875.0 1.7110e+05
   11925.0 1.7354e+05
   11975.0 1.6616e+05
   12025.0 1.6992e+05
   12075.0 1.6745e+05
   12125.0 1.6705e+05
   12175.0 1.6625e+05
   12225.0 1.6473e+05
   12275.0 1.6291e+05
   12325.0 1.6088e+05
   12375.0 1.6045e+05
   12425.0 1.5869e+05
   12475.0 1.5758e+05
   12525.0 1.5533e+05
   12575.0 1.5478e+05
   12625.0 1.5363e+05
   12675.0 1.5160e+05
   12725.0 1.5145e+05
   12775.0 1.5188e+05
   12825.0 1.4552e+05
   12875.0 1.4794e+05
   12925.0 1.4421e+05
   12975.0 1.4730e+05
   13025.0 1.4476e+05
   13075.0 1.4590e+05
   13125.0 1.4180e+05
   13175.0 1.4231e+05
   13225.0 1.4282e+05
   13275.0 1.3997e+05
   13325.0 1.4183e+05
   13375.0 1.3997e+05
   13425.0 1.4125e+05
   13475.0 1.4041e+05
   13525.0 1.4009e+05
   13575.0 1.3815e+05
   13625.0 1.3675e+05
   13675.0 1.3819e+05
   13725.0 1.3909e+05
   13775.0 1.3802e+05
   13825.0 1.3878e+05
   13875.0 1.3641e+05
   13925.0 1.3822e+05
   13975.0 1.3858e+05
   14025.0 1.3601e+05
   14075.0 1.3813e+05
   14125.0 1.3638e+05
   14175.0 1.3798e+05
   14225.0 1.3630e+05
   14275.0 1.3276e+05
   14325.0 1.3698e+05
   14375.0 1.3690e+05
   14425.0 1.3376e+05
   14475.0 1.3696e+05
   14525.0 1.3573e+05
   14570.0 1.3659e+05
   14620.0 1.3745e+05
   14675.0 1.3748e+05
   14725.0 1.3511e+05
   14775.0 1.3711e+05
   14825.0 1.3744e+05
   14875.0 1.3625e+05
   14925.0 1.4029e+05
   14975.0 1.3818e+05
   15025.0 1.3753e+05
   15075.0 1.3677e+05
   15125.0 1.3985e+05
   15175.0 1.4003e+05
   15225.0 1.4123e+05
   15275.0 1.4293e+05
   15325.0 1.4215e+05
   15375.0 1.4447e+05
   15425.0 1.4475e+05
   15475.0 1.4542e+05
   15525.0 1.4329e+05
   15575.0 1.3387e+05
   15625.0 1.3792e+05
   15675.0 1.3983e+05
   15725.0 1.4573e+05
   15775.0 1.2871e+05
   15825.0 1.3341e+05
   15875.0 1.3575e+05
   15925.0 1.4020e+05
   15975.0 1.3293e+05
   16050.0 1.4966e+05
   16150.0 1.5062e+05
   16250.0 1.5081e+05
   16350.0 1.5189e+05
   16450.0 1.4921e+05
   16550.0 1.4815e+05
   16650.0 1.4590e+05
   16750.0 1.4263e+05
   16850.0 1.4018e+05
   16950.0 1.3999e+05
   17050.0 1.3518e+05
   17150.0 1.3499e+05
   17250.0 1.3001e+05
   17350.0 1.2875e+05
   17450.0 1.2661e+05
   17550.0 1.2412e+05
   17650.0 1.2291e+05
   17750.0 1.1989e+05
   17850.0 1.1976e+05
   17950.0 1.1657e+05
   18050.0 1.1370e+05
   18150.0 1.1310e+05
   18250.0 1.1039e+05
   18350.0 1.0794e+05
   18450.0 1.0590e+05
   18550.0 1.0549e+05
   18650.0 1.0212e+05
   18750.0 1.0141e+05
   18850.0 9.9964e+04
   18950.0 9.4838e+04
   19050.0 9.7744e+04
   19150.0 9.5581e+04
   19250.0 9.4688e+04
   19350.0 9.1502e+04
   19450.0 8.9739e+04
   19550.0 9.0016e+04
   19650.0 8.8543e+04
   19750.0 8.5896e+04
   19850.0 8.5550e+04
   19950.0 8.4544e+04
   20050.0 8.4657e+04
   20150.0 8.3140e+04
   20250.0 8.0244e+04
   20350.0 7.9805e+04
   20450.0 8.0088e+04
   20550.0 7.8401e+04
   20650.0 7.7025e+04
   20750.0 7.6229e+04
   20850.0 7.4589e+04
   20950.0 7.3114e+04
   21050.0 7.3206e+04
   21150.0 7.1657e+04
   21250.0 7.0400e+04
   21350.0 7.0479e+04
   21450.0 6.9276e+04
   21550.0 6.7860e+04
   21650.0 6.7362e+04
   21750.0 6.5553e+04
   21850.0 6.5004e+04
   21950.0 6.4289e+04
   22050.0 6.1981e+04
   22150.0 6.3011e+04
   22250.0 6.0484e+04
   22350.0 6.0112e+04
   22450.0 5.9363e+04
   22550.0 5.9192e+04
   22650.0 5.7151e+04
   22750.0 5.7808e+04
   22850.0 5.6270e+04
   22950.0 4.4715e+04
   23050.0 4.9384e+04
   23150.0 4.8802e+04
   23250.0 3.9620e+04
   23350.0 4.4714e+04
   23450.0 4.1935e+04
   23550.0 3.4725e+04
   23650.0 4.0435e+04
   23750.0 3.7991e+04
   23850.0 3.3014e+04
   23950.0 3.7422e+04
   24050.0 3.6385e+04
   24150.0 3.1911e+04
   24250.0 3.5441e+04
   24350.0 3.4605e+04
   24450.0 3.2216e+04
   24550.0 3.2531e+04
   24650.0 3.4123e+04
   24750.0 3.2692e+04
   24850.0 3.0721e+04
   24950.0 3.2170e+04
   25050.0 3.3710e+04
   25150.0 2.9936e+04
   25250.0 3.2088e+04
   25350.0 3.1910e+04
   25450.0 3.1326e+04
   25550.0 3.0622e+04
   25650.0 3.0912e+04
   25750.0 3.1215e+04
   25850.0 2.9233e+04
   25950.0 2.9685e+04
   26050.0 3.0536e+04
   26150.0 2.9689e+04
   26250.0 2.9272e+04
   26350.0 2.9637e+04
   26450.0 2.9448e+04
   26550.0 2.8886e+04
   26650.0 2.8281e+04
   26750.0 2.9478e+04
   26850.0 2.8959e+04
   26950.0 2.7721e+04
   27050.0 2.8435e+04
   27150.0 2.8063e+04
   27250.0 2.8277e+04
   27350.0 2.6981e+04
   27450.0 2.7500e+04
   27550.0 2.7712e+04
   27650.0 2.7057e+04
   27750.0 2.6208e+04
   27850.0 2.6623e+04
   27950.0 2.6725e+04
   28050.0 2.6367e+04
   28150.0 2.5620e+04
   28250.0 2.5725e+04
   28350.0 2.5767e+04
   28450.0 2.5438e+04
   28550.0 2.5069e+04
   28650.0 2.4909e+04
   28750.0 2.4765e+04
   28850.0 2.4464e+04
   28950.0 2.4209e+04
   29050.0 2.3872e+04
   29150.0 2.3751e+04
   29250.0 2.3127e+04
   29350.0 2.3331e+04
   29450.0 2.2966e+04
   29550.0 2.2714e+04
   29650.0 2.2643e+04
   29750.0 2.2410e+04
   29850.0 2.2058e+04
   29950.0 2.1831e+04
   30050.0 2.1593e+04
   30150.0 2.1476e+04
   30250.0 2.1099e+04
   30350.0 2.0882e+04
   30450.0 2.0758e+04
   30550.0 2.0442e+04
   30650.0 2.0220e+04
   30750.0 2.0050e+04
   30850.0 1.9669e+04
   30950.0 1.9517e+04
   31050.0 1.9416e+04
   31150.0 1.9007e+04
   31250.0 1.8935e+04
   31350.0 1.8705e+04
   31450.0 1.8477e+04
   31550.0 1.8275e+04
   31650.0 1.7969e+04
   31750.0 1.7891e+04
   31850.0 1.7685e+04
   31950.0 1.7504e+04
   32100.0 1.7189e+04
   32300.0 1.6747e+04
   32500.0 1.6383e+04
   32700.0 1.6003e+04
   32900.0 1.5676e+04
   33100.0 1.5290e+04
   33300.0 1.4934e+04
   33500.0 1.4682e+04
   33700.0 1.4339e+04
   33900.0 1.3993e+04
   34100.0 1.3664e+04
   34300.0 1.3444e+04
   34500.0 1.3178e+04
   34700.0 1.2887e+04
   34900.0 1.2641e+04
   35100.0 1.2400e+04
   35300.0 1.2097e+04
   35500.0 1.1894e+04
   35700.0 1.1639e+04
   35900.0 1.1389e+04
   36100.0 1.1198e+04
   36300.0 1.0966e+04
   36500.0 1.0711e+04
   36700.0 1.0497e+04
   36900.0 1.0234e+04
   37100.0 1.0002e+04
   37300.0 9.8775e+03
   37500.0 9.6189e+03
   37700.0 9.5087e+03
   37900.0 9.3168e+03
   38100.0 9.1614e+03
   38300.0 9.0088e+03
   38500.0 8.8507e+03
   38700.0 8.6153e+03
   38900.0 8.4953e+03
   39100.0 8.3615e+03
   39300.0 8.1990e+03
   39500.0 7.9932e+03
   39700.0 7.8596e+03
   39900.0 7.6529e+03
   40100.0 7.5693e+03
   40300.0 7.4722e+03
   40500.0 7.3182e+03
   40700.0 7.1994e+03
   40900.0 7.0761e+03
   41100.0 6.9513e+03
   41300.0 6.8427e+03
   41500.0 6.7101e+03
   41700.0 6.5900e+03
   41900.0 6.4528e+03
   42100.0 6.3321e+03
   42300.0 6.2683e+03
   42500.0 6.1318e+03
   42700.0 6.0495e+03
   42900.0 5.4726e+03
   43100.0 4.7964e+03
   43300.0 4.8820e+03
   43500.0 4.4728e+03
   43700.0 4.2562e+03
   43900.0 4.0862e+03
   44100.0 3.8032e+03
   44300.0 3.7500e+03
   44500.0 3.6582e+03
   44700.0 3.4533e+03
   44900.0 3.5017e+03
   45100.0 3.3723e+03
   45300.0 3.2608e+03
   45500.0 3.2860e+03
   45700.0 3.2338e+03
   45900.0 3.0964e+03
   46100.0 3.1649e+03
   46300.0 3.0767e+03
   46500.0 3.0636e+03
   46700.0 3.0929e+03
   46900.0 2.9985e+03
   47100.0 2.9352e+03
   47300.0 3.0010e+03
   47500.0 2.9062e+03
   47700.0 2.8740e+03
   47900.0 2.8793e+03
   48100.0 2.7642e+03
   48300.0 2.8364e+03
   48500.0 2.7769e+03
   48700.0 2.7061e+03
   48900.0 2.6659e+03
   49100.0 2.6492e+03
   49300.0 2.6100e+03
   49500.0 2.5410e+03
   49700.0 2.5774e+03
   49900.0 2.5385e+03
   50100.0 2.5063e+03
   50300.0 2.4755e+03
   50500.0 2.4122e+03
   50700.0 2.4273e+03
   50900.0 2.3819e+03
   51100.0 2.3467e+03
   51300.0 2.3549e+03
   51500.0 2.2955e+03
   51700.0 2.3114e+03
   51900.0 2.2723e+03
   52100.0 2.2637e+03
   52300.0 2.2122e+03
   52500.0 2.2097e+03
   52700.0 2.2323e+03
   52900.0 2.1640e+03
   53100.0 2.1235e+03
   53300.0 2.1342e+03
   53500.0 2.1074e+03
   53700.0 2.0950e+03
   53900.0 2.0779e+03
   54100.0 2.0621e+03
   54300.0 2.0144e+03
   54500.0 2.0348e+03
   54700.0 1.9774e+03
   54900.0 1.9842e+03
   55100.0 1.9425e+03
   55300.0 2.0073e+03
   55500.0 1.9135e+03
   55700.0 1.9361e+03
   55900.0 1.9000e+03
   56100.0 1.9124e+03
   56300.0 1.8549e+03
   56500.0 1.8696e+03
   56700.0 1.8490e+03
   56900.0 1.8019e+03
   57100.0 1.8217e+03
   57300.0 1.8028e+03
   57500.0 1.7805e+03
   57700.0 1.7624e+03
   57900.0 1.7656e+03
   58100.0 1.7340e+03
   58300.0 1.7214e+03
   58500.0 1.7033e+03
   58700.0 1.6705e+03
   58900.0 1.6619e+03
   59100.0 1.6456e+03
   59300.0 1.6358e+03
   59500.0 1.6086e+03
   59700.0 1.6066e+03
   59900.0 1.5912e+03
   60100.0 1.5737e+03
   60300.0 1.5563e+03
   60500.0 1.5287e+03
   60700.0 1.5160e+03
   60900.0 1.4986e+03
   61100.0 1.4795e+03
   61300.0 1.4734e+03
   61500.0 1.4626e+03
   61700.0 1.4556e+03
   61900.0 1.4346e+03
   62100.0 1.4260e+03
   62300.0 1.4045e+03
   62500.0 1.3811e+03
   62700.0 1.3668e+03
   62900.0 1.3560e+03
   63100.0 1.3411e+03
   63300.0 1.3360e+03
   63500.0 1.3166e+03
   63700.0 1.3124e+03
   63900.0 1.2907e+03
   64200.0 1.2738e+03
   64600.0 1.2431e+03
   65000.0 1.2185e+03
   65400.0 1.1913e+03
   65800.0 1.1699e+03
   66200.0 1.1435e+03
   66600.0 1.1193e+03
   67000.0 1.0977e+03
   67400.0 1.0725e+03
   67800.0 1.0500e+03
   68200.0 1.0269e+03
   68600.0 1.0070e+03
   69000.0 9.8533e+02
   69400.0 9.6504e+02
   69800.0 9.4490e+02
   70200.0 9.2419e+02
   70600.0 9.0653e+02
   71000.0 8.8707e+02
   71400.0 8.6916e+02
   71800.0 8.5020e+02
   72200.0 8.3413e+02
   72600.0 8.1632e+02
   73000.0 7.9952e+02
   73400.0 7.8282e+02
   73800.0 7.6687e+02
   74200.0 7.5013e+02
   74600.0 7.3521e+02
   75000.0 7.2057e+02
   75400.0 7.0535e+02
   75800.0 6.9271e+02
   76200.0 6.7946e+02
   76600.0 6.6585e+02
   77000.0 6.5227e+02
   77400.0 6.3954e+02
   77800.0 6.2704e+02
   78200.0 6.1456e+02
   78600.0 6.0308e+02
   79000.0 5.9123e+02
   79400.0 5.7996e+02
   79800.0 5.6889e+02
   80200.0 5.5726e+02
   80600.0 5.4676e+02
   81000.0 5.3699e+02
   81400.0 5.2683e+02
   81800.0 5.1721e+02
   82200.0 5.0740e+02
   82600.0 4.9793e+02
   83000.0 4.8862e+02
   83400.0 4.7963e+02
   83800.0 4.7062e+02
   84200.0 4.6261e+02
   84600.0 4.5372e+02
   85000.0 4.4564e+02
   85400.0 4.3786e+02
   85800.0 4.2988e+02
   86200.0 4.2267e+02
   86600.0 4.1510e+02
   87000.0 4.0780e+02
   87400.0 4.0063e+02
   87800.0 3.9356e+02
   88200.0 3.8645e+02
   88600.0 3.7961e+02
   89000.0 3.7333e+02
   89400.0 3.6715e+02
   89800.0 3.6031e+02
   90200.0 3.5462e+02
   90600.0 3.4843e+02
   91000.0 3.4204e+02
   91400.0 3.3647e+02
   91800.0 3.3112e+02
   92200.0 3.2586e+02
   92600.0 3.2039e+02
   93000.0 3.1501e+02
   93400.0 3.0984e+02
   93800.0 3.0475e+02
   94200.0 2.9974e+02
   94600.0 2.9480e+02
   95000.0 2.9006e+02
   95400.0 2.8566e+02
   95800.0 2.8092e+02
   96200.0 2.7639e+02
   96600.0 2.7205e+02
   97000.0 2.6764e+02
   97400.0 2.6292e+02
   97800.0 2.5902e+02
   98200.0 2.5505e+02
   98600.0 2.5113e+02
   99000.0 2.4740e+02
   99400.0 2.4359e+02
   99800.0 2.3971e+02
  100200.0 2.3601e+02
  200000.0 1.5718e+01
  400000.0 1.0028e+00
  600000.0 1.9823e-01
  800000.0 6.2544e-02
 1000000.0 2.5554e-02
 1200000.0 1.2267e-02
 1400000.0 6.6016e-03
 1600000.0 3.8556e-03
