      91.0 0.0000e+00
      94.0 0.0000e+00
      96.0 0.0000e+00
      98.0 0.0000e+00
     100.0 0.0000e+00
     102.0 0.0000e+00
     104.0 0.0000e+00
     106.0 0.0000e+00
     108.0 0.0000e+00
     110.0 0.0000e+00
     114.0 0.0000e+00
     118.0 0.0000e+00
     121.0 0.0000e+00
     125.0 0.0000e+00
     127.0 0.0000e+00
     128.0 0.0000e+00
     131.0 0.0000e+00
     132.0 0.0000e+00
     134.0 0.0000e+00
     137.0 0.0000e+00
     140.0 0.0000e+00
     143.0 0.0000e+00
     147.0 0.0000e+00
     151.0 0.0000e+00
     155.0 0.0000e+00
     159.0 0.0000e+00
     162.0 0.0000e+00
     166.0 0.0000e+00
     170.0 0.0000e+00
     173.0 0.0000e+00
     177.0 0.0000e+00
     180.0 0.0000e+00
     182.0 0.0000e+00
     186.0 0.0000e+00
     191.0 0.0000e+00
     194.0 0.0000e+00
     198.0 0.0000e+00
     202.0 0.0000e+00
     205.0 0.0000e+00
     210.0 0.0000e+00
     216.0 0.0000e+00
     220.0 0.0000e+00
     223.0 0.0000e+00
     227.0 0.0000e+00
     230.0 6.0979e-17
     234.0 1.7321e-16
     240.0 7.7717e-16
     246.0 3.6758e-15
     252.0 1.4045e-14
     257.0 3.6602e-14
     260.0 7.2447e-14
     264.0 1.6604e-13
     269.0 4.0668e-13
     274.0 1.0679e-12
     279.0 2.7298e-12
     284.0 7.4041e-12
     290.0 2.0989e-11
     296.0 5.6841e-11
     301.0 1.2733e-10
     308.0 3.7695e-10
     318.0 1.6400e-09
     328.0 6.5418e-09
     338.0 2.4121e-08
     348.0 8.2701e-08
     357.0 2.3993e-07
     366.0 6.5403e-07
     375.0 1.6910e-06
     385.0 4.6292e-06
     395.0 1.2036e-05
     405.0 2.9887e-05
     414.0 6.5298e-05
     422.0 1.2693e-04
     430.0 2.3996e-04
     441.0 5.6061e-04
     451.0 1.1638e-03
     460.0 2.1824e-03
     470.0 4.2696e-03
     480.0 8.1142e-03
     490.0 1.5028e-02
     500.0 2.7082e-02
     506.0 2.8247e+00
     512.0 9.4188e+00
     520.0 1.3167e+01
     530.0 2.0496e+01
     540.0 2.7105e+01
     550.0 4.4518e+01
     560.0 6.2712e+01
     570.0 8.9430e+01
     580.0 1.1439e+02
     590.0 1.7555e+02
     600.0 2.4163e+02
     610.0 3.3097e+02
     620.0 4.2707e+02
     630.0 5.6257e+02
     640.0 7.0410e+02
     650.0 9.1534e+02
     658.0 1.1223e+03
     665.0 1.2943e+03
     675.0 1.6047e+03
     685.0 2.0233e+03
     695.0 2.5422e+03
     705.0 3.1148e+03
     716.0 3.8479e+03
     726.0 4.6891e+03
     735.0 5.4761e+03
     745.0 6.6999e+03
     755.0 8.0572e+03
     765.0 9.5569e+03
     775.0 1.1448e+04
     785.0 1.3529e+04
     795.0 1.5687e+04
     805.0 1.8374e+04
     815.0 2.1087e+04
     825.0 2.4666e+04
     835.0 2.7656e+04
     845.0 3.2296e+04
     855.0 3.7122e+04
     865.0 4.2567e+04
     875.0 4.8648e+04
     885.0 5.6006e+04
     895.0 6.3175e+04
     905.0 6.9049e+04
     915.0 3.9546e+05
     925.0 1.9187e+06
     935.0 4.4443e+06
     945.0 2.6292e+07
     955.0 9.6588e+07
     965.0 1.4332e+08
     975.0 2.3135e+07
     985.0 2.0047e+08
     995.0 1.9198e+08
    1005.0 2.8708e+08
    1015.0 2.5852e+08
    1025.0 2.4346e+07
    1035.0 1.1530e+08
    1045.0 3.7105e+08
    1055.0 4.1103e+08
    1065.0 3.2120e+08
    1075.0 3.9421e+08
    1085.0 2.7259e+08
    1095.0 4.0375e+08
    1105.0 4.0963e+08
    1115.0 3.8158e+08
    1125.0 3.7625e+08
    1135.0 4.6534e+08
    1145.0 4.1883e+08
    1155.0 4.6240e+08
    1165.0 5.0521e+08
    1175.0 4.2047e+08
    1185.0 4.8779e+08
    1195.0 1.8424e+08
    1205.0 1.6302e+08
    1215.0 2.8716e+07
    1225.0 2.0625e+08
    1235.0 5.1749e+08
    1245.0 6.0399e+08
    1255.0 5.5450e+08
    1265.0 3.9297e+08
    1275.0 5.9618e+08
    1285.0 6.3015e+08
    1295.0 4.7544e+08
    1305.0 4.5445e+08
    1315.0 5.8571e+08
    1325.0 5.5736e+08
    1335.0 4.4839e+08
    1345.0 5.9719e+08
    1355.0 5.6894e+08
    1365.0 4.8965e+08
    1375.0 5.3507e+08
    1385.0 5.5207e+08
    1395.0 5.2631e+08
    1405.0 5.4272e+08
    1415.0 5.0261e+08
    1425.0 5.2039e+08
    1435.0 5.0536e+08
    1442.0 5.3777e+08
    1447.0 5.4758e+08
    1455.0 5.2991e+08
    1465.0 4.9275e+08
    1475.0 4.7688e+08
    1485.0 4.8462e+08
    1495.0 4.9254e+08
    1505.0 4.6934e+08
    1512.0 4.2000e+08
    1517.0 4.5340e+08
    1525.0 4.3246e+08
    1535.0 3.8562e+08
    1545.0 4.2907e+08
    1555.0 3.9893e+08
    1565.0 3.9570e+08
    1575.0 4.0791e+08
    1585.0 4.2898e+08
    1595.0 4.3842e+08
    1605.0 4.1705e+08
    1615.0 4.2317e+08
    1625.0 3.9413e+08
    1635.0 4.1319e+08
    1645.0 4.1496e+08
    1655.0 3.7398e+08
    1665.0 4.1237e+08
    1672.0 3.7409e+08
    1677.0 3.9791e+08
    1685.0 4.2177e+08
    1695.0 3.9660e+08
    1705.0 3.7369e+08
    1715.0 3.4492e+08
    1725.0 3.4186e+08
    1735.0 3.6176e+08
    1745.0 3.5191e+08
    1755.0 3.7735e+08
    1765.0 3.3975e+08
    1775.0 3.5245e+08
    1785.0 3.5841e+08
    1795.0 3.7627e+08
    1805.0 3.7175e+08
    1815.0 3.4236e+08
    1825.0 3.4737e+08
    1835.0 3.3102e+08
    1845.0 3.0687e+08
    1855.0 2.9204e+08
    1865.0 3.0181e+08
    1875.0 3.3694e+08
    1885.0 3.0738e+08
    1895.0 2.8952e+08
    1905.0 3.1210e+08
    1915.0 2.9466e+08
    1925.0 2.8940e+08
    1935.0 3.0243e+08
    1945.0 3.0624e+08
    1955.0 2.8467e+08
    1967.0 3.1087e+08
    1976.0 3.2002e+08
    1984.0 2.9999e+08
    1995.0 2.8750e+08
    2005.0 2.9734e+08
    2015.0 2.8276e+08
    2025.0 3.0267e+08
    2035.0 2.7967e+08
    2045.0 2.8760e+08
    2055.0 2.7311e+08
    2065.0 2.7767e+08
    2074.0 2.9021e+08
    2078.0 2.7352e+08
    2085.0 2.8385e+08
    2095.0 2.6595e+08
    2105.0 2.6963e+08
    2115.0 2.7022e+08
    2125.0 2.7353e+08
    2135.0 2.5450e+08
    2145.0 2.5909e+08
    2155.0 2.6803e+08
    2165.0 2.5788e+08
    2175.0 2.5425e+08
    2185.0 2.4575e+08
    2195.0 2.5661e+08
    2205.0 2.4812e+08
    2215.0 2.3762e+08
    2225.0 2.2525e+08
    2235.0 2.4174e+08
    2245.0 2.2763e+08
    2255.0 2.1995e+08
    2265.0 2.2444e+08
    2275.0 2.3088e+08
    2285.0 2.3358e+08
    2295.0 2.2378e+08
    2305.0 2.1586e+08
    2315.0 2.0579e+08
    2325.0 1.5702e+08
    2335.0 1.9412e+08
    2345.0 1.8979e+08
    2355.0 1.9821e+08
    2365.0 1.8556e+08
    2375.0 1.8830e+08
    2385.0 1.7749e+08
    2395.0 1.9045e+08
    2405.0 1.7992e+08
    2415.0 1.8236e+08
    2425.0 1.8803e+08
    2435.0 1.7826e+08
    2445.0 1.8912e+08
    2455.0 1.8249e+08
    2465.0 1.8281e+08
    2475.0 1.7505e+08
    2485.0 1.8578e+08
    2495.0 1.7969e+08
    2505.0 1.8785e+08
    2513.0 1.7451e+08
    2518.0 1.8159e+08
    2525.0 1.7088e+08
    2535.0 1.7157e+08
    2545.0 1.6639e+08
    2555.0 1.7326e+08
    2565.0 1.7046e+08
    2575.0 1.7921e+08
    2585.0 1.7745e+08
    2595.0 1.7783e+08
    2605.0 1.7021e+08
    2615.0 1.6910e+08
    2625.0 1.7041e+08
    2635.0 1.7105e+08
    2645.0 1.7775e+08
    2655.0 1.7556e+08
    2665.0 1.6744e+08
    2675.0 1.7194e+08
    2685.0 1.6883e+08
    2695.0 1.6544e+08
    2705.0 1.6667e+08
    2715.0 1.6106e+08
    2725.0 1.6052e+08
    2735.0 1.6560e+08
    2745.0 1.5261e+08
    2755.0 1.5131e+08
    2765.0 1.5450e+08
    2775.0 1.5806e+08
    2785.0 1.5801e+08
    2795.0 1.4345e+08
    2805.0 1.4974e+08
    2815.0 1.5647e+08
    2825.0 1.5432e+08
    2835.0 1.4783e+08
    2845.0 1.4432e+08
    2855.0 1.4596e+08
    2865.0 1.4858e+08
    2875.0 1.4566e+08
    2885.0 1.4624e+08
    2895.0 1.4494e+08
    2910.0 1.4756e+08
    2930.0 1.4359e+08
    2950.0 1.4110e+08
    2970.0 1.3962e+08
    2990.0 1.3776e+08
    3010.0 1.3792e+08
    3030.0 1.3623e+08
    3050.0 1.3355e+08
    3070.0 1.3118e+08
    3090.0 1.3037e+08
    3110.0 1.2733e+08
    3130.0 1.2559e+08
    3150.0 1.2412e+08
    3170.0 1.2208e+08
    3190.0 1.1820e+08
    3210.0 1.1836e+08
    3230.0 1.1678e+08
    3250.0 1.1512e+08
    3270.0 1.1394e+08
    3290.0 1.1234e+08
    3310.0 1.1120e+08
    3330.0 1.0944e+08
    3350.0 1.0739e+08
    3370.0 1.0601e+08
    3390.0 1.0445e+08
    3410.0 1.0333e+08
    3430.0 1.0153e+08
    3450.0 1.0022e+08
    3470.0 9.8685e+07
    3490.0 9.7508e+07
    3510.0 9.6556e+07
    3530.0 9.5349e+07
    3550.0 9.4059e+07
    3570.0 9.2801e+07
    3590.0 9.1249e+07
    3610.0 9.0176e+07
    3630.0 8.8894e+07
    3640.0 8.8551e+07
    3650.0 8.8211e+07
    3670.0 8.5427e+07
    3690.0 7.9228e+07
    3710.0 8.6043e+07
    3730.0 8.8087e+07
    3750.0 1.0344e+08
    3770.0 1.0462e+08
    3790.0 1.1429e+08
    3810.0 1.2292e+08
    3830.0 1.0497e+08
    3850.0 1.2580e+08
    3870.0 1.2939e+08
    3890.0 9.7077e+07
    3910.0 1.2754e+08
    3930.0 1.2469e+08
    3950.0 1.2397e+08
    3970.0 9.0770e+07
    3990.0 1.1909e+08
    4010.0 1.1939e+08
    4030.0 1.1489e+08
    4050.0 1.1683e+08
    4070.0 1.1395e+08
    4090.0 1.0402e+08
    4110.0 8.7673e+07
    4130.0 1.0644e+08
    4150.0 1.0695e+08
    4170.0 1.0599e+08
    4190.0 1.0492e+08
    4210.0 1.0352e+08
    4230.0 1.0187e+08
    4250.0 1.0018e+08
    4270.0 9.7536e+07
    4290.0 9.7281e+07
    4310.0 9.5153e+07
    4330.0 8.4363e+07
    4350.0 7.5223e+07
    4370.0 9.0737e+07
    4390.0 8.8855e+07
    4410.0 8.9037e+07
    4430.0 8.7196e+07
    4450.0 8.6656e+07
    4470.0 8.3002e+07
    4490.0 8.3275e+07
    4510.0 8.2833e+07
    4530.0 8.1519e+07
    4550.0 8.0167e+07
    4570.0 7.9524e+07
    4590.0 7.8263e+07
    4610.0 7.7304e+07
    4630.0 7.5798e+07
    4650.0 7.5037e+07
    4670.0 7.4010e+07
    4690.0 7.3108e+07
    4710.0 7.0975e+07
    4730.0 7.0751e+07
    4750.0 6.9731e+07
    4770.0 6.9306e+07
    4790.0 6.8258e+07
    4810.0 6.6966e+07
    4830.0 6.5744e+07
    4850.0 5.9697e+07
    4870.0 5.1876e+07
    4890.0 6.3037e+07
    4910.0 6.2624e+07
    4930.0 6.0933e+07
    4950.0 6.1225e+07
    4970.0 6.0539e+07
    4990.0 5.9621e+07
    5010.0 5.7761e+07
    5030.0 5.7776e+07
    5050.0 5.6097e+07
    5070.0 5.6448e+07
    5090.0 5.5681e+07
    5110.0 5.4787e+07
    5130.0 5.4224e+07
    5150.0 5.3306e+07
    5170.0 5.2760e+07
    5190.0 5.2176e+07
    5210.0 5.1114e+07
    5230.0 5.0724e+07
    5250.0 5.0251e+07
    5270.0 4.9438e+07
    5290.0 4.9194e+07
    5310.0 4.8399e+07
    5330.0 4.7867e+07
    5350.0 4.7217e+07
    5370.0 4.6741e+07
    5390.0 4.6147e+07
    5410.0 4.5520e+07
    5430.0 4.4900e+07
    5450.0 4.4450e+07
    5470.0 4.3845e+07
    5490.0 4.3447e+07
    5510.0 4.2856e+07
    5530.0 4.2429e+07
    5550.0 4.1929e+07
    5570.0 4.1435e+07
    5590.0 4.0947e+07
    5610.0 4.0465e+07
    5630.0 4.0065e+07
    5650.0 3.9293e+07
    5670.0 3.8904e+07
    5690.0 3.8557e+07
    5710.0 3.8177e+07
    5730.0 3.7729e+07
    5750.0 3.7322e+07
    5770.0 3.6883e+07
    5790.0 3.6414e+07
    5810.0 3.6022e+07
    5830.0 3.5599e+07
    5850.0 3.5216e+07
    5870.0 3.4116e+07
    5890.0 3.4293e+07
    5910.0 3.4003e+07
    5930.0 3.3651e+07
    5950.0 3.3097e+07
    5970.0 3.2855e+07
    5990.0 3.2386e+07
    6010.0 3.2167e+07
    6030.0 3.1796e+07
    6050.0 3.1445e+07
    6070.0 3.1088e+07
    6090.0 3.0736e+07
    6110.0 3.0432e+07
    6130.0 3.0090e+07
    6150.0 2.9606e+07
    6170.0 2.9418e+07
    6190.0 2.9119e+07
    6210.0 2.8801e+07
    6230.0 2.8458e+07
    6250.0 2.8046e+07
    6270.0 2.7868e+07
    6290.0 2.7557e+07
    6310.0 2.7229e+07
    6330.0 2.6971e+07
    6350.0 2.6397e+07
    6370.0 2.6208e+07
    6390.0 2.6108e+07
    6410.0 2.5794e+07
    6430.0 2.5590e+07
    6450.0 2.5270e+07
    6470.0 2.5043e+07
    6490.0 2.4755e+07
    6510.0 2.4433e+07
    6530.0 2.4076e+07
    6550.0 2.2738e+07
    6570.0 1.9630e+07
    6590.0 2.3117e+07
    6610.0 2.3208e+07
    6630.0 2.3036e+07
    6650.0 2.2819e+07
    6670.0 2.2461e+07
    6690.0 2.2233e+07
    6710.0 2.2120e+07
    6730.0 2.1904e+07
    6750.0 2.1687e+07
    6770.0 2.1473e+07
    6790.0 2.1229e+07
    6810.0 2.1032e+07
    6830.0 2.0802e+07
    6850.0 2.0611e+07
    6870.0 2.0415e+07
    6890.0 2.0208e+07
    6910.0 2.0011e+07
    6930.0 1.9774e+07
    6950.0 1.9618e+07
    6970.0 1.9434e+07
    6990.0 1.9244e+07
    7010.0 1.9044e+07
    7030.0 1.8861e+07
    7050.0 1.8636e+07
    7070.0 1.8346e+07
    7090.0 1.8333e+07
    7110.0 1.8130e+07
    7130.0 1.7960e+07
    7150.0 1.7794e+07
    7170.0 1.7630e+07
    7190.0 1.7469e+07
    7210.0 1.7303e+07
    7230.0 1.7054e+07
    7250.0 1.6962e+07
    7270.0 1.6817e+07
    7290.0 1.6603e+07
    7310.0 1.6499e+07
    7330.0 1.6346e+07
    7350.0 1.6198e+07
    7370.0 1.6046e+07
    7390.0 1.5898e+07
    7410.0 1.5746e+07
    7430.0 1.5577e+07
    7450.0 1.5446e+07
    7470.0 1.5284e+07
    7490.0 1.5157e+07
    7510.0 1.5019e+07
    7530.0 1.4891e+07
    7550.0 1.4758e+07
    7570.0 1.4623e+07
    7590.0 1.4486e+07
    7610.0 1.4364e+07
    7630.0 1.4231e+07
    7650.0 1.4100e+07
    7670.0 1.3973e+07
    7690.0 1.3846e+07
    7710.0 1.3722e+07
    7730.0 1.3601e+07
    7750.0 1.3477e+07
    7770.0 1.3207e+07
    7790.0 1.3240e+07
    7810.0 1.3125e+07
    7830.0 1.3011e+07
    7850.0 1.2851e+07
    7870.0 1.2736e+07
    7890.0 1.2610e+07
    7910.0 1.2550e+07
    7930.0 1.2447e+07
    7950.0 1.2297e+07
    7970.0 1.2228e+07
    7990.0 1.2057e+07
    8010.0 1.2018e+07
    8030.0 1.1913e+07
    8050.0 1.1808e+07
    8070.0 1.1713e+07
    8090.0 1.1604e+07
    8110.0 1.1505e+07
    8130.0 1.1410e+07
    8150.0 1.1311e+07
    8170.0 1.1221e+07
    8190.0 1.1115e+07
    8210.0 1.0991e+07
    8230.0 1.0885e+07
    8250.0 1.0848e+07
    8270.0 1.0757e+07
    8290.0 1.0649e+07
    8310.0 1.0563e+07
    8330.0 1.0440e+07
    8350.0 1.0283e+07
    8370.0 1.0142e+07
    8390.0 9.9914e+06
    8410.0 9.8608e+06
    8430.0 9.8040e+06
    8450.0 9.7307e+06
    8470.0 9.4207e+06
    8490.0 9.8289e+06
    8510.0 9.2446e+06
    8530.0 9.8869e+06
    8550.0 8.8696e+06
    8570.0 9.9761e+06
    8590.0 9.1984e+06
    8610.0 8.9972e+06
    8630.0 9.9103e+06
    8650.0 9.4831e+06
    8670.0 8.2684e+06
    8690.0 9.5723e+06
    8710.0 9.7275e+06
    8730.0 9.4045e+06
    8750.0 7.9597e+06
    8770.0 9.0320e+06
    8790.0 9.4286e+06
    8810.0 9.3967e+06
    8830.0 9.2358e+06
    8850.0 8.6107e+06
    8870.0 7.6361e+06
    8890.0 8.9097e+06
    8910.0 9.0117e+06
    8930.0 8.9534e+06
    8950.0 8.9164e+06
    8970.0 8.8200e+06
    8990.0 8.5716e+06
    9010.0 7.3681e+06
    9030.0 7.8517e+06
    9050.0 8.4671e+06
    9070.0 8.4226e+06
    9090.0 8.3884e+06
    9110.0 8.3675e+06
    9130.0 8.3036e+06
    9150.0 8.2516e+06
    9170.0 8.1486e+06
    9190.0 8.0308e+06
    9210.0 7.7118e+06
    9230.0 6.5045e+06
    9250.0 7.5065e+06
    9270.0 7.6891e+06
    9290.0 7.7713e+06
    9310.0 7.7352e+06
    9330.0 7.6828e+06
    9350.0 7.6335e+06
    9370.0 7.5763e+06
    9390.0 7.5101e+06
    9410.0 7.3983e+06
    9430.0 7.4007e+06
    9450.0 7.3492e+06
    9470.0 7.2688e+06
    9490.0 7.2075e+06
    9510.0 7.0858e+06
    9530.0 6.7458e+06
    9550.0 5.8024e+06
    9570.0 6.7550e+06
    9590.0 6.9094e+06
    9610.0 6.8858e+06
    9630.0 6.8016e+06
    9650.0 6.8108e+06
    9670.0 6.7481e+06
    9690.0 6.7062e+06
    9710.0 6.6557e+06
    9730.0 6.6106e+06
    9750.0 6.5596e+06
    9770.0 6.5139e+06
    9790.0 6.4648e+06
    9810.0 6.4160e+06
    9830.0 6.3626e+06
    9850.0 6.3208e+06
    9870.0 6.2730e+06
    9890.0 6.2182e+06
    9910.0 6.1748e+06
    9930.0 6.1366e+06
    9950.0 6.0914e+06
    9970.0 6.0392e+06
    9990.0 5.9838e+06
   10025.0 5.6498e+06
   10075.0 5.4131e+06
   10125.0 5.6756e+06
   10175.0 5.6095e+06
   10225.0 5.5147e+06
   10275.0 5.4180e+06
   10325.0 5.3139e+06
   10375.0 5.2293e+06
   10425.0 5.1396e+06
   10475.0 5.0480e+06
   10525.0 4.9590e+06
   10575.0 4.8758e+06
   10625.0 4.7939e+06
   10675.0 4.6944e+06
   10725.0 4.6288e+06
   10775.0 4.5529e+06
   10825.0 4.4434e+06
   10875.0 4.3844e+06
   10925.0 3.9404e+06
   10975.0 4.1446e+06
   11025.0 4.1741e+06
   11075.0 4.1180e+06
   11125.0 4.0500e+06
   11175.0 3.9831e+06
   11225.0 3.9182e+06
   11275.0 3.8373e+06
   11325.0 3.7792e+06
   11375.0 3.7312e+06
   11425.0 3.6711e+06
   11475.0 3.6137e+06
   11525.0 3.5562e+06
   11575.0 3.4996e+06
   11625.0 3.4403e+06
   11675.0 3.3862e+06
   11725.0 3.3365e+06
   11775.0 3.2753e+06
   11825.0 3.2340e+06
   11875.0 3.1821e+06
   11925.0 3.1361e+06
   11975.0 3.0807e+06
   12025.0 3.0402e+06
   12075.0 2.9945e+06
   12125.0 2.9487e+06
   12175.0 2.9043e+06
   12225.0 2.8605e+06
   12275.0 2.8174e+06
   12325.0 2.7748e+06
   12375.0 2.7336e+06
   12425.0 2.6938e+06
   12475.0 2.6507e+06
   12525.0 2.6135e+06
   12575.0 2.5738e+06
   12625.0 2.5384e+06
   12675.0 2.5020e+06
   12725.0 2.4639e+06
   12775.0 2.3969e+06
   12825.0 2.1828e+06
   12875.0 2.3431e+06
   12925.0 2.3258e+06
   12975.0 2.2915e+06
   13025.0 2.2619e+06
   13075.0 2.2299e+06
   13125.0 2.1983e+06
   13175.0 2.1658e+06
   13225.0 2.1371e+06
   13275.0 2.1074e+06
   13325.0 2.0781e+06
   13375.0 2.0492e+06
   13425.0 2.0207e+06
   13475.0 1.9932e+06
   13525.0 1.9653e+06
   13575.0 1.9392e+06
   13625.0 1.9127e+06
   13675.0 1.8859e+06
   13725.0 1.8607e+06
   13775.0 1.8365e+06
   13825.0 1.8120e+06
   13875.0 1.7877e+06
   13925.0 1.7638e+06
   13975.0 1.7401e+06
   14025.0 1.7174e+06
   14075.0 1.6949e+06
   14125.0 1.6721e+06
   14175.0 1.6508e+06
   14225.0 1.6291e+06
   14275.0 1.6077e+06
   14325.0 1.5872e+06
   14375.0 1.5663e+06
   14425.0 1.5445e+06
   14475.0 1.5258e+06
   14525.0 1.5062e+06
   14570.0 1.4896e+06
   14620.0 1.4710e+06
   14675.0 1.4511e+06
   14725.0 1.4324e+06
   14775.0 1.4140e+06
   14825.0 1.3968e+06
   14875.0 1.3793e+06
   14925.0 1.3614e+06
   14975.0 1.3422e+06
   15025.0 1.3232e+06
   15075.0 1.3039e+06
   15125.0 1.2853e+06
   15175.0 1.2680e+06
   15225.0 1.2550e+06
   15275.0 1.2330e+06
   15325.0 1.2178e+06
   15375.0 1.2129e+06
   15425.0 1.1814e+06
   15475.0 1.1858e+06
   15525.0 1.1732e+06
   15575.0 1.1296e+06
   15625.0 1.1636e+06
   15675.0 1.1220e+06
   15725.0 1.0897e+06
   15775.0 1.1262e+06
   15825.0 1.1095e+06
   15875.0 1.0316e+06
   15925.0 1.0710e+06
   15975.0 1.0789e+06
   16050.0 1.0479e+06
   16150.0 9.9585e+05
   16250.0 1.0131e+06
   16350.0 9.7522e+05
   16450.0 9.2795e+05
   16550.0 9.4567e+05
   16650.0 9.2483e+05
   16750.0 8.8903e+05
   16850.0 8.4641e+05
   16950.0 8.6316e+05
   17050.0 8.4399e+05
   17150.0 8.2643e+05
   17250.0 8.0720e+05
   17350.0 7.4933e+05
   17450.0 7.6912e+05
   17550.0 7.5726e+05
   17650.0 7.4101e+05
   17750.0 7.2507e+05
   17850.0 7.0982e+05
   17950.0 6.9523e+05
   18050.0 6.7908e+05
   18150.0 6.3449e+05
   18250.0 6.4556e+05
   18350.0 6.3925e+05
   18450.0 6.2635e+05
   18550.0 6.1300e+05
   18650.0 5.9851e+05
   18750.0 5.6042e+05
   18850.0 5.7575e+05
   18950.0 5.6535e+05
   19050.0 5.5382e+05
   19150.0 5.4347e+05
   19250.0 5.3266e+05
   19350.0 5.2076e+05
   19450.0 4.8531e+05
   19550.0 5.0044e+05
   19650.0 4.9256e+05
   19750.0 4.8297e+05
   19850.0 4.7386e+05
   19950.0 4.6490e+05
   20050.0 4.5610e+05
   20150.0 4.4745e+05
   20250.0 4.3895e+05
   20350.0 4.3088e+05
   20450.0 4.2295e+05
   20550.0 4.1487e+05
   20650.0 4.0748e+05
   20750.0 3.9994e+05
   20850.0 3.9281e+05
   20950.0 3.8551e+05
   21050.0 3.7861e+05
   21150.0 3.7156e+05
   21250.0 3.6515e+05
   21350.0 3.5858e+05
   21450.0 3.5211e+05
   21550.0 3.4524e+05
   21650.0 3.2287e+05
   21750.0 3.3233e+05
   21850.0 3.2804e+05
   21950.0 3.2256e+05
   22050.0 3.1693e+05
   22150.0 3.1139e+05
   22250.0 3.0617e+05
   22350.0 3.0104e+05
   22450.0 2.9575e+05
   22550.0 2.9077e+05
   22650.0 2.8587e+05
   22750.0 2.8105e+05
   22850.0 2.7698e+05
   22950.0 2.7458e+05
   23050.0 2.6994e+05
   23150.0 2.6471e+05
   23250.0 2.5999e+05
   23350.0 2.5535e+05
   23450.0 2.5078e+05
   23550.0 2.4628e+05
   23650.0 2.4227e+05
   23750.0 2.3789e+05
   23850.0 2.3380e+05
   23950.0 2.3017e+05
   24050.0 2.2619e+05
   24150.0 2.2227e+05
   24250.0 2.1921e+05
   24350.0 2.1560e+05
   24450.0 2.1183e+05
   24550.0 2.0931e+05
   24650.0 2.0545e+05
   24750.0 2.0222e+05
   24850.0 2.0079e+05
   24950.0 1.9418e+05
   25050.0 1.9588e+05
   25150.0 1.9205e+05
   25250.0 1.8470e+05
   25350.0 1.8573e+05
   25450.0 1.8401e+05
   25550.0 1.8017e+05
   25650.0 1.7292e+05
   25750.0 1.7519e+05
   25850.0 1.7343e+05
   25950.0 1.7070e+05
   26050.0 1.6646e+05
   26150.0 1.5972e+05
   26250.0 1.5469e+05
   26350.0 1.5988e+05
   26450.0 1.5865e+05
   26550.0 1.5637e+05
   26650.0 1.5324e+05
   26750.0 1.4558e+05
   26850.0 1.4884e+05
   26950.0 1.4760e+05
   27050.0 1.4552e+05
   27150.0 1.4345e+05
   27250.0 1.4143e+05
   27350.0 1.3944e+05
   27450.0 1.3714e+05
   27550.0 1.3023e+05
   27650.0 1.3160e+05
   27750.0 1.3173e+05
   27850.0 1.2999e+05
   27950.0 1.2821e+05
   28050.0 1.2644e+05
   28150.0 1.2470e+05
   28250.0 1.2300e+05
   28350.0 1.2132e+05
   28450.0 1.1968e+05
   28550.0 1.1799e+05
   28650.0 1.1524e+05
   28750.0 1.0968e+05
   28850.0 1.1298e+05
   28950.0 1.1182e+05
   29050.0 1.1038e+05
   29150.0 1.0891e+05
   29250.0 1.0748e+05
   29350.0 1.0606e+05
   29450.0 1.0468e+05
   29550.0 1.0331e+05
   29650.0 1.0196e+05
   29750.0 1.0064e+05
   29850.0 9.9336e+04
   29950.0 9.8059e+04
   30050.0 9.6797e+04
   30150.0 9.5549e+04
   30250.0 9.4132e+04
   30350.0 8.9646e+04
   30450.0 9.0002e+04
   30550.0 9.0660e+04
   30650.0 8.9636e+04
   30750.0 8.8508e+04
   30850.0 8.7368e+04
   30950.0 8.6316e+04
   31050.0 8.5239e+04
   31150.0 8.4174e+04
   31250.0 8.3132e+04
   31350.0 8.2115e+04
   31450.0 8.1096e+04
   31550.0 8.0101e+04
   31650.0 7.9117e+04
   31750.0 7.8155e+04
   31850.0 7.7204e+04
   31950.0 7.6275e+04
   32100.0 7.4901e+04
   32300.0 7.3114e+04
   32500.0 7.1377e+04
   32700.0 6.9688e+04
   32900.0 6.6051e+04
   33100.0 6.6284e+04
   33300.0 6.5188e+04
   33500.0 6.3685e+04
   33700.0 6.2150e+04
   33900.0 6.0647e+04
   34100.0 5.9236e+04
   34300.0 5.7864e+04
   34500.0 5.6551e+04
   34700.0 5.5273e+04
   34900.0 5.3992e+04
   35100.0 5.2804e+04
   35300.0 5.1649e+04
   35500.0 5.0498e+04
   35700.0 4.9360e+04
   35900.0 4.8411e+04
   36100.0 4.7232e+04
   36300.0 4.6385e+04
   36500.0 4.5194e+04
   36700.0 4.4507e+04
   36900.0 4.3216e+04
   37100.0 4.2612e+04
   37300.0 4.1243e+04
   37500.0 3.9806e+04
   37700.0 4.0085e+04
   37900.0 3.9338e+04
   38100.0 3.8149e+04
   38300.0 3.7441e+04
   38500.0 3.6988e+04
   38700.0 3.6247e+04
   38900.0 3.5423e+04
   39100.0 3.4199e+04
   39300.0 3.4100e+04
   39500.0 3.3456e+04
   39700.0 3.2808e+04
   39900.0 3.2163e+04
   40100.0 3.1217e+04
   40300.0 3.0458e+04
   40500.0 2.9536e+04
   40700.0 2.9724e+04
   40900.0 2.9191e+04
   41100.0 2.8637e+04
   41300.0 2.8101e+04
   41500.0 2.7531e+04
   41700.0 2.6392e+04
   41900.0 2.6496e+04
   42100.0 2.6062e+04
   42300.0 2.5581e+04
   42500.0 2.5115e+04
   42700.0 2.4657e+04
   42900.0 2.4206e+04
   43100.0 2.3769e+04
   43300.0 2.3345e+04
   43500.0 2.2916e+04
   43700.0 2.1972e+04
   43900.0 2.1971e+04
   44100.0 2.1723e+04
   44300.0 2.1344e+04
   44500.0 2.0971e+04
   44700.0 2.0645e+04
   44900.0 2.0283e+04
   45100.0 1.9933e+04
   45300.0 1.9588e+04
   45500.0 1.9254e+04
   45700.0 1.8925e+04
   45900.0 1.8601e+04
   46100.0 1.8288e+04
   46300.0 1.7962e+04
   46500.0 1.7131e+04
   46700.0 1.6820e+04
   46900.0 1.7020e+04
   47100.0 1.6806e+04
   47300.0 1.6530e+04
   47500.0 1.6258e+04
   47700.0 1.5990e+04
   47900.0 1.5732e+04
   48100.0 1.5477e+04
   48300.0 1.5226e+04
   48500.0 1.4978e+04
   48700.0 1.4739e+04
   48900.0 1.4503e+04
   49100.0 1.4271e+04
   49300.0 1.4047e+04
   49500.0 1.3821e+04
   49700.0 1.3603e+04
   49900.0 1.3393e+04
   50100.0 1.3181e+04
   50300.0 1.2977e+04
   50500.0 1.2776e+04
   50700.0 1.2577e+04
   50900.0 1.2386e+04
   51100.0 1.2156e+04
   51300.0 1.1615e+04
   51500.0 1.1805e+04
   51700.0 1.1647e+04
   51900.0 1.1473e+04
   52100.0 1.1296e+04
   52300.0 1.1127e+04
   52500.0 1.0964e+04
   52700.0 1.0799e+04
   52900.0 1.0640e+04
   53100.0 1.0484e+04
   53300.0 1.0329e+04
   53500.0 1.0177e+04
   53700.0 1.0026e+04
   53900.0 9.8816e+03
   54100.0 9.7390e+03
   54300.0 9.5983e+03
   54500.0 9.4593e+03
   54700.0 9.3221e+03
   54900.0 9.1907e+03
   55100.0 9.0609e+03
   55300.0 8.9327e+03
   55500.0 8.8062e+03
   55700.0 8.6812e+03
   55900.0 8.5578e+03
   56100.0 8.4397e+03
   56300.0 8.3231e+03
   56500.0 8.2042e+03
   56700.0 8.0905e+03
   56900.0 7.9818e+03
   57100.0 7.8709e+03
   57300.0 7.7612e+03
   57500.0 7.6566e+03
   57700.0 7.5531e+03
   57900.0 7.4510e+03
   58100.0 7.3500e+03
   58300.0 7.2503e+03
   58500.0 7.1623e+03
   58700.0 7.0648e+03
   58900.0 6.9409e+03
   59100.0 6.6365e+03
   59300.0 6.7725e+03
   59500.0 6.6966e+03
   59700.0 6.6081e+03
   59900.0 6.5206e+03
   60100.0 6.4374e+03
   60300.0 6.3519e+03
   60500.0 6.2706e+03
   60700.0 6.1871e+03
   60900.0 6.1077e+03
   61100.0 6.0292e+03
   61300.0 5.9517e+03
   61500.0 5.8750e+03
   61700.0 5.8023e+03
   61900.0 5.7273e+03
   62100.0 5.6563e+03
   62300.0 5.5829e+03
   62500.0 5.5135e+03
   62700.0 5.4448e+03
   62900.0 5.3769e+03
   63100.0 5.3098e+03
   63300.0 5.2433e+03
   63500.0 5.1776e+03
   63700.0 5.1127e+03
   63900.0 5.0514e+03
   64200.0 4.9577e+03
   64600.0 4.8362e+03
   65000.0 4.7200e+03
   65400.0 4.6064e+03
   65800.0 4.4980e+03
   66200.0 4.3918e+03
   66600.0 4.2878e+03
   67000.0 4.1860e+03
   67400.0 4.0890e+03
   67800.0 3.9939e+03
   68200.0 3.9034e+03
   68600.0 3.8121e+03
   69000.0 3.7252e+03
   69400.0 3.6426e+03
   69800.0 3.5591e+03
   70200.0 3.4797e+03
   70600.0 3.4019e+03
   71000.0 3.3280e+03
   71400.0 3.2532e+03
   71800.0 3.1821e+03
   72200.0 3.1125e+03
   72600.0 3.0464e+03
   73000.0 2.9794e+03
   73400.0 2.9158e+03
   73800.0 2.8535e+03
   74200.0 2.7923e+03
   74600.0 2.6870e+03
   75000.0 2.6201e+03
   75400.0 2.6197e+03
   75800.0 2.5671e+03
   76200.0 2.5134e+03
   76600.0 2.4627e+03
   77000.0 2.4109e+03
   77400.0 2.3620e+03
   77800.0 2.3140e+03
   78200.0 2.2688e+03
   78600.0 2.2225e+03
   79000.0 2.1789e+03
   79400.0 2.1361e+03
   79800.0 2.0940e+03
   80200.0 2.0527e+03
   80600.0 2.0120e+03
   81000.0 1.9721e+03
   81400.0 1.9347e+03
   81800.0 1.8979e+03
   82200.0 1.8599e+03
   82600.0 1.8244e+03
   83000.0 1.7912e+03
   83400.0 1.7568e+03
   83800.0 1.7230e+03
   84200.0 1.6913e+03
   84600.0 1.6597e+03
   85000.0 1.6289e+03
   85400.0 1.5987e+03
   85800.0 1.5693e+03
   86200.0 1.5406e+03
   86600.0 1.5125e+03
   87000.0 1.4851e+03
   87400.0 1.4582e+03
   87800.0 1.4321e+03
   88200.0 1.4063e+03
   88600.0 1.3813e+03
   89000.0 1.3568e+03
   89400.0 1.3328e+03
   89800.0 1.3094e+03
   90200.0 1.2864e+03
   90600.0 1.2640e+03
   91000.0 1.2420e+03
   91400.0 1.2204e+03
   91800.0 1.1994e+03
   92200.0 1.1789e+03
   92600.0 1.1588e+03
   93000.0 1.1390e+03
   93400.0 1.1198e+03
   93800.0 1.1008e+03
   94200.0 1.0825e+03
   94600.0 1.0643e+03
   95000.0 1.0466e+03
   95400.0 1.0292e+03
   95800.0 1.0122e+03
   96200.0 9.9555e+02
   96600.0 9.7922e+02
   97000.0 9.6326e+02
   97400.0 9.4766e+02
   97800.0 9.3227e+02
   98200.0 9.1723e+02
   98600.0 9.0253e+02
   99000.0 8.8803e+02
   99400.0 8.7398e+02
   99800.0 8.6012e+02
  100200.0 8.4646e+02
  200000.0 5.3303e+01
  400000.0 3.2730e+00
  600000.0 6.3689e-01
  800000.0 1.9917e-01
 1000000.0 8.0824e-02
 1200000.0 3.8673e-02
 1400000.0 2.0741e-02
 1600000.0 1.2085e-02
