      91.0 0.0000e+00
      94.0 0.0000e+00
      96.0 0.0000e+00
      98.0 0.0000e+00
     100.0 0.0000e+00
     102.0 0.0000e+00
     104.0 0.0000e+00
     106.0 0.0000e+00
     108.0 0.0000e+00
     110.0 0.0000e+00
     114.0 0.0000e+00
     118.0 0.0000e+00
     121.0 0.0000e+00
     125.0 0.0000e+00
     127.0 0.0000e+00
     128.0 0.0000e+00
     131.0 0.0000e+00
     132.0 0.0000e+00
     134.0 0.0000e+00
     137.0 0.0000e+00
     140.0 0.0000e+00
     143.0 0.0000e+00
     147.0 0.0000e+00
     151.0 0.0000e+00
     155.0 0.0000e+00
     159.0 0.0000e+00
     162.0 0.0000e+00
     166.0 0.0000e+00
     170.0 0.0000e+00
     173.0 0.0000e+00
     177.0 0.0000e+00
     180.0 0.0000e+00
     182.0 0.0000e+00
     186.0 0.0000e+00
     191.0 0.0000e+00
     194.0 0.0000e+00
     198.0 0.0000e+00
     202.0 0.0000e+00
     205.0 0.0000e+00
     210.0 0.0000e+00
     216.0 0.0000e+00
     220.0 0.0000e+00
     223.0 0.0000e+00
     227.0 0.0000e+00
     230.0 0.0000e+00
     234.0 0.0000e+00
     240.0 0.0000e+00
     246.0 0.0000e+00
     252.0 0.0000e+00
     257.0 0.0000e+00
     260.0 0.0000e+00
     264.0 0.0000e+00
     269.0 0.0000e+00
     274.0 0.0000e+00
     279.0 0.0000e+00
     284.0 0.0000e+00
     290.0 0.0000e+00
     296.0 0.0000e+00
     301.0 0.0000e+00
     308.0 0.0000e+00
     318.0 0.0000e+00
     328.0 0.0000e+00
     338.0 0.0000e+00
     348.0 0.0000e+00
     357.0 0.0000e+00
     366.0 0.0000e+00
     375.0 0.0000e+00
     385.0 0.0000e+00
     395.0 0.0000e+00
     405.0 0.0000e+00
     414.0 0.0000e+00
     422.0 0.0000e+00
     430.0 0.0000e+00
     441.0 0.0000e+00
     451.0 0.0000e+00
     460.0 0.0000e+00
     470.0 0.0000e+00
     480.0 0.0000e+00
     490.0 0.0000e+00
     500.0 0.0000e+00
     506.0 3.4790e-09
     512.0 6.2442e-09
     520.0 1.1730e-08
     530.0 2.5217e-08
     540.0 5.2063e-08
     550.0 1.0580e-07
     560.0 2.0898e-07
     570.0 4.0305e-07
     580.0 7.5715e-07
     590.0 1.4069e-06
     600.0 2.5512e-06
     610.0 4.5440e-06
     620.0 7.9518e-06
     630.0 1.3681e-05
     640.0 2.3158e-05
     650.0 3.8629e-05
     658.0 5.7582e-05
     665.0 8.0971e-05
     675.0 1.3036e-04
     685.0 2.0719e-04
     695.0 3.2498e-04
     705.0 5.0281e-04
     716.0 8.0419e-04
     726.0 1.2165e-03
     735.0 1.7489e-03
     745.0 2.5927e-03
     755.0 3.8014e-03
     765.0 5.5223e-03
     775.0 7.9462e-03
     785.0 1.1330e-02
     795.0 1.5974e-02
     805.0 2.2410e-02
     815.0 3.1143e-02
     825.0 4.2937e-02
     835.0 5.8666e-02
     845.0 7.9656e-02
     855.0 1.0730e-01
     865.0 1.4350e-01
     875.0 1.9061e-01
     885.0 2.5171e-01
     895.0 3.2980e-01
     905.0 4.2943e-01
     915.0 2.9778e+01
     925.0 1.7701e+02
     935.0 2.7105e+02
     945.0 4.0526e+02
     955.0 5.8721e+02
     965.0 7.5603e+02
     975.0 7.3606e+02
     985.0 1.0474e+03
     995.0 1.1500e+03
    1005.0 1.4805e+03
    1015.0 1.7588e+03
    1025.0 1.3914e+03
    1035.0 2.2702e+03
    1045.0 2.7299e+03
    1055.0 3.1546e+03
    1065.0 3.4361e+03
    1075.0 4.0853e+03
    1085.0 4.6144e+03
    1095.0 4.9496e+03
    1105.0 2.8353e+04
    1115.0 1.1006e+05
    1125.0 1.4307e+05
    1135.0 1.3460e+05
    1145.0 1.1296e+05
    1155.0 1.1632e+05
    1165.0 1.0779e+05
    1175.0 6.9929e+04
    1185.0 4.3971e+04
    1195.0 2.0481e+04
    1205.0 2.0424e+04
    1215.0 4.7391e+03
    1225.0 2.2335e+04
    1235.0 4.8770e+04
    1245.0 2.4138e+05
    1255.0 1.0240e+06
    1265.0 1.1833e+06
    1275.0 5.4196e+06
    1285.0 9.6080e+06
    1295.0 1.0519e+07
    1305.0 5.9775e+06
    1315.0 1.3322e+07
    1325.0 1.5922e+07
    1335.0 1.3692e+07
    1345.0 2.0026e+07
    1355.0 1.9281e+07
    1365.0 1.6920e+07
    1375.0 1.9846e+07
    1385.0 1.9486e+07
    1395.0 2.1450e+07
    1405.0 2.1820e+07
    1415.0 1.9519e+07
    1425.0 2.2618e+07
    1435.0 2.0102e+07
    1442.0 2.3131e+07
    1447.0 2.6918e+07
    1455.0 2.6022e+07
    1465.0 2.2757e+07
    1475.0 2.1832e+07
    1485.0 2.4704e+07
    1495.0 2.6934e+07
    1505.0 2.7848e+07
    1512.0 2.3783e+07
    1517.0 2.6528e+07
    1525.0 2.2487e+07
    1535.0 1.9289e+07
    1545.0 2.7063e+07
    1555.0 2.3304e+07
    1565.0 2.1068e+07
    1575.0 2.4296e+07
    1585.0 2.6941e+07
    1595.0 2.9607e+07
    1605.0 2.7111e+07
    1615.0 2.6253e+07
    1625.0 2.2951e+07
    1635.0 2.5089e+07
    1645.0 2.6824e+07
    1655.0 2.0901e+07
    1665.0 2.6464e+07
    1672.0 1.5944e+07
    1677.0 2.5524e+07
    1685.0 2.8872e+07
    1695.0 2.6104e+07
    1705.0 2.4379e+07
    1715.0 2.4283e+07
    1725.0 2.3926e+07
    1735.0 2.6069e+07
    1745.0 2.5405e+07
    1755.0 2.8939e+07
    1765.0 2.3639e+07
    1775.0 2.7043e+07
    1785.0 2.6308e+07
    1795.0 3.0292e+07
    1805.0 2.8529e+07
    1815.0 2.8052e+07
    1825.0 2.6888e+07
    1835.0 2.5524e+07
    1845.0 2.2972e+07
    1855.0 2.4861e+07
    1865.0 2.5175e+07
    1875.0 2.6258e+07
    1885.0 2.5744e+07
    1895.0 2.6064e+07
    1905.0 2.4426e+07
    1915.0 2.5918e+07
    1925.0 2.6280e+07
    1935.0 2.4933e+07
    1945.0 2.6779e+07
    1955.0 2.6327e+07
    1967.0 2.7733e+07
    1976.0 2.7386e+07
    1984.0 2.6389e+07
    1995.0 2.5327e+07
    2005.0 2.4857e+07
    2015.0 2.3781e+07
    2025.0 2.3702e+07
    2035.0 2.4443e+07
    2045.0 2.5841e+07
    2055.0 2.4483e+07
    2065.0 2.3822e+07
    2074.0 2.5762e+07
    2078.0 2.6180e+07
    2085.0 2.5659e+07
    2095.0 2.4634e+07
    2105.0 2.3466e+07
    2115.0 2.3489e+07
    2125.0 2.4139e+07
    2135.0 2.0033e+07
    2145.0 2.2628e+07
    2155.0 2.3095e+07
    2165.0 2.1667e+07
    2175.0 2.1293e+07
    2185.0 2.1440e+07
    2195.0 2.3008e+07
    2205.0 2.1842e+07
    2215.0 1.9854e+07
    2225.0 1.9255e+07
    2235.0 2.1798e+07
    2245.0 1.9394e+07
    2255.0 1.8783e+07
    2265.0 1.9018e+07
    2275.0 2.0162e+07
    2285.0 2.0967e+07
    2295.0 1.9626e+07
    2305.0 1.9273e+07
    2315.0 1.8310e+07
    2325.0 1.3368e+07
    2335.0 1.6656e+07
    2345.0 1.5130e+07
    2355.0 1.8182e+07
    2365.0 1.5265e+07
    2375.0 1.6619e+07
    2385.0 1.4002e+07
    2395.0 1.5889e+07
    2405.0 1.4944e+07
    2415.0 1.5581e+07
    2425.0 1.7276e+07
    2435.0 1.6443e+07
    2445.0 1.7727e+07
    2455.0 1.6982e+07
    2465.0 1.6967e+07
    2475.0 1.6150e+07
    2485.0 1.7075e+07
    2495.0 1.6353e+07
    2505.0 1.8566e+07
    2513.0 1.6068e+07
    2518.0 1.6398e+07
    2525.0 1.5124e+07
    2535.0 1.4904e+07
    2545.0 1.4945e+07
    2555.0 1.6371e+07
    2565.0 1.6149e+07
    2575.0 1.7476e+07
    2585.0 1.7327e+07
    2595.0 1.6682e+07
    2605.0 1.5932e+07
    2615.0 1.5646e+07
    2625.0 1.7142e+07
    2635.0 1.7202e+07
    2645.0 1.9609e+07
    2655.0 1.9291e+07
    2665.0 1.7475e+07
    2675.0 1.8350e+07
    2685.0 1.8098e+07
    2695.0 1.7303e+07
    2705.0 1.7831e+07
    2715.0 1.6821e+07
    2725.0 1.7021e+07
    2735.0 1.8420e+07
    2745.0 1.5071e+07
    2755.0 1.5453e+07
    2765.0 1.6124e+07
    2775.0 1.7363e+07
    2785.0 1.6528e+07
    2795.0 1.0481e+07
    2805.0 1.2190e+07
    2815.0 1.7585e+07
    2825.0 1.8242e+07
    2835.0 1.7472e+07
    2845.0 1.6830e+07
    2855.0 1.6345e+07
    2865.0 1.7575e+07
    2875.0 1.6989e+07
    2885.0 1.7332e+07
    2895.0 1.6626e+07
    2910.0 1.8466e+07
    2930.0 1.7712e+07
    2950.0 1.7610e+07
    2970.0 1.7809e+07
    2990.0 1.7987e+07
    3010.0 1.8292e+07
    3030.0 1.7999e+07
    3050.0 1.7841e+07
    3070.0 1.7647e+07
    3090.0 1.7909e+07
    3110.0 1.7407e+07
    3130.0 1.7345e+07
    3150.0 1.7524e+07
    3170.0 1.7375e+07
    3190.0 1.6686e+07
    3210.0 1.7096e+07
    3230.0 1.6712e+07
    3250.0 1.6859e+07
    3270.0 1.6889e+07
    3290.0 1.6961e+07
    3310.0 1.7020e+07
    3330.0 1.6675e+07
    3350.0 1.6434e+07
    3370.0 1.6409e+07
    3390.0 1.6226e+07
    3410.0 1.6469e+07
    3430.0 1.6390e+07
    3450.0 1.6271e+07
    3470.0 1.6034e+07
    3490.0 1.5940e+07
    3510.0 1.6099e+07
    3530.0 1.6100e+07
    3550.0 1.6081e+07
    3570.0 1.5770e+07
    3590.0 1.5678e+07
    3610.0 1.5606e+07
    3630.0 1.5544e+07
    3640.0 1.5458e+07
    3650.0 1.5797e+07
    3670.0 1.4975e+07
    3690.0 1.4091e+07
    3710.0 1.6989e+07
    3730.0 1.8160e+07
    3750.0 2.3919e+07
    3770.0 2.5227e+07
    3790.0 3.1924e+07
    3810.0 3.7183e+07
    3830.0 2.8800e+07
    3850.0 4.0411e+07
    3870.0 4.5102e+07
    3890.0 2.5137e+07
    3910.0 4.4325e+07
    3930.0 4.1569e+07
    3950.0 4.3909e+07
    3970.0 2.3556e+07
    3990.0 4.2475e+07
    4010.0 4.5222e+07
    4030.0 4.4819e+07
    4050.0 4.4377e+07
    4070.0 4.2682e+07
    4090.0 3.4502e+07
    4110.0 2.6046e+07
    4130.0 4.0263e+07
    4150.0 4.1624e+07
    4170.0 4.0970e+07
    4190.0 4.0519e+07
    4210.0 4.0040e+07
    4230.0 3.9267e+07
    4250.0 3.8725e+07
    4270.0 3.7850e+07
    4290.0 3.7772e+07
    4310.0 3.5847e+07
    4330.0 2.7790e+07
    4350.0 2.3537e+07
    4370.0 3.5020e+07
    4390.0 3.5007e+07
    4410.0 3.4758e+07
    4430.0 3.4451e+07
    4450.0 3.4372e+07
    4470.0 3.3885e+07
    4490.0 3.3096e+07
    4510.0 3.3045e+07
    4530.0 3.2450e+07
    4550.0 3.1615e+07
    4570.0 3.1856e+07
    4590.0 3.1140e+07
    4610.0 3.1333e+07
    4630.0 3.0414e+07
    4650.0 3.0497e+07
    4670.0 3.0033e+07
    4690.0 2.9358e+07
    4710.0 2.8449e+07
    4730.0 2.8906e+07
    4750.0 2.8578e+07
    4770.0 2.8197e+07
    4790.0 2.7789e+07
    4810.0 2.7206e+07
    4830.0 2.6257e+07
    4850.0 2.0754e+07
    4870.0 1.6610e+07
    4890.0 2.4844e+07
    4910.0 2.5492e+07
    4930.0 2.5118e+07
    4950.0 2.5058e+07
    4970.0 2.4910e+07
    4990.0 2.4479e+07
    5010.0 2.3840e+07
    5030.0 2.3798e+07
    5050.0 2.3332e+07
    5070.0 2.3349e+07
    5090.0 2.3059e+07
    5110.0 2.2755e+07
    5130.0 2.2464e+07
    5150.0 2.2096e+07
    5170.0 2.1620e+07
    5190.0 2.1396e+07
    5210.0 2.1347e+07
    5230.0 2.0903e+07
    5250.0 2.0914e+07
    5270.0 2.0345e+07
    5290.0 2.0432e+07
    5310.0 2.0002e+07
    5330.0 1.9810e+07
    5350.0 1.9771e+07
    5370.0 1.9474e+07
    5390.0 1.9276e+07
    5410.0 1.8974e+07
    5430.0 1.8794e+07
    5450.0 1.8668e+07
    5470.0 1.8452e+07
    5490.0 1.8274e+07
    5510.0 1.8047e+07
    5530.0 1.7822e+07
    5550.0 1.7679e+07
    5570.0 1.7463e+07
    5590.0 1.7300e+07
    5610.0 1.7142e+07
    5630.0 1.6938e+07
    5650.0 1.6731e+07
    5670.0 1.6554e+07
    5690.0 1.6397e+07
    5710.0 1.6227e+07
    5730.0 1.6070e+07
    5750.0 1.5883e+07
    5770.0 1.5722e+07
    5790.0 1.5542e+07
    5810.0 1.5389e+07
    5830.0 1.5231e+07
    5850.0 1.5078e+07
    5870.0 1.4895e+07
    5890.0 1.4649e+07
    5910.0 1.4605e+07
    5930.0 1.4462e+07
    5950.0 1.4287e+07
    5970.0 1.4165e+07
    5990.0 1.3984e+07
    6010.0 1.3867e+07
    6030.0 1.3749e+07
    6050.0 1.3599e+07
    6070.0 1.3471e+07
    6090.0 1.3334e+07
    6110.0 1.3196e+07
    6130.0 1.3055e+07
    6150.0 1.2784e+07
    6170.0 1.2805e+07
    6190.0 1.2694e+07
    6210.0 1.2572e+07
    6230.0 1.2436e+07
    6250.0 1.2212e+07
    6270.0 1.2204e+07
    6290.0 1.2084e+07
    6310.0 1.1942e+07
    6330.0 1.1854e+07
    6350.0 1.1613e+07
    6370.0 1.1537e+07
    6390.0 1.1507e+07
    6410.0 1.1376e+07
    6430.0 1.1283e+07
    6450.0 1.1089e+07
    6470.0 1.1055e+07
    6490.0 1.0893e+07
    6510.0 1.0755e+07
    6530.0 1.0476e+07
    6550.0 9.1568e+06
    6570.0 7.3231e+06
    6590.0 9.9268e+06
    6610.0 1.0226e+07
    6630.0 1.0208e+07
    6650.0 1.0142e+07
    6670.0 1.0059e+07
    6690.0 9.9779e+06
    6710.0 9.8919e+06
    6730.0 9.7828e+06
    6750.0 9.7039e+06
    6770.0 9.6231e+06
    6790.0 9.5327e+06
    6810.0 9.4457e+06
    6830.0 9.3545e+06
    6850.0 9.2693e+06
    6870.0 9.1824e+06
    6890.0 9.1014e+06
    6910.0 9.0161e+06
    6930.0 8.9317e+06
    6950.0 8.8530e+06
    6970.0 8.7727e+06
    6990.0 8.7005e+06
    7010.0 8.5874e+06
    7030.0 8.5289e+06
    7050.0 8.4541e+06
    7070.0 8.3847e+06
    7090.0 8.3136e+06
    7110.0 8.1768e+06
    7130.0 8.1428e+06
    7150.0 8.0715e+06
    7170.0 8.0079e+06
    7190.0 7.9379e+06
    7210.0 7.8708e+06
    7230.0 7.7929e+06
    7250.0 7.7158e+06
    7270.0 7.6620e+06
    7290.0 7.5884e+06
    7310.0 7.5178e+06
    7330.0 7.4634e+06
    7350.0 7.3962e+06
    7370.0 7.3341e+06
    7390.0 7.2659e+06
    7410.0 7.1787e+06
    7430.0 7.1097e+06
    7450.0 7.0586e+06
    7470.0 6.9779e+06
    7490.0 6.9406e+06
    7510.0 6.8867e+06
    7530.0 6.8333e+06
    7550.0 6.7803e+06
    7570.0 6.7215e+06
    7590.0 6.6653e+06
    7610.0 6.6117e+06
    7630.0 6.5482e+06
    7650.0 6.4894e+06
    7670.0 6.4352e+06
    7690.0 6.3856e+06
    7710.0 6.3222e+06
    7730.0 6.2775e+06
    7750.0 6.2252e+06
    7770.0 6.0502e+06
    7790.0 6.1259e+06
    7810.0 6.0768e+06
    7830.0 6.0204e+06
    7850.0 5.9567e+06
    7870.0 5.8935e+06
    7890.0 5.8406e+06
    7910.0 5.8168e+06
    7930.0 5.7761e+06
    7950.0 5.6996e+06
    7970.0 5.6880e+06
    7990.0 5.5751e+06
    8010.0 5.5940e+06
    8030.0 5.5476e+06
    8050.0 5.5052e+06
    8070.0 5.4577e+06
    8090.0 5.4143e+06
    8110.0 5.3730e+06
    8130.0 5.3321e+06
    8150.0 5.2915e+06
    8170.0 5.2495e+06
    8190.0 5.1756e+06
    8210.0 5.1629e+06
    8230.0 5.1166e+06
    8250.0 5.0953e+06
    8270.0 5.0900e+06
    8290.0 5.0393e+06
    8310.0 4.9890e+06
    8330.0 4.8942e+06
    8350.0 4.8227e+06
    8370.0 4.7380e+06
    8390.0 4.6422e+06
    8410.0 4.5659e+06
    8430.0 4.5510e+06
    8450.0 4.5211e+06
    8470.0 4.3092e+06
    8490.0 4.6549e+06
    8510.0 4.2059e+06
    8530.0 4.7614e+06
    8550.0 3.9648e+06
    8570.0 4.9015e+06
    8590.0 4.3310e+06
    8610.0 4.1864e+06
    8630.0 4.9817e+06
    8650.0 4.6398e+06
    8670.0 3.6851e+06
    8690.0 4.7480e+06
    8710.0 4.9902e+06
    8730.0 4.7109e+06
    8750.0 3.5883e+06
    8770.0 4.4404e+06
    8790.0 4.8874e+06
    8810.0 4.8992e+06
    8830.0 4.7525e+06
    8850.0 4.1829e+06
    8870.0 3.4766e+06
    8890.0 4.5171e+06
    8910.0 4.7037e+06
    8930.0 4.7098e+06
    8950.0 4.7097e+06
    8970.0 4.6321e+06
    8990.0 4.3993e+06
    9010.0 3.4197e+06
    9030.0 3.7781e+06
    9050.0 4.3895e+06
    9070.0 4.4081e+06
    9090.0 4.3814e+06
    9110.0 4.4301e+06
    9130.0 4.4165e+06
    9150.0 4.3929e+06
    9170.0 4.3324e+06
    9190.0 4.2170e+06
    9210.0 3.9018e+06
    9230.0 2.9785e+06
    9250.0 3.7406e+06
    9270.0 3.9966e+06
    9290.0 4.1448e+06
    9310.0 4.1436e+06
    9330.0 4.1176e+06
    9350.0 4.1000e+06
    9370.0 4.0770e+06
    9390.0 4.0175e+06
    9410.0 3.9490e+06
    9430.0 3.9727e+06
    9450.0 3.9452e+06
    9470.0 3.9098e+06
    9490.0 3.8601e+06
    9510.0 3.7590e+06
    9530.0 3.4132e+06
    9550.0 2.7007e+06
    9570.0 3.4462e+06
    9590.0 3.6770e+06
    9610.0 3.6903e+06
    9630.0 3.6452e+06
    9650.0 3.6778e+06
    9670.0 3.6331e+06
    9690.0 3.6283e+06
    9710.0 3.6185e+06
    9730.0 3.5897e+06
    9750.0 3.5623e+06
    9770.0 3.5402e+06
    9790.0 3.5145e+06
    9810.0 3.4915e+06
    9830.0 3.4587e+06
    9850.0 3.4311e+06
    9870.0 3.4098e+06
    9890.0 3.3690e+06
    9910.0 3.3677e+06
    9930.0 3.3359e+06
    9950.0 3.3128e+06
    9970.0 3.2874e+06
    9990.0 3.2503e+06
   10025.0 2.9424e+06
   10075.0 2.7881e+06
   10125.0 3.0905e+06
   10175.0 3.0787e+06
   10225.0 3.0349e+06
   10275.0 2.9873e+06
   10325.0 2.9348e+06
   10375.0 2.8898e+06
   10425.0 2.8412e+06
   10475.0 2.7868e+06
   10525.0 2.7431e+06
   10575.0 2.7033e+06
   10625.0 2.6641e+06
   10675.0 2.5918e+06
   10725.0 2.5677e+06
   10775.0 2.5336e+06
   10825.0 2.4898e+06
   10875.0 2.4284e+06
   10925.0 2.0476e+06
   10975.0 2.2400e+06
   11025.0 2.3372e+06
   11075.0 2.3142e+06
   11125.0 2.2818e+06
   11175.0 2.2470e+06
   11225.0 2.2146e+06
   11275.0 2.1535e+06
   11325.0 2.1262e+06
   11375.0 2.1131e+06
   11425.0 2.0799e+06
   11475.0 2.0536e+06
   11525.0 2.0250e+06
   11575.0 1.9923e+06
   11625.0 1.9548e+06
   11675.0 1.9196e+06
   11725.0 1.9077e+06
   11775.0 1.8586e+06
   11825.0 1.8455e+06
   11875.0 1.8130e+06
   11925.0 1.8012e+06
   11975.0 1.7670e+06
   12025.0 1.7490e+06
   12075.0 1.7206e+06
   12125.0 1.6974e+06
   12175.0 1.6754e+06
   12225.0 1.6505e+06
   12275.0 1.6267e+06
   12325.0 1.6033e+06
   12375.0 1.5833e+06
   12425.0 1.5628e+06
   12475.0 1.5349e+06
   12525.0 1.5189e+06
   12575.0 1.4917e+06
   12625.0 1.4738e+06
   12675.0 1.4555e+06
   12725.0 1.4300e+06
   12775.0 1.3733e+06
   12825.0 1.1818e+06
   12875.0 1.3492e+06
   12925.0 1.3553e+06
   12975.0 1.3413e+06
   13025.0 1.3239e+06
   13075.0 1.3082e+06
   13125.0 1.2899e+06
   13175.0 1.2684e+06
   13225.0 1.2554e+06
   13275.0 1.2391e+06
   13325.0 1.2231e+06
   13375.0 1.2073e+06
   13425.0 1.1910e+06
   13475.0 1.1742e+06
   13525.0 1.1577e+06
   13575.0 1.1427e+06
   13625.0 1.1285e+06
   13675.0 1.1126e+06
   13725.0 1.0968e+06
   13775.0 1.0864e+06
   13825.0 1.0722e+06
   13875.0 1.0595e+06
   13925.0 1.0439e+06
   13975.0 1.0315e+06
   14025.0 1.0187e+06
   14075.0 1.0060e+06
   14125.0 9.9232e+05
   14175.0 9.8056e+05
   14225.0 9.6775e+05
   14275.0 9.5568e+05
   14325.0 9.4435e+05
   14375.0 9.3199e+05
   14425.0 9.1401e+05
   14475.0 9.1000e+05
   14525.0 8.9465e+05
   14570.0 8.8857e+05
   14620.0 8.7857e+05
   14675.0 8.6810e+05
   14725.0 8.5724e+05
   14775.0 8.4540e+05
   14825.0 8.3644e+05
   14875.0 8.2378e+05
   14925.0 8.1558e+05
   14975.0 8.0319e+05
   15025.0 7.9041e+05
   15075.0 7.7726e+05
   15125.0 7.6637e+05
   15175.0 7.5456e+05
   15225.0 7.4754e+05
   15275.0 7.3186e+05
   15325.0 7.2301e+05
   15375.0 7.2389e+05
   15425.0 6.9854e+05
   15475.0 7.0956e+05
   15525.0 7.0251e+05
   15575.0 6.6489e+05
   15625.0 7.0779e+05
   15675.0 6.6863e+05
   15725.0 6.4256e+05
   15775.0 6.8717e+05
   15825.0 6.7613e+05
   15875.0 6.0002e+05
   15925.0 6.4638e+05
   15975.0 6.6537e+05
   16050.0 6.3822e+05
   16150.0 5.9494e+05
   16250.0 6.2714e+05
   16350.0 5.9348e+05
   16450.0 5.5526e+05
   16550.0 5.8666e+05
   16650.0 5.7445e+05
   16750.0 5.4239e+05
   16850.0 5.0683e+05
   16950.0 5.3676e+05
   17050.0 5.2677e+05
   17150.0 5.1575e+05
   17250.0 5.0052e+05
   17350.0 4.4577e+05
   17450.0 4.7415e+05
   17550.0 4.7149e+05
   17650.0 4.6231e+05
   17750.0 4.5331e+05
   17850.0 4.4373e+05
   17950.0 4.3508e+05
   18050.0 4.2291e+05
   18150.0 3.8077e+05
   18250.0 3.9785e+05
   18350.0 3.9993e+05
   18450.0 3.9279e+05
   18550.0 3.8404e+05
   18650.0 3.7407e+05
   18750.0 3.3581e+05
   18850.0 3.5807e+05
   18950.0 3.5464e+05
   19050.0 3.4828e+05
   19150.0 3.4171e+05
   19250.0 3.3493e+05
   19350.0 3.2540e+05
   19450.0 2.9223e+05
   19550.0 3.1303e+05
   19650.0 3.1007e+05
   19750.0 3.0433e+05
   19850.0 2.9880e+05
   19950.0 2.9322e+05
   20050.0 2.8780e+05
   20150.0 2.8250e+05
   20250.0 2.7729e+05
   20350.0 2.7214e+05
   20450.0 2.6727e+05
   20550.0 2.6241e+05
   20650.0 2.5757e+05
   20750.0 2.5300e+05
   20850.0 2.4848e+05
   20950.0 2.4407e+05
   21050.0 2.3970e+05
   21150.0 2.3518e+05
   21250.0 2.3106e+05
   21350.0 2.2701e+05
   21450.0 2.2302e+05
   21550.0 2.1755e+05
   21650.0 1.9682e+05
   21750.0 2.0875e+05
   21850.0 2.0797e+05
   21950.0 2.0481e+05
   22050.0 2.0126e+05
   22150.0 1.9773e+05
   22250.0 1.9458e+05
   22350.0 1.9133e+05
   22450.0 1.8813e+05
   22550.0 1.8512e+05
   22650.0 1.8213e+05
   22750.0 1.7912e+05
   22850.0 1.7705e+05
   22950.0 1.7702e+05
   23050.0 1.7377e+05
   23150.0 1.7032e+05
   23250.0 1.6698e+05
   23350.0 1.6370e+05
   23450.0 1.6065e+05
   23550.0 1.5758e+05
   23650.0 1.5482e+05
   23750.0 1.5201e+05
   23850.0 1.4922e+05
   23950.0 1.4661e+05
   24050.0 1.4413e+05
   24150.0 1.4160e+05
   24250.0 1.3970e+05
   24350.0 1.3739e+05
   24450.0 1.3484e+05
   24550.0 1.3368e+05
   24650.0 1.3079e+05
   24750.0 1.2903e+05
   24850.0 1.2881e+05
   24950.0 1.2308e+05
   25050.0 1.2676e+05
   25150.0 1.2372e+05
   25250.0 1.1676e+05
   25350.0 1.1933e+05
   25450.0 1.1886e+05
   25550.0 1.1575e+05
   25650.0 1.0896e+05
   25750.0 1.1285e+05
   25850.0 1.1214e+05
   25950.0 1.1043e+05
   26050.0 1.0657e+05
   26150.0 1.0043e+05
   26250.0 9.6482e+04
   26350.0 1.0261e+05
   26450.0 1.0272e+05
   26550.0 1.0131e+05
   26650.0 9.8740e+04
   26750.0 9.1451e+04
   26850.0 9.5977e+04
   26950.0 9.5943e+04
   27050.0 9.4842e+04
   27150.0 9.3526e+04
   27250.0 9.2227e+04
   27350.0 9.0817e+04
   27450.0 8.8963e+04
   27550.0 8.2346e+04
   27650.0 8.4339e+04
   27750.0 8.5648e+04
   27850.0 8.4849e+04
   27950.0 8.3705e+04
   28050.0 8.2576e+04
   28150.0 8.1446e+04
   28250.0 8.0344e+04
   28350.0 7.9271e+04
   28450.0 7.8167e+04
   28550.0 7.6870e+04
   28650.0 7.4289e+04
   28750.0 6.9319e+04
   28850.0 7.3392e+04
   28950.0 7.2986e+04
   29050.0 7.2271e+04
   29150.0 7.1254e+04
   29250.0 7.0403e+04
   29350.0 6.9493e+04
   29450.0 6.8593e+04
   29550.0 6.7704e+04
   29650.0 6.6825e+04
   29750.0 6.5970e+04
   29850.0 6.5125e+04
   29950.0 6.4303e+04
   30050.0 6.3477e+04
   30150.0 6.2595e+04
   30250.0 6.1435e+04
   30350.0 5.7295e+04
   30450.0 5.7863e+04
   30550.0 5.9258e+04
   30650.0 5.8808e+04
   30750.0 5.8109e+04
   30850.0 5.7343e+04
   30950.0 5.6672e+04
   31050.0 5.5984e+04
   31150.0 5.5279e+04
   31250.0 5.4595e+04
   31350.0 5.3942e+04
   31450.0 5.3284e+04
   31550.0 5.2658e+04
   31650.0 5.2014e+04
   31750.0 5.1378e+04
   31850.0 5.0784e+04
   31950.0 5.0161e+04
   32100.0 4.9274e+04
   32300.0 4.8114e+04
   32500.0 4.6979e+04
   32700.0 4.5812e+04
   32900.0 4.2620e+04
   33100.0 4.3420e+04
   33300.0 4.3084e+04
   33500.0 4.2058e+04
   33700.0 4.1022e+04
   33900.0 4.0059e+04
   34100.0 3.9116e+04
   34300.0 3.8203e+04
   34500.0 3.7328e+04
   34700.0 3.6460e+04
   34900.0 3.5620e+04
   35100.0 3.4826e+04
   35300.0 3.4067e+04
   35500.0 3.3304e+04
   35700.0 3.2555e+04
   35900.0 3.1961e+04
   36100.0 3.1129e+04
   36300.0 3.0651e+04
   36500.0 2.9785e+04
   36700.0 2.9452e+04
   36900.0 2.8438e+04
   37100.0 2.8193e+04
   37300.0 2.7030e+04
   37500.0 2.5949e+04
   37700.0 2.6527e+04
   37900.0 2.6064e+04
   38100.0 2.5122e+04
   38300.0 2.4688e+04
   38500.0 2.4570e+04
   38700.0 2.4092e+04
   38900.0 2.3449e+04
   39100.0 2.2425e+04
   39300.0 2.2640e+04
   39500.0 2.2273e+04
   39700.0 2.1852e+04
   39900.0 2.1415e+04
   40100.0 2.0583e+04
   40300.0 2.0047e+04
   40500.0 1.9330e+04
   40700.0 1.9741e+04
   40900.0 1.9463e+04
   41100.0 1.9096e+04
   41300.0 1.8736e+04
   41500.0 1.8291e+04
   41700.0 1.7296e+04
   41900.0 1.7609e+04
   42100.0 1.7395e+04
   42300.0 1.7063e+04
   42500.0 1.6757e+04
   42700.0 1.6449e+04
   42900.0 1.6159e+04
   43100.0 1.5861e+04
   43300.0 1.5587e+04
   43500.0 1.5266e+04
   43700.0 1.4449e+04
   43900.0 1.4554e+04
   44100.0 1.4496e+04
   44300.0 1.4256e+04
   44500.0 1.4007e+04
   44700.0 1.3828e+04
   44900.0 1.3592e+04
   45100.0 1.3359e+04
   45300.0 1.3125e+04
   45500.0 1.2905e+04
   45700.0 1.2689e+04
   45900.0 1.2471e+04
   46100.0 1.2261e+04
   46300.0 1.1999e+04
   46500.0 1.1275e+04
   46700.0 1.1052e+04
   46900.0 1.1351e+04
   47100.0 1.1265e+04
   47300.0 1.1095e+04
   47500.0 1.0906e+04
   47700.0 1.0736e+04
   47900.0 1.0558e+04
   48100.0 1.0392e+04
   48300.0 1.0224e+04
   48500.0 1.0048e+04
   48700.0 9.8899e+03
   48900.0 9.7339e+03
   49100.0 9.5802e+03
   49300.0 9.4286e+03
   49500.0 9.2792e+03
   49700.0 9.1367e+03
   49900.0 8.9961e+03
   50100.0 8.8528e+03
   50300.0 8.7162e+03
   50500.0 8.5815e+03
   50700.0 8.4532e+03
   50900.0 8.3175e+03
   51100.0 8.1285e+03
   51300.0 7.6734e+03
   51500.0 7.8988e+03
   51700.0 7.8288e+03
   51900.0 7.7152e+03
   52100.0 7.5986e+03
   52300.0 7.4836e+03
   52500.0 7.3745e+03
   52700.0 7.2668e+03
   52900.0 7.1563e+03
   53100.0 7.0557e+03
   53300.0 6.9522e+03
   53500.0 6.8542e+03
   53700.0 6.7492e+03
   53900.0 6.6538e+03
   54100.0 6.5596e+03
   54300.0 6.4626e+03
   54500.0 6.3708e+03
   54700.0 6.2802e+03
   54900.0 6.1908e+03
   55100.0 6.1025e+03
   55300.0 6.0192e+03
   55500.0 5.9331e+03
   55700.0 5.8480e+03
   55900.0 5.7679e+03
   56100.0 5.6887e+03
   56300.0 5.6105e+03
   56500.0 5.5333e+03
   56700.0 5.4571e+03
   56900.0 5.3743e+03
   57100.0 5.3036e+03
   57300.0 5.2302e+03
   57500.0 5.1612e+03
   57700.0 5.0895e+03
   57900.0 5.0222e+03
   58100.0 4.9557e+03
   58300.0 4.8900e+03
   58500.0 4.8356e+03
   58700.0 4.7644e+03
   58900.0 4.6595e+03
   59100.0 4.4117e+03
   59300.0 4.5525e+03
   59500.0 4.5186e+03
   59700.0 4.4648e+03
   59900.0 4.4050e+03
   60100.0 4.3491e+03
   60300.0 4.2940e+03
   60500.0 4.2361e+03
   60700.0 4.1822e+03
   60900.0 4.1289e+03
   61100.0 4.0762e+03
   61300.0 4.0242e+03
   61500.0 3.9727e+03
   61700.0 3.9217e+03
   61900.0 3.8745e+03
   62100.0 3.8247e+03
   62300.0 3.7786e+03
   62500.0 3.7268e+03
   62700.0 3.6817e+03
   62900.0 3.6371e+03
   63100.0 3.5930e+03
   63300.0 3.5494e+03
   63500.0 3.5063e+03
   63700.0 3.4607e+03
   63900.0 3.4185e+03
   64200.0 3.3575e+03
   64600.0 3.2758e+03
   65000.0 3.1959e+03
   65400.0 3.1205e+03
   65800.0 3.0466e+03
   66200.0 2.9744e+03
   66600.0 2.9063e+03
   67000.0 2.8396e+03
   67400.0 2.7717e+03
   67800.0 2.7078e+03
   68200.0 2.6478e+03
   68600.0 2.5864e+03
   69000.0 2.5263e+03
   69400.0 2.4676e+03
   69800.0 2.4123e+03
   70200.0 2.3591e+03
   70600.0 2.3067e+03
   71000.0 2.2561e+03
   71400.0 2.2064e+03
   71800.0 2.1586e+03
   72200.0 2.1116e+03
   72600.0 2.0663e+03
   73000.0 2.0223e+03
   73400.0 1.9790e+03
   73800.0 1.9371e+03
   74200.0 1.8927e+03
   74600.0 1.8040e+03
   75000.0 1.7618e+03
   75400.0 1.7760e+03
   75800.0 1.7436e+03
   76200.0 1.7080e+03
   76600.0 1.6730e+03
   77000.0 1.6391e+03
   77400.0 1.6060e+03
   77800.0 1.5738e+03
   78200.0 1.5425e+03
   78600.0 1.5117e+03
   79000.0 1.4818e+03
   79400.0 1.4525e+03
   79800.0 1.4240e+03
   80200.0 1.3962e+03
   80600.0 1.3691e+03
   81000.0 1.3426e+03
   81400.0 1.3168e+03
   81800.0 1.2918e+03
   82200.0 1.2670e+03
   82600.0 1.2432e+03
   83000.0 1.2195e+03
   83400.0 1.1965e+03
   83800.0 1.1742e+03
   84200.0 1.1524e+03
   84600.0 1.1311e+03
   85000.0 1.1102e+03
   85400.0 1.0900e+03
   85800.0 1.0699e+03
   86200.0 1.0505e+03
   86600.0 1.0315e+03
   87000.0 1.0129e+03
   87400.0 9.9466e+02
   87800.0 9.7690e+02
   88200.0 9.5958e+02
   88600.0 9.4254e+02
   89000.0 9.2515e+02
   89400.0 9.0879e+02
   89800.0 8.9283e+02
   90200.0 8.7741e+02
   90600.0 8.6223e+02
   91000.0 8.4743e+02
   91400.0 8.3271e+02
   91800.0 8.1849e+02
   92200.0 8.0449e+02
   92600.0 7.9085e+02
   93000.0 7.7754e+02
   93400.0 7.6443e+02
   93800.0 7.5166e+02
   94200.0 7.3921e+02
   94600.0 7.2694e+02
   95000.0 7.1485e+02
   95400.0 7.0307e+02
   95800.0 6.9159e+02
   96200.0 6.8028e+02
   96600.0 6.6914e+02
   97000.0 6.5828e+02
   97400.0 6.4770e+02
   97800.0 6.3727e+02
   98200.0 6.2711e+02
   98600.0 6.1710e+02
   99000.0 6.0723e+02
   99400.0 5.9762e+02
   99800.0 5.8814e+02
  100200.0 5.7892e+02
  200000.0 3.6994e+01
  400000.0 2.2979e+00
  600000.0 4.5002e-01
  800000.0 1.4122e-01
 1000000.0 5.7428e-02
 1200000.0 2.7498e-02
 1400000.0 1.4763e-02
 1600000.0 8.6097e-03
