      91.0 0.0000e+00
      94.0 0.0000e+00
      96.0 0.0000e+00
      98.0 0.0000e+00
     100.0 0.0000e+00
     102.0 0.0000e+00
     104.0 0.0000e+00
     106.0 0.0000e+00
     108.0 0.0000e+00
     110.0 0.0000e+00
     114.0 0.0000e+00
     118.0 0.0000e+00
     121.0 0.0000e+00
     125.0 0.0000e+00
     127.0 0.0000e+00
     128.0 0.0000e+00
     131.0 0.0000e+00
     132.0 0.0000e+00
     134.0 0.0000e+00
     137.0 0.0000e+00
     140.0 0.0000e+00
     143.0 0.0000e+00
     147.0 0.0000e+00
     151.0 0.0000e+00
     155.0 0.0000e+00
     159.0 0.0000e+00
     162.0 0.0000e+00
     166.0 0.0000e+00
     170.0 0.0000e+00
     173.0 0.0000e+00
     177.0 0.0000e+00
     180.0 0.0000e+00
     182.0 0.0000e+00
     186.0 0.0000e+00
     191.0 0.0000e+00
     194.0 0.0000e+00
     198.0 0.0000e+00
     202.0 0.0000e+00
     205.0 0.0000e+00
     210.0 0.0000e+00
     216.0 0.0000e+00
     220.0 0.0000e+00
     223.0 0.0000e+00
     227.0 0.0000e+00
     230.0 0.0000e+00
     234.0 0.0000e+00
     240.0 0.0000e+00
     246.0 0.0000e+00
     252.0 0.0000e+00
     257.0 0.0000e+00
     260.0 0.0000e+00
     264.0 0.0000e+00
     269.0 0.0000e+00
     274.0 0.0000e+00
     279.0 0.0000e+00
     284.0 0.0000e+00
     290.0 0.0000e+00
     296.0 0.0000e+00
     301.0 0.0000e+00
     308.0 0.0000e+00
     318.0 0.0000e+00
     328.0 0.0000e+00
     338.0 0.0000e+00
     348.0 0.0000e+00
     357.0 0.0000e+00
     366.0 0.0000e+00
     375.0 0.0000e+00
     385.0 0.0000e+00
     395.0 0.0000e+00
     405.0 0.0000e+00
     414.0 0.0000e+00
     422.0 0.0000e+00
     430.0 0.0000e+00
     441.0 0.0000e+00
     451.0 0.0000e+00
     460.0 0.0000e+00
     470.0 0.0000e+00
     480.0 0.0000e+00
     490.0 0.0000e+00
     500.0 0.0000e+00
     506.0 0.0000e+00
     512.0 0.0000e+00
     520.0 0.0000e+00
     530.0 0.0000e+00
     540.0 0.0000e+00
     550.0 0.0000e+00
     560.0 0.0000e+00
     570.0 0.0000e+00
     580.0 0.0000e+00
     590.0 0.0000e+00
     600.0 0.0000e+00
     610.0 0.0000e+00
     620.0 0.0000e+00
     630.0 0.0000e+00
     640.0 0.0000e+00
     650.0 0.0000e+00
     658.0 0.0000e+00
     665.0 0.0000e+00
     675.0 0.0000e+00
     685.0 0.0000e+00
     695.0 0.0000e+00
     705.0 0.0000e+00
     716.0 0.0000e+00
     726.0 0.0000e+00
     735.0 0.0000e+00
     745.0 0.0000e+00
     755.0 0.0000e+00
     765.0 0.0000e+00
     775.0 0.0000e+00
     785.0 0.0000e+00
     795.0 0.0000e+00
     805.0 0.0000e+00
     815.0 0.0000e+00
     825.0 0.0000e+00
     835.0 0.0000e+00
     845.0 0.0000e+00
     855.0 0.0000e+00
     865.0 0.0000e+00
     875.0 0.0000e+00
     885.0 0.0000e+00
     895.0 0.0000e+00
     905.0 0.0000e+00
     915.0 0.0000e+00
     925.0 5.0314e-18
     935.0 8.9188e-18
     945.0 1.7524e-17
     955.0 3.3068e-17
     965.0 6.3537e-17
     975.0 1.0716e-16
     985.0 2.0035e-16
     995.0 3.6047e-16
    1005.0 6.4350e-16
    1015.0 1.1077e-15
    1025.0 1.4712e-15
    1035.0 3.3303e-15
    1045.0 6.1846e-15
    1055.0 9.2947e-15
    1065.0 1.6980e-14
    1075.0 2.7934e-14
    1085.0 4.4698e-14
    1095.0 7.0148e-14
    1105.0 1.0086e-13
    1115.0 1.7410e-13
    1125.0 2.8377e-13
    1135.0 4.6934e-13
    1145.0 7.2452e-13
    1155.0 1.1389e-12
    1165.0 1.7247e-12
    1175.0 2.6040e-12
    1185.0 3.8847e-12
    1195.0 5.5591e-12
    1205.0 7.9415e-12
    1215.0 4.2160e-12
    1225.0 1.7149e-11
    1235.0 2.5552e-11
    1245.0 3.7406e-11
    1255.0 5.3798e-11
    1265.0 7.6661e-11
    1275.0 1.0615e-10
    1285.0 1.4053e-10
    1295.0 1.9728e-10
    1305.0 2.7405e-10
    1315.0 4.0187e-10
    1325.0 5.2779e-10
    1335.0 6.5596e-10
    1345.0 8.9224e-10
    1355.0 1.3513e-09
    1365.0 1.4751e-09
    1375.0 2.1984e-09
    1385.0 2.6162e-09
    1395.0 3.4705e-09
    1405.0 4.7195e-09
    1415.0 6.1988e-09
    1425.0 8.1436e-09
    1435.0 1.0767e-08
    1442.0 1.4683e-08
    1447.0 1.4656e-08
    1455.0 2.0511e-08
    1465.0 2.6858e-08
    1475.0 3.0966e-08
    1485.0 3.9522e-08
    1495.0 5.8214e-08
    1505.0 8.2697e-08
    1512.0 6.6092e-08
    1517.0 9.8121e-08
    1525.0 1.4706e-07
    1535.0 1.9838e-07
    1545.0 1.6181e-07
    1555.0 2.6879e-07
    1565.0 2.8897e-07
    1575.0 8.0779e-07
    1585.0 8.9930e-07
    1595.0 7.7917e-07
    1605.0 9.1008e-07
    1615.0 1.1255e-06
    1625.0 1.2529e-06
    1635.0 1.7401e-06
    1645.0 2.4670e-06
    1655.0 2.2306e-06
    1665.0 3.5946e-06
    1672.0 3.1747e-06
    1677.0 9.7133e-06
    1685.0 1.9547e-05
    1695.0 4.3868e-05
    1705.0 5.3378e-05
    1715.0 6.7884e-05
    1725.0 2.2173e-04
    1735.0 4.7485e-04
    1745.0 9.6917e-04
    1755.0 8.8302e-04
    1765.0 2.4120e-03
    1775.0 6.4780e-04
    1785.0 6.1083e-03
    1795.0 4.8495e-03
    1805.0 1.6629e-02
    1815.0 4.1972e-03
    1825.0 1.9122e-02
    1835.0 1.0452e-02
    1845.0 9.1698e-03
    1855.0 4.0042e-03
    1865.0 3.8855e-02
    1875.0 2.4846e-02
    1885.0 4.8632e-02
    1895.0 7.8375e-02
    1905.0 7.8182e-02
    1915.0 1.2459e-01
    1925.0 6.2618e-02
    1935.0 2.0356e-02
    1945.0 1.4474e-01
    1955.0 2.5656e-01
    1967.0 3.1025e-01
    1976.0 3.5012e-01
    1984.0 6.5316e-01
    1995.0 5.1431e-01
    2005.0 5.8586e-01
    2015.0 5.9010e-01
    2025.0 2.9150e-01
    2035.0 5.5858e-01
    2045.0 5.8553e-01
    2055.0 7.6556e-01
    2065.0 5.3403e-01
    2074.0 3.9308e-01
    2078.0 6.8511e+00
    2085.0 8.0575e+00
    2095.0 7.0327e+00
    2105.0 5.4370e+00
    2115.0 5.0479e+00
    2125.0 5.1651e+00
    2135.0 9.5892e+00
    2145.0 5.8590e+00
    2155.0 8.8930e+00
    2165.0 6.0352e+00
    2175.0 8.0737e+00
    2185.0 6.3623e+00
    2195.0 1.5083e+01
    2205.0 1.1079e+01
    2215.0 1.2534e+01
    2225.0 1.2417e+01
    2235.0 3.8338e+01
    2245.0 3.5380e+01
    2255.0 3.3369e+01
    2265.0 9.2540e+00
    2275.0 3.6955e+01
    2285.0 4.0170e+01
    2295.0 6.7597e+01
    2305.0 1.2585e+01
    2315.0 5.8132e+01
    2325.0 3.6071e+01
    2335.0 5.0147e+01
    2345.0 2.6125e+01
    2355.0 2.4411e+01
    2365.0 2.0466e+01
    2375.0 2.5129e+01
    2385.0 2.4096e+01
    2395.0 2.7052e+01
    2405.0 4.6814e+01
    2415.0 5.0909e+01
    2425.0 1.5981e+02
    2435.0 2.5908e+02
    2445.0 3.8173e+02
    2455.0 4.1683e+02
    2465.0 1.5587e+02
    2475.0 1.4506e+02
    2485.0 2.9459e+00
    2495.0 5.8504e+01
    2505.0 1.5980e+02
    2513.0 3.9459e+01
    2518.0 9.0103e+00
    2525.0 1.9053e+01
    2535.0 3.7694e+02
    2545.0 3.5825e+02
    2555.0 1.1336e+03
    2565.0 4.9194e+02
    2575.0 7.6429e+02
    2585.0 4.3141e+02
    2595.0 3.4743e+02
    2605.0 2.9705e+02
    2615.0 2.8146e+02
    2625.0 5.0364e+02
    2635.0 1.5541e+03
    2645.0 2.7768e+03
    2655.0 5.2499e+03
    2665.0 3.4394e+03
    2675.0 3.2562e+03
    2685.0 5.3395e+03
    2695.0 3.3137e+03
    2705.0 5.2198e+03
    2715.0 2.3589e+03
    2725.0 1.1698e+03
    2735.0 2.0488e+03
    2745.0 1.0451e+03
    2755.0 1.6289e+03
    2765.0 2.6116e+03
    2775.0 2.7361e+03
    2785.0 1.2693e+03
    2795.0 2.1936e+02
    2805.0 3.4079e+02
    2815.0 2.1337e+03
    2825.0 3.5476e+03
    2835.0 3.5242e+03
    2845.0 1.3522e+03
    2855.0 1.6051e+02
    2865.0 3.3046e+03
    2875.0 7.9489e+03
    2885.0 8.6460e+03
    2895.0 1.3842e+04
    2910.0 2.1171e+04
    2930.0 1.6511e+04
    2950.0 1.2596e+04
    2970.0 1.5308e+04
    2990.0 1.4500e+04
    3010.0 1.3659e+04
    3030.0 1.7411e+04
    3050.0 1.9891e+04
    3070.0 2.3258e+04
    3090.0 3.1536e+04
    3110.0 4.0877e+04
    3130.0 3.6244e+04
    3150.0 4.0945e+04
    3170.0 4.4810e+04
    3190.0 3.8440e+04
    3210.0 4.5783e+04
    3230.0 2.9069e+04
    3250.0 5.1066e+04
    3270.0 7.0910e+04
    3290.0 7.1613e+04
    3310.0 7.0104e+04
    3330.0 6.7459e+04
    3350.0 6.0159e+04
    3370.0 5.2066e+04
    3390.0 5.6160e+04
    3410.0 6.9260e+04
    3430.0 8.2776e+04
    3450.0 8.3541e+04
    3470.0 8.5937e+04
    3490.0 9.4308e+04
    3510.0 1.0152e+05
    3530.0 8.2569e+04
    3550.0 9.6866e+04
    3570.0 5.0884e+04
    3590.0 6.6434e+04
    3610.0 9.7722e+04
    3630.0 1.1904e+05
    3640.0 1.2870e+05
    3650.0 1.3412e+05
    3670.0 1.6382e+05
    3690.0 1.6328e+05
    3710.0 1.7939e+05
    3730.0 1.0231e+05
    3750.0 1.1043e+05
    3770.0 1.3483e+05
    3790.0 1.3691e+05
    3810.0 1.2177e+05
    3830.0 5.9317e+04
    3850.0 6.0563e+04
    3870.0 7.0043e+04
    3890.0 1.2870e+05
    3910.0 1.1193e+05
    3930.0 3.4054e+04
    3950.0 7.1170e+04
    3970.0 4.4807e+04
    3990.0 1.5939e+05
    4010.0 2.5922e+05
    4030.0 3.1676e+05
    4050.0 3.0128e+05
    4070.0 2.8103e+05
    4090.0 3.7721e+05
    4110.0 3.9428e+05
    4130.0 3.3345e+05
    4150.0 3.2154e+05
    4170.0 3.1060e+05
    4190.0 3.2144e+05
    4210.0 3.6616e+05
    4230.0 4.0084e+05
    4250.0 4.0777e+05
    4270.0 3.9061e+05
    4290.0 3.6078e+05
    4310.0 2.7959e+05
    4330.0 4.6371e+05
    4350.0 4.6813e+05
    4370.0 5.0185e+05
    4390.0 4.5124e+05
    4410.0 4.8736e+05
    4430.0 5.4157e+05
    4450.0 5.5452e+05
    4470.0 6.1396e+05
    4490.0 6.3944e+05
    4510.0 7.4697e+05
    4530.0 6.5215e+05
    4550.0 6.5164e+05
    4570.0 7.3553e+05
    4590.0 6.9441e+05
    4610.0 7.4257e+05
    4630.0 7.1099e+05
    4650.0 7.3705e+05
    4670.0 7.5055e+05
    4690.0 7.3544e+05
    4710.0 7.2164e+05
    4730.0 7.7880e+05
    4750.0 8.5995e+05
    4770.0 8.8701e+05
    4790.0 8.7700e+05
    4810.0 8.5314e+05
    4830.0 8.9235e+05
    4850.0 8.4677e+05
    4870.0 7.7461e+05
    4890.0 8.8664e+05
    4910.0 8.8291e+05
    4930.0 8.5356e+05
    4950.0 9.4064e+05
    4970.0 9.1367e+05
    4990.0 8.3219e+05
    5010.0 7.9021e+05
    5030.0 8.5171e+05
    5050.0 8.8495e+05
    5070.0 9.2043e+05
    5090.0 8.4795e+05
    5110.0 8.7485e+05
    5130.0 8.1838e+05
    5150.0 8.1474e+05
    5170.0 7.9903e+05
    5190.0 8.5432e+05
    5210.0 8.9725e+05
    5230.0 9.0443e+05
    5250.0 9.2758e+05
    5270.0 8.2426e+05
    5290.0 9.4874e+05
    5310.0 9.9222e+05
    5330.0 8.9530e+05
    5350.0 9.9922e+05
    5370.0 1.0226e+06
    5390.0 9.7165e+05
    5410.0 9.4973e+05
    5430.0 9.7162e+05
    5450.0 1.0509e+06
    5470.0 9.8351e+05
    5490.0 9.8671e+05
    5510.0 9.7916e+05
    5530.0 1.0027e+06
    5550.0 1.0266e+06
    5570.0 1.0235e+06
    5590.0 9.8587e+05
    5610.0 1.0513e+06
    5630.0 1.0128e+06
    5650.0 1.0428e+06
    5670.0 1.0052e+06
    5690.0 1.0508e+06
    5710.0 1.0011e+06
    5730.0 1.1183e+06
    5750.0 1.0475e+06
    5770.0 1.0780e+06
    5790.0 1.0255e+06
    5810.0 1.0767e+06
    5830.0 1.1191e+06
    5850.0 1.0845e+06
    5870.0 1.0897e+06
    5890.0 1.0076e+06
    5910.0 1.0743e+06
    5930.0 1.0783e+06
    5950.0 1.0775e+06
    5970.0 1.1066e+06
    5990.0 1.0738e+06
    6010.0 1.0524e+06
    6030.0 1.0784e+06
    6050.0 1.0985e+06
    6070.0 1.1030e+06
    6090.0 1.0356e+06
    6110.0 1.0314e+06
    6130.0 9.8482e+05
    6150.0 1.0127e+06
    6170.0 9.8343e+05
    6190.0 1.0488e+06
    6210.0 1.0498e+06
    6230.0 9.9393e+05
    6250.0 9.4368e+05
    6270.0 1.0188e+06
    6290.0 1.0336e+06
    6310.0 9.8786e+05
    6330.0 1.0140e+06
    6350.0 1.0126e+06
    6370.0 9.9801e+05
    6390.0 1.0156e+06
    6410.0 9.9843e+05
    6430.0 1.0079e+06
    6450.0 1.0109e+06
    6470.0 1.0066e+06
    6490.0 9.6827e+05
    6510.0 1.0042e+06
    6530.0 1.0062e+06
    6550.0 9.9142e+05
    6570.0 9.2900e+05
    6590.0 9.9434e+05
    6610.0 1.0021e+06
    6630.0 9.9956e+05
    6650.0 9.9356e+05
    6670.0 9.7144e+05
    6690.0 1.0109e+06
    6710.0 9.6868e+05
    6730.0 1.0053e+06
    6750.0 9.8197e+05
    6770.0 9.9214e+05
    6790.0 9.7382e+05
    6810.0 9.7586e+05
    6830.0 9.8404e+05
    6850.0 9.5019e+05
    6870.0 9.7058e+05
    6890.0 9.8718e+05
    6910.0 9.7042e+05
    6930.0 9.5634e+05
    6950.0 9.2726e+05
    6970.0 9.3972e+05
    6990.0 9.3214e+05
    7010.0 8.9144e+05
    7030.0 9.1817e+05
    7050.0 9.3830e+05
    7070.0 9.1452e+05
    7090.0 9.1200e+05
    7110.0 8.9786e+05
    7130.0 8.7938e+05
    7150.0 8.8338e+05
    7170.0 8.9012e+05
    7190.0 8.4783e+05
    7210.0 8.8258e+05
    7230.0 8.9032e+05
    7250.0 8.9751e+05
    7270.0 8.8577e+05
    7290.0 8.4414e+05
    7310.0 8.6242e+05
    7330.0 8.7088e+05
    7350.0 8.6637e+05
    7370.0 8.8486e+05
    7390.0 8.5921e+05
    7410.0 8.4541e+05
    7430.0 8.5629e+05
    7450.0 8.6444e+05
    7470.0 8.6928e+05
    7490.0 8.5566e+05
    7510.0 8.6557e+05
    7530.0 8.7620e+05
    7550.0 8.8377e+05
    7570.0 8.7178e+05
    7590.0 8.6886e+05
    7610.0 8.6906e+05
    7630.0 8.7419e+05
    7650.0 8.7332e+05
    7670.0 8.4186e+05
    7690.0 8.7074e+05
    7710.0 8.4868e+05
    7730.0 8.5232e+05
    7750.0 8.4513e+05
    7770.0 8.6264e+05
    7790.0 8.6632e+05
    7810.0 8.6110e+05
    7830.0 8.5182e+05
    7850.0 8.3794e+05
    7870.0 8.4144e+05
    7890.0 8.0404e+05
    7910.0 7.7200e+05
    7930.0 7.7402e+05
    7950.0 7.6140e+05
    7970.0 7.9780e+05
    7990.0 7.9907e+05
    8010.0 7.9322e+05
    8030.0 7.9243e+05
    8050.0 7.8313e+05
    8070.0 7.7907e+05
    8090.0 7.4792e+05
    8110.0 7.4588e+05
    8130.0 7.5927e+05
    8150.0 7.5681e+05
    8170.0 7.6083e+05
    8190.0 7.4675e+05
    8210.0 7.4170e+05
    8230.0 7.5067e+05
    8250.0 7.5901e+05
    8270.0 7.6814e+05
    8290.0 7.6095e+05
    8310.0 7.2361e+05
    8330.0 7.3033e+05
    8350.0 7.3561e+05
    8370.0 7.4391e+05
    8390.0 7.2537e+05
    8410.0 7.5058e+05
    8430.0 7.2711e+05
    8450.0 7.4551e+05
    8470.0 7.4099e+05
    8490.0 7.5048e+05
    8510.0 6.9927e+05
    8530.0 7.4824e+05
    8550.0 6.8519e+05
    8570.0 7.5433e+05
    8590.0 7.3327e+05
    8610.0 7.3698e+05
    8630.0 7.4758e+05
    8650.0 7.5102e+05
    8670.0 6.7641e+05
    8690.0 7.1443e+05
    8710.0 7.3344e+05
    8730.0 7.3527e+05
    8750.0 7.2142e+05
    8770.0 7.4043e+05
    8790.0 7.3008e+05
    8810.0 7.1240e+05
    8830.0 7.2317e+05
    8850.0 7.3216e+05
    8870.0 7.1118e+05
    8890.0 7.2680e+05
    8910.0 7.3789e+05
    8930.0 7.1413e+05
    8950.0 7.1274e+05
    8970.0 7.1627e+05
    8990.0 7.1710e+05
    9010.0 6.9235e+05
    9030.0 7.1532e+05
    9050.0 7.3573e+05
    9070.0 7.1587e+05
    9090.0 6.8704e+05
    9110.0 6.9645e+05
    9130.0 7.1930e+05
    9150.0 7.1143e+05
    9170.0 7.1104e+05
    9190.0 7.2087e+05
    9210.0 6.9512e+05
    9230.0 6.9704e+05
    9250.0 6.8856e+05
    9270.0 6.9802e+05
    9290.0 6.9793e+05
    9310.0 7.0338e+05
    9330.0 6.9623e+05
    9350.0 6.9600e+05
    9370.0 6.8210e+05
    9390.0 6.9035e+05
    9410.0 6.6047e+05
    9430.0 6.8667e+05
    9450.0 6.7154e+05
    9470.0 6.8756e+05
    9490.0 6.8893e+05
    9510.0 6.8126e+05
    9530.0 6.8118e+05
    9550.0 6.6452e+05
    9570.0 6.6371e+05
    9590.0 6.7803e+05
    9610.0 6.6352e+05
    9630.0 6.5935e+05
    9650.0 6.5108e+05
    9670.0 6.4749e+05
    9690.0 6.5823e+05
    9710.0 6.5539e+05
    9730.0 6.5258e+05
    9750.0 6.4233e+05
    9770.0 6.4624e+05
    9790.0 6.3534e+05
    9810.0 6.5331e+05
    9830.0 6.4942e+05
    9850.0 6.4790e+05
    9870.0 6.4220e+05
    9890.0 6.4070e+05
    9910.0 6.3812e+05
    9930.0 6.4200e+05
    9950.0 6.4160e+05
    9970.0 6.4108e+05
    9990.0 6.3671e+05
   10025.0 6.3204e+05
   10075.0 6.2271e+05
   10125.0 6.2078e+05
   10175.0 6.0972e+05
   10225.0 6.1191e+05
   10275.0 6.1301e+05
   10325.0 5.9730e+05
   10375.0 5.9334e+05
   10425.0 5.9539e+05
   10475.0 5.8524e+05
   10525.0 5.8673e+05
   10575.0 5.8076e+05
   10625.0 5.7488e+05
   10675.0 5.6078e+05
   10725.0 5.6234e+05
   10775.0 5.5589e+05
   10825.0 5.4698e+05
   10875.0 5.4511e+05
   10925.0 5.4927e+05
   10975.0 5.3910e+05
   11025.0 5.4350e+05
   11075.0 5.4046e+05
   11125.0 5.3425e+05
   11175.0 5.2766e+05
   11225.0 5.2830e+05
   11275.0 5.1693e+05
   11325.0 5.1349e+05
   11375.0 5.1121e+05
   11425.0 5.0170e+05
   11475.0 5.1163e+05
   11525.0 5.0702e+05
   11575.0 4.9835e+05
   11625.0 4.8857e+05
   11675.0 4.8730e+05
   11725.0 4.9388e+05
   11775.0 4.8122e+05
   11825.0 4.7905e+05
   11875.0 4.6830e+05
   11925.0 4.8032e+05
   11975.0 4.6185e+05
   12025.0 4.6930e+05
   12075.0 4.6254e+05
   12125.0 4.6118e+05
   12175.0 4.6290e+05
   12225.0 4.5800e+05
   12275.0 4.5396e+05
   12325.0 4.5020e+05
   12375.0 4.4736e+05
   12425.0 4.4330e+05
   12475.0 4.4222e+05
   12525.0 4.3418e+05
   12575.0 4.3142e+05
   12625.0 4.2936e+05
   12675.0 4.2367e+05
   12725.0 4.2442e+05
   12775.0 4.2404e+05
   12825.0 4.0587e+05
   12875.0 4.1227e+05
   12925.0 4.0665e+05
   12975.0 4.0950e+05
   13025.0 4.0234e+05
   13075.0 4.0305e+05
   13125.0 3.9644e+05
   13175.0 3.9316e+05
   13225.0 3.9280e+05
   13275.0 3.8440e+05
   13325.0 3.8632e+05
   13375.0 3.8196e+05
   13425.0 3.8298e+05
   13475.0 3.7941e+05
   13525.0 3.7688e+05
   13575.0 3.6805e+05
   13625.0 3.6704e+05
   13675.0 3.6513e+05
   13725.0 3.6253e+05
   13775.0 3.6086e+05
   13825.0 3.5957e+05
   13875.0 3.5655e+05
   13925.0 3.5529e+05
   13975.0 3.5379e+05
   14025.0 3.4658e+05
   14075.0 3.4818e+05
   14125.0 3.4187e+05
   14175.0 3.4376e+05
   14225.0 3.3578e+05
   14275.0 3.3102e+05
   14325.0 3.3450e+05
   14375.0 3.3502e+05
   14425.0 3.1962e+05
   14475.0 3.2817e+05
   14525.0 3.1961e+05
   14570.0 3.2261e+05
   14620.0 3.1917e+05
   14675.0 3.1873e+05
   14725.0 3.1065e+05
   14775.0 3.0932e+05
   14825.0 3.0768e+05
   14875.0 3.0361e+05
   14925.0 3.0782e+05
   14975.0 3.0288e+05
   15025.0 2.9858e+05
   15075.0 2.9439e+05
   15125.0 2.9758e+05
   15175.0 2.9714e+05
   15225.0 2.9565e+05
   15275.0 2.9357e+05
   15325.0 2.9028e+05
   15375.0 2.9296e+05
   15425.0 2.8693e+05
   15475.0 2.8778e+05
   15525.0 2.8324e+05
   15575.0 2.7347e+05
   15625.0 2.8199e+05
   15675.0 2.7409e+05
   15725.0 2.7468e+05
   15775.0 2.6287e+05
   15825.0 2.6691e+05
   15875.0 2.5509e+05
   15925.0 2.6347e+05
   15975.0 2.6150e+05
   16050.0 2.6404e+05
   16150.0 2.5862e+05
   16250.0 2.5776e+05
   16350.0 2.5332e+05
   16450.0 2.4533e+05
   16550.0 2.4443e+05
   16650.0 2.4085e+05
   16750.0 2.3538e+05
   16850.0 2.2740e+05
   16950.0 2.2906e+05
   17050.0 2.2028e+05
   17150.0 2.1939e+05
   17250.0 2.1161e+05
   17350.0 2.0564e+05
   17450.0 2.0396e+05
   17550.0 2.0078e+05
   17650.0 1.9720e+05
   17750.0 1.9328e+05
   17850.0 1.9070e+05
   17950.0 1.8747e+05
   18050.0 1.8304e+05
   18150.0 1.7906e+05
   18250.0 1.7613e+05
   18350.0 1.7361e+05
   18450.0 1.6895e+05
   18550.0 1.6710e+05
   18650.0 1.6252e+05
   18750.0 1.5766e+05
   18850.0 1.5811e+05
   18950.0 1.5097e+05
   19050.0 1.5379e+05
   19150.0 1.5042e+05
   19250.0 1.4821e+05
   19350.0 1.4396e+05
   19450.0 1.4020e+05
   19550.0 1.4053e+05
   19650.0 1.3774e+05
   19750.0 1.3515e+05
   19850.0 1.3351e+05
   19950.0 1.3125e+05
   20050.0 1.3009e+05
   20150.0 1.2865e+05
   20250.0 1.2481e+05
   20350.0 1.2214e+05
   20450.0 1.2247e+05
   20550.0 1.2003e+05
   20650.0 1.1755e+05
   20750.0 1.1589e+05
   20850.0 1.1404e+05
   20950.0 1.1164e+05
   21050.0 1.1101e+05
   21150.0 1.0876e+05
   21250.0 1.0707e+05
   21350.0 1.0605e+05
   21450.0 1.0446e+05
   21550.0 1.0290e+05
   21650.0 9.9828e+04
   21750.0 9.8937e+04
   21850.0 9.7682e+04
   21950.0 9.6620e+04
   22050.0 9.4266e+04
   22150.0 9.3588e+04
   22250.0 9.1804e+04
   22350.0 9.0480e+04
   22450.0 8.9319e+04
   22550.0 8.7609e+04
   22650.0 8.6299e+04
   22750.0 8.5588e+04
   22850.0 8.3807e+04
   22950.0 7.1923e+04
   23050.0 7.6988e+04
   23150.0 7.6033e+04
   23250.0 6.5531e+04
   23350.0 7.0645e+04
   23450.0 7.0633e+04
   23550.0 6.0607e+04
   23650.0 6.6077e+04
   23750.0 6.5841e+04
   23850.0 5.7468e+04
   23950.0 6.1882e+04
   24050.0 6.2467e+04
   24150.0 5.5762e+04
   24250.0 5.8892e+04
   24350.0 5.9360e+04
   24450.0 5.5064e+04
   24550.0 5.5133e+04
   24650.0 5.7391e+04
   24750.0 5.5009e+04
   24850.0 5.1946e+04
   24950.0 5.3900e+04
   25050.0 5.5687e+04
   25150.0 5.0069e+04
   25250.0 5.2533e+04
   25350.0 5.2809e+04
   25450.0 5.1007e+04
   25550.0 5.0131e+04
   25650.0 5.0451e+04
   25750.0 5.0766e+04
   25850.0 4.7430e+04
   25950.0 4.8490e+04
   26050.0 4.8825e+04
   26150.0 4.7418e+04
   26250.0 4.6727e+04
   26350.0 4.7081e+04
   26450.0 4.6760e+04
   26550.0 4.5558e+04
   26650.0 4.4609e+04
   26750.0 4.5734e+04
   26850.0 4.5094e+04
   26950.0 4.3704e+04
   27050.0 4.3938e+04
   27150.0 4.3534e+04
   27250.0 4.3344e+04
   27350.0 4.2082e+04
   27450.0 4.2285e+04
   27550.0 4.2026e+04
   27650.0 4.1378e+04
   27750.0 4.0550e+04
   27850.0 4.0461e+04
   27950.0 4.0402e+04
   28050.0 3.9871e+04
   28150.0 3.9179e+04
   28250.0 3.8872e+04
   28350.0 3.8673e+04
   28450.0 3.8135e+04
   28550.0 3.7677e+04
   28650.0 3.7283e+04
   28750.0 3.6778e+04
   28850.0 3.6465e+04
   28950.0 3.6057e+04
   29050.0 3.5638e+04
   29150.0 3.5281e+04
   29250.0 3.4704e+04
   29350.0 3.4607e+04
   29450.0 3.3972e+04
   29550.0 3.3660e+04
   29650.0 3.3392e+04
   29750.0 3.2978e+04
   29850.0 3.2569e+04
   29950.0 3.2152e+04
   30050.0 3.1765e+04
   30150.0 3.1476e+04
   30250.0 3.1071e+04
   30350.0 3.0476e+04
   30450.0 3.0380e+04
   30550.0 2.9925e+04
   30650.0 2.9576e+04
   30750.0 2.9334e+04
   30850.0 2.8829e+04
   30950.0 2.8530e+04
   31050.0 2.8309e+04
   31150.0 2.7745e+04
   31250.0 2.7592e+04
   31350.0 2.7294e+04
   31450.0 2.6988e+04
   31550.0 2.6612e+04
   31650.0 2.6324e+04
   31750.0 2.6052e+04
   31850.0 2.5758e+04
   31950.0 2.5503e+04
   32100.0 2.5010e+04
   32300.0 2.4471e+04
   32500.0 2.3876e+04
   32700.0 2.3315e+04
   32900.0 2.2734e+04
   33100.0 2.2252e+04
   33300.0 2.1726e+04
   33500.0 2.1296e+04
   33700.0 2.0780e+04
   33900.0 2.0285e+04
   34100.0 1.9811e+04
   34300.0 1.9468e+04
   34500.0 1.9082e+04
   34700.0 1.8644e+04
   34900.0 1.8253e+04
   35100.0 1.7890e+04
   35300.0 1.7457e+04
   35500.0 1.7128e+04
   35700.0 1.6729e+04
   35900.0 1.6385e+04
   36100.0 1.6075e+04
   36300.0 1.5771e+04
   36500.0 1.5356e+04
   36700.0 1.5055e+04
   36900.0 1.4620e+04
   37100.0 1.4323e+04
   37300.0 1.4084e+04
   37500.0 1.3661e+04
   37700.0 1.3550e+04
   37900.0 1.3257e+04
   38100.0 1.3028e+04
   38300.0 1.2826e+04
   38500.0 1.2588e+04
   38700.0 1.2298e+04
   38900.0 1.2053e+04
   39100.0 1.1844e+04
   39300.0 1.1631e+04
   39500.0 1.1352e+04
   39700.0 1.1162e+04
   39900.0 1.0854e+04
   40100.0 1.0709e+04
   40300.0 1.0551e+04
   40500.0 1.0308e+04
   40700.0 1.0142e+04
   40900.0 9.9572e+03
   41100.0 9.8108e+03
   41300.0 9.6387e+03
   41500.0 9.4346e+03
   41700.0 9.2547e+03
   41900.0 9.0982e+03
   42100.0 8.8970e+03
   42300.0 8.8063e+03
   42500.0 8.5975e+03
   42700.0 8.4777e+03
   42900.0 7.8450e+03
   43100.0 7.3979e+03
   43300.0 7.6048e+03
   43500.0 7.0217e+03
   43700.0 6.8885e+03
   43900.0 6.7761e+03
   44100.0 6.1241e+03
   44300.0 6.2510e+03
   44500.0 6.0260e+03
   44700.0 5.5575e+03
   44900.0 5.8108e+03
   45100.0 5.5896e+03
   45300.0 5.2213e+03
   45500.0 5.3585e+03
   45700.0 5.2612e+03
   45900.0 4.8620e+03
   46100.0 5.0812e+03
   46300.0 4.8880e+03
   46500.0 4.8322e+03
   46700.0 4.7953e+03
   46900.0 4.7114e+03
   47100.0 4.5569e+03
   47300.0 4.6519e+03
   47500.0 4.5400e+03
   47700.0 4.4783e+03
   47900.0 4.3683e+03
   48100.0 4.2766e+03
   48300.0 4.3795e+03
   48500.0 4.2532e+03
   48700.0 4.1592e+03
   48900.0 4.1734e+03
   49100.0 4.0345e+03
   49300.0 4.0162e+03
   49500.0 3.9657e+03
   49700.0 3.9561e+03
   49900.0 3.8373e+03
   50100.0 3.8727e+03
   50300.0 3.8130e+03
   50500.0 3.6950e+03
   50700.0 3.6603e+03
   50900.0 3.6320e+03
   51100.0 3.5596e+03
   51300.0 3.5164e+03
   51500.0 3.4715e+03
   51700.0 3.4999e+03
   51900.0 3.4128e+03
   52100.0 3.3319e+03
   52300.0 3.3087e+03
   52500.0 3.2992e+03
   52700.0 3.3273e+03
   52900.0 3.1835e+03
   53100.0 3.1306e+03
   53300.0 3.1283e+03
   53500.0 3.0898e+03
   53700.0 3.0519e+03
   53900.0 3.0280e+03
   54100.0 2.9926e+03
   54300.0 2.9287e+03
   54500.0 2.9331e+03
   54700.0 2.8688e+03
   54900.0 2.8559e+03
   55100.0 2.7945e+03
   55300.0 2.8469e+03
   55500.0 2.7349e+03
   55700.0 2.7597e+03
   55900.0 2.6924e+03
   56100.0 2.6954e+03
   56300.0 2.6225e+03
   56500.0 2.6303e+03
   56700.0 2.5894e+03
   56900.0 2.5257e+03
   57100.0 2.5371e+03
   57300.0 2.5106e+03
   57500.0 2.4790e+03
   57700.0 2.4406e+03
   57900.0 2.4360e+03
   58100.0 2.3944e+03
   58300.0 2.3705e+03
   58500.0 2.3442e+03
   58700.0 2.2983e+03
   58900.0 2.2821e+03
   59100.0 2.2611e+03
   59300.0 2.2411e+03
   59500.0 2.2007e+03
   59700.0 2.1934e+03
   59900.0 2.1681e+03
   60100.0 2.1457e+03
   60300.0 2.1203e+03
   60500.0 2.0814e+03
   60700.0 2.0625e+03
   60900.0 2.0354e+03
   61100.0 2.0076e+03
   61300.0 1.9936e+03
   61500.0 1.9749e+03
   61700.0 1.9650e+03
   61900.0 1.9385e+03
   62100.0 1.9239e+03
   62300.0 1.8912e+03
   62500.0 1.8619e+03
   62700.0 1.8442e+03
   62900.0 1.8237e+03
   63100.0 1.8010e+03
   63300.0 1.7936e+03
   63500.0 1.7677e+03
   63700.0 1.7602e+03
   63900.0 1.7307e+03
   64200.0 1.7035e+03
   64600.0 1.6620e+03
   65000.0 1.6269e+03
   65400.0 1.5883e+03
   65800.0 1.5585e+03
   66200.0 1.5211e+03
   66600.0 1.4891e+03
   67000.0 1.4591e+03
   67400.0 1.4241e+03
   67800.0 1.3941e+03
   68200.0 1.3636e+03
   68600.0 1.3365e+03
   69000.0 1.3055e+03
   69400.0 1.2783e+03
   69800.0 1.2508e+03
   70200.0 1.2233e+03
   70600.0 1.1988e+03
   71000.0 1.1716e+03
   71400.0 1.1479e+03
   71800.0 1.1228e+03
   72200.0 1.0991e+03
   72600.0 1.0759e+03
   73000.0 1.0540e+03
   73400.0 1.0314e+03
   73800.0 1.0110e+03
   74200.0 9.8819e+02
   74600.0 9.6793e+02
   75000.0 9.4868e+02
   75400.0 9.2872e+02
   75800.0 9.1102e+02
   76200.0 8.9239e+02
   76600.0 8.7451e+02
   77000.0 8.5655e+02
   77400.0 8.3991e+02
   77800.0 8.2337e+02
   78200.0 8.0595e+02
   78600.0 7.9020e+02
   79000.0 7.7453e+02
   79400.0 7.5933e+02
   79800.0 7.4477e+02
   80200.0 7.2990e+02
   80600.0 7.1566e+02
   81000.0 7.0258e+02
   81400.0 6.8845e+02
   81800.0 6.7564e+02
   82200.0 6.6322e+02
   82600.0 6.5049e+02
   83000.0 6.3832e+02
   83400.0 6.2583e+02
   83800.0 6.1440e+02
   84200.0 6.0334e+02
   84600.0 5.9228e+02
   85000.0 5.8141e+02
   85400.0 5.7072e+02
   85800.0 5.6019e+02
   86200.0 5.5017e+02
   86600.0 5.3982e+02
   87000.0 5.3011e+02
   87400.0 5.2056e+02
   87800.0 5.1147e+02
   88200.0 5.0207e+02
   88600.0 4.9327e+02
   89000.0 4.8445e+02
   89400.0 4.7608e+02
   89800.0 4.6753e+02
   90200.0 4.5971e+02
   90600.0 4.5215e+02
   91000.0 4.4355e+02
   91400.0 4.3638e+02
   91800.0 4.2917e+02
   92200.0 4.2207e+02
   92600.0 4.1493e+02
   93000.0 4.0804e+02
   93400.0 4.0098e+02
   93800.0 3.9430e+02
   94200.0 3.8785e+02
   94600.0 3.8136e+02
   95000.0 3.7496e+02
   95400.0 3.6880e+02
   95800.0 3.6298e+02
   96200.0 3.5686e+02
   96600.0 3.5134e+02
   97000.0 3.4564e+02
   97400.0 3.3927e+02
   97800.0 3.3412e+02
   98200.0 3.2891e+02
   98600.0 3.2366e+02
   99000.0 3.1873e+02
   99400.0 3.1337e+02
   99800.0 3.0858e+02
  100200.0 3.0373e+02
  200000.0 1.9570e+01
  400000.0 1.2209e+00
  600000.0 2.3877e-01
  800000.0 7.4873e-02
 1000000.0 3.0411e-02
 1200000.0 1.4557e-02
 1400000.0 7.8007e-03
 1600000.0 4.5395e-03
