      91.0 0.0000e+00
      94.0 0.0000e+00
      96.0 0.0000e+00
      98.0 0.0000e+00
     100.0 0.0000e+00
     102.0 0.0000e+00
     104.0 0.0000e+00
     106.0 0.0000e+00
     108.0 0.0000e+00
     110.0 0.0000e+00
     114.0 0.0000e+00
     118.0 0.0000e+00
     121.0 0.0000e+00
     125.0 0.0000e+00
     127.0 0.0000e+00
     128.0 0.0000e+00
     131.0 0.0000e+00
     132.0 0.0000e+00
     134.0 0.0000e+00
     137.0 0.0000e+00
     140.0 0.0000e+00
     143.0 0.0000e+00
     147.0 0.0000e+00
     151.0 0.0000e+00
     155.0 0.0000e+00
     159.0 0.0000e+00
     162.0 0.0000e+00
     166.0 0.0000e+00
     170.0 0.0000e+00
     173.0 0.0000e+00
     177.0 0.0000e+00
     180.0 0.0000e+00
     182.0 0.0000e+00
     186.0 0.0000e+00
     191.0 0.0000e+00
     194.0 0.0000e+00
     198.0 0.0000e+00
     202.0 0.0000e+00
     205.0 0.0000e+00
     210.0 0.0000e+00
     216.0 0.0000e+00
     220.0 0.0000e+00
     223.0 0.0000e+00
     227.0 0.0000e+00
     230.0 0.0000e+00
     234.0 0.0000e+00
     240.0 0.0000e+00
     246.0 0.0000e+00
     252.0 0.0000e+00
     257.0 0.0000e+00
     260.0 0.0000e+00
     264.0 0.0000e+00
     269.0 0.0000e+00
     274.0 0.0000e+00
     279.0 0.0000e+00
     284.0 0.0000e+00
     290.0 0.0000e+00
     296.0 0.0000e+00
     301.0 0.0000e+00
     308.0 0.0000e+00
     318.0 0.0000e+00
     328.0 0.0000e+00
     338.0 0.0000e+00
     348.0 0.0000e+00
     357.0 0.0000e+00
     366.0 0.0000e+00
     375.0 0.0000e+00
     385.0 0.0000e+00
     395.0 0.0000e+00
     405.0 0.0000e+00
     414.0 0.0000e+00
     422.0 0.0000e+00
     430.0 0.0000e+00
     441.0 0.0000e+00
     451.0 0.0000e+00
     460.0 0.0000e+00
     470.0 0.0000e+00
     480.0 0.0000e+00
     490.0 0.0000e+00
     500.0 0.0000e+00
     506.0 0.0000e+00
     512.0 0.0000e+00
     520.0 0.0000e+00
     530.0 0.0000e+00
     540.0 0.0000e+00
     550.0 0.0000e+00
     560.0 0.0000e+00
     570.0 0.0000e+00
     580.0 0.0000e+00
     590.0 0.0000e+00
     600.0 0.0000e+00
     610.0 0.0000e+00
     620.0 0.0000e+00
     630.0 0.0000e+00
     640.0 0.0000e+00
     650.0 0.0000e+00
     658.0 0.0000e+00
     665.0 0.0000e+00
     675.0 0.0000e+00
     685.0 0.0000e+00
     695.0 0.0000e+00
     705.0 0.0000e+00
     716.0 0.0000e+00
     726.0 0.0000e+00
     735.0 0.0000e+00
     745.0 0.0000e+00
     755.0 0.0000e+00
     765.0 0.0000e+00
     775.0 0.0000e+00
     785.0 0.0000e+00
     795.0 0.0000e+00
     805.0 0.0000e+00
     815.0 0.0000e+00
     825.0 0.0000e+00
     835.0 0.0000e+00
     845.0 0.0000e+00
     855.0 0.0000e+00
     865.0 0.0000e+00
     875.0 0.0000e+00
     885.0 0.0000e+00
     895.0 0.0000e+00
     905.0 0.0000e+00
     915.0 0.0000e+00
     925.0 0.0000e+00
     935.0 0.0000e+00
     945.0 0.0000e+00
     955.0 0.0000e+00
     965.0 0.0000e+00
     975.0 0.0000e+00
     985.0 0.0000e+00
     995.0 0.0000e+00
    1005.0 0.0000e+00
    1015.0 0.0000e+00
    1025.0 0.0000e+00
    1035.0 0.0000e+00
    1045.0 0.0000e+00
    1055.0 0.0000e+00
    1065.0 0.0000e+00
    1075.0 0.0000e+00
    1085.0 0.0000e+00
    1095.0 0.0000e+00
    1105.0 0.0000e+00
    1115.0 0.0000e+00
    1125.0 0.0000e+00
    1135.0 0.0000e+00
    1145.0 0.0000e+00
    1155.0 3.2118e-23
    1165.0 6.3359e-25
    1175.0 1.4896e-22
    1185.0 3.5004e-24
    1195.0 8.9180e-23
    1205.0 2.1068e-24
    1215.0 1.3647e-23
    1225.0 4.3168e-24
    1235.0 1.1903e-23
    1245.0 8.7190e-24
    1255.0 2.6511e-24
    1265.0 9.5920e-25
    1275.0 6.5077e-25
    1285.0 1.5367e-24
    1295.0 5.0397e-24
    1305.0 7.6540e-23
    1315.0 3.0922e-24
    1325.0 1.9009e-24
    1335.0 1.0200e-23
    1345.0 6.0614e-24
    1355.0 2.1789e-23
    1365.0 1.5382e-23
    1375.0 1.0979e-23
    1385.0 8.6583e-23
    1395.0 3.1957e-21
    1405.0 1.5971e-20
    1415.0 1.3583e-19
    1425.0 4.8478e-19
    1435.0 6.6969e-19
    1442.0 7.2664e-19
    1447.0 1.1895e-18
    1455.0 1.4439e-18
    1465.0 3.6988e-18
    1475.0 3.8936e-18
    1485.0 3.3981e-18
    1495.0 9.0943e-18
    1505.0 9.5985e-18
    1512.0 7.6635e-18
    1517.0 1.4179e-18
    1525.0 4.4412e-19
    1535.0 1.7278e-19
    1545.0 1.2333e-19
    1555.0 2.3666e-19
    1565.0 2.2498e-18
    1575.0 2.4514e-18
    1585.0 5.4798e-17
    1595.0 1.2510e-17
    1605.0 6.6242e-18
    1615.0 2.5434e-18
    1625.0 2.5363e-18
    1635.0 7.3299e-17
    1645.0 1.7868e-18
    1655.0 2.6588e-19
    1665.0 2.7516e-19
    1672.0 5.1560e-17
    1677.0 8.4086e-16
    1685.0 1.1450e-17
    1695.0 2.3416e-17
    1705.0 1.1587e-14
    1715.0 1.1877e-14
    1725.0 5.6500e-13
    1735.0 7.2303e-17
    1745.0 7.4628e-15
    1755.0 7.0353e-16
    1765.0 2.9386e-13
    1775.0 7.2317e-14
    1785.0 1.1976e-12
    1795.0 1.2461e-13
    1805.0 2.7104e-12
    1815.0 8.0485e-16
    1825.0 4.6302e-12
    1835.0 1.6179e-13
    1845.0 1.6945e-13
    1855.0 4.0564e-13
    1865.0 5.4369e-14
    1875.0 2.8874e-14
    1885.0 6.9320e-14
    1895.0 5.0558e-12
    1905.0 7.9801e-12
    1915.0 1.2580e-10
    1925.0 3.0047e-10
    1935.0 1.2122e-10
    1945.0 1.2106e-10
    1955.0 7.9976e-11
    1967.0 1.7077e-10
    1976.0 2.4646e-10
    1984.0 7.8934e-10
    1995.0 4.7545e-10
    2005.0 3.5557e-10
    2015.0 1.1143e-09
    2025.0 1.9090e-10
    2035.0 1.5935e-09
    2045.0 1.9309e-10
    2055.0 1.7097e-09
    2065.0 7.8825e-10
    2074.0 3.0833e-10
    2078.0 1.2155e-10
    2085.0 1.1426e-09
    2095.0 2.6246e-09
    2105.0 6.6548e-10
    2115.0 6.9888e-10
    2125.0 7.6614e-11
    2135.0 2.4201e-09
    2145.0 2.3131e-09
    2155.0 9.6857e-10
    2165.0 5.9354e-10
    2175.0 9.2651e-08
    2185.0 3.0518e-09
    2195.0 3.3551e-08
    2205.0 9.2095e-10
    2215.0 7.6161e-10
    2225.0 1.0052e-07
    2235.0 4.7845e-08
    2245.0 1.0521e-09
    2255.0 3.4100e-10
    2265.0 6.2831e-09
    2275.0 5.0278e-09
    2285.0 1.7609e-07
    2295.0 4.1619e-07
    2305.0 4.9768e-09
    2315.0 2.2823e-07
    2325.0 1.0074e-06
    2335.0 1.6570e-06
    2345.0 5.0025e-06
    2355.0 1.0446e-07
    2365.0 1.4862e-07
    2375.0 3.9479e-08
    2385.0 1.0699e-08
    2395.0 5.8725e-06
    2405.0 7.0428e-05
    2415.0 1.6422e-05
    2425.0 2.8936e-06
    2435.0 8.1607e-05
    2445.0 7.1613e-05
    2455.0 1.0947e-04
    2465.0 7.3534e-06
    2475.0 9.7588e-06
    2485.0 3.4488e-07
    2495.0 4.1976e-07
    2505.0 1.1556e-05
    2513.0 1.5474e-06
    2518.0 6.3549e-06
    2525.0 1.2536e-06
    2535.0 6.8932e-05
    2545.0 5.2710e-05
    2555.0 4.1056e-04
    2565.0 6.7748e-05
    2575.0 3.4362e-04
    2585.0 4.2083e-05
    2595.0 1.9927e-03
    2605.0 9.6007e-03
    2615.0 2.1219e-03
    2625.0 2.6696e-03
    2635.0 1.5176e-02
    2645.0 3.5738e-03
    2655.0 2.4684e-03
    2665.0 3.0156e-03
    2675.0 1.2614e-02
    2685.0 8.1888e-03
    2695.0 1.2650e-03
    2705.0 1.0681e-02
    2715.0 1.2873e-03
    2725.0 1.2535e-03
    2735.0 1.7779e-03
    2745.0 1.1801e-03
    2755.0 1.3401e-03
    2765.0 1.5459e-02
    2775.0 1.3402e-02
    2785.0 4.0182e-03
    2795.0 2.6403e-03
    2805.0 1.8411e-03
    2815.0 5.9730e-03
    2825.0 2.6882e-03
    2835.0 1.2594e-03
    2845.0 1.9468e-04
    2855.0 2.7040e-05
    2865.0 6.1199e-04
    2875.0 3.5066e-03
    2885.0 1.2393e-02
    2895.0 2.4338e-02
    2910.0 4.6122e-02
    2930.0 5.0873e-02
    2950.0 1.2127e-02
    2970.0 1.2178e-02
    2990.0 1.0244e-02
    3010.0 1.2960e-02
    3030.0 2.5157e-02
    3050.0 2.6014e-02
    3070.0 3.6274e-01
    3090.0 8.8731e-02
    3110.0 2.0866e+00
    3130.0 4.7774e+00
    3150.0 1.0624e+01
    3170.0 3.3222e+01
    3190.0 3.6578e+00
    3210.0 1.7783e+01
    3230.0 5.8712e+00
    3250.0 3.3219e+01
    3270.0 4.9344e+01
    3290.0 7.2222e+01
    3310.0 3.8943e+01
    3330.0 1.4967e+02
    3350.0 1.3934e+02
    3370.0 7.3448e+00
    3390.0 9.0448e+00
    3410.0 9.6816e+00
    3430.0 2.6715e+00
    3450.0 1.1244e+00
    3470.0 8.5917e-01
    3490.0 1.8814e+00
    3510.0 4.8395e+00
    3530.0 1.8650e+01
    3550.0 3.4902e+01
    3570.0 2.5235e+00
    3590.0 9.2570e-01
    3610.0 3.3927e+00
    3630.0 1.4506e+01
    3640.0 5.1797e+01
    3650.0 4.2044e+01
    3670.0 4.6831e+01
    3690.0 1.6865e+01
    3710.0 3.0240e+00
    3730.0 7.0892e-01
    3750.0 2.3962e+00
    3770.0 3.1159e+01
    3790.0 4.4814e+01
    3810.0 3.3606e+01
    3830.0 8.6164e+00
    3850.0 1.0881e+01
    3870.0 5.4342e+00
    3890.0 3.0359e+00
    3910.0 1.7241e+01
    3930.0 7.1361e+00
    3950.0 8.6542e+00
    3970.0 3.2884e+01
    3990.0 1.9155e+02
    4010.0 3.1351e+02
    4030.0 5.2180e+01
    4050.0 1.6501e+02
    4070.0 1.8243e+02
    4090.0 2.4072e+02
    4110.0 1.2956e+02
    4130.0 1.2198e+02
    4150.0 8.4877e+01
    4170.0 4.5067e+01
    4190.0 1.8975e+01
    4210.0 3.8517e+00
    4230.0 4.7523e-01
    4250.0 3.1715e+00
    4270.0 1.0615e+01
    4290.0 1.9671e+01
    4310.0 7.8498e+01
    4330.0 1.0086e+02
    4350.0 1.3302e+02
    4370.0 1.7143e+02
    4390.0 1.6800e+02
    4410.0 1.7499e+02
    4430.0 3.0980e+02
    4450.0 7.1699e+02
    4470.0 4.6530e+02
    4490.0 3.5475e+02
    4510.0 6.3260e+02
    4530.0 3.3911e+02
    4550.0 5.4049e+02
    4570.0 5.9772e+02
    4590.0 2.0303e+02
    4610.0 2.7570e+02
    4630.0 3.0895e+02
    4650.0 1.7414e+02
    4670.0 2.5084e+02
    4690.0 3.3397e+02
    4710.0 5.3504e+02
    4730.0 4.3421e+02
    4750.0 6.0218e+02
    4770.0 6.3192e+01
    4790.0 1.0150e+02
    4810.0 1.7457e+02
    4830.0 1.8089e+02
    4850.0 2.7590e+02
    4870.0 2.3890e+02
    4890.0 5.9978e+02
    4910.0 7.5607e+02
    4930.0 1.1762e+03
    4950.0 9.5679e+02
    4970.0 4.4033e+01
    4990.0 7.1035e+01
    5010.0 6.9513e+01
    5030.0 3.4960e+02
    5050.0 3.6131e+02
    5070.0 4.6838e+02
    5090.0 3.7991e+02
    5110.0 4.8220e+02
    5130.0 1.1478e+03
    5150.0 3.3200e+02
    5170.0 6.5816e+02
    5190.0 4.3393e+01
    5210.0 1.4941e+02
    5230.0 5.4099e+02
    5250.0 8.5057e+02
    5270.0 5.3497e+02
    5290.0 8.9860e+02
    5310.0 1.2295e+03
    5330.0 9.4004e+02
    5350.0 1.6306e+03
    5370.0 1.4509e+03
    5390.0 1.8298e+03
    5410.0 1.5446e+03
    5430.0 1.6293e+03
    5450.0 9.9640e+02
    5470.0 3.5593e+02
    5490.0 9.0116e+02
    5510.0 4.6647e+02
    5530.0 6.4231e+02
    5550.0 1.4767e+03
    5570.0 1.3084e+03
    5590.0 1.4579e+03
    5610.0 6.9575e+02
    5630.0 8.5236e+02
    5650.0 1.3512e+03
    5670.0 1.2746e+03
    5690.0 1.4801e+03
    5710.0 2.2233e+03
    5730.0 2.1136e+03
    5750.0 2.0532e+03
    5770.0 1.2131e+03
    5790.0 1.8136e+03
    5810.0 1.7038e+03
    5830.0 1.1777e+03
    5850.0 6.1356e+02
    5870.0 3.0382e+02
    5890.0 4.3968e+01
    5910.0 1.6486e+02
    5930.0 3.9046e+02
    5950.0 4.6507e+02
    5970.0 6.0899e+02
    5990.0 1.0016e+03
    6010.0 1.3004e+03
    6030.0 1.7245e+03
    6050.0 2.6183e+03
    6070.0 3.3946e+03
    6090.0 3.5793e+03
    6110.0 4.2176e+03
    6130.0 4.9305e+03
    6150.0 4.1502e+03
    6170.0 5.6794e+02
    6190.0 2.7263e+02
    6210.0 3.9522e+02
    6230.0 3.0343e+02
    6250.0 3.2940e+02
    6270.0 7.2750e+02
    6290.0 7.2985e+02
    6310.0 1.2704e+03
    6330.0 1.9016e+03
    6350.0 3.0959e+03
    6370.0 1.6021e+03
    6390.0 1.6156e+03
    6410.0 4.2202e+03
    6430.0 5.9168e+03
    6450.0 5.3181e+03
    6470.0 8.6598e+03
    6490.0 6.6307e+03
    6510.0 1.1576e+04
    6530.0 1.1758e+04
    6550.0 7.7620e+03
    6570.0 4.2005e+03
    6590.0 5.7628e+03
    6610.0 3.8699e+03
    6630.0 2.7799e+03
    6650.0 2.4877e+03
    6670.0 2.0076e+03
    6690.0 1.1111e+03
    6710.0 1.9003e+03
    6730.0 9.4810e+02
    6750.0 1.1778e+03
    6770.0 1.7799e+03
    6790.0 1.1195e+03
    6810.0 1.7169e+03
    6830.0 1.8447e+03
    6850.0 1.6706e+03
    6870.0 1.9996e+03
    6890.0 1.5568e+03
    6910.0 1.7522e+03
    6930.0 1.3756e+03
    6950.0 2.0549e+03
    6970.0 2.5202e+03
    6990.0 3.0237e+03
    7010.0 4.0265e+03
    7030.0 1.4449e+04
    7050.0 2.0838e+04
    7070.0 2.0740e+03
    7090.0 3.3422e+03
    7110.0 1.8370e+03
    7130.0 1.4087e+03
    7150.0 1.3253e+03
    7170.0 1.2477e+03
    7190.0 2.7534e+03
    7210.0 1.8680e+03
    7230.0 3.5604e+03
    7250.0 4.9917e+03
    7270.0 8.0931e+03
    7290.0 1.0269e+04
    7310.0 1.5673e+04
    7330.0 1.9000e+04
    7350.0 1.1638e+04
    7370.0 1.5213e+04
    7390.0 1.2376e+04
    7410.0 9.3037e+03
    7430.0 1.0496e+04
    7450.0 7.3870e+03
    7470.0 8.1512e+03
    7490.0 9.8819e+03
    7510.0 1.0153e+04
    7530.0 1.3210e+04
    7550.0 1.5934e+04
    7570.0 2.0518e+04
    7590.0 1.4255e+04
    7610.0 1.0805e+04
    7630.0 9.4031e+03
    7650.0 7.1472e+03
    7670.0 1.9430e+03
    7690.0 3.4371e+03
    7710.0 3.7582e+03
    7730.0 9.6591e+03
    7750.0 1.0414e+04
    7770.0 5.4762e+03
    7790.0 9.7796e+03
    7810.0 1.1198e+04
    7830.0 1.1569e+04
    7850.0 1.1431e+04
    7870.0 6.8906e+03
    7890.0 1.0959e+04
    7910.0 8.2432e+03
    7930.0 9.3192e+03
    7950.0 7.8512e+03
    7970.0 1.1229e+04
    7990.0 7.8216e+03
    8010.0 1.1423e+04
    8030.0 1.7182e+04
    8050.0 1.9689e+04
    8070.0 2.6663e+04
    8090.0 3.3622e+04
    8110.0 4.0275e+04
    8130.0 5.0618e+04
    8150.0 6.0155e+04
    8170.0 6.3687e+04
    8190.0 3.5934e+04
    8210.0 4.8640e+04
    8230.0 6.2762e+04
    8250.0 6.5260e+04
    8270.0 6.6943e+04
    8290.0 5.4528e+04
    8310.0 4.6070e+04
    8330.0 4.0111e+04
    8350.0 2.2135e+04
    8370.0 1.9565e+04
    8390.0 1.6971e+04
    8410.0 1.5222e+04
    8430.0 1.4007e+04
    8450.0 1.5307e+04
    8470.0 1.3899e+04
    8490.0 1.5602e+04
    8510.0 2.1791e+04
    8530.0 2.1244e+04
    8550.0 2.2391e+04
    8570.0 2.8687e+04
    8590.0 2.5157e+04
    8610.0 2.4005e+04
    8630.0 2.9127e+04
    8650.0 2.5018e+04
    8670.0 2.0978e+04
    8690.0 1.9818e+04
    8710.0 2.2177e+04
    8730.0 2.4766e+04
    8750.0 2.5546e+04
    8770.0 2.7612e+04
    8790.0 3.3058e+04
    8810.0 3.8563e+04
    8830.0 3.7958e+04
    8850.0 4.7356e+04
    8870.0 3.7479e+04
    8890.0 4.1529e+04
    8910.0 4.4439e+04
    8930.0 5.0241e+04
    8950.0 4.9627e+04
    8970.0 5.4041e+04
    8990.0 4.7866e+04
    9010.0 5.2528e+04
    9030.0 5.0281e+04
    9050.0 5.5242e+04
    9070.0 4.1457e+04
    9090.0 4.9808e+04
    9110.0 4.4518e+04
    9130.0 4.4697e+04
    9150.0 4.7582e+04
    9170.0 4.0672e+04
    9190.0 3.9487e+04
    9210.0 4.2072e+04
    9230.0 3.7470e+04
    9250.0 3.4463e+04
    9270.0 3.3115e+04
    9290.0 3.8044e+04
    9310.0 4.0744e+04
    9330.0 3.6795e+04
    9350.0 4.6404e+04
    9370.0 4.9990e+04
    9390.0 4.8635e+04
    9410.0 5.4279e+04
    9430.0 5.5923e+04
    9450.0 5.7956e+04
    9470.0 5.4997e+04
    9490.0 6.4392e+04
    9510.0 6.5700e+04
    9530.0 6.5107e+04
    9550.0 6.1377e+04
    9570.0 6.1422e+04
    9590.0 5.6433e+04
    9610.0 4.7589e+04
    9630.0 4.8064e+04
    9650.0 4.3191e+04
    9670.0 4.0332e+04
    9690.0 4.2222e+04
    9710.0 4.8725e+04
    9730.0 4.8525e+04
    9750.0 4.5034e+04
    9770.0 5.5591e+04
    9790.0 5.9055e+04
    9810.0 6.8671e+04
    9830.0 6.8764e+04
    9850.0 6.8572e+04
    9870.0 7.4658e+04
    9890.0 6.8766e+04
    9910.0 2.5190e+04
    9930.0 3.5341e+04
    9950.0 4.3666e+04
    9970.0 4.8039e+04
    9990.0 4.7582e+04
   10025.0 4.6177e+04
   10075.0 4.6606e+04
   10125.0 4.8217e+04
   10175.0 4.7825e+04
   10225.0 5.0433e+04
   10275.0 5.3521e+04
   10325.0 5.6794e+04
   10375.0 5.8766e+04
   10425.0 6.4118e+04
   10475.0 6.3606e+04
   10525.0 5.7579e+04
   10575.0 5.1986e+04
   10625.0 4.8056e+04
   10675.0 5.5878e+04
   10725.0 6.2541e+04
   10775.0 6.8789e+04
   10825.0 7.1829e+04
   10875.0 7.3989e+04
   10925.0 7.8839e+04
   10975.0 8.1398e+04
   11025.0 8.0247e+04
   11075.0 6.2307e+04
   11125.0 6.2097e+04
   11175.0 6.4807e+04
   11225.0 6.8181e+04
   11275.0 6.2956e+04
   11325.0 6.3420e+04
   11375.0 6.1047e+04
   11425.0 5.3817e+04
   11475.0 6.8048e+04
   11525.0 6.1807e+04
   11575.0 7.3572e+04
   11625.0 5.1227e+04
   11675.0 5.7167e+04
   11725.0 6.8666e+04
   11775.0 5.8164e+04
   11825.0 6.2201e+04
   11875.0 6.0624e+04
   11925.0 6.5665e+04
   11975.0 5.2792e+04
   12025.0 5.1765e+04
   12075.0 5.8533e+04
   12125.0 5.4724e+04
   12175.0 5.8959e+04
   12225.0 6.2739e+04
   12275.0 6.2404e+04
   12325.0 5.8938e+04
   12375.0 6.1031e+04
   12425.0 4.8983e+04
   12475.0 5.2867e+04
   12525.0 5.1452e+04
   12575.0 5.8362e+04
   12625.0 5.5990e+04
   12675.0 5.6698e+04
   12725.0 5.5683e+04
   12775.0 5.7357e+04
   12825.0 5.7953e+04
   12875.0 5.8083e+04
   12925.0 5.8309e+04
   12975.0 6.0304e+04
   13025.0 5.6272e+04
   13075.0 6.1854e+04
   13125.0 5.2661e+04
   13175.0 5.4273e+04
   13225.0 5.3561e+04
   13275.0 4.6919e+04
   13325.0 3.0095e+04
   13375.0 2.6921e+04
   13425.0 3.3181e+04
   13475.0 3.5861e+04
   13525.0 2.7664e+04
   13575.0 3.5868e+04
   13625.0 3.4682e+04
   13675.0 3.4890e+04
   13725.0 2.7819e+04
   13775.0 3.0493e+04
   13825.0 3.7005e+04
   13875.0 4.0719e+04
   13925.0 4.1701e+04
   13975.0 2.8748e+04
   14025.0 3.6133e+04
   14075.0 3.1277e+04
   14125.0 2.2497e+04
   14175.0 2.8826e+04
   14225.0 3.6185e+04
   14275.0 2.9153e+04
   14325.0 2.0839e+04
   14375.0 3.3368e+04
   14425.0 2.8216e+04
   14475.0 2.2664e+04
   14525.0 3.4257e+04
   14570.0 3.0176e+04
   14620.0 3.2562e+04
   14675.0 2.2073e+04
   14725.0 3.0850e+04
   14775.0 3.4278e+04
   14825.0 3.6371e+04
   14875.0 2.8561e+04
   14925.0 3.7425e+04
   14975.0 3.8347e+04
   15025.0 3.3545e+04
   15075.0 3.0468e+04
   15125.0 3.8580e+04
   15175.0 3.8561e+04
   15225.0 3.9860e+04
   15275.0 3.7374e+04
   15325.0 4.4907e+04
   15375.0 4.4195e+04
   15425.0 3.4176e+04
   15475.0 3.8718e+04
   15525.0 3.7190e+04
   15575.0 4.0674e+04
   15625.0 3.8852e+04
   15675.0 4.2953e+04
   15725.0 4.0629e+04
   15775.0 4.1861e+04
   15825.0 4.4221e+04
   15875.0 4.2844e+04
   15925.0 4.2277e+04
   15975.0 4.5025e+04
   16050.0 4.5676e+04
   16150.0 4.6068e+04
   16250.0 4.7683e+04
   16350.0 4.9255e+04
   16450.0 4.7018e+04
   16550.0 4.5313e+04
   16650.0 4.2980e+04
   16750.0 4.1481e+04
   16850.0 4.2143e+04
   16950.0 4.1317e+04
   17050.0 3.5818e+04
   17150.0 3.5499e+04
   17250.0 3.0837e+04
   17350.0 3.1288e+04
   17450.0 2.8311e+04
   17550.0 2.8130e+04
   17650.0 2.3851e+04
   17750.0 2.3476e+04
   17850.0 1.9209e+04
   17950.0 2.2372e+04
   18050.0 2.0258e+04
   18150.0 1.5700e+04
   18250.0 1.7502e+04
   18350.0 2.4701e+04
   18450.0 1.4137e+04
   18550.0 1.3954e+04
   18650.0 1.8352e+04
   18750.0 1.1826e+04
   18850.0 1.8288e+04
   18950.0 1.5912e+04
   19050.0 1.6505e+04
   19150.0 1.8511e+04
   19250.0 1.7853e+04
   19350.0 1.5940e+04
   19450.0 1.3811e+04
   19550.0 1.1807e+04
   19650.0 1.7423e+04
   19750.0 1.7686e+04
   19850.0 1.9189e+04
   19950.0 2.1684e+04
   20050.0 1.9485e+04
   20150.0 1.8004e+04
   20250.0 2.2029e+04
   20350.0 2.5494e+04
   20450.0 2.0104e+04
   20550.0 1.7273e+04
   20650.0 2.1350e+04
   20750.0 2.2816e+04
   20850.0 2.0785e+04
   20950.0 1.8707e+04
   21050.0 2.2525e+04
   21150.0 1.8310e+04
   21250.0 1.9596e+04
   21350.0 2.3885e+04
   21450.0 2.1862e+04
   21550.0 2.0239e+04
   21650.0 2.3020e+04
   21750.0 2.0518e+04
   21850.0 2.2957e+04
   21950.0 2.1218e+04
   22050.0 2.1031e+04
   22150.0 2.2416e+04
   22250.0 2.3215e+04
   22350.0 2.1519e+04
   22450.0 2.3619e+04
   22550.0 2.1205e+04
   22650.0 2.1811e+04
   22750.0 2.4444e+04
   22850.0 1.7924e+04
   22950.0 1.9548e+04
   23050.0 1.9356e+04
   23150.0 2.1474e+04
   23250.0 1.8932e+04
   23350.0 1.7773e+04
   23450.0 1.9862e+04
   23550.0 1.9655e+04
   23650.0 1.6519e+04
   23750.0 1.8154e+04
   23850.0 1.3644e+04
   23950.0 1.3181e+04
   24050.0 1.3018e+04
   24150.0 1.0620e+04
   24250.0 1.4727e+04
   24350.0 1.1571e+04
   24450.0 1.2148e+04
   24550.0 1.0360e+04
   24650.0 1.1133e+04
   24750.0 7.2256e+03
   24850.0 8.6279e+03
   24950.0 1.2481e+04
   25050.0 1.0048e+04
   25150.0 1.0076e+04
   25250.0 7.9034e+03
   25350.0 6.6898e+03
   25450.0 4.5656e+03
   25550.0 9.6385e+03
   25650.0 6.6454e+03
   25750.0 8.2270e+03
   25850.0 6.2971e+03
   25950.0 4.1973e+03
   26050.0 6.9624e+03
   26150.0 6.5603e+03
   26250.0 9.4185e+03
   26350.0 7.3678e+03
   26450.0 5.5827e+03
   26550.0 9.7563e+03
   26650.0 3.5896e+03
   26750.0 8.0943e+03
   26850.0 7.9942e+03
   26950.0 2.7936e+03
   27050.0 5.5771e+03
   27150.0 4.4120e+03
   27250.0 8.4670e+03
   27350.0 6.3740e+03
   27450.0 6.1303e+03
   27550.0 7.5805e+03
   27650.0 6.7070e+03
   27750.0 4.6499e+03
   27850.0 7.9329e+03
   27950.0 6.9844e+03
   28050.0 4.9625e+03
   28150.0 4.4097e+03
   28250.0 7.3207e+03
   28350.0 4.9207e+03
   28450.0 6.4847e+03
   28550.0 6.4541e+03
   28650.0 8.0892e+03
   28750.0 6.8521e+03
   28850.0 4.2358e+03
   28950.0 4.9692e+03
   29050.0 7.1575e+03
   29150.0 6.0670e+03
   29250.0 3.8516e+03
   29350.0 6.8128e+03
   29450.0 4.1866e+03
   29550.0 5.4026e+03
   29650.0 6.7439e+03
   29750.0 4.8180e+03
   29850.0 4.7791e+03
   29950.0 6.7726e+03
   30050.0 5.0370e+03
   30150.0 5.9377e+03
   30250.0 4.2342e+03
   30350.0 4.8468e+03
   30450.0 7.9707e+03
   30550.0 4.0281e+03
   30650.0 4.5903e+03
   30750.0 4.6607e+03
   30850.0 5.0954e+03
   30950.0 6.1905e+03
   31050.0 6.5748e+03
   31150.0 4.7494e+03
   31250.0 6.0305e+03
   31350.0 4.6841e+03
   31450.0 5.7528e+03
   31550.0 7.1126e+03
   31650.0 6.1304e+03
   31750.0 5.5696e+03
   31850.0 5.9023e+03
   31950.0 5.9242e+03
   32100.0 5.9748e+03
   32300.0 6.0654e+03
   32500.0 6.4236e+03
   32700.0 5.2103e+03
   32900.0 5.9448e+03
   33100.0 4.8104e+03
   33300.0 5.6255e+03
   33500.0 5.2893e+03
   33700.0 4.5087e+03
   33900.0 5.5930e+03
   34100.0 5.3729e+03
   34300.0 5.1769e+03
   34500.0 5.5039e+03
   34700.0 5.4955e+03
   34900.0 5.2919e+03
   35100.0 5.4157e+03
   35300.0 4.9590e+03
   35500.0 4.9185e+03
   35700.0 4.8560e+03
   35900.0 4.2214e+03
   36100.0 5.6369e+03
   36300.0 4.7496e+03
   36500.0 4.9830e+03
   36700.0 4.6902e+03
   36900.0 4.8227e+03
   37100.0 4.9678e+03
   37300.0 4.9086e+03
   37500.0 4.7830e+03
   37700.0 3.5006e+03
   37900.0 3.0079e+03
   38100.0 4.4155e+03
   38300.0 4.0449e+03
   38500.0 3.9165e+03
   38700.0 3.6127e+03
   38900.0 3.9449e+03
   39100.0 3.3321e+03
   39300.0 3.8153e+03
   39500.0 2.8199e+03
   39700.0 3.3774e+03
   39900.0 3.0401e+03
   40100.0 3.9823e+03
   40300.0 3.9303e+03
   40500.0 3.1122e+03
   40700.0 3.4155e+03
   40900.0 3.0646e+03
   41100.0 3.3820e+03
   41300.0 2.9303e+03
   41500.0 2.5630e+03
   41700.0 2.1716e+03
   41900.0 3.2363e+03
   42100.0 2.4851e+03
   42300.0 2.3738e+03
   42500.0 2.1763e+03
   42700.0 2.4335e+03
   42900.0 2.3092e+03
   43100.0 2.2988e+03
   43300.0 2.2277e+03
   43500.0 1.7725e+03
   43700.0 1.7143e+03
   43900.0 2.0801e+03
   44100.0 1.6075e+03
   44300.0 1.3052e+03
   44500.0 1.2711e+03
   44700.0 1.7327e+03
   44900.0 1.3003e+03
   45100.0 1.1131e+03
   45300.0 1.2073e+03
   45500.0 1.5217e+03
   45700.0 1.8138e+03
   45900.0 1.2807e+03
   46100.0 1.3847e+03
   46300.0 1.4964e+03
   46500.0 1.0776e+03
   46700.0 1.6743e+03
   46900.0 1.5434e+03
   47100.0 1.2849e+03
   47300.0 1.3073e+03
   47500.0 1.0523e+03
   47700.0 1.5168e+03
   47900.0 1.3908e+03
   48100.0 1.5072e+03
   48300.0 1.2902e+03
   48500.0 1.2811e+03
   48700.0 1.2711e+03
   48900.0 1.1158e+03
   49100.0 1.2565e+03
   49300.0 1.2942e+03
   49500.0 1.1927e+03
   49700.0 1.2821e+03
   49900.0 8.3123e+02
   50100.0 1.0057e+03
   50300.0 1.0257e+03
   50500.0 1.0453e+03
   50700.0 1.0641e+03
   50900.0 1.0831e+03
   51100.0 1.1013e+03
   51300.0 1.1191e+03
   51500.0 1.1371e+03
   51700.0 1.1544e+03
   51900.0 1.1717e+03
   52100.0 1.1447e+03
   52300.0 1.0737e+03
   52500.0 1.0046e+03
   52700.0 9.3609e+02
   52900.0 8.6861e+02
   53100.0 8.0253e+02
   53300.0 7.3701e+02
   53500.0 6.7285e+02
   53700.0 6.0963e+02
   53900.0 5.4691e+02
   54100.0 5.2362e+02
   54300.0 5.3767e+02
   54500.0 5.5109e+02
   54700.0 5.6430e+02
   54900.0 5.7770e+02
   55100.0 5.9089e+02
   55300.0 5.8388e+02
   55500.0 5.7657e+02
   55700.0 5.6896e+02
   55900.0 5.6221e+02
   56100.0 5.5516e+02
   56300.0 5.4857e+02
   56500.0 5.4206e+02
   56700.0 5.3526e+02
   56900.0 5.2854e+02
   57100.0 5.2227e+02
   57300.0 5.1608e+02
   57500.0 5.0995e+02
   57700.0 5.0354e+02
   57900.0 4.9757e+02
   58100.0 4.9201e+02
   58300.0 4.8618e+02
   58500.0 4.8040e+02
   58700.0 4.7470e+02
   58900.0 4.6906e+02
   59100.0 4.6349e+02
   59300.0 4.5798e+02
   59500.0 4.5254e+02
   59700.0 4.4715e+02
   59900.0 4.4217e+02
   60100.0 4.3691e+02
   60300.0 4.3203e+02
   60500.0 4.2689e+02
   60700.0 4.2213e+02
   60900.0 4.1742e+02
   61100.0 4.1244e+02
   61300.0 4.0784e+02
   61500.0 4.0329e+02
   61700.0 3.9847e+02
   61900.0 3.9403e+02
   62100.0 3.8963e+02
   62300.0 3.8497e+02
   62500.0 3.8066e+02
   62700.0 3.7641e+02
   62900.0 3.7250e+02
   63100.0 3.6834e+02
   63300.0 3.6422e+02
   63500.0 3.6015e+02
   63700.0 3.5611e+02
   63900.0 3.5213e+02
   64200.0 3.4652e+02
   64600.0 3.3908e+02
   65000.0 3.3179e+02
   65400.0 3.2466e+02
   65800.0 3.1768e+02
   66200.0 3.1084e+02
   66600.0 3.0415e+02
   67000.0 2.9786e+02
   67400.0 2.9169e+02
   67800.0 2.8565e+02
   68200.0 2.7973e+02
   68600.0 2.7393e+02
   69000.0 2.6825e+02
   69400.0 2.6267e+02
   69800.0 2.5746e+02
   70200.0 2.5210e+02
   70600.0 2.4708e+02
   71000.0 2.4217e+02
   71400.0 2.3734e+02
   71800.0 2.3261e+02
   72200.0 2.2806e+02
   72600.0 2.2351e+02
   73000.0 2.1929e+02
   73400.0 2.1492e+02
   73800.0 2.1075e+02
   74200.0 2.0668e+02
   74600.0 2.0270e+02
   75000.0 1.9886e+02
   75400.0 1.9507e+02
   75800.0 1.9137e+02
   76200.0 1.8777e+02
   76600.0 1.8426e+02
   77000.0 1.8082e+02
   77400.0 1.7745e+02
   77800.0 1.7418e+02
   78200.0 1.7096e+02
   78600.0 1.6784e+02
   79000.0 1.6478e+02
   79400.0 1.6176e+02
   79800.0 1.5884e+02
   80200.0 1.5599e+02
   80600.0 1.5317e+02
   81000.0 1.5044e+02
   81400.0 1.4779e+02
   81800.0 1.4516e+02
   82200.0 1.4260e+02
   82600.0 1.4012e+02
   83000.0 1.3765e+02
   83400.0 1.3527e+02
   83800.0 1.3292e+02
   84200.0 1.3065e+02
   84600.0 1.2838e+02
   85000.0 1.2619e+02
   85400.0 1.2404e+02
   85800.0 1.2194e+02
   86200.0 1.1988e+02
   86600.0 1.1786e+02
   87000.0 1.1589e+02
   87400.0 1.1397e+02
   87800.0 1.1208e+02
   88200.0 1.1022e+02
   88600.0 1.0840e+02
   89000.0 1.0661e+02
   89400.0 1.0488e+02
   89800.0 1.0316e+02
   90200.0 1.0149e+02
   90600.0 9.9853e+01
   91000.0 9.8253e+01
   91400.0 9.6678e+01
   91800.0 9.5125e+01
   92200.0 9.3625e+01
   92600.0 9.2146e+01
   93000.0 9.0690e+01
   93400.0 8.9255e+01
   93800.0 8.7868e+01
   94200.0 8.6489e+01
   94600.0 8.5142e+01
   95000.0 8.3829e+01
   95400.0 8.2535e+01
   95800.0 8.1272e+01
   96200.0 8.0027e+01
   96600.0 7.8813e+01
   97000.0 7.7604e+01
   97400.0 7.6437e+01
   97800.0 7.5274e+01
   98200.0 7.4152e+01
   98600.0 7.3046e+01
   99000.0 7.1955e+01
   99400.0 7.0892e+01
   99800.0 6.9843e+01
  100200.0 6.8809e+01
  200000.0 4.9885e+00
  400000.0 3.3382e-01
  600000.0 6.7453e-02
  800000.0 2.1585e-02
 1000000.0 8.8990e-03
 1200000.0 4.3103e-03
 1400000.0 2.3341e-03
 1600000.0 1.3716e-03
