      91.0 0.0000e+00
      94.0 0.0000e+00
      96.0 0.0000e+00
      98.0 0.0000e+00
     100.0 0.0000e+00
     102.0 0.0000e+00
     104.0 0.0000e+00
     106.0 0.0000e+00
     108.0 0.0000e+00
     110.0 0.0000e+00
     114.0 0.0000e+00
     118.0 0.0000e+00
     121.0 0.0000e+00
     125.0 0.0000e+00
     127.0 0.0000e+00
     128.0 0.0000e+00
     131.0 0.0000e+00
     132.0 0.0000e+00
     134.0 0.0000e+00
     137.0 0.0000e+00
     140.0 0.0000e+00
     143.0 0.0000e+00
     147.0 0.0000e+00
     151.0 0.0000e+00
     155.0 0.0000e+00
     159.0 0.0000e+00
     162.0 0.0000e+00
     166.0 0.0000e+00
     170.0 0.0000e+00
     173.0 0.0000e+00
     177.0 0.0000e+00
     180.0 0.0000e+00
     182.0 0.0000e+00
     186.0 0.0000e+00
     191.0 0.0000e+00
     194.0 0.0000e+00
     198.0 0.0000e+00
     202.0 0.0000e+00
     205.0 0.0000e+00
     210.0 0.0000e+00
     216.0 0.0000e+00
     220.0 0.0000e+00
     223.0 0.0000e+00
     227.0 0.0000e+00
     230.0 0.0000e+00
     234.0 0.0000e+00
     240.0 0.0000e+00
     246.0 0.0000e+00
     252.0 0.0000e+00
     257.0 0.0000e+00
     260.0 0.0000e+00
     264.0 0.0000e+00
     269.0 0.0000e+00
     274.0 0.0000e+00
     279.0 0.0000e+00
     284.0 0.0000e+00
     290.0 0.0000e+00
     296.0 0.0000e+00
     301.0 0.0000e+00
     308.0 0.0000e+00
     318.0 0.0000e+00
     328.0 0.0000e+00
     338.0 0.0000e+00
     348.0 0.0000e+00
     357.0 0.0000e+00
     366.0 0.0000e+00
     375.0 0.0000e+00
     385.0 0.0000e+00
     395.0 0.0000e+00
     405.0 0.0000e+00
     414.0 0.0000e+00
     422.0 0.0000e+00
     430.0 0.0000e+00
     441.0 0.0000e+00
     451.0 0.0000e+00
     460.0 0.0000e+00
     470.0 0.0000e+00
     480.0 0.0000e+00
     490.0 0.0000e+00
     500.0 0.0000e+00
     506.0 0.0000e+00
     512.0 0.0000e+00
     520.0 0.0000e+00
     530.0 0.0000e+00
     540.0 0.0000e+00
     550.0 0.0000e+00
     560.0 0.0000e+00
     570.0 0.0000e+00
     580.0 0.0000e+00
     590.0 0.0000e+00
     600.0 0.0000e+00
     610.0 0.0000e+00
     620.0 0.0000e+00
     630.0 0.0000e+00
     640.0 0.0000e+00
     650.0 0.0000e+00
     658.0 0.0000e+00
     665.0 0.0000e+00
     675.0 0.0000e+00
     685.0 0.0000e+00
     695.0 0.0000e+00
     705.0 0.0000e+00
     716.0 0.0000e+00
     726.0 0.0000e+00
     735.0 0.0000e+00
     745.0 0.0000e+00
     755.0 0.0000e+00
     765.0 0.0000e+00
     775.0 0.0000e+00
     785.0 0.0000e+00
     795.0 0.0000e+00
     805.0 0.0000e+00
     815.0 0.0000e+00
     825.0 0.0000e+00
     835.0 0.0000e+00
     845.0 0.0000e+00
     855.0 0.0000e+00
     865.0 0.0000e+00
     875.0 0.0000e+00
     885.0 0.0000e+00
     895.0 0.0000e+00
     905.0 0.0000e+00
     915.0 0.0000e+00
     925.0 0.0000e+00
     935.0 0.0000e+00
     945.0 0.0000e+00
     955.0 0.0000e+00
     965.0 0.0000e+00
     975.0 0.0000e+00
     985.0 0.0000e+00
     995.0 0.0000e+00
    1005.0 0.0000e+00
    1015.0 0.0000e+00
    1025.0 0.0000e+00
    1035.0 0.0000e+00
    1045.0 0.0000e+00
    1055.0 0.0000e+00
    1065.0 0.0000e+00
    1075.0 0.0000e+00
    1085.0 0.0000e+00
    1095.0 0.0000e+00
    1105.0 0.0000e+00
    1115.0 0.0000e+00
    1125.0 0.0000e+00
    1135.0 0.0000e+00
    1145.0 0.0000e+00
    1155.0 0.0000e+00
    1165.0 0.0000e+00
    1175.0 0.0000e+00
    1185.0 0.0000e+00
    1195.0 0.0000e+00
    1205.0 0.0000e+00
    1215.0 0.0000e+00
    1225.0 0.0000e+00
    1235.0 0.0000e+00
    1245.0 0.0000e+00
    1255.0 0.0000e+00
    1265.0 0.0000e+00
    1275.0 0.0000e+00
    1285.0 0.0000e+00
    1295.0 0.0000e+00
    1305.0 0.0000e+00
    1315.0 0.0000e+00
    1325.0 0.0000e+00
    1335.0 0.0000e+00
    1345.0 0.0000e+00
    1355.0 0.0000e+00
    1365.0 0.0000e+00
    1375.0 0.0000e+00
    1385.0 0.0000e+00
    1395.0 0.0000e+00
    1405.0 0.0000e+00
    1415.0 0.0000e+00
    1425.0 0.0000e+00
    1435.0 3.1441e-24
    1442.0 3.0934e-24
    1447.0 6.0365e-24
    1455.0 7.6526e-24
    1465.0 2.1472e-23
    1475.0 2.9268e-23
    1485.0 2.5531e-23
    1495.0 6.4116e-23
    1505.0 7.2161e-23
    1512.0 5.4027e-23
    1517.0 6.1488e-24
    1525.0 0.0000e+00
    1535.0 0.0000e+00
    1545.0 0.0000e+00
    1555.0 0.0000e+00
    1565.0 1.6808e-23
    1575.0 5.0420e-23
    1585.0 8.2483e-22
    1595.0 2.3139e-22
    1605.0 9.2125e-23
    1615.0 3.8446e-23
    1625.0 3.2733e-23
    1635.0 4.7550e-21
    1645.0 3.9861e-23
    1655.0 6.7773e-24
    1665.0 1.9163e-24
    1672.0 1.3207e-21
    1677.0 5.6370e-20
    1685.0 4.4981e-22
    1695.0 6.5906e-22
    1705.0 2.7279e-18
    1715.0 7.0004e-19
    1725.0 7.3950e-17
    1735.0 8.5927e-22
    1745.0 3.2308e-19
    1755.0 5.8167e-20
    1765.0 1.7561e-16
    1775.0 9.1576e-18
    1785.0 6.8422e-16
    1795.0 1.3503e-16
    1805.0 6.8129e-16
    1815.0 7.0511e-20
    1825.0 2.6031e-15
    1835.0 6.6240e-17
    1845.0 6.3269e-17
    1855.0 7.1336e-17
    1865.0 7.4262e-18
    1875.0 6.4604e-18
    1885.0 1.6999e-17
    1895.0 4.5582e-15
    1905.0 6.3841e-15
    1915.0 1.5503e-11
    1925.0 7.5918e-11
    1935.0 2.5212e-13
    1945.0 1.0464e-12
    1955.0 1.2782e-13
    1967.0 9.8250e-13
    1976.0 4.9784e-12
    1984.0 3.5796e-11
    1995.0 7.6951e-12
    2005.0 4.6117e-12
    2015.0 2.4059e-11
    2025.0 9.0860e-13
    2035.0 2.0829e-11
    2045.0 1.7640e-12
    2055.0 1.3622e-10
    2065.0 4.1311e-12
    2074.0 9.6319e-13
    2078.0 3.3964e-13
    2085.0 2.3378e-12
    2095.0 2.0623e-12
    2105.0 8.4464e-13
    2115.0 7.7313e-13
    2125.0 1.4672e-13
    2135.0 4.9906e-12
    2145.0 1.4186e-12
    2155.0 2.0549e-12
    2165.0 3.8580e-13
    2175.0 1.9260e-10
    2185.0 3.8706e-12
    2195.0 7.0287e-11
    2205.0 2.5601e-12
    2215.0 8.7624e-13
    2225.0 1.0205e-10
    2235.0 4.8757e-11
    2245.0 6.7477e-13
    2255.0 6.6573e-13
    2265.0 8.1063e-12
    2275.0 4.8378e-12
    2285.0 2.7469e-10
    2295.0 8.8179e-10
    2305.0 2.7446e-12
    2315.0 2.7657e-10
    2325.0 3.8489e-09
    2335.0 1.6348e-08
    2345.0 8.5963e-08
    2355.0 2.6703e-10
    2365.0 4.4680e-10
    2375.0 1.0662e-10
    2385.0 4.0540e-11
    2395.0 2.7763e-08
    2405.0 9.4063e-07
    2415.0 2.2021e-07
    2425.0 1.0473e-08
    2435.0 4.8742e-07
    2445.0 7.4080e-07
    2455.0 6.6116e-07
    2465.0 3.1518e-08
    2475.0 1.5769e-08
    2485.0 3.0566e-10
    2495.0 1.6212e-09
    2505.0 2.5168e-08
    2513.0 8.2088e-09
    2518.0 2.3018e-08
    2525.0 1.6185e-09
    2535.0 2.2915e-07
    2545.0 1.6089e-07
    2555.0 5.4980e-06
    2565.0 1.4853e-06
    2575.0 8.7153e-06
    2585.0 1.2034e-06
    2595.0 4.7849e-05
    2605.0 2.4280e-04
    2615.0 6.0412e-05
    2625.0 1.4284e-04
    2635.0 6.2556e-04
    2645.0 1.7501e-04
    2655.0 8.8666e-05
    2665.0 9.2003e-05
    2675.0 2.2791e-04
    2685.0 2.1923e-04
    2695.0 7.0187e-05
    2705.0 1.3286e-04
    2715.0 9.6276e-06
    2725.0 7.2073e-06
    2735.0 1.4548e-05
    2745.0 5.4619e-06
    2755.0 1.0925e-05
    2765.0 2.1693e-04
    2775.0 1.6429e-04
    2785.0 8.6998e-05
    2795.0 2.7692e-05
    2805.0 1.2185e-05
    2815.0 4.4703e-05
    2825.0 1.3483e-05
    2835.0 4.3671e-06
    2845.0 4.1232e-07
    2855.0 4.4092e-08
    2865.0 1.5749e-06
    2875.0 1.4208e-05
    2885.0 6.7643e-05
    2895.0 2.0446e-04
    2910.0 4.0699e-04
    2930.0 4.1821e-04
    2950.0 7.8282e-05
    2970.0 7.8169e-05
    2990.0 6.9119e-05
    3010.0 1.1082e-04
    3030.0 2.4425e-04
    3050.0 2.8012e-04
    3070.0 1.6719e-02
    3090.0 1.3438e-02
    3110.0 1.6341e-01
    3130.0 3.4040e-01
    3150.0 1.6122e+00
    3170.0 6.2149e+00
    3190.0 1.3245e-01
    3210.0 2.3625e+00
    3230.0 2.2620e-01
    3250.0 5.6107e+00
    3270.0 7.0877e+00
    3290.0 9.9996e+00
    3310.0 2.3270e+00
    3330.0 2.5813e+01
    3350.0 2.2108e+01
    3370.0 2.7084e-01
    3390.0 2.8560e-01
    3410.0 3.1536e-01
    3430.0 5.5918e-02
    3450.0 2.1560e-02
    3470.0 1.5755e-02
    3490.0 4.0740e-02
    3510.0 1.2595e-01
    3530.0 7.3937e-01
    3550.0 1.7718e+00
    3570.0 8.9301e-02
    3590.0 2.0070e-02
    3610.0 1.1603e-01
    3630.0 8.5818e-01
    3640.0 4.0936e+00
    3650.0 3.0253e+00
    3670.0 2.2917e+00
    3690.0 5.6576e-01
    3710.0 6.9150e-02
    3730.0 1.2937e-02
    3750.0 8.4950e-02
    3770.0 1.5617e+00
    3790.0 2.8201e+00
    3810.0 1.8058e+00
    3830.0 3.8831e-01
    3850.0 3.8364e-01
    3870.0 1.4140e-01
    3890.0 7.7083e-02
    3910.0 6.0327e-01
    3930.0 4.0009e-01
    3950.0 1.6532e+00
    3970.0 4.9767e+00
    3990.0 2.5015e+01
    4010.0 3.4021e+01
    4030.0 2.2683e+00
    4050.0 8.5684e+00
    4070.0 1.2292e+01
    4090.0 1.2108e+01
    4110.0 6.1208e+00
    4130.0 4.2745e+00
    4150.0 2.4314e+00
    4170.0 1.0324e+00
    4190.0 3.4849e-01
    4210.0 5.4532e-02
    4230.0 4.7778e-03
    4250.0 4.3339e-02
    4270.0 1.6469e-01
    4290.0 3.4749e-01
    4310.0 1.9612e+00
    4330.0 3.2025e+00
    4350.0 4.6693e+00
    4370.0 5.7029e+00
    4390.0 7.9708e+00
    4410.0 9.6066e+00
    4430.0 1.8386e+01
    4450.0 8.4476e+01
    4470.0 3.9022e+01
    4490.0 3.6284e+01
    4510.0 8.8670e+01
    4530.0 5.1395e+01
    4550.0 8.3005e+01
    4570.0 7.8433e+01
    4590.0 1.8635e+01
    4610.0 1.7989e+01
    4630.0 2.4211e+01
    4650.0 1.0803e+01
    4670.0 2.0361e+01
    4690.0 2.5601e+01
    4710.0 6.4596e+01
    4730.0 5.1788e+01
    4750.0 9.4233e+01
    4770.0 2.6863e+00
    4790.0 4.7984e+00
    4810.0 1.1615e+01
    4830.0 1.0579e+01
    4850.0 2.1106e+01
    4870.0 1.7550e+01
    4890.0 7.0760e+01
    4910.0 1.0132e+02
    4930.0 2.3416e+02
    4950.0 1.9023e+02
    4970.0 1.0680e+00
    4990.0 2.5337e+00
    5010.0 2.7299e+00
    5030.0 2.3461e+01
    5050.0 3.0987e+01
    5070.0 4.7818e+01
    5090.0 5.0266e+01
    5110.0 6.7416e+01
    5130.0 2.3034e+02
    5150.0 5.1181e+01
    5170.0 1.1108e+02
    5190.0 1.8818e+00
    5210.0 9.1316e+00
    5230.0 3.5866e+01
    5250.0 6.8002e+01
    5270.0 5.3799e+01
    5290.0 1.1574e+02
    5310.0 1.8500e+02
    5330.0 1.2891e+02
    5350.0 2.8565e+02
    5370.0 2.2784e+02
    5390.0 3.4540e+02
    5410.0 2.8176e+02
    5430.0 3.3504e+02
    5450.0 2.0538e+02
    5470.0 2.4051e+01
    5490.0 7.7464e+01
    5510.0 4.2816e+01
    5530.0 6.9525e+01
    5550.0 2.1599e+02
    5570.0 1.8352e+02
    5590.0 2.4868e+02
    5610.0 8.1235e+01
    5630.0 9.4468e+01
    5650.0 1.7569e+02
    5670.0 1.8076e+02
    5690.0 2.1320e+02
    5710.0 3.2024e+02
    5730.0 2.8861e+02
    5750.0 2.3496e+02
    5770.0 1.2837e+02
    5790.0 1.9624e+02
    5810.0 1.7386e+02
    5830.0 1.0980e+02
    5850.0 4.2224e+01
    5870.0 1.7857e+01
    5890.0 1.7304e+00
    5910.0 9.4243e+00
    5930.0 2.8192e+01
    5950.0 4.0478e+01
    5970.0 6.1135e+01
    5990.0 1.1678e+02
    6010.0 1.6314e+02
    6030.0 2.4464e+02
    6050.0 4.2263e+02
    6070.0 6.0406e+02
    6090.0 6.7738e+02
    6110.0 8.7756e+02
    6130.0 1.1591e+03
    6150.0 9.1533e+02
    6170.0 4.4383e+01
    6190.0 2.0274e+01
    6210.0 3.1593e+01
    6230.0 2.5032e+01
    6250.0 3.2080e+01
    6270.0 8.6416e+01
    6290.0 9.4354e+01
    6310.0 1.8393e+02
    6330.0 2.9422e+02
    6350.0 5.1539e+02
    6370.0 2.2330e+02
    6390.0 2.6802e+02
    6410.0 8.2273e+02
    6430.0 1.0694e+03
    6450.0 1.0740e+03
    6470.0 2.2490e+03
    6490.0 1.3908e+03
    6510.0 2.9682e+03
    6530.0 3.2397e+03
    6550.0 1.9915e+03
    6570.0 6.7008e+02
    6590.0 9.3221e+02
    6610.0 5.9283e+02
    6630.0 4.2421e+02
    6650.0 3.4221e+02
    6670.0 2.5946e+02
    6690.0 1.2609e+02
    6710.0 2.5361e+02
    6730.0 1.0466e+02
    6750.0 1.5878e+02
    6770.0 2.7865e+02
    6790.0 1.5973e+02
    6810.0 2.7952e+02
    6830.0 3.2004e+02
    6850.0 2.9671e+02
    6870.0 3.6105e+02
    6890.0 2.9631e+02
    6910.0 3.4005e+02
    6930.0 2.4096e+02
    6950.0 3.7959e+02
    6970.0 4.9812e+02
    6990.0 6.1578e+02
    7010.0 9.1658e+02
    7030.0 5.6342e+03
    7050.0 8.6568e+03
    7070.0 2.0517e+02
    7090.0 4.0626e+02
    7110.0 2.1086e+02
    7130.0 1.6779e+02
    7150.0 1.4623e+02
    7170.0 1.5927e+02
    7190.0 3.6651e+02
    7210.0 2.7843e+02
    7230.0 5.8613e+02
    7250.0 9.7257e+02
    7270.0 1.8153e+03
    7290.0 2.5047e+03
    7310.0 4.3693e+03
    7330.0 6.2069e+03
    7350.0 2.1856e+03
    7370.0 3.8260e+03
    7390.0 2.1433e+03
    7410.0 1.5866e+03
    7430.0 1.7528e+03
    7450.0 1.2300e+03
    7470.0 1.4252e+03
    7490.0 1.7772e+03
    7510.0 1.8236e+03
    7530.0 2.4681e+03
    7550.0 3.0462e+03
    7570.0 4.1706e+03
    7590.0 2.5937e+03
    7610.0 1.7460e+03
    7630.0 1.3733e+03
    7650.0 8.7352e+02
    7670.0 1.9840e+02
    7690.0 3.9360e+02
    7710.0 5.0271e+02
    7730.0 1.6013e+03
    7750.0 1.9041e+03
    7770.0 1.0579e+03
    7790.0 1.9518e+03
    7810.0 2.0132e+03
    7830.0 2.4039e+03
    7850.0 2.4909e+03
    7870.0 1.3065e+03
    7890.0 2.3251e+03
    7910.0 1.6914e+03
    7930.0 1.9027e+03
    7950.0 1.5720e+03
    7970.0 2.3032e+03
    7990.0 1.5671e+03
    8010.0 2.4279e+03
    8030.0 3.9575e+03
    8050.0 4.7909e+03
    8070.0 7.2770e+03
    8090.0 1.1219e+04
    8110.0 1.5142e+04
    8130.0 2.1517e+04
    8150.0 2.9716e+04
    8170.0 3.3811e+04
    8190.0 1.7322e+04
    8210.0 2.2238e+04
    8230.0 3.1956e+04
    8250.0 3.5132e+04
    8270.0 3.3910e+04
    8290.0 2.5894e+04
    8310.0 1.8945e+04
    8330.0 1.4658e+04
    8350.0 5.0927e+03
    8370.0 4.0448e+03
    8390.0 3.8671e+03
    8410.0 2.9315e+03
    8430.0 3.1217e+03
    8450.0 3.1926e+03
    8470.0 2.8282e+03
    8490.0 3.5436e+03
    8510.0 5.6994e+03
    8530.0 5.2904e+03
    8550.0 5.8414e+03
    8570.0 8.9736e+03
    8590.0 6.5607e+03
    8610.0 6.1971e+03
    8630.0 8.0893e+03
    8650.0 6.3034e+03
    8670.0 5.2453e+03
    8690.0 5.0021e+03
    8710.0 5.5466e+03
    8730.0 6.7013e+03
    8750.0 6.8681e+03
    8770.0 7.7878e+03
    8790.0 1.0236e+04
    8810.0 1.3035e+04
    8830.0 1.3190e+04
    8850.0 1.8388e+04
    8870.0 1.3545e+04
    8890.0 1.5841e+04
    8910.0 1.8881e+04
    8930.0 2.2090e+04
    8950.0 2.1962e+04
    8970.0 2.5709e+04
    8990.0 2.1114e+04
    9010.0 2.5466e+04
    9030.0 2.2471e+04
    9050.0 2.5388e+04
    9070.0 1.5860e+04
    9090.0 2.1421e+04
    9110.0 1.6934e+04
    9130.0 1.6918e+04
    9150.0 1.8935e+04
    9170.0 1.4574e+04
    9190.0 1.3963e+04
    9210.0 1.5777e+04
    9230.0 1.2851e+04
    9250.0 1.1068e+04
    9270.0 1.0643e+04
    9290.0 1.3472e+04
    9310.0 1.5274e+04
    9330.0 1.3088e+04
    9350.0 1.9272e+04
    9370.0 2.2468e+04
    9390.0 2.1679e+04
    9410.0 2.5406e+04
    9430.0 2.7429e+04
    9450.0 2.8347e+04
    9470.0 2.7077e+04
    9490.0 3.3688e+04
    9510.0 3.3944e+04
    9530.0 3.3511e+04
    9550.0 2.8138e+04
    9570.0 2.7654e+04
    9590.0 2.1632e+04
    9610.0 1.5919e+04
    9630.0 1.5401e+04
    9650.0 1.3714e+04
    9670.0 1.2692e+04
    9690.0 1.2584e+04
    9710.0 1.6700e+04
    9730.0 1.6935e+04
    9750.0 1.5617e+04
    9770.0 2.2312e+04
    9790.0 2.7238e+04
    9810.0 3.3532e+04
    9830.0 3.4599e+04
    9850.0 3.4261e+04
    9870.0 4.0560e+04
    9890.0 3.5468e+04
    9910.0 7.6401e+03
    9930.0 1.1772e+04
    9950.0 1.6497e+04
    9970.0 1.9351e+04
    9990.0 1.8648e+04
   10025.0 1.7635e+04
   10075.0 1.7721e+04
   10125.0 1.9090e+04
   10175.0 1.9065e+04
   10225.0 2.1104e+04
   10275.0 2.3432e+04
   10325.0 2.6356e+04
   10375.0 2.8453e+04
   10425.0 3.2506e+04
   10475.0 3.0994e+04
   10525.0 2.3253e+04
   10575.0 1.8272e+04
   10625.0 1.5572e+04
   10675.0 2.1625e+04
   10725.0 2.8555e+04
   10775.0 3.5748e+04
   10825.0 4.1016e+04
   10875.0 4.3002e+04
   10925.0 4.9160e+04
   10975.0 5.2994e+04
   11025.0 5.2317e+04
   11075.0 3.2341e+04
   11125.0 3.4386e+04
   11175.0 3.5280e+04
   11225.0 3.9211e+04
   11275.0 3.6138e+04
   11325.0 3.4987e+04
   11375.0 3.3679e+04
   11425.0 2.7873e+04
   11475.0 3.9770e+04
   11525.0 3.3341e+04
   11575.0 4.6390e+04
   11625.0 2.5848e+04
   11675.0 2.9393e+04
   11725.0 3.9619e+04
   11775.0 2.9562e+04
   11825.0 3.3532e+04
   11875.0 3.3990e+04
   11925.0 3.6682e+04
   11975.0 2.6141e+04
   12025.0 2.4755e+04
   12075.0 3.0529e+04
   12125.0 2.7505e+04
   12175.0 3.0790e+04
   12225.0 3.4535e+04
   12275.0 3.4580e+04
   12325.0 3.1577e+04
   12375.0 3.3311e+04
   12425.0 2.4002e+04
   12475.0 2.6784e+04
   12525.0 2.5814e+04
   12575.0 3.2002e+04
   12625.0 2.9928e+04
   12675.0 3.1469e+04
   12725.0 3.0341e+04
   12775.0 3.1912e+04
   12825.0 3.2925e+04
   12875.0 3.2648e+04
   12925.0 3.3551e+04
   12975.0 3.5537e+04
   13025.0 3.1603e+04
   13075.0 3.7556e+04
   13125.0 2.9703e+04
   13175.0 3.0508e+04
   13225.0 3.1155e+04
   13275.0 2.4606e+04
   13325.0 1.2292e+04
   13375.0 1.1697e+04
   13425.0 1.5589e+04
   13475.0 1.6451e+04
   13525.0 1.2003e+04
   13575.0 1.5188e+04
   13625.0 1.6336e+04
   13675.0 1.5871e+04
   13725.0 1.1045e+04
   13775.0 1.2184e+04
   13825.0 1.8308e+04
   13875.0 2.0437e+04
   13925.0 2.3043e+04
   13975.0 1.2256e+04
   14025.0 1.7168e+04
   14075.0 1.3275e+04
   14125.0 8.3545e+03
   14175.0 1.3709e+04
   14225.0 1.7115e+04
   14275.0 1.2999e+04
   14325.0 9.0111e+03
   14375.0 1.3527e+04
   14425.0 1.1849e+04
   14475.0 8.6364e+03
   14525.0 1.6381e+04
   14570.0 1.4049e+04
   14620.0 1.5389e+04
   14675.0 8.9984e+03
   14725.0 1.4590e+04
   14775.0 1.8402e+04
   14825.0 1.8557e+04
   14875.0 1.2676e+04
   14925.0 1.9439e+04
   14975.0 2.0818e+04
   15025.0 1.7795e+04
   15075.0 1.4216e+04
   15125.0 2.0900e+04
   15175.0 2.1064e+04
   15225.0 2.2530e+04
   15275.0 2.1262e+04
   15325.0 2.7200e+04
   15375.0 2.6500e+04
   15425.0 1.8038e+04
   15475.0 2.2318e+04
   15525.0 2.1299e+04
   15575.0 2.3877e+04
   15625.0 2.2270e+04
   15675.0 2.6345e+04
   15725.0 2.4771e+04
   15775.0 2.6118e+04
   15825.0 2.7725e+04
   15875.0 2.6456e+04
   15925.0 2.6399e+04
   15975.0 2.9176e+04
   16050.0 2.9611e+04
   16150.0 3.0188e+04
   16250.0 3.2202e+04
   16350.0 3.3509e+04
   16450.0 3.1663e+04
   16550.0 3.0669e+04
   16650.0 2.8865e+04
   16750.0 2.6889e+04
   16850.0 2.8235e+04
   16950.0 2.7276e+04
   17050.0 2.3241e+04
   17150.0 2.2763e+04
   17250.0 1.8860e+04
   17350.0 1.9460e+04
   17450.0 1.7761e+04
   17550.0 1.8015e+04
   17650.0 1.3665e+04
   17750.0 1.4395e+04
   17850.0 1.0911e+04
   17950.0 1.3998e+04
   18050.0 1.2452e+04
   18150.0 8.3470e+03
   18250.0 9.3107e+03
   18350.0 1.6143e+04
   18450.0 7.0949e+03
   18550.0 7.6912e+03
   18650.0 1.0274e+04
   18750.0 6.0818e+03
   18850.0 1.1434e+04
   18950.0 9.2500e+03
   19050.0 9.4406e+03
   19150.0 1.1196e+04
   19250.0 1.0831e+04
   19350.0 9.2655e+03
   19450.0 7.3161e+03
   19550.0 6.4288e+03
   19650.0 1.1472e+04
   19750.0 1.1021e+04
   19850.0 1.1465e+04
   19950.0 1.4968e+04
   20050.0 1.2320e+04
   20150.0 1.1530e+04
   20250.0 1.4753e+04
   20350.0 1.8486e+04
   20450.0 1.3784e+04
   20550.0 1.1628e+04
   20650.0 1.4789e+04
   20750.0 1.6814e+04
   20850.0 1.5133e+04
   20950.0 1.3134e+04
   21050.0 1.6879e+04
   21150.0 1.3476e+04
   21250.0 1.4638e+04
   21350.0 1.8818e+04
   21450.0 1.6514e+04
   21550.0 1.5369e+04
   21650.0 1.7904e+04
   21750.0 1.5321e+04
   21850.0 1.8248e+04
   21950.0 1.7114e+04
   22050.0 1.6944e+04
   22150.0 1.7967e+04
   22250.0 1.9129e+04
   22350.0 1.7203e+04
   22450.0 1.9253e+04
   22550.0 1.6732e+04
   22650.0 1.7821e+04
   22750.0 2.0104e+04
   22850.0 1.3273e+04
   22950.0 1.4901e+04
   23050.0 1.3567e+04
   23150.0 1.5574e+04
   23250.0 1.4224e+04
   23350.0 1.3410e+04
   23450.0 1.6107e+04
   23550.0 1.5436e+04
   23650.0 1.2315e+04
   23750.0 1.3189e+04
   23850.0 1.0534e+04
   23950.0 1.0026e+04
   24050.0 1.0395e+04
   24150.0 7.3876e+03
   24250.0 1.1880e+04
   24350.0 8.6744e+03
   24450.0 9.3558e+03
   24550.0 7.9268e+03
   24650.0 8.1803e+03
   24750.0 5.0781e+03
   24850.0 6.4724e+03
   24950.0 1.0227e+04
   25050.0 8.1257e+03
   25150.0 7.6877e+03
   25250.0 5.8156e+03
   25350.0 4.4561e+03
   25450.0 2.8901e+03
   25550.0 7.3735e+03
   25650.0 4.5257e+03
   25750.0 6.2177e+03
   25850.0 4.1813e+03
   25950.0 2.4165e+03
   26050.0 4.5963e+03
   26150.0 4.5033e+03
   26250.0 7.4519e+03
   26350.0 5.4300e+03
   26450.0 3.7384e+03
   26550.0 7.9786e+03
   26650.0 2.0228e+03
   26750.0 5.9057e+03
   26850.0 5.8368e+03
   26950.0 1.4420e+03
   27050.0 3.6678e+03
   27150.0 2.5378e+03
   27250.0 6.8989e+03
   27350.0 4.5144e+03
   27450.0 4.2588e+03
   27550.0 5.9153e+03
   27650.0 4.9424e+03
   27750.0 3.0600e+03
   27850.0 6.0312e+03
   27950.0 4.9382e+03
   28050.0 3.3622e+03
   28150.0 2.8541e+03
   28250.0 5.2546e+03
   28350.0 3.3854e+03
   28450.0 5.3039e+03
   28550.0 5.0035e+03
   28650.0 6.4851e+03
   28750.0 4.7659e+03
   28850.0 2.7619e+03
   28950.0 3.6686e+03
   29050.0 5.6655e+03
   29150.0 4.4341e+03
   29250.0 2.5257e+03
   29350.0 5.7228e+03
   29450.0 2.7708e+03
   29550.0 3.7642e+03
   29650.0 5.1561e+03
   29750.0 3.4862e+03
   29850.0 3.2017e+03
   29950.0 5.7753e+03
   30050.0 3.9056e+03
   30150.0 4.2834e+03
   30250.0 3.0508e+03
   30350.0 3.6270e+03
   30450.0 7.1909e+03
   30550.0 2.9244e+03
   30650.0 3.0981e+03
   30750.0 3.6169e+03
   30850.0 4.1504e+03
   30950.0 5.2967e+03
   31050.0 5.6532e+03
   31150.0 3.8731e+03
   31250.0 5.0211e+03
   31350.0 3.6348e+03
   31450.0 4.8010e+03
   31550.0 6.2103e+03
   31650.0 5.6492e+03
   31750.0 4.9272e+03
   31850.0 5.2782e+03
   31950.0 5.0455e+03
   32100.0 5.3592e+03
   32300.0 5.3241e+03
   32500.0 5.9377e+03
   32700.0 4.4802e+03
   32900.0 5.4419e+03
   33100.0 4.0257e+03
   33300.0 4.9561e+03
   33500.0 4.7881e+03
   33700.0 3.7516e+03
   33900.0 5.0003e+03
   34100.0 4.8944e+03
   34300.0 4.6347e+03
   34500.0 4.9005e+03
   34700.0 4.9915e+03
   34900.0 4.9148e+03
   35100.0 5.0964e+03
   35300.0 4.6000e+03
   35500.0 4.5474e+03
   35700.0 4.6227e+03
   35900.0 3.8846e+03
   36100.0 5.3876e+03
   36300.0 4.3646e+03
   36500.0 4.6860e+03
   36700.0 4.2566e+03
   36900.0 4.5136e+03
   37100.0 4.6559e+03
   37300.0 4.8086e+03
   37500.0 4.6398e+03
   37700.0 3.1648e+03
   37900.0 2.4085e+03
   38100.0 4.2742e+03
   38300.0 3.6771e+03
   38500.0 3.4594e+03
   38700.0 3.2852e+03
   38900.0 3.6374e+03
   39100.0 3.0403e+03
   39300.0 3.5669e+03
   39500.0 2.3880e+03
   39700.0 3.1514e+03
   39900.0 2.7132e+03
   40100.0 3.9114e+03
   40300.0 3.8225e+03
   40500.0 2.7957e+03
   40700.0 3.2367e+03
   40900.0 2.8832e+03
   41100.0 3.2584e+03
   41300.0 2.7580e+03
   41500.0 2.2177e+03
   41700.0 1.8068e+03
   41900.0 3.0157e+03
   42100.0 2.1150e+03
   42300.0 1.9536e+03
   42500.0 1.7122e+03
   42700.0 1.9599e+03
   42900.0 1.9424e+03
   43100.0 1.8592e+03
   43300.0 1.8305e+03
   43500.0 1.3986e+03
   43700.0 1.2810e+03
   43900.0 1.7354e+03
   44100.0 1.2665e+03
   44300.0 9.0862e+02
   44500.0 9.1985e+02
   44700.0 1.3948e+03
   44900.0 9.7432e+02
   45100.0 8.1005e+02
   45300.0 9.1219e+02
   45500.0 1.2541e+03
   45700.0 1.4498e+03
   45900.0 9.8868e+02
   46100.0 1.1043e+03
   46300.0 1.1277e+03
   46500.0 9.1730e+02
   46700.0 1.4181e+03
   46900.0 1.2446e+03
   47100.0 1.0006e+03
   47300.0 1.0355e+03
   47500.0 7.7704e+02
   47700.0 1.3287e+03
   47900.0 1.1159e+03
   48100.0 1.2357e+03
   48300.0 9.8385e+02
   48500.0 1.0721e+03
   48700.0 1.0021e+03
   48900.0 8.3849e+02
   49100.0 1.0028e+03
   49300.0 1.0450e+03
   49500.0 9.6169e+02
   49700.0 1.0282e+03
   49900.0 6.4485e+02
   50100.0 7.7874e+02
   50300.0 8.0100e+02
   50500.0 8.2335e+02
   50700.0 8.4486e+02
   50900.0 8.6600e+02
   51100.0 8.8725e+02
   51300.0 9.0769e+02
   51500.0 9.2778e+02
   51700.0 9.4753e+02
   51900.0 9.6695e+02
   52100.0 9.4408e+02
   52300.0 8.7813e+02
   52500.0 8.1402e+02
   52700.0 7.5129e+02
   52900.0 6.8863e+02
   53100.0 6.2731e+02
   53300.0 5.6689e+02
   53500.0 5.0736e+02
   53700.0 4.4911e+02
   53900.0 3.9138e+02
   54100.0 3.7071e+02
   54300.0 3.8596e+02
   54500.0 4.0094e+02
   54700.0 4.1561e+02
   54900.0 4.3009e+02
   55100.0 4.4436e+02
   55300.0 4.3919e+02
   55500.0 4.3369e+02
   55700.0 4.2826e+02
   55900.0 4.2328e+02
   56100.0 4.1799e+02
   56300.0 4.1313e+02
   56500.0 4.0796e+02
   56700.0 4.0322e+02
   56900.0 3.9817e+02
   57100.0 3.9354e+02
   57300.0 3.8897e+02
   57500.0 3.8410e+02
   57700.0 3.7964e+02
   57900.0 3.7523e+02
   58100.0 3.7088e+02
   58300.0 3.6622e+02
   58500.0 3.6197e+02
   58700.0 3.5776e+02
   58900.0 3.5361e+02
   59100.0 3.4951e+02
   59300.0 3.4545e+02
   59500.0 3.4143e+02
   59700.0 3.3747e+02
   59900.0 3.3378e+02
   60100.0 3.2990e+02
   60300.0 3.2617e+02
   60500.0 3.2248e+02
   60700.0 3.1882e+02
   60900.0 3.1518e+02
   61100.0 3.1158e+02
   61300.0 3.0808e+02
   61500.0 3.0462e+02
   61700.0 3.0123e+02
   61900.0 2.9785e+02
   62100.0 2.9454e+02
   62300.0 2.9123e+02
   62500.0 2.8802e+02
   62700.0 2.8484e+02
   62900.0 2.8170e+02
   63100.0 2.7862e+02
   63300.0 2.7554e+02
   63500.0 2.7253e+02
   63700.0 2.6955e+02
   63900.0 2.6661e+02
   64200.0 2.6229e+02
   64600.0 2.5663e+02
   65000.0 2.5113e+02
   65400.0 2.4580e+02
   65800.0 2.4060e+02
   66200.0 2.3551e+02
   66600.0 2.3058e+02
   67000.0 2.2576e+02
   67400.0 2.2110e+02
   67800.0 2.1655e+02
   68200.0 2.1208e+02
   68600.0 2.0775e+02
   69000.0 2.0354e+02
   69400.0 1.9941e+02
   69800.0 1.9538e+02
   70200.0 1.9148e+02
   70600.0 1.8763e+02
   71000.0 1.8393e+02
   71400.0 1.8030e+02
   71800.0 1.7674e+02
   72200.0 1.7329e+02
   72600.0 1.6993e+02
   73000.0 1.6661e+02
   73400.0 1.6337e+02
   73800.0 1.6027e+02
   74200.0 1.5721e+02
   74600.0 1.5422e+02
   75000.0 1.5128e+02
   75400.0 1.4843e+02
   75800.0 1.4564e+02
   76200.0 1.4294e+02
   76600.0 1.4026e+02
   77000.0 1.3767e+02
   77400.0 1.3515e+02
   77800.0 1.3264e+02
   78200.0 1.3023e+02
   78600.0 1.2788e+02
   79000.0 1.2555e+02
   79400.0 1.2328e+02
   79800.0 1.2108e+02
   80200.0 1.1891e+02
   80600.0 1.1679e+02
   81000.0 1.1474e+02
   81400.0 1.1271e+02
   81800.0 1.1072e+02
   82200.0 1.0879e+02
   82600.0 1.0690e+02
   83000.0 1.0505e+02
   83400.0 1.0324e+02
   83800.0 1.0147e+02
   84200.0 9.9727e+01
   84600.0 9.8033e+01
   85000.0 9.6365e+01
   85400.0 9.4725e+01
   85800.0 9.3143e+01
   86200.0 9.1570e+01
   86600.0 9.0055e+01
   87000.0 8.8548e+01
   87400.0 8.7080e+01
   87800.0 8.5650e+01
   88200.0 8.4228e+01
   88600.0 8.2842e+01
   89000.0 8.1494e+01
   89400.0 8.0181e+01
   89800.0 7.8888e+01
   90200.0 7.7616e+01
   90600.0 7.6362e+01
   91000.0 7.5156e+01
   91400.0 7.3954e+01
   91800.0 7.2771e+01
   92200.0 7.1633e+01
   92600.0 7.0498e+01
   93000.0 6.9394e+01
   93400.0 6.8306e+01
   93800.0 6.7247e+01
   94200.0 6.6191e+01
   94600.0 6.5190e+01
   95000.0 6.4190e+01
   95400.0 6.3205e+01
   95800.0 6.2234e+01
   96200.0 6.1290e+01
   96600.0 6.0360e+01
   97000.0 5.9455e+01
   97400.0 5.8563e+01
   97800.0 5.7684e+01
   98200.0 5.6817e+01
   98600.0 5.5975e+01
   99000.0 5.5144e+01
   99400.0 5.4337e+01
   99800.0 5.3541e+01
  100200.0 5.2744e+01
  200000.0 3.8643e+00
  400000.0 2.6000e-01
  600000.0 5.2630e-02
  800000.0 1.6846e-02
 1000000.0 6.9504e-03
 1200000.0 3.3677e-03
 1400000.0 1.8245e-03
 1600000.0 1.0718e-03
