      91.0 0.0000e+00
      94.0 0.0000e+00
      96.0 0.0000e+00
      98.0 0.0000e+00
     100.0 0.0000e+00
     102.0 0.0000e+00
     104.0 0.0000e+00
     106.0 0.0000e+00
     108.0 0.0000e+00
     110.0 0.0000e+00
     114.0 0.0000e+00
     118.0 0.0000e+00
     121.0 0.0000e+00
     125.0 0.0000e+00
     127.0 0.0000e+00
     128.0 0.0000e+00
     131.0 0.0000e+00
     132.0 0.0000e+00
     134.0 0.0000e+00
     137.0 0.0000e+00
     140.0 0.0000e+00
     143.0 0.0000e+00
     147.0 0.0000e+00
     151.0 0.0000e+00
     155.0 0.0000e+00
     159.0 0.0000e+00
     162.0 0.0000e+00
     166.0 0.0000e+00
     170.0 0.0000e+00
     173.0 0.0000e+00
     177.0 0.0000e+00
     180.0 0.0000e+00
     182.0 0.0000e+00
     186.0 0.0000e+00
     191.0 0.0000e+00
     194.0 0.0000e+00
     198.0 0.0000e+00
     202.0 0.0000e+00
     205.0 0.0000e+00
     210.0 0.0000e+00
     216.0 0.0000e+00
     220.0 0.0000e+00
     223.0 0.0000e+00
     227.0 0.0000e+00
     230.0 0.0000e+00
     234.0 0.0000e+00
     240.0 0.0000e+00
     246.0 0.0000e+00
     252.0 0.0000e+00
     257.0 0.0000e+00
     260.0 0.0000e+00
     264.0 0.0000e+00
     269.0 0.0000e+00
     274.0 0.0000e+00
     279.0 0.0000e+00
     284.0 0.0000e+00
     290.0 0.0000e+00
     296.0 0.0000e+00
     301.0 0.0000e+00
     308.0 0.0000e+00
     318.0 0.0000e+00
     328.0 0.0000e+00
     338.0 0.0000e+00
     348.0 0.0000e+00
     357.0 0.0000e+00
     366.0 0.0000e+00
     375.0 0.0000e+00
     385.0 0.0000e+00
     395.0 0.0000e+00
     405.0 0.0000e+00
     414.0 0.0000e+00
     422.0 0.0000e+00
     430.0 0.0000e+00
     441.0 0.0000e+00
     451.0 0.0000e+00
     460.0 0.0000e+00
     470.0 0.0000e+00
     480.0 0.0000e+00
     490.0 0.0000e+00
     500.0 0.0000e+00
     506.0 4.7539e-08
     512.0 8.4445e-08
     520.0 1.5460e-07
     530.0 3.2210e-07
     540.0 6.4482e-07
     550.0 1.2749e-06
     560.0 2.4458e-06
     570.0 4.5841e-06
     580.0 8.3593e-06
     590.0 1.5109e-05
     600.0 2.6632e-05
     610.0 4.6117e-05
     620.0 7.8458e-05
     630.0 1.3131e-04
     640.0 2.1612e-04
     650.0 3.5081e-04
     658.0 5.1156e-04
     665.0 7.0612e-04
     675.0 1.1059e-03
     685.0 1.7115e-03
     695.0 2.6167e-03
     705.0 3.9423e-03
     716.0 6.1285e-03
     726.0 9.0346e-03
     735.0 1.2701e-02
     745.0 1.8358e-02
     755.0 2.6275e-02
     765.0 3.7293e-02
     775.0 5.2389e-02
     785.0 7.2994e-02
     795.0 1.0056e-01
     805.0 1.3797e-01
     815.0 1.8758e-01
     825.0 2.5318e-01
     835.0 3.3848e-01
     845.0 4.5043e-01
     855.0 5.9464e-01
     865.0 7.7987e-01
     875.0 1.0154e+00
     885.0 1.3152e+00
     895.0 1.6932e+00
     905.0 2.1625e+00
     915.0 1.1365e+02
     925.0 7.1337e+02
     935.0 1.1408e+03
     945.0 1.8343e+03
     955.0 2.7572e+03
     965.0 3.5966e+03
     975.0 3.2255e+03
     985.0 4.9909e+03
     995.0 5.3840e+03
    1005.0 6.8470e+03
    1015.0 8.0164e+03
    1025.0 5.6613e+03
    1035.0 9.8555e+03
    1045.0 1.1980e+04
    1055.0 1.3812e+04
    1065.0 1.4728e+04
    1075.0 1.7319e+04
    1085.0 1.9293e+04
    1095.0 2.0392e+04
    1105.0 7.2234e+05
    1115.0 2.1606e+06
    1125.0 2.6909e+06
    1135.0 2.6204e+06
    1145.0 2.1989e+06
    1155.0 2.4648e+06
    1165.0 2.4050e+06
    1175.0 1.5478e+06
    1185.0 6.8062e+05
    1195.0 6.3736e+04
    1205.0 6.3054e+04
    1215.0 1.5954e+04
    1225.0 6.7341e+04
    1235.0 2.1063e+05
    1245.0 2.4873e+06
    1255.0 6.3947e+06
    1265.0 4.7983e+06
    1275.0 1.8006e+07
    1285.0 2.6195e+07
    1295.0 2.5270e+07
    1305.0 1.5780e+07
    1315.0 2.9320e+07
    1325.0 3.3572e+07
    1335.0 2.8199e+07
    1345.0 3.9693e+07
    1355.0 3.7914e+07
    1365.0 3.2534e+07
    1375.0 3.8310e+07
    1385.0 3.8509e+07
    1395.0 4.1299e+07
    1405.0 4.1084e+07
    1415.0 3.6857e+07
    1425.0 4.1462e+07
    1435.0 3.6996e+07
    1442.0 4.1770e+07
    1447.0 4.7089e+07
    1455.0 4.5140e+07
    1465.0 3.9977e+07
    1475.0 3.7894e+07
    1485.0 4.2143e+07
    1495.0 4.5396e+07
    1505.0 4.6134e+07
    1512.0 3.9854e+07
    1517.0 4.4657e+07
    1525.0 3.7358e+07
    1535.0 3.2048e+07
    1545.0 4.3209e+07
    1555.0 3.7408e+07
    1565.0 3.4327e+07
    1575.0 3.7320e+07
    1585.0 4.1509e+07
    1595.0 4.4572e+07
    1605.0 4.1035e+07
    1615.0 4.0634e+07
    1625.0 3.6289e+07
    1635.0 3.8704e+07
    1645.0 4.0557e+07
    1655.0 3.3628e+07
    1665.0 3.9792e+07
    1672.0 2.6200e+07
    1677.0 3.7847e+07
    1685.0 4.2827e+07
    1695.0 3.9443e+07
    1705.0 3.6602e+07
    1715.0 3.5634e+07
    1725.0 3.5125e+07
    1735.0 3.7837e+07
    1745.0 3.7097e+07
    1755.0 4.1854e+07
    1765.0 3.4895e+07
    1775.0 3.9165e+07
    1785.0 3.8426e+07
    1795.0 4.3396e+07
    1805.0 4.1150e+07
    1815.0 4.0370e+07
    1825.0 3.8885e+07
    1835.0 3.7180e+07
    1845.0 3.3745e+07
    1855.0 3.5964e+07
    1865.0 3.6200e+07
    1875.0 3.8373e+07
    1885.0 3.7225e+07
    1895.0 3.7134e+07
    1905.0 3.5423e+07
    1915.0 3.6951e+07
    1925.0 3.7344e+07
    1935.0 3.6479e+07
    1945.0 3.8165e+07
    1955.0 3.7337e+07
    1967.0 3.9300e+07
    1976.0 3.9127e+07
    1984.0 3.7593e+07
    1995.0 3.6035e+07
    2005.0 3.5975e+07
    2015.0 3.4024e+07
    2025.0 3.4712e+07
    2035.0 3.4922e+07
    2045.0 3.6531e+07
    2055.0 3.4700e+07
    2065.0 3.3915e+07
    2074.0 3.6158e+07
    2078.0 3.6602e+07
    2085.0 3.6164e+07
    2095.0 3.4699e+07
    2105.0 3.3504e+07
    2115.0 3.3483e+07
    2125.0 3.4098e+07
    2135.0 2.8912e+07
    2145.0 3.2136e+07
    2155.0 3.2949e+07
    2165.0 3.1059e+07
    2175.0 3.0419e+07
    2185.0 3.0342e+07
    2195.0 3.2480e+07
    2205.0 3.0830e+07
    2215.0 2.8206e+07
    2225.0 2.7250e+07
    2235.0 3.0536e+07
    2245.0 2.7267e+07
    2255.0 2.6577e+07
    2265.0 2.7044e+07
    2275.0 2.8522e+07
    2285.0 2.9513e+07
    2295.0 2.7754e+07
    2305.0 2.7017e+07
    2315.0 2.5598e+07
    2325.0 1.9500e+07
    2335.0 2.3622e+07
    2345.0 2.1796e+07
    2355.0 2.5363e+07
    2365.0 2.1783e+07
    2375.0 2.3364e+07
    2385.0 2.0196e+07
    2395.0 2.2683e+07
    2405.0 2.1334e+07
    2415.0 2.2144e+07
    2425.0 2.4062e+07
    2435.0 2.2854e+07
    2445.0 2.4693e+07
    2455.0 2.3597e+07
    2465.0 2.3564e+07
    2475.0 2.2493e+07
    2485.0 2.3924e+07
    2495.0 2.2943e+07
    2505.0 2.5627e+07
    2513.0 2.2559e+07
    2518.0 2.3074e+07
    2525.0 2.1423e+07
    2535.0 2.1180e+07
    2545.0 2.1199e+07
    2555.0 2.2888e+07
    2565.0 2.2601e+07
    2575.0 2.4289e+07
    2585.0 2.4029e+07
    2595.0 2.3257e+07
    2605.0 2.2248e+07
    2615.0 2.2026e+07
    2625.0 2.3633e+07
    2635.0 2.3661e+07
    2645.0 2.6465e+07
    2655.0 2.6011e+07
    2665.0 2.3773e+07
    2675.0 2.4886e+07
    2685.0 2.4518e+07
    2695.0 2.3544e+07
    2705.0 2.4239e+07
    2715.0 2.2955e+07
    2725.0 2.3222e+07
    2735.0 2.4961e+07
    2745.0 2.0912e+07
    2755.0 2.1171e+07
    2765.0 2.2006e+07
    2775.0 2.3514e+07
    2785.0 2.2743e+07
    2795.0 1.5427e+07
    2805.0 1.7695e+07
    2815.0 2.3789e+07
    2825.0 2.4387e+07
    2835.0 2.3335e+07
    2845.0 2.2475e+07
    2855.0 2.1980e+07
    2865.0 2.3375e+07
    2875.0 2.2603e+07
    2885.0 2.3052e+07
    2895.0 2.2192e+07
    2910.0 2.4399e+07
    2930.0 2.3411e+07
    2950.0 2.3301e+07
    2970.0 2.3478e+07
    2990.0 2.3608e+07
    3010.0 2.3996e+07
    3030.0 2.3589e+07
    3050.0 2.3345e+07
    3070.0 2.3029e+07
    3090.0 2.3297e+07
    3110.0 2.2652e+07
    3130.0 2.2534e+07
    3150.0 2.2708e+07
    3170.0 2.2459e+07
    3190.0 2.1659e+07
    3210.0 2.2065e+07
    3230.0 2.1620e+07
    3250.0 2.1696e+07
    3270.0 2.1689e+07
    3290.0 2.1725e+07
    3310.0 2.1737e+07
    3330.0 2.1304e+07
    3350.0 2.0986e+07
    3370.0 2.0938e+07
    3390.0 2.0661e+07
    3410.0 2.0924e+07
    3430.0 2.0783e+07
    3450.0 2.0623e+07
    3470.0 2.0317e+07
    3490.0 2.0163e+07
    3510.0 2.0304e+07
    3530.0 2.0286e+07
    3550.0 2.0192e+07
    3570.0 1.9862e+07
    3590.0 1.9725e+07
    3610.0 1.9600e+07
    3630.0 1.9475e+07
    3640.0 1.9386e+07
    3650.0 1.9811e+07
    3670.0 1.8777e+07
    3690.0 1.7614e+07
    3710.0 2.1354e+07
    3730.0 2.2927e+07
    3750.0 3.0392e+07
    3770.0 3.1715e+07
    3790.0 3.9304e+07
    3810.0 4.5022e+07
    3830.0 3.5299e+07
    3850.0 4.8274e+07
    3870.0 5.3045e+07
    3890.0 3.1112e+07
    3910.0 5.1997e+07
    3930.0 5.0358e+07
    3950.0 5.1464e+07
    3970.0 2.9232e+07
    3990.0 4.9639e+07
    4010.0 5.1837e+07
    4030.0 5.1169e+07
    4050.0 5.0789e+07
    4070.0 4.9046e+07
    4090.0 4.0832e+07
    4110.0 3.1250e+07
    4130.0 4.6246e+07
    4150.0 4.7465e+07
    4170.0 4.6735e+07
    4190.0 4.6256e+07
    4210.0 4.5649e+07
    4230.0 4.4916e+07
    4250.0 4.4156e+07
    4270.0 4.3257e+07
    4290.0 4.2985e+07
    4310.0 4.1186e+07
    4330.0 3.2894e+07
    4350.0 2.7960e+07
    4370.0 4.0025e+07
    4390.0 3.9736e+07
    4410.0 3.9580e+07
    4430.0 3.9156e+07
    4450.0 3.8944e+07
    4470.0 3.8332e+07
    4490.0 3.7438e+07
    4510.0 3.7284e+07
    4530.0 3.6698e+07
    4550.0 3.5768e+07
    4570.0 3.5949e+07
    4590.0 3.5176e+07
    4610.0 3.5323e+07
    4630.0 3.4313e+07
    4650.0 3.4368e+07
    4670.0 3.3832e+07
    4690.0 3.3234e+07
    4710.0 3.2287e+07
    4730.0 3.2562e+07
    4750.0 3.2155e+07
    4770.0 3.1775e+07
    4790.0 3.1333e+07
    4810.0 3.0720e+07
    4830.0 2.9803e+07
    4850.0 2.4251e+07
    4870.0 1.9572e+07
    4890.0 2.8329e+07
    4910.0 2.8805e+07
    4930.0 2.8350e+07
    4950.0 2.8268e+07
    4970.0 2.8027e+07
    4990.0 2.7576e+07
    5010.0 2.6888e+07
    5030.0 2.6798e+07
    5050.0 2.6224e+07
    5070.0 2.6227e+07
    5090.0 2.5920e+07
    5110.0 2.5561e+07
    5130.0 2.5303e+07
    5150.0 2.4854e+07
    5170.0 2.4379e+07
    5190.0 2.4143e+07
    5210.0 2.4020e+07
    5230.0 2.3547e+07
    5250.0 2.3494e+07
    5270.0 2.2949e+07
    5290.0 2.2986e+07
    5310.0 2.2515e+07
    5330.0 2.2355e+07
    5350.0 2.2251e+07
    5370.0 2.1923e+07
    5390.0 2.1674e+07
    5410.0 2.1355e+07
    5430.0 2.1157e+07
    5450.0 2.0990e+07
    5470.0 2.0740e+07
    5490.0 2.0522e+07
    5510.0 2.0286e+07
    5530.0 2.0057e+07
    5550.0 1.9866e+07
    5570.0 1.9631e+07
    5590.0 1.9441e+07
    5610.0 1.9253e+07
    5630.0 1.9037e+07
    5650.0 1.8794e+07
    5670.0 1.8598e+07
    5690.0 1.8416e+07
    5710.0 1.8221e+07
    5730.0 1.8032e+07
    5750.0 1.7827e+07
    5770.0 1.7638e+07
    5790.0 1.7431e+07
    5810.0 1.7258e+07
    5830.0 1.7076e+07
    5850.0 1.6918e+07
    5870.0 1.6698e+07
    5890.0 1.6464e+07
    5910.0 1.6383e+07
    5930.0 1.6219e+07
    5950.0 1.5998e+07
    5970.0 1.5864e+07
    5990.0 1.5671e+07
    6010.0 1.5551e+07
    6030.0 1.5401e+07
    6050.0 1.5231e+07
    6070.0 1.5082e+07
    6090.0 1.4928e+07
    6110.0 1.4789e+07
    6130.0 1.4632e+07
    6150.0 1.4328e+07
    6170.0 1.4336e+07
    6190.0 1.4202e+07
    6210.0 1.4058e+07
    6230.0 1.3922e+07
    6250.0 1.3682e+07
    6270.0 1.3656e+07
    6290.0 1.3521e+07
    6310.0 1.3360e+07
    6330.0 1.3246e+07
    6350.0 1.2969e+07
    6370.0 1.2897e+07
    6390.0 1.2860e+07
    6410.0 1.2722e+07
    6430.0 1.2614e+07
    6450.0 1.2412e+07
    6470.0 1.2361e+07
    6490.0 1.2185e+07
    6510.0 1.2037e+07
    6530.0 1.1764e+07
    6550.0 1.0426e+07
    6570.0 8.3899e+06
    6590.0 1.1200e+07
    6610.0 1.1448e+07
    6630.0 1.1401e+07
    6650.0 1.1321e+07
    6670.0 1.1226e+07
    6690.0 1.1125e+07
    6710.0 1.1026e+07
    6730.0 1.0905e+07
    6750.0 1.0817e+07
    6770.0 1.0719e+07
    6790.0 1.0617e+07
    6810.0 1.0519e+07
    6830.0 1.0416e+07
    6850.0 1.0322e+07
    6870.0 1.0229e+07
    6890.0 1.0137e+07
    6910.0 1.0041e+07
    6930.0 9.9430e+06
    6950.0 9.8461e+06
    6970.0 9.7551e+06
    6990.0 9.6724e+06
    7010.0 9.5611e+06
    7030.0 9.4947e+06
    7050.0 9.4023e+06
    7070.0 9.3228e+06
    7090.0 9.2440e+06
    7110.0 9.1090e+06
    7130.0 9.0580e+06
    7150.0 8.9769e+06
    7170.0 8.9036e+06
    7190.0 8.8240e+06
    7210.0 8.7497e+06
    7230.0 8.6532e+06
    7250.0 8.5758e+06
    7270.0 8.5106e+06
    7290.0 8.4301e+06
    7310.0 8.3526e+06
    7330.0 8.2803e+06
    7350.0 8.2087e+06
    7370.0 8.1399e+06
    7390.0 8.0652e+06
    7410.0 7.9758e+06
    7430.0 7.9004e+06
    7450.0 7.8342e+06
    7470.0 7.7472e+06
    7490.0 7.7016e+06
    7510.0 7.6373e+06
    7530.0 7.5840e+06
    7550.0 7.5124e+06
    7570.0 7.4476e+06
    7590.0 7.3855e+06
    7610.0 7.3260e+06
    7630.0 7.2609e+06
    7650.0 7.1882e+06
    7670.0 7.1283e+06
    7690.0 7.0710e+06
    7710.0 7.0021e+06
    7730.0 6.9559e+06
    7750.0 6.8900e+06
    7770.0 6.7017e+06
    7790.0 6.7780e+06
    7810.0 6.7236e+06
    7830.0 6.6639e+06
    7850.0 6.5911e+06
    7870.0 6.5170e+06
    7890.0 6.4570e+06
    7910.0 6.4340e+06
    7930.0 6.3882e+06
    7950.0 6.3030e+06
    7970.0 6.2846e+06
    7990.0 6.1611e+06
    8010.0 6.1809e+06
    8030.0 6.1259e+06
    8050.0 6.0789e+06
    8070.0 6.0285e+06
    8090.0 5.9786e+06
    8110.0 5.9291e+06
    8130.0 5.8855e+06
    8150.0 5.8368e+06
    8170.0 5.7902e+06
    8190.0 5.7209e+06
    8210.0 5.7002e+06
    8230.0 5.6495e+06
    8250.0 5.6309e+06
    8270.0 5.6142e+06
    8290.0 5.5558e+06
    8310.0 5.5030e+06
    8330.0 5.3954e+06
    8350.0 5.3214e+06
    8370.0 5.2207e+06
    8390.0 5.1090e+06
    8410.0 5.0271e+06
    8430.0 5.0201e+06
    8450.0 4.9930e+06
    8470.0 4.7522e+06
    8490.0 5.1524e+06
    8510.0 4.6529e+06
    8530.0 5.2756e+06
    8550.0 4.3979e+06
    8570.0 5.4289e+06
    8590.0 4.7926e+06
    8610.0 4.6345e+06
    8630.0 5.5034e+06
    8650.0 5.1334e+06
    8670.0 4.0935e+06
    8690.0 5.2514e+06
    8710.0 5.4850e+06
    8730.0 5.2018e+06
    8750.0 3.9752e+06
    8770.0 4.9081e+06
    8790.0 5.3592e+06
    8810.0 5.3627e+06
    8830.0 5.2231e+06
    8850.0 4.6315e+06
    8870.0 3.8501e+06
    8890.0 4.9738e+06
    8910.0 5.1418e+06
    8930.0 5.1383e+06
    8950.0 5.1334e+06
    8970.0 5.0568e+06
    8990.0 4.8341e+06
    9010.0 3.7830e+06
    9030.0 4.1737e+06
    9050.0 4.8082e+06
    9070.0 4.8177e+06
    9090.0 4.7849e+06
    9110.0 4.8188e+06
    9130.0 4.7992e+06
    9150.0 4.7739e+06
    9170.0 4.7117e+06
    9190.0 4.6032e+06
    9210.0 4.2934e+06
    9230.0 3.2853e+06
    9250.0 4.1190e+06
    9270.0 4.3636e+06
    9290.0 4.5033e+06
    9310.0 4.4964e+06
    9330.0 4.4661e+06
    9350.0 4.4457e+06
    9370.0 4.4171e+06
    9390.0 4.3562e+06
    9410.0 4.2889e+06
    9430.0 4.3099e+06
    9450.0 4.2769e+06
    9470.0 4.2348e+06
    9490.0 4.1850e+06
    9510.0 4.0918e+06
    9530.0 3.7446e+06
    9550.0 2.9702e+06
    9570.0 3.7775e+06
    9590.0 3.9938e+06
    9610.0 4.0019e+06
    9630.0 3.9504e+06
    9650.0 3.9791e+06
    9670.0 3.9332e+06
    9690.0 3.9259e+06
    9710.0 3.9059e+06
    9730.0 3.8759e+06
    9750.0 3.8487e+06
    9770.0 3.8229e+06
    9790.0 3.7948e+06
    9810.0 3.7669e+06
    9830.0 3.7329e+06
    9850.0 3.7067e+06
    9870.0 3.6806e+06
    9890.0 3.6387e+06
    9910.0 3.6351e+06
    9930.0 3.6034e+06
    9950.0 3.5768e+06
    9970.0 3.5480e+06
    9990.0 3.5086e+06
   10025.0 3.2002e+06
   10075.0 3.0362e+06
   10125.0 3.3349e+06
   10175.0 3.3127e+06
   10225.0 3.2666e+06
   10275.0 3.2110e+06
   10325.0 3.1541e+06
   10375.0 3.1049e+06
   10425.0 3.0542e+06
   10475.0 2.9956e+06
   10525.0 2.9455e+06
   10575.0 2.9017e+06
   10625.0 2.8564e+06
   10675.0 2.7855e+06
   10725.0 2.7543e+06
   10775.0 2.7185e+06
   10825.0 2.6699e+06
   10875.0 2.6059e+06
   10925.0 2.2164e+06
   10975.0 2.4153e+06
   11025.0 2.5009e+06
   11075.0 2.4755e+06
   11125.0 2.4378e+06
   11175.0 2.3987e+06
   11225.0 2.3631e+06
   11275.0 2.3026e+06
   11325.0 2.2711e+06
   11375.0 2.2549e+06
   11425.0 2.2186e+06
   11475.0 2.1893e+06
   11525.0 2.1559e+06
   11575.0 2.1230e+06
   11625.0 2.0853e+06
   11675.0 2.0490e+06
   11725.0 2.0298e+06
   11775.0 1.9815e+06
   11825.0 1.9647e+06
   11875.0 1.9321e+06
   11925.0 1.9125e+06
   11975.0 1.8807e+06
   12025.0 1.8568e+06
   12075.0 1.8275e+06
   12125.0 1.8035e+06
   12175.0 1.7782e+06
   12225.0 1.7516e+06
   12275.0 1.7246e+06
   12325.0 1.7004e+06
   12375.0 1.6781e+06
   12425.0 1.6553e+06
   12475.0 1.6259e+06
   12525.0 1.6076e+06
   12575.0 1.5804e+06
   12625.0 1.5619e+06
   12675.0 1.5414e+06
   12725.0 1.5145e+06
   12775.0 1.4600e+06
   12825.0 1.2627e+06
   12875.0 1.4302e+06
   12925.0 1.4342e+06
   12975.0 1.4189e+06
   13025.0 1.3996e+06
   13075.0 1.3805e+06
   13125.0 1.3616e+06
   13175.0 1.3402e+06
   13225.0 1.3253e+06
   13275.0 1.3065e+06
   13325.0 1.2893e+06
   13375.0 1.2723e+06
   13425.0 1.2562e+06
   13475.0 1.2390e+06
   13525.0 1.2213e+06
   13575.0 1.2058e+06
   13625.0 1.1905e+06
   13675.0 1.1735e+06
   13725.0 1.1573e+06
   13775.0 1.1439e+06
   13825.0 1.1293e+06
   13875.0 1.1150e+06
   13925.0 1.1002e+06
   13975.0 1.0868e+06
   14025.0 1.0730e+06
   14075.0 1.0587e+06
   14125.0 1.0452e+06
   14175.0 1.0319e+06
   14225.0 1.0187e+06
   14275.0 1.0063e+06
   14325.0 9.9285e+05
   14375.0 9.8074e+05
   14425.0 9.6300e+05
   14475.0 9.5636e+05
   14525.0 9.4126e+05
   14570.0 9.3376e+05
   14620.0 9.2402e+05
   14675.0 9.1209e+05
   14725.0 9.0093e+05
   14775.0 8.8880e+05
   14825.0 8.7954e+05
   14875.0 8.6714e+05
   14925.0 8.5757e+05
   14975.0 8.4222e+05
   15025.0 8.3025e+05
   15075.0 8.1631e+05
   15125.0 8.0359e+05
   15175.0 7.9205e+05
   15225.0 7.8582e+05
   15275.0 7.6938e+05
   15325.0 7.5977e+05
   15375.0 7.6143e+05
   15425.0 7.3483e+05
   15475.0 7.4561e+05
   15525.0 7.3883e+05
   15575.0 6.9899e+05
   15625.0 7.4316e+05
   15675.0 7.0328e+05
   15725.0 6.7602e+05
   15775.0 7.2138e+05
   15825.0 7.0965e+05
   15875.0 6.3143e+05
   15925.0 6.7806e+05
   15975.0 6.9685e+05
   16050.0 6.6941e+05
   16150.0 6.2528e+05
   16250.0 6.5575e+05
   16350.0 6.2309e+05
   16450.0 5.8363e+05
   16550.0 6.1381e+05
   16650.0 5.9997e+05
   16750.0 5.6846e+05
   16850.0 5.3259e+05
   16950.0 5.6055e+05
   17050.0 5.4987e+05
   17150.0 5.3818e+05
   17250.0 5.2349e+05
   17350.0 4.6888e+05
   17450.0 4.9660e+05
   17550.0 4.9290e+05
   17650.0 4.8271e+05
   17750.0 4.7310e+05
   17850.0 4.6330e+05
   17950.0 4.5443e+05
   18050.0 4.4168e+05
   18150.0 4.0042e+05
   18250.0 4.1657e+05
   18350.0 4.1738e+05
   18450.0 4.0935e+05
   18550.0 4.0042e+05
   18650.0 3.9027e+05
   18750.0 3.5269e+05
   18850.0 3.7427e+05
   18950.0 3.7000e+05
   19050.0 3.6315e+05
   19150.0 3.5643e+05
   19250.0 3.4950e+05
   19350.0 3.3981e+05
   19450.0 3.0684e+05
   19550.0 3.2693e+05
   19650.0 3.2330e+05
   19750.0 3.1727e+05
   19850.0 3.1164e+05
   19950.0 3.0552e+05
   20050.0 3.0009e+05
   20150.0 2.9440e+05
   20250.0 2.8896e+05
   20350.0 2.8366e+05
   20450.0 2.7849e+05
   20550.0 2.7340e+05
   20650.0 2.6842e+05
   20750.0 2.6361e+05
   20850.0 2.5888e+05
   20950.0 2.5423e+05
   21050.0 2.4968e+05
   21150.0 2.4510e+05
   21250.0 2.4078e+05
   21350.0 2.3653e+05
   21450.0 2.3243e+05
   21550.0 2.2690e+05
   21650.0 2.0626e+05
   21750.0 2.1788e+05
   21850.0 2.1689e+05
   21950.0 2.1345e+05
   22050.0 2.0979e+05
   22150.0 2.0614e+05
   22250.0 2.0279e+05
   22350.0 1.9937e+05
   22450.0 1.9603e+05
   22550.0 1.9274e+05
   22650.0 1.8957e+05
   22750.0 1.8645e+05
   22850.0 1.8429e+05
   22950.0 1.8408e+05
   23050.0 1.8065e+05
   23150.0 1.7708e+05
   23250.0 1.7363e+05
   23350.0 1.7026e+05
   23450.0 1.6708e+05
   23550.0 1.6405e+05
   23650.0 1.6101e+05
   23750.0 1.5800e+05
   23850.0 1.5537e+05
   23950.0 1.5266e+05
   24050.0 1.4998e+05
   24150.0 1.4734e+05
   24250.0 1.4543e+05
   24350.0 1.4299e+05
   24450.0 1.4036e+05
   24550.0 1.3930e+05
   24650.0 1.3629e+05
   24750.0 1.3445e+05
   24850.0 1.3409e+05
   24950.0 1.2812e+05
   25050.0 1.3176e+05
   25150.0 1.2869e+05
   25250.0 1.2160e+05
   25350.0 1.2419e+05
   25450.0 1.2358e+05
   25550.0 1.2047e+05
   25650.0 1.1353e+05
   25750.0 1.1741e+05
   25850.0 1.1659e+05
   25950.0 1.1479e+05
   26050.0 1.1097e+05
   26150.0 1.0473e+05
   26250.0 1.0083e+05
   26350.0 1.0684e+05
   26450.0 1.0677e+05
   26550.0 1.0529e+05
   26650.0 1.0276e+05
   26750.0 9.5372e+04
   26850.0 9.9853e+04
   26950.0 9.9609e+04
   27050.0 9.8382e+04
   27150.0 9.7024e+04
   27250.0 9.5651e+04
   27350.0 9.4231e+04
   27450.0 9.2368e+04
   27550.0 8.5774e+04
   27650.0 8.7727e+04
   27750.0 8.8903e+04
   27850.0 8.7987e+04
   27950.0 8.6806e+04
   28050.0 8.5624e+04
   28150.0 8.4457e+04
   28250.0 8.3319e+04
   28350.0 8.2195e+04
   28450.0 8.1085e+04
   28550.0 7.9768e+04
   28650.0 7.7211e+04
   28750.0 7.2220e+04
   28850.0 7.6201e+04
   28950.0 7.5704e+04
   29050.0 7.4857e+04
   29150.0 7.3837e+04
   29250.0 7.2898e+04
   29350.0 7.1957e+04
   29450.0 7.1026e+04
   29550.0 7.0121e+04
   29650.0 6.9198e+04
   29750.0 6.8395e+04
   29850.0 6.7507e+04
   29950.0 6.6643e+04
   30050.0 6.5788e+04
   30150.0 6.4904e+04
   30250.0 6.3742e+04
   30350.0 5.9612e+04
   30450.0 6.0165e+04
   30550.0 6.1468e+04
   30650.0 6.0965e+04
   30750.0 6.0215e+04
   30850.0 5.9434e+04
   30950.0 5.8725e+04
   31050.0 5.8012e+04
   31150.0 5.7282e+04
   31250.0 5.6584e+04
   31350.0 5.5894e+04
   31450.0 5.5212e+04
   31550.0 5.4561e+04
   31650.0 5.3894e+04
   31750.0 5.3246e+04
   31850.0 5.2604e+04
   31950.0 5.1970e+04
   32100.0 5.1043e+04
   32300.0 4.9839e+04
   32500.0 4.8659e+04
   32700.0 4.7472e+04
   32900.0 4.4293e+04
   33100.0 4.5051e+04
   33300.0 4.4630e+04
   33500.0 4.3554e+04
   33700.0 4.2489e+04
   33900.0 4.1488e+04
   34100.0 4.0508e+04
   34300.0 3.9568e+04
   34500.0 3.8668e+04
   34700.0 3.7745e+04
   34900.0 3.6851e+04
   35100.0 3.6043e+04
   35300.0 3.5241e+04
   35500.0 3.4455e+04
   35700.0 3.3684e+04
   35900.0 3.3068e+04
   36100.0 3.2215e+04
   36300.0 3.1715e+04
   36500.0 3.0820e+04
   36700.0 3.0476e+04
   36900.0 2.9433e+04
   37100.0 2.9178e+04
   37300.0 2.8012e+04
   37500.0 2.6896e+04
   37700.0 2.7455e+04
   37900.0 2.6982e+04
   38100.0 2.6022e+04
   38300.0 2.5571e+04
   38500.0 2.5436e+04
   38700.0 2.4941e+04
   38900.0 2.4281e+04
   39100.0 2.3233e+04
   39300.0 2.3425e+04
   39500.0 2.3034e+04
   39700.0 2.2597e+04
   39900.0 2.2153e+04
   40100.0 2.1321e+04
   40300.0 2.0770e+04
   40500.0 2.0054e+04
   40700.0 2.0429e+04
   40900.0 2.0122e+04
   41100.0 1.9757e+04
   41300.0 1.9383e+04
   41500.0 1.8939e+04
   41700.0 1.7930e+04
   41900.0 1.8224e+04
   42100.0 1.7990e+04
   42300.0 1.7660e+04
   42500.0 1.7341e+04
   42700.0 1.7021e+04
   42900.0 1.6719e+04
   43100.0 1.6423e+04
   43300.0 1.6124e+04
   43500.0 1.5805e+04
   43700.0 1.4983e+04
   43900.0 1.5083e+04
   44100.0 1.5008e+04
   44300.0 1.4757e+04
   44500.0 1.4497e+04
   44700.0 1.4308e+04
   44900.0 1.4062e+04
   45100.0 1.3813e+04
   45300.0 1.3581e+04
   45500.0 1.3351e+04
   45700.0 1.3120e+04
   45900.0 1.2898e+04
   46100.0 1.2685e+04
   46300.0 1.2413e+04
   46500.0 1.1707e+04
   46700.0 1.1470e+04
   46900.0 1.1748e+04
   47100.0 1.1654e+04
   47300.0 1.1476e+04
   47500.0 1.1283e+04
   47700.0 1.1105e+04
   47900.0 1.0923e+04
   48100.0 1.0745e+04
   48300.0 1.0574e+04
   48500.0 1.0400e+04
   48700.0 1.0239e+04
   48900.0 1.0075e+04
   49100.0 9.9184e+03
   49300.0 9.7592e+03
   49500.0 9.6071e+03
   49700.0 9.4571e+03
   49900.0 9.3092e+03
   50100.0 9.1633e+03
   50300.0 9.0243e+03
   50500.0 8.8824e+03
   50700.0 8.7471e+03
   50900.0 8.6091e+03
   51100.0 8.4179e+03
   51300.0 7.9650e+03
   51500.0 8.1881e+03
   51700.0 8.1070e+03
   51900.0 7.9823e+03
   52100.0 7.8637e+03
   52300.0 7.7466e+03
   52500.0 7.6312e+03
   52700.0 7.5216e+03
   52900.0 7.4091e+03
   53100.0 7.2981e+03
   53300.0 7.1928e+03
   53500.0 7.0888e+03
   53700.0 6.9862e+03
   53900.0 6.8849e+03
   54100.0 6.7849e+03
   54300.0 6.6903e+03
   54500.0 6.5929e+03
   54700.0 6.5007e+03
   54900.0 6.4056e+03
   55100.0 6.3158e+03
   55300.0 6.2270e+03
   55500.0 6.1394e+03
   55700.0 6.0529e+03
   55900.0 5.9674e+03
   56100.0 5.8830e+03
   56300.0 5.8035e+03
   56500.0 5.7249e+03
   56700.0 5.6473e+03
   56900.0 5.5706e+03
   57100.0 5.4912e+03
   57300.0 5.4164e+03
   57500.0 5.3425e+03
   57700.0 5.2732e+03
   57900.0 5.2010e+03
   58100.0 5.1333e+03
   58300.0 5.0629e+03
   58500.0 5.0038e+03
   58700.0 4.9349e+03
   58900.0 4.8289e+03
   59100.0 4.5834e+03
   59300.0 4.7128e+03
   59500.0 4.6778e+03
   59700.0 4.6162e+03
   59900.0 4.5554e+03
   60100.0 4.4985e+03
   60300.0 4.4391e+03
   60500.0 4.3836e+03
   60700.0 4.3254e+03
   60900.0 4.2680e+03
   61100.0 4.2144e+03
   61300.0 4.1614e+03
   61500.0 4.1090e+03
   61700.0 4.0572e+03
   61900.0 4.0060e+03
   62100.0 3.9553e+03
   62300.0 3.9022e+03
   62500.0 3.8558e+03
   62700.0 3.8068e+03
   62900.0 3.7614e+03
   63100.0 3.7135e+03
   63300.0 3.6691e+03
   63500.0 3.6223e+03
   63700.0 3.5789e+03
   63900.0 3.5359e+03
   64200.0 3.4681e+03
   64600.0 3.3850e+03
   65000.0 3.3066e+03
   65400.0 3.2270e+03
   65800.0 3.1519e+03
   66200.0 3.0756e+03
   66600.0 3.0036e+03
   67000.0 2.9331e+03
   67400.0 2.8668e+03
   67800.0 2.8017e+03
   68200.0 2.7354e+03
   68600.0 2.6731e+03
   69000.0 2.6119e+03
   69400.0 2.5545e+03
   69800.0 2.4958e+03
   70200.0 2.4407e+03
   70600.0 2.3871e+03
   71000.0 2.3346e+03
   71400.0 2.2833e+03
   71800.0 2.2335e+03
   72200.0 2.1852e+03
   72600.0 2.1382e+03
   73000.0 2.0923e+03
   73400.0 2.0480e+03
   73800.0 2.0043e+03
   74200.0 1.9592e+03
   74600.0 1.8716e+03
   75000.0 1.8266e+03
   75400.0 1.8380e+03
   75800.0 1.8041e+03
   76200.0 1.7670e+03
   76600.0 1.7310e+03
   77000.0 1.6957e+03
   77400.0 1.6616e+03
   77800.0 1.6283e+03
   78200.0 1.5954e+03
   78600.0 1.5637e+03
   79000.0 1.5329e+03
   79400.0 1.5027e+03
   79800.0 1.4732e+03
   80200.0 1.4443e+03
   80600.0 1.4162e+03
   81000.0 1.3889e+03
   81400.0 1.3622e+03
   81800.0 1.3360e+03
   82200.0 1.3107e+03
   82600.0 1.2859e+03
   83000.0 1.2615e+03
   83400.0 1.2379e+03
   83800.0 1.2146e+03
   84200.0 1.1921e+03
   84600.0 1.1700e+03
   85000.0 1.1484e+03
   85400.0 1.1273e+03
   85800.0 1.1067e+03
   86200.0 1.0865e+03
   86600.0 1.0668e+03
   87000.0 1.0476e+03
   87400.0 1.0287e+03
   87800.0 1.0103e+03
   88200.0 9.9242e+02
   88600.0 9.7477e+02
   89000.0 9.5770e+02
   89400.0 9.4090e+02
   89800.0 9.2436e+02
   90200.0 9.0822e+02
   90600.0 8.9247e+02
   91000.0 8.7697e+02
   91400.0 8.6213e+02
   91800.0 8.4724e+02
   92200.0 8.3285e+02
   92600.0 8.1867e+02
   93000.0 8.0472e+02
   93400.0 7.9138e+02
   93800.0 7.7810e+02
   94200.0 7.6502e+02
   94600.0 7.5240e+02
   95000.0 7.3996e+02
   95400.0 7.2771e+02
   95800.0 7.1564e+02
   96200.0 7.0413e+02
   96600.0 6.9252e+02
   97000.0 6.8134e+02
   97400.0 6.7032e+02
   97800.0 6.5959e+02
   98200.0 6.4888e+02
   98600.0 6.3869e+02
   99000.0 6.2840e+02
   99400.0 6.1862e+02
   99800.0 6.0873e+02
  100200.0 5.9910e+02
  200000.0 3.8313e+01
  400000.0 2.3759e+00
  600000.0 4.6501e-01
  800000.0 1.4587e-01
 1000000.0 5.9311e-02
 1200000.0 2.8422e-02
 1400000.0 1.5253e-02
 1600000.0 8.8954e-03
