      91.0 0.0000e+00
      94.0 0.0000e+00
      96.0 0.0000e+00
      98.0 0.0000e+00
     100.0 0.0000e+00
     102.0 0.0000e+00
     104.0 0.0000e+00
     106.0 0.0000e+00
     108.0 0.0000e+00
     110.0 0.0000e+00
     114.0 0.0000e+00
     118.0 0.0000e+00
     121.0 0.0000e+00
     125.0 0.0000e+00
     127.0 0.0000e+00
     128.0 0.0000e+00
     131.0 0.0000e+00
     132.0 0.0000e+00
     134.0 0.0000e+00
     137.0 0.0000e+00
     140.0 0.0000e+00
     143.0 0.0000e+00
     147.0 0.0000e+00
     151.0 0.0000e+00
     155.0 0.0000e+00
     159.0 0.0000e+00
     162.0 0.0000e+00
     166.0 0.0000e+00
     170.0 0.0000e+00
     173.0 0.0000e+00
     177.0 0.0000e+00
     180.0 0.0000e+00
     182.0 0.0000e+00
     186.0 0.0000e+00
     191.0 0.0000e+00
     194.0 0.0000e+00
     198.0 0.0000e+00
     202.0 0.0000e+00
     205.0 0.0000e+00
     210.0 0.0000e+00
     216.0 0.0000e+00
     220.0 0.0000e+00
     223.0 0.0000e+00
     227.0 0.0000e+00
     230.0 0.0000e+00
     234.0 0.0000e+00
     240.0 0.0000e+00
     246.0 0.0000e+00
     252.0 0.0000e+00
     257.0 0.0000e+00
     260.0 0.0000e+00
     264.0 0.0000e+00
     269.0 0.0000e+00
     274.0 0.0000e+00
     279.0 0.0000e+00
     284.0 0.0000e+00
     290.0 0.0000e+00
     296.0 0.0000e+00
     301.0 0.0000e+00
     308.0 0.0000e+00
     318.0 0.0000e+00
     328.0 0.0000e+00
     338.0 0.0000e+00
     348.0 0.0000e+00
     357.0 0.0000e+00
     366.0 0.0000e+00
     375.0 0.0000e+00
     385.0 0.0000e+00
     395.0 0.0000e+00
     405.0 0.0000e+00
     414.0 0.0000e+00
     422.0 0.0000e+00
     430.0 0.0000e+00
     441.0 0.0000e+00
     451.0 0.0000e+00
     460.0 0.0000e+00
     470.0 0.0000e+00
     480.0 0.0000e+00
     490.0 0.0000e+00
     500.0 0.0000e+00
     506.0 0.0000e+00
     512.0 0.0000e+00
     520.0 0.0000e+00
     530.0 0.0000e+00
     540.0 0.0000e+00
     550.0 0.0000e+00
     560.0 0.0000e+00
     570.0 0.0000e+00
     580.0 0.0000e+00
     590.0 0.0000e+00
     600.0 0.0000e+00
     610.0 0.0000e+00
     620.0 0.0000e+00
     630.0 0.0000e+00
     640.0 0.0000e+00
     650.0 0.0000e+00
     658.0 0.0000e+00
     665.0 0.0000e+00
     675.0 0.0000e+00
     685.0 0.0000e+00
     695.0 0.0000e+00
     705.0 0.0000e+00
     716.0 0.0000e+00
     726.0 0.0000e+00
     735.0 0.0000e+00
     745.0 0.0000e+00
     755.0 0.0000e+00
     765.0 0.0000e+00
     775.0 0.0000e+00
     785.0 0.0000e+00
     795.0 0.0000e+00
     805.0 0.0000e+00
     815.0 0.0000e+00
     825.0 0.0000e+00
     835.0 0.0000e+00
     845.0 0.0000e+00
     855.0 0.0000e+00
     865.0 0.0000e+00
     875.0 0.0000e+00
     885.0 0.0000e+00
     895.0 0.0000e+00
     905.0 0.0000e+00
     915.0 0.0000e+00
     925.0 2.0238e-09
     935.0 2.8312e-09
     945.0 4.4541e-09
     955.0 7.1961e-09
     965.0 1.1337e-08
     975.0 1.5579e-08
     985.0 2.4015e-08
     995.0 3.4254e-08
    1005.0 5.4234e-08
    1015.0 7.8476e-08
    1025.0 8.6551e-08
    1035.0 1.6277e-07
    1045.0 2.3851e-07
    1055.0 3.1579e-07
    1065.0 4.5103e-07
    1075.0 6.3589e-07
    1085.0 8.7369e-07
    1095.0 1.1191e-06
    1105.0 1.6048e-06
    1115.0 2.2455e-06
    1125.0 3.1608e-06
    1135.0 4.5054e-06
    1145.0 6.1393e-06
    1155.0 8.0551e-06
    1165.0 1.0850e-05
    1175.0 1.4357e-05
    1185.0 1.7891e-05
    1195.0 2.0422e-05
    1205.0 2.3644e-05
    1215.0 1.8700e-05
    1225.0 3.8349e-05
    1235.0 5.8487e-05
    1245.0 7.6196e-05
    1255.0 9.3724e-05
    1265.0 1.1570e-04
    1275.0 1.4650e-04
    1285.0 1.7270e-04
    1295.0 2.1831e-04
    1305.0 2.5377e-04
    1315.0 3.2982e-04
    1325.0 3.9152e-04
    1335.0 4.7618e-04
    1345.0 6.0057e-04
    1355.0 7.4000e-04
    1365.0 8.8881e-04
    1375.0 1.0554e-03
    1385.0 1.2422e-03
    1395.0 1.5017e-03
    1405.0 1.8996e-03
    1415.0 2.3028e-03
    1425.0 2.5742e-03
    1435.0 3.2832e-03
    1442.0 3.9619e-03
    1447.0 3.8928e-03
    1455.0 4.5106e-03
    1465.0 6.0008e-03
    1475.0 6.9504e-03
    1485.0 7.7598e-03
    1495.0 1.0194e-02
    1505.0 1.2315e-02
    1512.0 1.0653e-02
    1517.0 1.3225e-02
    1525.0 3.8935e-02
    1535.0 7.3796e-02
    1545.0 6.1289e-02
    1555.0 1.1094e-01
    1565.0 1.0718e-01
    1575.0 2.9508e-01
    1585.0 3.7347e-01
    1595.0 4.4893e-01
    1605.0 4.6598e-01
    1615.0 5.1448e-01
    1625.0 6.0081e-01
    1635.0 7.6663e-01
    1645.0 1.1788e+00
    1655.0 7.5435e-01
    1665.0 1.4504e+00
    1672.0 9.1195e-01
    1677.0 6.9716e+00
    1685.0 7.8136e+00
    1695.0 1.0393e+01
    1705.0 1.0931e+01
    1715.0 1.0543e+01
    1725.0 1.4979e+01
    1735.0 1.9090e+01
    1745.0 2.8118e+01
    1755.0 4.0764e+01
    1765.0 4.0111e+01
    1775.0 4.0802e+01
    1785.0 5.6567e+01
    1795.0 7.0863e+01
    1805.0 7.9429e+01
    1815.0 7.5316e+01
    1825.0 1.0502e+02
    1835.0 1.0755e+02
    1845.0 7.6727e+01
    1855.0 1.1633e+02
    1865.0 1.4284e+02
    1875.0 1.5892e+02
    1885.0 1.7573e+02
    1895.0 2.4214e+02
    1905.0 2.3696e+02
    1915.0 2.6362e+02
    1925.0 2.7824e+02
    1935.0 1.8742e+02
    1945.0 3.7721e+02
    1955.0 3.9878e+02
    1967.0 5.4301e+02
    1976.0 5.3930e+02
    1984.0 6.3458e+02
    1995.0 6.4749e+02
    2005.0 6.5566e+02
    2015.0 7.2389e+02
    2025.0 5.8809e+02
    2035.0 8.3251e+02
    2045.0 9.7493e+02
    2055.0 1.0362e+03
    2065.0 1.0442e+03
    2074.0 1.1458e+03
    2078.0 2.2222e+03
    2085.0 2.8026e+03
    2095.0 2.6858e+03
    2105.0 2.8903e+03
    2115.0 3.3027e+03
    2125.0 2.8574e+03
    2135.0 3.2148e+03
    2145.0 4.0606e+03
    2155.0 3.8939e+03
    2165.0 3.8043e+03
    2175.0 3.8733e+03
    2185.0 4.8552e+03
    2195.0 5.0824e+03
    2205.0 5.1992e+03
    2215.0 4.0916e+03
    2225.0 5.2757e+03
    2235.0 7.6820e+03
    2245.0 7.4638e+03
    2255.0 6.0937e+03
    2265.0 5.1494e+03
    2275.0 6.4713e+03
    2285.0 9.4556e+03
    2295.0 7.8457e+03
    2305.0 8.9988e+03
    2315.0 7.7420e+03
    2325.0 7.5181e+03
    2335.0 7.1217e+03
    2345.0 4.8848e+03
    2355.0 8.7353e+03
    2365.0 5.7330e+03
    2375.0 7.5259e+03
    2385.0 4.6654e+03
    2395.0 6.1150e+03
    2405.0 6.5224e+03
    2415.0 7.0298e+03
    2425.0 1.2745e+04
    2435.0 1.4449e+04
    2445.0 1.7755e+04
    2455.0 1.9276e+04
    2465.0 1.4537e+04
    2475.0 1.2609e+04
    2485.0 4.7285e+03
    2495.0 8.5377e+03
    2505.0 1.4841e+04
    2513.0 6.9689e+03
    2518.0 4.4257e+03
    2525.0 5.2928e+03
    2535.0 1.4107e+04
    2545.0 1.5996e+04
    2555.0 5.0865e+04
    2565.0 2.6556e+04
    2575.0 3.7726e+04
    2585.0 2.9987e+04
    2595.0 2.4450e+04
    2605.0 1.9951e+04
    2615.0 1.8273e+04
    2625.0 2.6348e+04
    2635.0 6.8687e+04
    2645.0 1.1124e+05
    2655.0 1.9257e+05
    2665.0 9.9567e+04
    2675.0 1.1154e+05
    2685.0 1.4400e+05
    2695.0 9.6571e+04
    2705.0 1.3606e+05
    2715.0 8.1032e+04
    2725.0 4.3393e+04
    2735.0 6.9319e+04
    2745.0 3.3086e+04
    2755.0 5.2011e+04
    2765.0 7.7030e+04
    2775.0 8.1724e+04
    2785.0 4.3878e+04
    2795.0 1.4458e+04
    2805.0 1.8975e+04
    2815.0 6.7115e+04
    2825.0 1.1342e+05
    2835.0 1.0999e+05
    2845.0 6.0092e+04
    2855.0 2.4451e+04
    2865.0 1.0485e+05
    2875.0 1.9455e+05
    2885.0 1.7102e+05
    2895.0 2.3194e+05
    2910.0 3.2740e+05
    2930.0 2.8314e+05
    2950.0 2.5148e+05
    2970.0 2.6496e+05
    2990.0 2.7269e+05
    3010.0 2.5691e+05
    3030.0 2.9728e+05
    3050.0 3.1338e+05
    3070.0 3.4977e+05
    3090.0 3.5166e+05
    3110.0 4.1968e+05
    3130.0 3.6745e+05
    3150.0 3.6909e+05
    3170.0 4.1838e+05
    3190.0 3.5682e+05
    3210.0 4.0034e+05
    3230.0 3.1770e+05
    3250.0 4.9727e+05
    3270.0 5.8888e+05
    3290.0 5.6413e+05
    3310.0 5.1968e+05
    3330.0 5.4590e+05
    3350.0 5.1514e+05
    3370.0 3.7199e+05
    3390.0 4.3283e+05
    3410.0 4.5922e+05
    3430.0 4.9037e+05
    3450.0 5.4425e+05
    3470.0 5.6369e+05
    3490.0 6.3010e+05
    3510.0 6.6226e+05
    3530.0 5.7924e+05
    3550.0 6.5504e+05
    3570.0 4.1738e+05
    3590.0 4.5545e+05
    3610.0 6.2084e+05
    3630.0 6.4159e+05
    3640.0 6.5789e+05
    3650.0 7.5222e+05
    3670.0 7.6933e+05
    3690.0 7.3935e+05
    3710.0 8.4945e+05
    3730.0 5.6567e+05
    3750.0 6.3657e+05
    3770.0 7.6137e+05
    3790.0 7.4576e+05
    3810.0 6.8516e+05
    3830.0 3.8774e+05
    3850.0 4.4496e+05
    3870.0 4.5799e+05
    3890.0 7.2741e+05
    3910.0 8.6909e+05
    3930.0 3.8495e+05
    3950.0 7.1408e+05
    3970.0 4.7675e+05
    3990.0 1.0877e+06
    4010.0 1.1842e+06
    4030.0 1.1984e+06
    4050.0 1.1463e+06
    4070.0 1.0960e+06
    4090.0 1.3176e+06
    4110.0 1.3240e+06
    4130.0 1.2324e+06
    4150.0 1.2136e+06
    4170.0 1.2144e+06
    4190.0 1.1755e+06
    4210.0 1.2273e+06
    4230.0 1.2298e+06
    4250.0 1.2262e+06
    4270.0 1.1431e+06
    4290.0 1.0314e+06
    4310.0 8.3146e+05
    4330.0 1.3022e+06
    4350.0 1.2560e+06
    4370.0 1.3639e+06
    4390.0 1.2295e+06
    4410.0 1.3448e+06
    4430.0 1.4463e+06
    4450.0 1.4431e+06
    4470.0 1.5454e+06
    4490.0 1.5668e+06
    4510.0 1.7728e+06
    4530.0 1.5743e+06
    4550.0 1.6236e+06
    4570.0 1.7467e+06
    4590.0 1.6364e+06
    4610.0 1.6888e+06
    4630.0 1.6441e+06
    4650.0 1.6738e+06
    4670.0 1.7194e+06
    4690.0 1.6857e+06
    4710.0 1.6460e+06
    4730.0 1.7189e+06
    4750.0 1.7837e+06
    4770.0 1.7956e+06
    4790.0 1.7864e+06
    4810.0 1.7472e+06
    4830.0 1.8037e+06
    4850.0 1.6900e+06
    4870.0 1.5457e+06
    4890.0 1.7181e+06
    4910.0 1.7061e+06
    4930.0 1.6834e+06
    4950.0 1.7849e+06
    4970.0 1.7603e+06
    4990.0 1.6292e+06
    5010.0 1.5603e+06
    5030.0 1.6499e+06
    5050.0 1.6683e+06
    5070.0 1.7508e+06
    5090.0 1.6510e+06
    5110.0 1.6859e+06
    5130.0 1.6304e+06
    5150.0 1.5784e+06
    5170.0 1.4985e+06
    5190.0 1.5404e+06
    5210.0 1.6324e+06
    5230.0 1.6537e+06
    5250.0 1.6968e+06
    5270.0 1.5121e+06
    5290.0 1.7025e+06
    5310.0 1.7816e+06
    5330.0 1.5977e+06
    5350.0 1.7370e+06
    5370.0 1.7362e+06
    5390.0 1.6998e+06
    5410.0 1.6516e+06
    5430.0 1.6907e+06
    5450.0 1.7655e+06
    5470.0 1.7069e+06
    5490.0 1.7076e+06
    5510.0 1.6905e+06
    5530.0 1.7156e+06
    5550.0 1.7383e+06
    5570.0 1.7018e+06
    5590.0 1.6624e+06
    5610.0 1.7310e+06
    5630.0 1.7104e+06
    5650.0 1.7167e+06
    5670.0 1.6703e+06
    5690.0 1.7138e+06
    5710.0 1.6691e+06
    5730.0 1.7988e+06
    5750.0 1.7243e+06
    5770.0 1.7480e+06
    5790.0 1.6866e+06
    5810.0 1.7403e+06
    5830.0 1.7761e+06
    5850.0 1.7289e+06
    5870.0 1.7377e+06
    5890.0 1.6308e+06
    5910.0 1.7108e+06
    5930.0 1.7105e+06
    5950.0 1.7146e+06
    5970.0 1.7307e+06
    5990.0 1.7028e+06
    6010.0 1.6706e+06
    6030.0 1.6938e+06
    6050.0 1.7252e+06
    6070.0 1.7126e+06
    6090.0 1.6500e+06
    6110.0 1.6430e+06
    6130.0 1.5768e+06
    6150.0 1.6078e+06
    6170.0 1.5611e+06
    6190.0 1.6421e+06
    6210.0 1.6443e+06
    6230.0 1.5899e+06
    6250.0 1.5365e+06
    6270.0 1.6155e+06
    6290.0 1.6231e+06
    6310.0 1.5758e+06
    6330.0 1.5877e+06
    6350.0 1.5896e+06
    6370.0 1.5781e+06
    6390.0 1.5956e+06
    6410.0 1.5553e+06
    6430.0 1.5723e+06
    6450.0 1.5614e+06
    6470.0 1.5504e+06
    6490.0 1.5232e+06
    6510.0 1.5602e+06
    6530.0 1.5605e+06
    6550.0 1.5256e+06
    6570.0 1.4016e+06
    6590.0 1.5275e+06
    6610.0 1.5449e+06
    6630.0 1.5310e+06
    6650.0 1.5286e+06
    6670.0 1.5054e+06
    6690.0 1.5385e+06
    6710.0 1.4910e+06
    6730.0 1.5208e+06
    6750.0 1.4989e+06
    6770.0 1.5031e+06
    6790.0 1.4901e+06
    6810.0 1.4829e+06
    6830.0 1.4925e+06
    6850.0 1.4496e+06
    6870.0 1.4696e+06
    6890.0 1.4767e+06
    6910.0 1.4597e+06
    6930.0 1.4525e+06
    6950.0 1.4409e+06
    6970.0 1.4411e+06
    6990.0 1.4355e+06
    7010.0 1.3851e+06
    7030.0 1.4117e+06
    7050.0 1.4204e+06
    7070.0 1.4018e+06
    7090.0 1.3948e+06
    7110.0 1.3965e+06
    7130.0 1.3707e+06
    7150.0 1.3657e+06
    7170.0 1.3657e+06
    7190.0 1.3197e+06
    7210.0 1.3546e+06
    7230.0 1.3549e+06
    7250.0 1.3602e+06
    7270.0 1.3520e+06
    7290.0 1.3081e+06
    7310.0 1.3305e+06
    7330.0 1.3295e+06
    7350.0 1.3268e+06
    7370.0 1.3335e+06
    7390.0 1.2957e+06
    7410.0 1.2715e+06
    7430.0 1.2946e+06
    7450.0 1.2981e+06
    7470.0 1.3045e+06
    7490.0 1.2922e+06
    7510.0 1.2934e+06
    7530.0 1.2960e+06
    7550.0 1.2984e+06
    7570.0 1.2844e+06
    7590.0 1.2785e+06
    7610.0 1.2724e+06
    7630.0 1.2752e+06
    7650.0 1.2745e+06
    7670.0 1.2355e+06
    7690.0 1.2654e+06
    7710.0 1.2410e+06
    7730.0 1.2425e+06
    7750.0 1.2275e+06
    7770.0 1.2476e+06
    7790.0 1.2453e+06
    7810.0 1.2370e+06
    7830.0 1.2240e+06
    7850.0 1.2153e+06
    7870.0 1.2244e+06
    7890.0 1.2091e+06
    7910.0 1.1831e+06
    7930.0 1.1678e+06
    7950.0 1.1604e+06
    7970.0 1.1857e+06
    7990.0 1.1856e+06
    8010.0 1.1693e+06
    8030.0 1.1668e+06
    8050.0 1.1562e+06
    8070.0 1.1584e+06
    8090.0 1.1310e+06
    8110.0 1.1402e+06
    8130.0 1.1457e+06
    8150.0 1.1374e+06
    8170.0 1.1361e+06
    8190.0 1.1056e+06
    8210.0 1.1032e+06
    8230.0 1.1048e+06
    8250.0 1.1116e+06
    8270.0 1.1218e+06
    8290.0 1.1134e+06
    8310.0 1.0832e+06
    8330.0 1.0813e+06
    8350.0 1.0825e+06
    8370.0 1.0871e+06
    8390.0 1.0613e+06
    8410.0 1.0826e+06
    8430.0 1.0578e+06
    8450.0 1.0703e+06
    8470.0 1.0591e+06
    8490.0 1.0686e+06
    8510.0 1.0154e+06
    8530.0 1.0640e+06
    8550.0 9.9326e+05
    8570.0 1.0649e+06
    8590.0 1.0377e+06
    8610.0 1.0340e+06
    8630.0 1.0475e+06
    8650.0 1.0482e+06
    8670.0 9.6372e+05
    8690.0 1.0096e+06
    8710.0 1.0221e+06
    8730.0 1.0234e+06
    8750.0 1.0002e+06
    8770.0 1.0225e+06
    8790.0 1.0096e+06
    8810.0 9.8710e+05
    8830.0 1.0016e+06
    8850.0 1.0033e+06
    8870.0 9.7318e+05
    8890.0 9.9870e+05
    8910.0 1.0040e+06
    8930.0 9.7850e+05
    8950.0 9.7757e+05
    8970.0 9.7888e+05
    8990.0 9.7913e+05
    9010.0 9.3608e+05
    9030.0 9.6797e+05
    9050.0 9.8347e+05
    9070.0 9.6266e+05
    9090.0 9.3463e+05
    9110.0 9.4267e+05
    9130.0 9.6098e+05
    9150.0 9.5349e+05
    9170.0 9.5076e+05
    9190.0 9.5813e+05
    9210.0 9.3150e+05
    9230.0 9.2169e+05
    9250.0 9.2234e+05
    9270.0 9.2925e+05
    9290.0 9.2886e+05
    9310.0 9.3193e+05
    9330.0 9.2326e+05
    9350.0 9.2096e+05
    9370.0 9.0979e+05
    9390.0 9.1381e+05
    9410.0 8.8067e+05
    9430.0 9.0688e+05
    9450.0 8.8868e+05
    9470.0 9.0338e+05
    9490.0 9.0450e+05
    9510.0 8.9513e+05
    9530.0 8.9112e+05
    9550.0 8.6793e+05
    9570.0 8.7530e+05
    9590.0 8.8600e+05
    9610.0 8.7258e+05
    9630.0 8.6456e+05
    9650.0 8.5686e+05
    9670.0 8.5473e+05
    9690.0 8.6487e+05
    9710.0 8.5724e+05
    9730.0 8.5461e+05
    9750.0 8.4581e+05
    9770.0 8.4448e+05
    9790.0 8.3578e+05
    9810.0 8.4583e+05
    9830.0 8.4091e+05
    9850.0 8.4034e+05
    9870.0 8.3115e+05
    9890.0 8.2865e+05
    9910.0 8.2543e+05
    9930.0 8.2904e+05
    9950.0 8.2753e+05
    9970.0 8.2493e+05
    9990.0 8.1983e+05
   10025.0 8.1304e+05
   10075.0 7.9921e+05
   10125.0 7.9706e+05
   10175.0 7.8299e+05
   10225.0 7.8109e+05
   10275.0 7.7941e+05
   10325.0 7.6345e+05
   10375.0 7.5599e+05
   10425.0 7.5604e+05
   10475.0 7.4392e+05
   10525.0 7.4196e+05
   10575.0 7.3292e+05
   10625.0 7.2487e+05
   10675.0 7.0947e+05
   10725.0 7.0892e+05
   10775.0 6.9967e+05
   10825.0 6.8739e+05
   10875.0 6.8432e+05
   10925.0 6.8219e+05
   10975.0 6.7281e+05
   11025.0 6.7570e+05
   11075.0 6.7186e+05
   11125.0 6.6438e+05
   11175.0 6.5604e+05
   11225.0 6.5421e+05
   11275.0 6.4050e+05
   11325.0 6.3794e+05
   11375.0 6.3225e+05
   11425.0 6.2223e+05
   11475.0 6.2811e+05
   11525.0 6.2303e+05
   11575.0 6.1292e+05
   11625.0 6.0287e+05
   11675.0 6.0026e+05
   11725.0 6.0309e+05
   11775.0 5.9003e+05
   11825.0 5.8556e+05
   11875.0 5.7673e+05
   11925.0 5.8455e+05
   11975.0 5.6438e+05
   12025.0 5.7014e+05
   12075.0 5.6214e+05
   12125.0 5.6102e+05
   12175.0 5.6160e+05
   12225.0 5.5670e+05
   12275.0 5.5018e+05
   12325.0 5.4644e+05
   12375.0 5.4203e+05
   12425.0 5.3721e+05
   12475.0 5.3530e+05
   12525.0 5.2813e+05
   12575.0 5.2439e+05
   12625.0 5.2047e+05
   12675.0 5.1429e+05
   12725.0 5.1395e+05
   12775.0 5.1170e+05
   12825.0 4.8898e+05
   12875.0 4.9952e+05
   12925.0 4.9473e+05
   12975.0 4.9548e+05
   13025.0 4.8716e+05
   13075.0 4.8751e+05
   13125.0 4.7921e+05
   13175.0 4.7571e+05
   13225.0 4.7596e+05
   13275.0 4.6694e+05
   13325.0 4.6750e+05
   13375.0 4.6253e+05
   13425.0 4.6355e+05
   13475.0 4.5893e+05
   13525.0 4.5594e+05
   13575.0 4.4692e+05
   13625.0 4.4533e+05
   13675.0 4.4336e+05
   13725.0 4.4058e+05
   13775.0 4.3758e+05
   13825.0 4.3574e+05
   13875.0 4.3216e+05
   13925.0 4.3037e+05
   13975.0 4.2821e+05
   14025.0 4.2059e+05
   14075.0 4.2160e+05
   14125.0 4.1478e+05
   14175.0 4.1687e+05
   14225.0 4.0778e+05
   14275.0 4.0187e+05
   14325.0 4.0597e+05
   14375.0 4.0611e+05
   14425.0 3.9056e+05
   14475.0 3.9863e+05
   14525.0 3.8992e+05
   14570.0 3.9186e+05
   14620.0 3.8907e+05
   14675.0 3.8711e+05
   14725.0 3.7951e+05
   14775.0 3.7788e+05
   14825.0 3.7708e+05
   14875.0 3.7016e+05
   14925.0 3.7608e+05
   14975.0 3.6897e+05
   15025.0 3.6227e+05
   15075.0 3.5850e+05
   15125.0 3.6248e+05
   15175.0 3.6140e+05
   15225.0 3.5603e+05
   15275.0 3.5642e+05
   15325.0 3.5216e+05
   15375.0 3.5195e+05
   15425.0 3.4867e+05
   15475.0 3.4702e+05
   15525.0 3.4140e+05
   15575.0 3.3511e+05
   15625.0 3.4240e+05
   15675.0 3.3109e+05
   15725.0 3.3214e+05
   15775.0 3.2305e+05
   15825.0 3.2643e+05
   15875.0 3.1019e+05
   15925.0 3.1908e+05
   15975.0 3.2249e+05
   16050.0 3.1804e+05
   16150.0 3.0919e+05
   16250.0 3.1058e+05
   16350.0 3.0347e+05
   16450.0 2.9381e+05
   16550.0 2.9495e+05
   16650.0 2.9004e+05
   16750.0 2.8171e+05
   16850.0 2.7162e+05
   16950.0 2.7514e+05
   17050.0 2.6594e+05
   17150.0 2.6301e+05
   17250.0 2.5486e+05
   17350.0 2.4452e+05
   17450.0 2.4550e+05
   17550.0 2.4213e+05
   17650.0 2.3766e+05
   17750.0 2.3259e+05
   17850.0 2.2954e+05
   17950.0 2.2509e+05
   18050.0 2.2018e+05
   18150.0 2.1204e+05
   18250.0 2.1095e+05
   18350.0 2.0794e+05
   18450.0 2.0235e+05
   18550.0 2.0035e+05
   18650.0 1.9438e+05
   18750.0 1.8634e+05
   18850.0 1.8893e+05
   18950.0 1.8143e+05
   19050.0 1.8310e+05
   19150.0 1.7929e+05
   19250.0 1.7627e+05
   19350.0 1.7160e+05
   19450.0 1.6509e+05
   19550.0 1.6695e+05
   19650.0 1.6354e+05
   19750.0 1.6048e+05
   19850.0 1.5820e+05
   19950.0 1.5556e+05
   20050.0 1.5398e+05
   20150.0 1.5198e+05
   20250.0 1.4774e+05
   20350.0 1.4444e+05
   20450.0 1.4429e+05
   20550.0 1.4141e+05
   20650.0 1.3836e+05
   20750.0 1.3633e+05
   20850.0 1.3420e+05
   20950.0 1.3106e+05
   21050.0 1.3020e+05
   21150.0 1.2766e+05
   21250.0 1.2558e+05
   21350.0 1.2402e+05
   21450.0 1.2211e+05
   21550.0 1.2007e+05
   21650.0 1.1520e+05
   21750.0 1.1536e+05
   21850.0 1.1378e+05
   21950.0 1.1260e+05
   22050.0 1.0990e+05
   22150.0 1.0896e+05
   22250.0 1.0694e+05
   22350.0 1.0524e+05
   22450.0 1.0374e+05
   22550.0 1.0199e+05
   22650.0 1.0025e+05
   22750.0 9.9189e+04
   22850.0 9.7128e+04
   22950.0 9.1207e+04
   23050.0 9.2651e+04
   23150.0 9.1517e+04
   23250.0 8.5208e+04
   23350.0 8.7053e+04
   23450.0 8.7053e+04
   23550.0 8.0478e+04
   23650.0 8.2950e+04
   23750.0 8.2529e+04
   23850.0 7.6611e+04
   23950.0 7.8690e+04
   24050.0 7.8472e+04
   24150.0 7.3917e+04
   24250.0 7.4899e+04
   24350.0 7.4589e+04
   24450.0 7.1753e+04
   24550.0 7.0812e+04
   24650.0 7.1817e+04
   24750.0 6.9672e+04
   24850.0 6.7675e+04
   24950.0 6.8039e+04
   25050.0 6.8300e+04
   25150.0 6.5293e+04
   25250.0 6.5717e+04
   25350.0 6.5237e+04
   25450.0 6.3744e+04
   25550.0 6.2971e+04
   25650.0 6.2153e+04
   25750.0 6.2159e+04
   25850.0 5.9831e+04
   25950.0 6.0065e+04
   26050.0 5.9623e+04
   26150.0 5.8326e+04
   26250.0 5.6873e+04
   26350.0 5.7167e+04
   26450.0 5.6376e+04
   26550.0 5.5578e+04
   26650.0 5.4469e+04
   26750.0 5.4348e+04
   26850.0 5.4010e+04
   26950.0 5.3115e+04
   27050.0 5.2608e+04
   27150.0 5.1912e+04
   27250.0 5.1354e+04
   27350.0 5.0594e+04
   27450.0 5.0163e+04
   27550.0 4.9167e+04
   27650.0 4.8656e+04
   27750.0 4.8056e+04
   27850.0 4.7557e+04
   27950.0 4.7172e+04
   28050.0 4.6516e+04
   28150.0 4.5898e+04
   28250.0 4.5303e+04
   28350.0 4.4895e+04
   28450.0 4.4165e+04
   28550.0 4.3665e+04
   28650.0 4.3068e+04
   28750.0 4.2145e+04
   28850.0 4.2056e+04
   28950.0 4.1579e+04
   29050.0 4.1038e+04
   29150.0 4.0531e+04
   29250.0 3.9876e+04
   29350.0 3.9591e+04
   29450.0 3.8935e+04
   29550.0 3.8562e+04
   29650.0 3.8139e+04
   29750.0 3.7653e+04
   29850.0 3.7185e+04
   29950.0 3.6697e+04
   30050.0 3.6254e+04
   30150.0 3.5869e+04
   30250.0 3.5383e+04
   30350.0 3.4538e+04
   30450.0 3.4480e+04
   30550.0 3.4075e+04
   30650.0 3.3661e+04
   30750.0 3.3354e+04
   30850.0 3.2836e+04
   30950.0 3.2461e+04
   31050.0 3.2178e+04
   31150.0 3.1551e+04
   31250.0 3.1350e+04
   31350.0 3.1016e+04
   31450.0 3.0637e+04
   31550.0 3.0190e+04
   31650.0 2.9856e+04
   31750.0 2.9549e+04
   31850.0 2.9198e+04
   31950.0 2.8898e+04
   32100.0 2.8361e+04
   32300.0 2.7724e+04
   32500.0 2.7066e+04
   32700.0 2.6433e+04
   32900.0 2.5625e+04
   33100.0 2.5196e+04
   33300.0 2.4591e+04
   33500.0 2.4106e+04
   33700.0 2.3525e+04
   33900.0 2.2977e+04
   34100.0 2.2430e+04
   34300.0 2.2027e+04
   34500.0 2.1570e+04
   34700.0 2.1083e+04
   34900.0 2.0636e+04
   35100.0 2.0216e+04
   35300.0 1.9709e+04
   35500.0 1.9326e+04
   35700.0 1.8884e+04
   35900.0 1.8469e+04
   36100.0 1.8127e+04
   36300.0 1.7755e+04
   36500.0 1.7318e+04
   36700.0 1.6934e+04
   36900.0 1.6487e+04
   37100.0 1.6135e+04
   37300.0 1.5876e+04
   37500.0 1.5366e+04
   37700.0 1.5238e+04
   37900.0 1.4919e+04
   38100.0 1.4663e+04
   38300.0 1.4396e+04
   38500.0 1.4134e+04
   38700.0 1.3820e+04
   38900.0 1.3551e+04
   39100.0 1.3303e+04
   39300.0 1.3052e+04
   39500.0 1.2735e+04
   39700.0 1.2524e+04
   39900.0 1.2203e+04
   40100.0 1.1999e+04
   40300.0 1.1821e+04
   40500.0 1.1529e+04
   40700.0 1.1366e+04
   40900.0 1.1169e+04
   41100.0 1.0968e+04
   41300.0 1.0778e+04
   41500.0 1.0549e+04
   41700.0 1.0351e+04
   41900.0 1.0171e+04
   42100.0 9.9457e+03
   42300.0 9.8250e+03
   42500.0 9.6133e+03
   42700.0 9.4708e+03
   42900.0 8.9853e+03
   43100.0 8.6245e+03
   43300.0 8.6345e+03
   43500.0 8.1624e+03
   43700.0 8.0000e+03
   43900.0 7.9210e+03
   44100.0 7.4547e+03
   44300.0 7.4609e+03
   44500.0 7.3334e+03
   44700.0 6.9438e+03
   44900.0 7.0249e+03
   45100.0 6.8684e+03
   45300.0 6.5507e+03
   45500.0 6.5917e+03
   45700.0 6.5284e+03
   45900.0 6.2098e+03
   46100.0 6.2689e+03
   46300.0 6.1478e+03
   46500.0 6.0506e+03
   46700.0 5.9879e+03
   46900.0 5.9206e+03
   47100.0 5.7785e+03
   47300.0 5.7887e+03
   47500.0 5.6710e+03
   47700.0 5.5708e+03
   47900.0 5.4983e+03
   48100.0 5.3749e+03
   48300.0 5.4024e+03
   48500.0 5.2764e+03
   48700.0 5.1775e+03
   48900.0 5.1252e+03
   49100.0 5.0289e+03
   49300.0 4.9585e+03
   49500.0 4.8789e+03
   49700.0 4.8276e+03
   49900.0 4.7384e+03
   50100.0 4.7025e+03
   50300.0 4.6344e+03
   50500.0 4.5287e+03
   50700.0 4.4771e+03
   50900.0 4.4300e+03
   51100.0 4.3375e+03
   51300.0 4.2924e+03
   51500.0 4.2283e+03
   51700.0 4.2101e+03
   51900.0 4.1180e+03
   52100.0 4.0569e+03
   52300.0 3.9952e+03
   52500.0 3.9687e+03
   52700.0 3.9421e+03
   52900.0 3.8370e+03
   53100.0 3.7949e+03
   53300.0 3.7543e+03
   53500.0 3.7032e+03
   53700.0 3.6574e+03
   53900.0 3.6142e+03
   54100.0 3.5637e+03
   54300.0 3.4924e+03
   54500.0 3.4741e+03
   54700.0 3.4207e+03
   54900.0 3.3747e+03
   55100.0 3.3321e+03
   55300.0 3.3217e+03
   55500.0 3.2336e+03
   55700.0 3.2321e+03
   55900.0 3.1675e+03
   56100.0 3.1351e+03
   56300.0 3.0807e+03
   56500.0 3.0657e+03
   56700.0 3.0247e+03
   56900.0 2.9646e+03
   57100.0 2.9516e+03
   57300.0 2.9095e+03
   57500.0 2.8747e+03
   57700.0 2.8296e+03
   57900.0 2.8087e+03
   58100.0 2.7617e+03
   58300.0 2.7315e+03
   58500.0 2.7016e+03
   58700.0 2.6564e+03
   58900.0 2.6246e+03
   59100.0 2.5969e+03
   59300.0 2.5692e+03
   59500.0 2.5269e+03
   59700.0 2.5070e+03
   59900.0 2.4759e+03
   60100.0 2.4461e+03
   60300.0 2.4161e+03
   60500.0 2.3811e+03
   60700.0 2.3518e+03
   60900.0 2.3238e+03
   61100.0 2.2896e+03
   61300.0 2.2690e+03
   61500.0 2.2438e+03
   61700.0 2.2198e+03
   61900.0 2.1930e+03
   62100.0 2.1683e+03
   62300.0 2.1352e+03
   62500.0 2.1081e+03
   62700.0 2.0849e+03
   62900.0 2.0617e+03
   63100.0 2.0338e+03
   63300.0 2.0180e+03
   63500.0 1.9905e+03
   63700.0 1.9721e+03
   63900.0 1.9448e+03
   64200.0 1.9115e+03
   64600.0 1.8638e+03
   65000.0 1.8208e+03
   65400.0 1.7798e+03
   65800.0 1.7407e+03
   66200.0 1.6992e+03
   66600.0 1.6619e+03
   67000.0 1.6242e+03
   67400.0 1.5846e+03
   67800.0 1.5501e+03
   68200.0 1.5149e+03
   68600.0 1.4818e+03
   69000.0 1.4483e+03
   69400.0 1.4162e+03
   69800.0 1.3857e+03
   70200.0 1.3537e+03
   70600.0 1.3242e+03
   71000.0 1.2955e+03
   71400.0 1.2679e+03
   71800.0 1.2401e+03
   72200.0 1.2135e+03
   72600.0 1.1872e+03
   73000.0 1.1627e+03
   73400.0 1.1374e+03
   73800.0 1.1143e+03
   74200.0 1.0890e+03
   74600.0 1.0653e+03
   75000.0 1.0440e+03
   75400.0 1.0226e+03
   75800.0 1.0026e+03
   76200.0 9.8223e+02
   76600.0 9.6239e+02
   77000.0 9.4251e+02
   77400.0 9.2418e+02
   77800.0 9.0559e+02
   78200.0 8.8674e+02
   78600.0 8.6939e+02
   79000.0 8.5216e+02
   79400.0 8.3522e+02
   79800.0 8.1915e+02
   80200.0 8.0261e+02
   80600.0 7.8710e+02
   81000.0 7.7258e+02
   81400.0 7.5704e+02
   81800.0 7.4303e+02
   82200.0 7.2907e+02
   82600.0 7.1464e+02
   83000.0 7.0133e+02
   83400.0 6.8789e+02
   83800.0 6.7502e+02
   84200.0 6.6288e+02
   84600.0 6.5059e+02
   85000.0 6.3867e+02
   85400.0 6.2711e+02
   85800.0 6.1558e+02
   86200.0 6.0439e+02
   86600.0 5.9370e+02
   87000.0 5.8303e+02
   87400.0 5.7205e+02
   87800.0 5.6172e+02
   88200.0 5.5155e+02
   88600.0 5.4200e+02
   89000.0 5.3229e+02
   89400.0 5.2319e+02
   89800.0 5.1378e+02
   90200.0 5.0511e+02
   90600.0 4.9671e+02
   91000.0 4.8772e+02
   91400.0 4.7944e+02
   91800.0 4.7157e+02
   92200.0 4.6368e+02
   92600.0 4.5577e+02
   93000.0 4.4770e+02
   93400.0 4.4030e+02
   93800.0 4.3287e+02
   94200.0 4.2569e+02
   94600.0 4.1861e+02
   95000.0 4.1164e+02
   95400.0 4.0490e+02
   95800.0 3.9852e+02
   96200.0 3.9184e+02
   96600.0 3.8552e+02
   97000.0 3.7929e+02
   97400.0 3.7277e+02
   97800.0 3.6722e+02
   98200.0 3.6137e+02
   98600.0 3.5561e+02
   99000.0 3.5005e+02
   99400.0 3.4408e+02
   99800.0 3.3868e+02
  100200.0 3.3347e+02
  200000.0 2.1444e+01
  400000.0 1.3416e+00
  600000.0 2.6328e-01
  800000.0 8.2761e-02
 1000000.0 3.3661e-02
 1200000.0 1.6139e-02
 1400000.0 8.6634e-03
 1600000.0 5.0543e-03
