      91.0 0.0000e+00
      94.0 0.0000e+00
      96.0 0.0000e+00
      98.0 0.0000e+00
     100.0 0.0000e+00
     102.0 0.0000e+00
     104.0 0.0000e+00
     106.0 0.0000e+00
     108.0 0.0000e+00
     110.0 0.0000e+00
     114.0 0.0000e+00
     118.0 0.0000e+00
     121.0 0.0000e+00
     125.0 0.0000e+00
     127.0 0.0000e+00
     128.0 0.0000e+00
     131.0 0.0000e+00
     132.0 0.0000e+00
     134.0 0.0000e+00
     137.0 0.0000e+00
     140.0 0.0000e+00
     143.0 0.0000e+00
     147.0 0.0000e+00
     151.0 0.0000e+00
     155.0 0.0000e+00
     159.0 0.0000e+00
     162.0 0.0000e+00
     166.0 0.0000e+00
     170.0 0.0000e+00
     173.0 0.0000e+00
     177.0 0.0000e+00
     180.0 0.0000e+00
     182.0 0.0000e+00
     186.0 0.0000e+00
     191.0 0.0000e+00
     194.0 0.0000e+00
     198.0 0.0000e+00
     202.0 0.0000e+00
     205.0 0.0000e+00
     210.0 0.0000e+00
     216.0 0.0000e+00
     220.0 0.0000e+00
     223.0 0.0000e+00
     227.0 0.0000e+00
     230.0 0.0000e+00
     234.0 0.0000e+00
     240.0 0.0000e+00
     246.0 0.0000e+00
     252.0 0.0000e+00
     257.0 0.0000e+00
     260.0 0.0000e+00
     264.0 0.0000e+00
     269.0 0.0000e+00
     274.0 0.0000e+00
     279.0 0.0000e+00
     284.0 0.0000e+00
     290.0 0.0000e+00
     296.0 0.0000e+00
     301.0 0.0000e+00
     308.0 0.0000e+00
     318.0 0.0000e+00
     328.0 0.0000e+00
     338.0 0.0000e+00
     348.0 0.0000e+00
     357.0 0.0000e+00
     366.0 0.0000e+00
     375.0 0.0000e+00
     385.0 0.0000e+00
     395.0 0.0000e+00
     405.0 0.0000e+00
     414.0 0.0000e+00
     422.0 0.0000e+00
     430.0 0.0000e+00
     441.0 0.0000e+00
     451.0 0.0000e+00
     460.0 0.0000e+00
     470.0 0.0000e+00
     480.0 0.0000e+00
     490.0 0.0000e+00
     500.0 0.0000e+00
     506.0 1.3180e-15
     512.0 2.7410e-15
     520.0 6.1910e-15
     530.0 1.6466e-14
     540.0 4.1658e-14
     550.0 1.0247e-13
     560.0 2.4266e-13
     570.0 5.5548e-13
     580.0 1.2248e-12
     590.0 2.6550e-12
     600.0 5.5595e-12
     610.0 1.1347e-11
     620.0 2.2573e-11
     630.0 4.3809e-11
     640.0 8.3146e-11
     650.0 1.5452e-10
     658.0 2.4985e-10
     665.0 3.7584e-10
     675.0 6.6430e-10
     685.0 1.1528e-09
     695.0 1.9650e-09
     705.0 3.2789e-09
     716.0 5.6981e-09
     726.0 9.2348e-09
     735.0 1.4082e-08
     745.0 2.2211e-08
     755.0 3.4543e-08
     765.0 5.3051e-08
     775.0 8.0480e-08
     785.0 1.2065e-07
     795.0 1.7693e-07
     805.0 2.6074e-07
     815.0 3.7931e-07
     825.0 5.4442e-07
     835.0 7.7345e-07
     845.0 1.0885e-06
     855.0 1.5188e-06
     865.0 2.0995e-06
     875.0 2.8678e-06
     885.0 3.9088e-06
     895.0 5.2726e-06
     905.0 7.0235e-06
     915.0 7.5855e-03
     925.0 1.8178e-02
     935.0 2.4046e-02
     945.0 3.1785e-02
     955.0 4.4994e-02
     965.0 5.9493e-02
     975.0 7.4956e-02
     985.0 9.8593e-02
     995.0 1.2246e-01
    1005.0 1.6764e-01
    1015.0 2.1464e-01
    1025.0 2.3467e-01
    1035.0 3.3852e-01
    1045.0 4.3156e-01
    1055.0 5.3924e-01
    1065.0 6.5233e-01
    1075.0 8.2008e-01
    1085.0 1.0109e+00
    1095.0 1.2091e+00
    1105.0 5.9977e+00
    1115.0 1.1285e+01
    1125.0 1.5501e+01
    1135.0 1.9381e+01
    1145.0 2.4166e+01
    1155.0 2.5871e+01
    1165.0 3.4184e+01
    1175.0 3.9181e+01
    1185.0 3.8326e+01
    1195.0 2.2303e+01
    1205.0 2.2265e+01
    1215.0 6.3256e+00
    1225.0 2.7817e+01
    1235.0 6.4643e+01
    1245.0 1.7546e+02
    1255.0 3.1718e+02
    1265.0 3.2800e+02
    1275.0 5.8578e+02
    1285.0 8.9617e+02
    1295.0 1.1491e+03
    1305.0 8.4427e+02
    1315.0 1.5693e+03
    1325.0 1.9364e+03
    1335.0 2.1175e+03
    1345.0 2.8789e+03
    1355.0 2.9822e+03
    1365.0 3.2991e+03
    1375.0 3.6547e+03
    1385.0 3.9828e+03
    1395.0 4.7128e+03
    1405.0 5.3458e+03
    1415.0 5.4328e+03
    1425.0 6.3306e+03
    1435.0 6.4116e+03
    1442.0 7.7047e+03
    1447.0 9.1922e+03
    1455.0 1.0315e+04
    1465.0 1.0074e+04
    1475.0 1.1139e+04
    1485.0 1.2888e+04
    1495.0 1.5254e+04
    1505.0 1.7312e+04
    1512.0 1.7116e+04
    1517.0 1.7727e+04
    1525.0 7.1879e+04
    1535.0 1.0128e+05
    1545.0 2.0718e+05
    1555.0 1.6599e+05
    1565.0 1.3890e+05
    1575.0 2.8381e+05
    1585.0 3.5743e+05
    1595.0 4.9729e+05
    1605.0 3.9908e+05
    1615.0 3.3852e+05
    1625.0 2.4386e+05
    1635.0 2.9598e+05
    1645.0 4.5954e+05
    1655.0 2.3094e+05
    1665.0 4.2573e+05
    1672.0 1.2380e+05
    1677.0 1.2118e+06
    1685.0 1.3739e+06
    1695.0 1.1382e+06
    1705.0 1.0003e+06
    1715.0 1.3679e+06
    1725.0 1.4734e+06
    1735.0 1.8313e+06
    1745.0 1.6359e+06
    1755.0 2.1534e+06
    1765.0 1.5432e+06
    1775.0 2.0412e+06
    1785.0 1.7873e+06
    1795.0 2.6317e+06
    1805.0 2.4848e+06
    1815.0 2.7655e+06
    1825.0 2.3810e+06
    1835.0 2.0773e+06
    1845.0 1.8699e+06
    1855.0 2.2276e+06
    1865.0 2.5692e+06
    1875.0 2.3563e+06
    1885.0 2.4667e+06
    1895.0 2.7877e+06
    1905.0 2.5060e+06
    1915.0 2.6644e+06
    1925.0 2.5691e+06
    1935.0 1.7346e+06
    1945.0 2.9264e+06
    1955.0 2.9747e+06
    1967.0 3.3473e+06
    1976.0 3.2647e+06
    1984.0 3.2110e+06
    1995.0 3.1094e+06
    2005.0 2.8416e+06
    2015.0 2.6386e+06
    2025.0 2.5132e+06
    2035.0 2.9391e+06
    2045.0 3.2918e+06
    2055.0 2.9986e+06
    2065.0 2.8150e+06
    2074.0 3.5851e+06
    2078.0 3.8268e+06
    2085.0 3.6384e+06
    2095.0 3.4098e+06
    2105.0 3.0419e+06
    2115.0 3.1231e+06
    2125.0 3.2186e+06
    2135.0 2.4648e+06
    2145.0 3.0416e+06
    2155.0 3.1115e+06
    2165.0 2.7375e+06
    2175.0 2.7656e+06
    2185.0 2.9513e+06
    2195.0 3.3177e+06
    2205.0 3.0583e+06
    2215.0 2.5493e+06
    2225.0 2.4416e+06
    2235.0 3.1784e+06
    2245.0 2.8480e+06
    2255.0 2.3983e+06
    2265.0 2.4356e+06
    2275.0 2.7664e+06
    2285.0 3.0386e+06
    2295.0 2.6934e+06
    2305.0 2.8710e+06
    2315.0 2.5956e+06
    2325.0 1.2523e+06
    2335.0 1.7268e+06
    2345.0 1.3557e+06
    2355.0 2.3136e+06
    2365.0 1.3715e+06
    2375.0 1.8649e+06
    2385.0 1.0644e+06
    2395.0 1.4331e+06
    2405.0 1.3733e+06
    2415.0 1.6700e+06
    2425.0 2.5592e+06
    2435.0 2.4654e+06
    2445.0 2.7221e+06
    2455.0 2.7199e+06
    2465.0 2.6327e+06
    2475.0 2.4177e+06
    2485.0 2.4604e+06
    2495.0 2.3425e+06
    2505.0 3.1360e+06
    2513.0 2.1951e+06
    2518.0 2.1391e+06
    2525.0 1.8679e+06
    2535.0 1.9556e+06
    2545.0 2.0366e+06
    2555.0 2.4909e+06
    2565.0 2.1835e+06
    2575.0 2.5464e+06
    2585.0 2.3922e+06
    2595.0 2.1654e+06
    2605.0 1.9315e+06
    2615.0 1.7641e+06
    2625.0 2.3546e+06
    2635.0 2.7806e+06
    2645.0 3.8601e+06
    2655.0 4.0131e+06
    2665.0 3.1945e+06
    2675.0 3.5897e+06
    2685.0 3.5097e+06
    2695.0 3.2443e+06
    2705.0 3.5072e+06
    2715.0 3.0275e+06
    2725.0 3.0732e+06
    2735.0 3.3714e+06
    2745.0 2.0164e+06
    2755.0 2.4015e+06
    2765.0 2.7543e+06
    2775.0 3.2873e+06
    2785.0 2.6376e+06
    2795.0 1.0490e+06
    2805.0 1.3575e+06
    2815.0 3.2385e+06
    2825.0 3.9564e+06
    2835.0 3.7524e+06
    2845.0 3.5794e+06
    2855.0 3.2911e+06
    2865.0 3.9387e+06
    2875.0 3.8170e+06
    2885.0 3.8814e+06
    2895.0 3.6672e+06
    2910.0 4.4140e+06
    2930.0 4.1486e+06
    2950.0 4.0843e+06
    2970.0 4.3313e+06
    2990.0 4.4492e+06
    3010.0 4.6365e+06
    3030.0 4.5676e+06
    3050.0 4.5878e+06
    3070.0 4.6580e+06
    3090.0 4.8278e+06
    3110.0 4.6382e+06
    3130.0 4.6232e+06
    3150.0 4.8233e+06
    3170.0 4.7889e+06
    3190.0 4.4426e+06
    3210.0 4.7052e+06
    3230.0 4.4724e+06
    3250.0 4.7354e+06
    3270.0 4.8750e+06
    3290.0 4.9134e+06
    3310.0 5.0687e+06
    3330.0 4.9431e+06
    3350.0 4.9078e+06
    3370.0 4.8402e+06
    3390.0 4.8918e+06
    3410.0 4.9717e+06
    3430.0 5.0464e+06
    3450.0 5.0224e+06
    3470.0 4.9517e+06
    3490.0 4.9315e+06
    3510.0 5.1110e+06
    3530.0 5.1101e+06
    3550.0 5.2886e+06
    3570.0 5.0244e+06
    3590.0 5.0049e+06
    3610.0 5.0526e+06
    3630.0 5.1291e+06
    3640.0 5.0511e+06
    3650.0 5.3061e+06
    3670.0 4.8959e+06
    3690.0 5.4260e+06
    3710.0 7.3636e+06
    3730.0 7.7874e+06
    3750.0 1.0079e+07
    3770.0 1.0808e+07
    3790.0 1.3558e+07
    3810.0 1.5944e+07
    3830.0 1.2483e+07
    3850.0 1.7499e+07
    3870.0 1.9513e+07
    3890.0 1.1435e+07
    3910.0 1.8786e+07
    3930.0 1.2780e+07
    3950.0 1.7700e+07
    3970.0 9.5411e+06
    3990.0 1.8891e+07
    4010.0 2.0471e+07
    4030.0 2.0342e+07
    4050.0 2.0163e+07
    4070.0 1.9626e+07
    4090.0 1.6732e+07
    4110.0 1.2870e+07
    4130.0 1.9003e+07
    4150.0 1.9893e+07
    4170.0 1.9558e+07
    4190.0 1.9453e+07
    4210.0 1.9397e+07
    4230.0 1.8940e+07
    4250.0 1.9034e+07
    4270.0 1.8343e+07
    4290.0 1.8694e+07
    4310.0 1.7372e+07
    4330.0 1.4416e+07
    4350.0 1.2339e+07
    4370.0 1.7871e+07
    4390.0 1.7883e+07
    4410.0 1.7524e+07
    4430.0 1.7384e+07
    4450.0 1.7573e+07
    4470.0 1.7447e+07
    4490.0 1.7268e+07
    4510.0 1.7746e+07
    4530.0 1.6947e+07
    4550.0 1.6595e+07
    4570.0 1.7225e+07
    4590.0 1.6444e+07
    4610.0 1.6843e+07
    4630.0 1.6267e+07
    4650.0 1.6394e+07
    4670.0 1.6287e+07
    4690.0 1.5712e+07
    4710.0 1.5184e+07
    4730.0 1.5726e+07
    4750.0 1.5705e+07
    4770.0 1.5395e+07
    4790.0 1.5246e+07
    4810.0 1.4938e+07
    4830.0 1.4506e+07
    4850.0 1.1756e+07
    4870.0 9.3742e+06
    4890.0 1.3631e+07
    4910.0 1.3977e+07
    4930.0 1.3691e+07
    4950.0 1.3880e+07
    4970.0 1.3914e+07
    4990.0 1.3302e+07
    5010.0 1.2775e+07
    5030.0 1.3100e+07
    5050.0 1.2842e+07
    5070.0 1.3011e+07
    5090.0 1.2789e+07
    5110.0 1.2707e+07
    5130.0 1.2380e+07
    5150.0 1.2072e+07
    5170.0 1.1844e+07
    5190.0 1.1717e+07
    5210.0 1.1681e+07
    5230.0 1.1548e+07
    5250.0 1.1669e+07
    5270.0 1.0997e+07
    5290.0 1.1390e+07
    5310.0 1.1151e+07
    5330.0 1.0848e+07
    5350.0 1.1073e+07
    5370.0 1.0879e+07
    5390.0 1.0740e+07
    5410.0 1.0501e+07
    5430.0 1.0493e+07
    5450.0 1.0553e+07
    5470.0 1.0376e+07
    5490.0 1.0356e+07
    5510.0 1.0206e+07
    5530.0 1.0078e+07
    5550.0 1.0060e+07
    5570.0 9.8717e+06
    5590.0 9.7973e+06
    5610.0 9.7505e+06
    5630.0 9.6964e+06
    5650.0 9.5678e+06
    5670.0 9.4109e+06
    5690.0 9.4115e+06
    5710.0 9.3090e+06
    5730.0 9.3244e+06
    5750.0 9.1726e+06
    5770.0 9.1164e+06
    5790.0 9.0034e+06
    5810.0 8.9380e+06
    5830.0 8.8697e+06
    5850.0 8.7741e+06
    5870.0 8.6935e+06
    5890.0 8.5033e+06
    5910.0 8.5351e+06
    5930.0 8.4640e+06
    5950.0 8.3800e+06
    5970.0 8.3206e+06
    5990.0 8.2050e+06
    6010.0 8.0974e+06
    6030.0 8.0767e+06
    6050.0 8.0169e+06
    6070.0 7.9804e+06
    6090.0 7.8763e+06
    6110.0 7.7831e+06
    6130.0 7.6558e+06
    6150.0 7.4951e+06
    6170.0 7.5379e+06
    6190.0 7.5550e+06
    6210.0 7.5033e+06
    6230.0 7.3873e+06
    6250.0 7.1651e+06
    6270.0 7.3238e+06
    6290.0 7.2682e+06
    6310.0 7.1259e+06
    6330.0 7.1078e+06
    6350.0 6.9977e+06
    6370.0 6.9597e+06
    6390.0 6.9309e+06
    6410.0 6.8119e+06
    6430.0 6.8073e+06
    6450.0 6.6786e+06
    6470.0 6.7119e+06
    6490.0 6.5624e+06
    6510.0 6.5448e+06
    6530.0 6.4316e+06
    6550.0 5.7244e+06
    6570.0 4.5422e+06
    6590.0 6.1218e+06
    6610.0 6.2961e+06
    6630.0 6.2936e+06
    6650.0 6.2531e+06
    6670.0 6.2022e+06
    6690.0 6.1759e+06
    6710.0 6.1205e+06
    6730.0 6.0683e+06
    6750.0 6.0087e+06
    6770.0 5.9915e+06
    6790.0 5.9407e+06
    6810.0 5.8929e+06
    6830.0 5.8302e+06
    6850.0 5.7860e+06
    6870.0 5.7574e+06
    6890.0 5.7139e+06
    6910.0 5.6683e+06
    6930.0 5.6207e+06
    6950.0 5.5785e+06
    6970.0 5.5267e+06
    6990.0 5.4976e+06
    7010.0 5.4077e+06
    7030.0 5.3916e+06
    7050.0 5.3610e+06
    7070.0 5.3235e+06
    7090.0 5.2840e+06
    7110.0 5.1310e+06
    7130.0 5.1612e+06
    7150.0 5.1441e+06
    7170.0 5.0991e+06
    7190.0 5.0499e+06
    7210.0 5.0219e+06
    7230.0 4.9712e+06
    7250.0 4.9393e+06
    7270.0 4.9212e+06
    7290.0 4.8536e+06
    7310.0 4.8204e+06
    7330.0 4.7963e+06
    7350.0 4.7747e+06
    7370.0 4.7488e+06
    7390.0 4.6880e+06
    7410.0 4.6125e+06
    7430.0 4.5834e+06
    7450.0 4.5653e+06
    7470.0 4.5065e+06
    7490.0 4.4910e+06
    7510.0 4.4735e+06
    7530.0 4.4561e+06
    7550.0 4.4409e+06
    7570.0 4.3987e+06
    7590.0 4.3693e+06
    7610.0 4.3381e+06
    7630.0 4.3071e+06
    7650.0 4.2621e+06
    7670.0 4.2073e+06
    7690.0 4.2016e+06
    7710.0 4.1536e+06
    7730.0 4.1482e+06
    7750.0 4.1089e+06
    7770.0 3.9964e+06
    7790.0 4.0648e+06
    7810.0 4.0303e+06
    7830.0 3.9823e+06
    7850.0 3.9367e+06
    7870.0 3.9226e+06
    7890.0 3.8834e+06
    7910.0 3.8562e+06
    7930.0 3.8310e+06
    7950.0 3.7966e+06
    7970.0 3.8115e+06
    7990.0 3.7399e+06
    8010.0 3.7437e+06
    8030.0 3.7120e+06
    8050.0 3.6936e+06
    8070.0 3.6661e+06
    8090.0 3.6388e+06
    8110.0 3.6246e+06
    8130.0 3.6031e+06
    8150.0 3.5764e+06
    8170.0 3.5518e+06
    8190.0 3.4683e+06
    8210.0 3.4656e+06
    8230.0 3.4417e+06
    8250.0 3.4251e+06
    8270.0 3.4383e+06
    8290.0 3.3903e+06
    8310.0 3.3324e+06
    8330.0 3.2369e+06
    8350.0 3.2266e+06
    8370.0 3.1547e+06
    8390.0 3.1294e+06
    8410.0 3.1146e+06
    8430.0 3.1757e+06
    8450.0 3.1439e+06
    8470.0 2.9703e+06
    8490.0 3.3223e+06
    8510.0 2.8812e+06
    8530.0 3.4000e+06
    8550.0 2.7214e+06
    8570.0 3.4729e+06
    8590.0 3.1057e+06
    8610.0 2.9845e+06
    8630.0 3.4827e+06
    8650.0 3.3160e+06
    8670.0 2.5956e+06
    8690.0 3.2982e+06
    8710.0 3.4538e+06
    8730.0 3.3200e+06
    8750.0 2.6110e+06
    8770.0 3.1915e+06
    8790.0 3.3959e+06
    8810.0 3.3805e+06
    8830.0 3.2729e+06
    8850.0 3.0070e+06
    8870.0 2.5377e+06
    8890.0 3.1879e+06
    8910.0 3.2642e+06
    8930.0 3.2526e+06
    8950.0 3.2666e+06
    8970.0 3.2192e+06
    8990.0 3.1129e+06
    9010.0 2.5053e+06
    9030.0 2.7766e+06
    9050.0 3.0952e+06
    9070.0 3.0451e+06
    9090.0 3.0056e+06
    9110.0 3.0719e+06
    9130.0 3.0772e+06
    9150.0 3.0737e+06
    9170.0 3.0333e+06
    9190.0 2.9690e+06
    9210.0 2.8034e+06
    9230.0 2.2099e+06
    9250.0 2.6993e+06
    9270.0 2.8202e+06
    9290.0 2.9193e+06
    9310.0 2.9164e+06
    9330.0 2.8929e+06
    9350.0 2.8847e+06
    9370.0 2.8710e+06
    9390.0 2.8261e+06
    9410.0 2.7329e+06
    9430.0 2.7874e+06
    9450.0 2.7743e+06
    9470.0 2.7639e+06
    9490.0 2.7416e+06
    9510.0 2.6850e+06
    9530.0 2.5153e+06
    9550.0 2.0288e+06
    9570.0 2.5205e+06
    9590.0 2.6274e+06
    9610.0 2.6151e+06
    9630.0 2.5732e+06
    9650.0 2.6012e+06
    9670.0 2.5597e+06
    9690.0 2.5568e+06
    9710.0 2.5743e+06
    9730.0 2.5523e+06
    9750.0 2.5216e+06
    9770.0 2.5252e+06
    9790.0 2.5073e+06
    9810.0 2.4896e+06
    9830.0 2.4696e+06
    9850.0 2.4373e+06
    9870.0 2.4262e+06
    9890.0 2.4029e+06
    9910.0 2.3957e+06
    9930.0 2.3848e+06
    9950.0 2.3704e+06
    9970.0 2.3621e+06
    9990.0 2.3395e+06
   10025.0 2.1692e+06
   10075.0 2.0615e+06
   10125.0 2.2213e+06
   10175.0 2.2158e+06
   10225.0 2.1919e+06
   10275.0 2.1626e+06
   10325.0 2.1215e+06
   10375.0 2.0922e+06
   10425.0 2.0611e+06
   10475.0 2.0087e+06
   10525.0 1.9853e+06
   10575.0 1.9645e+06
   10625.0 1.9365e+06
   10675.0 1.8742e+06
   10725.0 1.8682e+06
   10775.0 1.8447e+06
   10825.0 1.8185e+06
   10875.0 1.7815e+06
   10925.0 1.5493e+06
   10975.0 1.6736e+06
   11025.0 1.7255e+06
   11075.0 1.7090e+06
   11125.0 1.6801e+06
   11175.0 1.6574e+06
   11225.0 1.6389e+06
   11275.0 1.5819e+06
   11325.0 1.5624e+06
   11375.0 1.5626e+06
   11425.0 1.5305e+06
   11475.0 1.5272e+06
   11525.0 1.5068e+06
   11575.0 1.4840e+06
   11625.0 1.4446e+06
   11675.0 1.4173e+06
   11725.0 1.4270e+06
   11775.0 1.3795e+06
   11825.0 1.3730e+06
   11875.0 1.3445e+06
   11925.0 1.3543e+06
   11975.0 1.3187e+06
   12025.0 1.3111e+06
   12075.0 1.2888e+06
   12125.0 1.2749e+06
   12175.0 1.2628e+06
   12225.0 1.2429e+06
   12275.0 1.2256e+06
   12325.0 1.2094e+06
   12375.0 1.1965e+06
   12425.0 1.1846e+06
   12475.0 1.1643e+06
   12525.0 1.1497e+06
   12575.0 1.1261e+06
   12625.0 1.1187e+06
   12675.0 1.1084e+06
   12725.0 1.0923e+06
   12775.0 1.0596e+06
   12825.0 9.2300e+05
   12875.0 1.0381e+06
   12925.0 1.0358e+06
   12975.0 1.0257e+06
   13025.0 1.0143e+06
   13075.0 1.0024e+06
   13125.0 9.8849e+05
   13175.0 9.7133e+05
   13225.0 9.6468e+05
   13275.0 9.5266e+05
   13325.0 9.4148e+05
   13375.0 9.2976e+05
   13425.0 9.1752e+05
   13475.0 9.0610e+05
   13525.0 8.9286e+05
   13575.0 8.8044e+05
   13625.0 8.7270e+05
   13675.0 8.6055e+05
   13725.0 8.4156e+05
   13775.0 8.3863e+05
   13825.0 8.2881e+05
   13875.0 8.2222e+05
   13925.0 8.0829e+05
   13975.0 8.0129e+05
   14025.0 7.9132e+05
   14075.0 7.8328e+05
   14125.0 7.7234e+05
   14175.0 7.6451e+05
   14225.0 7.5441e+05
   14275.0 7.4442e+05
   14325.0 7.3690e+05
   14375.0 7.3004e+05
   14425.0 7.0597e+05
   14475.0 7.1140e+05
   14525.0 6.9514e+05
   14570.0 6.9538e+05
   14620.0 6.8614e+05
   14675.0 6.7934e+05
   14725.0 6.7031e+05
   14775.0 6.5918e+05
   14825.0 6.5365e+05
   14875.0 6.4114e+05
   14925.0 6.3739e+05
   14975.0 6.2512e+05
   15025.0 6.1300e+05
   15075.0 6.0313e+05
   15125.0 5.9863e+05
   15175.0 5.9261e+05
   15225.0 5.9441e+05
   15275.0 5.7305e+05
   15325.0 5.7034e+05
   15375.0 5.7830e+05
   15425.0 5.4835e+05
   15475.0 5.6835e+05
   15525.0 5.6619e+05
   15575.0 5.2400e+05
   15625.0 5.6977e+05
   15675.0 5.3881e+05
   15725.0 5.0969e+05
   15775.0 5.4935e+05
   15825.0 5.4444e+05
   15875.0 4.7631e+05
   15925.0 5.2297e+05
   15975.0 5.3427e+05
   16050.0 5.1486e+05
   16150.0 4.7907e+05
   16250.0 5.0453e+05
   16350.0 4.8133e+05
   16450.0 4.4802e+05
   16550.0 4.7240e+05
   16650.0 4.6285e+05
   16750.0 4.4109e+05
   16850.0 4.1117e+05
   16950.0 4.3367e+05
   17050.0 4.2323e+05
   17150.0 4.1627e+05
   17250.0 4.0340e+05
   17350.0 3.6315e+05
   17450.0 3.8346e+05
   17550.0 3.8031e+05
   17650.0 3.7224e+05
   17750.0 3.6585e+05
   17850.0 3.5799e+05
   17950.0 3.5253e+05
   18050.0 3.4252e+05
   18150.0 3.1211e+05
   18250.0 3.2476e+05
   18350.0 3.2443e+05
   18450.0 3.1846e+05
   18550.0 3.1124e+05
   18650.0 3.0443e+05
   18750.0 2.7496e+05
   18850.0 2.9149e+05
   18950.0 2.8648e+05
   19050.0 2.8371e+05
   19150.0 2.7805e+05
   19250.0 2.7283e+05
   19350.0 2.6605e+05
   19450.0 2.4123e+05
   19550.0 2.5630e+05
   19650.0 2.5302e+05
   19750.0 2.4770e+05
   19850.0 2.4381e+05
   19950.0 2.3959e+05
   20050.0 2.3533e+05
   20150.0 2.3120e+05
   20250.0 2.2670e+05
   20350.0 2.2236e+05
   20450.0 2.1887e+05
   20550.0 2.1510e+05
   20650.0 2.1083e+05
   20750.0 2.0724e+05
   20850.0 2.0369e+05
   20950.0 2.0002e+05
   21050.0 1.9669e+05
   21150.0 1.9269e+05
   21250.0 1.8945e+05
   21350.0 1.8615e+05
   21450.0 1.8351e+05
   21550.0 1.7972e+05
   21650.0 1.6381e+05
   21750.0 1.7275e+05
   21850.0 1.7125e+05
   21950.0 1.6875e+05
   22050.0 1.6567e+05
   22150.0 1.6268e+05
   22250.0 1.6055e+05
   22350.0 1.5789e+05
   22450.0 1.5544e+05
   22550.0 1.5237e+05
   22650.0 1.5025e+05
   22750.0 1.4785e+05
   22850.0 1.4614e+05
   22950.0 1.4621e+05
   23050.0 1.4346e+05
   23150.0 1.4039e+05
   23250.0 1.3765e+05
   23350.0 1.3496e+05
   23450.0 1.3241e+05
   23550.0 1.2988e+05
   23650.0 1.2752e+05
   23750.0 1.2543e+05
   23850.0 1.2326e+05
   23950.0 1.2134e+05
   24050.0 1.1917e+05
   24150.0 1.1710e+05
   24250.0 1.1660e+05
   24350.0 1.1374e+05
   24450.0 1.1177e+05
   24550.0 1.1156e+05
   24650.0 1.0890e+05
   24750.0 1.0736e+05
   24850.0 1.0780e+05
   24950.0 1.0158e+05
   25050.0 1.0587e+05
   25150.0 1.0357e+05
   25250.0 9.6846e+04
   25350.0 1.0021e+05
   25450.0 9.9495e+04
   25550.0 9.7175e+04
   25650.0 9.0641e+04
   25750.0 9.4749e+04
   25850.0 9.3748e+04
   25950.0 9.2689e+04
   26050.0 9.0035e+04
   26150.0 8.4174e+04
   26250.0 8.1707e+04
   26350.0 8.6666e+04
   26450.0 8.6286e+04
   26550.0 8.5008e+04
   26650.0 8.3173e+04
   26750.0 7.7055e+04
   26850.0 8.1107e+04
   26950.0 8.0671e+04
   27050.0 7.9600e+04
   27150.0 7.8576e+04
   27250.0 7.7499e+04
   27350.0 7.6405e+04
   27450.0 7.5149e+04
   27550.0 6.9675e+04
   27650.0 7.1650e+04
   27750.0 7.2271e+04
   27850.0 7.1475e+04
   27950.0 7.0550e+04
   28050.0 6.9591e+04
   28150.0 6.8704e+04
   28250.0 6.7797e+04
   28350.0 6.6902e+04
   28450.0 6.5885e+04
   28550.0 6.5115e+04
   28650.0 6.3375e+04
   28750.0 5.9047e+04
   28850.0 6.2298e+04
   28950.0 6.1811e+04
   29050.0 6.1088e+04
   29150.0 6.0147e+04
   29250.0 5.9485e+04
   29350.0 5.8802e+04
   29450.0 5.8043e+04
   29550.0 5.7308e+04
   29650.0 5.6567e+04
   29750.0 5.5903e+04
   29850.0 5.5193e+04
   29950.0 5.4464e+04
   30050.0 5.3796e+04
   30150.0 5.3071e+04
   30250.0 5.2341e+04
   30350.0 4.9015e+04
   30450.0 4.9676e+04
   30550.0 5.0444e+04
   30650.0 4.9962e+04
   30750.0 4.9359e+04
   30850.0 4.8649e+04
   30950.0 4.8122e+04
   31050.0 4.7514e+04
   31150.0 4.6888e+04
   31250.0 4.6380e+04
   31350.0 4.5852e+04
   31450.0 4.5270e+04
   31550.0 4.4779e+04
   31650.0 4.4317e+04
   31750.0 4.3717e+04
   31850.0 4.3266e+04
   31950.0 4.2749e+04
   32100.0 4.1966e+04
   32300.0 4.1046e+04
   32500.0 4.0076e+04
   32700.0 3.9117e+04
   32900.0 3.6648e+04
   33100.0 3.7301e+04
   33300.0 3.6714e+04
   33500.0 3.5860e+04
   33700.0 3.4929e+04
   33900.0 3.4090e+04
   34100.0 3.3289e+04
   34300.0 3.2576e+04
   34500.0 3.1877e+04
   34700.0 3.1142e+04
   34900.0 3.0442e+04
   35100.0 2.9794e+04
   35300.0 2.9159e+04
   35500.0 2.8479e+04
   35700.0 2.7822e+04
   35900.0 2.7458e+04
   36100.0 2.6602e+04
   36300.0 2.6355e+04
   36500.0 2.5437e+04
   36700.0 2.5321e+04
   36900.0 2.4254e+04
   37100.0 2.4229e+04
   37300.0 2.3341e+04
   37500.0 2.2265e+04
   37700.0 2.2814e+04
   37900.0 2.2407e+04
   38100.0 2.1561e+04
   38300.0 2.1238e+04
   38500.0 2.1124e+04
   38700.0 2.0666e+04
   38900.0 2.0200e+04
   39100.0 1.9249e+04
   39300.0 1.9488e+04
   39500.0 1.9130e+04
   39700.0 1.8770e+04
   39900.0 1.8364e+04
   40100.0 1.7756e+04
   40300.0 1.7270e+04
   40500.0 1.6749e+04
   40700.0 1.7005e+04
   40900.0 1.6703e+04
   41100.0 1.6420e+04
   41300.0 1.6114e+04
   41500.0 1.5771e+04
   41700.0 1.4944e+04
   41900.0 1.5191e+04
   42100.0 1.4932e+04
   42300.0 1.4691e+04
   42500.0 1.4427e+04
   42700.0 1.4173e+04
   42900.0 1.3918e+04
   43100.0 1.3666e+04
   43300.0 1.3425e+04
   43500.0 1.3175e+04
   43700.0 1.2527e+04
   43900.0 1.2631e+04
   44100.0 1.2505e+04
   44300.0 1.2294e+04
   44500.0 1.2081e+04
   44700.0 1.1925e+04
   44900.0 1.1718e+04
   45100.0 1.1526e+04
   45300.0 1.1331e+04
   45500.0 1.1139e+04
   45700.0 1.0938e+04
   45900.0 1.0758e+04
   46100.0 1.0580e+04
   46300.0 1.0388e+04
   46500.0 9.8496e+03
   46700.0 9.6389e+03
   46900.0 9.8513e+03
   47100.0 9.7354e+03
   47300.0 9.5782e+03
   47500.0 9.4180e+03
   47700.0 9.2654e+03
   47900.0 9.1202e+03
   48100.0 8.9720e+03
   48300.0 8.8310e+03
   48500.0 8.6920e+03
   48700.0 8.5500e+03
   48900.0 8.4150e+03
   49100.0 8.2819e+03
   49300.0 8.1507e+03
   49500.0 8.0263e+03
   49700.0 7.8987e+03
   49900.0 7.7729e+03
   50100.0 7.6584e+03
   50300.0 7.5408e+03
   50500.0 7.4247e+03
   50700.0 7.3103e+03
   50900.0 7.1974e+03
   51100.0 7.0677e+03
   51300.0 6.7074e+03
   51500.0 6.8679e+03
   51700.0 6.7745e+03
   51900.0 6.6734e+03
   52100.0 6.5737e+03
   52300.0 6.4797e+03
   52500.0 6.3825e+03
   52700.0 6.2867e+03
   52900.0 6.1964e+03
   53100.0 6.1073e+03
   53300.0 6.0193e+03
   53500.0 5.9283e+03
   53700.0 5.8426e+03
   53900.0 5.7622e+03
   54100.0 5.6787e+03
   54300.0 5.5963e+03
   54500.0 5.5189e+03
   54700.0 5.4346e+03
   54900.0 5.3592e+03
   55100.0 5.2888e+03
   55300.0 5.2114e+03
   55500.0 5.1389e+03
   55700.0 5.0673e+03
   55900.0 4.9927e+03
   56100.0 4.9267e+03
   56300.0 4.8615e+03
   56500.0 4.7933e+03
   56700.0 4.7260e+03
   56900.0 4.6632e+03
   57100.0 4.5975e+03
   57300.0 4.5362e+03
   57500.0 4.4757e+03
   57700.0 4.4123e+03
   57900.0 4.3568e+03
   58100.0 4.2949e+03
   58300.0 4.2408e+03
   58500.0 4.1908e+03
   58700.0 4.1380e+03
   58900.0 4.0650e+03
   59100.0 3.8727e+03
   59300.0 3.9660e+03
   59500.0 3.9157e+03
   59700.0 3.8726e+03
   59900.0 3.8201e+03
   60100.0 3.7715e+03
   60300.0 3.7234e+03
   60500.0 3.6759e+03
   60700.0 3.6289e+03
   60900.0 3.5825e+03
   61100.0 3.5334e+03
   61300.0 3.4912e+03
   61500.0 3.4464e+03
   61700.0 3.4051e+03
   61900.0 3.3613e+03
   62100.0 3.3179e+03
   62300.0 3.2750e+03
   62500.0 3.2356e+03
   62700.0 3.1967e+03
   62900.0 3.1583e+03
   63100.0 3.1172e+03
   63300.0 3.0796e+03
   63500.0 3.0394e+03
   63700.0 3.0055e+03
   63900.0 2.9662e+03
   64200.0 2.9153e+03
   64600.0 2.8459e+03
   65000.0 2.7778e+03
   65400.0 2.7123e+03
   65800.0 2.6481e+03
   66200.0 2.5855e+03
   66600.0 2.5254e+03
   67000.0 2.4667e+03
   67400.0 2.4096e+03
   67800.0 2.3546e+03
   68200.0 2.3008e+03
   68600.0 2.2485e+03
   69000.0 2.1968e+03
   69400.0 2.1477e+03
   69800.0 2.1000e+03
   70200.0 2.0535e+03
   70600.0 2.0079e+03
   71000.0 1.9647e+03
   71400.0 1.9213e+03
   71800.0 1.8797e+03
   72200.0 1.8378e+03
   72600.0 1.7992e+03
   73000.0 1.7613e+03
   73400.0 1.7237e+03
   73800.0 1.6874e+03
   74200.0 1.6514e+03
   74600.0 1.5952e+03
   75000.0 1.5522e+03
   75400.0 1.5501e+03
   75800.0 1.5192e+03
   76200.0 1.4882e+03
   76600.0 1.4580e+03
   77000.0 1.4283e+03
   77400.0 1.3998e+03
   77800.0 1.3718e+03
   78200.0 1.3442e+03
   78600.0 1.3176e+03
   79000.0 1.2918e+03
   79400.0 1.2662e+03
   79800.0 1.2413e+03
   80200.0 1.2172e+03
   80600.0 1.1936e+03
   81000.0 1.1708e+03
   81400.0 1.1481e+03
   81800.0 1.1262e+03
   82200.0 1.1048e+03
   82600.0 1.0839e+03
   83000.0 1.0636e+03
   83400.0 1.0432e+03
   83800.0 1.0234e+03
   84200.0 1.0049e+03
   84600.0 9.8652e+02
   85000.0 9.6846e+02
   85400.0 9.5053e+02
   85800.0 9.3322e+02
   86200.0 9.1619e+02
   86600.0 8.9991e+02
   87000.0 8.8357e+02
   87400.0 8.6766e+02
   87800.0 8.5230e+02
   88200.0 8.3703e+02
   88600.0 8.2231e+02
   89000.0 8.0767e+02
   89400.0 7.9371e+02
   89800.0 7.7981e+02
   90200.0 7.6643e+02
   90600.0 7.5310e+02
   91000.0 7.3998e+02
   91400.0 7.2734e+02
   91800.0 7.1504e+02
   92200.0 7.0293e+02
   92600.0 6.9099e+02
   93000.0 6.7938e+02
   93400.0 6.6793e+02
   93800.0 6.5680e+02
   94200.0 6.4583e+02
   94600.0 6.3502e+02
   95000.0 6.2463e+02
   95400.0 6.1413e+02
   95800.0 6.0431e+02
   96200.0 5.9437e+02
   96600.0 5.8471e+02
   97000.0 5.7518e+02
   97400.0 5.6591e+02
   97800.0 5.5691e+02
   98200.0 5.4803e+02
   98600.0 5.3927e+02
   99000.0 5.3076e+02
   99400.0 5.2237e+02
   99800.0 5.1410e+02
  100200.0 5.0594e+02
  200000.0 3.2527e+01
  400000.0 2.0266e+00
  600000.0 3.9706e-01
  800000.0 1.2466e-01
 1000000.0 5.0713e-02
 1200000.0 2.4317e-02
 1400000.0 1.3056e-02
 1600000.0 7.6166e-03
