      91.0 0.0000e+00
      94.0 0.0000e+00
      96.0 0.0000e+00
      98.0 0.0000e+00
     100.0 0.0000e+00
     102.0 0.0000e+00
     104.0 0.0000e+00
     106.0 0.0000e+00
     108.0 0.0000e+00
     110.0 0.0000e+00
     114.0 0.0000e+00
     118.0 0.0000e+00
     121.0 0.0000e+00
     125.0 0.0000e+00
     127.0 0.0000e+00
     128.0 0.0000e+00
     131.0 0.0000e+00
     132.0 0.0000e+00
     134.0 0.0000e+00
     137.0 0.0000e+00
     140.0 0.0000e+00
     143.0 0.0000e+00
     147.0 0.0000e+00
     151.0 0.0000e+00
     155.0 0.0000e+00
     159.0 0.0000e+00
     162.0 0.0000e+00
     166.0 0.0000e+00
     170.0 0.0000e+00
     173.0 0.0000e+00
     177.0 0.0000e+00
     180.0 0.0000e+00
     182.0 0.0000e+00
     186.0 0.0000e+00
     191.0 0.0000e+00
     194.0 0.0000e+00
     198.0 0.0000e+00
     202.0 0.0000e+00
     205.0 0.0000e+00
     210.0 0.0000e+00
     216.0 0.0000e+00
     220.0 0.0000e+00
     223.0 0.0000e+00
     227.0 0.0000e+00
     230.0 0.0000e+00
     234.0 0.0000e+00
     240.0 0.0000e+00
     246.0 0.0000e+00
     252.0 0.0000e+00
     257.0 0.0000e+00
     260.0 0.0000e+00
     264.0 0.0000e+00
     269.0 0.0000e+00
     274.0 0.0000e+00
     279.0 0.0000e+00
     284.0 0.0000e+00
     290.0 0.0000e+00
     296.0 0.0000e+00
     301.0 0.0000e+00
     308.0 0.0000e+00
     318.0 0.0000e+00
     328.0 0.0000e+00
     338.0 0.0000e+00
     348.0 0.0000e+00
     357.0 0.0000e+00
     366.0 0.0000e+00
     375.0 0.0000e+00
     385.0 0.0000e+00
     395.0 0.0000e+00
     405.0 0.0000e+00
     414.0 0.0000e+00
     422.0 0.0000e+00
     430.0 0.0000e+00
     441.0 0.0000e+00
     451.0 0.0000e+00
     460.0 0.0000e+00
     470.0 0.0000e+00
     480.0 0.0000e+00
     490.0 0.0000e+00
     500.0 0.0000e+00
     506.0 4.1066e-04
     512.0 8.1426e-04
     520.0 1.2799e-03
     530.0 2.2131e-03
     540.0 3.6584e-03
     550.0 6.2753e-03
     560.0 1.0221e-02
     570.0 1.6502e-02
     580.0 2.4903e-02
     590.0 4.0064e-02
     600.0 6.1124e-02
     610.0 9.2878e-02
     620.0 1.3732e-01
     630.0 2.0210e-01
     640.0 2.8931e-01
     650.0 4.1865e-01
     658.0 5.5394e-01
     665.0 6.9907e-01
     675.0 9.6986e-01
     685.0 1.3461e+00
     695.0 1.8483e+00
     705.0 2.4947e+00
     716.0 3.4549e+00
     726.0 4.6049e+00
     735.0 5.9046e+00
     745.0 7.7435e+00
     755.0 1.0075e+01
     765.0 1.3020e+01
     775.0 1.6741e+01
     785.0 2.1386e+01
     795.0 2.6847e+01
     805.0 3.3957e+01
     815.0 4.2607e+01
     825.0 5.2962e+01
     835.0 6.4910e+01
     845.0 8.0916e+01
     855.0 9.8949e+01
     865.0 1.2102e+02
     875.0 1.4629e+02
     885.0 1.7760e+02
     895.0 2.1348e+02
     905.0 2.5271e+02
     915.0 7.4466e+03
     925.0 4.1331e+04
     935.0 6.4717e+04
     945.0 1.4798e+05
     955.0 9.9941e+05
     965.0 1.5491e+06
     975.0 3.9862e+05
     985.0 5.3456e+06
     995.0 6.0127e+06
    1005.0 9.5611e+06
    1015.0 5.8921e+06
    1025.0 3.2689e+05
    1035.0 2.4023e+06
    1045.0 1.3243e+07
    1055.0 1.8607e+07
    1065.0 1.6134e+07
    1075.0 1.9996e+07
    1085.0 1.5259e+07
    1095.0 2.0462e+07
    1105.0 4.9468e+07
    1115.0 5.8327e+07
    1125.0 6.4098e+07
    1135.0 7.1249e+07
    1145.0 6.4586e+07
    1155.0 7.6075e+07
    1165.0 8.4149e+07
    1175.0 7.5270e+07
    1185.0 6.2460e+07
    1195.0 6.2762e+06
    1205.0 8.9936e+06
    1215.0 6.6415e+05
    1225.0 5.7256e+06
    1235.0 5.4564e+07
    1245.0 1.0065e+08
    1255.0 1.0286e+08
    1265.0 5.7297e+07
    1275.0 1.3691e+08
    1285.0 1.5817e+08
    1295.0 1.2885e+08
    1305.0 1.0147e+08
    1315.0 1.4473e+08
    1325.0 1.5143e+08
    1335.0 1.2280e+08
    1345.0 1.6738e+08
    1355.0 1.5923e+08
    1365.0 1.3445e+08
    1375.0 1.5755e+08
    1385.0 1.6210e+08
    1395.0 1.6533e+08
    1405.0 1.6347e+08
    1415.0 1.4739e+08
    1425.0 1.5773e+08
    1435.0 1.4512e+08
    1442.0 1.6050e+08
    1447.0 1.7216e+08
    1455.0 1.6483e+08
    1465.0 1.4980e+08
    1475.0 1.4176e+08
    1485.0 1.5188e+08
    1495.0 1.5989e+08
    1505.0 1.5650e+08
    1512.0 1.3974e+08
    1517.0 1.5450e+08
    1525.0 1.3479e+08
    1535.0 1.1807e+08
    1545.0 1.4699e+08
    1555.0 1.3063e+08
    1565.0 1.2299e+08
    1575.0 1.2593e+08
    1585.0 1.3952e+08
    1595.0 1.4410e+08
    1605.0 1.3463e+08
    1615.0 1.3632e+08
    1625.0 1.2448e+08
    1635.0 1.2987e+08
    1645.0 1.3308e+08
    1655.0 1.1672e+08
    1665.0 1.2968e+08
    1672.0 1.0012e+08
    1677.0 1.2383e+08
    1685.0 1.3760e+08
    1695.0 1.2918e+08
    1705.0 1.1934e+08
    1715.0 1.1139e+08
    1725.0 1.1018e+08
    1735.0 1.1708e+08
    1745.0 1.1602e+08
    1755.0 1.2833e+08
    1765.0 1.1067e+08
    1775.0 1.2005e+08
    1785.0 1.2055e+08
    1795.0 1.3075e+08
    1805.0 1.2628e+08
    1815.0 1.2169e+08
    1825.0 1.1892e+08
    1835.0 1.1389e+08
    1845.0 1.0509e+08
    1855.0 1.0608e+08
    1865.0 1.0736e+08
    1875.0 1.1768e+08
    1885.0 1.1083e+08
    1895.0 1.0749e+08
    1905.0 1.0891e+08
    1915.0 1.0817e+08
    1925.0 1.0796e+08
    1935.0 1.1005e+08
    1945.0 1.1171e+08
    1955.0 1.0699e+08
    1967.0 1.1499e+08
    1976.0 1.1689e+08
    1984.0 1.1092e+08
    1995.0 1.0530e+08
    2005.0 1.0828e+08
    2015.0 1.0136e+08
    2025.0 1.0753e+08
    2035.0 1.0271e+08
    2045.0 1.0658e+08
    2055.0 1.0103e+08
    2065.0 1.0065e+08
    2074.0 1.0538e+08
    2078.0 1.0403e+08
    2085.0 1.0518e+08
    2095.0 9.9753e+07
    2105.0 9.8564e+07
    2115.0 9.8545e+07
    2125.0 9.9612e+07
    2135.0 8.7973e+07
    2145.0 9.4818e+07
    2155.0 9.7735e+07
    2165.0 9.2588e+07
    2175.0 9.0471e+07
    2185.0 8.8439e+07
    2195.0 9.4305e+07
    2205.0 8.9728e+07
    2215.0 8.3591e+07
    2225.0 7.9353e+07
    2235.0 8.7479e+07
    2245.0 7.8897e+07
    2255.0 7.6761e+07
    2265.0 7.8913e+07
    2275.0 8.2206e+07
    2285.0 8.4313e+07
    2295.0 8.0301e+07
    2305.0 7.6423e+07
    2315.0 7.2229e+07
    2325.0 5.6325e+07
    2335.0 6.7236e+07
    2345.0 6.3894e+07
    2355.0 7.0683e+07
    2365.0 6.2883e+07
    2375.0 6.5331e+07
    2385.0 5.8881e+07
    2395.0 6.5561e+07
    2405.0 6.1306e+07
    2415.0 6.3184e+07
    2425.0 6.6824e+07
    2435.0 6.3324e+07
    2445.0 6.8624e+07
    2455.0 6.5579e+07
    2465.0 6.6114e+07
    2475.0 6.2762e+07
    2485.0 6.7365e+07
    2495.0 6.5034e+07
    2505.0 7.0612e+07
    2513.0 6.3327e+07
    2518.0 6.5894e+07
    2525.0 6.1241e+07
    2535.0 6.1841e+07
    2545.0 6.0301e+07
    2555.0 6.3926e+07
    2565.0 6.2882e+07
    2575.0 6.7603e+07
    2585.0 6.6309e+07
    2595.0 6.5372e+07
    2605.0 6.2291e+07
    2615.0 6.2008e+07
    2625.0 6.4582e+07
    2635.0 6.4697e+07
    2645.0 7.0003e+07
    2655.0 6.8609e+07
    2665.0 6.3469e+07
    2675.0 6.6397e+07
    2685.0 6.5038e+07
    2695.0 6.3087e+07
    2705.0 6.4801e+07
    2715.0 6.1592e+07
    2725.0 6.2093e+07
    2735.0 6.6016e+07
    2745.0 5.7133e+07
    2755.0 5.7051e+07
    2765.0 5.8898e+07
    2775.0 6.2071e+07
    2785.0 6.1719e+07
    2795.0 4.9459e+07
    2805.0 5.4380e+07
    2815.0 6.2681e+07
    2825.0 6.2809e+07
    2835.0 5.9785e+07
    2845.0 5.7647e+07
    2855.0 5.7509e+07
    2865.0 6.0001e+07
    2875.0 5.8046e+07
    2885.0 5.9028e+07
    2895.0 5.7533e+07
    2910.0 6.1530e+07
    2930.0 5.9296e+07
    2950.0 5.8853e+07
    2970.0 5.8634e+07
    2990.0 5.8402e+07
    3010.0 5.9375e+07
    3030.0 5.8320e+07
    3050.0 5.7364e+07
    3070.0 5.6479e+07
    3090.0 5.6692e+07
    3110.0 5.5073e+07
    3130.0 5.4567e+07
    3150.0 5.4541e+07
    3170.0 5.3605e+07
    3190.0 5.1721e+07
    3210.0 5.2393e+07
    3230.0 5.1586e+07
    3250.0 5.1146e+07
    3270.0 5.0926e+07
    3290.0 5.0497e+07
    3310.0 5.0293e+07
    3330.0 4.9356e+07
    3350.0 4.8501e+07
    3370.0 4.8107e+07
    3390.0 4.7332e+07
    3410.0 4.7459e+07
    3430.0 4.6877e+07
    3450.0 4.6435e+07
    3470.0 4.5663e+07
    3490.0 4.5170e+07
    3510.0 4.5124e+07
    3530.0 4.4826e+07
    3550.0 4.4389e+07
    3570.0 4.3771e+07
    3590.0 4.3275e+07
    3610.0 4.2861e+07
    3630.0 4.2318e+07
    3640.0 4.2212e+07
    3650.0 4.2539e+07
    3670.0 4.0643e+07
    3690.0 3.7897e+07
    3710.0 4.4319e+07
    3730.0 4.6543e+07
    3750.0 5.8021e+07
    3770.0 5.9077e+07
    3790.0 6.7956e+07
    3810.0 7.5158e+07
    3830.0 6.1892e+07
    3850.0 7.8062e+07
    3870.0 8.2790e+07
    3890.0 5.6123e+07
    3910.0 8.0948e+07
    3930.0 8.0204e+07
    3950.0 7.9394e+07
    3970.0 5.2719e+07
    3990.0 7.6303e+07
    4010.0 7.7707e+07
    4030.0 7.5830e+07
    4050.0 7.5960e+07
    4070.0 7.3985e+07
    4090.0 6.5277e+07
    4110.0 5.2660e+07
    4130.0 6.9243e+07
    4150.0 7.0324e+07
    4170.0 6.9445e+07
    4190.0 6.8647e+07
    4210.0 6.7725e+07
    4230.0 6.6711e+07
    4250.0 6.5593e+07
    4270.0 6.4290e+07
    4290.0 6.3796e+07
    4310.0 6.2069e+07
    4330.0 5.2894e+07
    4350.0 4.6028e+07
    4370.0 5.9516e+07
    4390.0 5.8670e+07
    4410.0 5.8713e+07
    4430.0 5.7628e+07
    4450.0 5.7183e+07
    4470.0 5.5749e+07
    4490.0 5.4896e+07
    4510.0 5.4552e+07
    4530.0 5.3832e+07
    4550.0 5.2612e+07
    4570.0 5.2710e+07
    4590.0 5.1540e+07
    4610.0 5.1432e+07
    4630.0 5.0099e+07
    4650.0 5.0019e+07
    4670.0 4.9201e+07
    4690.0 4.8580e+07
    4710.0 4.7390e+07
    4730.0 4.7328e+07
    4750.0 4.6643e+07
    4770.0 4.6243e+07
    4790.0 4.5580e+07
    4810.0 4.4761e+07
    4830.0 4.3759e+07
    4850.0 3.8194e+07
    4870.0 3.2087e+07
    4890.0 4.1880e+07
    4910.0 4.1932e+07
    4930.0 4.1124e+07
    4950.0 4.1032e+07
    4970.0 4.0600e+07
    4990.0 3.9982e+07
    5010.0 3.8937e+07
    5030.0 3.8765e+07
    5050.0 3.7768e+07
    5070.0 3.7895e+07
    5090.0 3.7431e+07
    5110.0 3.6854e+07
    5130.0 3.6567e+07
    5150.0 3.5872e+07
    5170.0 3.5353e+07
    5190.0 3.5090e+07
    5210.0 3.4560e+07
    5230.0 3.4064e+07
    5250.0 3.3888e+07
    5270.0 3.3208e+07
    5290.0 3.3193e+07
    5310.0 3.2552e+07
    5330.0 3.2376e+07
    5350.0 3.2042e+07
    5370.0 3.1646e+07
    5390.0 3.1250e+07
    5410.0 3.0819e+07
    5430.0 3.0499e+07
    5450.0 3.0211e+07
    5470.0 2.9814e+07
    5490.0 2.9494e+07
    5510.0 2.9150e+07
    5530.0 2.8865e+07
    5550.0 2.8540e+07
    5570.0 2.8204e+07
    5590.0 2.7895e+07
    5610.0 2.7632e+07
    5630.0 2.7319e+07
    5650.0 2.6900e+07
    5670.0 2.6636e+07
    5690.0 2.6386e+07
    5710.0 2.6095e+07
    5730.0 2.5811e+07
    5750.0 2.5516e+07
    5770.0 2.5235e+07
    5790.0 2.4914e+07
    5810.0 2.4661e+07
    5830.0 2.4400e+07
    5850.0 2.4132e+07
    5870.0 2.3672e+07
    5890.0 2.3543e+07
    5910.0 2.3350e+07
    5930.0 2.3114e+07
    5950.0 2.2745e+07
    5970.0 2.2570e+07
    5990.0 2.2265e+07
    6010.0 2.2121e+07
    6030.0 2.1885e+07
    6050.0 2.1639e+07
    6070.0 2.1406e+07
    6090.0 2.1181e+07
    6110.0 2.0969e+07
    6130.0 2.0740e+07
    6150.0 2.0355e+07
    6170.0 2.0299e+07
    6190.0 2.0099e+07
    6210.0 1.9889e+07
    6230.0 1.9659e+07
    6250.0 1.9334e+07
    6270.0 1.9272e+07
    6290.0 1.9071e+07
    6310.0 1.8842e+07
    6330.0 1.8672e+07
    6350.0 1.8239e+07
    6370.0 1.8125e+07
    6390.0 1.8094e+07
    6410.0 1.7891e+07
    6430.0 1.7736e+07
    6450.0 1.7476e+07
    6470.0 1.7386e+07
    6490.0 1.7153e+07
    6510.0 1.6946e+07
    6530.0 1.6654e+07
    6550.0 1.5362e+07
    6570.0 1.2829e+07
    6590.0 1.5991e+07
    6610.0 1.6119e+07
    6630.0 1.6000e+07
    6650.0 1.5882e+07
    6670.0 1.5693e+07
    6690.0 1.5543e+07
    6710.0 1.5424e+07
    6730.0 1.5261e+07
    6750.0 1.5120e+07
    6770.0 1.4979e+07
    6790.0 1.4826e+07
    6810.0 1.4684e+07
    6830.0 1.4532e+07
    6850.0 1.4396e+07
    6870.0 1.4264e+07
    6890.0 1.4126e+07
    6910.0 1.3991e+07
    6930.0 1.3843e+07
    6950.0 1.3724e+07
    6970.0 1.3598e+07
    6990.0 1.3479e+07
    7010.0 1.3331e+07
    7030.0 1.3222e+07
    7050.0 1.3070e+07
    7070.0 1.2948e+07
    7090.0 1.2858e+07
    7110.0 1.2715e+07
    7130.0 1.2608e+07
    7150.0 1.2491e+07
    7170.0 1.2382e+07
    7190.0 1.2269e+07
    7210.0 1.2159e+07
    7230.0 1.2028e+07
    7250.0 1.1925e+07
    7270.0 1.1828e+07
    7290.0 1.1711e+07
    7310.0 1.1607e+07
    7330.0 1.1505e+07
    7350.0 1.1407e+07
    7370.0 1.1304e+07
    7390.0 1.1203e+07
    7410.0 1.1090e+07
    7430.0 1.0974e+07
    7450.0 1.0889e+07
    7470.0 1.0773e+07
    7490.0 1.0694e+07
    7510.0 1.0595e+07
    7530.0 1.0517e+07
    7550.0 1.0426e+07
    7570.0 1.0333e+07
    7590.0 1.0239e+07
    7610.0 1.0157e+07
    7630.0 1.0064e+07
    7650.0 9.9688e+06
    7670.0 9.8863e+06
    7690.0 9.7984e+06
    7710.0 9.7053e+06
    7730.0 9.6310e+06
    7750.0 9.5474e+06
    7770.0 9.3196e+06
    7790.0 9.3844e+06
    7810.0 9.3089e+06
    7830.0 9.2262e+06
    7850.0 9.1228e+06
    7870.0 9.0262e+06
    7890.0 8.9400e+06
    7910.0 8.9102e+06
    7930.0 8.8424e+06
    7950.0 8.7297e+06
    7970.0 8.6935e+06
    7990.0 8.5467e+06
    8010.0 8.5471e+06
    8030.0 8.4729e+06
    8050.0 8.4031e+06
    8070.0 8.3321e+06
    8090.0 8.2616e+06
    8110.0 8.1917e+06
    8130.0 8.1279e+06
    8150.0 8.0610e+06
    8170.0 7.9946e+06
    8190.0 7.9145e+06
    8210.0 7.8528e+06
    8230.0 7.7740e+06
    8250.0 7.7628e+06
    8270.0 7.7130e+06
    8290.0 7.6252e+06
    8310.0 7.5608e+06
    8330.0 7.4468e+06
    8350.0 7.3097e+06
    8370.0 7.2029e+06
    8390.0 7.0749e+06
    8410.0 6.9768e+06
    8430.0 6.9725e+06
    8450.0 6.9361e+06
    8470.0 6.6326e+06
    8490.0 7.1155e+06
    8510.0 6.5191e+06
    8530.0 7.2318e+06
    8550.0 6.2138e+06
    8570.0 7.3539e+06
    8590.0 6.6371e+06
    8610.0 6.4397e+06
    8630.0 7.3599e+06
    8650.0 6.9781e+06
    8670.0 5.8021e+06
    8690.0 7.0744e+06
    8710.0 7.2585e+06
    8730.0 6.9814e+06
    8750.0 5.6057e+06
    8770.0 6.6590e+06
    8790.0 7.0571e+06
    8810.0 7.0437e+06
    8830.0 6.8964e+06
    8850.0 6.3248e+06
    8870.0 5.4078e+06
    8890.0 6.6292e+06
    8910.0 6.7535e+06
    8930.0 6.7233e+06
    8950.0 6.6993e+06
    8970.0 6.6188e+06
    8990.0 6.4128e+06
    9010.0 5.2735e+06
    9030.0 5.7208e+06
    9050.0 6.3353e+06
    9070.0 6.3220e+06
    9090.0 6.2870e+06
    9110.0 6.2840e+06
    9130.0 6.2378e+06
    9150.0 6.2062e+06
    9170.0 6.1307e+06
    9190.0 6.0174e+06
    9210.0 5.7397e+06
    9230.0 4.6000e+06
    9250.0 5.5430e+06
    9270.0 5.7424e+06
    9290.0 5.8497e+06
    9310.0 5.8329e+06
    9330.0 5.7941e+06
    9350.0 5.7597e+06
    9370.0 5.7174e+06
    9390.0 5.6577e+06
    9410.0 5.5701e+06
    9430.0 5.5842e+06
    9450.0 5.5472e+06
    9470.0 5.4890e+06
    9490.0 5.4353e+06
    9510.0 5.3422e+06
    9530.0 5.0200e+06
    9550.0 4.1299e+06
    9570.0 5.0318e+06
    9590.0 5.2039e+06
    9610.0 5.1978e+06
    9630.0 5.1232e+06
    9650.0 5.1484e+06
    9670.0 5.0937e+06
    9690.0 5.0715e+06
    9710.0 5.0391e+06
    9730.0 5.0007e+06
    9750.0 4.9626e+06
    9770.0 4.9297e+06
    9790.0 4.8921e+06
    9810.0 4.8547e+06
    9830.0 4.8139e+06
    9850.0 4.7820e+06
    9870.0 4.7466e+06
    9890.0 4.7017e+06
    9910.0 4.6803e+06
    9930.0 4.6456e+06
    9950.0 4.6112e+06
    9970.0 4.5698e+06
    9990.0 4.5275e+06
   10025.0 4.2203e+06
   10075.0 4.0167e+06
   10125.0 4.2941e+06
   10175.0 4.2520e+06
   10225.0 4.1853e+06
   10275.0 4.1129e+06
   10325.0 4.0383e+06
   10375.0 3.9705e+06
   10425.0 3.9038e+06
   10475.0 3.8338e+06
   10525.0 3.7650e+06
   10575.0 3.7059e+06
   10625.0 3.6456e+06
   10675.0 3.5631e+06
   10725.0 3.5175e+06
   10775.0 3.4632e+06
   10825.0 3.3965e+06
   10875.0 3.3309e+06
   10925.0 2.9237e+06
   10975.0 3.1251e+06
   11025.0 3.1807e+06
   11075.0 3.1383e+06
   11125.0 3.0879e+06
   11175.0 3.0373e+06
   11225.0 2.9893e+06
   11275.0 2.9204e+06
   11325.0 2.8779e+06
   11375.0 2.8489e+06
   11425.0 2.8029e+06
   11475.0 2.7603e+06
   11525.0 2.7175e+06
   11575.0 2.6744e+06
   11625.0 2.6283e+06
   11675.0 2.5865e+06
   11725.0 2.5514e+06
   11775.0 2.5021e+06
   11825.0 2.4733e+06
   11875.0 2.4329e+06
   11925.0 2.4008e+06
   11975.0 2.3624e+06
   12025.0 2.3278e+06
   12075.0 2.2930e+06
   12125.0 2.2586e+06
   12175.0 2.2255e+06
   12225.0 2.1921e+06
   12275.0 2.1592e+06
   12325.0 2.1275e+06
   12375.0 2.0962e+06
   12425.0 2.0670e+06
   12475.0 2.0319e+06
   12525.0 2.0066e+06
   12575.0 1.9747e+06
   12625.0 1.9486e+06
   12675.0 1.9213e+06
   12725.0 1.8907e+06
   12775.0 1.8370e+06
   12825.0 1.6324e+06
   12875.0 1.7955e+06
   12925.0 1.7874e+06
   12975.0 1.7644e+06
   13025.0 1.7403e+06
   13075.0 1.7157e+06
   13125.0 1.6923e+06
   13175.0 1.6656e+06
   13225.0 1.6455e+06
   13275.0 1.6229e+06
   13325.0 1.6006e+06
   13375.0 1.5786e+06
   13425.0 1.5569e+06
   13475.0 1.5355e+06
   13525.0 1.5143e+06
   13575.0 1.4947e+06
   13625.0 1.4747e+06
   13675.0 1.4537e+06
   13725.0 1.4349e+06
   13775.0 1.4169e+06
   13825.0 1.3979e+06
   13875.0 1.3797e+06
   13925.0 1.3612e+06
   13975.0 1.3435e+06
   14025.0 1.3260e+06
   14075.0 1.3087e+06
   14125.0 1.2916e+06
   14175.0 1.2754e+06
   14225.0 1.2587e+06
   14275.0 1.2429e+06
   14325.0 1.2266e+06
   14375.0 1.2111e+06
   14425.0 1.1929e+06
   14475.0 1.1801e+06
   14525.0 1.1641e+06
   14570.0 1.1524e+06
   14620.0 1.1395e+06
   14675.0 1.1242e+06
   14725.0 1.1105e+06
   14775.0 1.0959e+06
   14825.0 1.0836e+06
   14875.0 1.0693e+06
   14925.0 1.0551e+06
   14975.0 1.0390e+06
   15025.0 1.0236e+06
   15075.0 1.0079e+06
   15125.0 9.9282e+05
   15175.0 9.7900e+05
   15225.0 9.7103e+05
   15275.0 9.5132e+05
   15325.0 9.4052e+05
   15375.0 9.4050e+05
   15425.0 9.1073e+05
   15475.0 9.2088e+05
   15525.0 9.1247e+05
   15575.0 8.6806e+05
   15625.0 9.1114e+05
   15675.0 8.7020e+05
   15725.0 8.3945e+05
   15775.0 8.8281e+05
   15825.0 8.6958e+05
   15875.0 7.8988e+05
   15925.0 8.3552e+05
   15975.0 8.4769e+05
   16050.0 8.2070e+05
   16150.0 7.7240e+05
   16250.0 7.9653e+05
   16350.0 7.6349e+05
   16450.0 7.2100e+05
   16550.0 7.4471e+05
   16650.0 7.2844e+05
   16750.0 6.9669e+05
   16850.0 6.5803e+05
   16950.0 6.8076e+05
   17050.0 6.6620e+05
   17150.0 6.5193e+05
   17250.0 6.3633e+05
   17350.0 5.8122e+05
   17450.0 6.0529e+05
   17550.0 5.9763e+05
   17650.0 5.8511e+05
   17750.0 5.7244e+05
   17850.0 5.6078e+05
   17950.0 5.4934e+05
   18050.0 5.3590e+05
   18150.0 4.9398e+05
   18250.0 5.0802e+05
   18350.0 5.0535e+05
   18450.0 4.9531e+05
   18550.0 4.8475e+05
   18650.0 4.7371e+05
   18750.0 4.3660e+05
   18850.0 4.5460e+05
   18950.0 4.4747e+05
   19050.0 4.3882e+05
   19150.0 4.3000e+05
   19250.0 4.2166e+05
   19350.0 4.1155e+05
   19450.0 3.7848e+05
   19550.0 3.9564e+05
   19650.0 3.9007e+05
   19750.0 3.8275e+05
   19850.0 3.7556e+05
   19950.0 3.6849e+05
   20050.0 3.6154e+05
   20150.0 3.5471e+05
   20250.0 3.4829e+05
   20350.0 3.4169e+05
   20450.0 3.3549e+05
   20550.0 3.2911e+05
   20650.0 3.2312e+05
   20750.0 3.1723e+05
   20850.0 3.1171e+05
   20950.0 3.0601e+05
   21050.0 3.0040e+05
   21150.0 2.9515e+05
   21250.0 2.8973e+05
   21350.0 2.8465e+05
   21450.0 2.7966e+05
   21550.0 2.7371e+05
   21650.0 2.5279e+05
   21750.0 2.6338e+05
   21850.0 2.6072e+05
   21950.0 2.5636e+05
   22050.0 2.5182e+05
   22150.0 2.4760e+05
   22250.0 2.4344e+05
   22350.0 2.3920e+05
   22450.0 2.3517e+05
   22550.0 2.3123e+05
   22650.0 2.2734e+05
   22750.0 2.2356e+05
   22850.0 2.2065e+05
   22950.0 2.1946e+05
   23050.0 2.1557e+05
   23150.0 2.1136e+05
   23250.0 2.0735e+05
   23350.0 2.0349e+05
   23450.0 1.9986e+05
   23550.0 1.9613e+05
   23650.0 1.9285e+05
   23750.0 1.8932e+05
   23850.0 1.8592e+05
   23950.0 1.8293e+05
   24050.0 1.7985e+05
   24150.0 1.7670e+05
   24250.0 1.7443e+05
   24350.0 1.7142e+05
   24450.0 1.6838e+05
   24550.0 1.6673e+05
   24650.0 1.6333e+05
   24750.0 1.6100e+05
   24850.0 1.6028e+05
   24950.0 1.5388e+05
   25050.0 1.5684e+05
   25150.0 1.5355e+05
   25250.0 1.4622e+05
   25350.0 1.4835e+05
   25450.0 1.4719e+05
   25550.0 1.4393e+05
   25650.0 1.3674e+05
   25750.0 1.4009e+05
   25850.0 1.3890e+05
   25950.0 1.3664e+05
   26050.0 1.3282e+05
   26150.0 1.2635e+05
   26250.0 1.2215e+05
   26350.0 1.2775e+05
   26450.0 1.2708e+05
   26550.0 1.2533e+05
   26650.0 1.2260e+05
   26750.0 1.1508e+05
   26850.0 1.1911e+05
   26950.0 1.1836e+05
   27050.0 1.1677e+05
   27150.0 1.1511e+05
   27250.0 1.1350e+05
   27350.0 1.1190e+05
   27450.0 1.0989e+05
   27550.0 1.0326e+05
   27650.0 1.0500e+05
   27750.0 1.0566e+05
   27850.0 1.0436e+05
   27950.0 1.0294e+05
   28050.0 1.0154e+05
   28150.0 1.0013e+05
   28250.0 9.8781e+04
   28350.0 9.7444e+04
   28450.0 9.6123e+04
   28550.0 9.4715e+04
   28650.0 9.2171e+04
   28750.0 8.6975e+04
   28850.0 9.0609e+04
   28950.0 8.9827e+04
   29050.0 8.8698e+04
   29150.0 8.7512e+04
   29250.0 8.6382e+04
   29350.0 8.5237e+04
   29450.0 8.4134e+04
   29550.0 8.3044e+04
   29650.0 8.1966e+04
   29750.0 8.0901e+04
   29850.0 7.9862e+04
   29950.0 7.8835e+04
   30050.0 7.7833e+04
   30150.0 7.6829e+04
   30250.0 7.5588e+04
   30350.0 7.1407e+04
   30450.0 7.1883e+04
   30550.0 7.2839e+04
   30650.0 7.2109e+04
   30750.0 7.1197e+04
   30850.0 7.0270e+04
   30950.0 6.9441e+04
   31050.0 6.8584e+04
   31150.0 6.7737e+04
   31250.0 6.6899e+04
   31350.0 6.6070e+04
   31450.0 6.5263e+04
   31550.0 6.4464e+04
   31650.0 6.3686e+04
   31750.0 6.2905e+04
   31850.0 6.2156e+04
   31950.0 6.1403e+04
   32100.0 6.0295e+04
   32300.0 5.8861e+04
   32500.0 5.7481e+04
   32700.0 5.6096e+04
   32900.0 5.2812e+04
   33100.0 5.3336e+04
   33300.0 5.2622e+04
   33500.0 5.1365e+04
   33700.0 5.0092e+04
   33900.0 4.8918e+04
   34100.0 4.7768e+04
   34300.0 4.6663e+04
   34500.0 4.5579e+04
   34700.0 4.4547e+04
   34900.0 4.3516e+04
   35100.0 4.2555e+04
   35300.0 4.1631e+04
   35500.0 4.0697e+04
   35700.0 3.9781e+04
   35900.0 3.9051e+04
   36100.0 3.8058e+04
   36300.0 3.7431e+04
   36500.0 3.6409e+04
   36700.0 3.5942e+04
   36900.0 3.4796e+04
   37100.0 3.4422e+04
   37300.0 3.3201e+04
   37500.0 3.1952e+04
   37700.0 3.2382e+04
   37900.0 3.1807e+04
   38100.0 3.0747e+04
   38300.0 3.0198e+04
   38500.0 2.9934e+04
   38700.0 2.9337e+04
   38900.0 2.8624e+04
   39100.0 2.7508e+04
   39300.0 2.7586e+04
   39500.0 2.7085e+04
   39700.0 2.6561e+04
   39900.0 2.6040e+04
   40100.0 2.5184e+04
   40300.0 2.4558e+04
   40500.0 2.3775e+04
   40700.0 2.4056e+04
   40900.0 2.3649e+04
   41100.0 2.3200e+04
   41300.0 2.2764e+04
   41500.0 2.2288e+04
   41700.0 2.1233e+04
   41900.0 2.1448e+04
   42100.0 2.1123e+04
   42300.0 2.0736e+04
   42500.0 2.0355e+04
   42700.0 1.9987e+04
   42900.0 1.9626e+04
   43100.0 1.9270e+04
   43300.0 1.8926e+04
   43500.0 1.8568e+04
   43700.0 1.7714e+04
   43900.0 1.7765e+04
   44100.0 1.7616e+04
   44300.0 1.7311e+04
   44500.0 1.7010e+04
   44700.0 1.6762e+04
   44900.0 1.6477e+04
   45100.0 1.6189e+04
   45300.0 1.5912e+04
   45500.0 1.5639e+04
   45700.0 1.5371e+04
   45900.0 1.5112e+04
   46100.0 1.4857e+04
   46300.0 1.4572e+04
   46500.0 1.3832e+04
   46700.0 1.3570e+04
   46900.0 1.3804e+04
   47100.0 1.3660e+04
   47300.0 1.3432e+04
   47500.0 1.3218e+04
   47700.0 1.3002e+04
   47900.0 1.2794e+04
   48100.0 1.2585e+04
   48300.0 1.2383e+04
   48500.0 1.2184e+04
   48700.0 1.1988e+04
   48900.0 1.1795e+04
   49100.0 1.1610e+04
   49300.0 1.1427e+04
   49500.0 1.1247e+04
   49700.0 1.1069e+04
   49900.0 1.0898e+04
   50100.0 1.0726e+04
   50300.0 1.0560e+04
   50500.0 1.0396e+04
   50700.0 1.0235e+04
   50900.0 1.0081e+04
   51100.0 9.8782e+03
   51300.0 9.3958e+03
   51500.0 9.5988e+03
   51700.0 9.4798e+03
   51900.0 9.3401e+03
   52100.0 9.1978e+03
   52300.0 9.0619e+03
   52500.0 8.9277e+03
   52700.0 8.7953e+03
   52900.0 8.6646e+03
   53100.0 8.5357e+03
   53300.0 8.4127e+03
   53500.0 8.2870e+03
   53700.0 8.1672e+03
   53900.0 8.0489e+03
   54100.0 7.9322e+03
   54300.0 7.8210e+03
   54500.0 7.7071e+03
   54700.0 7.5988e+03
   54900.0 7.4878e+03
   55100.0 7.3822e+03
   55300.0 7.2779e+03
   55500.0 7.1750e+03
   55700.0 7.0733e+03
   55900.0 6.9767e+03
   56100.0 6.8775e+03
   56300.0 6.7834e+03
   56500.0 6.6903e+03
   56700.0 6.5947e+03
   56900.0 6.5040e+03
   57100.0 6.4181e+03
   57300.0 6.3295e+03
   57500.0 6.2420e+03
   57700.0 6.1592e+03
   57900.0 6.0738e+03
   58100.0 5.9930e+03
   58300.0 5.9131e+03
   58500.0 5.8412e+03
   58700.0 5.7632e+03
   58900.0 5.6550e+03
   59100.0 5.3868e+03
   59300.0 5.5210e+03
   59500.0 5.4670e+03
   59700.0 5.3934e+03
   59900.0 5.3241e+03
   60100.0 5.2522e+03
   60300.0 5.1844e+03
   60500.0 5.1174e+03
   60700.0 5.0512e+03
   60900.0 4.9858e+03
   61100.0 4.9243e+03
   61300.0 4.8603e+03
   61500.0 4.7970e+03
   61700.0 4.7376e+03
   61900.0 4.6757e+03
   62100.0 4.6177e+03
   62300.0 4.5603e+03
   62500.0 4.5035e+03
   62700.0 4.4474e+03
   62900.0 4.3919e+03
   63100.0 4.3370e+03
   63300.0 4.2827e+03
   63500.0 4.2290e+03
   63700.0 4.1758e+03
   63900.0 4.1262e+03
   64200.0 4.0500e+03
   64600.0 3.9511e+03
   65000.0 3.8572e+03
   65400.0 3.7653e+03
   65800.0 3.6754e+03
   66200.0 3.5873e+03
   66600.0 3.5038e+03
   67000.0 3.4220e+03
   67400.0 3.3419e+03
   67800.0 3.2661e+03
   68200.0 3.1918e+03
   68600.0 3.1190e+03
   69000.0 3.0477e+03
   69400.0 2.9778e+03
   69800.0 2.9118e+03
   70200.0 2.8470e+03
   70600.0 2.7836e+03
   71000.0 2.7214e+03
   71400.0 2.6628e+03
   71800.0 2.6029e+03
   72200.0 2.5466e+03
   72600.0 2.4913e+03
   73000.0 2.4393e+03
   73400.0 2.3861e+03
   73800.0 2.3361e+03
   74200.0 2.2848e+03
   74600.0 2.1957e+03
   75000.0 2.1361e+03
   75400.0 2.1430e+03
   75800.0 2.1017e+03
   76200.0 2.0580e+03
   76600.0 2.0159e+03
   77000.0 1.9748e+03
   77400.0 1.9348e+03
   77800.0 1.8958e+03
   78200.0 1.8578e+03
   78600.0 1.8207e+03
   79000.0 1.7844e+03
   79400.0 1.7492e+03
   79800.0 1.7148e+03
   80200.0 1.6811e+03
   80600.0 1.6484e+03
   81000.0 1.6164e+03
   81400.0 1.5852e+03
   81800.0 1.5547e+03
   82200.0 1.5250e+03
   82600.0 1.4961e+03
   83000.0 1.4676e+03
   83400.0 1.4399e+03
   83800.0 1.4129e+03
   84200.0 1.3866e+03
   84600.0 1.3608e+03
   85000.0 1.3356e+03
   85400.0 1.3110e+03
   85800.0 1.2870e+03
   86200.0 1.2635e+03
   86600.0 1.2405e+03
   87000.0 1.2180e+03
   87400.0 1.1961e+03
   87800.0 1.1746e+03
   88200.0 1.1538e+03
   88600.0 1.1333e+03
   89000.0 1.1133e+03
   89400.0 1.0936e+03
   89800.0 1.0745e+03
   90200.0 1.0558e+03
   90600.0 1.0374e+03
   91000.0 1.0195e+03
   91400.0 1.0018e+03
   91800.0 9.8469e+02
   92200.0 9.6785e+02
   92600.0 9.5139e+02
   93000.0 9.3518e+02
   93400.0 9.1949e+02
   93800.0 9.0390e+02
   94200.0 8.8881e+02
   94600.0 8.7407e+02
   95000.0 8.5955e+02
   95400.0 8.4524e+02
   95800.0 8.3140e+02
   96200.0 8.1777e+02
   96600.0 8.0445e+02
   97000.0 7.9133e+02
   97400.0 7.7853e+02
   97800.0 7.6590e+02
   98200.0 7.5358e+02
   98600.0 7.4156e+02
   99000.0 7.2971e+02
   99400.0 7.1814e+02
   99800.0 7.0674e+02
  100200.0 6.9561e+02
  200000.0 4.4129e+01
  400000.0 2.7229e+00
  600000.0 5.3130e-01
  800000.0 1.6627e-01
 1000000.0 6.7513e-02
 1200000.0 3.2319e-02
 1400000.0 1.7333e-02
 1600000.0 1.0104e-02
