      91.0 0.0000e+00
      94.0 0.0000e+00
      96.0 0.0000e+00
      98.0 0.0000e+00
     100.0 0.0000e+00
     102.0 0.0000e+00
     104.0 0.0000e+00
     106.0 0.0000e+00
     108.0 0.0000e+00
     110.0 0.0000e+00
     114.0 0.0000e+00
     118.0 0.0000e+00
     121.0 0.0000e+00
     125.0 0.0000e+00
     127.0 0.0000e+00
     128.0 0.0000e+00
     131.0 0.0000e+00
     132.0 0.0000e+00
     134.0 0.0000e+00
     137.0 0.0000e+00
     140.0 0.0000e+00
     143.0 0.0000e+00
     147.0 0.0000e+00
     151.0 0.0000e+00
     155.0 0.0000e+00
     159.0 0.0000e+00
     162.0 0.0000e+00
     166.0 0.0000e+00
     170.0 0.0000e+00
     173.0 0.0000e+00
     177.0 0.0000e+00
     180.0 0.0000e+00
     182.0 0.0000e+00
     186.0 0.0000e+00
     191.0 0.0000e+00
     194.0 0.0000e+00
     198.0 0.0000e+00
     202.0 0.0000e+00
     205.0 0.0000e+00
     210.0 0.0000e+00
     216.0 0.0000e+00
     220.0 0.0000e+00
     223.0 0.0000e+00
     227.0 0.0000e+00
     230.0 0.0000e+00
     234.0 0.0000e+00
     240.0 0.0000e+00
     246.0 0.0000e+00
     252.0 0.0000e+00
     257.0 0.0000e+00
     260.0 0.0000e+00
     264.0 0.0000e+00
     269.0 0.0000e+00
     274.0 0.0000e+00
     279.0 0.0000e+00
     284.0 0.0000e+00
     290.0 0.0000e+00
     296.0 0.0000e+00
     301.0 0.0000e+00
     308.0 0.0000e+00
     318.0 0.0000e+00
     328.0 0.0000e+00
     338.0 0.0000e+00
     348.0 0.0000e+00
     357.0 0.0000e+00
     366.0 0.0000e+00
     375.0 0.0000e+00
     385.0 0.0000e+00
     395.0 0.0000e+00
     405.0 0.0000e+00
     414.0 0.0000e+00
     422.0 0.0000e+00
     430.0 0.0000e+00
     441.0 0.0000e+00
     451.0 0.0000e+00
     460.0 0.0000e+00
     470.0 0.0000e+00
     480.0 0.0000e+00
     490.0 0.0000e+00
     500.0 0.0000e+00
     506.0 0.0000e+00
     512.0 0.0000e+00
     520.0 0.0000e+00
     530.0 0.0000e+00
     540.0 0.0000e+00
     550.0 0.0000e+00
     560.0 0.0000e+00
     570.0 0.0000e+00
     580.0 0.0000e+00
     590.0 0.0000e+00
     600.0 0.0000e+00
     610.0 0.0000e+00
     620.0 0.0000e+00
     630.0 0.0000e+00
     640.0 0.0000e+00
     650.0 0.0000e+00
     658.0 0.0000e+00
     665.0 0.0000e+00
     675.0 0.0000e+00
     685.0 0.0000e+00
     695.0 0.0000e+00
     705.0 0.0000e+00
     716.0 0.0000e+00
     726.0 0.0000e+00
     735.0 0.0000e+00
     745.0 0.0000e+00
     755.0 0.0000e+00
     765.0 0.0000e+00
     775.0 0.0000e+00
     785.0 0.0000e+00
     795.0 0.0000e+00
     805.0 0.0000e+00
     815.0 0.0000e+00
     825.0 0.0000e+00
     835.0 0.0000e+00
     845.0 0.0000e+00
     855.0 0.0000e+00
     865.0 0.0000e+00
     875.0 0.0000e+00
     885.0 0.0000e+00
     895.0 0.0000e+00
     905.0 0.0000e+00
     915.0 0.0000e+00
     925.0 0.0000e+00
     935.0 0.0000e+00
     945.0 0.0000e+00
     955.0 0.0000e+00
     965.0 0.0000e+00
     975.0 0.0000e+00
     985.0 0.0000e+00
     995.0 7.1282e-14
    1005.0 7.2376e-14
    1015.0 7.3401e-14
    1025.0 7.4464e-14
    1035.0 7.5562e-14
    1045.0 7.6561e-14
    1055.0 7.7594e-14
    1065.0 7.8671e-14
    1075.0 7.9694e-14
    1085.0 8.0727e-14
    1095.0 8.1750e-14
    1105.0 8.2781e-14
    1115.0 8.3734e-14
    1125.0 8.4753e-14
    1135.0 8.5789e-14
    1145.0 8.6739e-14
    1155.0 8.7707e-14
    1165.0 8.8708e-14
    1175.0 8.9723e-14
    1185.0 9.0692e-14
    1195.0 9.1616e-14
    1205.0 9.2579e-14
    1215.0 9.3498e-14
    1225.0 9.4455e-14
    1235.0 9.5369e-14
    1245.0 9.6319e-14
    1255.0 9.7303e-14
    1265.0 9.8168e-14
    1275.0 9.9069e-14
    1285.0 1.0000e-13
    1295.0 1.0089e-13
    1305.0 1.0323e-13
    1315.0 1.0971e-13
    1325.0 1.1694e-13
    1335.0 1.2609e-13
    1345.0 1.3536e-13
    1355.0 1.4480e-13
    1365.0 1.5588e-13
    1375.0 1.6764e-13
    1385.0 1.8092e-13
    1395.0 1.9522e-13
    1405.0 2.2398e-13
    1415.0 2.9521e-13
    1425.0 4.0635e-13
    1435.0 5.0372e-13
    1442.0 6.2860e-13
    1447.0 7.8463e-13
    1455.0 9.8787e-13
    1465.0 1.2482e-12
    1475.0 1.7831e-12
    1485.0 2.5275e-12
    1495.0 3.2149e-12
    1505.0 4.0941e-12
    1512.0 5.2066e-12
    1517.0 6.6178e-12
    1525.0 8.4512e-12
    1535.0 1.0952e-11
    1545.0 1.5006e-11
    1555.0 2.0720e-11
    1565.0 2.7105e-11
    1575.0 3.4956e-11
    1585.0 4.7710e-11
    1595.0 6.2362e-11
    1605.0 8.0301e-11
    1615.0 1.0276e-10
    1625.0 1.3474e-10
    1635.0 1.8208e-10
    1645.0 2.3864e-10
    1655.0 3.0126e-10
    1665.0 3.9463e-10
    1672.0 4.6498e-10
    1677.0 5.5091e-10
    1685.0 6.5297e-10
    1695.0 8.3102e-10
    1705.0 1.0420e-09
    1715.0 1.2696e-09
    1725.0 1.6160e-09
    1735.0 2.1074e-09
    1745.0 2.6693e-09
    1755.0 3.4616e-09
    1765.0 4.0880e-09
    1775.0 5.0431e-09
    1785.0 6.6842e-09
    1795.0 7.8753e-09
    1805.0 9.2826e-09
    1815.0 1.1863e-08
    1825.0 1.5071e-08
    1835.0 1.7732e-08
    1845.0 2.0876e-08
    1855.0 2.6290e-08
    1865.0 3.3815e-08
    1875.0 3.9772e-08
    1885.0 4.6776e-08
    1895.0 5.5033e-08
    1905.0 6.4700e-08
    1915.0 8.2632e-08
    1925.0 1.0488e-07
    1935.0 1.2305e-07
    1945.0 1.4480e-07
    1955.0 1.7030e-07
    1967.0 2.0034e-07
    1976.0 2.3528e-07
    1984.0 2.7616e-07
    1995.0 3.2450e-07
    2005.0 3.8123e-07
    2015.0 4.4804e-07
    2025.0 5.2609e-07
    2035.0 6.1794e-07
    2045.0 7.2575e-07
    2055.0 8.5188e-07
    2065.0 1.0000e-06
    2074.0 1.1739e-06
    2078.0 1.1758e-06
    2085.0 1.4416e-06
    2095.0 5.6174e-04
    2105.0 8.9227e-04
    2115.0 1.5149e-03
    2125.0 2.9026e-03
    2135.0 9.9865e-04
    2145.0 1.3855e-03
    2155.0 3.3104e-04
    2165.0 4.9505e-03
    2175.0 4.9659e-03
    2185.0 1.1612e-02
    2195.0 2.4225e-04
    2205.0 2.6218e-02
    2215.0 3.4414e-02
    2225.0 4.2172e-02
    2235.0 3.1304e-02
    2245.0 3.1407e-02
    2255.0 1.6585e-02
    2265.0 4.2963e-03
    2275.0 2.4537e-05
    2285.0 5.3491e-02
    2295.0 5.3640e-02
    2305.0 3.8618e-04
    2315.0 8.6796e-03
    2325.0 2.9105e-02
    2335.0 2.2940e-02
    2345.0 2.3006e-02
    2355.0 1.7622e-01
    2365.0 8.9961e-04
    2375.0 2.1727e-01
    2385.0 2.1777e-01
    2395.0 2.8495e-01
    2405.0 4.5342e-02
    2415.0 1.5727e-01
    2425.0 2.1982e-01
    2435.0 1.7810e-01
    2445.0 2.7642e-01
    2455.0 6.0386e-02
    2465.0 3.7616e-02
    2475.0 1.2409e-02
    2485.0 1.6617e-03
    2495.0 2.8164e-02
    2505.0 6.0484e-02
    2513.0 4.7206e-02
    2518.0 1.0928e-02
    2525.0 3.8689e-03
    2535.0 8.3935e-02
    2545.0 3.3085e-02
    2555.0 1.0597e+00
    2565.0 7.6023e-01
    2575.0 1.0068e+00
    2585.0 1.7633e+00
    2595.0 1.7181e+00
    2605.0 2.8698e+00
    2615.0 3.0478e+00
    2625.0 3.3762e+00
    2635.0 5.0639e+00
    2645.0 3.7504e+00
    2655.0 4.4129e+00
    2665.0 3.6048e+00
    2675.0 3.5209e+00
    2685.0 5.0717e+00
    2695.0 4.5933e+00
    2705.0 4.5708e+00
    2715.0 1.8513e+00
    2725.0 1.1461e+00
    2735.0 1.3779e+00
    2745.0 1.3497e+00
    2755.0 2.1392e+00
    2765.0 3.0633e+00
    2775.0 4.8352e+00
    2785.0 3.7400e+00
    2795.0 7.0565e-01
    2805.0 1.0750e+00
    2815.0 1.4046e+00
    2825.0 1.0816e+00
    2835.0 4.7998e-01
    2845.0 9.4182e-02
    2855.0 3.2175e-02
    2865.0 3.3046e-01
    2875.0 7.7791e-01
    2885.0 1.8960e+00
    2895.0 4.6874e+00
    2910.0 7.6271e+00
    2930.0 6.2774e+00
    2950.0 9.8400e+00
    2970.0 8.8488e+00
    2990.0 5.6846e+00
    3010.0 4.5690e+00
    3030.0 8.7917e+00
    3050.0 7.8931e+00
    3070.0 2.4633e+01
    3090.0 2.0698e+01
    3110.0 8.2932e+01
    3130.0 8.4458e+01
    3150.0 8.2265e+01
    3170.0 1.3950e+02
    3190.0 8.8876e+01
    3210.0 1.0720e+02
    3230.0 1.0078e+02
    3250.0 2.1401e+02
    3270.0 2.3820e+02
    3290.0 3.4532e+02
    3310.0 2.0938e+02
    3330.0 2.6376e+02
    3350.0 2.0730e+02
    3370.0 1.6028e+02
    3390.0 2.3530e+02
    3410.0 2.4070e+02
    3430.0 4.6061e+02
    3450.0 2.7414e+02
    3470.0 3.0535e+02
    3490.0 3.7993e+02
    3510.0 3.8116e+02
    3530.0 6.2254e+02
    3550.0 9.3460e+02
    3570.0 3.0796e+02
    3590.0 1.2338e+02
    3610.0 2.7669e+02
    3630.0 5.1473e+02
    3640.0 7.3726e+02
    3650.0 9.3431e+02
    3670.0 9.8826e+02
    3690.0 9.6525e+02
    3710.0 7.1859e+02
    3730.0 2.6262e+02
    3750.0 3.5670e+02
    3770.0 1.2639e+03
    3790.0 1.3775e+03
    3810.0 9.6736e+02
    3830.0 4.6352e+02
    3850.0 8.8345e+02
    3870.0 7.0804e+02
    3890.0 8.5270e+02
    3910.0 1.0252e+03
    3930.0 1.9162e+02
    3950.0 4.4562e+02
    3970.0 3.5106e+02
    3990.0 1.2263e+03
    4010.0 1.8681e+03
    4030.0 1.6894e+03
    4050.0 1.6106e+03
    4070.0 1.5441e+03
    4090.0 2.0911e+03
    4110.0 1.5171e+03
    4130.0 1.4258e+03
    4150.0 1.3940e+03
    4170.0 1.3144e+03
    4190.0 1.3436e+03
    4210.0 6.2976e+02
    4230.0 3.2571e+02
    4250.0 7.9203e+02
    4270.0 6.3711e+02
    4290.0 8.8093e+02
    4310.0 9.6509e+02
    4330.0 7.8862e+02
    4350.0 7.7822e+02
    4370.0 1.0650e+03
    4390.0 6.6579e+02
    4410.0 1.0556e+03
    4430.0 4.2400e+02
    4450.0 8.7020e+02
    4470.0 6.8778e+02
    4490.0 1.1581e+03
    4510.0 5.4263e+02
    4530.0 6.2878e+02
    4550.0 1.0206e+03
    4570.0 7.7055e+02
    4590.0 7.8776e+02
    4610.0 4.9198e+02
    4630.0 6.8246e+02
    4650.0 1.1292e+03
    4670.0 4.0590e+02
    4690.0 1.2146e+03
    4710.0 1.1535e+03
    4730.0 4.6331e+02
    4750.0 5.2665e+03
    4770.0 3.0489e+02
    4790.0 1.1300e+03
    4810.0 2.3619e+02
    4830.0 2.3815e+03
    4850.0 6.7038e+02
    4870.0 3.1222e+03
    4890.0 3.2973e+03
    4910.0 2.5781e+03
    4930.0 3.5405e+03
    4950.0 2.0154e+03
    4970.0 1.1627e+03
    4990.0 2.2197e+03
    5010.0 6.6695e+02
    5030.0 2.2845e+03
    5050.0 1.4351e+03
    5070.0 2.2509e+03
    5090.0 3.0771e+03
    5110.0 5.5522e+03
    5130.0 3.9985e+03
    5150.0 3.0700e+03
    5170.0 3.8511e+03
    5190.0 1.6842e+03
    5210.0 3.2281e+03
    5230.0 2.4305e+03
    5250.0 2.2519e+03
    5270.0 5.7124e+03
    5290.0 3.7354e+03
    5310.0 4.0297e+03
    5330.0 4.2464e+03
    5350.0 1.7031e+03
    5370.0 1.7191e+03
    5390.0 3.1147e+03
    5410.0 2.9004e+03
    5430.0 3.0828e+03
    5450.0 2.4853e+03
    5470.0 1.6997e+03
    5490.0 2.9589e+03
    5510.0 2.1937e+03
    5530.0 4.2546e+03
    5550.0 2.7392e+03
    5570.0 1.9910e+03
    5590.0 2.4223e+03
    5610.0 1.3347e+03
    5630.0 1.2761e+03
    5650.0 2.0323e+03
    5670.0 1.5618e+03
    5690.0 2.3586e+03
    5710.0 2.0001e+03
    5730.0 2.7659e+03
    5750.0 2.6923e+03
    5770.0 2.0732e+03
    5790.0 2.2170e+03
    5810.0 2.4622e+03
    5830.0 2.2104e+03
    5850.0 2.1206e+03
    5870.0 1.3663e+03
    5890.0 1.2931e+03
    5910.0 1.0633e+03
    5930.0 1.0718e+03
    5950.0 1.2092e+03
    5970.0 1.4162e+03
    5990.0 1.9692e+03
    6010.0 2.5418e+03
    6030.0 3.0173e+03
    6050.0 3.5252e+03
    6070.0 4.0650e+03
    6090.0 4.3068e+03
    6110.0 4.8568e+03
    6130.0 3.6412e+03
    6150.0 2.0995e+03
    6170.0 1.4184e+03
    6190.0 1.0112e+03
    6210.0 9.5556e+02
    6230.0 8.9970e+02
    6250.0 1.0714e+03
    6270.0 1.4596e+03
    6290.0 1.9101e+03
    6310.0 2.4483e+03
    6330.0 2.9844e+03
    6350.0 3.4944e+03
    6370.0 3.8183e+03
    6390.0 4.1204e+03
    6410.0 4.3078e+03
    6430.0 4.3854e+03
    6450.0 4.6580e+03
    6470.0 5.1077e+03
    6490.0 5.6001e+03
    6510.0 6.0270e+03
    6530.0 6.1335e+03
    6550.0 6.0598e+03
    6570.0 5.7507e+03
    6590.0 4.8101e+03
    6610.0 4.8305e+03
    6630.0 4.1548e+03
    6650.0 3.2757e+03
    6670.0 2.9138e+03
    6690.0 2.6271e+03
    6710.0 2.3651e+03
    6730.0 2.1250e+03
    6750.0 2.1382e+03
    6770.0 2.3950e+03
    6790.0 2.6712e+03
    6810.0 3.0538e+03
    6830.0 3.4575e+03
    6850.0 3.9101e+03
    6870.0 4.4133e+03
    6890.0 5.3148e+03
    6910.0 6.5700e+03
    6930.0 7.0090e+03
    6950.0 7.9096e+03
    6970.0 9.5478e+03
    6990.0 1.1366e+04
    7010.0 1.3356e+04
    7030.0 1.2387e+04
    7050.0 8.5723e+03
    7070.0 4.7669e+03
    7090.0 2.5358e+03
    7110.0 1.9608e+03
    7130.0 1.8005e+03
    7150.0 2.0407e+03
    7170.0 2.3583e+03
    7190.0 3.1176e+03
    7210.0 3.9792e+03
    7230.0 4.9758e+03
    7250.0 6.0024e+03
    7270.0 7.0403e+03
    7290.0 9.4590e+03
    7310.0 1.2715e+04
    7330.0 1.3360e+04
    7350.0 1.8397e+04
    7370.0 2.3137e+04
    7390.0 2.2024e+04
    7410.0 2.9287e+04
    7430.0 3.5038e+04
    7450.0 3.2409e+04
    7470.0 4.4399e+04
    7490.0 4.7945e+04
    7510.0 4.9030e+04
    7530.0 5.9450e+04
    7550.0 6.4268e+04
    7570.0 6.8031e+04
    7590.0 5.5558e+04
    7610.0 4.1993e+04
    7630.0 2.8879e+04
    7650.0 1.5712e+04
    7670.0 9.0933e+03
    7690.0 9.2489e+03
    7710.0 9.3885e+03
    7730.0 9.5247e+03
    7750.0 9.7890e+03
    7770.0 1.0174e+04
    7790.0 1.0548e+04
    7810.0 1.1989e+04
    7830.0 1.3840e+04
    7850.0 1.3556e+04
    7870.0 1.2618e+04
    7890.0 1.5846e+04
    7910.0 1.3395e+04
    7930.0 1.5534e+04
    7950.0 1.6277e+04
    7970.0 1.7045e+04
    7990.0 1.6042e+04
    8010.0 2.1232e+04
    8030.0 2.4586e+04
    8050.0 2.6629e+04
    8070.0 3.7637e+04
    8090.0 4.4304e+04
    8110.0 4.9045e+04
    8130.0 6.6946e+04
    8150.0 8.2487e+04
    8170.0 8.9899e+04
    8190.0 8.9317e+04
    8210.0 5.7784e+04
    8230.0 5.0316e+04
    8250.0 4.7306e+04
    8270.0 4.4325e+04
    8290.0 4.1232e+04
    8310.0 3.8742e+04
    8330.0 3.6862e+04
    8350.0 3.5344e+04
    8370.0 3.5877e+04
    8390.0 3.6661e+04
    8410.0 3.7470e+04
    8430.0 3.3951e+04
    8450.0 2.2236e+04
    8470.0 2.2850e+04
    8490.0 2.5487e+04
    8510.0 2.5053e+04
    8530.0 2.5859e+04
    8550.0 3.0462e+04
    8570.0 3.2541e+04
    8590.0 3.2633e+04
    8610.0 3.8483e+04
    8630.0 4.2684e+04
    8650.0 4.3641e+04
    8670.0 4.5737e+04
    8690.0 5.4547e+04
    8710.0 6.0271e+04
    8730.0 6.4354e+04
    8750.0 6.5705e+04
    8770.0 7.2203e+04
    8790.0 8.7923e+04
    8810.0 9.1711e+04
    8830.0 9.0112e+04
    8850.0 7.2419e+04
    8870.0 5.1776e+04
    8890.0 4.3380e+04
    8910.0 4.7113e+04
    8930.0 5.0827e+04
    8950.0 5.4088e+04
    8970.0 5.4712e+04
    8990.0 5.4914e+04
    9010.0 6.1303e+04
    9030.0 7.2958e+04
    9050.0 8.5037e+04
    9070.0 9.8263e+04
    9090.0 1.1123e+05
    9110.0 1.1769e+05
    9130.0 1.1748e+05
    9150.0 1.1751e+05
    9170.0 1.1902e+05
    9190.0 1.2077e+05
    9210.0 1.1112e+05
    9230.0 8.7341e+04
    9250.0 8.9024e+04
    9270.0 9.4111e+04
    9290.0 8.4452e+04
    9310.0 8.0368e+04
    9330.0 8.9006e+04
    9350.0 8.7939e+04
    9370.0 8.4710e+04
    9390.0 9.1340e+04
    9410.0 9.7588e+04
    9430.0 1.0082e+05
    9450.0 1.0486e+05
    9470.0 1.1036e+05
    9490.0 1.0926e+05
    9510.0 9.6315e+04
    9530.0 1.0430e+05
    9550.0 1.0995e+05
    9570.0 1.1373e+05
    9590.0 1.1508e+05
    9610.0 1.1623e+05
    9630.0 1.2193e+05
    9650.0 1.2241e+05
    9670.0 1.2337e+05
    9690.0 1.2246e+05
    9710.0 1.1449e+05
    9730.0 1.0954e+05
    9750.0 1.1025e+05
    9770.0 1.1163e+05
    9790.0 1.1298e+05
    9810.0 1.1293e+05
    9830.0 1.1172e+05
    9850.0 1.1072e+05
    9870.0 1.1081e+05
    9890.0 1.1108e+05
    9910.0 1.1241e+05
    9930.0 1.1478e+05
    9950.0 1.1686e+05
    9970.0 1.1703e+05
    9990.0 1.1744e+05
   10025.0 1.2385e+05
   10075.0 1.2345e+05
   10125.0 1.2926e+05
   10175.0 1.2961e+05
   10225.0 1.3236e+05
   10275.0 1.3403e+05
   10325.0 1.3577e+05
   10375.0 1.3536e+05
   10425.0 1.3561e+05
   10475.0 1.3224e+05
   10525.0 1.2730e+05
   10575.0 1.2246e+05
   10625.0 1.1897e+05
   10675.0 1.2249e+05
   10725.0 1.2500e+05
   10775.0 1.2415e+05
   10825.0 1.2321e+05
   10875.0 1.2086e+05
   10925.0 1.1856e+05
   10975.0 1.1698e+05
   11025.0 1.1168e+05
   11075.0 1.0481e+05
   11125.0 1.0706e+05
   11175.0 1.0774e+05
   11225.0 1.0802e+05
   11275.0 1.0942e+05
   11325.0 1.0930e+05
   11375.0 1.0945e+05
   11425.0 1.0942e+05
   11475.0 1.0883e+05
   11525.0 1.0879e+05
   11575.0 1.0848e+05
   11625.0 1.0790e+05
   11675.0 1.0733e+05
   11725.0 1.0572e+05
   11775.0 1.0387e+05
   11825.0 1.0171e+05
   11875.0 9.9750e+04
   11925.0 9.9421e+04
   11975.0 9.9680e+04
   12025.0 1.0026e+05
   12075.0 1.0067e+05
   12125.0 1.0065e+05
   12175.0 1.0031e+05
   12225.0 1.0006e+05
   12275.0 9.9722e+04
   12325.0 9.9309e+04
   12375.0 9.8899e+04
   12425.0 9.7018e+04
   12475.0 9.5779e+04
   12525.0 9.6086e+04
   12575.0 9.5020e+04
   12625.0 9.4570e+04
   12675.0 9.4945e+04
   12725.0 9.4645e+04
   12775.0 9.4493e+04
   12825.0 9.4705e+04
   12875.0 9.4695e+04
   12925.0 9.4466e+04
   12975.0 9.4523e+04
   13025.0 9.4435e+04
   13075.0 9.3363e+04
   13125.0 9.1887e+04
   13175.0 9.0431e+04
   13225.0 8.8995e+04
   13275.0 8.7577e+04
   13325.0 8.6178e+04
   13375.0 8.4865e+04
   13425.0 8.3435e+04
   13475.0 8.2025e+04
   13525.0 8.0698e+04
   13575.0 7.9324e+04
   13625.0 7.9066e+04
   13675.0 7.9964e+04
   13725.0 8.0846e+04
   13775.0 8.1714e+04
   13825.0 8.2002e+04
   13875.0 8.1599e+04
   13925.0 5.9190e+04
   13975.0 5.7336e+04
   14025.0 5.8904e+04
   14075.0 6.0054e+04
   14125.0 6.1186e+04
   14175.0 6.2366e+04
   14225.0 6.3588e+04
   14275.0 6.4850e+04
   14325.0 6.6093e+04
   14375.0 6.7375e+04
   14425.0 6.8637e+04
   14475.0 6.9881e+04
   14525.0 7.0992e+04
   14570.0 7.2080e+04
   14620.0 6.2611e+04
   14675.0 6.1920e+04
   14725.0 6.3878e+04
   14775.0 6.5864e+04
   14825.0 6.7875e+04
   14875.0 6.9804e+04
   14925.0 7.1706e+04
   14975.0 7.3634e+04
   15025.0 7.5482e+04
   15075.0 7.7252e+04
   15125.0 7.9048e+04
   15175.0 8.0819e+04
   15225.0 8.2514e+04
   15275.0 8.4082e+04
   15325.0 8.5627e+04
   15375.0 8.2839e+04
   15425.0 8.0741e+04
   15475.0 8.2824e+04
   15525.0 8.4978e+04
   15575.0 8.3098e+04
   15625.0 8.1634e+04
   15675.0 8.5702e+04
   15725.0 8.9086e+04
   15775.0 8.5197e+04
   15825.0 8.1164e+04
   15875.0 8.6744e+04
   15925.0 9.1496e+04
   15975.0 8.7494e+04
   16050.0 8.6585e+04
   16150.0 9.4895e+04
   16250.0 8.6919e+04
   16350.0 9.6625e+04
   16450.0 9.2751e+04
   16550.0 9.8901e+04
   16650.0 9.8019e+04
   16750.0 1.0061e+05
   16850.0 1.0162e+05
   16950.0 1.0076e+05
   17050.0 1.0205e+05
   17150.0 9.8911e+04
   17250.0 9.8009e+04
   17350.0 9.4213e+04
   17450.0 9.0616e+04
   17550.0 8.7835e+04
   17650.0 8.3570e+04
   17750.0 7.9624e+04
   17850.0 7.5385e+04
   17950.0 7.0788e+04
   18050.0 6.7356e+04
   18150.0 6.5488e+04
   18250.0 6.4700e+04
   18350.0 6.3819e+04
   18450.0 6.2037e+04
   18550.0 5.9313e+04
   18650.0 5.6645e+04
   18750.0 5.5326e+04
   18850.0 5.5415e+04
   18950.0 5.5500e+04
   19050.0 5.5613e+04
   19150.0 5.5688e+04
   19250.0 5.5758e+04
   19350.0 5.5855e+04
   19450.0 5.5092e+04
   19550.0 5.3463e+04
   19650.0 5.1803e+04
   19750.0 5.0203e+04
   19850.0 4.9029e+04
   19950.0 4.8328e+04
   20050.0 4.7609e+04
   20150.0 4.6871e+04
   20250.0 4.6644e+04
   20350.0 4.6881e+04
   20450.0 4.7112e+04
   20550.0 4.7365e+04
   20650.0 4.7610e+04
   20750.0 4.7932e+04
   20850.0 4.8218e+04
   20950.0 4.8497e+04
   21050.0 4.8713e+04
   21150.0 4.8790e+04
   21250.0 4.8890e+04
   21350.0 4.9011e+04
   21450.0 4.9103e+04
   21550.0 4.8984e+04
   21650.0 4.8660e+04
   21750.0 4.8315e+04
   21850.0 4.7975e+04
   21950.0 4.7663e+04
   22050.0 4.7232e+04
   22150.0 4.6708e+04
   22250.0 4.6192e+04
   22350.0 4.5660e+04
   22450.0 4.5159e+04
   22550.0 4.4618e+04
   22650.0 4.4061e+04
   22750.0 4.3512e+04
   22850.0 4.2926e+04
   22950.0 3.4561e+04
   23050.0 3.6880e+04
   23150.0 3.7010e+04
   23250.0 3.0835e+04
   23350.0 3.3453e+04
   23450.0 3.0050e+04
   23550.0 2.8044e+04
   23650.0 2.9951e+04
   23750.0 2.7276e+04
   23850.0 2.6015e+04
   23950.0 2.6927e+04
   24050.0 2.5148e+04
   24150.0 2.3542e+04
   24250.0 2.3430e+04
   24350.0 2.1479e+04
   24450.0 2.0100e+04
   24550.0 1.8707e+04
   24650.0 1.7302e+04
   24750.0 1.6107e+04
   24850.0 1.2531e+04
   24950.0 1.0175e+04
   25050.0 1.0025e+04
   25150.0 9.8565e+03
   25250.0 9.6620e+03
   25350.0 9.5318e+03
   25450.0 9.4793e+03
   25550.0 9.6201e+03
   25650.0 9.8825e+03
   25750.0 1.0225e+04
   25850.0 1.0597e+04
   25950.0 1.0551e+04
   26050.0 1.0438e+04
   26150.0 1.0324e+04
   26250.0 1.0212e+04
   26350.0 1.0098e+04
   26450.0 9.9828e+03
   26550.0 9.8720e+03
   26650.0 9.7575e+03
   26750.0 9.6428e+03
   26850.0 9.5295e+03
   26950.0 9.4144e+03
   27050.0 9.3006e+03
   27150.0 9.1899e+03
   27250.0 9.0726e+03
   27350.0 8.9566e+03
   27450.0 8.8438e+03
   27550.0 8.7291e+03
   27650.0 8.6128e+03
   27750.0 8.4947e+03
   27850.0 8.3828e+03
   27950.0 8.2677e+03
   28050.0 8.1799e+03
   28150.0 8.1279e+03
   28250.0 8.0780e+03
   28350.0 8.0241e+03
   28450.0 7.9707e+03
   28550.0 7.9194e+03
   28650.0 7.8657e+03
   28750.0 7.8111e+03
   28850.0 7.7599e+03
   28950.0 7.7092e+03
   29050.0 7.6548e+03
   29150.0 7.6024e+03
   29250.0 7.5491e+03
   29350.0 7.4950e+03
   29450.0 7.4400e+03
   29550.0 7.3870e+03
   29650.0 7.3304e+03
   29750.0 7.2758e+03
   29850.0 7.2244e+03
   29950.0 7.1723e+03
   30050.0 7.1844e+03
   30150.0 7.2740e+03
   30250.0 7.3531e+03
   30350.0 7.4258e+03
   30450.0 7.5090e+03
   30550.0 7.5923e+03
   30650.0 7.6769e+03
   30750.0 7.7817e+03
   30850.0 7.9115e+03
   30950.0 8.0395e+03
   31050.0 8.1396e+03
   31150.0 8.2097e+03
   31250.0 8.2813e+03
   31350.0 8.3530e+03
   31450.0 8.4103e+03
   31550.0 8.4643e+03
   31650.0 8.5174e+03
   31750.0 8.5804e+03
   31850.0 8.7040e+03
   31950.0 8.8645e+03
   32100.0 9.0065e+03
   32300.0 9.1528e+03
   32500.0 9.3447e+03
   32700.0 9.4584e+03
   32900.0 9.5000e+03
   33100.0 9.6504e+03
   33300.0 9.7176e+03
   33500.0 9.7558e+03
   33700.0 9.7744e+03
   33900.0 9.7377e+03
   34100.0 9.6929e+03
   34300.0 9.6403e+03
   34500.0 9.5510e+03
   34700.0 9.4682e+03
   34900.0 9.3924e+03
   35100.0 9.3032e+03
   35300.0 9.2068e+03
   35500.0 9.1043e+03
   35700.0 8.9931e+03
   35900.0 8.8997e+03
   36100.0 8.7894e+03
   36300.0 8.6619e+03
   36500.0 8.5447e+03
   36700.0 8.4349e+03
   36900.0 8.3165e+03
   37100.0 8.1939e+03
   37300.0 8.0735e+03
   37500.0 7.9467e+03
   37700.0 7.8179e+03
   37900.0 7.6763e+03
   38100.0 7.5398e+03
   38300.0 7.4196e+03
   38500.0 7.2941e+03
   38700.0 7.1613e+03
   38900.0 7.0260e+03
   39100.0 6.8994e+03
   39300.0 6.7727e+03
   39500.0 6.6405e+03
   39700.0 6.5098e+03
   39900.0 6.3867e+03
   40100.0 6.2635e+03
   40300.0 6.1388e+03
   40500.0 6.0161e+03
   40700.0 5.8942e+03
   40900.0 5.7965e+03
   41100.0 5.7012e+03
   41300.0 5.6068e+03
   41500.0 5.5145e+03
   41700.0 5.4245e+03
   41900.0 5.3360e+03
   42100.0 5.2489e+03
   42300.0 5.1645e+03
   42500.0 5.0808e+03
   42700.0 4.9998e+03
   42900.0 4.9201e+03
   43100.0 4.8409e+03
   43300.0 4.7643e+03
   43500.0 4.6896e+03
   43700.0 4.6160e+03
   43900.0 4.5429e+03
   44100.0 4.4722e+03
   44300.0 4.4026e+03
   44500.0 4.3340e+03
   44700.0 4.2677e+03
   44900.0 4.2018e+03
   45100.0 4.1369e+03
   45300.0 4.0742e+03
   45500.0 4.0124e+03
   45700.0 3.9509e+03
   45900.0 3.8910e+03
   46100.0 3.8325e+03
   46300.0 3.7759e+03
   46500.0 3.7186e+03
   46700.0 3.6631e+03
   46900.0 3.6091e+03
   47100.0 3.5558e+03
   47300.0 3.5032e+03
   47500.0 3.4515e+03
   47700.0 3.4015e+03
   47900.0 3.3517e+03
   48100.0 3.3027e+03
   48300.0 3.2553e+03
   48500.0 3.2082e+03
   48700.0 3.1616e+03
   48900.0 3.1163e+03
   49100.0 3.0720e+03
   49300.0 3.0284e+03
   49500.0 2.9854e+03
   49700.0 2.9434e+03
   49900.0 2.9016e+03
   50100.0 2.8613e+03
   50300.0 2.8210e+03
   50500.0 2.7818e+03
   50700.0 2.7426e+03
   50900.0 2.7049e+03
   51100.0 2.6677e+03
   51300.0 2.6310e+03
   51500.0 2.5943e+03
   51700.0 2.5591e+03
   51900.0 2.5247e+03
   52100.0 2.4903e+03
   52300.0 2.4568e+03
   52500.0 2.4234e+03
   52700.0 2.3907e+03
   52900.0 2.3586e+03
   53100.0 2.3272e+03
   53300.0 2.2963e+03
   53500.0 2.2657e+03
   53700.0 2.2360e+03
   53900.0 2.2066e+03
   54100.0 2.1772e+03
   54300.0 2.1486e+03
   54500.0 2.1204e+03
   54700.0 2.0929e+03
   54900.0 2.0661e+03
   55100.0 2.0393e+03
   55300.0 2.0128e+03
   55500.0 1.9870e+03
   55700.0 1.9616e+03
   55900.0 1.9364e+03
   56100.0 1.9116e+03
   56300.0 1.8875e+03
   56500.0 1.8640e+03
   56700.0 1.8400e+03
   56900.0 1.8168e+03
   57100.0 1.7941e+03
   57300.0 1.7718e+03
   57500.0 1.7493e+03
   57700.0 1.7278e+03
   57900.0 1.7066e+03
   58100.0 1.6853e+03
   58300.0 1.6649e+03
   58500.0 1.6441e+03
   58700.0 1.6239e+03
   58900.0 1.6042e+03
   59100.0 1.5844e+03
   59300.0 1.5656e+03
   59500.0 1.5463e+03
   59700.0 1.5279e+03
   59900.0 1.5097e+03
   60100.0 1.4913e+03
   60300.0 1.4735e+03
   60500.0 1.4559e+03
   60700.0 1.4389e+03
   60900.0 1.4217e+03
   61100.0 1.4047e+03
   61300.0 1.3885e+03
   61500.0 1.3719e+03
   61700.0 1.3561e+03
   61900.0 1.3398e+03
   62100.0 1.3244e+03
   62300.0 1.3091e+03
   62500.0 1.2936e+03
   62700.0 1.2790e+03
   62900.0 1.2639e+03
   63100.0 1.2496e+03
   63300.0 1.2354e+03
   63500.0 1.2211e+03
   63700.0 1.2072e+03
   63900.0 1.1935e+03
   64200.0 1.1734e+03
   64600.0 1.1471e+03
   65000.0 1.1217e+03
   65400.0 1.0968e+03
   65800.0 1.0724e+03
   66200.0 1.0491e+03
   66600.0 1.0263e+03
   67000.0 1.0042e+03
   67400.0 9.8225e+02
   67800.0 9.6104e+02
   68200.0 9.4078e+02
   68600.0 9.2092e+02
   69000.0 9.0120e+02
   69400.0 8.8238e+02
   69800.0 8.6393e+02
   70200.0 8.4584e+02
   70600.0 8.2858e+02
   71000.0 8.1142e+02
   71400.0 7.9483e+02
   71800.0 7.7855e+02
   72200.0 7.6282e+02
   72600.0 7.4738e+02
   73000.0 7.3224e+02
   73400.0 7.1782e+02
   73800.0 7.0346e+02
   74200.0 6.8936e+02
   74600.0 6.7595e+02
   75000.0 6.6279e+02
   75400.0 6.4987e+02
   75800.0 6.3719e+02
   76200.0 6.2494e+02
   76600.0 6.1291e+02
   77000.0 6.0130e+02
   77400.0 5.8970e+02
   77800.0 5.7850e+02
   78200.0 5.6770e+02
   78600.0 5.5689e+02
   79000.0 5.4665e+02
   79400.0 5.3640e+02
   79800.0 5.2652e+02
   80200.0 5.1680e+02
   80600.0 5.0726e+02
   81000.0 4.9824e+02
   81400.0 4.8901e+02
   81800.0 4.8012e+02
   82200.0 4.7137e+02
   82600.0 4.6313e+02
   83000.0 4.5467e+02
   83400.0 4.4670e+02
   83800.0 4.3886e+02
   84200.0 4.3098e+02
   84600.0 4.2356e+02
   85000.0 4.1610e+02
   85400.0 4.0876e+02
   85800.0 4.0170e+02
   86200.0 3.9491e+02
   86600.0 3.8807e+02
   87000.0 3.8135e+02
   87400.0 3.7504e+02
   87800.0 3.6852e+02
   88200.0 3.6241e+02
   88600.0 3.5624e+02
   89000.0 3.5017e+02
   89400.0 3.4449e+02
   89800.0 3.3875e+02
   90200.0 3.3310e+02
   90600.0 3.2754e+02
   91000.0 3.2220e+02
   91400.0 3.1709e+02
   91800.0 3.1191e+02
   92200.0 3.0682e+02
   92600.0 3.0179e+02
   93000.0 2.9698e+02
   93400.0 2.9211e+02
   93800.0 2.8758e+02
   94200.0 2.8298e+02
   94600.0 2.7858e+02
   95000.0 2.7411e+02
   95400.0 2.6984e+02
   95800.0 2.6551e+02
   96200.0 2.6136e+02
   96600.0 2.5740e+02
   97000.0 2.5337e+02
   97400.0 2.4952e+02
   97800.0 2.4573e+02
   98200.0 2.4199e+02
   98600.0 2.3831e+02
   99000.0 2.3467e+02
   99400.0 2.3109e+02
   99800.0 2.2767e+02
  100200.0 2.2419e+02
  200000.0 1.5745e+01
  400000.0 1.0388e+00
  600000.0 2.0879e-01
  800000.0 6.6666e-02
 1000000.0 2.7449e-02
 1200000.0 1.3282e-02
 1400000.0 7.1889e-03
 1600000.0 4.2219e-03
