      91.0 0.0000e+00
      94.0 0.0000e+00
      96.0 0.0000e+00
      98.0 0.0000e+00
     100.0 0.0000e+00
     102.0 0.0000e+00
     104.0 0.0000e+00
     106.0 0.0000e+00
     108.0 0.0000e+00
     110.0 0.0000e+00
     114.0 0.0000e+00
     118.0 0.0000e+00
     121.0 0.0000e+00
     125.0 0.0000e+00
     127.0 0.0000e+00
     128.0 0.0000e+00
     131.0 0.0000e+00
     132.0 0.0000e+00
     134.0 0.0000e+00
     137.0 0.0000e+00
     140.0 0.0000e+00
     143.0 0.0000e+00
     147.0 0.0000e+00
     151.0 0.0000e+00
     155.0 0.0000e+00
     159.0 0.0000e+00
     162.0 0.0000e+00
     166.0 0.0000e+00
     170.0 0.0000e+00
     173.0 0.0000e+00
     177.0 0.0000e+00
     180.0 0.0000e+00
     182.0 0.0000e+00
     186.0 0.0000e+00
     191.0 0.0000e+00
     194.0 0.0000e+00
     198.0 0.0000e+00
     202.0 0.0000e+00
     205.0 0.0000e+00
     210.0 0.0000e+00
     216.0 0.0000e+00
     220.0 0.0000e+00
     223.0 0.0000e+00
     227.0 0.0000e+00
     230.0 2.6273e-13
     234.0 6.4693e-13
     240.0 2.2901e-12
     246.0 8.4138e-12
     252.0 2.5870e-11
     257.0 5.7826e-11
     260.0 1.0275e-10
     264.0 2.0630e-10
     269.0 4.3684e-10
     274.0 9.8121e-10
     279.0 2.1629e-09
     284.0 5.0104e-09
     290.0 1.2049e-08
     296.0 2.7907e-08
     301.0 5.5180e-08
     308.0 1.3817e-07
     318.0 4.8050e-07
     328.0 1.5493e-06
     338.0 4.7214e-06
     348.0 1.3506e-05
     357.0 3.3675e-05
     366.0 7.9762e-05
     375.0 1.7993e-04
     385.0 4.2741e-04
     395.0 9.7071e-04
     405.0 2.1260e-03
     414.0 4.1769e-03
     422.0 7.4071e-03
     430.0 1.2822e-02
     441.0 2.6767e-02
     451.0 5.0425e-02
     460.0 8.6991e-02
     470.0 1.5575e-01
     480.0 2.7179e-01
     490.0 4.6468e-01
     500.0 7.7562e-01
     506.0 1.1334e+02
     512.0 4.5928e+02
     520.0 6.1289e+02
     530.0 9.1699e+02
     540.0 1.1301e+03
     550.0 1.8001e+03
     560.0 2.3884e+03
     570.0 3.2664e+03
     580.0 3.7287e+03
     590.0 5.4981e+03
     600.0 7.3316e+03
     610.0 9.6456e+03
     620.0 1.1923e+04
     630.0 1.5064e+04
     640.0 1.7941e+04
     650.0 2.2530e+04
     658.0 2.6985e+04
     665.0 3.0208e+04
     675.0 3.5820e+04
     685.0 4.3395e+04
     695.0 5.3153e+04
     705.0 6.2682e+04
     716.0 7.4922e+04
     726.0 8.7616e+04
     735.0 9.9823e+04
     745.0 1.1868e+05
     755.0 1.3863e+05
     765.0 1.5973e+05
     775.0 1.8570e+05
     785.0 2.1309e+05
     795.0 2.3982e+05
     805.0 2.7239e+05
     815.0 3.0402e+05
     825.0 3.4762e+05
     835.0 3.7529e+05
     845.0 4.2843e+05
     855.0 4.7932e+05
     865.0 5.3706e+05
     875.0 6.0129e+05
     885.0 6.7688e+05
     895.0 7.4703e+05
     905.0 7.9269e+05
     915.0 1.9780e+06
     925.0 8.2815e+06
     935.0 2.0877e+07
     945.0 1.0361e+08
     955.0 3.2871e+08
     965.0 4.7620e+08
     975.0 7.3543e+07
     985.0 6.5309e+08
     995.0 6.3409e+08
    1005.0 9.1467e+08
    1015.0 7.6870e+08
    1025.0 8.4040e+07
    1035.0 4.0714e+08
    1045.0 1.1300e+09
    1055.0 1.1776e+09
    1065.0 9.1516e+08
    1075.0 1.1165e+09
    1085.0 8.1807e+08
    1095.0 1.1271e+09
    1105.0 1.0489e+09
    1115.0 9.5849e+08
    1125.0 9.2778e+08
    1135.0 1.1431e+09
    1145.0 1.0043e+09
    1155.0 1.0805e+09
    1165.0 1.1583e+09
    1175.0 9.1808e+08
    1185.0 1.1546e+09
    1195.0 6.2376e+08
    1205.0 4.5199e+08
    1215.0 1.0511e+08
    1225.0 5.4364e+08
    1235.0 1.1274e+09
    1245.0 1.2456e+09
    1255.0 1.1535e+09
    1265.0 8.7827e+08
    1275.0 1.2024e+09
    1285.0 1.2411e+09
    1295.0 9.4245e+08
    1305.0 9.3651e+08
    1315.0 1.1671e+09
    1325.0 1.0860e+09
    1335.0 9.1709e+08
    1345.0 1.1335e+09
    1355.0 1.0803e+09
    1365.0 9.5124e+08
    1375.0 1.0015e+09
    1385.0 1.0271e+09
    1395.0 9.4774e+08
    1405.0 9.8350e+08
    1415.0 9.3371e+08
    1425.0 9.5491e+08
    1435.0 9.4106e+08
    1442.0 9.8270e+08
    1447.0 9.8279e+08
    1455.0 9.5332e+08
    1465.0 8.8727e+08
    1475.0 8.7087e+08
    1485.0 8.6462e+08
    1495.0 8.6972e+08
    1505.0 8.1903e+08
    1512.0 7.3121e+08
    1517.0 7.7850e+08
    1525.0 7.6314e+08
    1535.0 6.7994e+08
    1545.0 7.3346e+08
    1555.0 6.8934e+08
    1565.0 6.9231e+08
    1575.0 7.2319e+08
    1585.0 7.4178e+08
    1595.0 7.5372e+08
    1605.0 7.2806e+08
    1615.0 7.3470e+08
    1625.0 6.9208e+08
    1635.0 7.2447e+08
    1645.0 7.2100e+08
    1655.0 6.6241e+08
    1665.0 7.2282e+08
    1672.0 6.8418e+08
    1677.0 6.9972e+08
    1685.0 7.2561e+08
    1695.0 6.8535e+08
    1705.0 6.4970e+08
    1715.0 6.0545e+08
    1725.0 5.9885e+08
    1735.0 6.3101e+08
    1745.0 6.0647e+08
    1755.0 6.4046e+08
    1765.0 5.8626e+08
    1775.0 5.9870e+08
    1785.0 6.0669e+08
    1795.0 6.3047e+08
    1805.0 6.2608e+08
    1815.0 5.7261e+08
    1825.0 5.8759e+08
    1835.0 5.5912e+08
    1845.0 5.1750e+08
    1855.0 4.9765e+08
    1865.0 5.1094e+08
    1875.0 5.6008e+08
    1885.0 5.0792e+08
    1895.0 4.7719e+08
    1905.0 5.1615e+08
    1915.0 4.8428e+08
    1925.0 4.7344e+08
    1935.0 4.9322e+08
    1945.0 5.0084e+08
    1955.0 4.6341e+08
    1967.0 5.0272e+08
    1976.0 5.1872e+08
    1984.0 4.8439e+08
    1995.0 4.6791e+08
    2005.0 4.8175e+08
    2015.0 4.6251e+08
    2025.0 4.9158e+08
    2035.0 4.5433e+08
    2045.0 4.6252e+08
    2055.0 4.4241e+08
    2065.0 4.4995e+08
    2074.0 4.6752e+08
    2078.0 4.3795e+08
    2085.0 4.5460e+08
    2095.0 4.2704e+08
    2105.0 4.3599e+08
    2115.0 4.3509e+08
    2125.0 4.4083e+08
    2135.0 4.1961e+08
    2145.0 4.1597e+08
    2155.0 4.2890e+08
    2165.0 4.1650e+08
    2175.0 4.1116e+08
    2185.0 3.9887e+08
    2195.0 4.1092e+08
    2205.0 3.9882e+08
    2215.0 3.8618e+08
    2225.0 3.6867e+08
    2235.0 3.8722e+08
    2245.0 3.7379e+08
    2255.0 3.6034e+08
    2265.0 3.6675e+08
    2275.0 3.7210e+08
    2285.0 3.7414e+08
    2295.0 3.5950e+08
    2305.0 3.5097e+08
    2315.0 3.3720e+08
    2325.0 2.6798e+08
    2335.0 3.1935e+08
    2345.0 3.1337e+08
    2355.0 3.2087e+08
    2365.0 3.0616e+08
    2375.0 3.0890e+08
    2385.0 2.9556e+08
    2395.0 3.1045e+08
    2405.0 2.9585e+08
    2415.0 2.9834e+08
    2425.0 3.0343e+08
    2435.0 2.8840e+08
    2445.0 3.0130e+08
    2455.0 2.9347e+08
    2465.0 2.9149e+08
    2475.0 2.8190e+08
    2485.0 2.9439e+08
    2495.0 2.8375e+08
    2505.0 2.9334e+08
    2513.0 2.7648e+08
    2518.0 2.8597e+08
    2525.0 2.7179e+08
    2535.0 2.7132e+08
    2545.0 2.6438e+08
    2555.0 2.7224e+08
    2565.0 2.6866e+08
    2575.0 2.7743e+08
    2585.0 2.7600e+08
    2595.0 2.7548e+08
    2605.0 2.6577e+08
    2615.0 2.6410e+08
    2625.0 2.6331e+08
    2635.0 2.6356e+08
    2645.0 2.7082e+08
    2655.0 2.6811e+08
    2665.0 2.5867e+08
    2675.0 2.6294e+08
    2685.0 2.5899e+08
    2695.0 2.5410e+08
    2705.0 2.5386e+08
    2715.0 2.4744e+08
    2725.0 2.4482e+08
    2735.0 2.4993e+08
    2745.0 2.3522e+08
    2755.0 2.3336e+08
    2765.0 2.3606e+08
    2775.0 2.3950e+08
    2785.0 2.3825e+08
    2795.0 2.1951e+08
    2805.0 2.2724e+08
    2815.0 2.3441e+08
    2825.0 2.3095e+08
    2835.0 2.2142e+08
    2845.0 2.1853e+08
    2855.0 2.2024e+08
    2865.0 2.2352e+08
    2875.0 2.1921e+08
    2885.0 2.1856e+08
    2895.0 2.1748e+08
    2910.0 2.1766e+08
    2930.0 2.1232e+08
    2950.0 2.0780e+08
    2970.0 2.0542e+08
    2990.0 2.0187e+08
    3010.0 2.0052e+08
    3030.0 1.9814e+08
    3050.0 1.9426e+08
    3070.0 1.9047e+08
    3090.0 1.8814e+08
    3110.0 1.8424e+08
    3130.0 1.8152e+08
    3150.0 1.7862e+08
    3170.0 1.7554e+08
    3190.0 1.7040e+08
    3210.0 1.6980e+08
    3230.0 1.6747e+08
    3250.0 1.6473e+08
    3270.0 1.6250e+08
    3290.0 1.5998e+08
    3310.0 1.5794e+08
    3330.0 1.5529e+08
    3350.0 1.5248e+08
    3370.0 1.5025e+08
    3390.0 1.4796e+08
    3410.0 1.4582e+08
    3430.0 1.4280e+08
    3450.0 1.4065e+08
    3470.0 1.3893e+08
    3490.0 1.3695e+08
    3510.0 1.3529e+08
    3530.0 1.3328e+08
    3550.0 1.3131e+08
    3570.0 1.2956e+08
    3590.0 1.2710e+08
    3610.0 1.2542e+08
    3630.0 1.2349e+08
    3640.0 1.2309e+08
    3650.0 1.2232e+08
    3670.0 1.2002e+08
    3690.0 1.1176e+08
    3710.0 1.1221e+08
    3730.0 1.1205e+08
    3750.0 1.2740e+08
    3770.0 1.2892e+08
    3790.0 1.4084e+08
    3810.0 1.5167e+08
    3830.0 1.2949e+08
    3850.0 1.5622e+08
    3870.0 1.6134e+08
    3890.0 1.1911e+08
    3910.0 1.5962e+08
    3930.0 1.5660e+08
    3950.0 1.5494e+08
    3970.0 1.1131e+08
    3990.0 1.4824e+08
    4010.0 1.4990e+08
    4030.0 1.4369e+08
    4050.0 1.4673e+08
    4070.0 1.4261e+08
    4090.0 1.2789e+08
    4110.0 1.0805e+08
    4130.0 1.3287e+08
    4150.0 1.3362e+08
    4170.0 1.3275e+08
    4190.0 1.3149e+08
    4210.0 1.2970e+08
    4230.0 1.2747e+08
    4250.0 1.2534e+08
    4270.0 1.2148e+08
    4290.0 1.2132e+08
    4310.0 1.1839e+08
    4330.0 1.0323e+08
    4350.0 9.2461e+07
    4370.0 1.1253e+08
    4390.0 1.1045e+08
    4410.0 1.1080e+08
    4430.0 1.0858e+08
    4450.0 1.0785e+08
    4470.0 1.0221e+08
    4490.0 1.0362e+08
    4510.0 1.0317e+08
    4530.0 1.0139e+08
    4550.0 9.9861e+07
    4570.0 9.8759e+07
    4590.0 9.7217e+07
    4610.0 9.5811e+07
    4630.0 9.4090e+07
    4650.0 9.2839e+07
    4670.0 9.1716e+07
    4690.0 9.0553e+07
    4710.0 8.7624e+07
    4730.0 8.7474e+07
    4750.0 8.6154e+07
    4770.0 8.5644e+07
    4790.0 8.4303e+07
    4810.0 8.2567e+07
    4830.0 8.0908e+07
    4850.0 7.2340e+07
    4870.0 6.3101e+07
    4890.0 7.7330e+07
    4910.0 7.7099e+07
    4930.0 7.4699e+07
    4950.0 7.5418e+07
    4970.0 7.4521e+07
    4990.0 7.3395e+07
    5010.0 7.0851e+07
    5030.0 7.1095e+07
    5050.0 6.8981e+07
    5070.0 6.9417e+07
    5090.0 6.8456e+07
    5110.0 6.7370e+07
    5130.0 6.6482e+07
    5150.0 6.5469e+07
    5170.0 6.4874e+07
    5190.0 6.4063e+07
    5210.0 6.2688e+07
    5230.0 6.2298e+07
    5250.0 6.1650e+07
    5270.0 6.0708e+07
    5290.0 6.0207e+07
    5310.0 5.9286e+07
    5330.0 5.8589e+07
    5350.0 5.7733e+07
    5370.0 5.7179e+07
    5390.0 5.6425e+07
    5410.0 5.5681e+07
    5430.0 5.4865e+07
    5450.0 5.4261e+07
    5470.0 5.3544e+07
    5490.0 5.2996e+07
    5510.0 5.2296e+07
    5530.0 5.1722e+07
    5550.0 5.1116e+07
    5570.0 5.0479e+07
    5590.0 4.9850e+07
    5610.0 4.9267e+07
    5630.0 4.8728e+07
    5650.0 4.7783e+07
    5670.0 4.7297e+07
    5690.0 4.6854e+07
    5710.0 4.6379e+07
    5730.0 4.5837e+07
    5750.0 4.5301e+07
    5770.0 4.4771e+07
    5790.0 4.4212e+07
    5810.0 4.3695e+07
    5830.0 4.3184e+07
    5850.0 4.2714e+07
    5870.0 4.1136e+07
    5890.0 4.1548e+07
    5910.0 4.1199e+07
    5930.0 4.0751e+07
    5950.0 4.0105e+07
    5970.0 3.9803e+07
    5990.0 3.9237e+07
    6010.0 3.8943e+07
    6030.0 3.8487e+07
    6050.0 3.8037e+07
    6070.0 3.7591e+07
    6090.0 3.7151e+07
    6110.0 3.6779e+07
    6130.0 3.6380e+07
    6150.0 3.5795e+07
    6170.0 3.5532e+07
    6190.0 3.5146e+07
    6210.0 3.4765e+07
    6230.0 3.4357e+07
    6250.0 3.3891e+07
    6270.0 3.3615e+07
    6290.0 3.3250e+07
    6310.0 3.2828e+07
    6330.0 3.2501e+07
    6350.0 3.1851e+07
    6370.0 3.1622e+07
    6390.0 3.1453e+07
    6410.0 3.1082e+07
    6430.0 3.0802e+07
    6450.0 3.0439e+07
    6470.0 3.0136e+07
    6490.0 2.9780e+07
    6510.0 2.9371e+07
    6530.0 2.8910e+07
    6550.0 2.7118e+07
    6570.0 2.3508e+07
    6590.0 2.7640e+07
    6610.0 2.7858e+07
    6630.0 2.7663e+07
    6650.0 2.7415e+07
    6670.0 2.6917e+07
    6690.0 2.6638e+07
    6710.0 2.6549e+07
    6730.0 2.6285e+07
    6750.0 2.6019e+07
    6770.0 2.5761e+07
    6790.0 2.5446e+07
    6810.0 2.5219e+07
    6830.0 2.4945e+07
    6850.0 2.4710e+07
    6870.0 2.4465e+07
    6890.0 2.4215e+07
    6910.0 2.3974e+07
    6930.0 2.3686e+07
    6950.0 2.3491e+07
    6970.0 2.3265e+07
    6990.0 2.3029e+07
    7010.0 2.2790e+07
    7030.0 2.2563e+07
    7050.0 2.2305e+07
    7070.0 2.1867e+07
    7090.0 2.1916e+07
    7110.0 2.1665e+07
    7130.0 2.1461e+07
    7150.0 2.1261e+07
    7170.0 2.1061e+07
    7190.0 2.0865e+07
    7210.0 2.0662e+07
    7230.0 2.0325e+07
    7250.0 2.0250e+07
    7270.0 2.0071e+07
    7290.0 1.9776e+07
    7310.0 1.9683e+07
    7330.0 1.9498e+07
    7350.0 1.9316e+07
    7370.0 1.9130e+07
    7390.0 1.8950e+07
    7410.0 1.8769e+07
    7430.0 1.8566e+07
    7450.0 1.8406e+07
    7470.0 1.8213e+07
    7490.0 1.8052e+07
    7510.0 1.7888e+07
    7530.0 1.7729e+07
    7550.0 1.7564e+07
    7570.0 1.7404e+07
    7590.0 1.7236e+07
    7610.0 1.7087e+07
    7630.0 1.6926e+07
    7650.0 1.6770e+07
    7670.0 1.6615e+07
    7690.0 1.6462e+07
    7710.0 1.6312e+07
    7730.0 1.6163e+07
    7750.0 1.6014e+07
    7770.0 1.5713e+07
    7790.0 1.5728e+07
    7810.0 1.5584e+07
    7830.0 1.5448e+07
    7850.0 1.5266e+07
    7870.0 1.5129e+07
    7890.0 1.4969e+07
    7910.0 1.4892e+07
    7930.0 1.4765e+07
    7950.0 1.4591e+07
    7970.0 1.4499e+07
    7990.0 1.4310e+07
    8010.0 1.4246e+07
    8030.0 1.4123e+07
    8050.0 1.3997e+07
    8070.0 1.3884e+07
    8090.0 1.3746e+07
    8110.0 1.3627e+07
    8130.0 1.3516e+07
    8150.0 1.3392e+07
    8170.0 1.3289e+07
    8190.0 1.3162e+07
    8210.0 1.3001e+07
    8230.0 1.2883e+07
    8250.0 1.2828e+07
    8270.0 1.2705e+07
    8290.0 1.2602e+07
    8310.0 1.2503e+07
    8330.0 1.2382e+07
    8350.0 1.2242e+07
    8370.0 1.2095e+07
    8390.0 1.1944e+07
    8410.0 1.1802e+07
    8430.0 1.1637e+07
    8450.0 1.1496e+07
    8470.0 1.1296e+07
    8490.0 1.1426e+07
    8510.0 1.1040e+07
    8530.0 1.1402e+07
    8550.0 1.0602e+07
    8570.0 1.1480e+07
    8590.0 1.0711e+07
    8610.0 1.0553e+07
    8630.0 1.1416e+07
    8650.0 1.0908e+07
    8670.0 9.7632e+06
    8690.0 1.1030e+07
    8710.0 1.1247e+07
    8730.0 1.0810e+07
    8750.0 9.3334e+06
    8770.0 1.0367e+07
    8790.0 1.0905e+07
    8810.0 1.0889e+07
    8830.0 1.0681e+07
    8850.0 9.8708e+06
    8870.0 8.8920e+06
    8890.0 1.0249e+07
    8910.0 1.0442e+07
    8930.0 1.0394e+07
    8950.0 1.0348e+07
    8970.0 1.0220e+07
    8990.0 9.8551e+06
    9010.0 8.5189e+06
    9030.0 9.0062e+06
    9050.0 9.7717e+06
    9070.0 9.7578e+06
    9090.0 9.7381e+06
    9110.0 9.7113e+06
    9130.0 9.6357e+06
    9150.0 9.5679e+06
    9170.0 9.4477e+06
    9190.0 9.3002e+06
    9210.0 8.8385e+06
    9230.0 7.5377e+06
    9250.0 8.6039e+06
    9270.0 8.9017e+06
    9290.0 9.0107e+06
    9310.0 8.9582e+06
    9330.0 8.9157e+06
    9350.0 8.8557e+06
    9370.0 8.7906e+06
    9390.0 8.7151e+06
    9410.0 8.5914e+06
    9430.0 8.5860e+06
    9450.0 8.5188e+06
    9470.0 8.4067e+06
    9490.0 8.3420e+06
    9510.0 8.1624e+06
    9530.0 7.7004e+06
    9550.0 6.6991e+06
    9570.0 7.7330e+06
    9590.0 7.9746e+06
    9610.0 7.9636e+06
    9630.0 7.8710e+06
    9650.0 7.8925e+06
    9670.0 7.8214e+06
    9690.0 7.7687e+06
    9710.0 7.7037e+06
    9730.0 7.6569e+06
    9750.0 7.5977e+06
    9770.0 7.5441e+06
    9790.0 7.4857e+06
    9810.0 7.4291e+06
    9830.0 7.3678e+06
    9850.0 7.3182e+06
    9870.0 7.2615e+06
    9890.0 7.2003e+06
    9910.0 7.1407e+06
    9930.0 7.1022e+06
    9950.0 7.0459e+06
    9970.0 6.9778e+06
    9990.0 6.9102e+06
   10025.0 6.4779e+06
   10075.0 6.2200e+06
   10125.0 6.5576e+06
   10175.0 6.4863e+06
   10225.0 6.3737e+06
   10275.0 6.2619e+06
   10325.0 6.1339e+06
   10375.0 6.0404e+06
   10425.0 5.9351e+06
   10475.0 5.8294e+06
   10525.0 5.7255e+06
   10575.0 5.6275e+06
   10625.0 5.5321e+06
   10675.0 5.4173e+06
   10725.0 5.3398e+06
   10775.0 5.2501e+06
   10825.0 5.1106e+06
   10875.0 5.0424e+06
   10925.0 4.5071e+06
   10975.0 4.7409e+06
   11025.0 4.7967e+06
   11075.0 4.7427e+06
   11125.0 4.6643e+06
   11175.0 4.5862e+06
   11225.0 4.5102e+06
   11275.0 4.4203e+06
   11325.0 4.3524e+06
   11375.0 4.2938e+06
   11425.0 4.2241e+06
   11475.0 4.1573e+06
   11525.0 4.0898e+06
   11575.0 4.0241e+06
   11625.0 3.9558e+06
   11675.0 3.8938e+06
   11725.0 3.8345e+06
   11775.0 3.7657e+06
   11825.0 3.7151e+06
   11875.0 3.6558e+06
   11925.0 3.6016e+06
   11975.0 3.5331e+06
   12025.0 3.4913e+06
   12075.0 3.4370e+06
   12125.0 3.3842e+06
   12175.0 3.3330e+06
   12225.0 3.2826e+06
   12275.0 3.2320e+06
   12325.0 3.1837e+06
   12375.0 3.1361e+06
   12425.0 3.0892e+06
   12475.0 3.0398e+06
   12525.0 2.9950e+06
   12575.0 2.9515e+06
   12625.0 2.9093e+06
   12675.0 2.8670e+06
   12725.0 2.8201e+06
   12775.0 2.7297e+06
   12825.0 2.4825e+06
   12875.0 2.6752e+06
   12925.0 2.6617e+06
   12975.0 2.6213e+06
   13025.0 2.5899e+06
   13075.0 2.5526e+06
   13125.0 2.5165e+06
   13175.0 2.4794e+06
   13225.0 2.4463e+06
   13275.0 2.4116e+06
   13325.0 2.3780e+06
   13375.0 2.3442e+06
   13425.0 2.3101e+06
   13475.0 2.2791e+06
   13525.0 2.2472e+06
   13575.0 2.2164e+06
   13625.0 2.1866e+06
   13675.0 2.1559e+06
   13725.0 2.1268e+06
   13775.0 2.0988e+06
   13825.0 2.0698e+06
   13875.0 2.0425e+06
   13925.0 2.0142e+06
   13975.0 1.9876e+06
   14025.0 1.9612e+06
   14075.0 1.9352e+06
   14125.0 1.9095e+06
   14175.0 1.8841e+06
   14225.0 1.8596e+06
   14275.0 1.8355e+06
   14325.0 1.8110e+06
   14375.0 1.7874e+06
   14425.0 1.7629e+06
   14475.0 1.7410e+06
   14525.0 1.7183e+06
   14570.0 1.6992e+06
   14620.0 1.6775e+06
   14675.0 1.6543e+06
   14725.0 1.6337e+06
   14775.0 1.6123e+06
   14825.0 1.5927e+06
   14875.0 1.5728e+06
   14925.0 1.5526e+06
   14975.0 1.5320e+06
   15025.0 1.5123e+06
   15075.0 1.4907e+06
   15125.0 1.4704e+06
   15175.0 1.4497e+06
   15225.0 1.4314e+06
   15275.0 1.4113e+06
   15325.0 1.3914e+06
   15375.0 1.3798e+06
   15425.0 1.3517e+06
   15475.0 1.3470e+06
   15525.0 1.3299e+06
   15575.0 1.2947e+06
   15625.0 1.3144e+06
   15675.0 1.2738e+06
   15725.0 1.2454e+06
   15775.0 1.2727e+06
   15825.0 1.2536e+06
   15875.0 1.1805e+06
   15925.0 1.2105e+06
   15975.0 1.2203e+06
   16050.0 1.1843e+06
   16150.0 1.1296e+06
   16250.0 1.1453e+06
   16350.0 1.1008e+06
   16450.0 1.0507e+06
   16550.0 1.0696e+06
   16650.0 1.0464e+06
   16750.0 1.0027e+06
   16850.0 9.5622e+05
   16950.0 9.7627e+05
   17050.0 9.5372e+05
   17150.0 9.3488e+05
   17250.0 9.1198e+05
   17350.0 8.4454e+05
   17450.0 8.6757e+05
   17550.0 8.5615e+05
   17650.0 8.3763e+05
   17750.0 8.1984e+05
   17850.0 8.0240e+05
   17950.0 7.8567e+05
   18050.0 7.6668e+05
   18150.0 7.1385e+05
   18250.0 7.2693e+05
   18350.0 7.2188e+05
   18450.0 7.0738e+05
   18550.0 6.9245e+05
   18650.0 6.7436e+05
   18750.0 6.3001e+05
   18850.0 6.4899e+05
   18950.0 6.3815e+05
   19050.0 6.2486e+05
   19150.0 6.1312e+05
   19250.0 6.0094e+05
   19350.0 5.8642e+05
   19450.0 5.4458e+05
   19550.0 5.6350e+05
   19650.0 5.5560e+05
   19750.0 5.4477e+05
   19850.0 5.3442e+05
   19950.0 5.2426e+05
   20050.0 5.1427e+05
   20150.0 5.0445e+05
   20250.0 4.9509e+05
   20350.0 4.8590e+05
   20450.0 4.7657e+05
   20550.0 4.6711e+05
   20650.0 4.5923e+05
   20750.0 4.5063e+05
   20850.0 4.4246e+05
   20950.0 4.3442e+05
   21050.0 4.2651e+05
   21150.0 4.1820e+05
   21250.0 4.1135e+05
   21350.0 4.0383e+05
   21450.0 3.9668e+05
   21550.0 3.8810e+05
   21650.0 3.6124e+05
   21750.0 3.7288e+05
   21850.0 3.6923e+05
   21950.0 3.6289e+05
   22050.0 3.5664e+05
   22150.0 3.5025e+05
   22250.0 3.4445e+05
   22350.0 3.3849e+05
   22450.0 3.3263e+05
   22550.0 3.2709e+05
   22650.0 3.2140e+05
   22750.0 3.1603e+05
   22850.0 3.1121e+05
   22950.0 3.0804e+05
   23050.0 3.0289e+05
   23150.0 2.9782e+05
   23250.0 2.9216e+05
   23350.0 2.8702e+05
   23450.0 2.8196e+05
   23550.0 2.7720e+05
   23650.0 2.7250e+05
   23750.0 2.6766e+05
   23850.0 2.6331e+05
   23950.0 2.5902e+05
   24050.0 2.5439e+05
   24150.0 2.5023e+05
   24250.0 2.4633e+05
   24350.0 2.4229e+05
   24450.0 2.3831e+05
   24550.0 2.3498e+05
   24650.0 2.3071e+05
   24750.0 2.2728e+05
   24850.0 2.2468e+05
   24950.0 2.1903e+05
   25050.0 2.1939e+05
   25150.0 2.1499e+05
   25250.0 2.0840e+05
   25350.0 2.0807e+05
   25450.0 2.0588e+05
   25550.0 2.0170e+05
   25650.0 1.9502e+05
   25750.0 1.9604e+05
   25850.0 1.9417e+05
   25950.0 1.9090e+05
   26050.0 1.8625e+05
   26150.0 1.7957e+05
   26250.0 1.7253e+05
   26350.0 1.7858e+05
   26450.0 1.7741e+05
   26550.0 1.7488e+05
   26650.0 1.7138e+05
   26750.0 1.6373e+05
   26850.0 1.6634e+05
   26950.0 1.6527e+05
   27050.0 1.6295e+05
   27150.0 1.6063e+05
   27250.0 1.5836e+05
   27350.0 1.5611e+05
   27450.0 1.5326e+05
   27550.0 1.4605e+05
   27650.0 1.4700e+05
   27750.0 1.4728e+05
   27850.0 1.4549e+05
   27950.0 1.4348e+05
   28050.0 1.4150e+05
   28150.0 1.3956e+05
   28250.0 1.3764e+05
   28350.0 1.3574e+05
   28450.0 1.3392e+05
   28550.0 1.3189e+05
   28650.0 1.2858e+05
   28750.0 1.2271e+05
   28850.0 1.2615e+05
   28950.0 1.2510e+05
   29050.0 1.2348e+05
   29150.0 1.2183e+05
   29250.0 1.2023e+05
   29350.0 1.1863e+05
   29450.0 1.1707e+05
   29550.0 1.1554e+05
   29650.0 1.1402e+05
   29750.0 1.1254e+05
   29850.0 1.1107e+05
   29950.0 1.0964e+05
   30050.0 1.0822e+05
   30150.0 1.0681e+05
   30250.0 1.0507e+05
   30350.0 1.0005e+05
   30450.0 1.0028e+05
   30550.0 1.0121e+05
   30650.0 1.0019e+05
   30750.0 9.8933e+04
   30850.0 9.7650e+04
   30950.0 9.6469e+04
   31050.0 9.5264e+04
   31150.0 9.4073e+04
   31250.0 9.2907e+04
   31350.0 9.1754e+04
   31450.0 9.0613e+04
   31550.0 8.9498e+04
   31650.0 8.8394e+04
   31750.0 8.7315e+04
   31850.0 8.6248e+04
   31950.0 8.5203e+04
   32100.0 8.3664e+04
   32300.0 8.1654e+04
   32500.0 7.9710e+04
   32700.0 7.7774e+04
   32900.0 7.3563e+04
   33100.0 7.3826e+04
   33300.0 7.2736e+04
   33500.0 7.1069e+04
   33700.0 6.9425e+04
   33900.0 6.7774e+04
   34100.0 6.6146e+04
   34300.0 6.4612e+04
   34500.0 6.3140e+04
   34700.0 6.1707e+04
   34900.0 6.0293e+04
   35100.0 5.8955e+04
   35300.0 5.7664e+04
   35500.0 5.6369e+04
   35700.0 5.5118e+04
   35900.0 5.3966e+04
   36100.0 5.2744e+04
   36300.0 5.1691e+04
   36500.0 5.0478e+04
   36700.0 4.9564e+04
   36900.0 4.8280e+04
   37100.0 4.7438e+04
   37300.0 4.5819e+04
   37500.0 4.4351e+04
   37700.0 4.4616e+04
   37900.0 4.3796e+04
   38100.0 4.2560e+04
   38300.0 4.1749e+04
   38500.0 4.1195e+04
   38700.0 4.0370e+04
   38900.0 3.9425e+04
   39100.0 3.8215e+04
   39300.0 3.7951e+04
   39500.0 3.7253e+04
   39700.0 3.6528e+04
   39900.0 3.5817e+04
   40100.0 3.4759e+04
   40300.0 3.3950e+04
   40500.0 3.2782e+04
   40700.0 3.3069e+04
   40900.0 3.2495e+04
   41100.0 3.1875e+04
   41300.0 3.1264e+04
   41500.0 3.0602e+04
   41700.0 2.9433e+04
   41900.0 2.9460e+04
   42100.0 2.8998e+04
   42300.0 2.8463e+04
   42500.0 2.7937e+04
   42700.0 2.7432e+04
   42900.0 2.6917e+04
   43100.0 2.6442e+04
   43300.0 2.5968e+04
   43500.0 2.5476e+04
   43700.0 2.4458e+04
   43900.0 2.4391e+04
   44100.0 2.4165e+04
   44300.0 2.3739e+04
   44500.0 2.3320e+04
   44700.0 2.2950e+04
   44900.0 2.2550e+04
   45100.0 2.2162e+04
   45300.0 2.1779e+04
   45500.0 2.1403e+04
   45700.0 2.1038e+04
   45900.0 2.0679e+04
   46100.0 2.0325e+04
   46300.0 1.9942e+04
   46500.0 1.8956e+04
   46700.0 1.8673e+04
   46900.0 1.8874e+04
   47100.0 1.8676e+04
   47300.0 1.8363e+04
   47500.0 1.8060e+04
   47700.0 1.7767e+04
   47900.0 1.7477e+04
   48100.0 1.7192e+04
   48300.0 1.6912e+04
   48500.0 1.6640e+04
   48700.0 1.6372e+04
   48900.0 1.6108e+04
   49100.0 1.5853e+04
   49300.0 1.5596e+04
   49500.0 1.5353e+04
   49700.0 1.5108e+04
   49900.0 1.4872e+04
   50100.0 1.4638e+04
   50300.0 1.4408e+04
   50500.0 1.4186e+04
   50700.0 1.3967e+04
   50900.0 1.3751e+04
   51100.0 1.3474e+04
   51300.0 1.2873e+04
   51500.0 1.3089e+04
   51700.0 1.2930e+04
   51900.0 1.2737e+04
   52100.0 1.2542e+04
   52300.0 1.2354e+04
   52500.0 1.2169e+04
   52700.0 1.1990e+04
   52900.0 1.1810e+04
   53100.0 1.1636e+04
   53300.0 1.1465e+04
   53500.0 1.1295e+04
   53700.0 1.1132e+04
   53900.0 1.0967e+04
   54100.0 1.0808e+04
   54300.0 1.0652e+04
   54500.0 1.0501e+04
   54700.0 1.0348e+04
   54900.0 1.0201e+04
   55100.0 1.0056e+04
   55300.0 9.9131e+03
   55500.0 9.7717e+03
   55700.0 9.6282e+03
   55900.0 9.4942e+03
   56100.0 9.3618e+03
   56300.0 9.2311e+03
   56500.0 9.1020e+03
   56700.0 8.9745e+03
   56900.0 8.8523e+03
   57100.0 8.7278e+03
   57300.0 8.6086e+03
   57500.0 8.4908e+03
   57700.0 8.3744e+03
   57900.0 8.2630e+03
   58100.0 8.1493e+03
   58300.0 8.0406e+03
   58500.0 7.9402e+03
   58700.0 7.8339e+03
   58900.0 7.6806e+03
   59100.0 7.3334e+03
   59300.0 7.4989e+03
   59500.0 7.4248e+03
   59700.0 7.3281e+03
   59900.0 7.2291e+03
   60100.0 7.1346e+03
   60300.0 7.0412e+03
   60500.0 6.9521e+03
   60700.0 6.8608e+03
   60900.0 6.7705e+03
   61100.0 6.6845e+03
   61300.0 6.5995e+03
   61500.0 6.5122e+03
   61700.0 6.4291e+03
   61900.0 6.3470e+03
   62100.0 6.2689e+03
   62300.0 6.1885e+03
   62500.0 6.1091e+03
   62700.0 6.0335e+03
   62900.0 5.9589e+03
   63100.0 5.8850e+03
   63300.0 5.8090e+03
   63500.0 5.7367e+03
   63700.0 5.6683e+03
   63900.0 5.5976e+03
   64200.0 5.4930e+03
   64600.0 5.3591e+03
   65000.0 5.2309e+03
   65400.0 5.1055e+03
   65800.0 4.9826e+03
   66200.0 4.8652e+03
   66600.0 4.7501e+03
   67000.0 4.6375e+03
   67400.0 4.5298e+03
   67800.0 4.4243e+03
   68200.0 4.3236e+03
   68600.0 4.2249e+03
   69000.0 4.1282e+03
   69400.0 4.0335e+03
   69800.0 3.9431e+03
   70200.0 3.8544e+03
   70600.0 3.7700e+03
   71000.0 3.6848e+03
   71400.0 3.6037e+03
   71800.0 3.5241e+03
   72200.0 3.4460e+03
   72600.0 3.3718e+03
   73000.0 3.2989e+03
   73400.0 3.2274e+03
   73800.0 3.1595e+03
   74200.0 3.0885e+03
   74600.0 2.9585e+03
   75000.0 2.8865e+03
   75400.0 2.8982e+03
   75800.0 2.8405e+03
   76200.0 2.7819e+03
   76600.0 2.7243e+03
   77000.0 2.6677e+03
   77400.0 2.6142e+03
   77800.0 2.5617e+03
   78200.0 2.5100e+03
   78600.0 2.4593e+03
   79000.0 2.4095e+03
   79400.0 2.3624e+03
   79800.0 2.3162e+03
   80200.0 2.2708e+03
   80600.0 2.2262e+03
   81000.0 2.1823e+03
   81400.0 2.1392e+03
   81800.0 2.0986e+03
   82200.0 2.0587e+03
   82600.0 2.0195e+03
   83000.0 1.9809e+03
   83400.0 1.9430e+03
   83800.0 1.9057e+03
   84200.0 1.8707e+03
   84600.0 1.8363e+03
   85000.0 1.8008e+03
   85400.0 1.7676e+03
   85800.0 1.7365e+03
   86200.0 1.7042e+03
   86600.0 1.6725e+03
   87000.0 1.6429e+03
   87400.0 1.6122e+03
   87800.0 1.5836e+03
   88200.0 1.5554e+03
   88600.0 1.5275e+03
   89000.0 1.5003e+03
   89400.0 1.4737e+03
   89800.0 1.4478e+03
   90200.0 1.4225e+03
   90600.0 1.3975e+03
   91000.0 1.3731e+03
   91400.0 1.3493e+03
   91800.0 1.3261e+03
   92200.0 1.3033e+03
   92600.0 1.2810e+03
   93000.0 1.2592e+03
   93400.0 1.2379e+03
   93800.0 1.2170e+03
   94200.0 1.1965e+03
   94600.0 1.1765e+03
   95000.0 1.1569e+03
   95400.0 1.1377e+03
   95800.0 1.1189e+03
   96200.0 1.1004e+03
   96600.0 1.0823e+03
   97000.0 1.0646e+03
   97400.0 1.0473e+03
   97800.0 1.0303e+03
   98200.0 1.0137e+03
   98600.0 9.9738e+02
   99000.0 9.8151e+02
   99400.0 9.6585e+02
   99800.0 9.5042e+02
  100200.0 9.3544e+02
  200000.0 5.8729e+01
  400000.0 3.6073e+00
  600000.0 7.0318e-01
  800000.0 2.2035e-01
 1000000.0 8.9662e-02
 1200000.0 4.3004e-02
 1400000.0 2.3108e-02
 1600000.0 1.3491e-02
