      91.0 0.0000e+00
      94.0 0.0000e+00
      96.0 0.0000e+00
      98.0 0.0000e+00
     100.0 0.0000e+00
     102.0 0.0000e+00
     104.0 0.0000e+00
     106.0 0.0000e+00
     108.0 0.0000e+00
     110.0 0.0000e+00
     114.0 0.0000e+00
     118.0 0.0000e+00
     121.0 0.0000e+00
     125.0 0.0000e+00
     127.0 0.0000e+00
     128.0 0.0000e+00
     131.0 0.0000e+00
     132.0 0.0000e+00
     134.0 0.0000e+00
     137.0 0.0000e+00
     140.0 0.0000e+00
     143.0 0.0000e+00
     147.0 0.0000e+00
     151.0 0.0000e+00
     155.0 0.0000e+00
     159.0 0.0000e+00
     162.0 0.0000e+00
     166.0 0.0000e+00
     170.0 0.0000e+00
     173.0 0.0000e+00
     177.0 0.0000e+00
     180.0 0.0000e+00
     182.0 0.0000e+00
     186.0 0.0000e+00
     191.0 0.0000e+00
     194.0 0.0000e+00
     198.0 0.0000e+00
     202.0 0.0000e+00
     205.0 0.0000e+00
     210.0 0.0000e+00
     216.0 0.0000e+00
     220.0 0.0000e+00
     223.0 0.0000e+00
     227.0 0.0000e+00
     230.0 0.0000e+00
     234.0 0.0000e+00
     240.0 0.0000e+00
     246.0 0.0000e+00
     252.0 0.0000e+00
     257.0 0.0000e+00
     260.0 0.0000e+00
     264.0 0.0000e+00
     269.0 0.0000e+00
     274.0 0.0000e+00
     279.0 0.0000e+00
     284.0 0.0000e+00
     290.0 0.0000e+00
     296.0 0.0000e+00
     301.0 0.0000e+00
     308.0 0.0000e+00
     318.0 0.0000e+00
     328.0 0.0000e+00
     338.0 0.0000e+00
     348.0 0.0000e+00
     357.0 0.0000e+00
     366.0 0.0000e+00
     375.0 0.0000e+00
     385.0 0.0000e+00
     395.0 0.0000e+00
     405.0 0.0000e+00
     414.0 0.0000e+00
     422.0 0.0000e+00
     430.0 0.0000e+00
     441.0 0.0000e+00
     451.0 0.0000e+00
     460.0 0.0000e+00
     470.0 0.0000e+00
     480.0 0.0000e+00
     490.0 0.0000e+00
     500.0 0.0000e+00
     506.0 0.0000e+00
     512.0 0.0000e+00
     520.0 0.0000e+00
     530.0 0.0000e+00
     540.0 0.0000e+00
     550.0 0.0000e+00
     560.0 0.0000e+00
     570.0 0.0000e+00
     580.0 0.0000e+00
     590.0 0.0000e+00
     600.0 0.0000e+00
     610.0 0.0000e+00
     620.0 0.0000e+00
     630.0 0.0000e+00
     640.0 0.0000e+00
     650.0 0.0000e+00
     658.0 0.0000e+00
     665.0 0.0000e+00
     675.0 0.0000e+00
     685.0 0.0000e+00
     695.0 0.0000e+00
     705.0 0.0000e+00
     716.0 0.0000e+00
     726.0 0.0000e+00
     735.0 0.0000e+00
     745.0 0.0000e+00
     755.0 0.0000e+00
     765.0 0.0000e+00
     775.0 0.0000e+00
     785.0 0.0000e+00
     795.0 0.0000e+00
     805.0 0.0000e+00
     815.0 0.0000e+00
     825.0 0.0000e+00
     835.0 0.0000e+00
     845.0 0.0000e+00
     855.0 0.0000e+00
     865.0 0.0000e+00
     875.0 0.0000e+00
     885.0 0.0000e+00
     895.0 0.0000e+00
     905.0 0.0000e+00
     915.0 0.0000e+00
     925.0 3.8023e-16
     935.0 5.8434e-16
     945.0 1.0328e-15
     955.0 1.7027e-15
     965.0 3.3121e-15
     975.0 5.1644e-15
     985.0 8.9942e-15
     995.0 1.7297e-14
    1005.0 2.8851e-14
    1015.0 4.5221e-14
    1025.0 5.1773e-14
    1035.0 1.5068e-13
    1045.0 2.6882e-13
    1055.0 3.5069e-13
    1065.0 7.2644e-13
    1075.0 1.1529e-12
    1085.0 1.8468e-12
    1095.0 2.5213e-12
    1105.0 3.7614e-12
    1115.0 5.5665e-12
    1125.0 1.0707e-11
    1135.0 1.9157e-11
    1145.0 2.8931e-11
    1155.0 4.2132e-11
    1165.0 6.0196e-11
    1175.0 9.0852e-11
    1185.0 1.1862e-10
    1195.0 1.4721e-10
    1205.0 1.6980e-10
    1215.0 1.0406e-10
    1225.0 3.4346e-10
    1235.0 5.7544e-10
    1245.0 9.1522e-10
    1255.0 1.3240e-09
    1265.0 1.7798e-09
    1275.0 2.5236e-09
    1285.0 2.9318e-09
    1295.0 4.1187e-09
    1305.0 5.3064e-09
    1315.0 7.6351e-09
    1325.0 9.5421e-09
    1335.0 1.2448e-08
    1345.0 1.5233e-08
    1355.0 2.2252e-08
    1365.0 2.6098e-08
    1375.0 3.3394e-08
    1385.0 3.8965e-08
    1395.0 5.0277e-08
    1405.0 7.4841e-08
    1415.0 8.6304e-08
    1425.0 1.1037e-07
    1435.0 1.4454e-07
    1442.0 1.9648e-07
    1447.0 1.9226e-07
    1455.0 2.6390e-07
    1465.0 3.4446e-07
    1475.0 4.3621e-07
    1485.0 4.8440e-07
    1495.0 7.8227e-07
    1505.0 1.0006e-06
    1512.0 7.6530e-07
    1517.0 1.1391e-06
    1525.0 1.6103e-06
    1535.0 2.1503e-06
    1545.0 1.6779e-06
    1555.0 2.7311e-06
    1565.0 2.9230e-06
    1575.0 5.2354e-06
    1585.0 6.4249e-06
    1595.0 6.3635e-06
    1605.0 7.6856e-06
    1615.0 1.0129e-05
    1625.0 1.0981e-05
    1635.0 1.4911e-05
    1645.0 1.9246e-05
    1655.0 1.9399e-05
    1665.0 2.6772e-05
    1672.0 2.6582e-05
    1677.0 3.3425e-05
    1685.0 3.9837e-05
    1695.0 5.0755e-05
    1705.0 5.3956e-05
    1715.0 6.9189e-05
    1725.0 8.5234e-05
    1735.0 1.0130e-04
    1745.0 1.2480e-04
    1755.0 1.4082e-04
    1765.0 1.8034e-04
    1775.0 1.8878e-04
    1785.0 2.8080e-04
    1795.0 2.7586e-04
    1805.0 4.3027e-04
    1815.0 4.0261e-04
    1825.0 5.2314e-04
    1835.0 5.5984e-04
    1845.0 7.2006e-04
    1855.0 6.9594e-04
    1865.0 9.8120e-04
    1875.0 1.0175e-03
    1885.0 1.2372e-03
    1895.0 1.4990e-03
    1905.0 1.6988e-03
    1915.0 2.2605e-03
    1925.0 2.1876e-03
    1935.0 2.1762e-03
    1945.0 3.0282e-03
    1955.0 3.9376e-03
    1967.0 4.3794e-03
    1976.0 5.2302e-03
    1984.0 6.5316e-03
    1995.0 6.2670e-03
    2005.0 7.3352e-03
    2015.0 8.3760e-03
    2025.0 8.4777e-03
    2035.0 1.0175e-02
    2045.0 1.0979e-02
    2055.0 1.3042e-02
    2065.0 1.3209e-02
    2074.0 1.3655e-02
    2078.0 2.0167e-02
    2085.0 2.4959e-02
    2095.0 2.7568e-02
    2105.0 2.5385e-02
    2115.0 2.6162e-02
    2125.0 3.1442e-02
    2135.0 4.0751e-02
    2145.0 3.3387e-02
    2155.0 4.1857e-02
    2165.0 4.2699e-02
    2175.0 4.8620e-02
    2185.0 4.7497e-02
    2195.0 7.3797e-02
    2205.0 6.5064e-02
    2215.0 8.0047e-02
    2225.0 7.5381e-02
    2235.0 1.2121e-01
    2245.0 1.2974e-01
    2255.0 1.7409e-01
    2265.0 9.9669e-02
    2275.0 1.8726e-01
    2285.0 1.7069e-01
    2295.0 3.0212e-01
    2305.0 1.1874e-01
    2315.0 4.0209e-01
    2325.0 2.9549e-01
    2335.0 5.0411e-01
    2345.0 3.3299e-01
    2355.0 2.7720e-01
    2365.0 3.9042e-01
    2375.0 3.7140e-01
    2385.0 6.8030e-01
    2395.0 5.9164e-01
    2405.0 1.1811e+00
    2415.0 6.9003e-01
    2425.0 9.4476e-01
    2435.0 1.4360e+00
    2445.0 2.1404e+00
    2455.0 2.6025e+00
    2465.0 1.4279e+00
    2475.0 2.7818e+00
    2485.0 8.9017e-01
    2495.0 1.1951e+00
    2505.0 2.3945e+00
    2513.0 1.6482e+00
    2518.0 1.7815e+00
    2525.0 2.2458e+00
    2535.0 6.4080e+00
    2545.0 7.9222e+00
    2555.0 8.5731e+00
    2565.0 3.9570e+00
    2575.0 8.1113e+00
    2585.0 4.6946e+00
    2595.0 6.4695e+00
    2605.0 9.6396e+00
    2615.0 8.2420e+00
    2625.0 1.5791e+01
    2635.0 2.7116e+01
    2645.0 1.8855e+01
    2655.0 2.9992e+01
    2665.0 2.2659e+01
    2675.0 2.1736e+01
    2685.0 3.0107e+01
    2695.0 1.8244e+01
    2705.0 3.7809e+01
    2715.0 3.4407e+01
    2725.0 2.6921e+01
    2735.0 2.9273e+01
    2745.0 4.4290e+01
    2755.0 4.0825e+01
    2765.0 6.7650e+01
    2775.0 9.6159e+01
    2785.0 5.8225e+01
    2795.0 6.7818e+01
    2805.0 6.7853e+01
    2815.0 9.6881e+01
    2825.0 9.4288e+01
    2835.0 7.8495e+01
    2845.0 4.9899e+01
    2855.0 2.0185e+01
    2865.0 8.6794e+01
    2875.0 1.0434e+02
    2885.0 1.9450e+02
    2895.0 2.4538e+02
    2910.0 3.0928e+02
    2930.0 2.9389e+02
    2950.0 2.8882e+02
    2970.0 2.8195e+02
    2990.0 3.3869e+02
    3010.0 3.5803e+02
    3030.0 4.3978e+02
    3050.0 5.4760e+02
    3070.0 7.1009e+02
    3090.0 8.4197e+02
    3110.0 1.2993e+03
    3130.0 1.2375e+03
    3150.0 2.1041e+03
    3170.0 3.2805e+03
    3190.0 2.1400e+03
    3210.0 2.9141e+03
    3230.0 2.5758e+03
    3250.0 4.5276e+03
    3270.0 6.2600e+03
    3290.0 8.2293e+03
    3310.0 6.6875e+03
    3330.0 7.7646e+03
    3350.0 8.3688e+03
    3370.0 4.9004e+03
    3390.0 5.8831e+03
    3410.0 7.0095e+03
    3430.0 8.4682e+03
    3450.0 8.0156e+03
    3470.0 8.8049e+03
    3490.0 1.1795e+04
    3510.0 1.6012e+04
    3530.0 1.2559e+04
    3550.0 1.8650e+04
    3570.0 7.3513e+03
    3590.0 6.5606e+03
    3610.0 1.2754e+04
    3630.0 2.1150e+04
    3640.0 2.5278e+04
    3650.0 2.7705e+04
    3670.0 3.7812e+04
    3690.0 2.8420e+04
    3710.0 2.4124e+04
    3730.0 8.3347e+03
    3750.0 1.0693e+04
    3770.0 2.5413e+04
    3790.0 2.8059e+04
    3810.0 2.2321e+04
    3830.0 8.9270e+03
    3850.0 1.4757e+04
    3870.0 1.3860e+04
    3890.0 2.1888e+04
    3910.0 2.9971e+04
    3930.0 8.6105e+03
    3950.0 2.0905e+04
    3970.0 1.1702e+04
    3990.0 5.3834e+04
    4010.0 7.5843e+04
    4030.0 7.0211e+04
    4050.0 6.5659e+04
    4070.0 5.5214e+04
    4090.0 9.1758e+04
    4110.0 7.0628e+04
    4130.0 6.6072e+04
    4150.0 6.2415e+04
    4170.0 6.0390e+04
    4190.0 6.7902e+04
    4210.0 6.6189e+04
    4230.0 5.0271e+04
    4250.0 7.8207e+04
    4270.0 7.1886e+04
    4290.0 7.1608e+04
    4310.0 6.8686e+04
    4330.0 1.0995e+05
    4350.0 1.2256e+05
    4370.0 1.2936e+05
    4390.0 1.0317e+05
    4410.0 1.0507e+05
    4430.0 1.2288e+05
    4450.0 1.3050e+05
    4470.0 1.4548e+05
    4490.0 1.5584e+05
    4510.0 1.9691e+05
    4530.0 1.5199e+05
    4550.0 1.6723e+05
    4570.0 1.9218e+05
    4590.0 1.8390e+05
    4610.0 1.9016e+05
    4630.0 1.8387e+05
    4650.0 1.8756e+05
    4670.0 2.0685e+05
    4690.0 2.0422e+05
    4710.0 1.9471e+05
    4730.0 1.9821e+05
    4750.0 2.0494e+05
    4770.0 1.9811e+05
    4790.0 1.9981e+05
    4810.0 2.1152e+05
    4830.0 2.2478e+05
    4850.0 2.1784e+05
    4870.0 2.0336e+05
    4890.0 2.2387e+05
    4910.0 2.2324e+05
    4930.0 2.1319e+05
    4950.0 2.2571e+05
    4970.0 2.1400e+05
    4990.0 1.9307e+05
    5010.0 1.7405e+05
    5030.0 1.9044e+05
    5050.0 1.8494e+05
    5070.0 1.9104e+05
    5090.0 1.7075e+05
    5110.0 1.7897e+05
    5130.0 1.6440e+05
    5150.0 1.5816e+05
    5170.0 1.4720e+05
    5190.0 1.6432e+05
    5210.0 1.7976e+05
    5230.0 2.3016e+05
    5250.0 2.4538e+05
    5270.0 2.0838e+05
    5290.0 2.5861e+05
    5310.0 2.9022e+05
    5330.0 2.3744e+05
    5350.0 2.7547e+05
    5370.0 2.7458e+05
    5390.0 2.5827e+05
    5410.0 2.6267e+05
    5430.0 2.6257e+05
    5450.0 2.7680e+05
    5470.0 2.7017e+05
    5490.0 2.7417e+05
    5510.0 2.6847e+05
    5530.0 2.9127e+05
    5550.0 2.9747e+05
    5570.0 2.9348e+05
    5590.0 2.8379e+05
    5610.0 3.0478e+05
    5630.0 2.9823e+05
    5650.0 3.0743e+05
    5670.0 2.9818e+05
    5690.0 3.1572e+05
    5710.0 2.9380e+05
    5730.0 3.3412e+05
    5750.0 3.1732e+05
    5770.0 3.2730e+05
    5790.0 3.0151e+05
    5810.0 3.3105e+05
    5830.0 3.5172e+05
    5850.0 3.3390e+05
    5870.0 3.3890e+05
    5890.0 2.9053e+05
    5910.0 3.3522e+05
    5930.0 3.3975e+05
    5950.0 3.3818e+05
    5970.0 3.5328e+05
    5990.0 3.3923e+05
    6010.0 3.3465e+05
    6030.0 3.5420e+05
    6050.0 3.6268e+05
    6070.0 3.6192e+05
    6090.0 3.4079e+05
    6110.0 3.4724e+05
    6130.0 3.1855e+05
    6150.0 3.3829e+05
    6170.0 3.1720e+05
    6190.0 3.4802e+05
    6210.0 3.3987e+05
    6230.0 3.2781e+05
    6250.0 3.1190e+05
    6270.0 3.3096e+05
    6290.0 3.4735e+05
    6310.0 3.3491e+05
    6330.0 3.4596e+05
    6350.0 3.4736e+05
    6370.0 3.4429e+05
    6390.0 3.5800e+05
    6410.0 3.5110e+05
    6430.0 3.5443e+05
    6450.0 3.5483e+05
    6470.0 3.5493e+05
    6490.0 3.4278e+05
    6510.0 3.6218e+05
    6530.0 3.6278e+05
    6550.0 3.5889e+05
    6570.0 3.6032e+05
    6590.0 3.6642e+05
    6610.0 3.6778e+05
    6630.0 3.6638e+05
    6650.0 3.6933e+05
    6670.0 3.5822e+05
    6690.0 3.6734e+05
    6710.0 3.4358e+05
    6730.0 3.6431e+05
    6750.0 3.5320e+05
    6770.0 3.5766e+05
    6790.0 3.5036e+05
    6810.0 3.5761e+05
    6830.0 3.6554e+05
    6850.0 3.5319e+05
    6870.0 3.6181e+05
    6890.0 3.7259e+05
    6910.0 3.7144e+05
    6930.0 3.6606e+05
    6950.0 3.6495e+05
    6970.0 3.7446e+05
    6990.0 3.6594e+05
    7010.0 3.6068e+05
    7030.0 3.7197e+05
    7050.0 3.7976e+05
    7070.0 3.6490e+05
    7090.0 3.4948e+05
    7110.0 3.3139e+05
    7130.0 3.2033e+05
    7150.0 3.2230e+05
    7170.0 3.3473e+05
    7190.0 3.2661e+05
    7210.0 3.3795e+05
    7230.0 3.5420e+05
    7250.0 3.5613e+05
    7270.0 3.5939e+05
    7290.0 3.5584e+05
    7310.0 3.6287e+05
    7330.0 3.6491e+05
    7350.0 3.6471e+05
    7370.0 3.7907e+05
    7390.0 3.7109e+05
    7410.0 3.6931e+05
    7430.0 3.7688e+05
    7450.0 3.7875e+05
    7470.0 3.8038e+05
    7490.0 3.7899e+05
    7510.0 3.8760e+05
    7530.0 3.9253e+05
    7550.0 3.9529e+05
    7570.0 3.9278e+05
    7590.0 3.8759e+05
    7610.0 3.8784e+05
    7630.0 3.8807e+05
    7650.0 3.8748e+05
    7670.0 3.6895e+05
    7690.0 3.8326e+05
    7710.0 3.7320e+05
    7730.0 3.7368e+05
    7750.0 3.7156e+05
    7770.0 3.8156e+05
    7790.0 3.8356e+05
    7810.0 3.8297e+05
    7830.0 3.7808e+05
    7850.0 3.7168e+05
    7870.0 3.8238e+05
    7890.0 3.6889e+05
    7910.0 3.5974e+05
    7930.0 3.6403e+05
    7950.0 3.5386e+05
    7970.0 3.7341e+05
    7990.0 3.7343e+05
    8010.0 3.7493e+05
    8030.0 3.7418e+05
    8050.0 3.7380e+05
    8070.0 3.6882e+05
    8090.0 3.6187e+05
    8110.0 3.6282e+05
    8130.0 3.7156e+05
    8150.0 3.7209e+05
    8170.0 3.7458e+05
    8190.0 3.6453e+05
    8210.0 3.6400e+05
    8230.0 3.7374e+05
    8250.0 3.7175e+05
    8270.0 3.8100e+05
    8290.0 3.7725e+05
    8310.0 3.5963e+05
    8330.0 3.6223e+05
    8350.0 3.6101e+05
    8370.0 3.6545e+05
    8390.0 3.4838e+05
    8410.0 3.6775e+05
    8430.0 3.4913e+05
    8450.0 3.5184e+05
    8470.0 3.5587e+05
    8490.0 3.5885e+05
    8510.0 3.4210e+05
    8530.0 3.6027e+05
    8550.0 3.3759e+05
    8570.0 3.6557e+05
    8590.0 3.6095e+05
    8610.0 3.6218e+05
    8630.0 3.6630e+05
    8650.0 3.7230e+05
    8670.0 3.4012e+05
    8690.0 3.5094e+05
    8710.0 3.6466e+05
    8730.0 3.6646e+05
    8750.0 3.6635e+05
    8770.0 3.6795e+05
    8790.0 3.6706e+05
    8810.0 3.5458e+05
    8830.0 3.6236e+05
    8850.0 3.6991e+05
    8870.0 3.6290e+05
    8890.0 3.6932e+05
    8910.0 3.7400e+05
    8930.0 3.6045e+05
    8950.0 3.6019e+05
    8970.0 3.6231e+05
    8990.0 3.6367e+05
    9010.0 3.5024e+05
    9030.0 3.6001e+05
    9050.0 3.7072e+05
    9070.0 3.6909e+05
    9090.0 3.5281e+05
    9110.0 3.5588e+05
    9130.0 3.6497e+05
    9150.0 3.6080e+05
    9170.0 3.6080e+05
    9190.0 3.6789e+05
    9210.0 3.5583e+05
    9230.0 3.6119e+05
    9250.0 3.5346e+05
    9270.0 3.5389e+05
    9290.0 3.5126e+05
    9310.0 3.5764e+05
    9330.0 3.5528e+05
    9350.0 3.5403e+05
    9370.0 3.4447e+05
    9390.0 3.5252e+05
    9410.0 3.4263e+05
    9430.0 3.5345e+05
    9450.0 3.4175e+05
    9470.0 3.5180e+05
    9490.0 3.5259e+05
    9510.0 3.4898e+05
    9530.0 3.4950e+05
    9550.0 3.4015e+05
    9570.0 3.3978e+05
    9590.0 3.4984e+05
    9610.0 3.4228e+05
    9630.0 3.4422e+05
    9650.0 3.3288e+05
    9670.0 3.3227e+05
    9690.0 3.4138e+05
    9710.0 3.3666e+05
    9730.0 3.3275e+05
    9750.0 3.3176e+05
    9770.0 3.3330e+05
    9790.0 3.2493e+05
    9810.0 3.3943e+05
    9830.0 3.3321e+05
    9850.0 3.3927e+05
    9870.0 3.3593e+05
    9890.0 3.3555e+05
    9910.0 3.3396e+05
    9930.0 3.3371e+05
    9950.0 3.3309e+05
    9970.0 3.3429e+05
    9990.0 3.3247e+05
   10025.0 3.2861e+05
   10075.0 3.2334e+05
   10125.0 3.2554e+05
   10175.0 3.2061e+05
   10225.0 3.2104e+05
   10275.0 3.2133e+05
   10325.0 3.1417e+05
   10375.0 3.1115e+05
   10425.0 3.1292e+05
   10475.0 3.0983e+05
   10525.0 3.1014e+05
   10575.0 3.0475e+05
   10625.0 3.0433e+05
   10675.0 2.9749e+05
   10725.0 2.9733e+05
   10775.0 2.9416e+05
   10825.0 2.8910e+05
   10875.0 2.8969e+05
   10925.0 2.9257e+05
   10975.0 2.8752e+05
   11025.0 2.8817e+05
   11075.0 2.8724e+05
   11125.0 2.8515e+05
   11175.0 2.8116e+05
   11225.0 2.8114e+05
   11275.0 2.7620e+05
   11325.0 2.7498e+05
   11375.0 2.7192e+05
   11425.0 2.6899e+05
   11475.0 2.7230e+05
   11525.0 2.7157e+05
   11575.0 2.6699e+05
   11625.0 2.6292e+05
   11675.0 2.6296e+05
   11725.0 2.6509e+05
   11775.0 2.5964e+05
   11825.0 2.5762e+05
   11875.0 2.5316e+05
   11925.0 2.5804e+05
   11975.0 2.4719e+05
   12025.0 2.5335e+05
   12075.0 2.5002e+05
   12125.0 2.5033e+05
   12175.0 2.5071e+05
   12225.0 2.4858e+05
   12275.0 2.4672e+05
   12325.0 2.4440e+05
   12375.0 2.4416e+05
   12425.0 2.4173e+05
   12475.0 2.4157e+05
   12525.0 2.3804e+05
   12575.0 2.3797e+05
   12625.0 2.3661e+05
   12675.0 2.3363e+05
   12725.0 2.3387e+05
   12775.0 2.3484e+05
   12825.0 2.2557e+05
   12875.0 2.2882e+05
   12925.0 2.2446e+05
   12975.0 2.2872e+05
   13025.0 2.2471e+05
   13075.0 2.2678e+05
   13125.0 2.2123e+05
   13175.0 2.2135e+05
   13225.0 2.2187e+05
   13275.0 2.1741e+05
   13325.0 2.2011e+05
   13375.0 2.1739e+05
   13425.0 2.1930e+05
   13475.0 2.1781e+05
   13525.0 2.1718e+05
   13575.0 2.1324e+05
   13625.0 2.1181e+05
   13675.0 2.1341e+05
   13725.0 2.1447e+05
   13775.0 2.1253e+05
   13825.0 2.1301e+05
   13875.0 2.1004e+05
   13925.0 2.1194e+05
   13975.0 2.1196e+05
   14025.0 2.0771e+05
   14075.0 2.1041e+05
   14125.0 2.0718e+05
   14175.0 2.0972e+05
   14225.0 2.0599e+05
   14275.0 2.0108e+05
   14325.0 2.0646e+05
   14375.0 2.0688e+05
   14425.0 2.0055e+05
   14475.0 2.0506e+05
   14525.0 2.0235e+05
   14570.0 2.0353e+05
   14620.0 2.0371e+05
   14675.0 2.0347e+05
   14725.0 1.9921e+05
   14775.0 2.0105e+05
   14825.0 2.0079e+05
   14875.0 1.9809e+05
   14925.0 2.0333e+05
   14975.0 1.9983e+05
   15025.0 1.9728e+05
   15075.0 1.9571e+05
   15125.0 1.9951e+05
   15175.0 1.9965e+05
   15225.0 1.9933e+05
   15275.0 2.0106e+05
   15325.0 1.9918e+05
   15375.0 2.0109e+05
   15425.0 2.0084e+05
   15475.0 2.0040e+05
   15525.0 1.9682e+05
   15575.0 1.9022e+05
   15625.0 1.9554e+05
   15675.0 1.9219e+05
   15725.0 1.9694e+05
   15775.0 1.8128e+05
   15825.0 1.8708e+05
   15875.0 1.8405e+05
   15925.0 1.8881e+05
   15975.0 1.8467e+05
   16050.0 1.9458e+05
   16150.0 1.9310e+05
   16250.0 1.9255e+05
   16350.0 1.9168e+05
   16450.0 1.8754e+05
   16550.0 1.8603e+05
   16650.0 1.8302e+05
   16750.0 1.7853e+05
   16850.0 1.7443e+05
   16950.0 1.7464e+05
   17050.0 1.6814e+05
   17150.0 1.6737e+05
   17250.0 1.6132e+05
   17350.0 1.5871e+05
   17450.0 1.5646e+05
   17550.0 1.5352e+05
   17650.0 1.5151e+05
   17750.0 1.4772e+05
   17850.0 1.4689e+05
   17950.0 1.4333e+05
   18050.0 1.3987e+05
   18150.0 1.3822e+05
   18250.0 1.3512e+05
   18350.0 1.3234e+05
   18450.0 1.2918e+05
   18550.0 1.2842e+05
   18650.0 1.2418e+05
   18750.0 1.2245e+05
   18850.0 1.2143e+05
   18950.0 1.1524e+05
   19050.0 1.1816e+05
   19150.0 1.1553e+05
   19250.0 1.1404e+05
   19350.0 1.1037e+05
   19450.0 1.0809e+05
   19550.0 1.0821e+05
   19650.0 1.0609e+05
   19750.0 1.0348e+05
   19850.0 1.0247e+05
   19950.0 1.0109e+05
   20050.0 1.0091e+05
   20150.0 9.9472e+04
   20250.0 9.6036e+04
   20350.0 9.4863e+04
   20450.0 9.5027e+04
   20550.0 9.3054e+04
   20650.0 9.1227e+04
   20750.0 9.0127e+04
   20850.0 8.8354e+04
   20950.0 8.6365e+04
   21050.0 8.6358e+04
   21150.0 8.4498e+04
   21250.0 8.3041e+04
   21350.0 8.2791e+04
   21450.0 8.1343e+04
   21550.0 7.9970e+04
   21650.0 7.8645e+04
   21750.0 7.6934e+04
   21850.0 7.6131e+04
   21950.0 7.5215e+04
   22050.0 7.2808e+04
   22150.0 7.3399e+04
   22250.0 7.0851e+04
   22350.0 7.0267e+04
   22450.0 6.9356e+04
   22550.0 6.8790e+04
   22650.0 6.6875e+04
   22750.0 6.7053e+04
   22850.0 6.5296e+04
   22950.0 5.4073e+04
   23050.0 5.8886e+04
   23150.0 5.8132e+04
   23250.0 4.8871e+04
   23350.0 5.3446e+04
   23450.0 5.2533e+04
   23550.0 4.4282e+04
   23650.0 4.9654e+04
   23750.0 4.8259e+04
   23850.0 4.1974e+04
   23950.0 4.6139e+04
   24050.0 4.6088e+04
   24150.0 4.0670e+04
   24250.0 4.3761e+04
   24350.0 4.3847e+04
   24450.0 4.0621e+04
   24550.0 4.0629e+04
   24650.0 4.2530e+04
   24750.0 4.0797e+04
   24850.0 3.8275e+04
   24950.0 4.0049e+04
   25050.0 4.1584e+04
   25150.0 3.7121e+04
   25250.0 3.9291e+04
   25350.0 3.9411e+04
   25450.0 3.8195e+04
   25550.0 3.7437e+04
   25650.0 3.7857e+04
   25750.0 3.8106e+04
   25850.0 3.5479e+04
   25950.0 3.6203e+04
   26050.0 3.6827e+04
   26150.0 3.5827e+04
   26250.0 3.5241e+04
   26350.0 3.5527e+04
   26450.0 3.5224e+04
   26550.0 3.4466e+04
   26650.0 3.3701e+04
   26750.0 3.4858e+04
   26850.0 3.4249e+04
   26950.0 3.3038e+04
   27050.0 3.3466e+04
   27150.0 3.3122e+04
   27250.0 3.3057e+04
   27350.0 3.1950e+04
   27450.0 3.2227e+04
   27550.0 3.2231e+04
   27650.0 3.1559e+04
   27750.0 3.0818e+04
   27850.0 3.0921e+04
   27950.0 3.0931e+04
   28050.0 3.0513e+04
   28150.0 2.9872e+04
   28250.0 2.9767e+04
   28350.0 2.9691e+04
   28450.0 2.9231e+04
   28550.0 2.8865e+04
   28650.0 2.8605e+04
   28750.0 2.8377e+04
   28850.0 2.8023e+04
   28950.0 2.7715e+04
   29050.0 2.7368e+04
   29150.0 2.7138e+04
   29250.0 2.6505e+04
   29350.0 2.6561e+04
   29450.0 2.6132e+04
   29550.0 2.5846e+04
   29650.0 2.5699e+04
   29750.0 2.5418e+04
   29850.0 2.5019e+04
   29950.0 2.4719e+04
   30050.0 2.4435e+04
   30150.0 2.4247e+04
   30250.0 2.3851e+04
   30350.0 2.3551e+04
   30450.0 2.3409e+04
   30550.0 2.3051e+04
   30650.0 2.2773e+04
   30750.0 2.2574e+04
   30850.0 2.2163e+04
   30950.0 2.1958e+04
   31050.0 2.1817e+04
   31150.0 2.1355e+04
   31250.0 2.1256e+04
   31350.0 2.1023e+04
   31450.0 2.0756e+04
   31550.0 2.0480e+04
   31650.0 2.0183e+04
   31750.0 2.0044e+04
   31850.0 1.9801e+04
   31950.0 1.9606e+04
   32100.0 1.9237e+04
   32300.0 1.8747e+04
   32500.0 1.8324e+04
   32700.0 1.7887e+04
   32900.0 1.7482e+04
   33100.0 1.7075e+04
   33300.0 1.6654e+04
   33500.0 1.6349e+04
   33700.0 1.5955e+04
   33900.0 1.5579e+04
   34100.0 1.5211e+04
   34300.0 1.4953e+04
   34500.0 1.4649e+04
   34700.0 1.4311e+04
   34900.0 1.4010e+04
   35100.0 1.3744e+04
   35300.0 1.3396e+04
   35500.0 1.3160e+04
   35700.0 1.2872e+04
   35900.0 1.2589e+04
   36100.0 1.2367e+04
   36300.0 1.2113e+04
   36500.0 1.1818e+04
   36700.0 1.1556e+04
   36900.0 1.1264e+04
   37100.0 1.0995e+04
   37300.0 1.0860e+04
   37500.0 1.0557e+04
   37700.0 1.0437e+04
   37900.0 1.0210e+04
   38100.0 1.0045e+04
   38300.0 9.8753e+03
   38500.0 9.6921e+03
   38700.0 9.4400e+03
   38900.0 9.2877e+03
   39100.0 9.1380e+03
   39300.0 8.9599e+03
   39500.0 8.7387e+03
   39700.0 8.5900e+03
   39900.0 8.3535e+03
   40100.0 8.2629e+03
   40300.0 8.1442e+03
   40500.0 7.9762e+03
   40700.0 7.8328e+03
   40900.0 7.6919e+03
   41100.0 7.5533e+03
   41300.0 7.4382e+03
   41500.0 7.2831e+03
   41700.0 7.1513e+03
   41900.0 7.0013e+03
   42100.0 6.8605e+03
   42300.0 6.7958e+03
   42500.0 6.6377e+03
   42700.0 6.5500e+03
   42900.0 5.9743e+03
   43100.0 5.3625e+03
   43300.0 5.4711e+03
   43500.0 5.0274e+03
   43700.0 4.8144e+03
   43900.0 4.6518e+03
   44100.0 4.3267e+03
   44300.0 4.2627e+03
   44500.0 4.1723e+03
   44700.0 3.9202e+03
   44900.0 3.9835e+03
   45100.0 3.8380e+03
   45300.0 3.6932e+03
   45500.0 3.7286e+03
   45700.0 3.6776e+03
   45900.0 3.4994e+03
   46100.0 3.5842e+03
   46300.0 3.4850e+03
   46500.0 3.4645e+03
   46700.0 3.4850e+03
   46900.0 3.3948e+03
   47100.0 3.3152e+03
   47300.0 3.3837e+03
   47500.0 3.2851e+03
   47700.0 3.2429e+03
   47900.0 3.2341e+03
   48100.0 3.1171e+03
   48300.0 3.1962e+03
   48500.0 3.1215e+03
   48700.0 3.0443e+03
   48900.0 3.0029e+03
   49100.0 2.9760e+03
   49300.0 2.9317e+03
   49500.0 2.8640e+03
   49700.0 2.8862e+03
   49900.0 2.8351e+03
   50100.0 2.8059e+03
   50300.0 2.7708e+03
   50500.0 2.6981e+03
   50700.0 2.7011e+03
   50900.0 2.6573e+03
   51100.0 2.6080e+03
   51300.0 2.6151e+03
   51500.0 2.5518e+03
   51700.0 2.5653e+03
   51900.0 2.5158e+03
   52100.0 2.5005e+03
   52300.0 2.4415e+03
   52500.0 2.4377e+03
   52700.0 2.4598e+03
   52900.0 2.3770e+03
   53100.0 2.3383e+03
   53300.0 2.3419e+03
   53500.0 2.3118e+03
   53700.0 2.2967e+03
   53900.0 2.2739e+03
   54100.0 2.2543e+03
   54300.0 2.2015e+03
   54500.0 2.2148e+03
   54700.0 2.1602e+03
   54900.0 2.1544e+03
   55100.0 2.1175e+03
   55300.0 2.1712e+03
   55500.0 2.0746e+03
   55700.0 2.0976e+03
   55900.0 2.0546e+03
   56100.0 2.0591e+03
   56300.0 2.0021e+03
   56500.0 2.0127e+03
   56700.0 1.9904e+03
   56900.0 1.9416e+03
   57100.0 1.9578e+03
   57300.0 1.9339e+03
   57500.0 1.9129e+03
   57700.0 1.8870e+03
   57900.0 1.8872e+03
   58100.0 1.8515e+03
   58300.0 1.8371e+03
   58500.0 1.8182e+03
   58700.0 1.7833e+03
   58900.0 1.7708e+03
   59100.0 1.7561e+03
   59300.0 1.7426e+03
   59500.0 1.7133e+03
   59700.0 1.7075e+03
   59900.0 1.6898e+03
   60100.0 1.6716e+03
   60300.0 1.6529e+03
   60500.0 1.6234e+03
   60700.0 1.6084e+03
   60900.0 1.5892e+03
   61100.0 1.5685e+03
   61300.0 1.5586e+03
   61500.0 1.5453e+03
   61700.0 1.5356e+03
   61900.0 1.5160e+03
   62100.0 1.5041e+03
   62300.0 1.4805e+03
   62500.0 1.4573e+03
   62700.0 1.4419e+03
   62900.0 1.4294e+03
   63100.0 1.4119e+03
   63300.0 1.4054e+03
   63500.0 1.3850e+03
   63700.0 1.3786e+03
   63900.0 1.3565e+03
   64200.0 1.3357e+03
   64600.0 1.3034e+03
   65000.0 1.2761e+03
   65400.0 1.2476e+03
   65800.0 1.2234e+03
   66200.0 1.1947e+03
   66600.0 1.1696e+03
   67000.0 1.1449e+03
   67400.0 1.1182e+03
   67800.0 1.0946e+03
   68200.0 1.0705e+03
   68600.0 1.0488e+03
   69000.0 1.0251e+03
   69400.0 1.0034e+03
   69800.0 9.8232e+02
   70200.0 9.6020e+02
   70600.0 9.4093e+02
   71000.0 9.2061e+02
   71400.0 9.0162e+02
   71800.0 8.8183e+02
   72200.0 8.6381e+02
   72600.0 8.4544e+02
   73000.0 8.2765e+02
   73400.0 8.1020e+02
   73800.0 7.9373e+02
   74200.0 7.7583e+02
   74600.0 7.5978e+02
   75000.0 7.4487e+02
   75400.0 7.2897e+02
   75800.0 7.1546e+02
   76200.0 7.0094e+02
   76600.0 6.8690e+02
   77000.0 6.7270e+02
   77400.0 6.5956e+02
   77800.0 6.4665e+02
   78200.0 6.3378e+02
   78600.0 6.2133e+02
   79000.0 6.0890e+02
   79400.0 5.9727e+02
   79800.0 5.8583e+02
   80200.0 5.7367e+02
   80600.0 5.6282e+02
   81000.0 5.5234e+02
   81400.0 5.4149e+02
   81800.0 5.3155e+02
   82200.0 5.2160e+02
   82600.0 5.1181e+02
   83000.0 5.0219e+02
   83400.0 4.9256e+02
   83800.0 4.8326e+02
   84200.0 4.7479e+02
   84600.0 4.6578e+02
   85000.0 4.5743e+02
   85400.0 4.4904e+02
   85800.0 4.4096e+02
   86200.0 4.3316e+02
   86600.0 4.2533e+02
   87000.0 4.1778e+02
   87400.0 4.1036e+02
   87800.0 4.0305e+02
   88200.0 3.9570e+02
   88600.0 3.8878e+02
   89000.0 3.8196e+02
   89400.0 3.7540e+02
   89800.0 3.6864e+02
   90200.0 3.6258e+02
   90600.0 3.5646e+02
   91000.0 3.4972e+02
   91400.0 3.4408e+02
   91800.0 3.3838e+02
   92200.0 3.3277e+02
   92600.0 3.2725e+02
   93000.0 3.2180e+02
   93400.0 3.1630e+02
   93800.0 3.1116e+02
   94200.0 3.0595e+02
   94600.0 3.0083e+02
   95000.0 2.9591e+02
   95400.0 2.9106e+02
   95800.0 2.8628e+02
   96200.0 2.8170e+02
   96600.0 2.7719e+02
   97000.0 2.7274e+02
   97400.0 2.6798e+02
   97800.0 2.6391e+02
   98200.0 2.5977e+02
   98600.0 2.5582e+02
   99000.0 2.5180e+02
   99400.0 2.4771e+02
   99800.0 2.4393e+02
  100200.0 2.4007e+02
  200000.0 1.5631e+01
  400000.0 9.8632e-01
  600000.0 1.9427e-01
  800000.0 6.1176e-02
 1000000.0 2.4931e-02
 1200000.0 1.1958e-02
 1400000.0 6.4302e-03
 1600000.0 3.7493e-03
