      91.0 0.0000e+00
      94.0 0.0000e+00
      96.0 0.0000e+00
      98.0 0.0000e+00
     100.0 0.0000e+00
     102.0 0.0000e+00
     104.0 0.0000e+00
     106.0 0.0000e+00
     108.0 0.0000e+00
     110.0 0.0000e+00
     114.0 0.0000e+00
     118.0 0.0000e+00
     121.0 0.0000e+00
     125.0 0.0000e+00
     127.0 0.0000e+00
     128.0 0.0000e+00
     131.0 0.0000e+00
     132.0 0.0000e+00
     134.0 0.0000e+00
     137.0 0.0000e+00
     140.0 0.0000e+00
     143.0 0.0000e+00
     147.0 0.0000e+00
     151.0 0.0000e+00
     155.0 0.0000e+00
     159.0 0.0000e+00
     162.0 0.0000e+00
     166.0 0.0000e+00
     170.0 0.0000e+00
     173.0 0.0000e+00
     177.0 0.0000e+00
     180.0 0.0000e+00
     182.0 0.0000e+00
     186.0 0.0000e+00
     191.0 0.0000e+00
     194.0 0.0000e+00
     198.0 0.0000e+00
     202.0 0.0000e+00
     205.0 0.0000e+00
     210.0 0.0000e+00
     216.0 0.0000e+00
     220.0 0.0000e+00
     223.0 0.0000e+00
     227.0 0.0000e+00
     230.0 0.0000e+00
     234.0 0.0000e+00
     240.0 0.0000e+00
     246.0 0.0000e+00
     252.0 0.0000e+00
     257.0 0.0000e+00
     260.0 0.0000e+00
     264.0 0.0000e+00
     269.0 0.0000e+00
     274.0 0.0000e+00
     279.0 0.0000e+00
     284.0 0.0000e+00
     290.0 0.0000e+00
     296.0 0.0000e+00
     301.0 0.0000e+00
     308.0 0.0000e+00
     318.0 0.0000e+00
     328.0 0.0000e+00
     338.0 0.0000e+00
     348.0 0.0000e+00
     357.0 0.0000e+00
     366.0 0.0000e+00
     375.0 0.0000e+00
     385.0 0.0000e+00
     395.0 0.0000e+00
     405.0 0.0000e+00
     414.0 0.0000e+00
     422.0 0.0000e+00
     430.0 0.0000e+00
     441.0 0.0000e+00
     451.0 0.0000e+00
     460.0 0.0000e+00
     470.0 0.0000e+00
     480.0 0.0000e+00
     490.0 0.0000e+00
     500.0 0.0000e+00
     506.0 0.0000e+00
     512.0 0.0000e+00
     520.0 0.0000e+00
     530.0 0.0000e+00
     540.0 0.0000e+00
     550.0 0.0000e+00
     560.0 0.0000e+00
     570.0 0.0000e+00
     580.0 0.0000e+00
     590.0 0.0000e+00
     600.0 0.0000e+00
     610.0 0.0000e+00
     620.0 0.0000e+00
     630.0 0.0000e+00
     640.0 0.0000e+00
     650.0 0.0000e+00
     658.0 0.0000e+00
     665.0 0.0000e+00
     675.0 0.0000e+00
     685.0 0.0000e+00
     695.0 0.0000e+00
     705.0 0.0000e+00
     716.0 0.0000e+00
     726.0 0.0000e+00
     735.0 0.0000e+00
     745.0 0.0000e+00
     755.0 0.0000e+00
     765.0 0.0000e+00
     775.0 0.0000e+00
     785.0 0.0000e+00
     795.0 0.0000e+00
     805.0 0.0000e+00
     815.0 0.0000e+00
     825.0 0.0000e+00
     835.0 0.0000e+00
     845.0 0.0000e+00
     855.0 0.0000e+00
     865.0 0.0000e+00
     875.0 0.0000e+00
     885.0 0.0000e+00
     895.0 0.0000e+00
     905.0 0.0000e+00
     915.0 0.0000e+00
     925.0 1.1321e-14
     935.0 1.7626e-14
     945.0 2.9059e-14
     955.0 4.8097e-14
     965.0 8.9304e-14
     975.0 1.3573e-13
     985.0 2.3187e-13
     995.0 4.2394e-13
    1005.0 6.8600e-13
    1015.0 1.0772e-12
    1025.0 1.3160e-12
    1035.0 3.2072e-12
    1045.0 5.4335e-12
    1055.0 7.0516e-12
    1065.0 1.3628e-11
    1075.0 2.0806e-11
    1085.0 3.2576e-11
    1095.0 4.3475e-11
    1105.0 6.3611e-11
    1115.0 9.2714e-11
    1125.0 1.6657e-10
    1135.0 2.8392e-10
    1145.0 4.2002e-10
    1155.0 6.0344e-10
    1165.0 8.5262e-10
    1175.0 1.2794e-09
    1185.0 1.6763e-09
    1195.0 2.2690e-09
    1205.0 2.7311e-09
    1215.0 1.9813e-09
    1225.0 5.2590e-09
    1235.0 8.4047e-09
    1245.0 1.2417e-08
    1255.0 1.6682e-08
    1265.0 2.2878e-08
    1275.0 3.0820e-08
    1285.0 3.7045e-08
    1295.0 5.0140e-08
    1305.0 6.5140e-08
    1315.0 9.1400e-08
    1325.0 1.1837e-07
    1335.0 1.4655e-07
    1345.0 1.9436e-07
    1355.0 2.6589e-07
    1365.0 3.2643e-07
    1375.0 3.7720e-07
    1385.0 4.8299e-07
    1395.0 5.5164e-07
    1405.0 8.0369e-07
    1415.0 1.0236e-06
    1425.0 1.2892e-06
    1435.0 1.6620e-06
    1442.0 1.9988e-06
    1447.0 1.9455e-06
    1455.0 2.6277e-06
    1465.0 3.3859e-06
    1475.0 4.2116e-06
    1485.0 5.1763e-06
    1495.0 7.3130e-06
    1505.0 9.2227e-06
    1512.0 8.0569e-06
    1517.0 1.0344e-05
    1525.0 1.6315e-05
    1535.0 2.2719e-05
    1545.0 1.8934e-05
    1555.0 2.7802e-05
    1565.0 3.1218e-05
    1575.0 6.5406e-05
    1585.0 7.0741e-05
    1595.0 7.0139e-05
    1605.0 7.9742e-05
    1615.0 8.9608e-05
    1625.0 1.0381e-04
    1635.0 1.3319e-04
    1645.0 1.7234e-04
    1655.0 1.8077e-04
    1665.0 2.4012e-04
    1672.0 2.3528e-04
    1677.0 2.9852e-04
    1685.0 4.0297e-04
    1695.0 5.5054e-04
    1705.0 6.2701e-04
    1715.0 6.9678e-04
    1725.0 9.2488e-04
    1735.0 1.1298e-03
    1745.0 1.4815e-03
    1755.0 1.5394e-03
    1765.0 2.2419e-03
    1775.0 1.8498e-03
    1785.0 4.0007e-03
    1795.0 3.1907e-03
    1805.0 6.9969e-03
    1815.0 4.1171e-03
    1825.0 7.3773e-03
    1835.0 6.0898e-03
    1845.0 9.1558e-03
    1855.0 6.4471e-03
    1865.0 1.3670e-02
    1875.0 1.1560e-02
    1885.0 1.5808e-02
    1895.0 1.9802e-02
    1905.0 2.1340e-02
    1915.0 3.3550e-02
    1925.0 2.4746e-02
    1935.0 1.9085e-02
    1945.0 3.8355e-02
    1955.0 6.0052e-02
    1967.0 6.1398e-02
    1976.0 7.8930e-02
    1984.0 1.0785e-01
    1995.0 8.6502e-02
    2005.0 1.0094e-01
    2015.0 1.1276e-01
    2025.0 9.9487e-02
    2035.0 1.2527e-01
    2045.0 1.2881e-01
    2055.0 1.6504e-01
    2065.0 1.4365e-01
    2074.0 1.3231e-01
    2078.0 3.5158e-01
    2085.0 5.0452e-01
    2095.0 5.8360e-01
    2105.0 4.4681e-01
    2115.0 3.6646e-01
    2125.0 4.5172e-01
    2135.0 7.3031e-01
    2145.0 4.5793e-01
    2155.0 6.3341e-01
    2165.0 5.7922e-01
    2175.0 6.8493e-01
    2185.0 5.4003e-01
    2195.0 1.3415e+00
    2205.0 8.8124e-01
    2215.0 1.3370e+00
    2225.0 1.1152e+00
    2235.0 3.0680e+00
    2245.0 2.8861e+00
    2255.0 4.4311e+00
    2265.0 1.1215e+00
    2275.0 3.8253e+00
    2285.0 3.1098e+00
    2295.0 7.0443e+00
    2305.0 1.2348e+00
    2315.0 9.6664e+00
    2325.0 5.1400e+00
    2335.0 1.2121e+01
    2345.0 6.3502e+00
    2355.0 3.6368e+00
    2365.0 6.6141e+00
    2375.0 5.7783e+00
    2385.0 1.4262e+01
    2395.0 1.1189e+01
    2405.0 2.6455e+01
    2415.0 1.2808e+01
    2425.0 2.2227e+01
    2435.0 3.2805e+01
    2445.0 5.5786e+01
    2455.0 6.6713e+01
    2465.0 2.8301e+01
    2475.0 5.3071e+01
    2485.0 7.9851e+00
    2495.0 1.5347e+01
    2505.0 4.4431e+01
    2513.0 2.1856e+01
    2518.0 1.7404e+01
    2525.0 2.2740e+01
    2535.0 1.2962e+02
    2545.0 1.4013e+02
    2555.0 2.2833e+02
    2565.0 8.6996e+01
    2575.0 2.0400e+02
    2585.0 1.1162e+02
    2595.0 1.6793e+02
    2605.0 2.4757e+02
    2615.0 1.9623e+02
    2625.0 3.7364e+02
    2635.0 8.8031e+02
    2645.0 7.3482e+02
    2655.0 2.2115e+03
    2665.0 9.0011e+02
    2675.0 8.9306e+02
    2685.0 1.3918e+03
    2695.0 5.1001e+02
    2705.0 1.5296e+03
    2715.0 8.9378e+02
    2725.0 5.0692e+02
    2735.0 6.7539e+02
    2745.0 8.3536e+02
    2755.0 9.7497e+02
    2765.0 1.5795e+03
    2775.0 2.2627e+03
    2785.0 1.0971e+03
    2795.0 6.6712e+02
    2805.0 7.9071e+02
    2815.0 1.7115e+03
    2825.0 2.0390e+03
    2835.0 1.4021e+03
    2845.0 6.5736e+02
    2855.0 1.8287e+02
    2865.0 1.2244e+03
    2875.0 1.9716e+03
    2885.0 3.7546e+03
    2895.0 6.6547e+03
    2910.0 1.3840e+04
    2930.0 1.0249e+04
    2950.0 7.6904e+03
    2970.0 7.1984e+03
    2990.0 7.0836e+03
    3010.0 5.9786e+03
    3030.0 9.2450e+03
    3050.0 1.0332e+04
    3070.0 1.8665e+04
    3090.0 2.0472e+04
    3110.0 3.5744e+04
    3130.0 2.7271e+04
    3150.0 3.7380e+04
    3170.0 4.8163e+04
    3190.0 3.4457e+04
    3210.0 3.8498e+04
    3230.0 3.1298e+04
    3250.0 5.9467e+04
    3270.0 7.4106e+04
    3290.0 7.9612e+04
    3310.0 6.4818e+04
    3330.0 7.0887e+04
    3350.0 6.5384e+04
    3370.0 3.7284e+04
    3390.0 4.3847e+04
    3410.0 4.9491e+04
    3430.0 5.8282e+04
    3450.0 5.9392e+04
    3470.0 6.3380e+04
    3490.0 8.3085e+04
    3510.0 9.6293e+04
    3530.0 7.5342e+04
    3550.0 9.2080e+04
    3570.0 4.0374e+04
    3590.0 5.0663e+04
    3610.0 8.4665e+04
    3630.0 1.0502e+05
    3640.0 1.1549e+05
    3650.0 1.3250e+05
    3670.0 1.5225e+05
    3690.0 1.2797e+05
    3710.0 1.2868e+05
    3730.0 5.1172e+04
    3750.0 6.4604e+04
    3770.0 1.1002e+05
    3790.0 1.1287e+05
    3810.0 9.3432e+04
    3830.0 3.7637e+04
    3850.0 5.3703e+04
    3870.0 5.7609e+04
    3890.0 1.0682e+05
    3910.0 1.4715e+05
    3930.0 4.9473e+04
    3950.0 1.1705e+05
    3970.0 7.1003e+04
    3990.0 2.2597e+05
    4010.0 2.6191e+05
    4030.0 2.5414e+05
    4050.0 2.3578e+05
    4070.0 2.1305e+05
    4090.0 3.0302e+05
    4110.0 2.7828e+05
    4130.0 2.4733e+05
    4150.0 2.2664e+05
    4170.0 2.3461e+05
    4190.0 2.4009e+05
    4210.0 2.5696e+05
    4230.0 2.5675e+05
    4250.0 2.8515e+05
    4270.0 2.6433e+05
    4290.0 2.4408e+05
    4310.0 2.1038e+05
    4330.0 3.4238e+05
    4350.0 3.5159e+05
    4370.0 3.8147e+05
    4390.0 3.2387e+05
    4410.0 3.4745e+05
    4430.0 3.8997e+05
    4450.0 3.9985e+05
    4470.0 4.4046e+05
    4490.0 4.6075e+05
    4510.0 5.5330e+05
    4530.0 4.6586e+05
    4550.0 4.9369e+05
    4570.0 5.4559e+05
    4590.0 5.2143e+05
    4610.0 5.3938e+05
    4630.0 5.1990e+05
    4650.0 5.3502e+05
    4670.0 5.6965e+05
    4690.0 5.6153e+05
    4710.0 5.4704e+05
    4730.0 5.6708e+05
    4750.0 5.9367e+05
    4770.0 6.0083e+05
    4790.0 6.0052e+05
    4810.0 6.0124e+05
    4830.0 6.3174e+05
    4850.0 5.9799e+05
    4870.0 5.5264e+05
    4890.0 6.0781e+05
    4910.0 6.0635e+05
    4930.0 5.9157e+05
    4950.0 6.4259e+05
    4970.0 6.2335e+05
    4990.0 5.7310e+05
    5010.0 5.3652e+05
    5030.0 5.7350e+05
    5050.0 5.7084e+05
    5070.0 6.0693e+05
    5090.0 5.5172e+05
    5110.0 5.7038e+05
    5130.0 5.4452e+05
    5150.0 5.2176e+05
    5170.0 4.7377e+05
    5190.0 5.1152e+05
    5210.0 5.5885e+05
    5230.0 6.1728e+05
    5250.0 6.5130e+05
    5270.0 5.5915e+05
    5290.0 6.6806e+05
    5310.0 7.3108e+05
    5330.0 6.1839e+05
    5350.0 7.0343e+05
    5370.0 7.0028e+05
    5390.0 6.6992e+05
    5410.0 6.6579e+05
    5430.0 6.7595e+05
    5450.0 7.2227e+05
    5470.0 6.9575e+05
    5490.0 7.0303e+05
    5510.0 6.9161e+05
    5530.0 7.2074e+05
    5550.0 7.3696e+05
    5570.0 7.2047e+05
    5590.0 6.9652e+05
    5610.0 7.4224e+05
    5630.0 7.2600e+05
    5650.0 7.3515e+05
    5670.0 7.1319e+05
    5690.0 7.4189e+05
    5710.0 7.0654e+05
    5730.0 7.8416e+05
    5750.0 7.4788e+05
    5770.0 7.6324e+05
    5790.0 7.1755e+05
    5810.0 7.6591e+05
    5830.0 7.9665e+05
    5850.0 7.6598e+05
    5870.0 7.7330e+05
    5890.0 6.8648e+05
    5910.0 7.6047e+05
    5930.0 7.6319e+05
    5950.0 7.6145e+05
    5970.0 7.8092e+05
    5990.0 7.6168e+05
    6010.0 7.4599e+05
    6030.0 7.7073e+05
    6050.0 7.8399e+05
    6070.0 7.7591e+05
    6090.0 7.3687e+05
    6110.0 7.4458e+05
    6130.0 6.9410e+05
    6150.0 7.2668e+05
    6170.0 6.9268e+05
    6190.0 7.4674e+05
    6210.0 7.3914e+05
    6230.0 7.1277e+05
    6250.0 6.8366e+05
    6270.0 7.1866e+05
    6290.0 7.3379e+05
    6310.0 7.0927e+05
    6330.0 7.2186e+05
    6350.0 7.2297e+05
    6370.0 7.1784e+05
    6390.0 7.3391e+05
    6410.0 7.1738e+05
    6430.0 7.2394e+05
    6450.0 7.2061e+05
    6470.0 7.1588e+05
    6490.0 6.9667e+05
    6510.0 7.2408e+05
    6530.0 7.2500e+05
    6550.0 7.1359e+05
    6570.0 6.9536e+05
    6590.0 7.1793e+05
    6610.0 7.2375e+05
    6630.0 7.1775e+05
    6650.0 7.1859e+05
    6670.0 7.0243e+05
    6690.0 7.2798e+05
    6710.0 6.9515e+05
    6730.0 7.2517e+05
    6750.0 7.1036e+05
    6770.0 7.1611e+05
    6790.0 7.0721e+05
    6810.0 7.0772e+05
    6830.0 7.1746e+05
    6850.0 6.9053e+05
    6870.0 7.0278e+05
    6890.0 7.1361e+05
    6910.0 7.0522e+05
    6930.0 6.9641e+05
    6950.0 6.8868e+05
    6970.0 6.9362e+05
    6990.0 6.8573e+05
    7010.0 6.6474e+05
    7030.0 6.8207e+05
    7050.0 6.9075e+05
    7070.0 6.7702e+05
    7090.0 6.7344e+05
    7110.0 6.7155e+05
    7130.0 6.5765e+05
    7150.0 6.5726e+05
    7170.0 6.6549e+05
    7190.0 6.3883e+05
    7210.0 6.5905e+05
    7230.0 6.7078e+05
    7250.0 6.6731e+05
    7270.0 6.6524e+05
    7290.0 6.4467e+05
    7310.0 6.5685e+05
    7330.0 6.5595e+05
    7350.0 6.5328e+05
    7370.0 6.6696e+05
    7390.0 6.4886e+05
    7410.0 6.4077e+05
    7430.0 6.5449e+05
    7450.0 6.5595e+05
    7470.0 6.5824e+05
    7490.0 6.5195e+05
    7510.0 6.6061e+05
    7530.0 6.6620e+05
    7550.0 6.6919e+05
    7570.0 6.6294e+05
    7590.0 6.5737e+05
    7610.0 6.5765e+05
    7630.0 6.6203e+05
    7650.0 6.6574e+05
    7670.0 6.3965e+05
    7690.0 6.6411e+05
    7710.0 6.4836e+05
    7730.0 6.5063e+05
    7750.0 6.4428e+05
    7770.0 6.6242e+05
    7790.0 6.5942e+05
    7810.0 6.5683e+05
    7830.0 6.4996e+05
    7850.0 6.4451e+05
    7870.0 6.5053e+05
    7890.0 6.3299e+05
    7910.0 6.1484e+05
    7930.0 6.1403e+05
    7950.0 6.0165e+05
    7970.0 6.2771e+05
    7990.0 6.2588e+05
    8010.0 6.2220e+05
    8030.0 6.2227e+05
    8050.0 6.1788e+05
    8070.0 6.1409e+05
    8090.0 5.9750e+05
    8110.0 5.9820e+05
    8130.0 6.0796e+05
    8150.0 6.0642e+05
    8170.0 6.0795e+05
    8190.0 5.9247e+05
    8210.0 5.9172e+05
    8230.0 5.9947e+05
    8250.0 6.0344e+05
    8270.0 6.1227e+05
    8290.0 6.0705e+05
    8310.0 5.8330e+05
    8330.0 5.8637e+05
    8350.0 5.8580e+05
    8370.0 5.9294e+05
    8390.0 5.6882e+05
    8410.0 5.9562e+05
    8430.0 5.7491e+05
    8450.0 5.8966e+05
    8470.0 5.8754e+05
    8490.0 5.9509e+05
    8510.0 5.6514e+05
    8530.0 5.9315e+05
    8550.0 5.5413e+05
    8570.0 5.9661e+05
    8590.0 5.8392e+05
    8610.0 5.8461e+05
    8630.0 5.9092e+05
    8650.0 5.9508e+05
    8670.0 5.4607e+05
    8690.0 5.6452e+05
    8710.0 5.7948e+05
    8730.0 5.8249e+05
    8750.0 5.7826e+05
    8770.0 5.8420e+05
    8790.0 5.7938e+05
    8810.0 5.6145e+05
    8830.0 5.7291e+05
    8850.0 5.8135e+05
    8870.0 5.6867e+05
    8890.0 5.7886e+05
    8910.0 5.8608e+05
    8930.0 5.6752e+05
    8950.0 5.6558e+05
    8970.0 5.6843e+05
    8990.0 5.7021e+05
    9010.0 5.4906e+05
    9030.0 5.6590e+05
    9050.0 5.8039e+05
    9070.0 5.7346e+05
    9090.0 5.5134e+05
    9110.0 5.5572e+05
    9130.0 5.6868e+05
    9150.0 5.6261e+05
    9170.0 5.6202e+05
    9190.0 5.7122e+05
    9210.0 5.5432e+05
    9230.0 5.6149e+05
    9250.0 5.5318e+05
    9270.0 5.5512e+05
    9290.0 5.5148e+05
    9310.0 5.5880e+05
    9330.0 5.5461e+05
    9350.0 5.5334e+05
    9370.0 5.4128e+05
    9390.0 5.4986e+05
    9410.0 5.3304e+05
    9430.0 5.4952e+05
    9450.0 5.3337e+05
    9470.0 5.4649e+05
    9490.0 5.4752e+05
    9510.0 5.4270e+05
    9530.0 5.4201e+05
    9550.0 5.3107e+05
    9570.0 5.2832e+05
    9590.0 5.4099e+05
    9610.0 5.3108e+05
    9630.0 5.3055e+05
    9650.0 5.1844e+05
    9670.0 5.1809e+05
    9690.0 5.2809e+05
    9710.0 5.2210e+05
    9730.0 5.1717e+05
    9750.0 5.1543e+05
    9770.0 5.1596e+05
    9790.0 5.0522e+05
    9810.0 5.2198e+05
    9830.0 5.1651e+05
    9850.0 5.2109e+05
    9870.0 5.1528e+05
    9890.0 5.1541e+05
    9910.0 5.1333e+05
    9930.0 5.1406e+05
    9950.0 5.1369e+05
    9970.0 5.1405e+05
    9990.0 5.1067e+05
   10025.0 5.0699e+05
   10075.0 5.0020e+05
   10125.0 5.0007e+05
   10175.0 4.9250e+05
   10225.0 4.9251e+05
   10275.0 4.9261e+05
   10325.0 4.8234e+05
   10375.0 4.7826e+05
   10425.0 4.8031e+05
   10475.0 4.7442e+05
   10525.0 4.7523e+05
   10575.0 4.6860e+05
   10625.0 4.6611e+05
   10675.0 4.5691e+05
   10725.0 4.5642e+05
   10775.0 4.5105e+05
   10825.0 4.4362e+05
   10875.0 4.4290e+05
   10925.0 4.4709e+05
   10975.0 4.3865e+05
   11025.0 4.4040e+05
   11075.0 4.3858e+05
   11125.0 4.3504e+05
   11175.0 4.2952e+05
   11225.0 4.2941e+05
   11275.0 4.2128e+05
   11325.0 4.1981e+05
   11375.0 4.1585e+05
   11425.0 4.1001e+05
   11475.0 4.1546e+05
   11525.0 4.1322e+05
   11575.0 4.0670e+05
   11625.0 4.0046e+05
   11675.0 4.0047e+05
   11725.0 4.0282e+05
   11775.0 3.9534e+05
   11825.0 3.9123e+05
   11875.0 3.8556e+05
   11925.0 3.9220e+05
   11975.0 3.7622e+05
   12025.0 3.8396e+05
   12075.0 3.7849e+05
   12125.0 3.7864e+05
   12175.0 3.7998e+05
   12225.0 3.7632e+05
   12275.0 3.7294e+05
   12325.0 3.6984e+05
   12375.0 3.6866e+05
   12425.0 3.6446e+05
   12475.0 3.6439e+05
   12525.0 3.5881e+05
   12575.0 3.5824e+05
   12625.0 3.5571e+05
   12675.0 3.5097e+05
   12725.0 3.5133e+05
   12775.0 3.5137e+05
   12825.0 3.3807e+05
   12875.0 3.4188e+05
   12925.0 3.3738e+05
   12975.0 3.4098e+05
   13025.0 3.3483e+05
   13075.0 3.3663e+05
   13125.0 3.2954e+05
   13175.0 3.2822e+05
   13225.0 3.2855e+05
   13275.0 3.2186e+05
   13325.0 3.2425e+05
   13375.0 3.2056e+05
   13425.0 3.2283e+05
   13475.0 3.1951e+05
   13525.0 3.1827e+05
   13575.0 3.1150e+05
   13625.0 3.1013e+05
   13675.0 3.1030e+05
   13725.0 3.1065e+05
   13775.0 3.0783e+05
   13825.0 3.0724e+05
   13875.0 3.0354e+05
   13925.0 3.0458e+05
   13975.0 3.0351e+05
   14025.0 2.9732e+05
   14075.0 2.9975e+05
   14125.0 2.9475e+05
   14175.0 2.9763e+05
   14225.0 2.9127e+05
   14275.0 2.8518e+05
   14325.0 2.9073e+05
   14375.0 2.9126e+05
   14425.0 2.8089e+05
   14475.0 2.8679e+05
   14525.0 2.8175e+05
   14570.0 2.8290e+05
   14620.0 2.8203e+05
   14675.0 2.8087e+05
   14725.0 2.7492e+05
   14775.0 2.7559e+05
   14825.0 2.7477e+05
   14875.0 2.6968e+05
   14925.0 2.7606e+05
   14975.0 2.7080e+05
   15025.0 2.6517e+05
   15075.0 2.6326e+05
   15125.0 2.6776e+05
   15175.0 2.6761e+05
   15225.0 2.6492e+05
   15275.0 2.6643e+05
   15325.0 2.6321e+05
   15375.0 2.6435e+05
   15425.0 2.6334e+05
   15475.0 2.6159e+05
   15525.0 2.5667e+05
   15575.0 2.5196e+05
   15625.0 2.5782e+05
   15675.0 2.4964e+05
   15725.0 2.5348e+05
   15775.0 2.4027e+05
   15825.0 2.4569e+05
   15875.0 2.3668e+05
   15925.0 2.4210e+05
   15975.0 2.4275e+05
   16050.0 2.4463e+05
   16150.0 2.4037e+05
   16250.0 2.3964e+05
   16350.0 2.3645e+05
   16450.0 2.3044e+05
   16550.0 2.2902e+05
   16650.0 2.2519e+05
   16750.0 2.1931e+05
   16850.0 2.1312e+05
   16950.0 2.1404e+05
   17050.0 2.0601e+05
   17150.0 2.0426e+05
   17250.0 1.9751e+05
   17350.0 1.9261e+05
   17450.0 1.9088e+05
   17550.0 1.8758e+05
   17650.0 1.8462e+05
   17750.0 1.8014e+05
   17850.0 1.7839e+05
   17950.0 1.7440e+05
   18050.0 1.7041e+05
   18150.0 1.6705e+05
   18250.0 1.6400e+05
   18350.0 1.6094e+05
   18450.0 1.5662e+05
   18550.0 1.5550e+05
   18650.0 1.5046e+05
   18750.0 1.4694e+05
   18850.0 1.4684e+05
   18950.0 1.3985e+05
   19050.0 1.4242e+05
   19150.0 1.3930e+05
   19250.0 1.3724e+05
   19350.0 1.3314e+05
   19450.0 1.3000e+05
   19550.0 1.3011e+05
   19650.0 1.2749e+05
   19750.0 1.2469e+05
   19850.0 1.2314e+05
   19950.0 1.2136e+05
   20050.0 1.2075e+05
   20150.0 1.1926e+05
   20250.0 1.1542e+05
   20350.0 1.1334e+05
   20450.0 1.1341e+05
   20550.0 1.1117e+05
   20650.0 1.0877e+05
   20750.0 1.0739e+05
   20850.0 1.0554e+05
   20950.0 1.0303e+05
   21050.0 1.0279e+05
   21150.0 1.0072e+05
   21250.0 9.9027e+04
   21350.0 9.8286e+04
   21450.0 9.6616e+04
   21550.0 9.5127e+04
   21650.0 9.2716e+04
   21750.0 9.1383e+04
   21850.0 9.0273e+04
   21950.0 8.9253e+04
   22050.0 8.6842e+04
   22150.0 8.6842e+04
   22250.0 8.4537e+04
   22350.0 8.3446e+04
   22450.0 8.2347e+04
   22550.0 8.1359e+04
   22650.0 7.9520e+04
   22750.0 7.9217e+04
   22850.0 7.7262e+04
   22950.0 6.7437e+04
   23050.0 7.1413e+04
   23150.0 7.0640e+04
   23250.0 6.1937e+04
   23350.0 6.5718e+04
   23450.0 6.6271e+04
   23550.0 5.7580e+04
   23650.0 6.2154e+04
   23750.0 6.1886e+04
   23850.0 5.4665e+04
   23950.0 5.8244e+04
   24050.0 5.8963e+04
   24150.0 5.3027e+04
   24250.0 5.5384e+04
   24350.0 5.5982e+04
   24450.0 5.2316e+04
   24550.0 5.1910e+04
   24650.0 5.3976e+04
   24750.0 5.1818e+04
   24850.0 4.9150e+04
   24950.0 5.0895e+04
   25050.0 5.2037e+04
   25150.0 4.7567e+04
   25250.0 4.9486e+04
   25350.0 4.9469e+04
   25450.0 4.7878e+04
   25550.0 4.7265e+04
   25650.0 4.7389e+04
   25750.0 4.7582e+04
   25850.0 4.4703e+04
   25950.0 4.5463e+04
   26050.0 4.5680e+04
   26150.0 4.4647e+04
   26250.0 4.3925e+04
   26350.0 4.3938e+04
   26450.0 4.3486e+04
   26550.0 4.2717e+04
   26650.0 4.1755e+04
   26750.0 4.2583e+04
   26850.0 4.2017e+04
   26950.0 4.0930e+04
   27050.0 4.0956e+04
   27150.0 4.0557e+04
   27250.0 4.0244e+04
   27350.0 3.9357e+04
   27450.0 3.9309e+04
   27550.0 3.9024e+04
   27650.0 3.8350e+04
   27750.0 3.7685e+04
   27850.0 3.7508e+04
   27950.0 3.7393e+04
   28050.0 3.6868e+04
   28150.0 3.6289e+04
   28250.0 3.5957e+04
   28350.0 3.5764e+04
   28450.0 3.5187e+04
   28550.0 3.4764e+04
   28650.0 3.4376e+04
   28750.0 3.3978e+04
   28850.0 3.3613e+04
   28950.0 3.3266e+04
   29050.0 3.2853e+04
   29150.0 3.2529e+04
   29250.0 3.1859e+04
   29350.0 3.1753e+04
   29450.0 3.1248e+04
   29550.0 3.0913e+04
   29650.0 3.0650e+04
   29750.0 3.0296e+04
   29850.0 2.9904e+04
   29950.0 2.9505e+04
   30050.0 2.9149e+04
   30150.0 2.8903e+04
   30250.0 2.8464e+04
   30350.0 2.8003e+04
   30450.0 2.7858e+04
   30550.0 2.7470e+04
   30650.0 2.7113e+04
   30750.0 2.6886e+04
   30850.0 2.6410e+04
   30950.0 2.6152e+04
   31050.0 2.5959e+04
   31150.0 2.5409e+04
   31250.0 2.5283e+04
   31350.0 2.5025e+04
   31450.0 2.4720e+04
   31550.0 2.4359e+04
   31650.0 2.4050e+04
   31750.0 2.3887e+04
   31850.0 2.3595e+04
   31950.0 2.3365e+04
   32100.0 2.2903e+04
   32300.0 2.2368e+04
   32500.0 2.1843e+04
   32700.0 2.1330e+04
   32900.0 2.0806e+04
   33100.0 2.0358e+04
   33300.0 1.9866e+04
   33500.0 1.9501e+04
   33700.0 1.9038e+04
   33900.0 1.8574e+04
   34100.0 1.8150e+04
   34300.0 1.7817e+04
   34500.0 1.7470e+04
   34700.0 1.7070e+04
   34900.0 1.6708e+04
   35100.0 1.6381e+04
   35300.0 1.5975e+04
   35500.0 1.5681e+04
   35700.0 1.5337e+04
   35900.0 1.4990e+04
   36100.0 1.4732e+04
   36300.0 1.4424e+04
   36500.0 1.4069e+04
   36700.0 1.3764e+04
   36900.0 1.3395e+04
   37100.0 1.3095e+04
   37300.0 1.2929e+04
   37500.0 1.2544e+04
   37700.0 1.2411e+04
   37900.0 1.2147e+04
   38100.0 1.1945e+04
   38300.0 1.1739e+04
   38500.0 1.1529e+04
   38700.0 1.1250e+04
   38900.0 1.1047e+04
   39100.0 1.0864e+04
   39300.0 1.0652e+04
   39500.0 1.0383e+04
   39700.0 1.0218e+04
   39900.0 9.9503e+03
   40100.0 9.8215e+03
   40300.0 9.6726e+03
   40500.0 9.4603e+03
   40700.0 9.3024e+03
   40900.0 9.1400e+03
   41100.0 8.9802e+03
   41300.0 8.8232e+03
   41500.0 8.6408e+03
   41700.0 8.4892e+03
   41900.0 8.3196e+03
   42100.0 8.1324e+03
   42300.0 8.0624e+03
   42500.0 7.8805e+03
   42700.0 7.7674e+03
   42900.0 7.1869e+03
   43100.0 6.6362e+03
   43300.0 6.7413e+03
   43500.0 6.2581e+03
   43700.0 6.0471e+03
   43900.0 5.9093e+03
   44100.0 5.5167e+03
   44300.0 5.4572e+03
   44500.0 5.3568e+03
   44700.0 5.0377e+03
   44900.0 5.1149e+03
   45100.0 4.9505e+03
   45300.0 4.7415e+03
   45500.0 4.7799e+03
   45700.0 4.7358e+03
   45900.0 4.4920e+03
   46100.0 4.5818e+03
   46300.0 4.4690e+03
   46500.0 4.4340e+03
   46700.0 4.4340e+03
   46900.0 4.3472e+03
   47100.0 4.2412e+03
   47300.0 4.3088e+03
   47500.0 4.1966e+03
   47700.0 4.1383e+03
   47900.0 4.1044e+03
   48100.0 3.9801e+03
   48300.0 4.0572e+03
   48500.0 3.9616e+03
   48700.0 3.8700e+03
   48900.0 3.8274e+03
   49100.0 3.7764e+03
   49300.0 3.7221e+03
   49500.0 3.6520e+03
   49700.0 3.6464e+03
   49900.0 3.5773e+03
   50100.0 3.5545e+03
   50300.0 3.5059e+03
   50500.0 3.4152e+03
   50700.0 3.3972e+03
   50900.0 3.3548e+03
   51100.0 3.2826e+03
   51300.0 3.2799e+03
   51500.0 3.2120e+03
   51700.0 3.2204e+03
   51900.0 3.1506e+03
   52100.0 3.1207e+03
   52300.0 3.0548e+03
   52500.0 3.0473e+03
   52700.0 3.0565e+03
   52900.0 2.9559e+03
   53100.0 2.9180e+03
   53300.0 2.9071e+03
   53500.0 2.8720e+03
   53700.0 2.8456e+03
   53900.0 2.8163e+03
   54100.0 2.7845e+03
   54300.0 2.7225e+03
   54500.0 2.7252e+03
   54700.0 2.6740e+03
   54900.0 2.6490e+03
   55100.0 2.6144e+03
   55300.0 2.6481e+03
   55500.0 2.5484e+03
   55700.0 2.5684e+03
   55900.0 2.5136e+03
   56100.0 2.5033e+03
   56300.0 2.4459e+03
   56500.0 2.4489e+03
   56700.0 2.4227e+03
   56900.0 2.3690e+03
   57100.0 2.3763e+03
   57300.0 2.3452e+03
   57500.0 2.3198e+03
   57700.0 2.2840e+03
   57900.0 2.2796e+03
   58100.0 2.2352e+03
   58300.0 2.2153e+03
   58500.0 2.1935e+03
   58700.0 2.1525e+03
   58900.0 2.1338e+03
   59100.0 2.1159e+03
   59300.0 2.0955e+03
   59500.0 2.0622e+03
   59700.0 2.0507e+03
   59900.0 2.0274e+03
   60100.0 2.0039e+03
   60300.0 1.9811e+03
   60500.0 1.9484e+03
   60700.0 1.9281e+03
   60900.0 1.9047e+03
   61100.0 1.8778e+03
   61300.0 1.8637e+03
   61500.0 1.8459e+03
   61700.0 1.8305e+03
   61900.0 1.8093e+03
   62100.0 1.7914e+03
   62300.0 1.7636e+03
   62500.0 1.7382e+03
   62700.0 1.7195e+03
   62900.0 1.7031e+03
   63100.0 1.6806e+03
   63300.0 1.6709e+03
   63500.0 1.6470e+03
   63700.0 1.6361e+03
   63900.0 1.6114e+03
   64200.0 1.5851e+03
   64600.0 1.5468e+03
   65000.0 1.5131e+03
   65400.0 1.4789e+03
   65800.0 1.4488e+03
   66200.0 1.4144e+03
   66600.0 1.3839e+03
   67000.0 1.3541e+03
   67400.0 1.3222e+03
   67800.0 1.2939e+03
   68200.0 1.2649e+03
   68600.0 1.2384e+03
   69000.0 1.2105e+03
   69400.0 1.1844e+03
   69800.0 1.1590e+03
   70200.0 1.1325e+03
   70600.0 1.1093e+03
   71000.0 1.0852e+03
   71400.0 1.0625e+03
   71800.0 1.0395e+03
   72200.0 1.0177e+03
   72600.0 9.9583e+02
   73000.0 9.7527e+02
   73400.0 9.5421e+02
   73800.0 9.3486e+02
   74200.0 9.1414e+02
   74600.0 8.9510e+02
   75000.0 8.7726e+02
   75400.0 8.5870e+02
   75800.0 8.4235e+02
   76200.0 8.2506e+02
   76600.0 8.0850e+02
   77000.0 7.9183e+02
   77400.0 7.7626e+02
   77800.0 7.6077e+02
   78200.0 7.4575e+02
   78600.0 7.3119e+02
   79000.0 7.1670e+02
   79400.0 7.0265e+02
   79800.0 6.8903e+02
   80200.0 6.7509e+02
   80600.0 6.6194e+02
   81000.0 6.4976e+02
   81400.0 6.3687e+02
   81800.0 6.2528e+02
   82200.0 6.1335e+02
   82600.0 6.0163e+02
   83000.0 5.9062e+02
   83400.0 5.7911e+02
   83800.0 5.6830e+02
   84200.0 5.5834e+02
   84600.0 5.4788e+02
   85000.0 5.3776e+02
   85400.0 5.2797e+02
   85800.0 5.1849e+02
   86200.0 5.0917e+02
   86600.0 5.0000e+02
   87000.0 4.9114e+02
   87400.0 4.8226e+02
   87800.0 4.7383e+02
   88200.0 4.6507e+02
   88600.0 4.5691e+02
   89000.0 4.4888e+02
   89400.0 4.4127e+02
   89800.0 4.3318e+02
   90200.0 4.2610e+02
   90600.0 4.1884e+02
   91000.0 4.1112e+02
   91400.0 4.0437e+02
   91800.0 3.9772e+02
   92200.0 3.9103e+02
   92600.0 3.8444e+02
   93000.0 3.7796e+02
   93400.0 3.7170e+02
   93800.0 3.6540e+02
   94200.0 3.5933e+02
   94600.0 3.5335e+02
   95000.0 3.4746e+02
   95400.0 3.4192e+02
   95800.0 3.3632e+02
   96200.0 3.3081e+02
   96600.0 3.2564e+02
   97000.0 3.2028e+02
   97400.0 3.1462e+02
   97800.0 3.0992e+02
   98200.0 3.0516e+02
   98600.0 3.0035e+02
   99000.0 2.9560e+02
   99400.0 2.9080e+02
   99800.0 2.8643e+02
  100200.0 2.8188e+02
  200000.0 1.8281e+01
  400000.0 1.1505e+00
  600000.0 2.2591e-01
  800000.0 7.1013e-02
 1000000.0 2.8888e-02
 1200000.0 1.3849e-02
 1400000.0 7.4336e-03
 1600000.0 4.3315e-03
