      91.0 0.0000e+00
      94.0 0.0000e+00
      96.0 0.0000e+00
      98.0 0.0000e+00
     100.0 0.0000e+00
     102.0 0.0000e+00
     104.0 0.0000e+00
     106.0 0.0000e+00
     108.0 0.0000e+00
     110.0 0.0000e+00
     114.0 0.0000e+00
     118.0 0.0000e+00
     121.0 0.0000e+00
     125.0 0.0000e+00
     127.0 0.0000e+00
     128.0 0.0000e+00
     131.0 0.0000e+00
     132.0 0.0000e+00
     134.0 0.0000e+00
     137.0 0.0000e+00
     140.0 0.0000e+00
     143.0 0.0000e+00
     147.0 0.0000e+00
     151.0 0.0000e+00
     155.0 0.0000e+00
     159.0 0.0000e+00
     162.0 0.0000e+00
     166.0 0.0000e+00
     170.0 0.0000e+00
     173.0 0.0000e+00
     177.0 0.0000e+00
     180.0 0.0000e+00
     182.0 0.0000e+00
     186.0 0.0000e+00
     191.0 0.0000e+00
     194.0 0.0000e+00
     198.0 0.0000e+00
     202.0 0.0000e+00
     205.0 0.0000e+00
     210.0 0.0000e+00
     216.0 0.0000e+00
     220.0 0.0000e+00
     223.0 0.0000e+00
     227.0 0.0000e+00
     230.0 0.0000e+00
     234.0 0.0000e+00
     240.0 0.0000e+00
     246.0 0.0000e+00
     252.0 0.0000e+00
     257.0 0.0000e+00
     260.0 0.0000e+00
     264.0 0.0000e+00
     269.0 0.0000e+00
     274.0 0.0000e+00
     279.0 0.0000e+00
     284.0 0.0000e+00
     290.0 0.0000e+00
     296.0 0.0000e+00
     301.0 0.0000e+00
     308.0 0.0000e+00
     318.0 0.0000e+00
     328.0 0.0000e+00
     338.0 0.0000e+00
     348.0 0.0000e+00
     357.0 0.0000e+00
     366.0 0.0000e+00
     375.0 0.0000e+00
     385.0 0.0000e+00
     395.0 0.0000e+00
     405.0 0.0000e+00
     414.0 0.0000e+00
     422.0 0.0000e+00
     430.0 0.0000e+00
     441.0 0.0000e+00
     451.0 0.0000e+00
     460.0 0.0000e+00
     470.0 0.0000e+00
     480.0 0.0000e+00
     490.0 0.0000e+00
     500.0 0.0000e+00
     506.0 0.0000e+00
     512.0 0.0000e+00
     520.0 0.0000e+00
     530.0 0.0000e+00
     540.0 0.0000e+00
     550.0 0.0000e+00
     560.0 0.0000e+00
     570.0 0.0000e+00
     580.0 0.0000e+00
     590.0 0.0000e+00
     600.0 0.0000e+00
     610.0 0.0000e+00
     620.0 0.0000e+00
     630.0 0.0000e+00
     640.0 0.0000e+00
     650.0 0.0000e+00
     658.0 0.0000e+00
     665.0 0.0000e+00
     675.0 0.0000e+00
     685.0 0.0000e+00
     695.0 0.0000e+00
     705.0 0.0000e+00
     716.0 0.0000e+00
     726.0 0.0000e+00
     735.0 0.0000e+00
     745.0 0.0000e+00
     755.0 0.0000e+00
     765.0 0.0000e+00
     775.0 0.0000e+00
     785.0 0.0000e+00
     795.0 0.0000e+00
     805.0 0.0000e+00
     815.0 0.0000e+00
     825.0 0.0000e+00
     835.0 0.0000e+00
     845.0 0.0000e+00
     855.0 0.0000e+00
     865.0 0.0000e+00
     875.0 0.0000e+00
     885.0 0.0000e+00
     895.0 0.0000e+00
     905.0 0.0000e+00
     915.0 0.0000e+00
     925.0 6.0223e-14
     935.0 7.8804e-14
     945.0 1.4261e-13
     955.0 1.5949e-13
     965.0 3.4820e-13
     975.0 4.3962e-13
     985.0 7.0623e-13
     995.0 1.3312e-12
    1005.0 2.0172e-12
    1015.0 3.0368e-12
    1025.0 3.9503e-12
    1035.0 1.0300e-11
    1045.0 1.6966e-11
    1055.0 1.9350e-11
    1065.0 4.6149e-11
    1075.0 6.9950e-11
    1085.0 1.2641e-10
    1095.0 1.8582e-10
    1105.0 2.4906e-10
    1115.0 3.7811e-10
    1125.0 8.0916e-10
    1135.0 1.4838e-09
    1145.0 2.4157e-09
    1155.0 3.5399e-09
    1165.0 4.7977e-09
    1175.0 7.5314e-09
    1185.0 9.1802e-09
    1195.0 1.0287e-08
    1205.0 8.6633e-09
    1215.0 5.0762e-09
    1225.0 1.5383e-08
    1235.0 3.8674e-08
    1245.0 6.1899e-08
    1255.0 9.0679e-08
    1265.0 1.1248e-07
    1275.0 1.6354e-07
    1285.0 1.6689e-07
    1295.0 2.2460e-07
    1305.0 2.8236e-07
    1315.0 3.7538e-07
    1325.0 4.4391e-07
    1335.0 5.2011e-07
    1345.0 7.1856e-07
    1355.0 9.4182e-07
    1365.0 1.1089e-06
    1375.0 1.2394e-06
    1385.0 1.4535e-06
    1395.0 1.7636e-06
    1405.0 2.5332e-06
    1415.0 3.1874e-06
    1425.0 3.5202e-06
    1435.0 5.1188e-06
    1442.0 6.5052e-06
    1447.0 5.9678e-06
    1455.0 7.0862e-06
    1465.0 1.0594e-05
    1475.0 1.2181e-05
    1485.0 1.3915e-05
    1495.0 2.0496e-05
    1505.0 2.7959e-05
    1512.0 1.9639e-05
    1517.0 2.7055e-05
    1525.0 4.1039e-05
    1535.0 5.6288e-05
    1545.0 4.7821e-05
    1555.0 6.9381e-05
    1565.0 7.5939e-05
    1575.0 1.2883e-04
    1585.0 1.4458e-04
    1595.0 1.4400e-04
    1605.0 1.6405e-04
    1615.0 1.9237e-04
    1625.0 2.1021e-04
    1635.0 2.6807e-04
    1645.0 3.4189e-04
    1655.0 3.7201e-04
    1665.0 4.8361e-04
    1672.0 4.6927e-04
    1677.0 5.8672e-04
    1685.0 7.3152e-04
    1695.0 9.5833e-04
    1705.0 1.0771e-03
    1715.0 1.2178e-03
    1725.0 1.5403e-03
    1735.0 1.8038e-03
    1745.0 2.2837e-03
    1755.0 2.4735e-03
    1765.0 3.0583e-03
    1775.0 3.0921e-03
    1785.0 4.8362e-03
    1795.0 4.6001e-03
    1805.0 7.0190e-03
    1815.0 5.9372e-03
    1825.0 8.4358e-03
    1835.0 8.1554e-03
    1845.0 1.1005e-02
    1855.0 9.9564e-03
    1865.0 1.4387e-02
    1875.0 1.4302e-02
    1885.0 1.7782e-02
    1895.0 2.1355e-02
    1905.0 2.3550e-02
    1915.0 3.1539e-02
    1925.0 2.8814e-02
    1935.0 2.5317e-02
    1945.0 3.9592e-02
    1955.0 5.3118e-02
    1967.0 5.7865e-02
    1976.0 6.7075e-02
    1984.0 8.3016e-02
    1995.0 7.8126e-02
    2005.0 9.0892e-02
    2015.0 1.0302e-01
    2025.0 1.0294e-01
    2035.0 1.2405e-01
    2045.0 1.3096e-01
    2055.0 1.5450e-01
    2065.0 1.5233e-01
    2074.0 1.5230e-01
    2078.0 2.4994e-01
    2085.0 3.2164e-01
    2095.0 3.5027e-01
    2105.0 3.2016e-01
    2115.0 3.3054e-01
    2125.0 3.7975e-01
    2135.0 4.8669e-01
    2145.0 4.0085e-01
    2155.0 4.8235e-01
    2165.0 4.8558e-01
    2175.0 5.3613e-01
    2185.0 5.2019e-01
    2195.0 8.1761e-01
    2205.0 7.0860e-01
    2215.0 8.6842e-01
    2225.0 7.9402e-01
    2235.0 1.2478e+00
    2245.0 1.3714e+00
    2255.0 1.7340e+00
    2265.0 1.0119e+00
    2275.0 1.8394e+00
    2285.0 1.7446e+00
    2295.0 2.8710e+00
    2305.0 1.2576e+00
    2315.0 3.6652e+00
    2325.0 2.8772e+00
    2335.0 4.4758e+00
    2345.0 2.9439e+00
    2355.0 2.5947e+00
    2365.0 3.4689e+00
    2375.0 3.3675e+00
    2385.0 5.6457e+00
    2395.0 5.1429e+00
    2405.0 9.1451e+00
    2415.0 5.9298e+00
    2425.0 7.5185e+00
    2435.0 1.0812e+01
    2445.0 1.4874e+01
    2455.0 1.7286e+01
    2465.0 1.1016e+01
    2475.0 1.9694e+01
    2485.0 7.6919e+00
    2495.0 9.3525e+00
    2505.0 1.7524e+01
    2513.0 1.2722e+01
    2518.0 1.3930e+01
    2525.0 1.6804e+01
    2535.0 3.6052e+01
    2545.0 4.4434e+01
    2555.0 4.7596e+01
    2565.0 2.6556e+01
    2575.0 4.2772e+01
    2585.0 3.1351e+01
    2595.0 3.8055e+01
    2605.0 5.2077e+01
    2615.0 4.7734e+01
    2625.0 7.3266e+01
    2635.0 1.0960e+02
    2645.0 8.8926e+01
    2655.0 1.1706e+02
    2665.0 1.0698e+02
    2675.0 9.3596e+01
    2685.0 1.2635e+02
    2695.0 9.1948e+01
    2705.0 1.4524e+02
    2715.0 1.4518e+02
    2725.0 1.2839e+02
    2735.0 1.3450e+02
    2745.0 1.8716e+02
    2755.0 1.7632e+02
    2765.0 2.3622e+02
    2775.0 3.0958e+02
    2785.0 2.1753e+02
    2795.0 2.7707e+02
    2805.0 2.8516e+02
    2815.0 3.1204e+02
    2825.0 3.3042e+02
    2835.0 3.0482e+02
    2845.0 2.4623e+02
    2855.0 1.2935e+02
    2865.0 3.6816e+02
    2875.0 3.8460e+02
    2885.0 5.5627e+02
    2895.0 6.3771e+02
    2910.0 7.2901e+02
    2930.0 7.6142e+02
    2950.0 7.7689e+02
    2970.0 7.7924e+02
    2990.0 9.0634e+02
    3010.0 9.7336e+02
    3030.0 1.1249e+03
    3050.0 1.3419e+03
    3070.0 1.4632e+03
    3090.0 1.5486e+03
    3110.0 2.0742e+03
    3130.0 2.0894e+03
    3150.0 2.9790e+03
    3170.0 4.3986e+03
    3190.0 3.2949e+03
    3210.0 4.1372e+03
    3230.0 4.1413e+03
    3250.0 6.7483e+03
    3270.0 9.1870e+03
    3290.0 1.2209e+04
    3310.0 9.7828e+03
    3330.0 1.1409e+04
    3350.0 1.1604e+04
    3370.0 7.1759e+03
    3390.0 8.9478e+03
    3410.0 1.0120e+04
    3430.0 1.1171e+04
    3450.0 1.0770e+04
    3470.0 1.0965e+04
    3490.0 1.5024e+04
    3510.0 2.1988e+04
    3530.0 1.9478e+04
    3550.0 2.8432e+04
    3570.0 1.2025e+04
    3590.0 1.0896e+04
    3610.0 1.8698e+04
    3630.0 2.5873e+04
    3640.0 3.0320e+04
    3650.0 3.6508e+04
    3670.0 4.8549e+04
    3690.0 3.3343e+04
    3710.0 2.6189e+04
    3730.0 1.1963e+04
    3750.0 1.5059e+04
    3770.0 3.6727e+04
    3790.0 4.0840e+04
    3810.0 3.4159e+04
    3830.0 1.4306e+04
    3850.0 2.4918e+04
    3870.0 2.2539e+04
    3890.0 2.7063e+04
    3910.0 4.1674e+04
    3930.0 1.5870e+04
    3950.0 3.4340e+04
    3970.0 2.2346e+04
    3990.0 7.7207e+04
    4010.0 1.0112e+05
    4030.0 8.3066e+04
    4050.0 8.4806e+04
    4070.0 7.2161e+04
    4090.0 1.2115e+05
    4110.0 8.1213e+04
    4130.0 8.7247e+04
    4150.0 8.3832e+04
    4170.0 8.3030e+04
    4190.0 8.8592e+04
    4210.0 7.4356e+04
    4230.0 4.2430e+04
    4250.0 7.9203e+04
    4270.0 7.7016e+04
    4290.0 7.8906e+04
    4310.0 8.3533e+04
    4330.0 1.3054e+05
    4350.0 1.4595e+05
    4370.0 1.5435e+05
    4390.0 1.2320e+05
    4410.0 1.2628e+05
    4430.0 1.3932e+05
    4450.0 1.5284e+05
    4470.0 1.7369e+05
    4490.0 1.8344e+05
    4510.0 2.2845e+05
    4530.0 1.7443e+05
    4550.0 1.9862e+05
    4570.0 2.2525e+05
    4590.0 2.1077e+05
    4610.0 2.2125e+05
    4630.0 2.1537e+05
    4650.0 2.1097e+05
    4670.0 2.3413e+05
    4690.0 2.2450e+05
    4710.0 2.0838e+05
    4730.0 2.0405e+05
    4750.0 1.9846e+05
    4770.0 1.6649e+05
    4790.0 1.8146e+05
    4810.0 2.1515e+05
    4830.0 2.2206e+05
    4850.0 2.3415e+05
    4870.0 2.2187e+05
    4890.0 2.3635e+05
    4910.0 2.3413e+05
    4930.0 2.1793e+05
    4950.0 2.1172e+05
    4970.0 1.9152e+05
    4990.0 1.7443e+05
    5010.0 1.5140e+05
    5030.0 1.6698e+05
    5050.0 1.5818e+05
    5070.0 1.5073e+05
    5090.0 1.4538e+05
    5110.0 1.5265e+05
    5130.0 1.4376e+05
    5150.0 1.3487e+05
    5170.0 1.2719e+05
    5190.0 1.4406e+05
    5210.0 1.7265e+05
    5230.0 2.4643e+05
    5250.0 2.7223e+05
    5270.0 2.1848e+05
    5290.0 2.8625e+05
    5310.0 3.1710e+05
    5330.0 2.5909e+05
    5350.0 2.9491e+05
    5370.0 2.8743e+05
    5390.0 2.8006e+05
    5410.0 2.7959e+05
    5430.0 2.7628e+05
    5450.0 2.6791e+05
    5470.0 2.8091e+05
    5490.0 2.9016e+05
    5510.0 2.7992e+05
    5530.0 3.1065e+05
    5550.0 3.1604e+05
    5570.0 3.1273e+05
    5590.0 2.9695e+05
    5610.0 3.0936e+05
    5630.0 3.2063e+05
    5650.0 3.3880e+05
    5670.0 3.2873e+05
    5690.0 3.4365e+05
    5710.0 3.2469e+05
    5730.0 3.6198e+05
    5750.0 3.5479e+05
    5770.0 3.5507e+05
    5790.0 3.3731e+05
    5810.0 3.5560e+05
    5830.0 3.7222e+05
    5850.0 3.5741e+05
    5870.0 3.5742e+05
    5890.0 3.1082e+05
    5910.0 3.5466e+05
    5930.0 3.5670e+05
    5950.0 3.5566e+05
    5970.0 3.6741e+05
    5990.0 3.6129e+05
    6010.0 3.5889e+05
    6030.0 3.7465e+05
    6050.0 3.8233e+05
    6070.0 3.8112e+05
    6090.0 3.6827e+05
    6110.0 3.7165e+05
    6130.0 3.4497e+05
    6150.0 3.6429e+05
    6170.0 3.2004e+05
    6190.0 3.5741e+05
    6210.0 3.4547e+05
    6230.0 3.3306e+05
    6250.0 3.2510e+05
    6270.0 3.4072e+05
    6290.0 3.5705e+05
    6310.0 3.5057e+05
    6330.0 3.5794e+05
    6350.0 3.6044e+05
    6370.0 3.6055e+05
    6390.0 3.7180e+05
    6410.0 3.6073e+05
    6430.0 3.6400e+05
    6450.0 3.5742e+05
    6470.0 3.5550e+05
    6490.0 3.4905e+05
    6510.0 3.6897e+05
    6530.0 3.7487e+05
    6550.0 3.6839e+05
    6570.0 3.6921e+05
    6590.0 3.7305e+05
    6610.0 3.7436e+05
    6630.0 3.7429e+05
    6650.0 3.7746e+05
    6670.0 3.6227e+05
    6690.0 3.5367e+05
    6710.0 3.2973e+05
    6730.0 3.3836e+05
    6750.0 3.2925e+05
    6770.0 3.3045e+05
    6790.0 3.2409e+05
    6810.0 3.3304e+05
    6830.0 3.4344e+05
    6850.0 3.3837e+05
    6870.0 3.4631e+05
    6890.0 3.5643e+05
    6910.0 3.6341e+05
    6930.0 3.6306e+05
    6950.0 3.7066e+05
    6970.0 3.8235e+05
    6990.0 3.7821e+05
    7010.0 3.8313e+05
    7030.0 3.9139e+05
    7050.0 3.9858e+05
    7070.0 3.8145e+05
    7090.0 3.4256e+05
    7110.0 3.0577e+05
    7130.0 2.9108e+05
    7150.0 2.8735e+05
    7170.0 3.0464e+05
    7190.0 3.0387e+05
    7210.0 3.0957e+05
    7230.0 3.3401e+05
    7250.0 3.4358e+05
    7270.0 3.5826e+05
    7290.0 3.6554e+05
    7310.0 3.7724e+05
    7330.0 3.8098e+05
    7350.0 3.8624e+05
    7370.0 4.0026e+05
    7390.0 3.9920e+05
    7410.0 3.9923e+05
    7430.0 4.0773e+05
    7450.0 4.0792e+05
    7470.0 4.1455e+05
    7490.0 4.1469e+05
    7510.0 4.2098e+05
    7530.0 4.2531e+05
    7550.0 4.2790e+05
    7570.0 4.2647e+05
    7590.0 4.2340e+05
    7610.0 4.1993e+05
    7630.0 4.1094e+05
    7650.0 3.9957e+05
    7670.0 3.7710e+05
    7690.0 3.8387e+05
    7710.0 3.7542e+05
    7730.0 3.7709e+05
    7750.0 3.7515e+05
    7770.0 3.7898e+05
    7790.0 3.8553e+05
    7810.0 3.8572e+05
    7830.0 3.8004e+05
    7850.0 3.7480e+05
    7870.0 3.9148e+05
    7890.0 3.8603e+05
    7910.0 3.8178e+05
    7930.0 3.8615e+05
    7950.0 3.8307e+05
    7970.0 3.9682e+05
    7990.0 3.9991e+05
    8010.0 4.0371e+05
    8030.0 4.0282e+05
    8050.0 4.0581e+05
    8070.0 4.0675e+05
    8090.0 4.0584e+05
    8110.0 4.1187e+05
    8130.0 4.1946e+05
    8150.0 4.2047e+05
    8170.0 4.2075e+05
    8190.0 4.0171e+05
    8210.0 4.1292e+05
    8230.0 4.1995e+05
    8250.0 4.1686e+05
    8270.0 4.2484e+05
    8290.0 4.2209e+05
    8310.0 4.1086e+05
    8330.0 4.0509e+05
    8350.0 4.0796e+05
    8370.0 4.0841e+05
    8390.0 3.8739e+05
    8410.0 4.0556e+05
    8430.0 3.7798e+05
    8450.0 3.6881e+05
    8470.0 3.7309e+05
    8490.0 3.7566e+05
    8510.0 3.6164e+05
    8530.0 3.7857e+05
    8550.0 3.6417e+05
    8570.0 3.8680e+05
    8590.0 3.8614e+05
    8610.0 3.8774e+05
    8630.0 3.9335e+05
    8650.0 3.9987e+05
    8670.0 3.7123e+05
    8690.0 3.8222e+05
    8710.0 3.9786e+05
    8730.0 3.9918e+05
    8750.0 3.9908e+05
    8770.0 3.9867e+05
    8790.0 4.0151e+05
    8810.0 3.8949e+05
    8830.0 3.9435e+05
    8850.0 4.0083e+05
    8870.0 3.9659e+05
    8890.0 4.0330e+05
    8910.0 4.0406e+05
    8930.0 3.9594e+05
    8950.0 3.9417e+05
    8970.0 3.9555e+05
    8990.0 3.9779e+05
    9010.0 3.8170e+05
    9030.0 3.9148e+05
    9050.0 3.9986e+05
    9070.0 3.9941e+05
    9090.0 3.8474e+05
    9110.0 3.8738e+05
    9130.0 3.9374e+05
    9150.0 3.9174e+05
    9170.0 3.9131e+05
    9190.0 3.9487e+05
    9210.0 3.8396e+05
    9230.0 3.8413e+05
    9250.0 3.7827e+05
    9270.0 3.7664e+05
    9290.0 3.7224e+05
    9310.0 3.7770e+05
    9330.0 3.7622e+05
    9350.0 3.7269e+05
    9370.0 3.6591e+05
    9390.0 3.7319e+05
    9410.0 3.6551e+05
    9430.0 3.7179e+05
    9450.0 3.6323e+05
    9470.0 3.7119e+05
    9490.0 3.7176e+05
    9510.0 3.6927e+05
    9530.0 3.6825e+05
    9550.0 3.6053e+05
    9570.0 3.6191e+05
    9590.0 3.6926e+05
    9610.0 3.6214e+05
    9630.0 3.6556e+05
    9650.0 3.5155e+05
    9670.0 3.5202e+05
    9690.0 3.6079e+05
    9710.0 3.5587e+05
    9730.0 3.5162e+05
    9750.0 3.5232e+05
    9770.0 3.5428e+05
    9790.0 3.4532e+05
    9810.0 3.5825e+05
    9830.0 3.5257e+05
    9850.0 3.5769e+05
    9870.0 3.5464e+05
    9890.0 3.5382e+05
    9910.0 3.5252e+05
    9930.0 3.5134e+05
    9950.0 3.5066e+05
    9970.0 3.5058e+05
    9990.0 3.4978e+05
   10025.0 3.4519e+05
   10075.0 3.4095e+05
   10125.0 3.4075e+05
   10175.0 3.3613e+05
   10225.0 3.3377e+05
   10275.0 3.3235e+05
   10325.0 3.2542e+05
   10375.0 3.2252e+05
   10425.0 3.2285e+05
   10475.0 3.1857e+05
   10525.0 3.1804e+05
   10575.0 3.1290e+05
   10625.0 3.1177e+05
   10675.0 3.0580e+05
   10725.0 3.0421e+05
   10775.0 3.0129e+05
   10825.0 2.9524e+05
   10875.0 2.9587e+05
   10925.0 2.9639e+05
   10975.0 2.9240e+05
   11025.0 2.9143e+05
   11075.0 2.9008e+05
   11125.0 2.8709e+05
   11175.0 2.8299e+05
   11225.0 2.8228e+05
   11275.0 2.7639e+05
   11325.0 2.7535e+05
   11375.0 2.7099e+05
   11425.0 2.6679e+05
   11475.0 2.6984e+05
   11525.0 2.6913e+05
   11575.0 2.6484e+05
   11625.0 2.5955e+05
   11675.0 2.5927e+05
   11725.0 2.6055e+05
   11775.0 2.5428e+05
   11825.0 2.5213e+05
   11875.0 2.4840e+05
   11925.0 2.5239e+05
   11975.0 2.4234e+05
   12025.0 2.4713e+05
   12075.0 2.4344e+05
   12125.0 2.4381e+05
   12175.0 2.4318e+05
   12225.0 2.4120e+05
   12275.0 2.3884e+05
   12325.0 2.3683e+05
   12375.0 2.3601e+05
   12425.0 2.3318e+05
   12475.0 2.3294e+05
   12525.0 2.2963e+05
   12575.0 2.2940e+05
   12625.0 2.2766e+05
   12675.0 2.2497e+05
   12725.0 2.2484e+05
   12775.0 2.2492e+05
   12825.0 2.1712e+05
   12875.0 2.1970e+05
   12925.0 2.1585e+05
   12975.0 2.1896e+05
   13025.0 2.1608e+05
   13075.0 2.1696e+05
   13125.0 2.1002e+05
   13175.0 2.1098e+05
   13225.0 2.1268e+05
   13275.0 2.0918e+05
   13325.0 2.0984e+05
   13375.0 2.0908e+05
   13425.0 2.0952e+05
   13475.0 2.0850e+05
   13525.0 2.0755e+05
   13575.0 2.0491e+05
   13625.0 2.0303e+05
   13675.0 2.0456e+05
   13725.0 2.0511e+05
   13775.0 2.0343e+05
   13825.0 2.0359e+05
   13875.0 2.0088e+05
   13925.0 2.0254e+05
   13975.0 2.0213e+05
   14025.0 1.9893e+05
   14075.0 2.0097e+05
   14125.0 1.9870e+05
   14175.0 2.0023e+05
   14225.0 1.9740e+05
   14275.0 1.9178e+05
   14325.0 1.9758e+05
   14375.0 1.9789e+05
   14425.0 1.9318e+05
   14475.0 1.9694e+05
   14525.0 1.9433e+05
   14570.0 1.9460e+05
   14620.0 1.9580e+05
   14675.0 1.9556e+05
   14725.0 1.9235e+05
   14775.0 1.9309e+05
   14825.0 1.9359e+05
   14875.0 1.8871e+05
   14925.0 1.9536e+05
   14975.0 1.9288e+05
   15025.0 1.8241e+05
   15075.0 1.8690e+05
   15125.0 1.9290e+05
   15175.0 1.9231e+05
   15225.0 1.9229e+05
   15275.0 1.9366e+05
   15325.0 1.9255e+05
   15375.0 1.9404e+05
   15425.0 1.9459e+05
   15475.0 1.9424e+05
   15525.0 1.9145e+05
   15575.0 1.9012e+05
   15625.0 1.9254e+05
   15675.0 1.8922e+05
   15725.0 1.9088e+05
   15775.0 1.8042e+05
   15825.0 1.8718e+05
   15875.0 1.8339e+05
   15925.0 1.8730e+05
   15975.0 1.8711e+05
   16050.0 1.9002e+05
   16150.0 1.8758e+05
   16250.0 1.8724e+05
   16350.0 1.8634e+05
   16450.0 1.8298e+05
   16550.0 1.8125e+05
   16650.0 1.7770e+05
   16750.0 1.7204e+05
   16850.0 1.6996e+05
   16950.0 1.6883e+05
   17050.0 1.6306e+05
   17150.0 1.6027e+05
   17250.0 1.5648e+05
   17350.0 1.5389e+05
   17450.0 1.5122e+05
   17550.0 1.4853e+05
   17650.0 1.4632e+05
   17750.0 1.4273e+05
   17850.0 1.4140e+05
   17950.0 1.3815e+05
   18050.0 1.3479e+05
   18150.0 1.3269e+05
   18250.0 1.2990e+05
   18350.0 1.2721e+05
   18450.0 1.2351e+05
   18550.0 1.2312e+05
   18650.0 1.1943e+05
   18750.0 1.1730e+05
   18850.0 1.1613e+05
   18950.0 1.1073e+05
   19050.0 1.1232e+05
   19150.0 1.0990e+05
   19250.0 1.0825e+05
   19350.0 1.0438e+05
   19450.0 1.0207e+05
   19550.0 1.0181e+05
   19650.0 1.0056e+05
   19750.0 9.6994e+04
   19850.0 9.5715e+04
   19950.0 9.4788e+04
   20050.0 9.4859e+04
   20150.0 9.3329e+04
   20250.0 9.0480e+04
   20350.0 8.9216e+04
   20450.0 8.8719e+04
   20550.0 8.6977e+04
   20650.0 8.5012e+04
   20750.0 8.3999e+04
   20850.0 8.2451e+04
   20950.0 8.0217e+04
   21050.0 7.9917e+04
   21150.0 7.8225e+04
   21250.0 7.7145e+04
   21350.0 7.6345e+04
   21450.0 7.5036e+04
   21550.0 7.3747e+04
   21650.0 7.2453e+04
   21750.0 7.0825e+04
   21850.0 7.0053e+04
   21950.0 6.8968e+04
   22050.0 6.6248e+04
   22150.0 6.7117e+04
   22250.0 6.4795e+04
   22350.0 6.4265e+04
   22450.0 6.3384e+04
   22550.0 6.2823e+04
   22650.0 6.0891e+04
   22750.0 6.0959e+04
   22850.0 5.9416e+04
   22950.0 5.0863e+04
   23050.0 5.4101e+04
   23150.0 5.3836e+04
   23250.0 4.6231e+04
   23350.0 4.9355e+04
   23450.0 5.0156e+04
   23550.0 4.3115e+04
   23650.0 4.6846e+04
   23750.0 4.6984e+04
   23850.0 4.1215e+04
   23950.0 4.3986e+04
   24050.0 4.4720e+04
   24150.0 3.9950e+04
   24250.0 4.1885e+04
   24350.0 4.2593e+04
   24450.0 3.9678e+04
   24550.0 3.9236e+04
   24650.0 4.0951e+04
   24750.0 3.9309e+04
   24850.0 3.7285e+04
   24950.0 3.8566e+04
   25050.0 3.9501e+04
   25150.0 3.6287e+04
   25250.0 3.7486e+04
   25350.0 3.7564e+04
   25450.0 3.6399e+04
   25550.0 3.5968e+04
   25650.0 3.5998e+04
   25750.0 3.6044e+04
   25850.0 3.4258e+04
   25950.0 3.4600e+04
   26050.0 3.4635e+04
   26150.0 3.4091e+04
   26250.0 3.3483e+04
   26350.0 3.3368e+04
   26450.0 3.2996e+04
   26550.0 3.2629e+04
   26650.0 3.1793e+04
   26750.0 3.2377e+04
   26850.0 3.1870e+04
   26950.0 3.1255e+04
   27050.0 3.1122e+04
   27150.0 3.0780e+04
   27250.0 3.0473e+04
   27350.0 2.9962e+04
   27450.0 2.9792e+04
   27550.0 2.9576e+04
   27650.0 2.9033e+04
   27750.0 2.8622e+04
   27850.0 2.8386e+04
   27950.0 2.8199e+04
   28050.0 2.7800e+04
   28150.0 2.7376e+04
   28250.0 2.7107e+04
   28350.0 2.6886e+04
   28450.0 2.6490e+04
   28550.0 2.6172e+04
   28650.0 2.5859e+04
   28750.0 2.5592e+04
   28850.0 2.5256e+04
   28950.0 2.4953e+04
   29050.0 2.4583e+04
   29150.0 2.4316e+04
   29250.0 2.3715e+04
   29350.0 2.3707e+04
   29450.0 2.3408e+04
   29550.0 2.3140e+04
   29650.0 2.2902e+04
   29750.0 2.2627e+04
   29850.0 2.2314e+04
   29950.0 2.2005e+04
   30050.0 2.1766e+04
   30150.0 2.1529e+04
   30250.0 2.1204e+04
   30350.0 2.0960e+04
   30450.0 2.0771e+04
   30550.0 2.0468e+04
   30650.0 2.0207e+04
   30750.0 2.0012e+04
   30850.0 1.9656e+04
   30950.0 1.9492e+04
   31050.0 1.9304e+04
   31150.0 1.8908e+04
   31250.0 1.8837e+04
   31350.0 1.8607e+04
   31450.0 1.8380e+04
   31550.0 1.8131e+04
   31650.0 1.7885e+04
   31750.0 1.7749e+04
   31850.0 1.7543e+04
   31950.0 1.7351e+04
   32100.0 1.7026e+04
   32300.0 1.6620e+04
   32500.0 1.6246e+04
   32700.0 1.5869e+04
   32900.0 1.5510e+04
   33100.0 1.5148e+04
   33300.0 1.4783e+04
   33500.0 1.4511e+04
   33700.0 1.4170e+04
   33900.0 1.3836e+04
   34100.0 1.3510e+04
   34300.0 1.3281e+04
   34500.0 1.3007e+04
   34700.0 1.2728e+04
   34900.0 1.2464e+04
   35100.0 1.2215e+04
   35300.0 1.1933e+04
   35500.0 1.1704e+04
   35700.0 1.1451e+04
   35900.0 1.1221e+04
   36100.0 1.1005e+04
   36300.0 1.0784e+04
   36500.0 1.0540e+04
   36700.0 1.0310e+04
   36900.0 1.0075e+04
   37100.0 9.8623e+03
   37300.0 9.7138e+03
   37500.0 9.4825e+03
   37700.0 9.3400e+03
   37900.0 9.1498e+03
   38100.0 8.9879e+03
   38300.0 8.8289e+03
   38500.0 8.6565e+03
   38700.0 8.4392e+03
   38900.0 8.3130e+03
   39100.0 8.1654e+03
   39300.0 8.0126e+03
   39500.0 7.8241e+03
   39700.0 7.6998e+03
   39900.0 7.5076e+03
   40100.0 7.4023e+03
   40300.0 7.2921e+03
   40500.0 7.1310e+03
   40700.0 7.0192e+03
   40900.0 6.8955e+03
   41100.0 6.7739e+03
   41300.0 6.6606e+03
   41500.0 6.5311e+03
   41700.0 6.4148e+03
   41900.0 6.2718e+03
   42100.0 6.1535e+03
   42300.0 6.0854e+03
   42500.0 5.9645e+03
   42700.0 5.8759e+03
   42900.0 5.4270e+03
   43100.0 4.9320e+03
   43300.0 4.9601e+03
   43500.0 4.6224e+03
   43700.0 4.4094e+03
   43900.0 4.2822e+03
   44100.0 4.0622e+03
   44300.0 3.9571e+03
   44500.0 3.8980e+03
   44700.0 3.7120e+03
   44900.0 3.7111e+03
   45100.0 3.5940e+03
   45300.0 3.5044e+03
   45500.0 3.5038e+03
   45700.0 3.4669e+03
   45900.0 3.3485e+03
   46100.0 3.3810e+03
   46300.0 3.3116e+03
   46500.0 3.2982e+03
   46700.0 3.3173e+03
   46900.0 3.2378e+03
   47100.0 3.1763e+03
   47300.0 3.2267e+03
   47500.0 3.1289e+03
   47700.0 3.0906e+03
   47900.0 3.0956e+03
   48100.0 2.9808e+03
   48300.0 3.0374e+03
   48500.0 2.9777e+03
   48700.0 2.9038e+03
   48900.0 2.8510e+03
   49100.0 2.8407e+03
   49300.0 2.7857e+03
   49500.0 2.7284e+03
   49700.0 2.7361e+03
   49900.0 2.6988e+03
   50100.0 2.6515e+03
   50300.0 2.6224e+03
   50500.0 2.5636e+03
   50700.0 2.5644e+03
   50900.0 2.5216e+03
   51100.0 2.4739e+03
   51300.0 2.4934e+03
   51500.0 2.4298e+03
   51700.0 2.4263e+03
   51900.0 2.3822e+03
   52100.0 2.3754e+03
   52300.0 2.3170e+03
   52500.0 2.3102e+03
   52700.0 2.3117e+03
   52900.0 2.2463e+03
   53100.0 2.2252e+03
   53300.0 2.2161e+03
   53500.0 2.1899e+03
   53700.0 2.1774e+03
   53900.0 2.1509e+03
   54100.0 2.1309e+03
   54300.0 2.0827e+03
   54500.0 2.0869e+03
   54700.0 2.0520e+03
   54900.0 2.0331e+03
   55100.0 2.0093e+03
   55300.0 2.0363e+03
   55500.0 1.9606e+03
   55700.0 1.9747e+03
   55900.0 1.9391e+03
   56100.0 1.9280e+03
   56300.0 1.8875e+03
   56500.0 1.8880e+03
   56700.0 1.8699e+03
   56900.0 1.8323e+03
   57100.0 1.8364e+03
   57300.0 1.8105e+03
   57500.0 1.7932e+03
   57700.0 1.7660e+03
   57900.0 1.7631e+03
   58100.0 1.7293e+03
   58300.0 1.7147e+03
   58500.0 1.6984e+03
   58700.0 1.6695e+03
   58900.0 1.6547e+03
   59100.0 1.6401e+03
   59300.0 1.6232e+03
   59500.0 1.6012e+03
   59700.0 1.5901e+03
   59900.0 1.5718e+03
   60100.0 1.5541e+03
   60300.0 1.5362e+03
   60500.0 1.5113e+03
   60700.0 1.4955e+03
   60900.0 1.4802e+03
   61100.0 1.4593e+03
   61300.0 1.4469e+03
   61500.0 1.4324e+03
   61700.0 1.4178e+03
   61900.0 1.4021e+03
   62100.0 1.3878e+03
   62300.0 1.3696e+03
   62500.0 1.3504e+03
   62700.0 1.3339e+03
   62900.0 1.3221e+03
   63100.0 1.3053e+03
   63300.0 1.2959e+03
   63500.0 1.2773e+03
   63700.0 1.2678e+03
   63900.0 1.2496e+03
   64200.0 1.2295e+03
   64600.0 1.2011e+03
   65000.0 1.1745e+03
   65400.0 1.1481e+03
   65800.0 1.1237e+03
   66200.0 1.0978e+03
   66600.0 1.0736e+03
   67000.0 1.0498e+03
   67400.0 1.0261e+03
   67800.0 1.0033e+03
   68200.0 9.8074e+02
   68600.0 9.5990e+02
   69000.0 9.3898e+02
   69400.0 9.1823e+02
   69800.0 8.9863e+02
   70200.0 8.7844e+02
   70600.0 8.5986e+02
   71000.0 8.4139e+02
   71400.0 8.2352e+02
   71800.0 8.0600e+02
   72200.0 7.8904e+02
   72600.0 7.7241e+02
   73000.0 7.5632e+02
   73400.0 7.3986e+02
   73800.0 7.2504e+02
   74200.0 7.0875e+02
   74600.0 6.9427e+02
   75000.0 6.8028e+02
   75400.0 6.6612e+02
   75800.0 6.5368e+02
   76200.0 6.4043e+02
   76600.0 6.2763e+02
   77000.0 6.1486e+02
   77400.0 6.0291e+02
   77800.0 5.9078e+02
   78200.0 5.7927e+02
   78600.0 5.6795e+02
   79000.0 5.5683e+02
   79400.0 5.4610e+02
   79800.0 5.3556e+02
   80200.0 5.2482e+02
   80600.0 5.1482e+02
   81000.0 5.0537e+02
   81400.0 4.9571e+02
   81800.0 4.8639e+02
   82200.0 4.7723e+02
   82600.0 4.6840e+02
   83000.0 4.5955e+02
   83400.0 4.5067e+02
   83800.0 4.4245e+02
   84200.0 4.3453e+02
   84600.0 4.2658e+02
   85000.0 4.1892e+02
   85400.0 4.1139e+02
   85800.0 4.0398e+02
   86200.0 3.9669e+02
   86600.0 3.8967e+02
   87000.0 3.8261e+02
   87400.0 3.7598e+02
   87800.0 3.6929e+02
   88200.0 3.6271e+02
   88600.0 3.5654e+02
   89000.0 3.5017e+02
   89400.0 3.4434e+02
   89800.0 3.3801e+02
   90200.0 3.3251e+02
   90600.0 3.2695e+02
   91000.0 3.2075e+02
   91400.0 3.1566e+02
   91800.0 3.1035e+02
   92200.0 3.0541e+02
   92600.0 3.0026e+02
   93000.0 2.9518e+02
   93400.0 2.9019e+02
   93800.0 2.8540e+02
   94200.0 2.8068e+02
   94600.0 2.7617e+02
   95000.0 2.7159e+02
   95400.0 2.6721e+02
   95800.0 2.6289e+02
   96200.0 2.5864e+02
   96600.0 2.5444e+02
   97000.0 2.5044e+02
   97400.0 2.4624e+02
   97800.0 2.4260e+02
   98200.0 2.3863e+02
   98600.0 2.3485e+02
   99000.0 2.3124e+02
   99400.0 2.2769e+02
   99800.0 2.2406e+02
  100200.0 2.2060e+02
  200000.0 1.4510e+01
  400000.0 9.2186e-01
  600000.0 1.8241e-01
  800000.0 5.7616e-02
 1000000.0 2.3540e-02
 1200000.0 1.1325e-02
 1400000.0 6.0931e-03
 1600000.0 3.5619e-03
