      91.0 0.0000e+00
      94.0 0.0000e+00
      96.0 0.0000e+00
      98.0 0.0000e+00
     100.0 0.0000e+00
     102.0 0.0000e+00
     104.0 0.0000e+00
     106.0 0.0000e+00
     108.0 0.0000e+00
     110.0 0.0000e+00
     114.0 0.0000e+00
     118.0 0.0000e+00
     121.0 0.0000e+00
     125.0 0.0000e+00
     127.0 0.0000e+00
     128.0 0.0000e+00
     131.0 0.0000e+00
     132.0 0.0000e+00
     134.0 0.0000e+00
     137.0 0.0000e+00
     140.0 0.0000e+00
     143.0 0.0000e+00
     147.0 0.0000e+00
     151.0 0.0000e+00
     155.0 0.0000e+00
     159.0 0.0000e+00
     162.0 0.0000e+00
     166.0 0.0000e+00
     170.0 0.0000e+00
     173.0 0.0000e+00
     177.0 0.0000e+00
     180.0 0.0000e+00
     182.0 0.0000e+00
     186.0 0.0000e+00
     191.0 0.0000e+00
     194.0 0.0000e+00
     198.0 0.0000e+00
     202.0 0.0000e+00
     205.0 0.0000e+00
     210.0 0.0000e+00
     216.0 0.0000e+00
     220.0 0.0000e+00
     223.0 0.0000e+00
     227.0 0.0000e+00
     230.0 0.0000e+00
     234.0 0.0000e+00
     240.0 0.0000e+00
     246.0 0.0000e+00
     252.0 0.0000e+00
     257.0 0.0000e+00
     260.0 0.0000e+00
     264.0 0.0000e+00
     269.0 0.0000e+00
     274.0 0.0000e+00
     279.0 0.0000e+00
     284.0 0.0000e+00
     290.0 0.0000e+00
     296.0 0.0000e+00
     301.0 0.0000e+00
     308.0 0.0000e+00
     318.0 0.0000e+00
     328.0 0.0000e+00
     338.0 0.0000e+00
     348.0 0.0000e+00
     357.0 0.0000e+00
     366.0 0.0000e+00
     375.0 0.0000e+00
     385.0 0.0000e+00
     395.0 0.0000e+00
     405.0 0.0000e+00
     414.0 0.0000e+00
     422.0 0.0000e+00
     430.0 0.0000e+00
     441.0 0.0000e+00
     451.0 0.0000e+00
     460.0 0.0000e+00
     470.0 0.0000e+00
     480.0 0.0000e+00
     490.0 0.0000e+00
     500.0 0.0000e+00
     506.0 3.0205e-13
     512.0 5.9422e-13
     520.0 1.3912e-12
     530.0 3.8050e-12
     540.0 1.0010e-11
     550.0 2.5383e-11
     560.0 6.2138e-11
     570.0 1.4727e-10
     580.0 3.3808e-10
     590.0 7.5409e-10
     600.0 1.6345e-09
     610.0 3.4515e-09
     620.0 7.0971e-09
     630.0 1.4255e-08
     640.0 2.7977e-08
     650.0 5.3728e-08
     658.0 8.9184e-08
     665.0 1.3745e-07
     675.0 2.5095e-07
     685.0 4.4954e-07
     695.0 7.9121e-07
     705.0 1.3692e-06
     716.0 2.4561e-06
     726.0 4.1112e-06
     735.0 6.4484e-06
     745.0 1.0492e-05
     755.0 1.6840e-05
     765.0 2.6679e-05
     775.0 4.1708e-05
     785.0 6.4451e-05
     795.0 9.6822e-05
     805.0 1.4858e-04
     815.0 2.2188e-04
     825.0 3.2788e-04
     835.0 4.7986e-04
     845.0 6.9512e-04
     855.0 9.9785e-04
     865.0 1.4195e-03
     875.0 1.9688e-03
     885.0 2.7988e-03
     895.0 3.8833e-03
     905.0 5.0879e-03
     915.0 1.9694e-01
     925.0 5.4477e-01
     935.0 6.8832e-01
     945.0 8.8465e-01
     955.0 1.2707e+00
     965.0 1.6316e+00
     975.0 1.9351e+00
     985.0 2.5103e+00
     995.0 2.9615e+00
    1005.0 4.0225e+00
    1015.0 5.0180e+00
    1025.0 4.7984e+00
    1035.0 7.4017e+00
    1045.0 9.3010e+00
    1055.0 1.1291e+01
    1065.0 1.3099e+01
    1075.0 1.6198e+01
    1085.0 1.9283e+01
    1095.0 2.2083e+01
    1105.0 1.0125e+02
    1115.0 1.8143e+02
    1125.0 2.4512e+02
    1135.0 2.8959e+02
    1145.0 3.4859e+02
    1155.0 3.6631e+02
    1165.0 4.5874e+02
    1175.0 4.9639e+02
    1185.0 4.5158e+02
    1195.0 2.1749e+02
    1205.0 2.0011e+02
    1215.0 4.5466e+01
    1225.0 2.3838e+02
    1235.0 6.2694e+02
    1245.0 1.4421e+03
    1255.0 2.4531e+03
    1265.0 2.5344e+03
    1275.0 5.0124e+03
    1285.0 1.0458e+04
    1295.0 1.7068e+04
    1305.0 8.5624e+03
    1315.0 4.3779e+04
    1325.0 7.6091e+04
    1335.0 6.9371e+04
    1345.0 1.6406e+05
    1355.0 1.8288e+05
    1365.0 1.8272e+05
    1375.0 2.2770e+05
    1385.0 2.4056e+05
    1395.0 2.8722e+05
    1405.0 3.4255e+05
    1415.0 3.2126e+05
    1425.0 4.3505e+05
    1435.0 3.9844e+05
    1442.0 5.0871e+05
    1447.0 8.3846e+05
    1455.0 9.0121e+05
    1465.0 8.0234e+05
    1475.0 8.2237e+05
    1485.0 1.0452e+06
    1495.0 1.2029e+06
    1505.0 1.3638e+06
    1512.0 1.1215e+06
    1517.0 1.1896e+06
    1525.0 1.6995e+06
    1535.0 1.6261e+06
    1545.0 2.9379e+06
    1555.0 2.3899e+06
    1565.0 1.9212e+06
    1575.0 2.8227e+06
    1585.0 3.3485e+06
    1595.0 4.2249e+06
    1605.0 3.5258e+06
    1615.0 3.1126e+06
    1625.0 2.5190e+06
    1635.0 2.8472e+06
    1645.0 3.4831e+06
    1655.0 2.2468e+06
    1665.0 3.3814e+06
    1672.0 1.0698e+06
    1677.0 4.0359e+06
    1685.0 4.7811e+06
    1695.0 4.3826e+06
    1705.0 3.7278e+06
    1715.0 4.1668e+06
    1725.0 4.2637e+06
    1735.0 5.0712e+06
    1745.0 4.6942e+06
    1755.0 5.9257e+06
    1765.0 4.4961e+06
    1775.0 5.5265e+06
    1785.0 4.9303e+06
    1795.0 6.6732e+06
    1805.0 6.3712e+06
    1815.0 6.6143e+06
    1825.0 5.9767e+06
    1835.0 5.3776e+06
    1845.0 4.8368e+06
    1855.0 5.4644e+06
    1865.0 5.8162e+06
    1875.0 5.7373e+06
    1885.0 5.7947e+06
    1895.0 6.2312e+06
    1905.0 5.6340e+06
    1915.0 6.0527e+06
    1925.0 6.2715e+06
    1935.0 5.2493e+06
    1945.0 6.5046e+06
    1955.0 6.5104e+06
    1967.0 7.0541e+06
    1976.0 6.9747e+06
    1984.0 6.6901e+06
    1995.0 6.4628e+06
    2005.0 6.1032e+06
    2015.0 5.6884e+06
    2025.0 5.5680e+06
    2035.0 6.0925e+06
    2045.0 6.7557e+06
    2055.0 6.1335e+06
    2065.0 5.8662e+06
    2074.0 7.0587e+06
    2078.0 7.2149e+06
    2085.0 6.9265e+06
    2095.0 6.5819e+06
    2105.0 6.0324e+06
    2115.0 6.0854e+06
    2125.0 6.3389e+06
    2135.0 4.8669e+06
    2145.0 5.8355e+06
    2155.0 6.0268e+06
    2165.0 5.4161e+06
    2175.0 5.3765e+06
    2185.0 5.5887e+06
    2195.0 6.1924e+06
    2205.0 5.7911e+06
    2215.0 4.9910e+06
    2225.0 4.7501e+06
    2235.0 5.8743e+06
    2245.0 5.2035e+06
    2255.0 4.6835e+06
    2265.0 4.7684e+06
    2275.0 5.2410e+06
    2285.0 5.6247e+06
    2295.0 5.1227e+06
    2305.0 5.2183e+06
    2315.0 4.7884e+06
    2325.0 2.4247e+06
    2335.0 3.5631e+06
    2345.0 3.0072e+06
    2355.0 4.5147e+06
    2365.0 3.0230e+06
    2375.0 3.8373e+06
    2385.0 2.5256e+06
    2395.0 3.2341e+06
    2405.0 3.0414e+06
    2415.0 3.5036e+06
    2425.0 4.7248e+06
    2435.0 4.5223e+06
    2445.0 4.9126e+06
    2455.0 4.8030e+06
    2465.0 4.6931e+06
    2475.0 4.4184e+06
    2485.0 4.6547e+06
    2495.0 4.4229e+06
    2505.0 5.4999e+06
    2513.0 4.3066e+06
    2518.0 4.5033e+06
    2525.0 3.8727e+06
    2535.0 3.8870e+06
    2545.0 3.9324e+06
    2555.0 4.5520e+06
    2565.0 4.2049e+06
    2575.0 4.7872e+06
    2585.0 4.5726e+06
    2595.0 4.1919e+06
    2605.0 3.8311e+06
    2615.0 3.6055e+06
    2625.0 4.4743e+06
    2635.0 4.8774e+06
    2645.0 6.4158e+06
    2655.0 6.3880e+06
    2665.0 5.3996e+06
    2675.0 5.8738e+06
    2685.0 5.7004e+06
    2695.0 5.4353e+06
    2705.0 5.6967e+06
    2715.0 5.1147e+06
    2725.0 5.2162e+06
    2735.0 5.7151e+06
    2745.0 3.8275e+06
    2755.0 4.3100e+06
    2765.0 4.7385e+06
    2775.0 5.5391e+06
    2785.0 4.9490e+06
    2795.0 2.3164e+06
    2805.0 2.9187e+06
    2815.0 5.5977e+06
    2825.0 6.2749e+06
    2835.0 5.9203e+06
    2845.0 5.6669e+06
    2855.0 5.3492e+06
    2865.0 6.1257e+06
    2875.0 5.8539e+06
    2885.0 5.9878e+06
    2895.0 5.6546e+06
    2910.0 6.6500e+06
    2930.0 6.3123e+06
    2950.0 6.2587e+06
    2970.0 6.5050e+06
    2990.0 6.6825e+06
    3010.0 6.8905e+06
    3030.0 6.7855e+06
    3050.0 6.7406e+06
    3070.0 6.7701e+06
    3090.0 6.9930e+06
    3110.0 6.7161e+06
    3130.0 6.6991e+06
    3150.0 6.9539e+06
    3170.0 6.9201e+06
    3190.0 6.5108e+06
    3210.0 6.8023e+06
    3230.0 6.5919e+06
    3250.0 6.8039e+06
    3270.0 6.8723e+06
    3290.0 6.9685e+06
    3310.0 7.1024e+06
    3330.0 6.9275e+06
    3350.0 6.8568e+06
    3370.0 6.8190e+06
    3390.0 6.8368e+06
    3410.0 7.0116e+06
    3430.0 7.0605e+06
    3450.0 7.0101e+06
    3470.0 6.9077e+06
    3490.0 6.8425e+06
    3510.0 7.0636e+06
    3530.0 7.1089e+06
    3550.0 7.2107e+06
    3570.0 6.9749e+06
    3590.0 6.9532e+06
    3610.0 6.9813e+06
    3630.0 7.0384e+06
    3640.0 6.9472e+06
    3650.0 7.1496e+06
    3670.0 6.6935e+06
    3690.0 8.1060e+06
    3710.0 1.1945e+07
    3730.0 1.3144e+07
    3750.0 1.8061e+07
    3770.0 1.8832e+07
    3790.0 2.3259e+07
    3810.0 2.6096e+07
    3830.0 2.0429e+07
    3850.0 2.7458e+07
    3870.0 2.9209e+07
    3890.0 1.9019e+07
    3910.0 2.8277e+07
    3930.0 2.2990e+07
    3950.0 2.7922e+07
    3970.0 1.6937e+07
    3990.0 2.8103e+07
    4010.0 2.8473e+07
    4030.0 2.8050e+07
    4050.0 2.7884e+07
    4070.0 2.7248e+07
    4090.0 2.4846e+07
    4110.0 1.9196e+07
    4130.0 2.6245e+07
    4150.0 2.6730e+07
    4170.0 2.6074e+07
    4190.0 2.5840e+07
    4210.0 2.5690e+07
    4230.0 2.5159e+07
    4250.0 2.4949e+07
    4270.0 2.4302e+07
    4290.0 2.4564e+07
    4310.0 2.3382e+07
    4330.0 2.0397e+07
    4350.0 1.7478e+07
    4370.0 2.3498e+07
    4390.0 2.3054e+07
    4410.0 2.2574e+07
    4430.0 2.2621e+07
    4450.0 2.2569e+07
    4470.0 2.2308e+07
    4490.0 2.1967e+07
    4510.0 2.2162e+07
    4530.0 2.1487e+07
    4550.0 2.0882e+07
    4570.0 2.1428e+07
    4590.0 2.0656e+07
    4610.0 2.1137e+07
    4630.0 2.0334e+07
    4650.0 2.0531e+07
    4670.0 2.0235e+07
    4690.0 1.9752e+07
    4710.0 1.9098e+07
    4730.0 1.9564e+07
    4750.0 1.9458e+07
    4770.0 1.9158e+07
    4790.0 1.8936e+07
    4810.0 1.8581e+07
    4830.0 1.8202e+07
    4850.0 1.5605e+07
    4870.0 1.2499e+07
    4890.0 1.7382e+07
    4910.0 1.7454e+07
    4930.0 1.7066e+07
    4950.0 1.7090e+07
    4970.0 1.7084e+07
    4990.0 1.6600e+07
    5010.0 1.6024e+07
    5030.0 1.6153e+07
    5050.0 1.5889e+07
    5070.0 1.5931e+07
    5090.0 1.5737e+07
    5110.0 1.5545e+07
    5130.0 1.5233e+07
    5150.0 1.4925e+07
    5170.0 1.4567e+07
    5190.0 1.4442e+07
    5210.0 1.4437e+07
    5230.0 1.4112e+07
    5250.0 1.4249e+07
    5270.0 1.3661e+07
    5290.0 1.3931e+07
    5310.0 1.3575e+07
    5330.0 1.3377e+07
    5350.0 1.3532e+07
    5370.0 1.3270e+07
    5390.0 1.3122e+07
    5410.0 1.2861e+07
    5430.0 1.2771e+07
    5450.0 1.2778e+07
    5470.0 1.2621e+07
    5490.0 1.2545e+07
    5510.0 1.2371e+07
    5530.0 1.2191e+07
    5550.0 1.2154e+07
    5570.0 1.1978e+07
    5590.0 1.1889e+07
    5610.0 1.1797e+07
    5630.0 1.1671e+07
    5650.0 1.1517e+07
    5670.0 1.1373e+07
    5690.0 1.1319e+07
    5710.0 1.1203e+07
    5730.0 1.1121e+07
    5750.0 1.0979e+07
    5770.0 1.0878e+07
    5790.0 1.0753e+07
    5810.0 1.0654e+07
    5830.0 1.0546e+07
    5850.0 1.0453e+07
    5870.0 1.0340e+07
    5890.0 1.0128e+07
    5910.0 1.0138e+07
    5930.0 1.0043e+07
    5950.0 9.9179e+06
    5970.0 9.8448e+06
    5990.0 9.7056e+06
    6010.0 9.6245e+06
    6030.0 9.5608e+06
    6050.0 9.4584e+06
    6070.0 9.3896e+06
    6090.0 9.2893e+06
    6110.0 9.1868e+06
    6130.0 9.0791e+06
    6150.0 8.8489e+06
    6170.0 8.9145e+06
    6190.0 8.8632e+06
    6210.0 8.7907e+06
    6230.0 8.6818e+06
    6250.0 8.4606e+06
    6270.0 8.5531e+06
    6290.0 8.4806e+06
    6310.0 8.3456e+06
    6330.0 8.3079e+06
    6350.0 8.1546e+06
    6370.0 8.0975e+06
    6390.0 8.0734e+06
    6410.0 7.9647e+06
    6430.0 7.9268e+06
    6450.0 7.7653e+06
    6470.0 7.8090e+06
    6490.0 7.6557e+06
    6510.0 7.6030e+06
    6530.0 7.5003e+06
    6550.0 6.8033e+06
    6570.0 5.3840e+06
    6590.0 7.1931e+06
    6610.0 7.2869e+06
    6630.0 7.2566e+06
    6650.0 7.2049e+06
    6670.0 7.1375e+06
    6690.0 7.0842e+06
    6710.0 7.0260e+06
    6730.0 6.9473e+06
    6750.0 6.8956e+06
    6770.0 6.8497e+06
    6790.0 6.7886e+06
    6810.0 6.7307e+06
    6830.0 6.6579e+06
    6850.0 6.6063e+06
    6870.0 6.5578e+06
    6890.0 6.5046e+06
    6910.0 6.4444e+06
    6930.0 6.3873e+06
    6950.0 6.3357e+06
    6970.0 6.2771e+06
    6990.0 6.2314e+06
    7010.0 6.1471e+06
    7030.0 6.1171e+06
    7050.0 6.0703e+06
    7070.0 6.0241e+06
    7090.0 5.9758e+06
    7110.0 5.8379e+06
    7130.0 5.8523e+06
    7150.0 5.8126e+06
    7170.0 5.7685e+06
    7190.0 5.7133e+06
    7210.0 5.6701e+06
    7230.0 5.6090e+06
    7250.0 5.5735e+06
    7270.0 5.5406e+06
    7290.0 5.4787e+06
    7310.0 5.4240e+06
    7330.0 5.3989e+06
    7350.0 5.3585e+06
    7370.0 5.3250e+06
    7390.0 5.2699e+06
    7410.0 5.1935e+06
    7430.0 5.1547e+06
    7450.0 5.1249e+06
    7470.0 5.0588e+06
    7490.0 5.0382e+06
    7510.0 5.0029e+06
    7530.0 4.9806e+06
    7550.0 4.9521e+06
    7570.0 4.9072e+06
    7590.0 4.8709e+06
    7610.0 4.8350e+06
    7630.0 4.7973e+06
    7650.0 4.7477e+06
    7670.0 4.7067e+06
    7690.0 4.6802e+06
    7710.0 4.6196e+06
    7730.0 4.6118e+06
    7750.0 4.5741e+06
    7770.0 4.4353e+06
    7790.0 4.5075e+06
    7810.0 4.4706e+06
    7830.0 4.4283e+06
    7850.0 4.3804e+06
    7870.0 4.3446e+06
    7890.0 4.3034e+06
    7910.0 4.2836e+06
    7930.0 4.2601e+06
    7950.0 4.2045e+06
    7970.0 4.2061e+06
    7990.0 4.1174e+06
    8010.0 4.1436e+06
    8030.0 4.1081e+06
    8050.0 4.0822e+06
    8070.0 4.0473e+06
    8090.0 4.0199e+06
    8110.0 3.9910e+06
    8130.0 3.9660e+06
    8150.0 3.9357e+06
    8170.0 3.9075e+06
    8190.0 3.8401e+06
    8210.0 3.8339e+06
    8230.0 3.8029e+06
    8250.0 3.7827e+06
    8270.0 3.7750e+06
    8290.0 3.6957e+06
    8310.0 3.6120e+06
    8330.0 3.5013e+06
    8350.0 3.5035e+06
    8370.0 3.4012e+06
    8390.0 3.4344e+06
    8410.0 3.4384e+06
    8430.0 3.5959e+06
    8450.0 3.5739e+06
    8470.0 3.3180e+06
    8490.0 3.8880e+06
    8510.0 3.2836e+06
    8530.0 4.0082e+06
    8550.0 3.1184e+06
    8570.0 4.0835e+06
    8590.0 3.6062e+06
    8610.0 3.4487e+06
    8630.0 4.0752e+06
    8650.0 3.8849e+06
    8670.0 2.9960e+06
    8690.0 3.8730e+06
    8710.0 4.0023e+06
    8730.0 3.8833e+06
    8750.0 2.9900e+06
    8770.0 3.7263e+06
    8790.0 3.9189e+06
    8810.0 3.8826e+06
    8830.0 3.7927e+06
    8850.0 3.5169e+06
    8870.0 2.9157e+06
    8890.0 3.7114e+06
    8910.0 3.7385e+06
    8930.0 3.7188e+06
    8950.0 3.7261e+06
    8970.0 3.6857e+06
    8990.0 3.5966e+06
    9010.0 2.8849e+06
    9030.0 3.2163e+06
    9050.0 3.5535e+06
    9070.0 3.4766e+06
    9090.0 3.4366e+06
    9110.0 3.4938e+06
    9130.0 3.4900e+06
    9150.0 3.4834e+06
    9170.0 3.4397e+06
    9190.0 3.3793e+06
    9210.0 3.2445e+06
    9230.0 2.5168e+06
    9250.0 3.1310e+06
    9270.0 3.2124e+06
    9290.0 3.3042e+06
    9310.0 3.2941e+06
    9330.0 3.2704e+06
    9350.0 3.2537e+06
    9370.0 3.2330e+06
    9390.0 3.1825e+06
    9410.0 3.1080e+06
    9430.0 3.1515e+06
    9450.0 3.1395e+06
    9470.0 3.1169e+06
    9490.0 3.0931e+06
    9510.0 3.0536e+06
    9530.0 2.8942e+06
    9550.0 2.2997e+06
    9570.0 2.8989e+06
    9590.0 2.9794e+06
    9610.0 2.9501e+06
    9630.0 2.9056e+06
    9650.0 2.9347e+06
    9670.0 2.8931e+06
    9690.0 2.8901e+06
    9710.0 2.8884e+06
    9730.0 2.8677e+06
    9750.0 2.8421e+06
    9770.0 2.8304e+06
    9790.0 2.8139e+06
    9810.0 2.7912e+06
    9830.0 2.7662e+06
    9850.0 2.7377e+06
    9870.0 2.7266e+06
    9890.0 2.6972e+06
    9910.0 2.6961e+06
    9930.0 2.6719e+06
    9950.0 2.6635e+06
    9970.0 2.6517e+06
    9990.0 2.6278e+06
   10025.0 2.4640e+06
   10075.0 2.3391e+06
   10125.0 2.4939e+06
   10175.0 2.4810e+06
   10225.0 2.4476e+06
   10275.0 2.4125e+06
   10325.0 2.3701e+06
   10375.0 2.3362e+06
   10425.0 2.2995e+06
   10475.0 2.2470e+06
   10525.0 2.2170e+06
   10575.0 2.1918e+06
   10625.0 2.1595e+06
   10675.0 2.0952e+06
   10725.0 2.0850e+06
   10775.0 2.0595e+06
   10825.0 2.0314e+06
   10875.0 1.9945e+06
   10925.0 1.7492e+06
   10975.0 1.8906e+06
   11025.0 1.9208e+06
   11075.0 1.8967e+06
   11125.0 1.8671e+06
   11175.0 1.8418e+06
   11225.0 1.8159e+06
   11275.0 1.7602e+06
   11325.0 1.7391e+06
   11375.0 1.7340e+06
   11425.0 1.7051e+06
   11475.0 1.6912e+06
   11525.0 1.6693e+06
   11575.0 1.6442e+06
   11625.0 1.6061e+06
   11675.0 1.5765e+06
   11725.0 1.5771e+06
   11775.0 1.5308e+06
   11825.0 1.5222e+06
   11875.0 1.4941e+06
   11925.0 1.4934e+06
   11975.0 1.4609e+06
   12025.0 1.4496e+06
   12075.0 1.4253e+06
   12125.0 1.4070e+06
   12175.0 1.3915e+06
   12225.0 1.3721e+06
   12275.0 1.3506e+06
   12325.0 1.3341e+06
   12375.0 1.3179e+06
   12425.0 1.3026e+06
   12475.0 1.2799e+06
   12525.0 1.2666e+06
   12575.0 1.2406e+06
   12625.0 1.2293e+06
   12675.0 1.2174e+06
   12725.0 1.2019e+06
   12775.0 1.1727e+06
   12825.0 1.0360e+06
   12875.0 1.1473e+06
   12925.0 1.1392e+06
   12975.0 1.1262e+06
   13025.0 1.1112e+06
   13075.0 1.0978e+06
   13125.0 1.0832e+06
   13175.0 1.0646e+06
   13225.0 1.0559e+06
   13275.0 1.0425e+06
   13325.0 1.0286e+06
   13375.0 1.0162e+06
   13425.0 1.0027e+06
   13475.0 9.8932e+05
   13525.0 9.7546e+05
   13575.0 9.6308e+05
   13625.0 9.5280e+05
   13675.0 9.3879e+05
   13725.0 9.2241e+05
   13775.0 9.1699e+05
   13825.0 9.0598e+05
   13875.0 8.9572e+05
   13925.0 8.8188e+05
   13975.0 8.7251e+05
   14025.0 8.6264e+05
   14075.0 8.5289e+05
   14125.0 8.4146e+05
   14175.0 8.3135e+05
   14225.0 8.2078e+05
   14275.0 8.1092e+05
   14325.0 8.0059e+05
   14375.0 7.9213e+05
   14425.0 7.7224e+05
   14475.0 7.7264e+05
   14525.0 7.5767e+05
   14570.0 7.5469e+05
   14620.0 7.4561e+05
   14675.0 7.3780e+05
   14725.0 7.2838e+05
   14775.0 7.1631e+05
   14825.0 7.0767e+05
   14875.0 6.9317e+05
   14925.0 6.8584e+05
   14975.0 6.7431e+05
   15025.0 6.5974e+05
   15075.0 6.5221e+05
   15125.0 6.4633e+05
   15175.0 6.4208e+05
   15225.0 6.5028e+05
   15275.0 6.1982e+05
   15325.0 6.2089e+05
   15375.0 6.3360e+05
   15425.0 5.9825e+05
   15475.0 6.2443e+05
   15525.0 6.2241e+05
   15575.0 5.7195e+05
   15625.0 6.2380e+05
   15675.0 5.9249e+05
   15725.0 5.5915e+05
   15775.0 6.0187e+05
   15825.0 5.9616e+05
   15875.0 5.2579e+05
   15925.0 5.7404e+05
   15975.0 5.8032e+05
   16050.0 5.6234e+05
   16150.0 5.2505e+05
   16250.0 5.4631e+05
   16350.0 5.2485e+05
   16450.0 4.9145e+05
   16550.0 5.1136e+05
   16650.0 5.0005e+05
   16750.0 4.8042e+05
   16850.0 4.5066e+05
   16950.0 4.6831e+05
   17050.0 4.5747e+05
   17150.0 4.4930e+05
   17250.0 4.3725e+05
   17350.0 3.9956e+05
   17450.0 4.1665e+05
   17550.0 4.1075e+05
   17650.0 4.0226e+05
   17750.0 3.9470e+05
   17850.0 3.8652e+05
   17950.0 3.7962e+05
   18050.0 3.7027e+05
   18150.0 3.4174e+05
   18250.0 3.5245e+05
   18350.0 3.4983e+05
   18450.0 3.4302e+05
   18550.0 3.3553e+05
   18650.0 3.2884e+05
   18750.0 3.0122e+05
   18850.0 3.1501e+05
   18950.0 3.0972e+05
   19050.0 3.0506e+05
   19150.0 2.9917e+05
   19250.0 2.9364e+05
   19350.0 2.8728e+05
   19450.0 2.6430e+05
   19550.0 2.7660e+05
   19650.0 2.7224e+05
   19750.0 2.6676e+05
   19850.0 2.6222e+05
   19950.0 2.5740e+05
   20050.0 2.5269e+05
   20150.0 2.4812e+05
   20250.0 2.4351e+05
   20350.0 2.3904e+05
   20450.0 2.3487e+05
   20550.0 2.3066e+05
   20650.0 2.2632e+05
   20750.0 2.2261e+05
   20850.0 2.1872e+05
   20950.0 2.1483e+05
   21050.0 2.1101e+05
   21150.0 2.0690e+05
   21250.0 2.0334e+05
   21350.0 1.9986e+05
   21450.0 1.9675e+05
   21550.0 1.9307e+05
   21650.0 1.7837e+05
   21750.0 1.8609e+05
   21850.0 1.8384e+05
   21950.0 1.8085e+05
   22050.0 1.7768e+05
   22150.0 1.7444e+05
   22250.0 1.7191e+05
   22350.0 1.6908e+05
   22450.0 1.6643e+05
   22550.0 1.6352e+05
   22650.0 1.6100e+05
   22750.0 1.5836e+05
   22850.0 1.5666e+05
   22950.0 1.5673e+05
   23050.0 1.5350e+05
   23150.0 1.5012e+05
   23250.0 1.4695e+05
   23350.0 1.4395e+05
   23450.0 1.4111e+05
   23550.0 1.3843e+05
   23650.0 1.3603e+05
   23750.0 1.3391e+05
   23850.0 1.3172e+05
   23950.0 1.2966e+05
   24050.0 1.2740e+05
   24150.0 1.2503e+05
   24250.0 1.2535e+05
   24350.0 1.2161e+05
   24450.0 1.1958e+05
   24550.0 1.1996e+05
   24650.0 1.1683e+05
   24750.0 1.1519e+05
   24850.0 1.1601e+05
   24950.0 1.0884e+05
   25050.0 1.1350e+05
   25150.0 1.1138e+05
   25250.0 1.0381e+05
   25350.0 1.0771e+05
   25450.0 1.0696e+05
   25550.0 1.0460e+05
   25650.0 9.7531e+04
   25750.0 1.0178e+05
   25850.0 1.0076e+05
   25950.0 9.9456e+04
   26050.0 9.6891e+04
   26150.0 9.0768e+04
   26250.0 8.8790e+04
   26350.0 9.3229e+04
   26450.0 9.2577e+04
   26550.0 9.1218e+04
   26650.0 8.9555e+04
   26750.0 8.3222e+04
   26850.0 8.7128e+04
   26950.0 8.6384e+04
   27050.0 8.5222e+04
   27150.0 8.4091e+04
   27250.0 8.2926e+04
   27350.0 8.1759e+04
   27450.0 8.0592e+04
   27550.0 7.5220e+04
   27650.0 7.7140e+04
   27750.0 7.7441e+04
   27850.0 7.6484e+04
   27950.0 7.5462e+04
   28050.0 7.4437e+04
   28150.0 7.3440e+04
   28250.0 7.2516e+04
   28350.0 7.1557e+04
   28450.0 7.0537e+04
   28550.0 6.9661e+04
   28650.0 6.8123e+04
   28750.0 6.3849e+04
   28850.0 6.6822e+04
   28950.0 6.6061e+04
   29050.0 6.5280e+04
   29150.0 6.4381e+04
   29250.0 6.3647e+04
   29350.0 6.2825e+04
   29450.0 6.2025e+04
   29550.0 6.1290e+04
   29650.0 6.0496e+04
   29750.0 5.9737e+04
   29850.0 5.8975e+04
   29950.0 5.8220e+04
   30050.0 5.7528e+04
   30150.0 5.6791e+04
   30250.0 5.6023e+04
   30350.0 5.2894e+04
   30450.0 5.3453e+04
   30550.0 5.4029e+04
   30650.0 5.3409e+04
   30750.0 5.2745e+04
   30850.0 5.2038e+04
   30950.0 5.1439e+04
   31050.0 5.0810e+04
   31150.0 5.0200e+04
   31250.0 4.9597e+04
   31350.0 4.9025e+04
   31450.0 4.8398e+04
   31550.0 4.7863e+04
   31650.0 4.7298e+04
   31750.0 4.6703e+04
   31850.0 4.6185e+04
   31950.0 4.5662e+04
   32100.0 4.4852e+04
   32300.0 4.3804e+04
   32500.0 4.2778e+04
   32700.0 4.1786e+04
   32900.0 3.9429e+04
   33100.0 3.9994e+04
   33300.0 3.9255e+04
   33500.0 3.8297e+04
   33700.0 3.7294e+04
   33900.0 3.6396e+04
   34100.0 3.5517e+04
   34300.0 3.4706e+04
   34500.0 3.3902e+04
   34700.0 3.3144e+04
   34900.0 3.2411e+04
   35100.0 3.1731e+04
   35300.0 3.1074e+04
   35500.0 3.0316e+04
   35700.0 2.9610e+04
   35900.0 2.9328e+04
   36100.0 2.8277e+04
   36300.0 2.8139e+04
   36500.0 2.7057e+04
   36700.0 2.7048e+04
   36900.0 2.5840e+04
   37100.0 2.5902e+04
   37300.0 2.4987e+04
   37500.0 2.3800e+04
   37700.0 2.4341e+04
   37900.0 2.3901e+04
   38100.0 2.2974e+04
   38300.0 2.2653e+04
   38500.0 2.2499e+04
   38700.0 2.2011e+04
   38900.0 2.1539e+04
   39100.0 2.0504e+04
   39300.0 2.0754e+04
   39500.0 2.0360e+04
   39700.0 1.9972e+04
   39900.0 1.9569e+04
   40100.0 1.8949e+04
   40300.0 1.8393e+04
   40500.0 1.7897e+04
   40700.0 1.8105e+04
   40900.0 1.7771e+04
   41100.0 1.7456e+04
   41300.0 1.7133e+04
   41500.0 1.6794e+04
   41700.0 1.5944e+04
   41900.0 1.6154e+04
   42100.0 1.5879e+04
   42300.0 1.5602e+04
   42500.0 1.5323e+04
   42700.0 1.5048e+04
   42900.0 1.4778e+04
   43100.0 1.4512e+04
   43300.0 1.4250e+04
   43500.0 1.3999e+04
   43700.0 1.3337e+04
   43900.0 1.3422e+04
   44100.0 1.3263e+04
   44300.0 1.3034e+04
   44500.0 1.2814e+04
   44700.0 1.2657e+04
   44900.0 1.2438e+04
   45100.0 1.2227e+04
   45300.0 1.2015e+04
   45500.0 1.1816e+04
   45700.0 1.1616e+04
   45900.0 1.1412e+04
   46100.0 1.1217e+04
   46300.0 1.1020e+04
   46500.0 1.0515e+04
   46700.0 1.0266e+04
   46900.0 1.0462e+04
   47100.0 1.0319e+04
   47300.0 1.0152e+04
   47500.0 9.9813e+03
   47700.0 9.8240e+03
   47900.0 9.6690e+03
   48100.0 9.5110e+03
   48300.0 9.3502e+03
   48500.0 9.2018e+03
   48700.0 9.0607e+03
   48900.0 8.9115e+03
   49100.0 8.7694e+03
   49300.0 8.6343e+03
   49500.0 8.4961e+03
   49700.0 8.3648e+03
   49900.0 8.2352e+03
   50100.0 8.1075e+03
   50300.0 7.9815e+03
   50500.0 7.8620e+03
   50700.0 7.7441e+03
   50900.0 7.6186e+03
   51100.0 7.4856e+03
   51300.0 7.1312e+03
   51500.0 7.2703e+03
   51700.0 7.1738e+03
   51900.0 7.0652e+03
   52100.0 6.9580e+03
   52300.0 6.8567e+03
   52500.0 6.7523e+03
   52700.0 6.6537e+03
   52900.0 6.5563e+03
   53100.0 6.4645e+03
   53300.0 6.3696e+03
   53500.0 6.2760e+03
   53700.0 6.1836e+03
   53900.0 6.0883e+03
   54100.0 6.0024e+03
   54300.0 5.9135e+03
   54500.0 5.8339e+03
   54700.0 5.7472e+03
   54900.0 5.6656e+03
   55100.0 5.5850e+03
   55300.0 5.5094e+03
   55500.0 5.4309e+03
   55700.0 5.3533e+03
   55900.0 5.2805e+03
   56100.0 5.2086e+03
   56300.0 5.1376e+03
   56500.0 5.0675e+03
   56700.0 4.9983e+03
   56900.0 4.9262e+03
   57100.0 4.8623e+03
   57300.0 4.7919e+03
   57500.0 4.7260e+03
   57700.0 4.6608e+03
   57900.0 4.6001e+03
   58100.0 4.5365e+03
   58300.0 4.4807e+03
   58500.0 4.4291e+03
   58700.0 4.3746e+03
   58900.0 4.3000e+03
   59100.0 4.1096e+03
   59300.0 4.1945e+03
   59500.0 4.1426e+03
   59700.0 4.0947e+03
   59900.0 4.0373e+03
   60100.0 3.9839e+03
   60300.0 3.9345e+03
   60500.0 3.8823e+03
   60700.0 3.8340e+03
   60900.0 3.7830e+03
   61100.0 3.7325e+03
   61300.0 3.6859e+03
   61500.0 3.6398e+03
   61700.0 3.5941e+03
   61900.0 3.5491e+03
   62100.0 3.5045e+03
   62300.0 3.4604e+03
   62500.0 3.4168e+03
   62700.0 3.3767e+03
   62900.0 3.3310e+03
   63100.0 3.2919e+03
   63300.0 3.2501e+03
   63500.0 3.2119e+03
   63700.0 3.1710e+03
   63900.0 3.1336e+03
   64200.0 3.0753e+03
   64600.0 3.0028e+03
   65000.0 2.9291e+03
   65400.0 2.8597e+03
   65800.0 2.7891e+03
   66200.0 2.7243e+03
   66600.0 2.6608e+03
   67000.0 2.5990e+03
   67400.0 2.5389e+03
   67800.0 2.4809e+03
   68200.0 2.4243e+03
   68600.0 2.3688e+03
   69000.0 2.3152e+03
   69400.0 2.2630e+03
   69800.0 2.2127e+03
   70200.0 2.1637e+03
   70600.0 2.1160e+03
   71000.0 2.0679e+03
   71400.0 2.0225e+03
   71800.0 1.9786e+03
   72200.0 1.9351e+03
   72600.0 1.8941e+03
   73000.0 1.8540e+03
   73400.0 1.8145e+03
   73800.0 1.7762e+03
   74200.0 1.7385e+03
   74600.0 1.6788e+03
   75000.0 1.6362e+03
   75400.0 1.6320e+03
   75800.0 1.5991e+03
   76200.0 1.5667e+03
   76600.0 1.5346e+03
   77000.0 1.5021e+03
   77400.0 1.4720e+03
   77800.0 1.4425e+03
   78200.0 1.4137e+03
   78600.0 1.3857e+03
   79000.0 1.3583e+03
   79400.0 1.3315e+03
   79800.0 1.3054e+03
   80200.0 1.2801e+03
   80600.0 1.2552e+03
   81000.0 1.2310e+03
   81400.0 1.2073e+03
   81800.0 1.1844e+03
   82200.0 1.1618e+03
   82600.0 1.1398e+03
   83000.0 1.1184e+03
   83400.0 1.0972e+03
   83800.0 1.0765e+03
   84200.0 1.0566e+03
   84600.0 1.0363e+03
   85000.0 1.0174e+03
   85400.0 9.9871e+02
   85800.0 9.8046e+02
   86200.0 9.6267e+02
   86600.0 9.4516e+02
   87000.0 9.2825e+02
   87400.0 9.1161e+02
   87800.0 8.9539e+02
   88200.0 8.7943e+02
   88600.0 8.6402e+02
   89000.0 8.4870e+02
   89400.0 8.3392e+02
   89800.0 8.1937e+02
   90200.0 8.0504e+02
   90600.0 7.9123e+02
   91000.0 7.7748e+02
   91400.0 7.6423e+02
   91800.0 7.5119e+02
   92200.0 7.3833e+02
   92600.0 7.2582e+02
   93000.0 7.1362e+02
   93400.0 7.0161e+02
   93800.0 6.8937e+02
   94200.0 6.7785e+02
   94600.0 6.6651e+02
   95000.0 6.5546e+02
   95400.0 6.4483e+02
   95800.0 6.3423e+02
   96200.0 6.2379e+02
   96600.0 6.1375e+02
   97000.0 6.0385e+02
   97400.0 5.9398e+02
   97800.0 5.8461e+02
   98200.0 5.7513e+02
   98600.0 5.6604e+02
   99000.0 5.5707e+02
   99400.0 5.4822e+02
   99800.0 5.3950e+02
  100200.0 5.3114e+02
  200000.0 3.3966e+01
  400000.0 2.1113e+00
  600000.0 4.1338e-01
  800000.0 1.2974e-01
 1000000.0 5.2775e-02
 1200000.0 2.5274e-02
 1400000.0 1.3570e-02
 1600000.0 7.9164e-03
