      91.0 0.0000e+00
      94.0 0.0000e+00
      96.0 0.0000e+00
      98.0 0.0000e+00
     100.0 0.0000e+00
     102.0 0.0000e+00
     104.0 0.0000e+00
     106.0 0.0000e+00
     108.0 0.0000e+00
     110.0 0.0000e+00
     114.0 0.0000e+00
     118.0 0.0000e+00
     121.0 0.0000e+00
     125.0 0.0000e+00
     127.0 0.0000e+00
     128.0 0.0000e+00
     131.0 0.0000e+00
     132.0 0.0000e+00
     134.0 0.0000e+00
     137.0 0.0000e+00
     140.0 0.0000e+00
     143.0 0.0000e+00
     147.0 0.0000e+00
     151.0 0.0000e+00
     155.0 0.0000e+00
     159.0 0.0000e+00
     162.0 0.0000e+00
     166.0 0.0000e+00
     170.0 0.0000e+00
     173.0 0.0000e+00
     177.0 0.0000e+00
     180.0 0.0000e+00
     182.0 0.0000e+00
     186.0 0.0000e+00
     191.0 0.0000e+00
     194.0 0.0000e+00
     198.0 0.0000e+00
     202.0 0.0000e+00
     205.0 0.0000e+00
     210.0 0.0000e+00
     216.0 0.0000e+00
     220.0 0.0000e+00
     223.0 0.0000e+00
     227.0 0.0000e+00
     230.0 2.5684e-02
     234.0 5.6481e-02
     240.0 1.1854e-01
     246.0 2.6097e-01
     252.0 5.1570e-01
     257.0 7.8687e-01
     260.0 1.2650e+00
     264.0 1.9150e+00
     269.0 3.0509e+00
     274.0 4.9516e+00
     279.0 7.8136e+00
     284.0 1.4214e+01
     290.0 2.3527e+01
     296.0 3.8336e+01
     301.0 5.5934e+01
     308.0 9.7108e+01
     318.0 2.1808e+02
     328.0 4.1353e+02
     338.0 8.0908e+02
     348.0 1.4744e+03
     357.0 6.1366e+03
     366.0 1.2318e+04
     375.0 1.7524e+04
     385.0 2.8065e+04
     395.0 5.3355e+04
     405.0 7.6033e+04
     414.0 1.0977e+05
     422.0 1.4262e+05
     430.0 1.9385e+05
     441.0 2.7722e+05
     451.0 3.5975e+05
     460.0 4.5179e+05
     470.0 6.1180e+05
     480.0 7.9945e+05
     490.0 1.0354e+06
     500.0 1.3037e+06
     506.0 5.9248e+06
     512.0 3.5155e+07
     520.0 3.6769e+07
     530.0 3.9318e+07
     540.0 3.6781e+07
     550.0 5.6569e+07
     560.0 6.6880e+07
     570.0 7.5331e+07
     580.0 7.0367e+07
     590.0 8.8534e+07
     600.0 9.1936e+07
     610.0 1.0819e+08
     620.0 1.2060e+08
     630.0 1.2904e+08
     640.0 1.2732e+08
     650.0 1.4470e+08
     658.0 1.5388e+08
     665.0 1.6026e+08
     675.0 1.5734e+08
     685.0 1.5459e+08
     695.0 1.9580e+08
     705.0 1.8380e+08
     716.0 2.1499e+08
     726.0 2.1930e+08
     735.0 2.2198e+08
     745.0 2.4868e+08
     755.0 2.5897e+08
     765.0 2.7027e+08
     775.0 2.8630e+08
     785.0 3.0377e+08
     795.0 3.0889e+08
     805.0 3.1570e+08
     815.0 3.1847e+08
     825.0 3.4321e+08
     835.0 2.7398e+08
     845.0 3.4496e+08
     855.0 3.4711e+08
     865.0 3.6589e+08
     875.0 3.8436e+08
     885.0 4.0971e+08
     895.0 4.2292e+08
     905.0 4.1816e+08
     915.0 5.4127e+08
     925.0 3.3650e+09
     935.0 7.0574e+09
     945.0 1.1481e+10
     955.0 1.2979e+10
     965.0 1.4345e+10
     975.0 2.7575e+09
     985.0 1.0052e+10
     995.0 9.6924e+09
    1005.0 1.2656e+10
    1015.0 1.3107e+10
    1025.0 8.3264e+09
    1035.0 1.1188e+10
    1045.0 1.5242e+10
    1055.0 1.4017e+10
    1065.0 1.1408e+10
    1075.0 1.2566e+10
    1085.0 1.1236e+10
    1095.0 1.2802e+10
    1105.0 1.1933e+10
    1115.0 1.1719e+10
    1125.0 9.4939e+09
    1135.0 1.1571e+10
    1145.0 1.0720e+10
    1155.0 1.0679e+10
    1165.0 1.0329e+10
    1175.0 5.9523e+09
    1185.0 9.5474e+09
    1195.0 9.0272e+09
    1205.0 7.6161e+09
    1215.0 5.9616e+09
    1225.0 8.4866e+09
    1235.0 9.3246e+09
    1245.0 9.2373e+09
    1255.0 8.8242e+09
    1265.0 9.0225e+09
    1275.0 9.3241e+09
    1285.0 9.2377e+09
    1295.0 7.9514e+09
    1305.0 8.1751e+09
    1315.0 9.0013e+09
    1325.0 8.4493e+09
    1335.0 8.1684e+09
    1345.0 8.2131e+09
    1355.0 8.0793e+09
    1365.0 7.5365e+09
    1375.0 7.2751e+09
    1385.0 7.0454e+09
    1395.0 4.7627e+09
    1405.0 4.9424e+09
    1415.0 6.3545e+09
    1425.0 6.0058e+09
    1435.0 6.3009e+09
    1442.0 6.3668e+09
    1447.0 6.2541e+09
    1455.0 6.0213e+09
    1465.0 5.5594e+09
    1475.0 5.6772e+09
    1485.0 5.6227e+09
    1495.0 5.4834e+09
    1505.0 4.9930e+09
    1512.0 4.4449e+09
    1517.0 4.5876e+09
    1525.0 4.6840e+09
    1535.0 3.8689e+09
    1545.0 3.5261e+09
    1555.0 3.4978e+09
    1565.0 3.9394e+09
    1575.0 4.2308e+09
    1585.0 4.2502e+09
    1595.0 4.1942e+09
    1605.0 4.1957e+09
    1615.0 4.0533e+09
    1625.0 4.0272e+09
    1635.0 4.2432e+09
    1645.0 4.2387e+09
    1655.0 4.2108e+09
    1665.0 4.2136e+09
    1672.0 3.9682e+09
    1677.0 4.4686e+09
    1685.0 4.2700e+09
    1695.0 4.0462e+09
    1705.0 3.9576e+09
    1715.0 3.7371e+09
    1725.0 3.6483e+09
    1735.0 3.7849e+09
    1745.0 3.7121e+09
    1755.0 3.7232e+09
    1765.0 3.6773e+09
    1775.0 3.4343e+09
    1785.0 3.5096e+09
    1795.0 3.5510e+09
    1805.0 3.5706e+09
    1815.0 3.2183e+09
    1825.0 3.3192e+09
    1835.0 3.2329e+09
    1845.0 2.9296e+09
    1855.0 3.0044e+09
    1865.0 3.0439e+09
    1875.0 3.1098e+09
    1885.0 2.7819e+09
    1895.0 2.5783e+09
    1905.0 2.7988e+09
    1915.0 2.6359e+09
    1925.0 2.4795e+09
    1935.0 2.6551e+09
    1945.0 2.7315e+09
    1955.0 2.4247e+09
    1967.0 2.6292e+09
    1976.0 2.7521e+09
    1984.0 2.5469e+09
    1995.0 2.5041e+09
    2005.0 2.5809e+09
    2015.0 2.5627e+09
    2025.0 2.6170e+09
    2035.0 2.3840e+09
    2045.0 2.4155e+09
    2055.0 2.2549e+09
    2065.0 2.3040e+09
    2074.0 2.4968e+09
    2078.0 2.2519e+09
    2085.0 2.3436e+09
    2095.0 2.1983e+09
    2105.0 2.2860e+09
    2115.0 2.2899e+09
    2125.0 2.3008e+09
    2135.0 2.2543e+09
    2145.0 2.1393e+09
    2155.0 2.2238e+09
    2165.0 2.2020e+09
    2175.0 2.1686e+09
    2185.0 2.1089e+09
    2195.0 2.1293e+09
    2205.0 2.1164e+09
    2215.0 2.0800e+09
    2225.0 2.0262e+09
    2235.0 1.9848e+09
    2245.0 1.9960e+09
    2255.0 1.9453e+09
    2265.0 1.9511e+09
    2275.0 1.9217e+09
    2285.0 1.9065e+09
    2295.0 1.7670e+09
    2305.0 1.8415e+09
    2315.0 1.7894e+09
    2325.0 1.6148e+09
    2335.0 1.7224e+09
    2345.0 1.7415e+09
    2355.0 1.7196e+09
    2365.0 1.7036e+09
    2375.0 1.6597e+09
    2385.0 1.6475e+09
    2395.0 1.6244e+09
    2405.0 1.6020e+09
    2415.0 1.5834e+09
    2425.0 1.5740e+09
    2435.0 1.5334e+09
    2445.0 1.5293e+09
    2455.0 1.5245e+09
    2465.0 1.4999e+09
    2475.0 1.4755e+09
    2485.0 1.4423e+09
    2495.0 1.1830e+09
    2505.0 1.3880e+09
    2513.0 1.3362e+09
    2518.0 1.3820e+09
    2525.0 1.3783e+09
    2535.0 1.3674e+09
    2545.0 1.3258e+09
    2555.0 1.3257e+09
    2565.0 1.3129e+09
    2575.0 1.3040e+09
    2585.0 1.2863e+09
    2595.0 1.2711e+09
    2605.0 1.2562e+09
    2615.0 1.2360e+09
    2625.0 1.2267e+09
    2635.0 1.2148e+09
    2645.0 1.1992e+09
    2655.0 1.1908e+09
    2665.0 1.1481e+09
    2675.0 1.1463e+09
    2685.0 1.1456e+09
    2695.0 1.1034e+09
    2705.0 1.0820e+09
    2715.0 1.0822e+09
    2725.0 1.0809e+09
    2735.0 1.0694e+09
    2745.0 1.0507e+09
    2755.0 1.0445e+09
    2765.0 1.0283e+09
    2775.0 1.0329e+09
    2785.0 1.0161e+09
    2795.0 9.7889e+08
    2805.0 9.8472e+08
    2815.0 9.8667e+08
    2825.0 9.7188e+08
    2835.0 9.3908e+08
    2845.0 9.4938e+08
    2855.0 9.3185e+08
    2865.0 9.2843e+08
    2875.0 9.1821e+08
    2885.0 9.0724e+08
    2895.0 8.9383e+08
    2910.0 8.7430e+08
    2930.0 8.6352e+08
    2950.0 8.3684e+08
    2970.0 8.2384e+08
    2990.0 8.0480e+08
    3010.0 7.7455e+08
    3030.0 7.6959e+08
    3050.0 7.5708e+08
    3070.0 7.4445e+08
    3090.0 7.1600e+08
    3110.0 7.1178e+08
    3130.0 6.9170e+08
    3150.0 6.8125e+08
    3170.0 6.6397e+08
    3190.0 6.4990e+08
    3210.0 6.4066e+08
    3230.0 6.2517e+08
    3250.0 6.1556e+08
    3270.0 6.0054e+08
    3290.0 5.8850e+08
    3310.0 5.7747e+08
    3330.0 5.6482e+08
    3350.0 5.5436e+08
    3370.0 5.4336e+08
    3390.0 5.3468e+08
    3410.0 5.2430e+08
    3430.0 5.0842e+08
    3450.0 4.9871e+08
    3470.0 4.9308e+08
    3490.0 4.8350e+08
    3510.0 4.7548e+08
    3530.0 4.6828e+08
    3550.0 4.5902e+08
    3570.0 4.5182e+08
    3590.0 4.3889e+08
    3610.0 4.3137e+08
    3630.0 4.2445e+08
    3640.0 4.2348e+08
    3650.0 4.1801e+08
    3670.0 4.1231e+08
    3690.0 3.9499e+08
    3710.0 3.7872e+08
    3730.0 3.6830e+08
    3750.0 3.8766e+08
    3770.0 3.8263e+08
    3790.0 3.9596e+08
    3810.0 4.0958e+08
    3830.0 3.6656e+08
    3850.0 4.0904e+08
    3870.0 4.0234e+08
    3890.0 3.4346e+08
    3910.0 4.0035e+08
    3930.0 3.8720e+08
    3950.0 3.8244e+08
    3970.0 3.1811e+08
    3990.0 3.7022e+08
    4010.0 3.6654e+08
    4030.0 3.5205e+08
    4050.0 3.5407e+08
    4070.0 3.3858e+08
    4090.0 3.1915e+08
    4110.0 2.8999e+08
    4130.0 3.2298e+08
    4150.0 3.2064e+08
    4170.0 3.1867e+08
    4190.0 3.1448e+08
    4210.0 3.1122e+08
    4230.0 3.0454e+08
    4250.0 2.9656e+08
    4270.0 2.8722e+08
    4290.0 2.8461e+08
    4310.0 2.7584e+08
    4330.0 2.5814e+08
    4350.0 2.3898e+08
    4370.0 2.6311e+08
    4390.0 2.6196e+08
    4410.0 2.5934e+08
    4430.0 2.5646e+08
    4450.0 2.5198e+08
    4470.0 2.4156e+08
    4490.0 2.4465e+08
    4510.0 2.4190e+08
    4530.0 2.3836e+08
    4550.0 2.3459e+08
    4570.0 2.3082e+08
    4590.0 2.2648e+08
    4610.0 2.2136e+08
    4630.0 2.1822e+08
    4650.0 2.1075e+08
    4670.0 2.1164e+08
    4690.0 2.0967e+08
    4710.0 2.0217e+08
    4730.0 2.0298e+08
    4750.0 1.9963e+08
    4770.0 1.9896e+08
    4790.0 1.9547e+08
    4810.0 1.9178e+08
    4830.0 1.8803e+08
    4850.0 1.7802e+08
    4870.0 1.6109e+08
    4890.0 1.8004e+08
    4910.0 1.7807e+08
    4930.0 1.7239e+08
    4950.0 1.7222e+08
    4970.0 1.7118e+08
    4990.0 1.6832e+08
    5010.0 1.6158e+08
    5030.0 1.6323e+08
    5050.0 1.5983e+08
    5070.0 1.5894e+08
    5090.0 1.5640e+08
    5110.0 1.5394e+08
    5130.0 1.5083e+08
    5150.0 1.4902e+08
    5170.0 1.4756e+08
    5190.0 1.4567e+08
    5210.0 1.4358e+08
    5230.0 1.4161e+08
    5250.0 1.3961e+08
    5270.0 1.3739e+08
    5290.0 1.3584e+08
    5310.0 1.3384e+08
    5330.0 1.3216e+08
    5350.0 1.3025e+08
    5370.0 1.2858e+08
    5390.0 1.2672e+08
    5410.0 1.2513e+08
    5430.0 1.2344e+08
    5450.0 1.2168e+08
    5470.0 1.2007e+08
    5490.0 1.1844e+08
    5510.0 1.1707e+08
    5530.0 1.1529e+08
    5550.0 1.1403e+08
    5570.0 1.1244e+08
    5590.0 1.1106e+08
    5610.0 1.0958e+08
    5630.0 1.0820e+08
    5650.0 1.0650e+08
    5670.0 1.0463e+08
    5690.0 1.0289e+08
    5710.0 1.0228e+08
    5730.0 1.0110e+08
    5750.0 9.9488e+07
    5770.0 9.8764e+07
    5790.0 9.7403e+07
    5810.0 9.6200e+07
    5830.0 9.4765e+07
    5850.0 9.3733e+07
    5870.0 9.0242e+07
    5890.0 9.0736e+07
    5910.0 9.0020e+07
    5930.0 8.8732e+07
    5950.0 8.7594e+07
    5970.0 8.7042e+07
    5990.0 8.5593e+07
    6010.0 8.4792e+07
    6030.0 8.3603e+07
    6050.0 8.2658e+07
    6070.0 8.1789e+07
    6090.0 8.0833e+07
    6110.0 7.9887e+07
    6130.0 7.8951e+07
    6150.0 7.7678e+07
    6170.0 7.6828e+07
    6190.0 7.6082e+07
    6210.0 7.5251e+07
    6230.0 7.4367e+07
    6250.0 7.3370e+07
    6270.0 7.2567e+07
    6290.0 7.1773e+07
    6310.0 7.0867e+07
    6330.0 7.0121e+07
    6350.0 6.9144e+07
    6370.0 6.8474e+07
    6390.0 6.7665e+07
    6410.0 6.6893e+07
    6430.0 6.6158e+07
    6450.0 6.5374e+07
    6470.0 6.4426e+07
    6490.0 6.3659e+07
    6510.0 6.3099e+07
    6530.0 6.2207e+07
    6550.0 6.0179e+07
    6570.0 5.3840e+07
    6590.0 5.9533e+07
    6610.0 5.9503e+07
    6630.0 5.8981e+07
    6650.0 5.8274e+07
    6670.0 5.7224e+07
    6690.0 5.6588e+07
    6710.0 5.6437e+07
    6730.0 5.5652e+07
    6750.0 5.5191e+07
    6770.0 5.4630e+07
    6790.0 5.3659e+07
    6810.0 5.3344e+07
    6830.0 5.2775e+07
    6850.0 5.2263e+07
    6870.0 5.1679e+07
    6890.0 5.1052e+07
    6910.0 5.0455e+07
    6930.0 5.0039e+07
    6950.0 4.9504e+07
    6970.0 4.8998e+07
    6990.0 4.8448e+07
    7010.0 4.7952e+07
    7030.0 4.7413e+07
    7050.0 4.6927e+07
    7070.0 4.5750e+07
    7090.0 4.5946e+07
    7110.0 4.5213e+07
    7130.0 4.4795e+07
    7150.0 4.4521e+07
    7170.0 4.4063e+07
    7190.0 4.3609e+07
    7210.0 4.3160e+07
    7230.0 4.2165e+07
    7250.0 4.2183e+07
    7270.0 4.1838e+07
    7290.0 4.1067e+07
    7310.0 4.0978e+07
    7330.0 4.0531e+07
    7350.0 4.0155e+07
    7370.0 3.9739e+07
    7390.0 3.9349e+07
    7410.0 3.8940e+07
    7430.0 3.8535e+07
    7450.0 3.8156e+07
    7470.0 3.7651e+07
    7490.0 3.7386e+07
    7510.0 3.7017e+07
    7530.0 3.6630e+07
    7550.0 3.6310e+07
    7570.0 3.5951e+07
    7590.0 3.5575e+07
    7610.0 3.5181e+07
    7630.0 3.4873e+07
    7650.0 3.4547e+07
    7670.0 3.4204e+07
    7690.0 3.3864e+07
    7710.0 3.3528e+07
    7730.0 3.3214e+07
    7750.0 3.2903e+07
    7770.0 3.2495e+07
    7790.0 3.2269e+07
    7810.0 3.1927e+07
    7830.0 3.1647e+07
    7850.0 3.1350e+07
    7870.0 3.0978e+07
    7890.0 3.0648e+07
    7910.0 3.0416e+07
    7930.0 3.0110e+07
    7950.0 2.9845e+07
    7970.0 2.9564e+07
    7990.0 2.9303e+07
    8010.0 2.9007e+07
    8030.0 2.8751e+07
    8050.0 2.8498e+07
    8070.0 2.8265e+07
    8090.0 2.7942e+07
    8110.0 2.7567e+07
    8130.0 2.7486e+07
    8150.0 2.7171e+07
    8170.0 2.6984e+07
    8190.0 2.6638e+07
    8210.0 2.6295e+07
    8230.0 2.6025e+07
    8250.0 2.5935e+07
    8270.0 2.5494e+07
    8290.0 2.5441e+07
    8310.0 2.5232e+07
    8330.0 2.5007e+07
    8350.0 2.4698e+07
    8370.0 2.4443e+07
    8390.0 2.4293e+07
    8410.0 2.4008e+07
    8430.0 2.3708e+07
    8450.0 2.3378e+07
    8470.0 2.3201e+07
    8490.0 2.3092e+07
    8510.0 2.2669e+07
    8530.0 2.2793e+07
    8550.0 2.1981e+07
    8570.0 2.2728e+07
    8590.0 2.1663e+07
    8610.0 2.1530e+07
    8630.0 2.2349e+07
    8650.0 2.1652e+07
    8670.0 2.0260e+07
    8690.0 2.1676e+07
    8710.0 2.1766e+07
    8730.0 2.1131e+07
    8750.0 1.9296e+07
    8770.0 2.0503e+07
    8790.0 2.1046e+07
    8810.0 2.0919e+07
    8830.0 2.0640e+07
    8850.0 1.9552e+07
    8870.0 1.8214e+07
    8890.0 1.9968e+07
    8910.0 2.0029e+07
    8930.0 1.9880e+07
    8950.0 1.9761e+07
    8970.0 1.9569e+07
    8990.0 1.8992e+07
    9010.0 1.7194e+07
    9030.0 1.7971e+07
    9050.0 1.8814e+07
    9070.0 1.8615e+07
    9090.0 1.8591e+07
    9110.0 1.8509e+07
    9130.0 1.8371e+07
    9150.0 1.8219e+07
    9170.0 1.7983e+07
    9190.0 1.7805e+07
    9210.0 1.7120e+07
    9230.0 1.5272e+07
    9250.0 1.6846e+07
    9270.0 1.7150e+07
    9290.0 1.7146e+07
    9310.0 1.6962e+07
    9330.0 1.6848e+07
    9350.0 1.6748e+07
    9370.0 1.6622e+07
    9390.0 1.6497e+07
    9410.0 1.6346e+07
    9430.0 1.6223e+07
    9450.0 1.6087e+07
    9470.0 1.5872e+07
    9490.0 1.5792e+07
    9510.0 1.5474e+07
    9530.0 1.4894e+07
    9550.0 1.3398e+07
    9570.0 1.4953e+07
    9590.0 1.5138e+07
    9610.0 1.5010e+07
    9630.0 1.4871e+07
    9650.0 1.4860e+07
    9670.0 1.4735e+07
    9690.0 1.4610e+07
    9710.0 1.4436e+07
    9730.0 1.4389e+07
    9750.0 1.4280e+07
    9770.0 1.4171e+07
    9790.0 1.4051e+07
    9810.0 1.3931e+07
    9830.0 1.3837e+07
    9850.0 1.3732e+07
    9870.0 1.3614e+07
    9890.0 1.3486e+07
    9910.0 1.3334e+07
    9930.0 1.3317e+07
    9950.0 1.3203e+07
    9970.0 1.3089e+07
    9990.0 1.2989e+07
   10025.0 1.2362e+07
   10075.0 1.1956e+07
   10125.0 1.2294e+07
   10175.0 1.2127e+07
   10225.0 1.1894e+07
   10275.0 1.1676e+07
   10325.0 1.1417e+07
   10375.0 1.1252e+07
   10425.0 1.1045e+07
   10475.0 1.0847e+07
   10525.0 1.0647e+07
   10575.0 1.0457e+07
   10625.0 1.0269e+07
   10675.0 1.0067e+07
   10725.0 9.9061e+06
   10775.0 9.7286e+06
   10825.0 9.4537e+06
   10875.0 9.3680e+06
   10925.0 8.5611e+06
   10975.0 8.9024e+06
   11025.0 8.8593e+06
   11075.0 8.7531e+06
   11125.0 8.6019e+06
   11175.0 8.4550e+06
   11225.0 8.3066e+06
   11275.0 8.1642e+06
   11325.0 8.0184e+06
   11375.0 7.8934e+06
   11425.0 7.7574e+06
   11475.0 7.6326e+06
   11525.0 7.5069e+06
   11575.0 7.3769e+06
   11625.0 7.2585e+06
   11675.0 7.1340e+06
   11725.0 7.0245e+06
   11775.0 6.9078e+06
   11825.0 6.7964e+06
   11875.0 6.6874e+06
   11925.0 6.5800e+06
   11975.0 6.4290e+06
   12025.0 6.3698e+06
   12075.0 6.2695e+06
   12125.0 6.1690e+06
   12175.0 6.0723e+06
   12225.0 5.9770e+06
   12275.0 5.8838e+06
   12325.0 5.7912e+06
   12375.0 5.7014e+06
   12425.0 5.6137e+06
   12475.0 5.5187e+06
   12525.0 5.4281e+06
   12575.0 5.3562e+06
   12625.0 5.2747e+06
   12675.0 5.1973e+06
   12725.0 5.1173e+06
   12775.0 4.9590e+06
   12825.0 4.6128e+06
   12875.0 4.8657e+06
   12925.0 4.8181e+06
   12975.0 4.7197e+06
   13025.0 4.6737e+06
   13075.0 4.6071e+06
   13125.0 4.5401e+06
   13175.0 4.4725e+06
   13225.0 4.4079e+06
   13275.0 4.3441e+06
   13325.0 4.2792e+06
   13375.0 4.2171e+06
   13425.0 4.1531e+06
   13475.0 4.0986e+06
   13525.0 4.0382e+06
   13575.0 3.9825e+06
   13625.0 3.9229e+06
   13675.0 3.8699e+06
   13725.0 3.8131e+06
   13775.0 3.7628e+06
   13825.0 3.7105e+06
   13875.0 3.6583e+06
   13925.0 3.6048e+06
   13975.0 3.5570e+06
   14025.0 3.5073e+06
   14075.0 3.4612e+06
   14125.0 3.4133e+06
   14175.0 3.3666e+06
   14225.0 3.3216e+06
   14275.0 3.2760e+06
   14325.0 3.2316e+06
   14375.0 3.1883e+06
   14425.0 3.1460e+06
   14475.0 3.1037e+06
   14525.0 3.0619e+06
   14570.0 3.0255e+06
   14620.0 2.9864e+06
   14675.0 2.9434e+06
   14725.0 2.9047e+06
   14775.0 2.8664e+06
   14825.0 2.8296e+06
   14875.0 2.7927e+06
   14925.0 2.7563e+06
   14975.0 2.7197e+06
   15025.0 2.6841e+06
   15075.0 2.6431e+06
   15125.0 2.6120e+06
   15175.0 2.5772e+06
   15225.0 2.5437e+06
   15275.0 2.5081e+06
   15325.0 2.4744e+06
   15375.0 2.4476e+06
   15425.0 2.4061e+06
   15475.0 2.3871e+06
   15525.0 2.3558e+06
   15575.0 2.3081e+06
   15625.0 2.3125e+06
   15675.0 2.2602e+06
   15725.0 2.2187e+06
   15775.0 2.2321e+06
   15825.0 2.2008e+06
   15875.0 2.1136e+06
   15925.0 2.1349e+06
   15975.0 2.1319e+06
   16050.0 2.0790e+06
   16150.0 1.9981e+06
   16250.0 1.9968e+06
   16350.0 1.9303e+06
   16450.0 1.8537e+06
   16550.0 1.8594e+06
   16650.0 1.8163e+06
   16750.0 1.7545e+06
   16850.0 1.6823e+06
   16950.0 1.6938e+06
   17050.0 1.6467e+06
   17150.0 1.6178e+06
   17250.0 1.5802e+06
   17350.0 1.4847e+06
   17450.0 1.5055e+06
   17550.0 1.4783e+06
   17650.0 1.4458e+06
   17750.0 1.4140e+06
   17850.0 1.3820e+06
   17950.0 1.3532e+06
   18050.0 1.3228e+06
   18150.0 1.2450e+06
   18250.0 1.2584e+06
   18350.0 1.2411e+06
   18450.0 1.2147e+06
   18550.0 1.1877e+06
   18650.0 1.1557e+06
   18750.0 1.0946e+06
   18850.0 1.1157e+06
   18950.0 1.0933e+06
   19050.0 1.0676e+06
   19150.0 1.0497e+06
   19250.0 1.0284e+06
   19350.0 1.0057e+06
   19450.0 9.4209e+05
   19550.0 9.6448e+05
   19650.0 9.4878e+05
   19750.0 9.2998e+05
   19850.0 9.1180e+05
   19950.0 8.9395e+05
   20050.0 8.7640e+05
   20150.0 8.5946e+05
   20250.0 8.4280e+05
   20350.0 8.2672e+05
   20450.0 8.1062e+05
   20550.0 7.9367e+05
   20650.0 7.8038e+05
   20750.0 7.6563e+05
   20850.0 7.5141e+05
   20950.0 7.3715e+05
   21050.0 7.2367e+05
   21150.0 7.0719e+05
   21250.0 6.9710e+05
   21350.0 6.8453e+05
   21450.0 6.7165e+05
   21550.0 6.5871e+05
   21650.0 6.1734e+05
   21750.0 6.3373e+05
   21850.0 6.2467e+05
   21950.0 6.1377e+05
   22050.0 6.0303e+05
   22150.0 5.9222e+05
   22250.0 5.8158e+05
   22350.0 5.7159e+05
   22450.0 5.6175e+05
   22550.0 5.5206e+05
   22650.0 5.4252e+05
   22750.0 5.3313e+05
   22850.0 5.2434e+05
   22950.0 5.1705e+05
   23050.0 5.0828e+05
   23150.0 4.9965e+05
   23250.0 4.9137e+05
   23350.0 4.8255e+05
   23450.0 4.7387e+05
   23550.0 4.6574e+05
   23650.0 4.5774e+05
   23750.0 4.4985e+05
   23850.0 4.4250e+05
   23950.0 4.3484e+05
   24050.0 4.2750e+05
   24150.0 4.2047e+05
   24250.0 4.1375e+05
   24350.0 4.0692e+05
   24450.0 3.9999e+05
   24550.0 3.9415e+05
   24650.0 3.8721e+05
   24750.0 3.8076e+05
   24850.0 3.7615e+05
   24950.0 3.6813e+05
   25050.0 3.6577e+05
   25150.0 3.5926e+05
   25250.0 3.5022e+05
   25350.0 3.4765e+05
   25450.0 3.4362e+05
   25550.0 3.3690e+05
   25650.0 3.2790e+05
   25750.0 3.2716e+05
   25850.0 3.2302e+05
   25950.0 3.1804e+05
   26050.0 3.1101e+05
   26150.0 3.0145e+05
   26250.0 2.8889e+05
   26350.0 2.9793e+05
   26450.0 2.9499e+05
   26550.0 2.9022e+05
   26650.0 2.8501e+05
   26750.0 2.7484e+05
   26850.0 2.7662e+05
   26950.0 2.7391e+05
   27050.0 2.6992e+05
   27150.0 2.6599e+05
   27250.0 2.6210e+05
   27350.0 2.5842e+05
   27450.0 2.5416e+05
   27550.0 2.4410e+05
   27650.0 2.4469e+05
   27750.0 2.4386e+05
   27850.0 2.4041e+05
   27950.0 2.3716e+05
   28050.0 2.3365e+05
   28150.0 2.3048e+05
   28250.0 2.2719e+05
   28350.0 2.2410e+05
   28450.0 2.2105e+05
   28550.0 2.1774e+05
   28650.0 2.1300e+05
   28750.0 2.0427e+05
   28850.0 2.0848e+05
   28950.0 2.0618e+05
   29050.0 2.0348e+05
   29150.0 2.0068e+05
   29250.0 1.9791e+05
   29350.0 1.9531e+05
   29450.0 1.9274e+05
   29550.0 1.9006e+05
   29650.0 1.8756e+05
   29750.0 1.8508e+05
   29850.0 1.8263e+05
   29950.0 1.8021e+05
   30050.0 1.7782e+05
   30150.0 1.7545e+05
   30250.0 1.7298e+05
   30350.0 1.6547e+05
   30450.0 1.6567e+05
   30550.0 1.6639e+05
   30650.0 1.6441e+05
   30750.0 1.6220e+05
   30850.0 1.6015e+05
   30950.0 1.5824e+05
   31050.0 1.5622e+05
   31150.0 1.5423e+05
   31250.0 1.5214e+05
   31350.0 1.5032e+05
   31450.0 1.4840e+05
   31550.0 1.4661e+05
   31650.0 1.4473e+05
   31750.0 1.4299e+05
   31850.0 1.4115e+05
   31950.0 1.3944e+05
   32100.0 1.3686e+05
   32300.0 1.3356e+05
   32500.0 1.3022e+05
   32700.0 1.2717e+05
   32900.0 1.2076e+05
   33100.0 1.2073e+05
   33300.0 1.1852e+05
   33500.0 1.1572e+05
   33700.0 1.1298e+05
   33900.0 1.1040e+05
   34100.0 1.0787e+05
   34300.0 1.0539e+05
   34500.0 1.0297e+05
   34700.0 1.0039e+05
   34900.0 9.8178e+04
   35100.0 9.5962e+04
   35300.0 9.3752e+04
   35500.0 9.1652e+04
   35700.0 8.9602e+04
   35900.0 8.7676e+04
   36100.0 8.5686e+04
   36300.0 8.3943e+04
   36500.0 8.1982e+04
   36700.0 8.0468e+04
   36900.0 7.8409e+04
   37100.0 7.6895e+04
   37300.0 7.4357e+04
   37500.0 7.2151e+04
   37700.0 7.2256e+04
   37900.0 7.0828e+04
   38100.0 6.8996e+04
   38300.0 6.7631e+04
   38500.0 6.6526e+04
   38700.0 6.5167e+04
   38900.0 6.3722e+04
   39100.0 6.1950e+04
   39300.0 6.1252e+04
   39500.0 6.0064e+04
   39700.0 5.8867e+04
   39900.0 5.7698e+04
   40100.0 5.6177e+04
   40300.0 5.4838e+04
   40500.0 5.2953e+04
   40700.0 5.3273e+04
   40900.0 5.2281e+04
   41100.0 5.1276e+04
   41300.0 5.0246e+04
   41500.0 4.9269e+04
   41700.0 4.7597e+04
   41900.0 4.7397e+04
   42100.0 4.6589e+04
   42300.0 4.5714e+04
   42500.0 4.4833e+04
   42700.0 4.4026e+04
   42900.0 4.3134e+04
   43100.0 4.2419e+04
   43300.0 4.1644e+04
   43500.0 4.0869e+04
   43700.0 3.9416e+04
   43900.0 3.9194e+04
   44100.0 3.8710e+04
   44300.0 3.8013e+04
   44500.0 3.7339e+04
   44700.0 3.6718e+04
   44900.0 3.6064e+04
   45100.0 3.5433e+04
   45300.0 3.4811e+04
   45500.0 3.4204e+04
   45700.0 3.3613e+04
   45900.0 3.3036e+04
   46100.0 3.2451e+04
   46300.0 3.1880e+04
   46500.0 3.0331e+04
   46700.0 2.9995e+04
   46900.0 3.0170e+04
   47100.0 2.9795e+04
   47300.0 2.9297e+04
   47500.0 2.8807e+04
   47700.0 2.8328e+04
   47900.0 2.7857e+04
   48100.0 2.7398e+04
   48300.0 2.6945e+04
   48500.0 2.6504e+04
   48700.0 2.6075e+04
   48900.0 2.5651e+04
   49100.0 2.5234e+04
   49300.0 2.4827e+04
   49500.0 2.4431e+04
   49700.0 2.4041e+04
   49900.0 2.3656e+04
   50100.0 2.3281e+04
   50300.0 2.2911e+04
   50500.0 2.2552e+04
   50700.0 2.2197e+04
   50900.0 2.1851e+04
   51100.0 2.1446e+04
   51300.0 2.0560e+04
   51500.0 2.0816e+04
   51700.0 2.0530e+04
   51900.0 2.0216e+04
   52100.0 1.9907e+04
   52300.0 1.9606e+04
   52500.0 1.9309e+04
   52700.0 1.9015e+04
   52900.0 1.8731e+04
   53100.0 1.8449e+04
   53300.0 1.8172e+04
   53500.0 1.7902e+04
   53700.0 1.7640e+04
   53900.0 1.7377e+04
   54100.0 1.7122e+04
   54300.0 1.6874e+04
   54500.0 1.6630e+04
   54700.0 1.6388e+04
   54900.0 1.6149e+04
   55100.0 1.5918e+04
   55300.0 1.5685e+04
   55500.0 1.5463e+04
   55700.0 1.5240e+04
   55900.0 1.5024e+04
   56100.0 1.4810e+04
   56300.0 1.4600e+04
   56500.0 1.4395e+04
   56700.0 1.4193e+04
   56900.0 1.3993e+04
   57100.0 1.3800e+04
   57300.0 1.3609e+04
   57500.0 1.3420e+04
   57700.0 1.3233e+04
   57900.0 1.3053e+04
   58100.0 1.2874e+04
   58300.0 1.2698e+04
   58500.0 1.2530e+04
   58700.0 1.2362e+04
   58900.0 1.2147e+04
   59100.0 1.1632e+04
   59300.0 1.1843e+04
   59500.0 1.1710e+04
   59700.0 1.1554e+04
   59900.0 1.1400e+04
   60100.0 1.1248e+04
   60300.0 1.1101e+04
   60500.0 1.0952e+04
   60700.0 1.0809e+04
   60900.0 1.0667e+04
   61100.0 1.0529e+04
   61300.0 1.0391e+04
   61500.0 1.0257e+04
   61700.0 1.0124e+04
   61900.0 9.9931e+03
   62100.0 9.8666e+03
   62300.0 9.7385e+03
   62500.0 9.6148e+03
   62700.0 9.4926e+03
   62900.0 9.3717e+03
   63100.0 9.2552e+03
   63300.0 9.1369e+03
   63500.0 9.0230e+03
   63700.0 8.9102e+03
   63900.0 8.7987e+03
   64200.0 8.6352e+03
   64600.0 8.4223e+03
   65000.0 8.2168e+03
   65400.0 8.0185e+03
   65800.0 7.8243e+03
   66200.0 7.6370e+03
   66600.0 7.4537e+03
   67000.0 7.2768e+03
   67400.0 7.1062e+03
   67800.0 6.9391e+03
   68200.0 6.7780e+03
   68600.0 6.6202e+03
   69000.0 6.4681e+03
   69400.0 6.3191e+03
   69800.0 6.1755e+03
   70200.0 6.0372e+03
   70600.0 5.9016e+03
   71000.0 5.7711e+03
   71400.0 5.6407e+03
   71800.0 5.5176e+03
   72200.0 5.3945e+03
   72600.0 5.2760e+03
   73000.0 5.1621e+03
   73400.0 5.0504e+03
   73800.0 4.9407e+03
   74200.0 4.8266e+03
   74600.0 4.6500e+03
   75000.0 4.5281e+03
   75400.0 4.5308e+03
   75800.0 4.4393e+03
   76200.0 4.3453e+03
   76600.0 4.2550e+03
   77000.0 4.1685e+03
   77400.0 4.0815e+03
   77800.0 3.9980e+03
   78200.0 3.9180e+03
   78600.0 3.8374e+03
   79000.0 3.7603e+03
   79400.0 3.6844e+03
   79800.0 3.6118e+03
   80200.0 3.5404e+03
   80600.0 3.4703e+03
   81000.0 3.4014e+03
   81400.0 3.3355e+03
   81800.0 3.2707e+03
   82200.0 3.2070e+03
   82600.0 3.1444e+03
   83000.0 3.0845e+03
   83400.0 3.0257e+03
   83800.0 2.9679e+03
   84200.0 2.9110e+03
   84600.0 2.8567e+03
   85000.0 2.8033e+03
   85400.0 2.7508e+03
   85800.0 2.6992e+03
   86200.0 2.6500e+03
   86600.0 2.6016e+03
   87000.0 2.5539e+03
   87400.0 2.5070e+03
   87800.0 2.4609e+03
   88200.0 2.4171e+03
   88600.0 2.3739e+03
   89000.0 2.3299e+03
   89400.0 2.2896e+03
   89800.0 2.2484e+03
   90200.0 2.2079e+03
   90600.0 2.1695e+03
   91000.0 2.1316e+03
   91400.0 2.0943e+03
   91800.0 2.0576e+03
   92200.0 2.0229e+03
   92600.0 1.9873e+03
   93000.0 1.9536e+03
   93400.0 1.9204e+03
   93800.0 1.8877e+03
   94200.0 1.8555e+03
   94600.0 1.8237e+03
   95000.0 1.7938e+03
   95400.0 1.7630e+03
   95800.0 1.7339e+03
   96200.0 1.7052e+03
   96600.0 1.6770e+03
   97000.0 1.6492e+03
   97400.0 1.6218e+03
   97800.0 1.5960e+03
   98200.0 1.5693e+03
   98600.0 1.5443e+03
   99000.0 1.5196e+03
   99400.0 1.4953e+03
   99800.0 1.4713e+03
  100200.0 1.4476e+03
  200000.0 8.9758e+01
  400000.0 5.4855e+00
  600000.0 1.0676e+00
  800000.0 3.3408e-01
 1000000.0 1.3563e-01
 1200000.0 6.4955e-02
 1400000.0 3.4849e-02
 1600000.0 2.0316e-02
