      91.0 0.0000e+00
      94.0 0.0000e+00
      96.0 0.0000e+00
      98.0 0.0000e+00
     100.0 0.0000e+00
     102.0 0.0000e+00
     104.0 0.0000e+00
     106.0 0.0000e+00
     108.0 0.0000e+00
     110.0 0.0000e+00
     114.0 0.0000e+00
     118.0 0.0000e+00
     121.0 0.0000e+00
     125.0 0.0000e+00
     127.0 0.0000e+00
     128.0 0.0000e+00
     131.0 0.0000e+00
     132.0 0.0000e+00
     134.0 0.0000e+00
     137.0 0.0000e+00
     140.0 0.0000e+00
     143.0 0.0000e+00
     147.0 0.0000e+00
     151.0 0.0000e+00
     155.0 0.0000e+00
     159.0 0.0000e+00
     162.0 0.0000e+00
     166.0 0.0000e+00
     170.0 0.0000e+00
     173.0 0.0000e+00
     177.0 0.0000e+00
     180.0 0.0000e+00
     182.0 0.0000e+00
     186.0 0.0000e+00
     191.0 0.0000e+00
     194.0 0.0000e+00
     198.0 0.0000e+00
     202.0 0.0000e+00
     205.0 0.0000e+00
     210.0 0.0000e+00
     216.0 0.0000e+00
     220.0 0.0000e+00
     223.0 0.0000e+00
     227.0 0.0000e+00
     230.0 0.0000e+00
     234.0 0.0000e+00
     240.0 0.0000e+00
     246.0 0.0000e+00
     252.0 0.0000e+00
     257.0 0.0000e+00
     260.0 0.0000e+00
     264.0 0.0000e+00
     269.0 0.0000e+00
     274.0 0.0000e+00
     279.0 0.0000e+00
     284.0 0.0000e+00
     290.0 0.0000e+00
     296.0 0.0000e+00
     301.0 0.0000e+00
     308.0 0.0000e+00
     318.0 0.0000e+00
     328.0 0.0000e+00
     338.0 0.0000e+00
     348.0 0.0000e+00
     357.0 0.0000e+00
     366.0 0.0000e+00
     375.0 0.0000e+00
     385.0 0.0000e+00
     395.0 0.0000e+00
     405.0 0.0000e+00
     414.0 0.0000e+00
     422.0 0.0000e+00
     430.0 0.0000e+00
     441.0 0.0000e+00
     451.0 0.0000e+00
     460.0 0.0000e+00
     470.0 0.0000e+00
     480.0 0.0000e+00
     490.0 0.0000e+00
     500.0 0.0000e+00
     506.0 0.0000e+00
     512.0 0.0000e+00
     520.0 0.0000e+00
     530.0 0.0000e+00
     540.0 0.0000e+00
     550.0 0.0000e+00
     560.0 0.0000e+00
     570.0 0.0000e+00
     580.0 0.0000e+00
     590.0 0.0000e+00
     600.0 0.0000e+00
     610.0 0.0000e+00
     620.0 0.0000e+00
     630.0 0.0000e+00
     640.0 0.0000e+00
     650.0 0.0000e+00
     658.0 0.0000e+00
     665.0 0.0000e+00
     675.0 0.0000e+00
     685.0 0.0000e+00
     695.0 0.0000e+00
     705.0 0.0000e+00
     716.0 0.0000e+00
     726.0 0.0000e+00
     735.0 0.0000e+00
     745.0 0.0000e+00
     755.0 0.0000e+00
     765.0 0.0000e+00
     775.0 0.0000e+00
     785.0 0.0000e+00
     795.0 0.0000e+00
     805.0 0.0000e+00
     815.0 0.0000e+00
     825.0 0.0000e+00
     835.0 0.0000e+00
     845.0 0.0000e+00
     855.0 0.0000e+00
     865.0 0.0000e+00
     875.0 0.0000e+00
     885.0 0.0000e+00
     895.0 0.0000e+00
     905.0 0.0000e+00
     915.0 0.0000e+00
     925.0 0.0000e+00
     935.0 0.0000e+00
     945.0 0.0000e+00
     955.0 0.0000e+00
     965.0 0.0000e+00
     975.0 0.0000e+00
     985.0 0.0000e+00
     995.0 0.0000e+00
    1005.0 0.0000e+00
    1015.0 0.0000e+00
    1025.0 0.0000e+00
    1035.0 0.0000e+00
    1045.0 0.0000e+00
    1055.0 0.0000e+00
    1065.0 0.0000e+00
    1075.0 1.0265e-25
    1085.0 6.9094e-26
    1095.0 2.1243e-24
    1105.0 0.0000e+00
    1115.0 0.0000e+00
    1125.0 7.3942e-22
    1135.0 1.0426e-22
    1145.0 2.9864e-21
    1155.0 8.5576e-20
    1165.0 1.1919e-20
    1175.0 2.1045e-19
    1185.0 2.6234e-20
    1195.0 1.4586e-19
    1205.0 5.0551e-20
    1215.0 2.5174e-19
    1225.0 8.9021e-19
    1235.0 2.7298e-18
    1245.0 2.6188e-18
    1255.0 1.2875e-18
    1265.0 9.6145e-19
    1275.0 8.1881e-19
    1285.0 1.6456e-18
    1295.0 1.1970e-18
    1305.0 2.5765e-17
    1315.0 3.0263e-18
    1325.0 2.5826e-18
    1335.0 7.4148e-18
    1345.0 6.2211e-18
    1355.0 1.2135e-17
    1365.0 1.2119e-17
    1375.0 1.0256e-17
    1385.0 4.4967e-17
    1395.0 5.8232e-16
    1405.0 1.1202e-15
    1415.0 8.1872e-15
    1425.0 1.9630e-14
    1435.0 1.9823e-14
    1442.0 2.4158e-14
    1447.0 3.5870e-14
    1455.0 4.1968e-14
    1465.0 9.5879e-14
    1475.0 9.8111e-14
    1485.0 8.5755e-14
    1495.0 1.9884e-13
    1505.0 2.1272e-13
    1512.0 1.9906e-13
    1517.0 8.9158e-14
    1525.0 4.0792e-14
    1535.0 2.4561e-14
    1545.0 2.0421e-14
    1555.0 2.7385e-14
    1565.0 1.3249e-13
    1575.0 8.9238e-14
    1585.0 7.9715e-13
    1595.0 3.4037e-13
    1605.0 2.0273e-13
    1615.0 9.8711e-14
    1625.0 1.2538e-13
    1635.0 6.9710e-13
    1645.0 7.6798e-14
    1655.0 1.7110e-14
    1665.0 4.4425e-14
    1672.0 8.1458e-13
    1677.0 5.5943e-12
    1685.0 4.9416e-13
    1695.0 7.5547e-13
    1705.0 1.6517e-11
    1715.0 2.3032e-11
    1725.0 1.0933e-10
    1735.0 2.5487e-12
    1745.0 2.8603e-11
    1755.0 9.6595e-12
    1765.0 1.5240e-10
    1775.0 1.0726e-10
    1785.0 4.7421e-10
    1795.0 9.3156e-11
    1805.0 6.2608e-10
    1815.0 1.2915e-11
    1825.0 1.1309e-09
    1835.0 1.3423e-10
    1845.0 3.4844e-10
    1855.0 6.1369e-10
    1865.0 2.6805e-10
    1875.0 1.3562e-10
    1885.0 2.1579e-10
    1895.0 2.2664e-09
    1905.0 1.7589e-09
    1915.0 3.9174e-09
    1925.0 7.8928e-09
    1935.0 1.0694e-08
    1945.0 1.1018e-08
    1955.0 8.8823e-09
    1967.0 1.3712e-08
    1976.0 1.4339e-08
    1984.0 2.8494e-08
    1995.0 2.2682e-08
    2005.0 2.8738e-08
    2015.0 4.9648e-08
    2025.0 2.6378e-08
    2035.0 5.4034e-08
    2045.0 2.8932e-08
    2055.0 5.9348e-08
    2065.0 7.1373e-08
    2074.0 6.3897e-08
    2078.0 2.2028e-08
    2085.0 2.1842e-07
    2095.0 6.1393e-07
    2105.0 2.8362e-07
    2115.0 3.8415e-07
    2125.0 4.9527e-08
    2135.0 6.4480e-07
    2145.0 6.1926e-07
    2155.0 3.5892e-07
    2165.0 3.6738e-07
    2175.0 6.2663e-06
    2185.0 9.0423e-07
    2195.0 3.8553e-06
    2205.0 4.3507e-07
    2215.0 5.8831e-07
    2225.0 1.0731e-05
    2235.0 4.9549e-06
    2245.0 1.2360e-06
    2255.0 2.9030e-07
    2265.0 5.0209e-07
    2275.0 1.7319e-06
    2285.0 1.4515e-05
    2295.0 3.4106e-05
    2305.0 3.2456e-06
    2315.0 3.2109e-05
    2325.0 6.7971e-05
    2335.0 1.1292e-04
    2345.0 1.4288e-04
    2355.0 1.5088e-05
    2365.0 2.1202e-05
    2375.0 5.0258e-06
    2385.0 4.3302e-06
    2395.0 3.1631e-04
    2405.0 1.6468e-03
    2415.0 3.7689e-04
    2425.0 1.9380e-04
    2435.0 2.1013e-03
    2445.0 1.6070e-03
    2455.0 2.5647e-03
    2465.0 3.5504e-04
    2475.0 6.1430e-04
    2485.0 6.5131e-05
    2495.0 6.6999e-05
    2505.0 6.0159e-04
    2513.0 1.4733e-04
    2518.0 5.4716e-04
    2525.0 1.6332e-04
    2535.0 2.6890e-03
    2545.0 1.9662e-03
    2555.0 8.1432e-03
    2565.0 1.7022e-03
    2575.0 5.9392e-03
    2585.0 1.3477e-03
    2595.0 2.0336e-02
    2605.0 8.5917e-02
    2615.0 2.4130e-02
    2625.0 2.7479e-02
    2635.0 1.3098e-01
    2645.0 4.0486e-02
    2655.0 3.1931e-02
    2665.0 4.1097e-02
    2675.0 1.1231e-01
    2685.0 8.8475e-02
    2695.0 2.0226e-02
    2705.0 1.2144e-01
    2715.0 2.7868e-02
    2725.0 2.6662e-02
    2735.0 3.4659e-02
    2745.0 3.0620e-02
    2755.0 3.3605e-02
    2765.0 1.7662e-01
    2775.0 1.5588e-01
    2785.0 5.3680e-02
    2795.0 5.1117e-02
    2805.0 4.0191e-02
    2815.0 9.9862e-02
    2825.0 6.1742e-02
    2835.0 4.0568e-02
    2845.0 1.1712e-02
    2855.0 2.7364e-03
    2865.0 2.8065e-02
    2875.0 9.3982e-02
    2885.0 2.3427e-01
    2895.0 3.5112e-01
    2910.0 5.6772e-01
    2930.0 6.4478e-01
    2950.0 2.2640e-01
    2970.0 2.1942e-01
    2990.0 1.9785e-01
    3010.0 2.1680e-01
    3030.0 3.6233e-01
    3050.0 3.8376e-01
    3070.0 2.1146e+00
    3090.0 5.9468e-01
    3110.0 8.7780e+00
    3130.0 1.9107e+01
    3150.0 3.1785e+01
    3170.0 9.5682e+01
    3190.0 1.6957e+01
    3210.0 5.4558e+01
    3230.0 2.4057e+01
    3250.0 8.9951e+01
    3270.0 1.2987e+02
    3290.0 1.9432e+02
    3310.0 1.2850e+02
    3330.0 3.5384e+02
    3350.0 3.3093e+02
    3370.0 3.5689e+01
    3390.0 4.2876e+01
    3410.0 4.3932e+01
    3430.0 1.8581e+01
    3450.0 9.2951e+00
    3470.0 7.8309e+00
    3490.0 1.4148e+01
    3510.0 2.9901e+01
    3530.0 7.5101e+01
    3550.0 1.3845e+02
    3570.0 1.5214e+01
    3590.0 8.1135e+00
    3610.0 2.0685e+01
    3630.0 5.9454e+01
    3640.0 1.6336e+02
    3650.0 1.4861e+02
    3670.0 1.8448e+02
    3690.0 8.6494e+01
    3710.0 2.3166e+01
    3730.0 7.3418e+00
    3750.0 1.6074e+01
    3770.0 1.2867e+02
    3790.0 1.6830e+02
    3810.0 1.3928e+02
    3830.0 4.2689e+01
    3850.0 5.9002e+01
    3870.0 3.8088e+01
    3890.0 2.5985e+01
    3910.0 9.4204e+01
    3930.0 4.4497e+01
    3950.0 4.3571e+01
    3970.0 1.3901e+02
    3990.0 6.2948e+02
    4010.0 9.5157e+02
    4030.0 2.2712e+02
    4050.0 5.8494e+02
    4070.0 5.9695e+02
    4090.0 8.7457e+02
    4110.0 5.1631e+02
    4130.0 5.6032e+02
    4150.0 4.2585e+02
    4170.0 2.7205e+02
    4190.0 1.4494e+02
    4210.0 4.2110e+01
    4230.0 8.8465e+00
    4250.0 3.6767e+01
    4270.0 9.2669e+01
    4290.0 1.5123e+02
    4310.0 4.3361e+02
    4330.0 5.0247e+02
    4350.0 6.4577e+02
    4370.0 8.4646e+02
    4390.0 7.3859e+02
    4410.0 7.1711e+02
    4430.0 1.3956e+03
    4450.0 2.6718e+03
    4470.0 2.0928e+03
    4490.0 1.7030e+03
    4510.0 2.8098e+03
    4530.0 1.4019e+03
    4550.0 2.2324e+03
    4570.0 2.5873e+03
    4590.0 1.1458e+03
    4610.0 1.4219e+03
    4630.0 1.9014e+03
    4650.0 1.1829e+03
    4670.0 1.6562e+03
    4690.0 1.9261e+03
    4710.0 2.5055e+03
    4730.0 2.0963e+03
    4750.0 2.5081e+03
    4770.0 6.3719e+02
    4790.0 8.2422e+02
    4810.0 1.0589e+03
    4830.0 1.2003e+03
    4850.0 1.7461e+03
    4870.0 1.5669e+03
    4890.0 2.8735e+03
    4910.0 3.4093e+03
    4930.0 4.2609e+03
    4950.0 3.3583e+03
    4970.0 5.1752e+02
    4990.0 6.8627e+02
    5010.0 7.1042e+02
    5030.0 1.8793e+03
    5050.0 1.6904e+03
    5070.0 2.0807e+03
    5090.0 1.5867e+03
    5110.0 1.7548e+03
    5130.0 3.6121e+03
    5150.0 1.2167e+03
    5170.0 2.1162e+03
    5190.0 4.4141e+02
    5210.0 8.6147e+02
    5230.0 2.8567e+03
    5250.0 4.2067e+03
    5270.0 2.5026e+03
    5290.0 4.3580e+03
    5310.0 5.2354e+03
    5330.0 4.0561e+03
    5350.0 6.0791e+03
    5370.0 5.5432e+03
    5390.0 6.5547e+03
    5410.0 5.2895e+03
    5430.0 5.1733e+03
    5450.0 3.5552e+03
    5470.0 2.5858e+03
    5490.0 4.7227e+03
    5510.0 2.8470e+03
    5530.0 3.4888e+03
    5550.0 6.5910e+03
    5570.0 6.0336e+03
    5590.0 5.2268e+03
    5610.0 3.6552e+03
    5630.0 4.4945e+03
    5650.0 6.3297e+03
    5670.0 6.0651e+03
    5690.0 6.3003e+03
    5710.0 8.5145e+03
    5730.0 8.5282e+03
    5750.0 9.0203e+03
    5770.0 6.0259e+03
    5790.0 7.4045e+03
    5810.0 6.8598e+03
    5830.0 4.9676e+03
    5850.0 3.3110e+03
    5870.0 1.7787e+03
    5890.0 3.8749e+02
    5910.0 1.1374e+03
    5930.0 2.3462e+03
    5950.0 2.8118e+03
    5970.0 3.4588e+03
    5990.0 4.9731e+03
    6010.0 5.8332e+03
    6030.0 7.1797e+03
    6050.0 9.6320e+03
    6070.0 1.1479e+04
    6090.0 1.2458e+04
    6110.0 1.4098e+04
    6130.0 1.5028e+04
    6150.0 1.2907e+04
    6170.0 3.3925e+03
    6190.0 2.2117e+03
    6210.0 2.6879e+03
    6230.0 2.1396e+03
    6250.0 2.2376e+03
    6270.0 3.5597e+03
    6290.0 3.6220e+03
    6310.0 5.2826e+03
    6330.0 7.0390e+03
    6350.0 1.0558e+04
    6370.0 6.0436e+03
    6390.0 5.3333e+03
    6410.0 1.1960e+04
    6430.0 1.7704e+04
    6450.0 1.5450e+04
    6470.0 1.9614e+04
    6490.0 1.8235e+04
    6510.0 2.7048e+04
    6530.0 2.9950e+04
    6550.0 2.2755e+04
    6570.0 1.5441e+04
    6590.0 1.9304e+04
    6610.0 1.4480e+04
    6630.0 1.1542e+04
    6650.0 1.0207e+04
    6670.0 8.8033e+03
    6690.0 5.8195e+03
    6710.0 7.6466e+03
    6730.0 4.8424e+03
    6750.0 5.1349e+03
    6770.0 6.4233e+03
    6790.0 4.7911e+03
    6810.0 6.0119e+03
    6830.0 6.0358e+03
    6850.0 5.5278e+03
    6870.0 6.0293e+03
    6890.0 4.8753e+03
    6910.0 5.0932e+03
    6930.0 4.3098e+03
    6950.0 5.8664e+03
    6970.0 6.9313e+03
    6990.0 7.8439e+03
    7010.0 9.7271e+03
    7030.0 2.8656e+04
    7050.0 4.2946e+04
    7070.0 9.7138e+03
    7090.0 1.0725e+04
    7110.0 7.9846e+03
    7130.0 6.5529e+03
    7150.0 6.4952e+03
    7170.0 6.2304e+03
    7190.0 1.0617e+04
    7210.0 8.2284e+03
    7230.0 1.3331e+04
    7250.0 1.6424e+04
    7270.0 2.4027e+04
    7290.0 2.8612e+04
    7310.0 3.8150e+04
    7330.0 4.4102e+04
    7350.0 3.8224e+04
    7370.0 4.3073e+04
    7390.0 4.4684e+04
    7410.0 3.8962e+04
    7430.0 4.2641e+04
    7450.0 3.7183e+04
    7470.0 3.7393e+04
    7490.0 4.2473e+04
    7510.0 4.3608e+04
    7530.0 4.9045e+04
    7550.0 5.4087e+04
    7570.0 6.0811e+04
    7590.0 4.5754e+04
    7610.0 3.6030e+04
    7630.0 3.1680e+04
    7650.0 2.4445e+04
    7670.0 8.3534e+03
    7690.0 1.3661e+04
    7710.0 1.4484e+04
    7730.0 2.9882e+04
    7750.0 3.0846e+04
    7770.0 2.0181e+04
    7790.0 3.0254e+04
    7810.0 3.3520e+04
    7830.0 3.4307e+04
    7850.0 3.3860e+04
    7870.0 2.7144e+04
    7890.0 3.6870e+04
    7910.0 3.1585e+04
    7930.0 3.5030e+04
    7950.0 3.1837e+04
    7970.0 4.1834e+04
    7990.0 3.5201e+04
    8010.0 4.3361e+04
    8030.0 5.4564e+04
    8050.0 5.7606e+04
    8070.0 6.9069e+04
    8090.0 7.6936e+04
    8110.0 8.3941e+04
    8130.0 9.4686e+04
    8150.0 1.0217e+05
    8170.0 9.9277e+04
    8190.0 5.3276e+04
    8210.0 8.3279e+04
    8230.0 1.0306e+05
    8250.0 1.0585e+05
    8270.0 1.0827e+05
    8290.0 9.7505e+04
    8310.0 8.9587e+04
    8330.0 7.8719e+04
    8350.0 6.1693e+04
    8370.0 5.6076e+04
    8390.0 4.6337e+04
    8410.0 4.7592e+04
    8430.0 4.2439e+04
    8450.0 4.7999e+04
    8470.0 4.3142e+04
    8490.0 4.7947e+04
    8510.0 5.5471e+04
    8530.0 5.8277e+04
    8550.0 6.0957e+04
    8570.0 6.9016e+04
    8590.0 6.8078e+04
    8610.0 6.7115e+04
    8630.0 7.5354e+04
    8650.0 7.0294e+04
    8670.0 6.0637e+04
    8690.0 5.5452e+04
    8710.0 6.3085e+04
    8730.0 6.5015e+04
    8750.0 6.7663e+04
    8770.0 6.7900e+04
    8790.0 7.4203e+04
    8810.0 7.9799e+04
    8830.0 7.6716e+04
    8850.0 8.9322e+04
    8870.0 7.6910e+04
    8890.0 8.1374e+04
    8910.0 8.4649e+04
    8930.0 8.9519e+04
    8950.0 8.9658e+04
    8970.0 9.4058e+04
    8990.0 8.4218e+04
    9010.0 8.7404e+04
    9030.0 8.5547e+04
    9050.0 9.1172e+04
    9070.0 7.3380e+04
    9090.0 8.3130e+04
    9110.0 8.0598e+04
    9130.0 8.1410e+04
    9150.0 8.4392e+04
    9170.0 7.8962e+04
    9190.0 7.8079e+04
    9210.0 8.0426e+04
    9230.0 7.6418e+04
    9250.0 7.2977e+04
    9270.0 7.2509e+04
    9290.0 7.7310e+04
    9310.0 7.9565e+04
    9330.0 7.6621e+04
    9350.0 8.5964e+04
    9370.0 8.8766e+04
    9390.0 8.8049e+04
    9410.0 9.3633e+04
    9430.0 9.5354e+04
    9450.0 9.6884e+04
    9470.0 9.4657e+04
    9490.0 1.0367e+05
    9510.0 1.0505e+05
    9530.0 1.0500e+05
    9550.0 1.0270e+05
    9570.0 1.0419e+05
    9590.0 1.0223e+05
    9610.0 9.3646e+04
    9630.0 9.5766e+04
    9650.0 8.7733e+04
    9670.0 8.4024e+04
    9690.0 9.0037e+04
    9710.0 9.4245e+04
    9730.0 9.4327e+04
    9750.0 9.0282e+04
    9770.0 1.0098e+05
    9790.0 9.8567e+04
    9810.0 1.1217e+05
    9830.0 1.1178e+05
    9850.0 1.1150e+05
    9870.0 1.1513e+05
    9890.0 1.1084e+05
    9910.0 5.0466e+04
    9930.0 6.6219e+04
    9950.0 7.7629e+04
    9970.0 8.2397e+04
    9990.0 8.2356e+04
   10025.0 8.1567e+04
   10075.0 8.2555e+04
   10125.0 8.4596e+04
   10175.0 8.4172e+04
   10225.0 8.6746e+04
   10275.0 8.9788e+04
   10325.0 9.2903e+04
   10375.0 9.4683e+04
   10425.0 9.9559e+04
   10475.0 1.0045e+05
   10525.0 9.8834e+04
   10575.0 9.5940e+04
   10625.0 9.3775e+04
   10675.0 9.8981e+04
   10725.0 1.0252e+05
   10775.0 1.0618e+05
   10825.0 1.0653e+05
   10875.0 1.0890e+05
   10925.0 1.1363e+05
   10975.0 1.1479e+05
   11025.0 1.1296e+05
   11075.0 1.0090e+05
   11125.0 9.8344e+04
   11175.0 1.0217e+05
   11225.0 1.0383e+05
   11275.0 9.7820e+04
   11325.0 9.9202e+04
   11375.0 9.0398e+04
   11425.0 8.3702e+04
   11475.0 1.0173e+05
   11525.0 9.7143e+04
   11575.0 1.0445e+05
   11625.0 8.5017e+04
   11675.0 8.9120e+04
   11725.0 1.0040e+05
   11775.0 8.6575e+04
   11825.0 9.5021e+04
   11875.0 9.0736e+04
   11925.0 9.6722e+04
   11975.0 8.1976e+04
   12025.0 8.1354e+04
   12075.0 8.9071e+04
   12125.0 8.4015e+04
   12175.0 8.8989e+04
   12225.0 9.2034e+04
   12275.0 9.1365e+04
   12325.0 8.8415e+04
   12375.0 8.9894e+04
   12425.0 7.5229e+04
   12475.0 8.1524e+04
   12525.0 7.9040e+04
   12575.0 8.6830e+04
   12625.0 8.5090e+04
   12675.0 8.4047e+04
   12725.0 8.3980e+04
   12775.0 8.5088e+04
   12825.0 8.4499e+04
   12875.0 8.5290e+04
   12925.0 8.4775e+04
   12975.0 8.6830e+04
   13025.0 8.4327e+04
   13075.0 8.8032e+04
   13125.0 7.7895e+04
   13175.0 8.0829e+04
   13225.0 8.0082e+04
   13275.0 7.4920e+04
   13325.0 5.7110e+04
   13375.0 5.1589e+04
   13425.0 6.0148e+04
   13475.0 6.4028e+04
   13525.0 5.2169e+04
   13575.0 6.5138e+04
   13625.0 6.0888e+04
   13675.0 6.2349e+04
   13725.0 5.4390e+04
   13775.0 5.8148e+04
   13825.0 6.3682e+04
   13875.0 6.7709e+04
   13925.0 6.6110e+04
   13975.0 5.3622e+04
   14025.0 6.2427e+04
   14075.0 5.7554e+04
   14125.0 4.6034e+04
   14175.0 5.1916e+04
   14225.0 6.2225e+04
   14275.0 5.3822e+04
   14325.0 4.1076e+04
   14375.0 6.1398e+04
   14425.0 5.3654e+04
   14475.0 4.5305e+04
   14525.0 5.8829e+04
   14570.0 5.4105e+04
   14620.0 5.7113e+04
   14675.0 4.3210e+04
   14725.0 5.3989e+04
   14775.0 5.5976e+04
   14825.0 6.0346e+04
   14875.0 5.1578e+04
   14925.0 6.1316e+04
   14975.0 6.1228e+04
   15025.0 5.4978e+04
   15075.0 5.4298e+04
   15125.0 6.1907e+04
   15175.0 6.0250e+04
   15225.0 6.2700e+04
   15275.0 5.8333e+04
   15325.0 6.6837e+04
   15375.0 6.6200e+04
   15425.0 5.6347e+04
   15475.0 6.0240e+04
   15525.0 5.8161e+04
   15575.0 6.2336e+04
   15625.0 6.0562e+04
   15675.0 6.4179e+04
   15725.0 6.1153e+04
   15775.0 6.2018e+04
   15825.0 6.4883e+04
   15875.0 6.3143e+04
   15925.0 6.2558e+04
   15975.0 6.4704e+04
   16050.0 6.5218e+04
   16150.0 6.5516e+04
   16250.0 6.6120e+04
   16350.0 6.7557e+04
   16450.0 6.5364e+04
   16550.0 6.2913e+04
   16650.0 5.9867e+04
   16750.0 5.8471e+04
   16850.0 5.8877e+04
   16950.0 5.8059e+04
   17050.0 5.1605e+04
   17150.0 5.1127e+04
   17250.0 4.6304e+04
   17350.0 4.6250e+04
   17450.0 4.2217e+04
   17550.0 4.1426e+04
   17650.0 3.7712e+04
   17750.0 3.5842e+04
   17850.0 3.0997e+04
   17950.0 3.3626e+04
   18050.0 3.1334e+04
   18150.0 2.7189e+04
   18250.0 2.9596e+04
   18350.0 3.6468e+04
   18450.0 2.4371e+04
   18550.0 2.3471e+04
   18650.0 2.9546e+04
   18750.0 2.1056e+04
   18850.0 2.8366e+04
   18950.0 2.5536e+04
   19050.0 2.6706e+04
   19150.0 2.8802e+04
   19250.0 2.7685e+04
   19350.0 2.5526e+04
   19450.0 2.3016e+04
   19550.0 2.0099e+04
   19650.0 2.6088e+04
   19750.0 2.6608e+04
   19850.0 2.9171e+04
   19950.0 3.0672e+04
   20050.0 2.9016e+04
   20150.0 2.7116e+04
   20250.0 3.1437e+04
   20350.0 3.4661e+04
   20450.0 2.8760e+04
   20550.0 2.5437e+04
   20650.0 3.0231e+04
   20750.0 3.1082e+04
   20850.0 2.8743e+04
   20950.0 2.6317e+04
   21050.0 3.0311e+04
   21150.0 2.5446e+04
   21250.0 2.6848e+04
   21350.0 3.0964e+04
   21450.0 2.9191e+04
   21550.0 2.7242e+04
   21650.0 2.9984e+04
   21750.0 2.7783e+04
   21850.0 2.9513e+04
   21950.0 2.7304e+04
   22050.0 2.6612e+04
   22150.0 2.8328e+04
   22250.0 2.9043e+04
   22350.0 2.7751e+04
   22450.0 2.9099e+04
   22550.0 2.7379e+04
   22650.0 2.7395e+04
   22750.0 2.9889e+04
   22850.0 2.4299e+04
   22950.0 2.5454e+04
   23050.0 2.5121e+04
   23150.0 2.7008e+04
   23250.0 2.4380e+04
   23350.0 2.3336e+04
   23450.0 2.4773e+04
   23550.0 2.4692e+04
   23650.0 2.1285e+04
   23750.0 2.3279e+04
   23850.0 1.8225e+04
   23950.0 1.7885e+04
   24050.0 1.7475e+04
   24150.0 1.5168e+04
   24250.0 1.9309e+04
   24350.0 1.6069e+04
   24450.0 1.6686e+04
   24550.0 1.4242e+04
   24650.0 1.5613e+04
   24750.0 1.0871e+04
   24850.0 1.2141e+04
   24950.0 1.6418e+04
   25050.0 1.3356e+04
   25150.0 1.3883e+04
   25250.0 1.1327e+04
   25350.0 1.0377e+04
   25450.0 7.5816e+03
   25550.0 1.3329e+04
   25650.0 9.9390e+03
   25750.0 1.1531e+04
   25850.0 9.6978e+03
   25950.0 7.4525e+03
   26050.0 1.0735e+04
   26150.0 1.0034e+04
   26250.0 1.2909e+04
   26350.0 1.0869e+04
   26450.0 8.8360e+03
   26550.0 1.3060e+04
   26650.0 6.8281e+03
   26750.0 1.1662e+04
   26850.0 1.1637e+04
   26950.0 5.6021e+03
   27050.0 8.7745e+03
   27150.0 7.5745e+03
   27250.0 1.1639e+04
   27350.0 9.5418e+03
   27450.0 9.1971e+03
   27550.0 1.0617e+04
   27650.0 9.8142e+03
   27750.0 7.2739e+03
   27850.0 1.1150e+04
   27950.0 1.0345e+04
   28050.0 7.5733e+03
   28150.0 7.1443e+03
   28250.0 1.0478e+04
   28350.0 7.4541e+03
   28450.0 8.9619e+03
   28550.0 9.0375e+03
   28650.0 1.1094e+04
   28750.0 1.0053e+04
   28850.0 6.6145e+03
   28950.0 7.2843e+03
   29050.0 9.8346e+03
   29150.0 9.0306e+03
   29250.0 6.1040e+03
   29350.0 9.0959e+03
   29450.0 6.5496e+03
   29550.0 8.1203e+03
   29650.0 9.3710e+03
   29750.0 7.0617e+03
   29850.0 7.3765e+03
   29950.0 8.9770e+03
   30050.0 7.0688e+03
   30150.0 8.6605e+03
   30250.0 6.3257e+03
   30350.0 6.9116e+03
   30450.0 1.0081e+04
   30550.0 5.9990e+03
   30650.0 7.0195e+03
   30750.0 6.5947e+03
   30850.0 6.8960e+03
   30950.0 8.3012e+03
   31050.0 8.6483e+03
   31150.0 6.4573e+03
   31250.0 7.9915e+03
   31350.0 6.5460e+03
   31450.0 7.5580e+03
   31550.0 9.0775e+03
   31650.0 7.7130e+03
   31750.0 7.2469e+03
   31850.0 7.5857e+03
   31950.0 7.7121e+03
   32100.0 7.6553e+03
   32300.0 7.8631e+03
   32500.0 8.0130e+03
   32700.0 6.8589e+03
   32900.0 7.4382e+03
   33100.0 6.4073e+03
   33300.0 7.2303e+03
   33500.0 6.7126e+03
   33700.0 6.0028e+03
   33900.0 7.0528e+03
   34100.0 6.6599e+03
   34300.0 6.6008e+03
   34500.0 7.0202e+03
   34700.0 6.8728e+03
   34900.0 6.5816e+03
   35100.0 6.6489e+03
   35300.0 6.1917e+03
   35500.0 6.1260e+03
   35700.0 5.9399e+03
   35900.0 5.2961e+03
   36100.0 6.7430e+03
   36300.0 5.8944e+03
   36500.0 6.1414e+03
   36700.0 5.8557e+03
   36900.0 5.9183e+03
   37100.0 6.0533e+03
   37300.0 5.7955e+03
   37500.0 5.7176e+03
   37700.0 4.4397e+03
   37900.0 4.0556e+03
   38100.0 5.2928e+03
   38300.0 5.0570e+03
   38500.0 4.9690e+03
   38700.0 4.4934e+03
   38900.0 4.8317e+03
   39100.0 4.1964e+03
   39300.0 4.6997e+03
   39500.0 3.7591e+03
   39700.0 4.1816e+03
   39900.0 3.8807e+03
   40100.0 4.6453e+03
   40300.0 4.6000e+03
   40500.0 3.9201e+03
   40700.0 4.1582e+03
   40900.0 3.7377e+03
   41100.0 4.0706e+03
   41300.0 3.5834e+03
   41500.0 3.3324e+03
   41700.0 2.8936e+03
   41900.0 3.9036e+03
   42100.0 3.2083e+03
   42300.0 3.1506e+03
   42500.0 3.0261e+03
   42700.0 3.1661e+03
   42900.0 2.9666e+03
   43100.0 3.0437e+03
   43300.0 2.8865e+03
   43500.0 2.3530e+03
   43700.0 2.3441e+03
   43900.0 2.6358e+03
   44100.0 2.1396e+03
   44300.0 1.8252e+03
   44500.0 1.7779e+03
   44700.0 2.2368e+03
   44900.0 1.7488e+03
   45100.0 1.6260e+03
   45300.0 1.7221e+03
   45500.0 1.9839e+03
   45700.0 2.3231e+03
   45900.0 1.8146e+03
   46100.0 1.8192e+03
   46300.0 1.9741e+03
   46500.0 1.4663e+03
   46700.0 2.0856e+03
   46900.0 1.9757e+03
   47100.0 1.7530e+03
   47300.0 1.7543e+03
   47500.0 1.4483e+03
   47700.0 1.8989e+03
   47900.0 1.7958e+03
   48100.0 1.9442e+03
   48300.0 1.7729e+03
   48500.0 1.6767e+03
   48700.0 1.6726e+03
   48900.0 1.5130e+03
   49100.0 1.6390e+03
   49300.0 1.6647e+03
   49500.0 1.5451e+03
   49700.0 1.6579e+03
   49900.0 1.1736e+03
   50100.0 1.3984e+03
   50300.0 1.4172e+03
   50500.0 1.4356e+03
   50700.0 1.4541e+03
   50900.0 1.4723e+03
   51100.0 1.4902e+03
   51300.0 1.5078e+03
   51500.0 1.5250e+03
   51700.0 1.5420e+03
   51900.0 1.5586e+03
   52100.0 1.5268e+03
   52300.0 1.4476e+03
   52500.0 1.3696e+03
   52700.0 1.2932e+03
   52900.0 1.2174e+03
   53100.0 1.1432e+03
   53300.0 1.0696e+03
   53500.0 9.9755e+02
   53700.0 9.2650e+02
   53900.0 8.5608e+02
   54100.0 8.2476e+02
   54300.0 8.3131e+02
   54500.0 8.3814e+02
   54700.0 8.4444e+02
   54900.0 8.5064e+02
   55100.0 8.5711e+02
   55300.0 8.4622e+02
   55500.0 8.3585e+02
   55700.0 8.2522e+02
   55900.0 8.1510e+02
   56100.0 8.0473e+02
   56300.0 7.9486e+02
   56500.0 7.8511e+02
   56700.0 7.7548e+02
   56900.0 7.6596e+02
   57100.0 7.5656e+02
   57300.0 7.4727e+02
   57500.0 7.3845e+02
   57700.0 7.2938e+02
   57900.0 7.2042e+02
   58100.0 7.1191e+02
   58300.0 7.0315e+02
   58500.0 6.9450e+02
   58700.0 6.8664e+02
   58900.0 6.7819e+02
   59100.0 6.7051e+02
   59300.0 6.6259e+02
   59500.0 6.5442e+02
   59700.0 6.4701e+02
   59900.0 6.3936e+02
   60100.0 6.3145e+02
   60300.0 6.2463e+02
   60500.0 6.1724e+02
   60700.0 6.0959e+02
   60900.0 6.0301e+02
   61100.0 5.9586e+02
   61300.0 5.8910e+02
   61500.0 5.8242e+02
   61700.0 5.7550e+02
   61900.0 5.6929e+02
   62100.0 5.6252e+02
   62300.0 5.5613e+02
   62500.0 5.5012e+02
   62700.0 5.4387e+02
   62900.0 5.3769e+02
   63100.0 5.3158e+02
   63300.0 5.2553e+02
   63500.0 5.1985e+02
   63700.0 5.1393e+02
   63900.0 5.0837e+02
   64200.0 4.9984e+02
   64600.0 4.8879e+02
   65000.0 4.7825e+02
   65400.0 4.6765e+02
   65800.0 4.5755e+02
   66200.0 4.4793e+02
   66600.0 4.3824e+02
   67000.0 4.2902e+02
   67400.0 4.1972e+02
   67800.0 4.1087e+02
   68200.0 4.0271e+02
   68600.0 3.9421e+02
   69000.0 3.8612e+02
   69400.0 3.7795e+02
   69800.0 3.7018e+02
   70200.0 3.6281e+02
   70600.0 3.5535e+02
   71000.0 3.4802e+02
   71400.0 3.4108e+02
   71800.0 3.3426e+02
   72200.0 3.2781e+02
   72600.0 3.2125e+02
   73000.0 3.1504e+02
   73400.0 3.0872e+02
   73800.0 3.0274e+02
   74200.0 2.9687e+02
   74600.0 2.9111e+02
   75000.0 2.8546e+02
   75400.0 2.7990e+02
   75800.0 2.7445e+02
   76200.0 2.6951e+02
   76600.0 2.6446e+02
   77000.0 2.5949e+02
   77400.0 2.5462e+02
   77800.0 2.4983e+02
   78200.0 2.4512e+02
   78600.0 2.4050e+02
   79000.0 2.3614e+02
   79400.0 2.3187e+02
   79800.0 2.2767e+02
   80200.0 2.2354e+02
   80600.0 2.1948e+02
   81000.0 2.1549e+02
   81400.0 2.1175e+02
   81800.0 2.0789e+02
   82200.0 2.0427e+02
   82600.0 2.0054e+02
   83000.0 1.9705e+02
   83400.0 1.9361e+02
   83800.0 1.9040e+02
   84200.0 1.8707e+02
   84600.0 1.8380e+02
   85000.0 1.8058e+02
   85400.0 1.7741e+02
   85800.0 1.7446e+02
   86200.0 1.7139e+02
   86600.0 1.6853e+02
   87000.0 1.6572e+02
   87400.0 1.6295e+02
   87800.0 1.6022e+02
   88200.0 1.5754e+02
   88600.0 1.5490e+02
   89000.0 1.5245e+02
   89400.0 1.4990e+02
   89800.0 1.4740e+02
   90200.0 1.4508e+02
   90600.0 1.4266e+02
   91000.0 1.4035e+02
   91400.0 1.3809e+02
   91800.0 1.3588e+02
   92200.0 1.3370e+02
   92600.0 1.3157e+02
   93000.0 1.2948e+02
   93400.0 1.2744e+02
   93800.0 1.2543e+02
   94200.0 1.2346e+02
   94600.0 1.2154e+02
   95000.0 1.1964e+02
   95400.0 1.1779e+02
   95800.0 1.1596e+02
   96200.0 1.1420e+02
   96600.0 1.1243e+02
   97000.0 1.1072e+02
   97400.0 1.0904e+02
   97800.0 1.0738e+02
   98200.0 1.0576e+02
   98600.0 1.0417e+02
   99000.0 1.0262e+02
   99400.0 1.0108e+02
   99800.0 9.9581e+01
  100200.0 9.8095e+01
  200000.0 7.0451e+00
  400000.0 4.6918e-01
  600000.0 9.4635e-02
  800000.0 3.0260e-02
 1000000.0 1.2471e-02
 1200000.0 6.0392e-03
 1400000.0 3.2696e-03
 1600000.0 1.9205e-03
