      91.0 0.0000e+00
      94.0 0.0000e+00
      96.0 0.0000e+00
      98.0 0.0000e+00
     100.0 0.0000e+00
     102.0 0.0000e+00
     104.0 0.0000e+00
     106.0 0.0000e+00
     108.0 0.0000e+00
     110.0 0.0000e+00
     114.0 0.0000e+00
     118.0 0.0000e+00
     121.0 0.0000e+00
     125.0 0.0000e+00
     127.0 0.0000e+00
     128.0 0.0000e+00
     131.0 0.0000e+00
     132.0 0.0000e+00
     134.0 0.0000e+00
     137.0 0.0000e+00
     140.0 0.0000e+00
     143.0 0.0000e+00
     147.0 0.0000e+00
     151.0 0.0000e+00
     155.0 0.0000e+00
     159.0 0.0000e+00
     162.0 0.0000e+00
     166.0 0.0000e+00
     170.0 0.0000e+00
     173.0 0.0000e+00
     177.0 0.0000e+00
     180.0 0.0000e+00
     182.0 0.0000e+00
     186.0 0.0000e+00
     191.0 0.0000e+00
     194.0 0.0000e+00
     198.0 0.0000e+00
     202.0 0.0000e+00
     205.0 0.0000e+00
     210.0 0.0000e+00
     216.0 0.0000e+00
     220.0 0.0000e+00
     223.0 0.0000e+00
     227.0 0.0000e+00
     230.0 4.1982e+00
     234.0 9.2310e+00
     240.0 1.6697e+01
     246.0 3.2399e+01
     252.0 5.8199e+01
     257.0 8.2936e+01
     260.0 1.4635e+02
     264.0 2.4208e+02
     269.0 3.7519e+02
     274.0 5.5729e+02
     279.0 7.7843e+02
     284.0 1.7440e+03
     290.0 2.6992e+03
     296.0 3.9021e+03
     301.0 5.4796e+03
     308.0 1.2679e+04
     318.0 2.9160e+04
     328.0 4.7026e+04
     338.0 8.7478e+04
     348.0 1.4576e+05
     357.0 3.8972e+05
     366.0 8.0040e+05
     375.0 1.0267e+06
     385.0 1.5622e+06
     395.0 2.9198e+06
     405.0 3.8134e+06
     414.0 5.2530e+06
     422.0 6.2092e+06
     430.0 7.6724e+06
     441.0 1.0106e+07
     451.0 1.1933e+07
     460.0 1.3562e+07
     470.0 1.7073e+07
     480.0 2.0949e+07
     490.0 2.4658e+07
     500.0 3.0152e+07
     506.0 8.9831e+07
     512.0 6.1618e+08
     520.0 6.0845e+08
     530.0 5.5412e+08
     540.0 4.8279e+08
     550.0 6.5964e+08
     560.0 8.5387e+08
     570.0 9.1719e+08
     580.0 8.2452e+08
     590.0 9.1841e+08
     600.0 7.4415e+08
     610.0 9.6423e+08
     620.0 1.1508e+09
     630.0 1.1505e+09
     640.0 1.1380e+09
     650.0 1.1907e+09
     658.0 1.0874e+09
     665.0 1.2040e+09
     675.0 1.2673e+09
     685.0 1.0100e+09
     695.0 1.3746e+09
     705.0 1.0080e+09
     716.0 1.5015e+09
     726.0 1.4775e+09
     735.0 1.4770e+09
     745.0 1.5124e+09
     755.0 1.5222e+09
     765.0 1.4971e+09
     775.0 1.6196e+09
     785.0 1.6979e+09
     795.0 1.7014e+09
     805.0 1.6549e+09
     815.0 1.6445e+09
     825.0 1.7464e+09
     835.0 1.2234e+09
     845.0 1.6795e+09
     855.0 1.6798e+09
     865.0 1.7501e+09
     875.0 1.7808e+09
     885.0 1.8526e+09
     895.0 1.8833e+09
     905.0 1.8331e+09
     915.0 2.6068e+09
     925.0 9.7938e+09
     935.0 1.4581e+10
     945.0 1.6705e+10
     955.0 1.7198e+10
     965.0 1.7706e+10
     975.0 5.6601e+09
     985.0 1.2040e+10
     995.0 1.1732e+10
    1005.0 1.4556e+10
    1015.0 1.5341e+10
    1025.0 1.3400e+10
    1035.0 1.4497e+10
    1045.0 1.7186e+10
    1055.0 1.6226e+10
    1065.0 1.3808e+10
    1075.0 1.4382e+10
    1085.0 1.3782e+10
    1095.0 1.4672e+10
    1105.0 1.4103e+10
    1115.0 1.3870e+10
    1125.0 1.1654e+10
    1135.0 1.3367e+10
    1145.0 1.2778e+10
    1155.0 1.2468e+10
    1165.0 1.1963e+10
    1175.0 7.1405e+09
    1185.0 1.0905e+10
    1195.0 1.0681e+10
    1205.0 1.0166e+10
    1215.0 8.9680e+09
    1225.0 1.0133e+10
    1235.0 1.0771e+10
    1245.0 1.0583e+10
    1255.0 1.0332e+10
    1265.0 1.0596e+10
    1275.0 1.0866e+10
    1285.0 1.0850e+10
    1295.0 1.0154e+10
    1305.0 1.0119e+10
    1315.0 1.0659e+10
    1325.0 1.0239e+10
    1335.0 9.9313e+09
    1345.0 9.9764e+09
    1355.0 9.7578e+09
    1365.0 9.4094e+09
    1375.0 9.1272e+09
    1385.0 8.7895e+09
    1395.0 5.7363e+09
    1405.0 5.5408e+09
    1415.0 8.2411e+09
    1425.0 7.5944e+09
    1435.0 8.0654e+09
    1442.0 8.0219e+09
    1447.0 7.9608e+09
    1455.0 7.6130e+09
    1465.0 7.3362e+09
    1475.0 7.4355e+09
    1485.0 7.4118e+09
    1495.0 7.1842e+09
    1505.0 6.9090e+09
    1512.0 6.5410e+09
    1517.0 6.6751e+09
    1525.0 6.4764e+09
    1535.0 5.5118e+09
    1545.0 4.4173e+09
    1555.0 4.5268e+09
    1565.0 5.4102e+09
    1575.0 5.7961e+09
    1585.0 5.8569e+09
    1595.0 5.7884e+09
    1605.0 5.5117e+09
    1615.0 5.2919e+09
    1625.0 5.3768e+09
    1635.0 5.5086e+09
    1645.0 5.5128e+09
    1655.0 5.4857e+09
    1665.0 5.4201e+09
    1672.0 5.0144e+09
    1677.0 5.8289e+09
    1685.0 5.5244e+09
    1695.0 5.3092e+09
    1705.0 5.2595e+09
    1715.0 5.0026e+09
    1725.0 4.8481e+09
    1735.0 5.0075e+09
    1745.0 4.9424e+09
    1755.0 4.9095e+09
    1765.0 4.8425e+09
    1775.0 4.6435e+09
    1785.0 4.7120e+09
    1795.0 4.6411e+09
    1805.0 4.6560e+09
    1815.0 4.4374e+09
    1825.0 4.4321e+09
    1835.0 4.4018e+09
    1845.0 4.0935e+09
    1855.0 4.1854e+09
    1865.0 4.2096e+09
    1875.0 4.1546e+09
    1885.0 3.8676e+09
    1895.0 3.7067e+09
    1905.0 3.8926e+09
    1915.0 3.7474e+09
    1925.0 3.5273e+09
    1935.0 3.7504e+09
    1945.0 3.8165e+09
    1955.0 3.4387e+09
    1967.0 3.6386e+09
    1976.0 3.7591e+09
    1984.0 3.5705e+09
    1995.0 3.4830e+09
    2005.0 3.5468e+09
    2015.0 3.5471e+09
    2025.0 3.5706e+09
    2035.0 3.3648e+09
    2045.0 3.3463e+09
    2055.0 2.8822e+09
    2065.0 3.1834e+09
    2074.0 3.4123e+09
    2078.0 3.2242e+09
    2085.0 3.2412e+09
    2095.0 3.0874e+09
    2105.0 3.1474e+09
    2115.0 3.1714e+09
    2125.0 3.1442e+09
    2135.0 3.1017e+09
    2145.0 3.0103e+09
    2155.0 3.0392e+09
    2165.0 2.9728e+09
    2175.0 2.9532e+09
    2185.0 2.9061e+09
    2195.0 2.9145e+09
    2205.0 2.8734e+09
    2215.0 2.8157e+09
    2225.0 2.7783e+09
    2235.0 2.7295e+09
    2245.0 2.7076e+09
    2255.0 2.6554e+09
    2265.0 2.6437e+09
    2275.0 2.6158e+09
    2285.0 2.5654e+09
    2295.0 2.3860e+09
    2305.0 2.4782e+09
    2315.0 2.4390e+09
    2325.0 2.2738e+09
    2335.0 2.3754e+09
    2345.0 2.3704e+09
    2355.0 2.3287e+09
    2365.0 2.2962e+09
    2375.0 2.2493e+09
    2385.0 2.1946e+09
    2395.0 2.1826e+09
    2405.0 2.1707e+09
    2415.0 2.1404e+09
    2425.0 2.1248e+09
    2435.0 2.0872e+09
    2445.0 2.0661e+09
    2455.0 2.0434e+09
    2465.0 2.0150e+09
    2475.0 1.9831e+09
    2485.0 1.9186e+09
    2495.0 1.4057e+09
    2505.0 1.8250e+09
    2513.0 1.8043e+09
    2518.0 1.8418e+09
    2525.0 1.8634e+09
    2535.0 1.8498e+09
    2545.0 1.8074e+09
    2555.0 1.7920e+09
    2565.0 1.7767e+09
    2575.0 1.7550e+09
    2585.0 1.7350e+09
    2595.0 1.7104e+09
    2605.0 1.6961e+09
    2615.0 1.6647e+09
    2625.0 1.6508e+09
    2635.0 1.6356e+09
    2645.0 1.6116e+09
    2655.0 1.5945e+09
    2665.0 1.5579e+09
    2675.0 1.5329e+09
    2685.0 1.5366e+09
    2695.0 1.4952e+09
    2705.0 1.4801e+09
    2715.0 1.4650e+09
    2725.0 1.4560e+09
    2735.0 1.4301e+09
    2745.0 1.4256e+09
    2755.0 1.4114e+09
    2765.0 1.3874e+09
    2775.0 1.3856e+09
    2785.0 1.3626e+09
    2795.0 1.3200e+09
    2805.0 1.3248e+09
    2815.0 1.3208e+09
    2825.0 1.3026e+09
    2835.0 1.2728e+09
    2845.0 1.2743e+09
    2855.0 1.2551e+09
    2865.0 1.2403e+09
    2875.0 1.2280e+09
    2885.0 1.2138e+09
    2895.0 1.2003e+09
    2910.0 1.1737e+09
    2930.0 1.1564e+09
    2950.0 1.1233e+09
    2970.0 1.1017e+09
    2990.0 1.0727e+09
    3010.0 1.0402e+09
    3030.0 1.0206e+09
    3050.0 1.0056e+09
    3070.0 9.8823e+08
    3090.0 9.5601e+08
    3110.0 9.4723e+08
    3130.0 9.2169e+08
    3150.0 9.0556e+08
    3170.0 8.8486e+08
    3190.0 8.6602e+08
    3210.0 8.4712e+08
    3230.0 8.2999e+08
    3250.0 8.1674e+08
    3270.0 7.9523e+08
    3290.0 7.8072e+08
    3310.0 7.6474e+08
    3330.0 7.4747e+08
    3350.0 7.3088e+08
    3370.0 7.1748e+08
    3390.0 7.0727e+08
    3410.0 6.9281e+08
    3430.0 6.7558e+08
    3450.0 6.6182e+08
    3470.0 6.5193e+08
    3490.0 6.3916e+08
    3510.0 6.2752e+08
    3530.0 6.1735e+08
    3550.0 6.0489e+08
    3570.0 5.9409e+08
    3590.0 5.7967e+08
    3610.0 5.6875e+08
    3630.0 5.5877e+08
    3640.0 5.5390e+08
    3650.0 5.4970e+08
    3670.0 5.3980e+08
    3690.0 5.1591e+08
    3710.0 5.0296e+08
    3730.0 4.9250e+08
    3750.0 5.0951e+08
    3770.0 5.0024e+08
    3790.0 5.0583e+08
    3810.0 5.1482e+08
    3830.0 4.7545e+08
    3850.0 5.0669e+08
    3870.0 4.9138e+08
    3890.0 4.5076e+08
    3910.0 4.8530e+08
    3930.0 4.7028e+08
    3950.0 4.6268e+08
    3970.0 4.1581e+08
    3990.0 4.5021e+08
    4010.0 4.4193e+08
    4030.0 4.2914e+08
    4050.0 4.2754e+08
    4070.0 4.1198e+08
    4090.0 3.9728e+08
    4110.0 3.7163e+08
    4130.0 3.9314e+08
    4150.0 3.8839e+08
    4170.0 3.8522e+08
    4190.0 3.7889e+08
    4210.0 3.7313e+08
    4230.0 3.6740e+08
    4250.0 3.5864e+08
    4270.0 3.4976e+08
    4290.0 3.4534e+08
    4310.0 3.3678e+08
    4330.0 3.2453e+08
    4350.0 3.0457e+08
    4370.0 3.2194e+08
    4390.0 3.1721e+08
    4410.0 3.1299e+08
    4430.0 3.1011e+08
    4450.0 3.0430e+08
    4470.0 2.9570e+08
    4490.0 2.9557e+08
    4510.0 2.8995e+08
    4530.0 2.8657e+08
    4550.0 2.8105e+08
    4570.0 2.7790e+08
    4590.0 2.7258e+08
    4610.0 2.6791e+08
    4630.0 2.6314e+08
    4650.0 2.5217e+08
    4670.0 2.5502e+08
    4690.0 2.5051e+08
    4710.0 2.4552e+08
    4730.0 2.4607e+08
    4750.0 2.4188e+08
    4770.0 2.3975e+08
    4790.0 2.3598e+08
    4810.0 2.3210e+08
    4830.0 2.2813e+08
    4850.0 2.2140e+08
    4870.0 2.0457e+08
    4890.0 2.1835e+08
    4910.0 2.1503e+08
    4930.0 2.0954e+08
    4950.0 2.0814e+08
    4970.0 2.0652e+08
    4990.0 2.0338e+08
    5010.0 1.9693e+08
    5030.0 1.9707e+08
    5050.0 1.9368e+08
    5070.0 1.9197e+08
    5090.0 1.8908e+08
    5110.0 1.8627e+08
    5130.0 1.8322e+08
    5150.0 1.8072e+08
    5170.0 1.7829e+08
    5190.0 1.7598e+08
    5210.0 1.7362e+08
    5230.0 1.7120e+08
    5250.0 1.6850e+08
    5270.0 1.6606e+08
    5290.0 1.6417e+08
    5310.0 1.6183e+08
    5330.0 1.5973e+08
    5350.0 1.5749e+08
    5370.0 1.5536e+08
    5390.0 1.5314e+08
    5410.0 1.5053e+08
    5430.0 1.4918e+08
    5450.0 1.4712e+08
    5470.0 1.4512e+08
    5490.0 1.4319e+08
    5510.0 1.4132e+08
    5530.0 1.3936e+08
    5550.0 1.3766e+08
    5570.0 1.3575e+08
    5590.0 1.3385e+08
    5610.0 1.3233e+08
    5630.0 1.3064e+08
    5650.0 1.2881e+08
    5670.0 1.2678e+08
    5690.0 1.2419e+08
    5710.0 1.2365e+08
    5730.0 1.2228e+08
    5750.0 1.2034e+08
    5770.0 1.1926e+08
    5790.0 1.1765e+08
    5810.0 1.1602e+08
    5830.0 1.1442e+08
    5850.0 1.1322e+08
    5870.0 1.0973e+08
    5890.0 1.0999e+08
    5910.0 1.0887e+08
    5930.0 1.0742e+08
    5950.0 1.0605e+08
    5970.0 1.0504e+08
    5990.0 1.0354e+08
    6010.0 1.0239e+08
    6030.0 1.0102e+08
    6050.0 9.9858e+07
    6070.0 9.8681e+07
    6090.0 9.7549e+07
    6110.0 9.6333e+07
    6130.0 9.5195e+07
    6150.0 9.3879e+07
    6170.0 9.2767e+07
    6190.0 9.1793e+07
    6210.0 9.0737e+07
    6230.0 8.9599e+07
    6250.0 8.8505e+07
    6270.0 8.7514e+07
    6290.0 8.6534e+07
    6310.0 8.5384e+07
    6330.0 8.4486e+07
    6350.0 8.3449e+07
    6370.0 8.2542e+07
    6390.0 8.1556e+07
    6410.0 8.0552e+07
    6430.0 7.9703e+07
    6450.0 7.8748e+07
    6470.0 7.7689e+07
    6490.0 7.6756e+07
    6510.0 7.6002e+07
    6530.0 7.5087e+07
    6550.0 7.3595e+07
    6570.0 6.7425e+07
    6590.0 7.2263e+07
    6610.0 7.1744e+07
    6630.0 7.1039e+07
    6650.0 7.0178e+07
    6670.0 6.8922e+07
    6690.0 6.8189e+07
    6710.0 6.7837e+07
    6730.0 6.6958e+07
    6750.0 6.6351e+07
    6770.0 6.5698e+07
    6790.0 6.4791e+07
    6810.0 6.4256e+07
    6830.0 6.3546e+07
    6850.0 6.2869e+07
    6870.0 6.2173e+07
    6890.0 6.1358e+07
    6910.0 6.0702e+07
    6930.0 6.0202e+07
    6950.0 5.9558e+07
    6970.0 5.8921e+07
    6990.0 5.8289e+07
    7010.0 5.7664e+07
    7030.0 5.6973e+07
    7050.0 5.6409e+07
    7070.0 5.5131e+07
    7090.0 5.5249e+07
    7110.0 5.4488e+07
    7130.0 5.3947e+07
    7150.0 5.3528e+07
    7170.0 5.2904e+07
    7190.0 5.2401e+07
    7210.0 5.1857e+07
    7230.0 5.0882e+07
    7250.0 5.0693e+07
    7270.0 5.0256e+07
    7290.0 4.9416e+07
    7310.0 4.9214e+07
    7330.0 4.8722e+07
    7350.0 4.8213e+07
    7370.0 4.7731e+07
    7390.0 4.7254e+07
    7410.0 4.6759e+07
    7430.0 4.6290e+07
    7450.0 4.5826e+07
    7470.0 4.5280e+07
    7490.0 4.4846e+07
    7510.0 4.4437e+07
    7530.0 4.3990e+07
    7550.0 4.3568e+07
    7570.0 4.3129e+07
    7590.0 4.2631e+07
    7610.0 4.2221e+07
    7630.0 4.1856e+07
    7650.0 4.1432e+07
    7670.0 4.1053e+07
    7690.0 4.0597e+07
    7710.0 4.0225e+07
    7730.0 3.9796e+07
    7750.0 3.9452e+07
    7770.0 3.9070e+07
    7790.0 3.8712e+07
    7810.0 3.8317e+07
    7830.0 3.7965e+07
    7850.0 3.7597e+07
    7870.0 3.7193e+07
    7890.0 3.6793e+07
    7910.0 3.6492e+07
    7930.0 3.6117e+07
    7950.0 3.5822e+07
    7970.0 3.5454e+07
    7990.0 3.5145e+07
    8010.0 3.4764e+07
    8030.0 3.4461e+07
    8050.0 3.4160e+07
    8070.0 3.3862e+07
    8090.0 3.3493e+07
    8110.0 3.3055e+07
    8130.0 3.2929e+07
    8150.0 3.2569e+07
    8170.0 3.2302e+07
    8190.0 3.1912e+07
    8210.0 3.1418e+07
    8230.0 3.1107e+07
    8250.0 3.0938e+07
    8270.0 3.0491e+07
    8290.0 3.0379e+07
    8310.0 3.0111e+07
    8330.0 2.9811e+07
    8350.0 2.9462e+07
    8370.0 2.9202e+07
    8390.0 2.9012e+07
    8410.0 2.8687e+07
    8430.0 2.8399e+07
    8450.0 2.8097e+07
    8470.0 2.7714e+07
    8490.0 2.7800e+07
    8510.0 2.7073e+07
    8530.0 2.7457e+07
    8550.0 2.6328e+07
    8570.0 2.7267e+07
    8590.0 2.6116e+07
    8610.0 2.5882e+07
    8630.0 2.6712e+07
    8650.0 2.6076e+07
    8670.0 2.4472e+07
    8690.0 2.5963e+07
    8710.0 2.5860e+07
    8730.0 2.5333e+07
    8750.0 2.3447e+07
    8770.0 2.4712e+07
    8790.0 2.5003e+07
    8810.0 2.4813e+07
    8830.0 2.4531e+07
    8850.0 2.3640e+07
    8870.0 2.2222e+07
    8890.0 2.3852e+07
    8910.0 2.3760e+07
    8930.0 2.3549e+07
    8950.0 2.3369e+07
    8970.0 2.3190e+07
    8990.0 2.2672e+07
    9010.0 2.1005e+07
    9030.0 2.1824e+07
    9050.0 2.2357e+07
    9070.0 2.2069e+07
    9090.0 2.1972e+07
    9110.0 2.1847e+07
    9130.0 2.1680e+07
    9150.0 2.1499e+07
    9170.0 2.1291e+07
    9190.0 2.1128e+07
    9210.0 2.0555e+07
    9230.0 1.8791e+07
    9250.0 2.0294e+07
    9270.0 2.0416e+07
    9290.0 2.0286e+07
    9310.0 2.0061e+07
    9330.0 1.9906e+07
    9350.0 1.9739e+07
    9370.0 1.9614e+07
    9390.0 1.9476e+07
    9410.0 1.9298e+07
    9430.0 1.9149e+07
    9450.0 1.8987e+07
    9470.0 1.8774e+07
    9490.0 1.8681e+07
    9510.0 1.8377e+07
    9530.0 1.7944e+07
    9550.0 1.6488e+07
    9570.0 1.7912e+07
    9590.0 1.7942e+07
    9610.0 1.7763e+07
    9630.0 1.7586e+07
    9650.0 1.7539e+07
    9670.0 1.7402e+07
    9690.0 1.7241e+07
    9710.0 1.6929e+07
    9730.0 1.6960e+07
    9750.0 1.6853e+07
    9770.0 1.6709e+07
    9790.0 1.6590e+07
    9810.0 1.6448e+07
    9830.0 1.6332e+07
    9850.0 1.6191e+07
    9870.0 1.6064e+07
    9890.0 1.5926e+07
    9910.0 1.5764e+07
    9930.0 1.5700e+07
    9950.0 1.5589e+07
    9970.0 1.5454e+07
    9990.0 1.5344e+07
   10025.0 1.4796e+07
   10075.0 1.4354e+07
   10125.0 1.4493e+07
   10175.0 1.4305e+07
   10225.0 1.4028e+07
   10275.0 1.3766e+07
   10325.0 1.3476e+07
   10375.0 1.3268e+07
   10425.0 1.3020e+07
   10475.0 1.2787e+07
   10525.0 1.2546e+07
   10575.0 1.2321e+07
   10625.0 1.2099e+07
   10675.0 1.1870e+07
   10725.0 1.1666e+07
   10775.0 1.1455e+07
   10825.0 1.1155e+07
   10875.0 1.1052e+07
   10925.0 1.0308e+07
   10975.0 1.0583e+07
   11025.0 1.0448e+07
   11075.0 1.0305e+07
   11125.0 1.0125e+07
   11175.0 9.9482e+06
   11225.0 9.7741e+06
   11275.0 9.6122e+06
   11325.0 9.4433e+06
   11375.0 9.2864e+06
   11425.0 9.1290e+06
   11475.0 8.9777e+06
   11525.0 8.8295e+06
   11575.0 8.6791e+06
   11625.0 8.5292e+06
   11675.0 8.3850e+06
   11725.0 8.2605e+06
   11775.0 8.1247e+06
   11825.0 7.9910e+06
   11875.0 7.8618e+06
   11925.0 7.7353e+06
   11975.0 7.5629e+06
   12025.0 7.4886e+06
   12075.0 7.3683e+06
   12125.0 7.2497e+06
   12175.0 7.1361e+06
   12225.0 7.0233e+06
   12275.0 6.9129e+06
   12325.0 6.8040e+06
   12375.0 6.6974e+06
   12425.0 6.5947e+06
   12475.0 6.4865e+06
   12525.0 6.3782e+06
   12575.0 6.2912e+06
   12625.0 6.1956e+06
   12675.0 6.1028e+06
   12725.0 6.0097e+06
   12775.0 5.8562e+06
   12825.0 5.5416e+06
   12875.0 5.7323e+06
   12925.0 5.6558e+06
   12975.0 5.5460e+06
   13025.0 5.4851e+06
   13075.0 5.4075e+06
   13125.0 5.3274e+06
   13175.0 5.2490e+06
   13225.0 5.1724e+06
   13275.0 5.0974e+06
   13325.0 5.0214e+06
   13375.0 4.9478e+06
   13425.0 4.8737e+06
   13475.0 4.8079e+06
   13525.0 4.7370e+06
   13575.0 4.6709e+06
   13625.0 4.6012e+06
   13675.0 4.5394e+06
   13725.0 4.4714e+06
   13775.0 4.4124e+06
   13825.0 4.3505e+06
   13875.0 4.2893e+06
   13925.0 4.2263e+06
   13975.0 4.1704e+06
   14025.0 4.1102e+06
   14075.0 4.0562e+06
   14125.0 3.9999e+06
   14175.0 3.9455e+06
   14225.0 3.8917e+06
   14275.0 3.8386e+06
   14325.0 3.7873e+06
   14375.0 3.7355e+06
   14425.0 3.6860e+06
   14475.0 3.6366e+06
   14525.0 3.5871e+06
   14570.0 3.5441e+06
   14620.0 3.4975e+06
   14675.0 3.4468e+06
   14725.0 3.4013e+06
   14775.0 3.3552e+06
   14825.0 3.3130e+06
   14875.0 3.2691e+06
   14925.0 3.2262e+06
   14975.0 3.1828e+06
   15025.0 3.1399e+06
   15075.0 3.0927e+06
   15125.0 3.0550e+06
   15175.0 3.0146e+06
   15225.0 2.9783e+06
   15275.0 2.9336e+06
   15325.0 2.8956e+06
   15375.0 2.8672e+06
   15425.0 2.8153e+06
   15475.0 2.7967e+06
   15525.0 2.7628e+06
   15575.0 2.7001e+06
   15625.0 2.7084e+06
   15675.0 2.6511e+06
   15725.0 2.5979e+06
   15775.0 2.6137e+06
   15825.0 2.5786e+06
   15875.0 2.4781e+06
   15925.0 2.5042e+06
   15975.0 2.4909e+06
   16050.0 2.4351e+06
   16150.0 2.3434e+06
   16250.0 2.3297e+06
   16350.0 2.2622e+06
   16450.0 2.1759e+06
   16550.0 2.1680e+06
   16650.0 2.1174e+06
   16750.0 2.0563e+06
   16850.0 1.9762e+06
   16950.0 1.9738e+06
   17050.0 1.9210e+06
   17150.0 1.8848e+06
   17250.0 1.8425e+06
   17350.0 1.7512e+06
   17450.0 1.7588e+06
   17550.0 1.7220e+06
   17650.0 1.6841e+06
   17750.0 1.6469e+06
   17850.0 1.6101e+06
   17950.0 1.5758e+06
   18050.0 1.5418e+06
   18150.0 1.4674e+06
   18250.0 1.4715e+06
   18350.0 1.4448e+06
   18450.0 1.4141e+06
   18550.0 1.3828e+06
   18650.0 1.3473e+06
   18750.0 1.2893e+06
   18850.0 1.2997e+06
   18950.0 1.2723e+06
   19050.0 1.2431e+06
   19150.0 1.2213e+06
   19250.0 1.1964e+06
   19350.0 1.1716e+06
   19450.0 1.1120e+06
   19550.0 1.1239e+06
   19650.0 1.1031e+06
   19750.0 1.0812e+06
   19850.0 1.0603e+06
   19950.0 1.0395e+06
   20050.0 1.0193e+06
   20150.0 9.9945e+05
   20250.0 9.7995e+05
   20350.0 9.6108e+05
   20450.0 9.4253e+05
   20550.0 9.2287e+05
   20650.0 9.0720e+05
   20750.0 8.8985e+05
   20850.0 8.7333e+05
   20950.0 8.5682e+05
   21050.0 8.4085e+05
   21150.0 8.2246e+05
   21250.0 8.1022e+05
   21350.0 7.9529e+05
   21450.0 7.8033e+05
   21550.0 7.6613e+05
   21650.0 7.2735e+05
   21750.0 7.3791e+05
   21850.0 7.2514e+05
   21950.0 7.1258e+05
   22050.0 6.9996e+05
   22150.0 6.8755e+05
   22250.0 6.7533e+05
   22350.0 6.6353e+05
   22450.0 6.5193e+05
   22550.0 6.4050e+05
   22650.0 6.2948e+05
   22750.0 6.1863e+05
   22850.0 6.0817e+05
   22950.0 5.9947e+05
   23050.0 5.8909e+05
   23150.0 5.7909e+05
   23250.0 5.6923e+05
   23350.0 5.5953e+05
   23450.0 5.4910e+05
   23550.0 5.3991e+05
   23650.0 5.3063e+05
   23750.0 5.2171e+05
   23850.0 5.1292e+05
   23950.0 5.0425e+05
   24050.0 4.9592e+05
   24150.0 4.8750e+05
   24250.0 4.8002e+05
   24350.0 4.7205e+05
   24450.0 4.6398e+05
   24550.0 4.5742e+05
   24650.0 4.4938e+05
   24750.0 4.4164e+05
   24850.0 4.3693e+05
   24950.0 4.2650e+05
   25050.0 4.2386e+05
   25150.0 4.1690e+05
   25250.0 4.0589e+05
   25350.0 4.0344e+05
   25450.0 3.9806e+05
   25550.0 3.9109e+05
   25650.0 3.8021e+05
   25750.0 3.7943e+05
   25850.0 3.7417e+05
   25950.0 3.6844e+05
   26050.0 3.6138e+05
   26150.0 3.5037e+05
   26250.0 3.3970e+05
   26350.0 3.4611e+05
   26450.0 3.4144e+05
   26550.0 3.3615e+05
   26650.0 3.3077e+05
   26750.0 3.1942e+05
   26850.0 3.2103e+05
   26950.0 3.1700e+05
   27050.0 3.1237e+05
   27150.0 3.0780e+05
   27250.0 3.0344e+05
   27350.0 2.9898e+05
   27450.0 2.9458e+05
   27550.0 2.8407e+05
   27650.0 2.8453e+05
   27750.0 2.8233e+05
   27850.0 2.7829e+05
   27950.0 2.7431e+05
   28050.0 2.7038e+05
   28150.0 2.6664e+05
   28250.0 2.6296e+05
   28350.0 2.5931e+05
   28450.0 2.5572e+05
   28550.0 2.5201e+05
   28650.0 2.4763e+05
   28750.0 2.3837e+05
   28850.0 2.4161e+05
   28950.0 2.3852e+05
   29050.0 2.3531e+05
   29150.0 2.3215e+05
   29250.0 2.2902e+05
   29350.0 2.2593e+05
   29450.0 2.2288e+05
   29550.0 2.1987e+05
   29650.0 2.1688e+05
   29750.0 2.1407e+05
   29850.0 2.1116e+05
   29950.0 2.0842e+05
   30050.0 2.0570e+05
   30150.0 2.0289e+05
   30250.0 2.0024e+05
   30350.0 1.9307e+05
   30450.0 1.9309e+05
   30550.0 1.9260e+05
   30650.0 1.9020e+05
   30750.0 1.8769e+05
   30850.0 1.8535e+05
   30950.0 1.8302e+05
   31050.0 1.8060e+05
   31150.0 1.7833e+05
   31250.0 1.7609e+05
   31350.0 1.7387e+05
   31450.0 1.7167e+05
   31550.0 1.6950e+05
   31650.0 1.6736e+05
   31750.0 1.6535e+05
   31850.0 1.6325e+05
   31950.0 1.6129e+05
   32100.0 1.5827e+05
   32300.0 1.5437e+05
   32500.0 1.5066e+05
   32700.0 1.4702e+05
   32900.0 1.4070e+05
   33100.0 1.3999e+05
   33300.0 1.3691e+05
   33500.0 1.3367e+05
   33700.0 1.3061e+05
   33900.0 1.2751e+05
   34100.0 1.2458e+05
   34300.0 1.2170e+05
   34500.0 1.1888e+05
   34700.0 1.1612e+05
   34900.0 1.1342e+05
   35100.0 1.1086e+05
   35300.0 1.0836e+05
   35500.0 1.0591e+05
   35700.0 1.0350e+05
   35900.0 1.0142e+05
   36100.0 9.9010e+04
   36300.0 9.7012e+04
   36500.0 9.4691e+04
   36700.0 9.2950e+04
   36900.0 9.0536e+04
   37100.0 8.8865e+04
   37300.0 8.6364e+04
   37500.0 8.3773e+04
   37700.0 8.3469e+04
   37900.0 8.1739e+04
   38100.0 7.9710e+04
   38300.0 7.8136e+04
   38500.0 7.6784e+04
   38700.0 7.5208e+04
   38900.0 7.3628e+04
   39100.0 7.1567e+04
   39300.0 7.0732e+04
   39500.0 6.9310e+04
   39700.0 6.7929e+04
   39900.0 6.6579e+04
   40100.0 6.4947e+04
   40300.0 6.3403e+04
   40500.0 6.1572e+04
   40700.0 6.1504e+04
   40900.0 6.0317e+04
   41100.0 5.9156e+04
   41300.0 5.7973e+04
   41500.0 5.6893e+04
   41700.0 5.5073e+04
   41900.0 5.4740e+04
   42100.0 5.3734e+04
   42300.0 5.2731e+04
   42500.0 5.1718e+04
   42700.0 5.0781e+04
   42900.0 4.9761e+04
   43100.0 4.8926e+04
   43300.0 4.8027e+04
   43500.0 4.7156e+04
   43700.0 4.5639e+04
   43900.0 4.5336e+04
   44100.0 4.4642e+04
   44300.0 4.3842e+04
   44500.0 4.3062e+04
   44700.0 4.2335e+04
   44900.0 4.1584e+04
   45100.0 4.0851e+04
   45300.0 4.0134e+04
   45500.0 3.9435e+04
   45700.0 3.8746e+04
   45900.0 3.8079e+04
   46100.0 3.7410e+04
   46300.0 3.6780e+04
   46500.0 3.5339e+04
   46700.0 3.4833e+04
   46900.0 3.4869e+04
   47100.0 3.4347e+04
   47300.0 3.3773e+04
   47500.0 3.3207e+04
   47700.0 3.2650e+04
   47900.0 3.2112e+04
   48100.0 3.1581e+04
   48300.0 3.1058e+04
   48500.0 3.0552e+04
   48700.0 3.0049e+04
   48900.0 2.9563e+04
   49100.0 2.9084e+04
   49300.0 2.8611e+04
   49500.0 2.8156e+04
   49700.0 2.7701e+04
   49900.0 2.7263e+04
   50100.0 2.6826e+04
   50300.0 2.6404e+04
   50500.0 2.5989e+04
   50700.0 2.5584e+04
   50900.0 2.5184e+04
   51100.0 2.4771e+04
   51300.0 2.3881e+04
   51500.0 2.4022e+04
   51700.0 2.3661e+04
   51900.0 2.3297e+04
   52100.0 2.2942e+04
   52300.0 2.2591e+04
   52500.0 2.2250e+04
   52700.0 2.1913e+04
   52900.0 2.1584e+04
   53100.0 2.1261e+04
   53300.0 2.0941e+04
   53500.0 2.0630e+04
   53700.0 2.0322e+04
   53900.0 2.0023e+04
   54100.0 1.9728e+04
   54300.0 1.9441e+04
   54500.0 1.9157e+04
   54700.0 1.8877e+04
   54900.0 1.8604e+04
   55100.0 1.8335e+04
   55300.0 1.8069e+04
   55500.0 1.7811e+04
   55700.0 1.7556e+04
   55900.0 1.7304e+04
   56100.0 1.7062e+04
   56300.0 1.6820e+04
   56500.0 1.6585e+04
   56700.0 1.6349e+04
   56900.0 1.6123e+04
   57100.0 1.5896e+04
   57300.0 1.5676e+04
   57500.0 1.5458e+04
   57700.0 1.5243e+04
   57900.0 1.5034e+04
   58100.0 1.4828e+04
   58300.0 1.4624e+04
   58500.0 1.4433e+04
   58700.0 1.4238e+04
   58900.0 1.4027e+04
   59100.0 1.3520e+04
   59300.0 1.3661e+04
   59500.0 1.3485e+04
   59700.0 1.3304e+04
   59900.0 1.3128e+04
   60100.0 1.2954e+04
   60300.0 1.2783e+04
   60500.0 1.2613e+04
   60700.0 1.2449e+04
   60900.0 1.2283e+04
   61100.0 1.2126e+04
   61300.0 1.1967e+04
   61500.0 1.1810e+04
   61700.0 1.1658e+04
   61900.0 1.1508e+04
   62100.0 1.1359e+04
   62300.0 1.1215e+04
   62500.0 1.1073e+04
   62700.0 1.0929e+04
   62900.0 1.0793e+04
   63100.0 1.0656e+04
   63300.0 1.0520e+04
   63500.0 1.0391e+04
   63700.0 1.0261e+04
   63900.0 1.0132e+04
   64200.0 9.9445e+03
   64600.0 9.7010e+03
   65000.0 9.4628e+03
   65400.0 9.2325e+03
   65800.0 9.0098e+03
   66200.0 8.7918e+03
   66600.0 8.5837e+03
   67000.0 8.3800e+03
   67400.0 8.1806e+03
   67800.0 7.9904e+03
   68200.0 7.8041e+03
   68600.0 7.6216e+03
   69000.0 7.4454e+03
   69400.0 7.2752e+03
   69800.0 7.1108e+03
   70200.0 6.9472e+03
   70600.0 6.7918e+03
   71000.0 6.6393e+03
   71400.0 6.4899e+03
   71800.0 6.3480e+03
   72200.0 6.2065e+03
   72600.0 6.0701e+03
   73000.0 5.9385e+03
   73400.0 5.8094e+03
   73800.0 5.6849e+03
   74200.0 5.5541e+03
   74600.0 5.3891e+03
   75000.0 5.2508e+03
   75400.0 5.2163e+03
   75800.0 5.1071e+03
   76200.0 4.9999e+03
   76600.0 4.8968e+03
   77000.0 4.7955e+03
   77400.0 4.6960e+03
   77800.0 4.6003e+03
   78200.0 4.5063e+03
   78600.0 4.4159e+03
   79000.0 4.3271e+03
   79400.0 4.2398e+03
   79800.0 4.1541e+03
   80200.0 4.0718e+03
   80600.0 3.9909e+03
   81000.0 3.9132e+03
   81400.0 3.8368e+03
   81800.0 3.7617e+03
   82200.0 3.6879e+03
   82600.0 3.6171e+03
   83000.0 3.5476e+03
   83400.0 3.4791e+03
   83800.0 3.4135e+03
   84200.0 3.3491e+03
   84600.0 3.2856e+03
   85000.0 3.2232e+03
   85400.0 3.1635e+03
   85800.0 3.1048e+03
   86200.0 3.0470e+03
   86600.0 2.9917e+03
   87000.0 2.9357e+03
   87400.0 2.8822e+03
   87800.0 2.8296e+03
   88200.0 2.7793e+03
   88600.0 2.7283e+03
   89000.0 2.6796e+03
   89400.0 2.6317e+03
   89800.0 2.5845e+03
   90200.0 2.5395e+03
   90600.0 2.4952e+03
   91000.0 2.4502e+03
   91400.0 2.4087e+03
   91800.0 2.3664e+03
   92200.0 2.3247e+03
   92600.0 2.2851e+03
   93000.0 2.2461e+03
   93400.0 2.2077e+03
   93800.0 2.1698e+03
   94200.0 2.1325e+03
   94600.0 2.0971e+03
   95000.0 2.0622e+03
   95400.0 2.0265e+03
   95800.0 1.9926e+03
   96200.0 1.9605e+03
   96600.0 1.9276e+03
   97000.0 1.8977e+03
   97400.0 1.8657e+03
   97800.0 1.8355e+03
   98200.0 1.8056e+03
   98600.0 1.7762e+03
   99000.0 1.7472e+03
   99400.0 1.7198e+03
   99800.0 1.6916e+03
  100200.0 1.6650e+03
  200000.0 1.0298e+02
  400000.0 6.2822e+00
  600000.0 1.2218e+00
  800000.0 3.8242e-01
 1000000.0 1.5529e-01
 1200000.0 7.4299e-02
 1400000.0 3.9854e-02
 1600000.0 2.3243e-02
