      91.0 0.0000e+00
      94.0 0.0000e+00
      96.0 0.0000e+00
      98.0 0.0000e+00
     100.0 0.0000e+00
     102.0 0.0000e+00
     104.0 0.0000e+00
     106.0 0.0000e+00
     108.0 0.0000e+00
     110.0 0.0000e+00
     114.0 0.0000e+00
     118.0 0.0000e+00
     121.0 0.0000e+00
     125.0 0.0000e+00
     127.0 0.0000e+00
     128.0 0.0000e+00
     131.0 0.0000e+00
     132.0 0.0000e+00
     134.0 0.0000e+00
     137.0 0.0000e+00
     140.0 0.0000e+00
     143.0 0.0000e+00
     147.0 0.0000e+00
     151.0 0.0000e+00
     155.0 0.0000e+00
     159.0 0.0000e+00
     162.0 0.0000e+00
     166.0 0.0000e+00
     170.0 0.0000e+00
     173.0 0.0000e+00
     177.0 0.0000e+00
     180.0 0.0000e+00
     182.0 0.0000e+00
     186.0 0.0000e+00
     191.0 0.0000e+00
     194.0 0.0000e+00
     198.0 0.0000e+00
     202.0 0.0000e+00
     205.0 0.0000e+00
     210.0 0.0000e+00
     216.0 0.0000e+00
     220.0 0.0000e+00
     223.0 0.0000e+00
     227.0 0.0000e+00
     230.0 0.0000e+00
     234.0 0.0000e+00
     240.0 0.0000e+00
     246.0 0.0000e+00
     252.0 0.0000e+00
     257.0 0.0000e+00
     260.0 0.0000e+00
     264.0 0.0000e+00
     269.0 0.0000e+00
     274.0 0.0000e+00
     279.0 0.0000e+00
     284.0 0.0000e+00
     290.0 0.0000e+00
     296.0 0.0000e+00
     301.0 0.0000e+00
     308.0 0.0000e+00
     318.0 0.0000e+00
     328.0 0.0000e+00
     338.0 0.0000e+00
     348.0 0.0000e+00
     357.0 0.0000e+00
     366.0 0.0000e+00
     375.0 0.0000e+00
     385.0 0.0000e+00
     395.0 0.0000e+00
     405.0 0.0000e+00
     414.0 0.0000e+00
     422.0 0.0000e+00
     430.0 0.0000e+00
     441.0 0.0000e+00
     451.0 0.0000e+00
     460.0 0.0000e+00
     470.0 0.0000e+00
     480.0 0.0000e+00
     490.0 0.0000e+00
     500.0 0.0000e+00
     506.0 0.0000e+00
     512.0 0.0000e+00
     520.0 0.0000e+00
     530.0 0.0000e+00
     540.0 0.0000e+00
     550.0 0.0000e+00
     560.0 0.0000e+00
     570.0 0.0000e+00
     580.0 0.0000e+00
     590.0 0.0000e+00
     600.0 0.0000e+00
     610.0 0.0000e+00
     620.0 0.0000e+00
     630.0 0.0000e+00
     640.0 0.0000e+00
     650.0 0.0000e+00
     658.0 0.0000e+00
     665.0 0.0000e+00
     675.0 0.0000e+00
     685.0 0.0000e+00
     695.0 0.0000e+00
     705.0 0.0000e+00
     716.0 0.0000e+00
     726.0 0.0000e+00
     735.0 0.0000e+00
     745.0 0.0000e+00
     755.0 0.0000e+00
     765.0 0.0000e+00
     775.0 0.0000e+00
     785.0 0.0000e+00
     795.0 0.0000e+00
     805.0 0.0000e+00
     815.0 0.0000e+00
     825.0 0.0000e+00
     835.0 0.0000e+00
     845.0 0.0000e+00
     855.0 0.0000e+00
     865.0 0.0000e+00
     875.0 0.0000e+00
     885.0 0.0000e+00
     895.0 0.0000e+00
     905.0 0.0000e+00
     915.0 0.0000e+00
     925.0 2.3489e-07
     935.0 3.5362e-07
     945.0 5.2800e-07
     955.0 8.0810e-07
     965.0 1.1843e-06
     975.0 1.7219e-06
     985.0 2.4831e-06
     995.0 3.5514e-06
    1005.0 5.1302e-06
    1015.0 7.2330e-06
    1025.0 9.6128e-06
    1035.0 1.4060e-05
    1045.0 1.9415e-05
    1055.0 2.6601e-05
    1065.0 3.5661e-05
    1075.0 4.8294e-05
    1085.0 6.6100e-05
    1095.0 8.6961e-05
    1105.0 3.2596e-04
    1115.0 7.1985e-04
    1125.0 1.0782e-03
    1135.0 1.4326e-03
    1145.0 1.9958e-03
    1155.0 2.2383e-03
    1165.0 3.2453e-03
    1175.0 3.8842e-03
    1185.0 3.8454e-03
    1195.0 2.2396e-03
    1205.0 2.4280e-03
    1215.0 1.5848e-03
    1225.0 3.6360e-03
    1235.0 8.3576e-03
    1245.0 2.0509e-02
    1255.0 3.5350e-02
    1265.0 3.7296e-02
    1275.0 6.1868e-02
    1285.0 8.5840e-02
    1295.0 1.1512e-01
    1305.0 9.2947e-02
    1315.0 1.5693e-01
    1325.0 1.7513e-01
    1335.0 2.1491e-01
    1345.0 2.5256e-01
    1355.0 2.8790e-01
    1365.0 3.1369e-01
    1375.0 3.4561e-01
    1385.0 4.0066e-01
    1395.0 4.6401e-01
    1405.0 5.5420e-01
    1415.0 6.2288e-01
    1425.0 6.8857e-01
    1435.0 7.8965e-01
    1442.0 1.0865e+00
    1447.0 9.7821e-01
    1455.0 1.1765e+00
    1465.0 1.4628e+00
    1475.0 1.6497e+00
    1485.0 1.8249e+00
    1495.0 2.4418e+00
    1505.0 3.0029e+00
    1512.0 2.2849e+00
    1517.0 2.9353e+00
    1525.0 5.7854e+00
    1535.0 8.1888e+00
    1545.0 7.6963e+00
    1555.0 1.1302e+01
    1565.0 1.0155e+01
    1575.0 1.8834e+01
    1585.0 2.4081e+01
    1595.0 2.9729e+01
    1605.0 3.0114e+01
    1615.0 3.2607e+01
    1625.0 3.6802e+01
    1635.0 4.1288e+01
    1645.0 6.0800e+01
    1655.0 2.9951e+01
    1665.0 6.6961e+01
    1672.0 3.6525e+01
    1677.0 1.2421e+02
    1685.0 1.7101e+02
    1695.0 2.0961e+02
    1705.0 1.9462e+02
    1715.0 2.1258e+02
    1725.0 2.7146e+02
    1735.0 3.3554e+02
    1745.0 4.0799e+02
    1755.0 5.6882e+02
    1765.0 5.8549e+02
    1775.0 5.9566e+02
    1785.0 7.2261e+02
    1795.0 9.8069e+02
    1805.0 1.0251e+03
    1815.0 1.1165e+03
    1825.0 1.1925e+03
    1835.0 1.5591e+03
    1845.0 1.3302e+03
    1855.0 1.8132e+03
    1865.0 2.0969e+03
    1875.0 2.2980e+03
    1885.0 2.5865e+03
    1895.0 3.2418e+03
    1905.0 3.0496e+03
    1915.0 3.5119e+03
    1925.0 3.4917e+03
    1935.0 2.5129e+03
    1945.0 4.9704e+03
    1955.0 5.2397e+03
    1967.0 6.6016e+03
    1976.0 6.3881e+03
    1984.0 7.7563e+03
    1995.0 7.9301e+03
    2005.0 7.9198e+03
    2015.0 7.7794e+03
    2025.0 6.8635e+03
    2035.0 9.7324e+03
    2045.0 1.1286e+04
    2055.0 1.0001e+04
    2065.0 9.5304e+03
    2074.0 1.3376e+04
    2078.0 2.5916e+04
    2085.0 3.3709e+04
    2095.0 3.0983e+04
    2105.0 3.2259e+04
    2115.0 3.4448e+04
    2125.0 2.8149e+04
    2135.0 2.4985e+04
    2145.0 3.5889e+04
    2155.0 4.0385e+04
    2165.0 2.8679e+04
    2175.0 3.3486e+04
    2185.0 4.2675e+04
    2195.0 5.1496e+04
    2205.0 4.2274e+04
    2215.0 2.7179e+04
    2225.0 3.1078e+04
    2235.0 5.7951e+04
    2245.0 4.9799e+04
    2255.0 2.7473e+04
    2265.0 2.2472e+04
    2275.0 3.9991e+04
    2285.0 5.1240e+04
    2295.0 5.2320e+04
    2305.0 5.9383e+04
    2315.0 4.3454e+04
    2325.0 2.3315e+04
    2335.0 1.5222e+04
    2345.0 1.0884e+04
    2355.0 2.3265e+04
    2365.0 1.1432e+04
    2375.0 1.6831e+04
    2385.0 8.4263e+03
    2395.0 1.2148e+04
    2405.0 1.1830e+04
    2415.0 2.0355e+04
    2425.0 5.7097e+04
    2435.0 6.6640e+04
    2445.0 8.4030e+04
    2455.0 9.0688e+04
    2465.0 7.3515e+04
    2475.0 6.4112e+04
    2485.0 4.3984e+04
    2495.0 5.9756e+04
    2505.0 9.8322e+04
    2513.0 4.0313e+04
    2518.0 3.5746e+04
    2525.0 3.5736e+04
    2535.0 5.6952e+04
    2545.0 6.3726e+04
    2555.0 1.0643e+05
    2565.0 5.5190e+04
    2575.0 7.4204e+04
    2585.0 4.4774e+04
    2595.0 3.5402e+04
    2605.0 2.7143e+04
    2615.0 2.5673e+04
    2625.0 3.5867e+04
    2635.0 8.4266e+04
    2645.0 2.1357e+05
    2655.0 3.0162e+05
    2665.0 1.8083e+05
    2675.0 2.1870e+05
    2685.0 2.5317e+05
    2695.0 2.0374e+05
    2705.0 2.6124e+05
    2715.0 1.3462e+05
    2725.0 1.2582e+05
    2735.0 1.2806e+05
    2745.0 4.8460e+04
    2755.0 6.9469e+04
    2765.0 9.8456e+04
    2775.0 1.0435e+05
    2785.0 6.5755e+04
    2795.0 2.0523e+04
    2805.0 2.7022e+04
    2815.0 9.0631e+04
    2825.0 1.5702e+05
    2835.0 1.9411e+05
    2845.0 2.1068e+05
    2855.0 1.4933e+05
    2865.0 3.1542e+05
    2875.0 3.8257e+05
    2885.0 3.6048e+05
    2895.0 3.9433e+05
    2910.0 5.1858e+05
    2930.0 4.4405e+05
    2950.0 3.9685e+05
    2970.0 5.0667e+05
    2990.0 5.1011e+05
    3010.0 5.8330e+05
    3030.0 5.9626e+05
    3050.0 6.3449e+05
    3070.0 5.8235e+05
    3090.0 6.8473e+05
    3110.0 6.7546e+05
    3130.0 6.6269e+05
    3150.0 6.7871e+05
    3170.0 6.8581e+05
    3190.0 5.9840e+05
    3210.0 7.1351e+05
    3230.0 5.3735e+05
    3250.0 7.4442e+05
    3270.0 8.6712e+05
    3290.0 8.3445e+05
    3310.0 8.7682e+05
    3330.0 8.4815e+05
    3350.0 8.2502e+05
    3370.0 7.5412e+05
    3390.0 8.3060e+05
    3410.0 9.0422e+05
    3430.0 9.3621e+05
    3450.0 9.8825e+05
    3470.0 9.5697e+05
    3490.0 9.7843e+05
    3510.0 1.0600e+06
    3530.0 1.0172e+06
    3550.0 1.1628e+06
    3570.0 9.7383e+05
    3590.0 9.6767e+05
    3610.0 1.0223e+06
    3630.0 1.0711e+06
    3640.0 1.0743e+06
    3650.0 1.1341e+06
    3670.0 1.2002e+06
    3690.0 1.4303e+06
    3710.0 1.7067e+06
    3730.0 1.5678e+06
    3750.0 1.7191e+06
    3770.0 1.7997e+06
    3790.0 1.9368e+06
    3810.0 2.1090e+06
    3830.0 1.6636e+06
    3850.0 1.8972e+06
    3870.0 1.9424e+06
    3890.0 1.8203e+06
    3910.0 1.7100e+06
    3930.0 5.4932e+05
    3950.0 1.0645e+06
    3970.0 6.3828e+05
    3990.0 1.9298e+06
    4010.0 2.3625e+06
    4030.0 2.4743e+06
    4050.0 2.4228e+06
    4070.0 2.3918e+06
    4090.0 2.6846e+06
    4110.0 2.5869e+06
    4130.0 2.6146e+06
    4150.0 2.7684e+06
    4170.0 2.6392e+06
    4190.0 2.6591e+06
    4210.0 2.6393e+06
    4230.0 2.5742e+06
    4250.0 2.6682e+06
    4270.0 2.6071e+06
    4290.0 2.4617e+06
    4310.0 2.1671e+06
    4330.0 2.7176e+06
    4350.0 2.5831e+06
    4370.0 2.8829e+06
    4390.0 2.7135e+06
    4410.0 2.7365e+06
    4430.0 2.7503e+06
    4450.0 2.7614e+06
    4470.0 2.8832e+06
    4490.0 2.9033e+06
    4510.0 3.1677e+06
    4530.0 2.8692e+06
    4550.0 2.8904e+06
    4570.0 3.1052e+06
    4590.0 2.9006e+06
    4610.0 3.0577e+06
    4630.0 2.9844e+06
    4650.0 3.0575e+06
    4670.0 3.0940e+06
    4690.0 3.0252e+06
    4710.0 2.9185e+06
    4730.0 3.0707e+06
    4750.0 3.1358e+06
    4770.0 3.1148e+06
    4790.0 3.1181e+06
    4810.0 3.0637e+06
    4830.0 3.1109e+06
    4850.0 2.9232e+06
    4870.0 2.5989e+06
    4890.0 3.0004e+06
    4910.0 2.9855e+06
    4930.0 2.8986e+06
    4950.0 3.0603e+06
    4970.0 3.0580e+06
    4990.0 2.8188e+06
    5010.0 2.6955e+06
    5030.0 2.8561e+06
    5050.0 2.9022e+06
    5070.0 2.9908e+06
    5090.0 2.9016e+06
    5110.0 2.9212e+06
    5130.0 2.7978e+06
    5150.0 2.7616e+06
    5170.0 2.7309e+06
    5190.0 2.7099e+06
    5210.0 2.7594e+06
    5230.0 2.7883e+06
    5250.0 2.8119e+06
    5270.0 2.5760e+06
    5290.0 2.8064e+06
    5310.0 2.8176e+06
    5330.0 2.6850e+06
    5350.0 2.8347e+06
    5370.0 2.8556e+06
    5390.0 2.7944e+06
    5410.0 2.7246e+06
    5430.0 2.7615e+06
    5450.0 2.8624e+06
    5470.0 2.7802e+06
    5490.0 2.7882e+06
    5510.0 2.7550e+06
    5530.0 2.7810e+06
    5550.0 2.7952e+06
    5570.0 2.7632e+06
    5590.0 2.7162e+06
    5610.0 2.7807e+06
    5630.0 2.7659e+06
    5650.0 2.7501e+06
    5670.0 2.6752e+06
    5690.0 2.7349e+06
    5710.0 2.6772e+06
    5730.0 2.8185e+06
    5750.0 2.7340e+06
    5770.0 2.7590e+06
    5790.0 2.6896e+06
    5810.0 2.7194e+06
    5830.0 2.7533e+06
    5850.0 2.7086e+06
    5870.0 2.7146e+06
    5890.0 2.6187e+06
    5910.0 2.6800e+06
    5930.0 2.6674e+06
    5950.0 2.6664e+06
    5970.0 2.6765e+06
    5990.0 2.6370e+06
    6010.0 2.5932e+06
    6030.0 2.6110e+06
    6050.0 2.6305e+06
    6070.0 2.6330e+06
    6090.0 2.5585e+06
    6110.0 2.5232e+06
    6130.0 2.4608e+06
    6150.0 2.4622e+06
    6170.0 2.4309e+06
    6190.0 2.5219e+06
    6210.0 2.5240e+06
    6230.0 2.4430e+06
    6250.0 2.3417e+06
    6270.0 2.4766e+06
    6290.0 2.4784e+06
    6310.0 2.3913e+06
    6330.0 2.4232e+06
    6350.0 2.4253e+06
    6370.0 2.4047e+06
    6390.0 2.4117e+06
    6410.0 2.3599e+06
    6430.0 2.3746e+06
    6450.0 2.3567e+06
    6470.0 2.3588e+06
    6490.0 2.3044e+06
    6510.0 2.3468e+06
    6530.0 2.3539e+06
    6550.0 2.2867e+06
    6570.0 1.9950e+06
    6590.0 2.2943e+06
    6610.0 2.3005e+06
    6630.0 2.3079e+06
    6650.0 2.2908e+06
    6670.0 2.2669e+06
    6690.0 2.2900e+06
    6710.0 2.2474e+06
    6730.0 2.2650e+06
    6750.0 2.2269e+06
    6770.0 2.2396e+06
    6790.0 2.2124e+06
    6810.0 2.2111e+06
    6830.0 2.2028e+06
    6850.0 2.1656e+06
    6870.0 2.1856e+06
    6890.0 2.1853e+06
    6910.0 2.1651e+06
    6930.0 2.1571e+06
    6950.0 2.1423e+06
    6970.0 2.1379e+06
    6990.0 2.1308e+06
    7010.0 2.0652e+06
    7030.0 2.0926e+06
    7050.0 2.0969e+06
    7070.0 2.0762e+06
    7090.0 2.0683e+06
    7110.0 2.0367e+06
    7130.0 2.0324e+06
    7150.0 2.0285e+06
    7170.0 2.0177e+06
    7190.0 1.9650e+06
    7210.0 1.9917e+06
    7230.0 1.9768e+06
    7250.0 1.9887e+06
    7270.0 1.9819e+06
    7290.0 1.9311e+06
    7310.0 1.9387e+06
    7330.0 1.9446e+06
    7350.0 1.9394e+06
    7370.0 1.9457e+06
    7390.0 1.9000e+06
    7410.0 1.8682e+06
    7430.0 1.8733e+06
    7450.0 1.8784e+06
    7470.0 1.8797e+06
    7490.0 1.8657e+06
    7510.0 1.8664e+06
    7530.0 1.8628e+06
    7550.0 1.8738e+06
    7570.0 1.8480e+06
    7590.0 1.8445e+06
    7610.0 1.8348e+06
    7630.0 1.8341e+06
    7650.0 1.8179e+06
    7670.0 1.7783e+06
    7690.0 1.8033e+06
    7710.0 1.7718e+06
    7730.0 1.7775e+06
    7750.0 1.7609e+06
    7770.0 1.7489e+06
    7790.0 1.7710e+06
    7810.0 1.7594e+06
    7830.0 1.7369e+06
    7850.0 1.7187e+06
    7870.0 1.7342e+06
    7890.0 1.7192e+06
    7910.0 1.6977e+06
    7930.0 1.6806e+06
    7950.0 1.6740e+06
    7970.0 1.6974e+06
    7990.0 1.6866e+06
    8010.0 1.6685e+06
    8030.0 1.6574e+06
    8050.0 1.6512e+06
    8070.0 1.6502e+06
    8090.0 1.6269e+06
    8110.0 1.6416e+06
    8130.0 1.6388e+06
    8150.0 1.6261e+06
    8170.0 1.6192e+06
    8190.0 1.5715e+06
    8210.0 1.5716e+06
    8230.0 1.5683e+06
    8250.0 1.5612e+06
    8270.0 1.5738e+06
    8290.0 1.5577e+06
    8310.0 1.5257e+06
    8330.0 1.5040e+06
    8350.0 1.5306e+06
    8370.0 1.5106e+06
    8390.0 1.5056e+06
    8410.0 1.5178e+06
    8430.0 1.5151e+06
    8450.0 1.5006e+06
    8470.0 1.4810e+06
    8490.0 1.5196e+06
    8510.0 1.3992e+06
    8530.0 1.5256e+06
    8550.0 1.3566e+06
    8570.0 1.5265e+06
    8590.0 1.4747e+06
    8610.0 1.4486e+06
    8630.0 1.4950e+06
    8650.0 1.4902e+06
    8670.0 1.3038e+06
    8690.0 1.4295e+06
    8710.0 1.4591e+06
    8730.0 1.4517e+06
    8750.0 1.3771e+06
    8770.0 1.4491e+06
    8790.0 1.4370e+06
    8810.0 1.4151e+06
    8830.0 1.4070e+06
    8850.0 1.4008e+06
    8870.0 1.3330e+06
    8890.0 1.4029e+06
    8910.0 1.4036e+06
    8930.0 1.3773e+06
    8950.0 1.3791e+06
    8970.0 1.3762e+06
    8990.0 1.3716e+06
    9010.0 1.2878e+06
    9030.0 1.3440e+06
    9050.0 1.3696e+06
    9070.0 1.3256e+06
    9090.0 1.2900e+06
    9110.0 1.3120e+06
    9130.0 1.3339e+06
    9150.0 1.3308e+06
    9170.0 1.3210e+06
    9190.0 1.3229e+06
    9210.0 1.2886e+06
    9230.0 1.2236e+06
    9250.0 1.2633e+06
    9270.0 1.2739e+06
    9290.0 1.2880e+06
    9310.0 1.2860e+06
    9330.0 1.2755e+06
    9350.0 1.2702e+06
    9370.0 1.2638e+06
    9390.0 1.2593e+06
    9410.0 1.2031e+06
    9430.0 1.2393e+06
    9450.0 1.2253e+06
    9470.0 1.2405e+06
    9490.0 1.2414e+06
    9510.0 1.2279e+06
    9530.0 1.2196e+06
    9550.0 1.1509e+06
    9570.0 1.2007e+06
    9590.0 1.2096e+06
    9610.0 1.1895e+06
    9630.0 1.1718e+06
    9650.0 1.1753e+06
    9670.0 1.1614e+06
    9690.0 1.1649e+06
    9710.0 1.1730e+06
    9730.0 1.1677e+06
    9750.0 1.1454e+06
    9770.0 1.1542e+06
    9790.0 1.1449e+06
    9810.0 1.1476e+06
    9830.0 1.1433e+06
    9850.0 1.1302e+06
    9870.0 1.1239e+06
    9890.0 1.1175e+06
    9910.0 1.1126e+06
    9930.0 1.1154e+06
    9950.0 1.1108e+06
    9970.0 1.1093e+06
    9990.0 1.1038e+06
   10025.0 1.0859e+06
   10075.0 1.0593e+06
   10125.0 1.0622e+06
   10175.0 1.0494e+06
   10225.0 1.0432e+06
   10275.0 1.0396e+06
   10325.0 1.0160e+06
   10375.0 1.0080e+06
   10425.0 1.0014e+06
   10475.0 9.7725e+05
   10525.0 9.7308e+05
   10575.0 9.6508e+05
   10625.0 9.5262e+05
   10675.0 9.2635e+05
   10725.0 9.2680e+05
   10775.0 9.1543e+05
   10825.0 9.0168e+05
   10875.0 8.9492e+05
   10925.0 8.6937e+05
   10975.0 8.7511e+05
   11025.0 8.7932e+05
   11075.0 8.7179e+05
   11125.0 8.5738e+05
   11175.0 8.4675e+05
   11225.0 8.4379e+05
   11275.0 8.1887e+05
   11325.0 8.1166e+05
   11375.0 8.1010e+05
   11425.0 7.9292e+05
   11475.0 8.0196e+05
   11525.0 7.9385e+05
   11575.0 7.8101e+05
   11625.0 7.6152e+05
   11675.0 7.5273e+05
   11725.0 7.6167e+05
   11775.0 7.3870e+05
   11825.0 7.3658e+05
   11875.0 7.2155e+05
   11925.0 7.3457e+05
   11975.0 7.1072e+05
   12025.0 7.1419e+05
   12075.0 7.0352e+05
   12125.0 6.9912e+05
   12175.0 6.9662e+05
   12225.0 6.8821e+05
   12275.0 6.8086e+05
   12325.0 6.7472e+05
   12375.0 6.6873e+05
   12425.0 6.6304e+05
   12475.0 6.5689e+05
   12525.0 6.4722e+05
   12575.0 6.3845e+05
   12625.0 6.3498e+05
   12675.0 6.2901e+05
   12725.0 6.2726e+05
   12775.0 6.2177e+05
   12825.0 5.8639e+05
   12875.0 6.0694e+05
   12925.0 5.9953e+05
   12975.0 5.9606e+05
   13025.0 5.8887e+05
   13075.0 5.8669e+05
   13125.0 5.7771e+05
   13175.0 5.7022e+05
   13225.0 5.6907e+05
   13275.0 5.5983e+05
   13325.0 5.5746e+05
   13375.0 5.5129e+05
   13425.0 5.4878e+05
   13475.0 5.4340e+05
   13525.0 5.3709e+05
   13575.0 5.2787e+05
   13625.0 5.2607e+05
   13675.0 5.2069e+05
   13725.0 5.1092e+05
   13775.0 5.1025e+05
   13825.0 5.0682e+05
   13875.0 5.0436e+05
   13925.0 4.9765e+05
   13975.0 4.9453e+05
   14025.0 4.8808e+05
   14075.0 4.8692e+05
   14125.0 4.7921e+05
   14175.0 4.7774e+05
   14225.0 4.6888e+05
   14275.0 4.6337e+05
   14325.0 4.6364e+05
   14375.0 4.6245e+05
   14425.0 4.4271e+05
   14475.0 4.5185e+05
   14525.0 4.3971e+05
   14570.0 4.4293e+05
   14620.0 4.3755e+05
   14675.0 4.3594e+05
   14725.0 4.2702e+05
   14775.0 4.2204e+05
   14825.0 4.1898e+05
   14875.0 4.1140e+05
   14925.0 4.1349e+05
   14975.0 4.0764e+05
   15025.0 3.9993e+05
   15075.0 3.9528e+05
   15125.0 3.9713e+05
   15175.0 3.9576e+05
   15225.0 3.9601e+05
   15275.0 3.8659e+05
   15325.0 3.8443e+05
   15375.0 3.8888e+05
   15425.0 3.7382e+05
   15475.0 3.8207e+05
   15525.0 3.7956e+05
   15575.0 3.6240e+05
   15625.0 3.7806e+05
   15675.0 3.6628e+05
   15725.0 3.5494e+05
   15775.0 3.6026e+05
   15825.0 3.6066e+05
   15875.0 3.3537e+05
   15925.0 3.5298e+05
   15975.0 3.5397e+05
   16050.0 3.4667e+05
   16150.0 3.3315e+05
   16250.0 3.3678e+05
   16350.0 3.2823e+05
   16450.0 3.1406e+05
   16550.0 3.1728e+05
   16650.0 3.1201e+05
   16750.0 3.0415e+05
   16850.0 2.9054e+05
   16950.0 2.9493e+05
   17050.0 2.8546e+05
   17150.0 2.8287e+05
   17250.0 2.7408e+05
   17350.0 2.6089e+05
   17450.0 2.6283e+05
   17550.0 2.5910e+05
   17650.0 2.5402e+05
   17750.0 2.4953e+05
   17850.0 2.4497e+05
   17950.0 2.4173e+05
   18050.0 2.3564e+05
   18150.0 2.2602e+05
   18250.0 2.2647e+05
   18350.0 2.2351e+05
   18450.0 2.1838e+05
   18550.0 2.1453e+05
   18650.0 2.1020e+05
   18750.0 1.9934e+05
   18850.0 2.0266e+05
   18950.0 1.9575e+05
   19050.0 1.9668e+05
   19150.0 1.9254e+05
   19250.0 1.8931e+05
   19350.0 1.8496e+05
   19450.0 1.7663e+05
   19550.0 1.7906e+05
   19650.0 1.7575e+05
   19750.0 1.7238e+05
   19850.0 1.6994e+05
   19950.0 1.6704e+05
   20050.0 1.6463e+05
   20150.0 1.6223e+05
   20250.0 1.5853e+05
   20350.0 1.5515e+05
   20450.0 1.5410e+05
   20550.0 1.5115e+05
   20650.0 1.4806e+05
   20750.0 1.4572e+05
   20850.0 1.4344e+05
   20950.0 1.4057e+05
   21050.0 1.3864e+05
   21150.0 1.3610e+05
   21250.0 1.3387e+05
   21350.0 1.3185e+05
   21450.0 1.3011e+05
   21550.0 1.2810e+05
   21650.0 1.2214e+05
   21750.0 1.2340e+05
   21850.0 1.2144e+05
   21950.0 1.2014e+05
   22050.0 1.1743e+05
   22150.0 1.1573e+05
   22250.0 1.1428e+05
   22350.0 1.1247e+05
   22450.0 1.1071e+05
   22550.0 1.0815e+05
   22650.0 1.0696e+05
   22750.0 1.0556e+05
   22850.0 1.0393e+05
   22950.0 1.0236e+05
   23050.0 1.0116e+05
   23150.0 9.9125e+04
   23250.0 9.7098e+04
   23350.0 9.5631e+04
   23450.0 9.4424e+04
   23550.0 9.2262e+04
   23650.0 9.1397e+04
   23750.0 9.0077e+04
   23850.0 8.8121e+04
   23950.0 8.7324e+04
   24050.0 8.5915e+04
   24150.0 8.4321e+04
   24250.0 8.4055e+04
   24350.0 8.1890e+04
   24450.0 8.0800e+04
   24550.0 8.0084e+04
   24650.0 7.9040e+04
   24750.0 7.7777e+04
   24850.0 7.6938e+04
   24950.0 7.4705e+04
   25050.0 7.5447e+04
   25150.0 7.3976e+04
   25250.0 7.1868e+04
   25350.0 7.2142e+04
   25450.0 7.1021e+04
   25550.0 6.9915e+04
   25650.0 6.7493e+04
   25750.0 6.8254e+04
   25850.0 6.6812e+04
   25950.0 6.6422e+04
   26050.0 6.5578e+04
   26150.0 6.3288e+04
   26250.0 6.1833e+04
   26350.0 6.2919e+04
   26450.0 6.1895e+04
   26550.0 6.1056e+04
   26650.0 5.9940e+04
   26750.0 5.8386e+04
   26850.0 5.8884e+04
   26950.0 5.8183e+04
   27050.0 5.7328e+04
   27150.0 5.6597e+04
   27250.0 5.5908e+04
   27350.0 5.5195e+04
   27450.0 5.4587e+04
   27550.0 5.2643e+04
   27650.0 5.2796e+04
   27750.0 5.2370e+04
   27850.0 5.1701e+04
   27950.0 5.1101e+04
   28050.0 5.0448e+04
   28150.0 4.9818e+04
   28250.0 4.9150e+04
   28350.0 4.8580e+04
   28450.0 4.7839e+04
   28550.0 4.7313e+04
   28650.0 4.6662e+04
   28750.0 4.5163e+04
   28850.0 4.5499e+04
   28950.0 4.4971e+04
   29050.0 4.4477e+04
   29150.0 4.3791e+04
   29250.0 4.3268e+04
   29350.0 4.2806e+04
   29450.0 4.2212e+04
   29550.0 4.1762e+04
   29650.0 4.1263e+04
   29750.0 4.0782e+04
   29850.0 4.0281e+04
   29950.0 3.9732e+04
   30050.0 3.9242e+04
   30150.0 3.8824e+04
   30250.0 3.8345e+04
   30350.0 3.7207e+04
   30450.0 3.7286e+04
   30550.0 3.6927e+04
   30650.0 3.6482e+04
   30750.0 3.6119e+04
   30850.0 3.5570e+04
   30950.0 3.5165e+04
   31050.0 3.4790e+04
   31150.0 3.4184e+04
   31250.0 3.3953e+04
   31350.0 3.3566e+04
   31450.0 3.3171e+04
   31550.0 3.2756e+04
   31650.0 3.2442e+04
   31750.0 3.2023e+04
   31850.0 3.1728e+04
   31950.0 3.1365e+04
   32100.0 3.0794e+04
   32300.0 3.0115e+04
   32500.0 2.9404e+04
   32700.0 2.8721e+04
   32900.0 2.7708e+04
   33100.0 2.7418e+04
   33300.0 2.6787e+04
   33500.0 2.6201e+04
   33700.0 2.5542e+04
   33900.0 2.4960e+04
   34100.0 2.4390e+04
   34300.0 2.3922e+04
   34500.0 2.3454e+04
   34700.0 2.2916e+04
   34900.0 2.2437e+04
   35100.0 2.1978e+04
   35300.0 2.1460e+04
   35500.0 2.1010e+04
   35700.0 2.0521e+04
   35900.0 2.0181e+04
   36100.0 1.9682e+04
   36300.0 1.9366e+04
   36500.0 1.8821e+04
   36700.0 1.8519e+04
   36900.0 1.7940e+04
   37100.0 1.7686e+04
   37300.0 1.7316e+04
   37500.0 1.6731e+04
   37700.0 1.6663e+04
   37900.0 1.6346e+04
   38100.0 1.5935e+04
   38300.0 1.5704e+04
   38500.0 1.5436e+04
   38700.0 1.5093e+04
   38900.0 1.4787e+04
   39100.0 1.4417e+04
   39300.0 1.4263e+04
   39500.0 1.3957e+04
   39700.0 1.3711e+04
   39900.0 1.3355e+04
   40100.0 1.3118e+04
   40300.0 1.2848e+04
   40500.0 1.2538e+04
   40700.0 1.2437e+04
   40900.0 1.2194e+04
   41100.0 1.2004e+04
   41300.0 1.1783e+04
   41500.0 1.1551e+04
   41700.0 1.1234e+04
   41900.0 1.1120e+04
   42100.0 1.0893e+04
   42300.0 1.0757e+04
   42500.0 1.0529e+04
   42700.0 1.0359e+04
   42900.0 1.0060e+04
   43100.0 9.8123e+03
   43300.0 9.6771e+03
   43500.0 9.3665e+03
   43700.0 9.1428e+03
   43900.0 9.0659e+03
   44100.0 8.7742e+03
   44300.0 8.6891e+03
   44500.0 8.5506e+03
   44700.0 8.2942e+03
   44900.0 8.2324e+03
   45100.0 8.0947e+03
   45300.0 7.8714e+03
   45500.0 7.7908e+03
   45700.0 7.6768e+03
   45900.0 7.4734e+03
   46100.0 7.4087e+03
   46300.0 7.2777e+03
   46500.0 7.1598e+03
   46700.0 7.0271e+03
   46900.0 6.9401e+03
   47100.0 6.8434e+03
   47300.0 6.7642e+03
   47500.0 6.6383e+03
   47700.0 6.5353e+03
   47900.0 6.4443e+03
   48100.0 6.3182e+03
   48300.0 6.2506e+03
   48500.0 6.1482e+03
   48700.0 6.0472e+03
   48900.0 5.9577e+03
   49100.0 5.8695e+03
   49300.0 5.7825e+03
   49500.0 5.6869e+03
   49700.0 5.5927e+03
   49900.0 5.5190e+03
   50100.0 5.4464e+03
   50300.0 5.3653e+03
   50500.0 5.2617e+03
   50700.0 5.1923e+03
   50900.0 5.1284e+03
   51100.0 5.0333e+03
   51300.0 4.9349e+03
   51500.0 4.8876e+03
   51700.0 4.8364e+03
   51900.0 4.7457e+03
   52100.0 4.6740e+03
   52300.0 4.6077e+03
   52500.0 4.5465e+03
   52700.0 4.4862e+03
   52900.0 4.4052e+03
   53100.0 4.3550e+03
   53300.0 4.2886e+03
   53500.0 4.2315e+03
   53700.0 4.1709e+03
   53900.0 4.1165e+03
   54100.0 4.0558e+03
   54300.0 3.9829e+03
   54500.0 3.9440e+03
   54700.0 3.8848e+03
   54900.0 3.8295e+03
   55100.0 3.7847e+03
   55300.0 3.7405e+03
   55500.0 3.6739e+03
   55700.0 3.6391e+03
   55900.0 3.5724e+03
   56100.0 3.5294e+03
   56300.0 3.4802e+03
   56500.0 3.4451e+03
   56700.0 3.3984e+03
   56900.0 3.3442e+03
   57100.0 3.3094e+03
   57300.0 3.2652e+03
   57500.0 3.2211e+03
   57700.0 3.1783e+03
   57900.0 3.1346e+03
   58100.0 3.0928e+03
   58300.0 3.0543e+03
   58500.0 3.0180e+03
   58700.0 2.9731e+03
   58900.0 2.9309e+03
   59100.0 2.8870e+03
   59300.0 2.8625e+03
   59500.0 2.8165e+03
   59700.0 2.7916e+03
   59900.0 2.7529e+03
   60100.0 2.7180e+03
   60300.0 2.6849e+03
   60500.0 2.6504e+03
   60700.0 2.6154e+03
   60900.0 2.5821e+03
   61100.0 2.5456e+03
   61300.0 2.5192e+03
   61500.0 2.4889e+03
   61700.0 2.4579e+03
   61900.0 2.4258e+03
   62100.0 2.3965e+03
   62300.0 2.3611e+03
   62500.0 2.3353e+03
   62700.0 2.3063e+03
   62900.0 2.2799e+03
   63100.0 2.2477e+03
   63300.0 2.2251e+03
   63500.0 2.1969e+03
   63700.0 2.1716e+03
   63900.0 2.1436e+03
   64200.0 2.1064e+03
   64600.0 2.0526e+03
   65000.0 2.0035e+03
   65400.0 1.9578e+03
   65800.0 1.9119e+03
   66200.0 1.8664e+03
   66600.0 1.8241e+03
   67000.0 1.7797e+03
   67400.0 1.7383e+03
   67800.0 1.6993e+03
   68200.0 1.6603e+03
   68600.0 1.6227e+03
   69000.0 1.5855e+03
   69400.0 1.5499e+03
   69800.0 1.5147e+03
   70200.0 1.4802e+03
   70600.0 1.4481e+03
   71000.0 1.4171e+03
   71400.0 1.3862e+03
   71800.0 1.3557e+03
   72200.0 1.3255e+03
   72600.0 1.2964e+03
   73000.0 1.2696e+03
   73400.0 1.2420e+03
   73800.0 1.2162e+03
   74200.0 1.1899e+03
   74600.0 1.1649e+03
   75000.0 1.1386e+03
   75400.0 1.1171e+03
   75800.0 1.0949e+03
   76200.0 1.0717e+03
   76600.0 1.0499e+03
   77000.0 1.0281e+03
   77400.0 1.0079e+03
   77800.0 9.8781e+02
   78200.0 9.6793e+02
   78600.0 9.4898e+02
   79000.0 9.2998e+02
   79400.0 9.1150e+02
   79800.0 8.9297e+02
   80200.0 8.7532e+02
   80600.0 8.5816e+02
   81000.0 8.4222e+02
   81400.0 8.2527e+02
   81800.0 8.0969e+02
   82200.0 7.9456e+02
   82600.0 7.7950e+02
   83000.0 7.6486e+02
   83400.0 7.4996e+02
   83800.0 7.3530e+02
   84200.0 7.2191e+02
   84600.0 7.0873e+02
   85000.0 6.9577e+02
   85400.0 6.8285e+02
   85800.0 6.7047e+02
   86200.0 6.5813e+02
   86600.0 6.4647e+02
   87000.0 6.3499e+02
   87400.0 6.2339e+02
   87800.0 6.1228e+02
   88200.0 6.0103e+02
   88600.0 5.8996e+02
   89000.0 5.7953e+02
   89400.0 5.6955e+02
   89800.0 5.5928e+02
   90200.0 5.4976e+02
   90600.0 5.4054e+02
   91000.0 5.3073e+02
   91400.0 5.2179e+02
   91800.0 5.1312e+02
   92200.0 5.0445e+02
   92600.0 4.9590e+02
   93000.0 4.8763e+02
   93400.0 4.7878e+02
   93800.0 4.7089e+02
   94200.0 4.6298e+02
   94600.0 4.5519e+02
   95000.0 4.4778e+02
   95400.0 4.4034e+02
   95800.0 4.3314e+02
   96200.0 4.2592e+02
   96600.0 4.1919e+02
   97000.0 4.1243e+02
   97400.0 4.0538e+02
   97800.0 3.9919e+02
   98200.0 3.9283e+02
   98600.0 3.8669e+02
   99000.0 3.8064e+02
   99400.0 3.7406e+02
   99800.0 3.6806e+02
  100200.0 3.6238e+02
  200000.0 2.3189e+01
  400000.0 1.4450e+00
  600000.0 2.8334e-01
  800000.0 8.8963e-02
 1000000.0 3.6215e-02
 1200000.0 1.7355e-02
 1400000.0 9.3242e-03
 1600000.0 5.4431e-03
