      91.0 0.0000e+00
      94.0 0.0000e+00
      96.0 0.0000e+00
      98.0 0.0000e+00
     100.0 0.0000e+00
     102.0 0.0000e+00
     104.0 0.0000e+00
     106.0 0.0000e+00
     108.0 0.0000e+00
     110.0 0.0000e+00
     114.0 0.0000e+00
     118.0 0.0000e+00
     121.0 0.0000e+00
     125.0 0.0000e+00
     127.0 0.0000e+00
     128.0 0.0000e+00
     131.0 0.0000e+00
     132.0 0.0000e+00
     134.0 0.0000e+00
     137.0 0.0000e+00
     140.0 0.0000e+00
     143.0 0.0000e+00
     147.0 0.0000e+00
     151.0 0.0000e+00
     155.0 0.0000e+00
     159.0 0.0000e+00
     162.0 0.0000e+00
     166.0 0.0000e+00
     170.0 0.0000e+00
     173.0 0.0000e+00
     177.0 0.0000e+00
     180.0 0.0000e+00
     182.0 0.0000e+00
     186.0 0.0000e+00
     191.0 0.0000e+00
     194.0 0.0000e+00
     198.0 0.0000e+00
     202.0 0.0000e+00
     205.0 0.0000e+00
     210.0 0.0000e+00
     216.0 0.0000e+00
     220.0 0.0000e+00
     223.0 0.0000e+00
     227.0 0.0000e+00
     230.0 4.6584e-17
     234.0 1.2965e-16
     240.0 5.6856e-16
     246.0 2.6315e-15
     252.0 9.9232e-15
     257.0 2.5600e-14
     260.0 5.0344e-14
     264.0 1.1457e-13
     269.0 2.7858e-13
     274.0 7.2596e-13
     279.0 1.8456e-12
     284.0 4.9747e-12
     290.0 1.4032e-11
     296.0 3.7871e-11
     301.0 8.4603e-11
     308.0 2.4978e-10
     318.0 1.0858e-09
     328.0 4.3393e-09
     338.0 1.5997e-08
     348.0 5.5075e-08
     357.0 1.6061e-07
     366.0 4.3874e-07
     375.0 1.1384e-06
     385.0 3.1358e-06
     395.0 8.1930e-06
     405.0 2.0456e-05
     414.0 4.4896e-05
     422.0 8.7741e-05
     430.0 1.6642e-04
     441.0 3.9123e-04
     451.0 8.1654e-04
     460.0 1.5392e-03
     470.0 3.0259e-03
     480.0 5.7773e-03
     490.0 1.0753e-02
     500.0 1.9479e-02
     506.0 3.1853e-01
     512.0 6.1527e-01
     520.0 8.8031e-01
     530.0 1.3580e+00
     540.0 1.9982e+00
     550.0 3.1024e+00
     560.0 4.5542e+00
     570.0 6.6694e+00
     580.0 9.0865e+00
     590.0 1.3401e+01
     600.0 1.8687e+01
     610.0 2.6088e+01
     620.0 3.5314e+01
     630.0 4.8039e+01
     640.0 6.3442e+01
     650.0 8.5006e+01
     658.0 1.0600e+02
     665.0 1.2704e+02
     675.0 1.6389e+02
     685.0 2.1196e+02
     695.0 2.7259e+02
     705.0 3.4453e+02
     716.0 4.4373e+02
     726.0 5.5695e+02
     735.0 6.7592e+02
     745.0 8.3657e+02
     755.0 1.0281e+03
     765.0 1.2544e+03
     775.0 1.5291e+03
     785.0 1.8514e+03
     795.0 2.2066e+03
     805.0 2.6536e+03
     815.0 3.1630e+03
     825.0 3.7510e+03
     835.0 4.3824e+03
     845.0 5.2097e+03
     855.0 6.0809e+03
     865.0 7.1271e+03
     875.0 8.2526e+03
     885.0 9.6044e+03
     895.0 1.1075e+04
     905.0 1.2580e+04
     915.0 7.1301e+04
     925.0 3.2025e+05
     935.0 5.0520e+05
     945.0 1.0467e+06
     955.0 4.1904e+06
     965.0 6.6486e+06
     975.0 2.1142e+06
     985.0 3.4793e+07
     995.0 5.9933e+07
    1005.0 8.4225e+07
    1015.0 2.8588e+07
    1025.0 1.8125e+06
    1035.0 1.7833e+07
    1045.0 1.0953e+08
    1055.0 1.8176e+08
    1065.0 1.6536e+08
    1075.0 2.0650e+08
    1085.0 1.8386e+08
    1095.0 2.1013e+08
    1105.0 2.7332e+08
    1115.0 2.6738e+08
    1125.0 2.9268e+08
    1135.0 3.1659e+08
    1145.0 2.7761e+08
    1155.0 3.0608e+08
    1165.0 3.3725e+08
    1175.0 3.0278e+08
    1185.0 2.6456e+08
    1195.0 6.1351e+07
    1205.0 4.1921e+07
    1215.0 4.6895e+06
    1225.0 2.3814e+07
    1235.0 1.8060e+08
    1245.0 3.1449e+08
    1255.0 3.1368e+08
    1265.0 1.7580e+08
    1275.0 3.9790e+08
    1285.0 4.5556e+08
    1295.0 3.8627e+08
    1305.0 3.2630e+08
    1315.0 4.2808e+08
    1325.0 4.2287e+08
    1335.0 3.7619e+08
    1345.0 4.4791e+08
    1355.0 4.1788e+08
    1365.0 3.7676e+08
    1375.0 4.2166e+08
    1385.0 4.3035e+08
    1395.0 4.3462e+08
    1405.0 4.3131e+08
    1415.0 3.9481e+08
    1425.0 4.0860e+08
    1435.0 3.8155e+08
    1442.0 4.1407e+08
    1447.0 4.2937e+08
    1455.0 4.1548e+08
    1465.0 3.8843e+08
    1475.0 3.7001e+08
    1485.0 3.7489e+08
    1495.0 3.9189e+08
    1505.0 3.8082e+08
    1512.0 3.5286e+08
    1517.0 3.7977e+08
    1525.0 3.2727e+08
    1535.0 2.9203e+08
    1545.0 3.6151e+08
    1555.0 3.2999e+08
    1565.0 3.0983e+08
    1575.0 3.2021e+08
    1585.0 3.4010e+08
    1595.0 3.4773e+08
    1605.0 3.2656e+08
    1615.0 3.2956e+08
    1625.0 3.0535e+08
    1635.0 3.1392e+08
    1645.0 3.1672e+08
    1655.0 2.8120e+08
    1665.0 3.0980e+08
    1672.0 2.7496e+08
    1677.0 2.9716e+08
    1685.0 3.1820e+08
    1695.0 2.9952e+08
    1705.0 2.8302e+08
    1715.0 2.6595e+08
    1725.0 2.6138e+08
    1735.0 2.7408e+08
    1745.0 2.6846e+08
    1755.0 2.8698e+08
    1765.0 2.5429e+08
    1775.0 2.7442e+08
    1785.0 2.7557e+08
    1795.0 2.8662e+08
    1805.0 2.7896e+08
    1815.0 2.6865e+08
    1825.0 2.6460e+08
    1835.0 2.5460e+08
    1845.0 2.3923e+08
    1855.0 2.4067e+08
    1865.0 2.4175e+08
    1875.0 2.5691e+08
    1885.0 2.4475e+08
    1895.0 2.3820e+08
    1905.0 2.4241e+08
    1915.0 2.3753e+08
    1925.0 2.3581e+08
    1935.0 2.3739e+08
    1945.0 2.4034e+08
    1955.0 2.3048e+08
    1967.0 2.4221e+08
    1976.0 2.4434e+08
    1984.0 2.3461e+08
    1995.0 2.2429e+08
    2005.0 2.2817e+08
    2015.0 2.1684e+08
    2025.0 2.2655e+08
    2035.0 2.1868e+08
    2045.0 2.2157e+08
    2055.0 2.1158e+08
    2065.0 2.1229e+08
    2074.0 2.1469e+08
    2078.0 2.1456e+08
    2085.0 2.1687e+08
    2095.0 2.0634e+08
    2105.0 2.0641e+08
    2115.0 2.0535e+08
    2125.0 2.0568e+08
    2135.0 1.9026e+08
    2145.0 1.9951e+08
    2155.0 2.0071e+08
    2165.0 1.9172e+08
    2175.0 1.8880e+08
    2185.0 1.8502e+08
    2195.0 1.9252e+08
    2205.0 1.8434e+08
    2215.0 1.7579e+08
    2225.0 1.6847e+08
    2235.0 1.8055e+08
    2245.0 1.6736e+08
    2255.0 1.6404e+08
    2265.0 1.6561e+08
    2275.0 1.7085e+08
    2285.0 1.7264e+08
    2295.0 1.6584e+08
    2305.0 1.5941e+08
    2315.0 1.5305e+08
    2325.0 1.3146e+08
    2335.0 1.4584e+08
    2345.0 1.3946e+08
    2355.0 1.4684e+08
    2365.0 1.3640e+08
    2375.0 1.3921e+08
    2385.0 1.2976e+08
    2395.0 1.3986e+08
    2405.0 1.3229e+08
    2415.0 1.3441e+08
    2425.0 1.3824e+08
    2435.0 1.3110e+08
    2445.0 1.3917e+08
    2455.0 1.3359e+08
    2465.0 1.3400e+08
    2475.0 1.2836e+08
    2485.0 1.3626e+08
    2495.0 1.3188e+08
    2505.0 1.3866e+08
    2513.0 1.2990e+08
    2518.0 1.3262e+08
    2525.0 1.2502e+08
    2535.0 1.2545e+08
    2545.0 1.2297e+08
    2555.0 1.2791e+08
    2565.0 1.2626e+08
    2575.0 1.3226e+08
    2585.0 1.3124e+08
    2595.0 1.3073e+08
    2605.0 1.2529e+08
    2615.0 1.2467e+08
    2625.0 1.2596e+08
    2635.0 1.2629e+08
    2645.0 1.3224e+08
    2655.0 1.3011e+08
    2665.0 1.2370e+08
    2675.0 1.2713e+08
    2685.0 1.2514e+08
    2695.0 1.2238e+08
    2705.0 1.2321e+08
    2715.0 1.1881e+08
    2725.0 1.1879e+08
    2735.0 1.2306e+08
    2745.0 1.1237e+08
    2755.0 1.1142e+08
    2765.0 1.1419e+08
    2775.0 1.1698e+08
    2785.0 1.1589e+08
    2795.0 9.2301e+07
    2805.0 1.0026e+08
    2815.0 1.1587e+08
    2825.0 1.1519e+08
    2835.0 1.1119e+08
    2845.0 1.0760e+08
    2855.0 1.0799e+08
    2865.0 1.1058e+08
    2875.0 1.0803e+08
    2885.0 1.0882e+08
    2895.0 1.0775e+08
    2910.0 1.1081e+08
    2930.0 1.0728e+08
    2950.0 1.0599e+08
    2970.0 1.0486e+08
    2990.0 1.0369e+08
    3010.0 1.0413e+08
    3030.0 1.0262e+08
    3050.0 1.0069e+08
    3070.0 9.9039e+07
    3090.0 9.8540e+07
    3110.0 9.6198e+07
    3130.0 9.5034e+07
    3150.0 9.4024e+07
    3170.0 9.2603e+07
    3190.0 8.9678e+07
    3210.0 8.9972e+07
    3230.0 8.8723e+07
    3250.0 8.7566e+07
    3270.0 8.6835e+07
    3290.0 8.5760e+07
    3310.0 8.4946e+07
    3330.0 8.3550e+07
    3350.0 8.2064e+07
    3370.0 8.1051e+07
    3390.0 7.9888e+07
    3410.0 7.9243e+07
    3430.0 7.8097e+07
    3450.0 7.7214e+07
    3470.0 7.5998e+07
    3490.0 7.5061e+07
    3510.0 7.4441e+07
    3530.0 7.3571e+07
    3550.0 7.2650e+07
    3570.0 7.1650e+07
    3590.0 7.0658e+07
    3610.0 6.9850e+07
    3630.0 6.8891e+07
    3640.0 6.8567e+07
    3650.0 6.8975e+07
    3670.0 6.8110e+07
    3690.0 6.4582e+07
    3710.0 6.1544e+07
    3730.0 5.9627e+07
    3750.0 6.6267e+07
    3770.0 6.7211e+07
    3790.0 7.6788e+07
    3810.0 8.6658e+07
    3830.0 7.1947e+07
    3850.0 9.2633e+07
    3870.0 1.0273e+08
    3890.0 6.3271e+07
    3910.0 1.0158e+08
    3930.0 1.0614e+08
    3950.0 9.9761e+07
    3970.0 6.0031e+07
    3990.0 9.4457e+07
    4010.0 1.0358e+08
    4030.0 1.0219e+08
    4050.0 1.0191e+08
    4070.0 9.7440e+07
    4090.0 7.6919e+07
    4110.0 6.1662e+07
    4130.0 8.9778e+07
    4150.0 9.3928e+07
    4170.0 9.3581e+07
    4190.0 9.2485e+07
    4210.0 9.1270e+07
    4230.0 8.9873e+07
    4250.0 8.8299e+07
    4270.0 8.6355e+07
    4290.0 8.4966e+07
    4310.0 8.0822e+07
    4330.0 6.2143e+07
    4350.0 5.4298e+07
    4370.0 7.6483e+07
    4390.0 7.8028e+07
    4410.0 7.8370e+07
    4430.0 7.7114e+07
    4450.0 7.6543e+07
    4470.0 7.4360e+07
    4490.0 7.3401e+07
    4510.0 7.3223e+07
    4530.0 7.2228e+07
    4550.0 7.0841e+07
    4570.0 7.0395e+07
    4590.0 6.9156e+07
    4610.0 6.8501e+07
    4630.0 6.7127e+07
    4650.0 6.6551e+07
    4670.0 6.5543e+07
    4690.0 6.4603e+07
    4710.0 6.2975e+07
    4730.0 6.2818e+07
    4750.0 6.1759e+07
    4770.0 6.1031e+07
    4790.0 6.0000e+07
    4810.0 5.8569e+07
    4830.0 5.5823e+07
    4850.0 4.4872e+07
    4870.0 3.7942e+07
    4890.0 5.2606e+07
    4910.0 5.4566e+07
    4930.0 5.4075e+07
    4950.0 5.3982e+07
    4970.0 5.3402e+07
    4990.0 5.2734e+07
    5010.0 5.1454e+07
    5030.0 5.1188e+07
    5050.0 4.9890e+07
    5070.0 4.9964e+07
    5090.0 4.9340e+07
    5110.0 4.8588e+07
    5130.0 4.8118e+07
    5150.0 4.7293e+07
    5170.0 4.6659e+07
    5190.0 4.6211e+07
    5210.0 4.5503e+07
    5230.0 4.4893e+07
    5250.0 4.4551e+07
    5270.0 4.3739e+07
    5290.0 4.3537e+07
    5310.0 4.2827e+07
    5330.0 4.2422e+07
    5350.0 4.1938e+07
    5370.0 4.1414e+07
    5390.0 4.0884e+07
    5410.0 4.0320e+07
    5430.0 3.9886e+07
    5450.0 3.9444e+07
    5470.0 3.8920e+07
    5490.0 3.8478e+07
    5510.0 3.8025e+07
    5530.0 3.7617e+07
    5550.0 3.7160e+07
    5570.0 3.6719e+07
    5590.0 3.6292e+07
    5610.0 3.5904e+07
    5630.0 3.5483e+07
    5650.0 3.4969e+07
    5670.0 3.4578e+07
    5690.0 3.4231e+07
    5710.0 3.3837e+07
    5730.0 3.3459e+07
    5750.0 3.3067e+07
    5770.0 3.2687e+07
    5790.0 3.2279e+07
    5810.0 3.1926e+07
    5830.0 3.1573e+07
    5850.0 3.1210e+07
    5870.0 3.0490e+07
    5890.0 3.0449e+07
    5910.0 3.0161e+07
    5930.0 2.9842e+07
    5950.0 2.9391e+07
    5970.0 2.9137e+07
    5990.0 2.8739e+07
    6010.0 2.8522e+07
    6030.0 2.8208e+07
    6050.0 2.7887e+07
    6070.0 2.7577e+07
    6090.0 2.7276e+07
    6110.0 2.6989e+07
    6130.0 2.6688e+07
    6150.0 2.6252e+07
    6170.0 2.6101e+07
    6190.0 2.5832e+07
    6210.0 2.5551e+07
    6230.0 2.5258e+07
    6250.0 2.4906e+07
    6270.0 2.4732e+07
    6290.0 2.4469e+07
    6310.0 2.4188e+07
    6330.0 2.3942e+07
    6350.0 2.3408e+07
    6370.0 2.3252e+07
    6390.0 2.3180e+07
    6410.0 2.2916e+07
    6430.0 2.2701e+07
    6450.0 2.2374e+07
    6470.0 2.2167e+07
    6490.0 2.1854e+07
    6510.0 2.1488e+07
    6530.0 2.0805e+07
    6550.0 1.8355e+07
    6570.0 1.5491e+07
    6590.0 1.9635e+07
    6610.0 2.0315e+07
    6630.0 2.0310e+07
    6650.0 2.0186e+07
    6670.0 1.9954e+07
    6690.0 1.9787e+07
    6710.0 1.9648e+07
    6730.0 1.9447e+07
    6750.0 1.9258e+07
    6770.0 1.9071e+07
    6790.0 1.8873e+07
    6810.0 1.8687e+07
    6830.0 1.8493e+07
    6850.0 1.8316e+07
    6870.0 1.8139e+07
    6890.0 1.7958e+07
    6910.0 1.7781e+07
    6930.0 1.7594e+07
    6950.0 1.7435e+07
    6970.0 1.7269e+07
    6990.0 1.7106e+07
    7010.0 1.6921e+07
    7030.0 1.6774e+07
    7050.0 1.6582e+07
    7070.0 1.6405e+07
    7090.0 1.6298e+07
    7110.0 1.6119e+07
    7130.0 1.5977e+07
    7150.0 1.5819e+07
    7170.0 1.5677e+07
    7190.0 1.5532e+07
    7210.0 1.5386e+07
    7230.0 1.5226e+07
    7250.0 1.5087e+07
    7270.0 1.4956e+07
    7290.0 1.4802e+07
    7310.0 1.4677e+07
    7330.0 1.4541e+07
    7350.0 1.4408e+07
    7370.0 1.4275e+07
    7390.0 1.4141e+07
    7410.0 1.4004e+07
    7430.0 1.3854e+07
    7450.0 1.3741e+07
    7470.0 1.3601e+07
    7490.0 1.3490e+07
    7510.0 1.3369e+07
    7530.0 1.3256e+07
    7550.0 1.3136e+07
    7570.0 1.3016e+07
    7590.0 1.2896e+07
    7610.0 1.2786e+07
    7630.0 1.2668e+07
    7650.0 1.2551e+07
    7670.0 1.2440e+07
    7690.0 1.2329e+07
    7710.0 1.2217e+07
    7730.0 1.2110e+07
    7750.0 1.2003e+07
    7770.0 1.1735e+07
    7790.0 1.1791e+07
    7810.0 1.1692e+07
    7830.0 1.1587e+07
    7850.0 1.1462e+07
    7870.0 1.1338e+07
    7890.0 1.1221e+07
    7910.0 1.1181e+07
    7930.0 1.1091e+07
    7950.0 1.0951e+07
    7970.0 1.0898e+07
    7990.0 1.0729e+07
    8010.0 1.0711e+07
    8030.0 1.0617e+07
    8050.0 1.0526e+07
    8070.0 1.0437e+07
    8090.0 1.0347e+07
    8110.0 1.0256e+07
    8130.0 1.0173e+07
    8150.0 1.0085e+07
    8170.0 1.0001e+07
    8190.0 9.9043e+06
    8210.0 9.8330e+06
    8230.0 9.7321e+06
    8250.0 9.7044e+06
    8270.0 9.6382e+06
    8290.0 9.5429e+06
    8310.0 9.4796e+06
    8330.0 9.3944e+06
    8350.0 9.3168e+06
    8370.0 9.2330e+06
    8390.0 9.1311e+06
    8410.0 9.0436e+06
    8430.0 8.8826e+06
    8450.0 8.7130e+06
    8470.0 8.6669e+06
    8490.0 8.5512e+06
    8510.0 8.4283e+06
    8530.0 8.4317e+06
    8550.0 8.1036e+06
    8570.0 8.4380e+06
    8590.0 8.0153e+06
    8610.0 7.9344e+06
    8630.0 8.4209e+06
    8650.0 8.0182e+06
    8670.0 7.3288e+06
    8690.0 8.1304e+06
    8710.0 8.3950e+06
    8730.0 7.9648e+06
    8750.0 6.9088e+06
    8770.0 7.6101e+06
    8790.0 8.2056e+06
    8810.0 8.2797e+06
    8830.0 8.0038e+06
    8850.0 7.1899e+06
    8870.0 6.4838e+06
    8890.0 7.5593e+06
    8910.0 7.9498e+06
    8930.0 8.0150e+06
    8950.0 7.9778e+06
    8970.0 7.7947e+06
    8990.0 7.3268e+06
    9010.0 6.1583e+06
    9030.0 6.4958e+06
    9050.0 7.3193e+06
    9070.0 7.5217e+06
    9090.0 7.5481e+06
    9110.0 7.5569e+06
    9130.0 7.5037e+06
    9150.0 7.4409e+06
    9170.0 7.3072e+06
    9190.0 7.0568e+06
    9210.0 6.4932e+06
    9230.0 5.4136e+06
    9250.0 6.2522e+06
    9270.0 6.7234e+06
    9290.0 6.9654e+06
    9310.0 6.9964e+06
    9330.0 6.9678e+06
    9350.0 6.9339e+06
    9370.0 6.8880e+06
    9390.0 6.8219e+06
    9410.0 6.7212e+06
    9430.0 6.7197e+06
    9450.0 6.6577e+06
    9470.0 6.5721e+06
    9490.0 6.4499e+06
    9510.0 6.2133e+06
    9530.0 5.6367e+06
    9550.0 4.8097e+06
    9570.0 5.6708e+06
    9590.0 6.0788e+06
    9610.0 6.1833e+06
    9630.0 6.1473e+06
    9650.0 6.1785e+06
    9670.0 6.1312e+06
    9690.0 6.1047e+06
    9710.0 6.0681e+06
    9730.0 6.0305e+06
    9750.0 5.9843e+06
    9770.0 5.9448e+06
    9790.0 5.8980e+06
    9810.0 5.8528e+06
    9830.0 5.8029e+06
    9850.0 5.7658e+06
    9870.0 5.7178e+06
    9890.0 5.6580e+06
    9910.0 5.6229e+06
    9930.0 5.5760e+06
    9950.0 5.5221e+06
    9970.0 5.4577e+06
    9990.0 5.3662e+06
   10025.0 4.8408e+06
   10075.0 4.6180e+06
   10125.0 5.1176e+06
   10175.0 5.0999e+06
   10225.0 5.0295e+06
   10275.0 4.9443e+06
   10325.0 4.8560e+06
   10375.0 4.7737e+06
   10425.0 4.6916e+06
   10475.0 4.6076e+06
   10525.0 4.5249e+06
   10575.0 4.4501e+06
   10625.0 4.3754e+06
   10675.0 4.2808e+06
   10725.0 4.2222e+06
   10775.0 4.1439e+06
   10825.0 4.0484e+06
   10875.0 3.9230e+06
   10925.0 3.3497e+06
   10975.0 3.5841e+06
   11025.0 3.7706e+06
   11075.0 3.7435e+06
   11125.0 3.6935e+06
   11175.0 3.6365e+06
   11225.0 3.5775e+06
   11275.0 3.4987e+06
   11325.0 3.4473e+06
   11375.0 3.4069e+06
   11425.0 3.3523e+06
   11475.0 3.2995e+06
   11525.0 3.2474e+06
   11575.0 3.1962e+06
   11625.0 3.1412e+06
   11675.0 3.0915e+06
   11725.0 3.0477e+06
   11775.0 2.9899e+06
   11825.0 2.9527e+06
   11875.0 2.9049e+06
   11925.0 2.8637e+06
   11975.0 2.8181e+06
   12025.0 2.7765e+06
   12075.0 2.7346e+06
   12125.0 2.6925e+06
   12175.0 2.6527e+06
   12225.0 2.6126e+06
   12275.0 2.5730e+06
   12325.0 2.5348e+06
   12375.0 2.4972e+06
   12425.0 2.4608e+06
   12475.0 2.4203e+06
   12525.0 2.3888e+06
   12575.0 2.3501e+06
   12625.0 2.3157e+06
   12675.0 2.2766e+06
   12725.0 2.2291e+06
   12775.0 2.1206e+06
   12825.0 1.8628e+06
   12875.0 2.0827e+06
   12925.0 2.1083e+06
   12975.0 2.0892e+06
   13025.0 2.0654e+06
   13075.0 2.0370e+06
   13125.0 2.0090e+06
   13175.0 1.9779e+06
   13225.0 1.9527e+06
   13275.0 1.9257e+06
   13325.0 1.8992e+06
   13375.0 1.8729e+06
   13425.0 1.8470e+06
   13475.0 1.8215e+06
   13525.0 1.7962e+06
   13575.0 1.7719e+06
   13625.0 1.7480e+06
   13675.0 1.7237e+06
   13725.0 1.7003e+06
   13775.0 1.6785e+06
   13825.0 1.6557e+06
   13875.0 1.6339e+06
   13925.0 1.6116e+06
   13975.0 1.5909e+06
   14025.0 1.5698e+06
   14075.0 1.5490e+06
   14125.0 1.5284e+06
   14175.0 1.5087e+06
   14225.0 1.4893e+06
   14275.0 1.4700e+06
   14325.0 1.4504e+06
   14375.0 1.4316e+06
   14425.0 1.4114e+06
   14475.0 1.3953e+06
   14525.0 1.3766e+06
   14570.0 1.3619e+06
   14620.0 1.3465e+06
   14675.0 1.3280e+06
   14725.0 1.3113e+06
   14775.0 1.2947e+06
   14825.0 1.2795e+06
   14875.0 1.2633e+06
   14925.0 1.2479e+06
   14975.0 1.2321e+06
   15025.0 1.2170e+06
   15075.0 1.2015e+06
   15125.0 1.1857e+06
   15175.0 1.1696e+06
   15225.0 1.1542e+06
   15275.0 1.1394e+06
   15325.0 1.1218e+06
   15375.0 1.1079e+06
   15425.0 1.0907e+06
   15475.0 1.0796e+06
   15525.0 1.0632e+06
   15575.0 1.0470e+06
   15625.0 1.0462e+06
   15675.0 1.0195e+06
   15725.0 1.0043e+06
   15775.0 1.0144e+06
   15825.0 9.9695e+05
   15875.0 9.5309e+05
   15925.0 9.6603e+05
   15975.0 9.8020e+05
   16050.0 9.4499e+05
   16150.0 9.0344e+05
   16250.0 9.2187e+05
   16350.0 8.7609e+05
   16450.0 8.3711e+05
   16550.0 8.6336e+05
   16650.0 8.4523e+05
   16750.0 7.9670e+05
   16850.0 7.5856e+05
   16950.0 7.8887e+05
   17050.0 7.7551e+05
   17150.0 7.5834e+05
   17250.0 7.3466e+05
   17350.0 6.6447e+05
   17450.0 6.9390e+05
   17550.0 6.9419e+05
   17650.0 6.8173e+05
   17750.0 6.6722e+05
   17850.0 6.5336e+05
   17950.0 6.3866e+05
   18050.0 6.1909e+05
   18150.0 5.6241e+05
   18250.0 5.7931e+05
   18350.0 5.8548e+05
   18450.0 5.7492e+05
   18550.0 5.6281e+05
   18650.0 5.4611e+05
   18750.0 4.9459e+05
   18850.0 5.2311e+05
   18950.0 5.1894e+05
   19050.0 5.0987e+05
   19150.0 4.9998e+05
   19250.0 4.8865e+05
   19350.0 4.7208e+05
   19450.0 4.2793e+05
   19550.0 4.5400e+05
   19650.0 4.5188e+05
   19750.0 4.4454e+05
   19850.0 4.3612e+05
   19950.0 4.2784e+05
   20050.0 4.1971e+05
   20150.0 4.1201e+05
   20250.0 4.0415e+05
   20350.0 3.9671e+05
   20450.0 3.8940e+05
   20550.0 3.8193e+05
   20650.0 3.7514e+05
   20750.0 3.6819e+05
   20850.0 3.6164e+05
   20950.0 3.5491e+05
   21050.0 3.4857e+05
   21150.0 3.4207e+05
   21250.0 3.3620e+05
   21350.0 3.2990e+05
   21450.0 3.2318e+05
   21550.0 3.1373e+05
   21650.0 2.8552e+05
   21750.0 3.0039e+05
   21850.0 3.0091e+05
   21950.0 2.9668e+05
   22050.0 2.9178e+05
   22150.0 2.8670e+05
   22250.0 2.8195e+05
   22350.0 2.7703e+05
   22450.0 2.7243e+05
   22550.0 2.6766e+05
   22650.0 2.6320e+05
   22750.0 2.5880e+05
   22850.0 2.5540e+05
   22950.0 2.5340e+05
   23050.0 2.4918e+05
   23150.0 2.4502e+05
   23250.0 2.4047e+05
   23350.0 2.3622e+05
   23450.0 2.3203e+05
   23550.0 2.2790e+05
   23650.0 2.2404e+05
   23750.0 2.2025e+05
   23850.0 2.1651e+05
   23950.0 2.1282e+05
   24050.0 2.0919e+05
   24150.0 2.0561e+05
   24250.0 2.0225e+05
   24350.0 1.9919e+05
   24450.0 1.9570e+05
   24550.0 1.9268e+05
   24650.0 1.8934e+05
   24750.0 1.8676e+05
   24850.0 1.8390e+05
   24950.0 1.8073e+05
   25050.0 1.7990e+05
   25150.0 1.7609e+05
   25250.0 1.7180e+05
   25350.0 1.7022e+05
   25450.0 1.6837e+05
   25550.0 1.6479e+05
   25650.0 1.6074e+05
   25750.0 1.6031e+05
   25850.0 1.5886e+05
   25950.0 1.5617e+05
   26050.0 1.5180e+05
   26150.0 1.4671e+05
   26250.0 1.3747e+05
   26350.0 1.4456e+05
   26450.0 1.4516e+05
   26550.0 1.4322e+05
   26650.0 1.3975e+05
   26750.0 1.3449e+05
   26850.0 1.3583e+05
   26950.0 1.3547e+05
   27050.0 1.3396e+05
   27150.0 1.3226e+05
   27250.0 1.3024e+05
   27350.0 1.2812e+05
   27450.0 1.2526e+05
   27550.0 1.1944e+05
   27650.0 1.1969e+05
   27750.0 1.2069e+05
   27850.0 1.1964e+05
   27950.0 1.1834e+05
   28050.0 1.1672e+05
   28150.0 1.1512e+05
   28250.0 1.1354e+05
   28350.0 1.1199e+05
   28450.0 1.1017e+05
   28550.0 1.0816e+05
   28650.0 1.0453e+05
   28750.0 9.9960e+04
   28850.0 1.0303e+05
   28950.0 1.0275e+05
   29050.0 1.0178e+05
   29150.0 1.0052e+05
   29250.0 9.9220e+04
   29350.0 9.7919e+04
   29450.0 9.6633e+04
   29550.0 9.5376e+04
   29650.0 9.4133e+04
   29750.0 9.2919e+04
   29850.0 9.1705e+04
   29950.0 9.0532e+04
   30050.0 8.9280e+04
   30150.0 8.7858e+04
   30250.0 8.5994e+04
   30350.0 8.1236e+04
   30450.0 8.1337e+04
   30550.0 8.2964e+04
   30650.0 8.2487e+04
   30750.0 8.1711e+04
   30850.0 8.0653e+04
   30950.0 7.9694e+04
   31050.0 7.8696e+04
   31150.0 7.7722e+04
   31250.0 7.6759e+04
   31350.0 7.5819e+04
   31450.0 7.4877e+04
   31550.0 7.3969e+04
   31650.0 7.3060e+04
   31750.0 7.2172e+04
   31850.0 7.1294e+04
   31950.0 7.0425e+04
   32100.0 6.9163e+04
   32300.0 6.7505e+04
   32500.0 6.5905e+04
   32700.0 6.4080e+04
   32900.0 5.9814e+04
   33100.0 6.0363e+04
   33300.0 6.0127e+04
   33500.0 5.8877e+04
   33700.0 5.7515e+04
   33900.0 5.6191e+04
   34100.0 5.4833e+04
   34300.0 5.3553e+04
   34500.0 5.2329e+04
   34700.0 5.1150e+04
   34900.0 4.9985e+04
   35100.0 4.8872e+04
   35300.0 4.7790e+04
   35500.0 4.6730e+04
   35700.0 4.5681e+04
   35900.0 4.4689e+04
   36100.0 4.3726e+04
   36300.0 4.2782e+04
   36500.0 4.1855e+04
   36700.0 4.0982e+04
   36900.0 4.0037e+04
   37100.0 3.9197e+04
   37300.0 3.7433e+04
   37500.0 3.6327e+04
   37700.0 3.6828e+04
   37900.0 3.6182e+04
   38100.0 3.5291e+04
   38300.0 3.4613e+04
   38500.0 3.4084e+04
   38700.0 3.3420e+04
   38900.0 3.2610e+04
   39100.0 3.1760e+04
   39300.0 3.1414e+04
   39500.0 3.0920e+04
   39700.0 3.0335e+04
   39900.0 2.9746e+04
   40100.0 2.8778e+04
   40300.0 2.8117e+04
   40500.0 2.6736e+04
   40700.0 2.7306e+04
   40900.0 2.6968e+04
   41100.0 2.6486e+04
   41300.0 2.5942e+04
   41500.0 2.5317e+04
   41700.0 2.4433e+04
   41900.0 2.4364e+04
   42100.0 2.4073e+04
   42300.0 2.3665e+04
   42500.0 2.3230e+04
   42700.0 2.2809e+04
   42900.0 2.2395e+04
   43100.0 2.1987e+04
   43300.0 2.1580e+04
   43500.0 2.1097e+04
   43700.0 2.0264e+04
   43900.0 2.0154e+04
   44100.0 2.0040e+04
   44300.0 1.9743e+04
   44500.0 1.9402e+04
   44700.0 1.9109e+04
   44900.0 1.8779e+04
   45100.0 1.8453e+04
   45300.0 1.8133e+04
   45500.0 1.7823e+04
   45700.0 1.7518e+04
   45900.0 1.7218e+04
   46100.0 1.6888e+04
   46300.0 1.6497e+04
   46500.0 1.5473e+04
   46700.0 1.5396e+04
   46900.0 1.5597e+04
   47100.0 1.5503e+04
   47300.0 1.5303e+04
   47500.0 1.5052e+04
   47700.0 1.4805e+04
   47900.0 1.4566e+04
   48100.0 1.4326e+04
   48300.0 1.4095e+04
   48500.0 1.3866e+04
   48700.0 1.3647e+04
   48900.0 1.3430e+04
   49100.0 1.3211e+04
   49300.0 1.3006e+04
   49500.0 1.2798e+04
   49700.0 1.2598e+04
   49900.0 1.2401e+04
   50100.0 1.2207e+04
   50300.0 1.2015e+04
   50500.0 1.1831e+04
   50700.0 1.1649e+04
   50900.0 1.1437e+04
   51100.0 1.1146e+04
   51300.0 1.0612e+04
   51500.0 1.0842e+04
   51700.0 1.0763e+04
   51900.0 1.0622e+04
   52100.0 1.0461e+04
   52300.0 1.0307e+04
   52500.0 1.0155e+04
   52700.0 1.0000e+04
   52900.0 9.8559e+03
   53100.0 9.7095e+03
   53300.0 9.5650e+03
   53500.0 9.4266e+03
   53700.0 9.2900e+03
   53900.0 9.1551e+03
   54100.0 9.0220e+03
   54300.0 8.8906e+03
   54500.0 8.7609e+03
   54700.0 8.6368e+03
   54900.0 8.5143e+03
   55100.0 8.3934e+03
   55300.0 8.2740e+03
   55500.0 8.1560e+03
   55700.0 8.0435e+03
   55900.0 7.9284e+03
   56100.0 7.8187e+03
   56300.0 7.7102e+03
   56500.0 7.6032e+03
   56700.0 7.4974e+03
   56900.0 7.3929e+03
   57100.0 7.2934e+03
   57300.0 7.1915e+03
   57500.0 7.0944e+03
   57700.0 6.9985e+03
   57900.0 6.9037e+03
   58100.0 6.8101e+03
   58300.0 6.7175e+03
   58500.0 6.6367e+03
   58700.0 6.5254e+03
   58900.0 6.3636e+03
   59100.0 6.0425e+03
   59300.0 6.2201e+03
   59500.0 6.1919e+03
   59700.0 6.1269e+03
   59900.0 6.0460e+03
   60100.0 5.9660e+03
   60300.0 5.8869e+03
   60500.0 5.8120e+03
   60700.0 5.7379e+03
   60900.0 5.6615e+03
   61100.0 5.5892e+03
   61300.0 5.5177e+03
   61500.0 5.4470e+03
   61700.0 5.3770e+03
   61900.0 5.3111e+03
   62100.0 5.2427e+03
   62300.0 5.1751e+03
   62500.0 5.1113e+03
   62700.0 5.0483e+03
   62900.0 4.9829e+03
   63100.0 4.9212e+03
   63300.0 4.8603e+03
   63500.0 4.8000e+03
   63700.0 4.7403e+03
   63900.0 4.6842e+03
   64200.0 4.5969e+03
   64600.0 4.4856e+03
   65000.0 4.3766e+03
   65400.0 4.2728e+03
   65800.0 4.1711e+03
   66200.0 4.0716e+03
   66600.0 3.9769e+03
   67000.0 3.8841e+03
   67400.0 3.7933e+03
   67800.0 3.7043e+03
   68200.0 3.6198e+03
   68600.0 3.5369e+03
   69000.0 3.4557e+03
   69400.0 3.3786e+03
   69800.0 3.3031e+03
   70200.0 3.2291e+03
   70600.0 3.1565e+03
   71000.0 3.0877e+03
   71400.0 3.0179e+03
   71800.0 2.9518e+03
   72200.0 2.8893e+03
   72600.0 2.8257e+03
   73000.0 2.7656e+03
   73400.0 2.7066e+03
   73800.0 2.6487e+03
   74200.0 2.5810e+03
   74600.0 2.4414e+03
   75000.0 2.3877e+03
   75400.0 2.4194e+03
   75800.0 2.3814e+03
   76200.0 2.3337e+03
   76600.0 2.2849e+03
   77000.0 2.2390e+03
   77400.0 2.1939e+03
   77800.0 2.1496e+03
   78200.0 2.1061e+03
   78600.0 2.0633e+03
   79000.0 2.0233e+03
   79400.0 1.9820e+03
   79800.0 1.9434e+03
   80200.0 1.9054e+03
   80600.0 1.8681e+03
   81000.0 1.8314e+03
   81400.0 1.7961e+03
   81800.0 1.7615e+03
   82200.0 1.7277e+03
   82600.0 1.6949e+03
   83000.0 1.6627e+03
   83400.0 1.6313e+03
   83800.0 1.6006e+03
   84200.0 1.5707e+03
   84600.0 1.5414e+03
   85000.0 1.5129e+03
   85400.0 1.4849e+03
   85800.0 1.4576e+03
   86200.0 1.4310e+03
   86600.0 1.4049e+03
   87000.0 1.3795e+03
   87400.0 1.3546e+03
   87800.0 1.3302e+03
   88200.0 1.3064e+03
   88600.0 1.2832e+03
   89000.0 1.2605e+03
   89400.0 1.2381e+03
   89800.0 1.2164e+03
   90200.0 1.1952e+03
   90600.0 1.1743e+03
   91000.0 1.1540e+03
   91400.0 1.1340e+03
   91800.0 1.1145e+03
   92200.0 1.0955e+03
   92600.0 1.0768e+03
   93000.0 1.0584e+03
   93400.0 1.0406e+03
   93800.0 1.0230e+03
   94200.0 1.0060e+03
   94600.0 9.8917e+02
   95000.0 9.7262e+02
   95400.0 9.5658e+02
   95800.0 9.4077e+02
   96200.0 9.2532e+02
   96600.0 9.1021e+02
   97000.0 8.9533e+02
   97400.0 8.8079e+02
   97800.0 8.6658e+02
   98200.0 8.5269e+02
   98600.0 8.3900e+02
   99000.0 8.2563e+02
   99400.0 8.1244e+02
   99800.0 7.9956e+02
  100200.0 7.8698e+02
  200000.0 4.9736e+01
  400000.0 3.0639e+00
  600000.0 5.9725e-01
  800000.0 1.8696e-01
 1000000.0 7.5895e-02
 1200000.0 3.6317e-02
 1400000.0 1.9474e-02
 1600000.0 1.1350e-02
