      91.0 0.0000e+00
      94.0 0.0000e+00
      96.0 0.0000e+00
      98.0 0.0000e+00
     100.0 0.0000e+00
     102.0 0.0000e+00
     104.0 0.0000e+00
     106.0 0.0000e+00
     108.0 0.0000e+00
     110.0 0.0000e+00
     114.0 0.0000e+00
     118.0 0.0000e+00
     121.0 0.0000e+00
     125.0 0.0000e+00
     127.0 0.0000e+00
     128.0 0.0000e+00
     131.0 0.0000e+00
     132.0 0.0000e+00
     134.0 0.0000e+00
     137.0 0.0000e+00
     140.0 0.0000e+00
     143.0 0.0000e+00
     147.0 0.0000e+00
     151.0 0.0000e+00
     155.0 0.0000e+00
     159.0 0.0000e+00
     162.0 0.0000e+00
     166.0 0.0000e+00
     170.0 0.0000e+00
     173.0 0.0000e+00
     177.0 0.0000e+00
     180.0 0.0000e+00
     182.0 0.0000e+00
     186.0 0.0000e+00
     191.0 0.0000e+00
     194.0 0.0000e+00
     198.0 0.0000e+00
     202.0 0.0000e+00
     205.0 0.0000e+00
     210.0 0.0000e+00
     216.0 0.0000e+00
     220.0 0.0000e+00
     223.0 0.0000e+00
     227.0 0.0000e+00
     230.0 1.7999e-15
     234.0 4.7962e-15
     240.0 1.9755e-14
     246.0 8.5941e-14
     252.0 3.0591e-13
     257.0 7.5837e-13
     260.0 1.4496e-12
     264.0 3.1865e-12
     269.0 7.4624e-12
     274.0 1.8688e-11
     279.0 4.5677e-11
     284.0 1.1808e-10
     290.0 3.1854e-10
     296.0 8.2353e-10
     301.0 1.7762e-09
     308.0 4.9970e-09
     318.0 2.0302e-08
     328.0 7.5985e-08
     338.0 2.6325e-07
     348.0 8.5197e-07
     357.0 2.3475e-06
     366.0 6.0900e-06
     375.0 1.5034e-05
     385.0 3.9213e-05
     395.0 9.7225e-05
     405.0 2.3066e-04
     414.0 4.8451e-04
     422.0 9.1107e-04
     430.0 1.6661e-03
     441.0 3.7249e-03
     451.0 7.4402e-03
     460.0 1.3510e-02
     470.0 2.5503e-02
     480.0 4.6817e-02
     490.0 8.3857e-02
     500.0 1.4644e-01
     506.0 3.6813e+00
     512.0 7.7583e+00
     520.0 1.0750e+01
     530.0 1.5992e+01
     540.0 2.2314e+01
     550.0 3.3973e+01
     560.0 4.7913e+01
     570.0 6.7875e+01
     580.0 8.7656e+01
     590.0 1.2743e+02
     600.0 1.7195e+02
     610.0 2.3316e+02
     620.0 3.0422e+02
     630.0 4.0214e+02
     640.0 5.1263e+02
     650.0 6.6699e+02
     658.0 8.1428e+02
     665.0 9.5288e+02
     675.0 1.1928e+03
     685.0 1.5017e+03
     695.0 1.8868e+03
     705.0 2.3220e+03
     716.0 2.8982e+03
     726.0 3.5538e+03
     735.0 4.2042e+03
     745.0 5.1011e+03
     755.0 6.1302e+03
     765.0 7.2988e+03
     775.0 8.7309e+03
     785.0 1.0347e+04
     795.0 1.2071e+04
     805.0 1.4208e+04
     815.0 1.6552e+04
     825.0 1.9275e+04
     835.0 2.2032e+04
     845.0 2.5696e+04
     855.0 2.9462e+04
     865.0 3.3929e+04
     875.0 3.8640e+04
     885.0 4.4309e+04
     895.0 5.0211e+04
     905.0 5.5872e+04
     915.0 2.2187e+05
     925.0 9.1126e+05
     935.0 1.4540e+06
     945.0 3.3732e+06
     955.0 1.6620e+07
     965.0 2.6463e+07
     975.0 7.3000e+06
     985.0 1.1115e+08
     995.0 1.5855e+08
    1005.0 2.2190e+08
    1015.0 9.1734e+07
    1025.0 5.0278e+06
    1035.0 5.4528e+07
    1045.0 2.7826e+08
    1055.0 3.9907e+08
    1065.0 3.4319e+08
    1075.0 4.2410e+08
    1085.0 3.6488e+08
    1095.0 4.2575e+08
    1105.0 4.7563e+08
    1115.0 4.4698e+08
    1125.0 4.7829e+08
    1135.0 5.2529e+08
    1145.0 4.5954e+08
    1155.0 5.0276e+08
    1165.0 5.5328e+08
    1175.0 4.9674e+08
    1185.0 4.7302e+08
    1195.0 1.4771e+08
    1205.0 1.0711e+08
    1215.0 1.1340e+07
    1225.0 6.3761e+07
    1235.0 3.6552e+08
    1245.0 5.3753e+08
    1255.0 5.1301e+08
    1265.0 3.0522e+08
    1275.0 6.0740e+08
    1285.0 6.7242e+08
    1295.0 5.5624e+08
    1305.0 4.9022e+08
    1315.0 6.2898e+08
    1325.0 6.0941e+08
    1335.0 5.3727e+08
    1345.0 6.3902e+08
    1355.0 5.9879e+08
    1365.0 5.4172e+08
    1375.0 5.9495e+08
    1385.0 6.0752e+08
    1395.0 6.0488e+08
    1405.0 6.0571e+08
    1415.0 5.5747e+08
    1425.0 5.7377e+08
    1435.0 5.4286e+08
    1442.0 5.8189e+08
    1447.0 5.9678e+08
    1455.0 5.7834e+08
    1465.0 5.4348e+08
    1475.0 5.1993e+08
    1485.0 5.2100e+08
    1495.0 5.4029e+08
    1505.0 5.2138e+08
    1512.0 4.8273e+08
    1517.0 5.1671e+08
    1525.0 4.5814e+08
    1535.0 4.1061e+08
    1545.0 4.9237e+08
    1555.0 4.5259e+08
    1565.0 4.3086e+08
    1575.0 4.4484e+08
    1585.0 4.6678e+08
    1595.0 4.7655e+08
    1605.0 4.4819e+08
    1615.0 4.5222e+08
    1625.0 4.2170e+08
    1635.0 4.3347e+08
    1645.0 4.3477e+08
    1655.0 3.9009e+08
    1665.0 4.2703e+08
    1672.0 3.8812e+08
    1677.0 4.1071e+08
    1685.0 4.3503e+08
    1695.0 4.1113e+08
    1705.0 3.8908e+08
    1715.0 3.6462e+08
    1725.0 3.5839e+08
    1735.0 3.7530e+08
    1745.0 3.6577e+08
    1755.0 3.8922e+08
    1765.0 3.4733e+08
    1775.0 3.7091e+08
    1785.0 3.7305e+08
    1795.0 3.8595e+08
    1805.0 3.7727e+08
    1815.0 3.6104e+08
    1825.0 3.5792e+08
    1835.0 3.4367e+08
    1845.0 3.2329e+08
    1855.0 3.2121e+08
    1865.0 3.2384e+08
    1875.0 3.4519e+08
    1885.0 3.2557e+08
    1895.0 3.1513e+08
    1905.0 3.2515e+08
    1915.0 3.1522e+08
    1925.0 3.1218e+08
    1935.0 3.1579e+08
    1945.0 3.1952e+08
    1955.0 3.0409e+08
    1967.0 3.2109e+08
    1976.0 3.2555e+08
    1984.0 3.1104e+08
    1995.0 2.9735e+08
    2005.0 3.0307e+08
    2015.0 2.8926e+08
    2025.0 3.0326e+08
    2035.0 2.9044e+08
    2045.0 2.9363e+08
    2055.0 2.7990e+08
    2065.0 2.8234e+08
    2074.0 2.8575e+08
    2078.0 2.8299e+08
    2085.0 2.8688e+08
    2095.0 2.7229e+08
    2105.0 2.7388e+08
    2115.0 2.7237e+08
    2125.0 2.7326e+08
    2135.0 2.5550e+08
    2145.0 2.6428e+08
    2155.0 2.6648e+08
    2165.0 2.5510e+08
    2175.0 2.5149e+08
    2185.0 2.4595e+08
    2195.0 2.5462e+08
    2205.0 2.4444e+08
    2215.0 2.3447e+08
    2225.0 2.2420e+08
    2235.0 2.3922e+08
    2245.0 2.2392e+08
    2255.0 2.1868e+08
    2265.0 2.2080e+08
    2275.0 2.2678e+08
    2285.0 2.2857e+08
    2295.0 2.1998e+08
    2305.0 2.1178e+08
    2315.0 2.0360e+08
    2325.0 1.7425e+08
    2335.0 1.9410e+08
    2345.0 1.8651e+08
    2355.0 1.9440e+08
    2365.0 1.8204e+08
    2375.0 1.8519e+08
    2385.0 1.7390e+08
    2395.0 1.8627e+08
    2405.0 1.7658e+08
    2415.0 1.7888e+08
    2425.0 1.8332e+08
    2435.0 1.7395e+08
    2445.0 1.8371e+08
    2455.0 1.7690e+08
    2465.0 1.7713e+08
    2475.0 1.7004e+08
    2485.0 1.8011e+08
    2495.0 1.7436e+08
    2505.0 1.8181e+08
    2513.0 1.7141e+08
    2518.0 1.7529e+08
    2525.0 1.6542e+08
    2535.0 1.6580e+08
    2545.0 1.6235e+08
    2555.0 1.6817e+08
    2565.0 1.6595e+08
    2575.0 1.7306e+08
    2585.0 1.7190e+08
    2595.0 1.7159e+08
    2605.0 1.6448e+08
    2615.0 1.6358e+08
    2625.0 1.6441e+08
    2635.0 1.6484e+08
    2645.0 1.7141e+08
    2655.0 1.6891e+08
    2665.0 1.6147e+08
    2675.0 1.6542e+08
    2685.0 1.6265e+08
    2695.0 1.5958e+08
    2705.0 1.6005e+08
    2715.0 1.5483e+08
    2725.0 1.5443e+08
    2735.0 1.5898e+08
    2745.0 1.4675e+08
    2755.0 1.4537e+08
    2765.0 1.4862e+08
    2775.0 1.5158e+08
    2785.0 1.5066e+08
    2795.0 1.2527e+08
    2805.0 1.3424e+08
    2815.0 1.4965e+08
    2825.0 1.4823e+08
    2835.0 1.4304e+08
    2845.0 1.3887e+08
    2855.0 1.3973e+08
    2865.0 1.4251e+08
    2875.0 1.3952e+08
    2885.0 1.4001e+08
    2895.0 1.3903e+08
    2910.0 1.4157e+08
    2930.0 1.3742e+08
    2950.0 1.3540e+08
    2970.0 1.3378e+08
    2990.0 1.3205e+08
    3010.0 1.3220e+08
    3030.0 1.3035e+08
    3050.0 1.2780e+08
    3070.0 1.2558e+08
    3090.0 1.2473e+08
    3110.0 1.2179e+08
    3130.0 1.2021e+08
    3150.0 1.1868e+08
    3170.0 1.1684e+08
    3190.0 1.1325e+08
    3210.0 1.1327e+08
    3230.0 1.1178e+08
    3250.0 1.1014e+08
    3270.0 1.0905e+08
    3290.0 1.0757e+08
    3310.0 1.0639e+08
    3330.0 1.0467e+08
    3350.0 1.0282e+08
    3370.0 1.0143e+08
    3390.0 9.9933e+07
    3410.0 9.8878e+07
    3430.0 9.7372e+07
    3450.0 9.6105e+07
    3470.0 9.4592e+07
    3490.0 9.3393e+07
    3510.0 9.2448e+07
    3530.0 9.1259e+07
    3550.0 9.0034e+07
    3570.0 8.8774e+07
    3590.0 8.7425e+07
    3610.0 8.6394e+07
    3630.0 8.5154e+07
    3640.0 8.4714e+07
    3650.0 8.4736e+07
    3670.0 8.3664e+07
    3690.0 7.9765e+07
    3710.0 7.5780e+07
    3730.0 7.3176e+07
    3750.0 8.0107e+07
    3770.0 8.0904e+07
    3790.0 9.1081e+07
    3810.0 1.0178e+08
    3830.0 8.5264e+07
    3850.0 1.0792e+08
    3870.0 1.1842e+08
    3890.0 7.5546e+07
    3910.0 1.1711e+08
    3930.0 1.2159e+08
    3950.0 1.1475e+08
    3970.0 7.1550e+07
    3990.0 1.0877e+08
    4010.0 1.1783e+08
    4030.0 1.1570e+08
    4050.0 1.1588e+08
    4070.0 1.1105e+08
    4090.0 8.9321e+07
    4110.0 7.2552e+07
    4130.0 1.0243e+08
    4150.0 1.0646e+08
    4170.0 1.0606e+08
    4190.0 1.0485e+08
    4210.0 1.0345e+08
    4230.0 1.0187e+08
    4250.0 1.0012e+08
    4270.0 9.7734e+07
    4290.0 9.6368e+07
    4310.0 9.1990e+07
    4330.0 7.2146e+07
    4350.0 6.3499e+07
    4370.0 8.7095e+07
    4390.0 8.8357e+07
    4410.0 8.8667e+07
    4430.0 8.7196e+07
    4450.0 8.6596e+07
    4470.0 8.3602e+07
    4490.0 8.3037e+07
    4510.0 8.2774e+07
    4530.0 8.1577e+07
    4550.0 8.0109e+07
    4570.0 7.9524e+07
    4590.0 7.8149e+07
    4610.0 7.7247e+07
    4630.0 7.5798e+07
    4650.0 7.5037e+07
    4670.0 7.3900e+07
    4690.0 7.2835e+07
    4710.0 7.0975e+07
    4730.0 7.0751e+07
    4750.0 6.9572e+07
    4770.0 6.8831e+07
    4790.0 6.7631e+07
    4810.0 6.6085e+07
    4830.0 6.3277e+07
    4850.0 5.1744e+07
    4870.0 4.4140e+07
    4890.0 5.9677e+07
    4910.0 6.1580e+07
    4930.0 6.0785e+07
    4950.0 6.0784e+07
    4970.0 6.0151e+07
    4990.0 5.9332e+07
    5010.0 5.7761e+07
    5030.0 5.7539e+07
    5050.0 5.6003e+07
    5070.0 5.6168e+07
    5090.0 5.5450e+07
    5110.0 5.4604e+07
    5130.0 5.4087e+07
    5150.0 5.3126e+07
    5170.0 5.2491e+07
    5190.0 5.1909e+07
    5210.0 5.1026e+07
    5230.0 5.0461e+07
    5250.0 4.9990e+07
    5270.0 4.9136e+07
    5290.0 4.8894e+07
    5310.0 4.8101e+07
    5330.0 4.7614e+07
    5350.0 4.7007e+07
    5370.0 4.6450e+07
    5390.0 4.5858e+07
    5410.0 4.5233e+07
    5430.0 4.4697e+07
    5450.0 4.4208e+07
    5470.0 4.3605e+07
    5490.0 4.3129e+07
    5510.0 4.2619e+07
    5530.0 4.2154e+07
    5550.0 4.1617e+07
    5570.0 4.1126e+07
    5590.0 4.0640e+07
    5610.0 4.0198e+07
    5630.0 3.9724e+07
    5650.0 3.9143e+07
    5670.0 3.8681e+07
    5690.0 3.8298e+07
    5710.0 3.7883e+07
    5730.0 3.7437e+07
    5750.0 3.6995e+07
    5770.0 3.6559e+07
    5790.0 3.6092e+07
    5810.0 3.5702e+07
    5830.0 3.5317e+07
    5850.0 3.4897e+07
    5870.0 3.3939e+07
    5890.0 3.4034e+07
    5910.0 3.3708e+07
    5930.0 3.3351e+07
    5950.0 3.2833e+07
    5970.0 3.2556e+07
    5990.0 3.2098e+07
    6010.0 3.1862e+07
    6030.0 3.1505e+07
    6050.0 3.1147e+07
    6070.0 3.0792e+07
    6090.0 3.0451e+07
    6110.0 3.0133e+07
    6130.0 2.9793e+07
    6150.0 2.9321e+07
    6170.0 2.9131e+07
    6190.0 2.8827e+07
    6210.0 2.8511e+07
    6230.0 2.8177e+07
    6250.0 2.7785e+07
    6270.0 2.7584e+07
    6290.0 2.7288e+07
    6310.0 2.6973e+07
    6330.0 2.6696e+07
    6350.0 2.6099e+07
    6370.0 2.5924e+07
    6390.0 2.5838e+07
    6410.0 2.5537e+07
    6430.0 2.5303e+07
    6450.0 2.4965e+07
    6470.0 2.4708e+07
    6490.0 2.4371e+07
    6510.0 2.3972e+07
    6530.0 2.3269e+07
    6550.0 2.0737e+07
    6570.0 1.7641e+07
    6590.0 2.2002e+07
    6610.0 2.2668e+07
    6630.0 2.2635e+07
    6650.0 2.2482e+07
    6670.0 2.2194e+07
    6690.0 2.1995e+07
    6710.0 2.1864e+07
    6730.0 2.1641e+07
    6750.0 2.1426e+07
    6770.0 2.1219e+07
    6790.0 2.0993e+07
    6810.0 2.0787e+07
    6830.0 2.0565e+07
    6850.0 2.0366e+07
    6870.0 2.0169e+07
    6890.0 1.9966e+07
    6910.0 1.9768e+07
    6930.0 1.9551e+07
    6950.0 1.9379e+07
    6970.0 1.9194e+07
    6990.0 1.9011e+07
    7010.0 1.8807e+07
    7030.0 1.8633e+07
    7050.0 1.8419e+07
    7070.0 1.8192e+07
    7090.0 1.8104e+07
    7110.0 1.7907e+07
    7130.0 1.7743e+07
    7150.0 1.7569e+07
    7170.0 1.7411e+07
    7190.0 1.7247e+07
    7210.0 1.7082e+07
    7230.0 1.6891e+07
    7250.0 1.6746e+07
    7270.0 1.6601e+07
    7290.0 1.6418e+07
    7310.0 1.6288e+07
    7330.0 1.6134e+07
    7350.0 1.5987e+07
    7370.0 1.5836e+07
    7390.0 1.5689e+07
    7410.0 1.5537e+07
    7430.0 1.5368e+07
    7450.0 1.5241e+07
    7470.0 1.5084e+07
    7490.0 1.4959e+07
    7510.0 1.4824e+07
    7530.0 1.4696e+07
    7550.0 1.4560e+07
    7570.0 1.4429e+07
    7590.0 1.4292e+07
    7610.0 1.4170e+07
    7630.0 1.4038e+07
    7650.0 1.3909e+07
    7670.0 1.3784e+07
    7690.0 1.3659e+07
    7710.0 1.3536e+07
    7730.0 1.3416e+07
    7750.0 1.3293e+07
    7770.0 1.3012e+07
    7790.0 1.3058e+07
    7810.0 1.2946e+07
    7830.0 1.2829e+07
    7850.0 1.2686e+07
    7870.0 1.2556e+07
    7890.0 1.2427e+07
    7910.0 1.2377e+07
    7930.0 1.2275e+07
    7950.0 1.2122e+07
    7970.0 1.2059e+07
    7990.0 1.1881e+07
    8010.0 1.1852e+07
    8030.0 1.1746e+07
    8050.0 1.1643e+07
    8070.0 1.1545e+07
    8090.0 1.1444e+07
    8110.0 1.1344e+07
    8130.0 1.1248e+07
    8150.0 1.1154e+07
    8170.0 1.1059e+07
    8190.0 1.0954e+07
    8210.0 1.0856e+07
    8230.0 1.0745e+07
    8250.0 1.0710e+07
    8270.0 1.0631e+07
    8290.0 1.0527e+07
    8310.0 1.0456e+07
    8330.0 1.0362e+07
    8350.0 1.0275e+07
    8370.0 1.0183e+07
    8390.0 1.0077e+07
    8410.0 9.9846e+06
    8430.0 9.8141e+06
    8450.0 9.6333e+06
    8470.0 9.5845e+06
    8490.0 9.4529e+06
    8510.0 9.3307e+06
    8530.0 9.3134e+06
    8550.0 8.9910e+06
    8570.0 9.3018e+06
    8590.0 8.8717e+06
    8610.0 8.7885e+06
    8630.0 9.2598e+06
    8650.0 8.8452e+06
    8670.0 8.1552e+06
    8690.0 8.9498e+06
    8710.0 9.2043e+06
    8730.0 8.7625e+06
    8750.0 7.6904e+06
    8770.0 8.3928e+06
    8790.0 8.9848e+06
    8810.0 9.0537e+06
    8830.0 8.7682e+06
    8850.0 7.9401e+06
    8870.0 7.2139e+06
    8890.0 8.3028e+06
    8910.0 8.6915e+06
    8930.0 8.7489e+06
    8950.0 8.7068e+06
    8970.0 8.5160e+06
    8990.0 8.0375e+06
    9010.0 6.8393e+06
    9030.0 7.1826e+06
    9050.0 8.0162e+06
    9070.0 8.2126e+06
    9090.0 8.2390e+06
    9110.0 8.2389e+06
    9130.0 8.1784e+06
    9150.0 8.1098e+06
    9170.0 7.9703e+06
    9190.0 7.7142e+06
    9210.0 7.1378e+06
    9230.0 6.0203e+06
    9250.0 6.8842e+06
    9270.0 7.3597e+06
    9290.0 7.5948e+06
    9310.0 7.6204e+06
    9330.0 7.5863e+06
    9350.0 7.5484e+06
    9370.0 7.4971e+06
    9390.0 7.4299e+06
    9410.0 7.3184e+06
    9430.0 7.3157e+06
    9450.0 7.2485e+06
    9470.0 7.1564e+06
    9490.0 7.0318e+06
    9510.0 6.7874e+06
    9530.0 6.1991e+06
    9550.0 5.3383e+06
    9570.0 6.2273e+06
    9590.0 6.6368e+06
    9610.0 6.7378e+06
    9630.0 6.6969e+06
    9650.0 6.7233e+06
    9670.0 6.6737e+06
    9690.0 6.6410e+06
    9710.0 6.6023e+06
    9730.0 6.5587e+06
    9750.0 6.5078e+06
    9770.0 6.4636e+06
    9790.0 6.4135e+06
    9810.0 6.3649e+06
    9830.0 6.3105e+06
    9850.0 6.2688e+06
    9870.0 6.2188e+06
    9890.0 6.1545e+06
    9910.0 6.1138e+06
    9930.0 6.0637e+06
    9950.0 6.0066e+06
    9970.0 5.9379e+06
    9990.0 5.8444e+06
   10025.0 5.3050e+06
   10075.0 5.0670e+06
   10125.0 5.5691e+06
   10175.0 5.5435e+06
   10225.0 5.4665e+06
   10275.0 5.3725e+06
   10325.0 5.2734e+06
   10375.0 5.1848e+06
   10425.0 5.0954e+06
   10475.0 5.0043e+06
   10525.0 4.9157e+06
   10575.0 4.8329e+06
   10625.0 4.7514e+06
   10675.0 4.6512e+06
   10725.0 4.5850e+06
   10775.0 4.5013e+06
   10825.0 4.3922e+06
   10875.0 4.2678e+06
   10925.0 3.6762e+06
   10975.0 3.9146e+06
   11025.0 4.0962e+06
   11075.0 4.0642e+06
   11125.0 4.0084e+06
   11175.0 3.9447e+06
   11225.0 3.8811e+06
   11275.0 3.7968e+06
   11325.0 3.7399e+06
   11375.0 3.6951e+06
   11425.0 3.6353e+06
   11475.0 3.5781e+06
   11525.0 3.5210e+06
   11575.0 3.4656e+06
   11625.0 3.4056e+06
   11675.0 3.3519e+06
   11725.0 3.3033e+06
   11775.0 3.2425e+06
   11825.0 3.2005e+06
   11875.0 3.1490e+06
   11925.0 3.1041e+06
   11975.0 3.0531e+06
   12025.0 3.0087e+06
   12075.0 2.9633e+06
   12125.0 2.9177e+06
   12175.0 2.8735e+06
   12225.0 2.8300e+06
   12275.0 2.7871e+06
   12325.0 2.7456e+06
   12375.0 2.7047e+06
   12425.0 2.6651e+06
   12475.0 2.6214e+06
   12525.0 2.5860e+06
   12575.0 2.5458e+06
   12625.0 2.5083e+06
   12675.0 2.4662e+06
   12725.0 2.4157e+06
   12775.0 2.3043e+06
   12825.0 2.0370e+06
   12875.0 2.2614e+06
   12925.0 2.2841e+06
   12975.0 2.2616e+06
   13025.0 2.2365e+06
   13075.0 2.2047e+06
   13125.0 2.1733e+06
   13175.0 2.1409e+06
   13225.0 2.1131e+06
   13275.0 2.0836e+06
   13325.0 2.0545e+06
   13375.0 2.0258e+06
   13425.0 1.9974e+06
   13475.0 1.9700e+06
   13525.0 1.9424e+06
   13575.0 1.9164e+06
   13625.0 1.8901e+06
   13675.0 1.8641e+06
   13725.0 1.8391e+06
   13775.0 1.8150e+06
   13825.0 1.7906e+06
   13875.0 1.7665e+06
   13925.0 1.7427e+06
   13975.0 1.7198e+06
   14025.0 1.6972e+06
   14075.0 1.6743e+06
   14125.0 1.6523e+06
   14175.0 1.6305e+06
   14225.0 1.6096e+06
   14275.0 1.5883e+06
   14325.0 1.5679e+06
   14375.0 1.5471e+06
   14425.0 1.5255e+06
   14475.0 1.5075e+06
   14525.0 1.4875e+06
   14570.0 1.4715e+06
   14620.0 1.4536e+06
   14675.0 1.4338e+06
   14725.0 1.4158e+06
   14775.0 1.3975e+06
   14825.0 1.3810e+06
   14875.0 1.3636e+06
   14925.0 1.3469e+06
   14975.0 1.3299e+06
   15025.0 1.3131e+06
   15075.0 1.2965e+06
   15125.0 1.2796e+06
   15175.0 1.2623e+06
   15225.0 1.2457e+06
   15275.0 1.2299e+06
   15325.0 1.2111e+06
   15375.0 1.1962e+06
   15425.0 1.1778e+06
   15475.0 1.1657e+06
   15525.0 1.1483e+06
   15575.0 1.1310e+06
   15625.0 1.1287e+06
   15675.0 1.1015e+06
   15725.0 1.0853e+06
   15775.0 1.0939e+06
   15825.0 1.0755e+06
   15875.0 1.0316e+06
   15925.0 1.0431e+06
   15975.0 1.0558e+06
   16050.0 1.0195e+06
   16150.0 9.7654e+05
   16250.0 9.9226e+05
   16350.0 9.4517e+05
   16450.0 9.0447e+05
   16550.0 9.2859e+05
   16650.0 9.0882e+05
   16750.0 8.5953e+05
   16850.0 8.1980e+05
   16950.0 8.4855e+05
   17050.0 8.3327e+05
   17150.0 8.1501e+05
   17250.0 7.9028e+05
   17350.0 7.1865e+05
   17450.0 7.4706e+05
   17550.0 7.4597e+05
   17650.0 7.3254e+05
   17750.0 7.1670e+05
   17850.0 7.0154e+05
   17950.0 6.8593e+05
   18050.0 6.6546e+05
   18150.0 6.0755e+05
   18250.0 6.2396e+05
   18350.0 6.2893e+05
   18450.0 6.1825e+05
   18550.0 6.0429e+05
   18650.0 5.8713e+05
   18750.0 5.3416e+05
   18850.0 5.6259e+05
   18950.0 5.5734e+05
   19050.0 5.4754e+05
   19150.0 5.3660e+05
   19250.0 5.2457e+05
   19350.0 5.0763e+05
   19450.0 4.6217e+05
   19550.0 4.8789e+05
   19650.0 4.8511e+05
   19750.0 4.7713e+05
   19850.0 4.6808e+05
   19950.0 4.5918e+05
   20050.0 4.5043e+05
   20150.0 4.4184e+05
   20250.0 4.3368e+05
   20350.0 4.2567e+05
   20450.0 4.1750e+05
   20550.0 4.0975e+05
   20650.0 4.0242e+05
   20750.0 3.9493e+05
   20850.0 3.8784e+05
   20950.0 3.8060e+05
   21050.0 3.7374e+05
   21150.0 3.6700e+05
   21250.0 3.6037e+05
   21350.0 3.5384e+05
   21450.0 3.4664e+05
   21550.0 3.3672e+05
   21650.0 3.0777e+05
   21750.0 3.2269e+05
   21850.0 3.2276e+05
   21950.0 3.1833e+05
   22050.0 3.1274e+05
   22150.0 3.0748e+05
   22250.0 3.0206e+05
   22350.0 2.9696e+05
   22450.0 2.9194e+05
   22550.0 2.8700e+05
   22650.0 2.8213e+05
   22750.0 2.7734e+05
   22850.0 2.7354e+05
   22950.0 2.7116e+05
   23050.0 2.6656e+05
   23150.0 2.6224e+05
   23250.0 2.5755e+05
   23350.0 2.5293e+05
   23450.0 2.4838e+05
   23550.0 2.4411e+05
   23650.0 2.3991e+05
   23750.0 2.3577e+05
   23850.0 2.3190e+05
   23950.0 2.2808e+05
   24050.0 2.2412e+05
   24150.0 2.2021e+05
   24250.0 2.1656e+05
   24350.0 2.1337e+05
   24450.0 2.0962e+05
   24550.0 2.0633e+05
   24650.0 2.0288e+05
   24750.0 2.0007e+05
   24850.0 1.9691e+05
   24950.0 1.9360e+05
   25050.0 1.9244e+05
   25150.0 1.8854e+05
   25250.0 1.8410e+05
   25350.0 1.8230e+05
   25450.0 1.8024e+05
   25550.0 1.7649e+05
   25650.0 1.7230e+05
   25750.0 1.7167e+05
   25850.0 1.7000e+05
   25950.0 1.6716e+05
   26050.0 1.6265e+05
   26150.0 1.5741e+05
   26250.0 1.4766e+05
   26350.0 1.5492e+05
   26450.0 1.5536e+05
   26550.0 1.5324e+05
   26650.0 1.4965e+05
   26750.0 1.4427e+05
   26850.0 1.4543e+05
   26950.0 1.4491e+05
   27050.0 1.4325e+05
   27150.0 1.4155e+05
   27250.0 1.3932e+05
   27350.0 1.3702e+05
   27450.0 1.3406e+05
   27550.0 1.2812e+05
   27650.0 1.2826e+05
   27750.0 1.2909e+05
   27850.0 1.2794e+05
   27950.0 1.2649e+05
   28050.0 1.2475e+05
   28150.0 1.2303e+05
   28250.0 1.2135e+05
   28350.0 1.1969e+05
   28450.0 1.1778e+05
   28550.0 1.1566e+05
   28650.0 1.1194e+05
   28750.0 1.0724e+05
   28850.0 1.1023e+05
   28950.0 1.0984e+05
   29050.0 1.0880e+05
   29150.0 1.0744e+05
   29250.0 1.0603e+05
   29350.0 1.0463e+05
   29450.0 1.0326e+05
   29550.0 1.0191e+05
   29650.0 1.0057e+05
   29750.0 9.9273e+04
   29850.0 9.7990e+04
   29950.0 9.6722e+04
   30050.0 9.5415e+04
   30150.0 9.3886e+04
   30250.0 9.1956e+04
   30350.0 8.7055e+04
   30450.0 8.7118e+04
   30550.0 8.8694e+04
   30650.0 8.8142e+04
   30750.0 8.7291e+04
   30850.0 8.6159e+04
   30950.0 8.5127e+04
   31050.0 8.4057e+04
   31150.0 8.3012e+04
   31250.0 8.1990e+04
   31350.0 8.0980e+04
   31450.0 7.9981e+04
   31550.0 7.8993e+04
   31650.0 7.8028e+04
   31750.0 7.7073e+04
   31850.0 7.6140e+04
   31950.0 7.5218e+04
   32100.0 7.3853e+04
   32300.0 7.2091e+04
   32500.0 7.0378e+04
   32700.0 6.8443e+04
   32900.0 6.4013e+04
   33100.0 6.4511e+04
   33300.0 6.4182e+04
   33500.0 6.2820e+04
   33700.0 6.1369e+04
   33900.0 5.9968e+04
   34100.0 5.8555e+04
   34300.0 5.7151e+04
   34500.0 5.5845e+04
   34700.0 5.4586e+04
   34900.0 5.3342e+04
   35100.0 5.2152e+04
   35300.0 5.1004e+04
   35500.0 4.9860e+04
   35700.0 4.8748e+04
   35900.0 4.7695e+04
   36100.0 4.6662e+04
   36300.0 4.5657e+04
   36500.0 4.4663e+04
   36700.0 4.3733e+04
   36900.0 4.2732e+04
   37100.0 4.1828e+04
   37300.0 3.9984e+04
   37500.0 3.8808e+04
   37700.0 3.9300e+04
   37900.0 3.8603e+04
   38100.0 3.7662e+04
   38300.0 3.6926e+04
   38500.0 3.6357e+04
   38700.0 3.5638e+04
   38900.0 3.4789e+04
   39100.0 3.3901e+04
   39300.0 3.3502e+04
   39500.0 3.2972e+04
   39700.0 3.2344e+04
   39900.0 3.1712e+04
   40100.0 3.0710e+04
   40300.0 3.0007e+04
   40500.0 2.8549e+04
   40700.0 2.9123e+04
   40900.0 2.8753e+04
   41100.0 2.8233e+04
   41300.0 2.7658e+04
   41500.0 2.6995e+04
   41700.0 2.6074e+04
   41900.0 2.5983e+04
   42100.0 2.5663e+04
   42300.0 2.5219e+04
   42500.0 2.4757e+04
   42700.0 2.4302e+04
   42900.0 2.3861e+04
   43100.0 2.3433e+04
   43300.0 2.3000e+04
   43500.0 2.2485e+04
   43700.0 2.1626e+04
   43900.0 2.1492e+04
   44100.0 2.1359e+04
   44300.0 2.1038e+04
   44500.0 2.0668e+04
   44700.0 2.0351e+04
   44900.0 1.9998e+04
   45100.0 1.9650e+04
   45300.0 1.9313e+04
   45500.0 1.8982e+04
   45700.0 1.8655e+04
   45900.0 1.8339e+04
   46100.0 1.7989e+04
   46300.0 1.7576e+04
   46500.0 1.6499e+04
   46700.0 1.6424e+04
   46900.0 1.6622e+04
   47100.0 1.6514e+04
   47300.0 1.6294e+04
   47500.0 1.6024e+04
   47700.0 1.5764e+04
   47900.0 1.5507e+04
   48100.0 1.5254e+04
   48300.0 1.5004e+04
   48500.0 1.4764e+04
   48700.0 1.4526e+04
   48900.0 1.4292e+04
   49100.0 1.4067e+04
   49300.0 1.3844e+04
   49500.0 1.3625e+04
   49700.0 1.3409e+04
   49900.0 1.3200e+04
   50100.0 1.2995e+04
   50300.0 1.2792e+04
   50500.0 1.2592e+04
   50700.0 1.2395e+04
   50900.0 1.2178e+04
   51100.0 1.1871e+04
   51300.0 1.1310e+04
   51500.0 1.1543e+04
   51700.0 1.1458e+04
   51900.0 1.1303e+04
   52100.0 1.1133e+04
   52300.0 1.0969e+04
   52500.0 1.0803e+04
   52700.0 1.0643e+04
   52900.0 1.0486e+04
   53100.0 1.0330e+04
   53300.0 1.0177e+04
   53500.0 1.0030e+04
   53700.0 9.8847e+03
   53900.0 9.7413e+03
   54100.0 9.5997e+03
   54300.0 9.4600e+03
   54500.0 9.3221e+03
   54700.0 9.1899e+03
   54900.0 9.0594e+03
   55100.0 8.9305e+03
   55300.0 8.8033e+03
   55500.0 8.6777e+03
   55700.0 8.5537e+03
   55900.0 8.4350e+03
   56100.0 8.3178e+03
   56300.0 8.2021e+03
   56500.0 8.0878e+03
   56700.0 7.9748e+03
   56900.0 7.8633e+03
   57100.0 7.7568e+03
   57300.0 7.6517e+03
   57500.0 7.5441e+03
   57700.0 7.4415e+03
   57900.0 7.3401e+03
   58100.0 7.2435e+03
   58300.0 7.1444e+03
   58500.0 7.0571e+03
   58700.0 6.9395e+03
   58900.0 6.7715e+03
   59100.0 6.4339e+03
   59300.0 6.6191e+03
   59500.0 6.5848e+03
   59700.0 6.5138e+03
   59900.0 6.4270e+03
   60100.0 6.3444e+03
   60300.0 6.2595e+03
   60500.0 6.1789e+03
   60700.0 6.0992e+03
   60900.0 6.0204e+03
   61100.0 5.9425e+03
   61300.0 5.8655e+03
   61500.0 5.7925e+03
   61700.0 5.7172e+03
   61900.0 5.6459e+03
   62100.0 5.5723e+03
   62300.0 5.5026e+03
   62500.0 5.4337e+03
   62700.0 5.3655e+03
   62900.0 5.2981e+03
   63100.0 5.2314e+03
   63300.0 5.1655e+03
   63500.0 5.1033e+03
   63700.0 5.0388e+03
   63900.0 4.9779e+03
   64200.0 4.8850e+03
   64600.0 4.7672e+03
   65000.0 4.6519e+03
   65400.0 4.5419e+03
   65800.0 4.4315e+03
   66200.0 4.3261e+03
   66600.0 4.2256e+03
   67000.0 4.1272e+03
   67400.0 4.0309e+03
   67800.0 3.9365e+03
   68200.0 3.8466e+03
   68600.0 3.7586e+03
   69000.0 3.6723e+03
   69400.0 3.5903e+03
   69800.0 3.5074e+03
   70200.0 3.4310e+03
   70600.0 3.3538e+03
   71000.0 3.2804e+03
   71400.0 3.2061e+03
   71800.0 3.1356e+03
   72200.0 3.0688e+03
   72600.0 3.0009e+03
   73000.0 2.9366e+03
   73400.0 2.8735e+03
   73800.0 2.8138e+03
   74200.0 2.7422e+03
   74600.0 2.5944e+03
   75000.0 2.5369e+03
   75400.0 2.5691e+03
   75800.0 2.5296e+03
   76200.0 2.4783e+03
   76600.0 2.4259e+03
   77000.0 2.3765e+03
   77400.0 2.3280e+03
   77800.0 2.2823e+03
   78200.0 2.2355e+03
   78600.0 2.1914e+03
   79000.0 2.1482e+03
   79400.0 2.1057e+03
   79800.0 2.0639e+03
   80200.0 2.0228e+03
   80600.0 1.9825e+03
   81000.0 1.9447e+03
   81400.0 1.9075e+03
   81800.0 1.8692e+03
   82200.0 1.8351e+03
   82600.0 1.7998e+03
   83000.0 1.7651e+03
   83400.0 1.7309e+03
   83800.0 1.6989e+03
   84200.0 1.6671e+03
   84600.0 1.6361e+03
   85000.0 1.6056e+03
   85400.0 1.5760e+03
   85800.0 1.5470e+03
   86200.0 1.5186e+03
   86600.0 1.4911e+03
   87000.0 1.4639e+03
   87400.0 1.4375e+03
   87800.0 1.4117e+03
   88200.0 1.3864e+03
   88600.0 1.3617e+03
   89000.0 1.3375e+03
   89400.0 1.3139e+03
   89800.0 1.2908e+03
   90200.0 1.2681e+03
   90600.0 1.2460e+03
   91000.0 1.2244e+03
   91400.0 1.2032e+03
   91800.0 1.1825e+03
   92200.0 1.1622e+03
   92600.0 1.1424e+03
   93000.0 1.1229e+03
   93400.0 1.1040e+03
   93800.0 1.0853e+03
   94200.0 1.0672e+03
   94600.0 1.0493e+03
   95000.0 1.0318e+03
   95400.0 1.0147e+03
   95800.0 9.9800e+02
   96200.0 9.8155e+02
   96600.0 9.6547e+02
   97000.0 9.4975e+02
   97400.0 9.3426e+02
   97800.0 9.1911e+02
   98200.0 9.0430e+02
   98600.0 8.8982e+02
   99000.0 8.7555e+02
   99400.0 8.6160e+02
   99800.0 8.4796e+02
  100200.0 8.3464e+02
  200000.0 5.2614e+01
  400000.0 3.2370e+00
  600000.0 6.3056e-01
  800000.0 1.9730e-01
 1000000.0 8.0069e-02
 1200000.0 3.8323e-02
 1400000.0 2.0551e-02
 1600000.0 1.1978e-02
