      91.0 0.0000e+00
      94.0 0.0000e+00
      96.0 0.0000e+00
      98.0 0.0000e+00
     100.0 0.0000e+00
     102.0 0.0000e+00
     104.0 0.0000e+00
     106.0 0.0000e+00
     108.0 0.0000e+00
     110.0 0.0000e+00
     114.0 0.0000e+00
     118.0 0.0000e+00
     121.0 0.0000e+00
     125.0 0.0000e+00
     127.0 0.0000e+00
     128.0 0.0000e+00
     131.0 0.0000e+00
     132.0 0.0000e+00
     134.0 0.0000e+00
     137.0 0.0000e+00
     140.0 0.0000e+00
     143.0 0.0000e+00
     147.0 0.0000e+00
     151.0 0.0000e+00
     155.0 0.0000e+00
     159.0 0.0000e+00
     162.0 0.0000e+00
     166.0 0.0000e+00
     170.0 0.0000e+00
     173.0 0.0000e+00
     177.0 0.0000e+00
     180.0 0.0000e+00
     182.0 0.0000e+00
     186.0 0.0000e+00
     191.0 0.0000e+00
     194.0 0.0000e+00
     198.0 0.0000e+00
     202.0 0.0000e+00
     205.0 0.0000e+00
     210.0 0.0000e+00
     216.0 0.0000e+00
     220.0 0.0000e+00
     223.0 0.0000e+00
     227.0 0.0000e+00
     230.0 0.0000e+00
     234.0 0.0000e+00
     240.0 0.0000e+00
     246.0 0.0000e+00
     252.0 0.0000e+00
     257.0 0.0000e+00
     260.0 0.0000e+00
     264.0 0.0000e+00
     269.0 0.0000e+00
     274.0 0.0000e+00
     279.0 0.0000e+00
     284.0 0.0000e+00
     290.0 0.0000e+00
     296.0 0.0000e+00
     301.0 0.0000e+00
     308.0 0.0000e+00
     318.0 0.0000e+00
     328.0 0.0000e+00
     338.0 0.0000e+00
     348.0 0.0000e+00
     357.0 0.0000e+00
     366.0 0.0000e+00
     375.0 0.0000e+00
     385.0 0.0000e+00
     395.0 0.0000e+00
     405.0 0.0000e+00
     414.0 0.0000e+00
     422.0 0.0000e+00
     430.0 0.0000e+00
     441.0 0.0000e+00
     451.0 0.0000e+00
     460.0 0.0000e+00
     470.0 0.0000e+00
     480.0 0.0000e+00
     490.0 0.0000e+00
     500.0 0.0000e+00
     506.0 0.0000e+00
     512.0 0.0000e+00
     520.0 0.0000e+00
     530.0 0.0000e+00
     540.0 0.0000e+00
     550.0 0.0000e+00
     560.0 0.0000e+00
     570.0 0.0000e+00
     580.0 0.0000e+00
     590.0 0.0000e+00
     600.0 0.0000e+00
     610.0 0.0000e+00
     620.0 0.0000e+00
     630.0 0.0000e+00
     640.0 0.0000e+00
     650.0 0.0000e+00
     658.0 0.0000e+00
     665.0 0.0000e+00
     675.0 0.0000e+00
     685.0 0.0000e+00
     695.0 0.0000e+00
     705.0 0.0000e+00
     716.0 0.0000e+00
     726.0 0.0000e+00
     735.0 0.0000e+00
     745.0 0.0000e+00
     755.0 0.0000e+00
     765.0 0.0000e+00
     775.0 0.0000e+00
     785.0 0.0000e+00
     795.0 0.0000e+00
     805.0 0.0000e+00
     815.0 0.0000e+00
     825.0 0.0000e+00
     835.0 0.0000e+00
     845.0 0.0000e+00
     855.0 0.0000e+00
     865.0 0.0000e+00
     875.0 0.0000e+00
     885.0 0.0000e+00
     895.0 0.0000e+00
     905.0 0.0000e+00
     915.0 0.0000e+00
     925.0 6.3545e-12
     935.0 8.9585e-12
     945.0 1.4744e-11
     955.0 2.4706e-11
     965.0 4.0473e-11
     975.0 5.5832e-11
     985.0 8.8434e-11
     995.0 1.2815e-10
    1005.0 2.1537e-10
    1015.0 3.1800e-10
    1025.0 3.2199e-10
    1035.0 7.0010e-10
    1045.0 1.0559e-09
    1055.0 1.4771e-09
    1065.0 2.1314e-09
    1075.0 3.0913e-09
    1085.0 4.3516e-09
    1095.0 5.7407e-09
    1105.0 8.6179e-09
    1115.0 1.2385e-08
    1125.0 1.8154e-08
    1135.0 2.6148e-08
    1145.0 3.6670e-08
    1155.0 4.8991e-08
    1165.0 6.8422e-08
    1175.0 9.1547e-08
    1185.0 1.1717e-07
    1195.0 1.3537e-07
    1205.0 1.6022e-07
    1215.0 1.3143e-07
    1225.0 2.8472e-07
    1235.0 4.3808e-07
    1245.0 5.9540e-07
    1255.0 7.6898e-07
    1265.0 9.8768e-07
    1275.0 1.3071e-06
    1285.0 1.6050e-06
    1295.0 2.0572e-06
    1305.0 2.5588e-06
    1315.0 3.4466e-06
    1325.0 4.3045e-06
    1335.0 5.3068e-06
    1345.0 7.0067e-06
    1355.0 9.0394e-06
    1365.0 1.1166e-05
    1375.0 1.3561e-05
    1385.0 1.6273e-05
    1395.0 2.0329e-05
    1405.0 2.6850e-05
    1415.0 3.2078e-05
    1425.0 3.9596e-05
    1435.0 4.9726e-05
    1442.0 6.1419e-05
    1447.0 5.7788e-05
    1455.0 7.5280e-05
    1465.0 9.4985e-05
    1475.0 1.1586e-04
    1485.0 1.2687e-04
    1495.0 1.8215e-04
    1505.0 2.2480e-04
    1512.0 1.8663e-04
    1517.0 2.5971e-04
    1525.0 2.5679e-03
    1535.0 7.6137e-03
    1545.0 5.8375e-03
    1555.0 1.2755e-02
    1565.0 1.1335e-02
    1575.0 4.9502e-02
    1585.0 6.9022e-02
    1595.0 8.5553e-02
    1605.0 8.1790e-02
    1615.0 8.9424e-02
    1625.0 1.1149e-01
    1635.0 1.4157e-01
    1645.0 2.5042e-01
    1655.0 1.1177e-01
    1665.0 3.0422e-01
    1672.0 1.5674e-01
    1677.0 3.2509e+00
    1685.0 3.8245e+00
    1695.0 5.2675e+00
    1705.0 5.1192e+00
    1715.0 5.1412e+00
    1725.0 7.0565e+00
    1735.0 9.7281e+00
    1745.0 1.4902e+01
    1755.0 2.4314e+01
    1765.0 2.5217e+01
    1775.0 2.3838e+01
    1785.0 3.2126e+01
    1795.0 4.7118e+01
    1805.0 4.6340e+01
    1815.0 4.5867e+01
    1825.0 6.4700e+01
    1835.0 7.1903e+01
    1845.0 4.7558e+01
    1855.0 7.9979e+01
    1865.0 1.0105e+02
    1875.0 1.1376e+02
    1885.0 1.3189e+02
    1895.0 1.7835e+02
    1905.0 1.7550e+02
    1915.0 1.8806e+02
    1925.0 2.0957e+02
    1935.0 1.4409e+02
    1945.0 3.0608e+02
    1955.0 3.1058e+02
    1967.0 4.4972e+02
    1976.0 4.3273e+02
    1984.0 5.5019e+02
    1995.0 5.6312e+02
    2005.0 5.9212e+02
    2015.0 6.1609e+02
    2025.0 5.2171e+02
    2035.0 7.5056e+02
    2045.0 9.0038e+02
    2055.0 8.8482e+02
    2065.0 8.8246e+02
    2074.0 1.0976e+03
    2078.0 1.8629e+03
    2085.0 2.2606e+03
    2095.0 2.0710e+03
    2105.0 2.2357e+03
    2115.0 2.5170e+03
    2125.0 2.0398e+03
    2135.0 2.0957e+03
    2145.0 2.9529e+03
    2155.0 3.0754e+03
    2165.0 2.7477e+03
    2175.0 2.9760e+03
    2185.0 3.9033e+03
    2195.0 4.4029e+03
    2205.0 4.0720e+03
    2215.0 3.0015e+03
    2225.0 3.8974e+03
    2235.0 6.0976e+03
    2245.0 5.5414e+03
    2255.0 3.7307e+03
    2265.0 3.1766e+03
    2275.0 4.8309e+03
    2285.0 6.2930e+03
    2295.0 5.8604e+03
    2305.0 7.1751e+03
    2315.0 5.4977e+03
    2325.0 4.4345e+03
    2335.0 2.9780e+03
    2345.0 2.0448e+03
    2355.0 4.4736e+03
    2365.0 2.2962e+03
    2375.0 3.3526e+03
    2385.0 1.5969e+03
    2395.0 2.3686e+03
    2405.0 2.3345e+03
    2415.0 3.8264e+03
    2425.0 9.1845e+03
    2435.0 1.0788e+04
    2445.0 1.3237e+04
    2455.0 1.4127e+04
    2465.0 1.1707e+04
    2475.0 9.7529e+03
    2485.0 4.0916e+03
    2495.0 7.7556e+03
    2505.0 1.2934e+04
    2513.0 5.7821e+03
    2518.0 3.5841e+03
    2525.0 4.3862e+03
    2535.0 1.0301e+04
    2545.0 1.1931e+04
    2555.0 2.4009e+04
    2565.0 1.2480e+04
    2575.0 1.6262e+04
    2585.0 1.0344e+04
    2595.0 8.5370e+03
    2605.0 6.4182e+03
    2615.0 6.0851e+03
    2625.0 8.7293e+03
    2635.0 2.0224e+04
    2645.0 4.9811e+04
    2655.0 8.4974e+04
    2665.0 4.7124e+04
    2675.0 5.5906e+04
    2685.0 7.2840e+04
    2695.0 5.3577e+04
    2705.0 7.4372e+04
    2715.0 3.3740e+04
    2725.0 2.4789e+04
    2735.0 3.0828e+04
    2745.0 1.3631e+04
    2755.0 1.9797e+04
    2765.0 2.7841e+04
    2775.0 2.8918e+04
    2785.0 1.7996e+04
    2795.0 4.5729e+03
    2805.0 6.4485e+03
    2815.0 2.6044e+04
    2825.0 4.1562e+04
    2835.0 4.9878e+04
    2845.0 4.3454e+04
    2855.0 2.3480e+04
    2865.0 7.6246e+04
    2875.0 1.1770e+05
    2885.0 1.0532e+05
    2895.0 1.3009e+05
    2910.0 1.8084e+05
    2930.0 1.5128e+05
    2950.0 1.2982e+05
    2970.0 1.6286e+05
    2990.0 1.6592e+05
    3010.0 1.7696e+05
    3030.0 1.9423e+05
    3050.0 2.1089e+05
    3070.0 1.9950e+05
    3090.0 2.3561e+05
    3110.0 2.5751e+05
    3130.0 2.3648e+05
    3150.0 2.4267e+05
    3170.0 2.5824e+05
    3190.0 2.2449e+05
    3210.0 2.6732e+05
    3230.0 1.8862e+05
    3250.0 3.0040e+05
    3270.0 3.7154e+05
    3290.0 3.5463e+05
    3310.0 3.5550e+05
    3330.0 3.5146e+05
    3350.0 3.2836e+05
    3370.0 2.7950e+05
    3390.0 3.1482e+05
    3410.0 3.6002e+05
    3430.0 3.8773e+05
    3450.0 4.2426e+05
    3470.0 4.1968e+05
    3490.0 4.4432e+05
    3510.0 4.7879e+05
    3530.0 4.3565e+05
    3550.0 4.9337e+05
    3570.0 3.5077e+05
    3590.0 3.7116e+05
    3610.0 4.5521e+05
    3630.0 4.9298e+05
    3640.0 5.0276e+05
    3650.0 5.3827e+05
    3670.0 5.8183e+05
    3690.0 6.4811e+05
    3710.0 7.4778e+05
    3730.0 5.9817e+05
    3750.0 6.3316e+05
    3770.0 6.7658e+05
    3790.0 6.9208e+05
    3810.0 6.7666e+05
    3830.0 4.5477e+05
    3850.0 4.5912e+05
    3870.0 4.5807e+05
    3890.0 6.5283e+05
    3910.0 6.1966e+05
    3930.0 1.9682e+05
    3950.0 3.7898e+05
    3970.0 2.3769e+05
    3990.0 7.6680e+05
    4010.0 1.0038e+06
    4030.0 1.0847e+06
    4050.0 1.0477e+06
    4070.0 1.0157e+06
    4090.0 1.2251e+06
    4110.0 1.2381e+06
    4130.0 1.1579e+06
    4150.0 1.1913e+06
    4170.0 1.1351e+06
    4190.0 1.1291e+06
    4210.0 1.1725e+06
    4230.0 1.1809e+06
    4250.0 1.2003e+06
    4270.0 1.1497e+06
    4290.0 1.0510e+06
    4310.0 8.4179e+05
    4330.0 1.2830e+06
    4350.0 1.2503e+06
    4370.0 1.3532e+06
    4390.0 1.2401e+06
    4410.0 1.3195e+06
    4430.0 1.3822e+06
    4450.0 1.3964e+06
    4470.0 1.4962e+06
    4490.0 1.5222e+06
    4510.0 1.7162e+06
    4530.0 1.5299e+06
    4550.0 1.5431e+06
    4570.0 1.6835e+06
    4590.0 1.5715e+06
    4610.0 1.6606e+06
    4630.0 1.6105e+06
    4650.0 1.6555e+06
    4670.0 1.6837e+06
    4690.0 1.6546e+06
    4710.0 1.6027e+06
    4730.0 1.6964e+06
    4750.0 1.7752e+06
    4770.0 1.7882e+06
    4790.0 1.7833e+06
    4810.0 1.7348e+06
    4830.0 1.7919e+06
    4850.0 1.6874e+06
    4870.0 1.5325e+06
    4890.0 1.7397e+06
    4910.0 1.7265e+06
    4930.0 1.6834e+06
    4950.0 1.8044e+06
    4970.0 1.7764e+06
    4990.0 1.6287e+06
    5010.0 1.5580e+06
    5030.0 1.6589e+06
    5050.0 1.7012e+06
    5070.0 1.7648e+06
    5090.0 1.6774e+06
    5110.0 1.7038e+06
    5130.0 1.6208e+06
    5150.0 1.5987e+06
    5170.0 1.5797e+06
    5190.0 1.6049e+06
    5210.0 1.6545e+06
    5230.0 1.6690e+06
    5250.0 1.6955e+06
    5270.0 1.5341e+06
    5290.0 1.7076e+06
    5310.0 1.7505e+06
    5330.0 1.6230e+06
    5350.0 1.7550e+06
    5370.0 1.7752e+06
    5390.0 1.7241e+06
    5410.0 1.6758e+06
    5430.0 1.7094e+06
    5450.0 1.8030e+06
    5470.0 1.7282e+06
    5490.0 1.7283e+06
    5510.0 1.7115e+06
    5530.0 1.7407e+06
    5550.0 1.7605e+06
    5570.0 1.7432e+06
    5590.0 1.6977e+06
    5610.0 1.7714e+06
    5630.0 1.7445e+06
    5650.0 1.7502e+06
    5670.0 1.6961e+06
    5690.0 1.7490e+06
    5710.0 1.6948e+06
    5730.0 1.8353e+06
    5750.0 1.7569e+06
    5770.0 1.7862e+06
    5790.0 1.7209e+06
    5810.0 1.7702e+06
    5830.0 1.8103e+06
    5850.0 1.7688e+06
    5870.0 1.7784e+06
    5890.0 1.6927e+06
    5910.0 1.7540e+06
    5930.0 1.7531e+06
    5950.0 1.7546e+06
    5970.0 1.7768e+06
    5990.0 1.7419e+06
    6010.0 1.7114e+06
    6030.0 1.7331e+06
    6050.0 1.7623e+06
    6070.0 1.7621e+06
    6090.0 1.6888e+06
    6110.0 1.6713e+06
    6130.0 1.6170e+06
    6150.0 1.6382e+06
    6170.0 1.6021e+06
    6190.0 1.6853e+06
    6210.0 1.6916e+06
    6230.0 1.6227e+06
    6250.0 1.5549e+06
    6270.0 1.6566e+06
    6290.0 1.6649e+06
    6310.0 1.6011e+06
    6330.0 1.6293e+06
    6350.0 1.6345e+06
    6370.0 1.6177e+06
    6390.0 1.6343e+06
    6410.0 1.5979e+06
    6430.0 1.6120e+06
    6450.0 1.6035e+06
    6470.0 1.5993e+06
    6490.0 1.5627e+06
    6510.0 1.6021e+06
    6530.0 1.6080e+06
    6550.0 1.5781e+06
    6570.0 1.4327e+06
    6590.0 1.5748e+06
    6610.0 1.5814e+06
    6630.0 1.5795e+06
    6650.0 1.5728e+06
    6670.0 1.5520e+06
    6690.0 1.5851e+06
    6710.0 1.5386e+06
    6730.0 1.5684e+06
    6750.0 1.5397e+06
    6770.0 1.5500e+06
    6790.0 1.5286e+06
    6810.0 1.5297e+06
    6830.0 1.5339e+06
    6850.0 1.4938e+06
    6870.0 1.5163e+06
    6890.0 1.5245e+06
    6910.0 1.5061e+06
    6930.0 1.4999e+06
    6950.0 1.4841e+06
    6970.0 1.4877e+06
    6990.0 1.4826e+06
    7010.0 1.4244e+06
    7030.0 1.4542e+06
    7050.0 1.4657e+06
    7070.0 1.4440e+06
    7090.0 1.4409e+06
    7110.0 1.4316e+06
    7130.0 1.4148e+06
    7150.0 1.4123e+06
    7170.0 1.4103e+06
    7190.0 1.3584e+06
    7210.0 1.3938e+06
    7230.0 1.3895e+06
    7250.0 1.4022e+06
    7270.0 1.3940e+06
    7290.0 1.3466e+06
    7310.0 1.3638e+06
    7330.0 1.3697e+06
    7350.0 1.3645e+06
    7370.0 1.3754e+06
    7390.0 1.3372e+06
    7410.0 1.3128e+06
    7430.0 1.3264e+06
    7450.0 1.3348e+06
    7470.0 1.3421e+06
    7490.0 1.3268e+06
    7510.0 1.3299e+06
    7530.0 1.3324e+06
    7550.0 1.3407e+06
    7570.0 1.3227e+06
    7590.0 1.3202e+06
    7610.0 1.3140e+06
    7630.0 1.3173e+06
    7650.0 1.3116e+06
    7670.0 1.2744e+06
    7690.0 1.3033e+06
    7710.0 1.2757e+06
    7730.0 1.2798e+06
    7750.0 1.2668e+06
    7770.0 1.2766e+06
    7790.0 1.2847e+06
    7810.0 1.2759e+06
    7830.0 1.2618e+06
    7850.0 1.2482e+06
    7870.0 1.2606e+06
    7890.0 1.2425e+06
    7910.0 1.2161e+06
    7930.0 1.2042e+06
    7950.0 1.1965e+06
    7970.0 1.2237e+06
    7990.0 1.2219e+06
    8010.0 1.2065e+06
    8030.0 1.2005e+06
    8050.0 1.1932e+06
    8070.0 1.1932e+06
    8090.0 1.1673e+06
    8110.0 1.1789e+06
    8130.0 1.1831e+06
    8150.0 1.1735e+06
    8170.0 1.1722e+06
    8190.0 1.1397e+06
    8210.0 1.1368e+06
    8230.0 1.1386e+06
    8250.0 1.1412e+06
    8270.0 1.1532e+06
    8290.0 1.1440e+06
    8310.0 1.1117e+06
    8330.0 1.1053e+06
    8350.0 1.1166e+06
    8370.0 1.1140e+06
    8390.0 1.0962e+06
    8410.0 1.1146e+06
    8430.0 1.0948e+06
    8450.0 1.1014e+06
    8470.0 1.0907e+06
    8490.0 1.1037e+06
    8510.0 1.0319e+06
    8530.0 1.1049e+06
    8550.0 1.0067e+06
    8570.0 1.1072e+06
    8590.0 1.0757e+06
    8610.0 1.0679e+06
    8630.0 1.0872e+06
    8650.0 1.0881e+06
    8670.0 9.7569e+05
    8690.0 1.0430e+06
    8710.0 1.0617e+06
    8730.0 1.0607e+06
    8750.0 1.0308e+06
    8770.0 1.0624e+06
    8790.0 1.0486e+06
    8810.0 1.0287e+06
    8830.0 1.0354e+06
    8850.0 1.0373e+06
    8870.0 1.0028e+06
    8890.0 1.0333e+06
    8910.0 1.0386e+06
    8930.0 1.0122e+06
    8950.0 1.0125e+06
    8970.0 1.0139e+06
    8990.0 1.0125e+06
    9010.0 9.6696e+05
    9030.0 1.0002e+06
    9050.0 1.0190e+06
    9070.0 9.8963e+05
    9090.0 9.5974e+05
    9110.0 9.7229e+05
    9130.0 9.9479e+05
    9150.0 9.8858e+05
    9170.0 9.8413e+05
    9190.0 9.9136e+05
    9210.0 9.6189e+05
    9230.0 9.4421e+05
    9250.0 9.4770e+05
    9270.0 9.5827e+05
    9290.0 9.6207e+05
    9310.0 9.6389e+05
    9330.0 9.5494e+05
    9350.0 9.5223e+05
    9370.0 9.4257e+05
    9390.0 9.4522e+05
    9410.0 9.0559e+05
    9430.0 9.3466e+05
    9450.0 9.1889e+05
    9470.0 9.3454e+05
    9490.0 9.3619e+05
    9510.0 9.2576e+05
    9530.0 9.2201e+05
    9550.0 8.9304e+05
    9570.0 9.0424e+05
    9590.0 9.1560e+05
    9610.0 9.0010e+05
    9630.0 8.8900e+05
    9650.0 8.8570e+05
    9670.0 8.7858e+05
    9690.0 8.8798e+05
    9710.0 8.8700e+05
    9730.0 8.8387e+05
    9750.0 8.6902e+05
    9770.0 8.7338e+05
    9790.0 8.6356e+05
    9810.0 8.7399e+05
    9830.0 8.7007e+05
    9850.0 8.6456e+05
    9870.0 8.5774e+05
    9890.0 8.5378e+05
    9910.0 8.5058e+05
    9930.0 8.5421e+05
    9950.0 8.5248e+05
    9970.0 8.5075e+05
    9990.0 8.4639e+05
   10025.0 8.3739e+05
   10075.0 8.2224e+05
   10125.0 8.1929e+05
   10175.0 8.0639e+05
   10225.0 8.0495e+05
   10275.0 8.0395e+05
   10325.0 7.8549e+05
   10375.0 7.7928e+05
   10425.0 7.7844e+05
   10475.0 7.6239e+05
   10525.0 7.6101e+05
   10575.0 7.5416e+05
   10625.0 7.4495e+05
   10675.0 7.2620e+05
   10725.0 7.2685e+05
   10775.0 7.1816e+05
   10825.0 7.0632e+05
   10875.0 7.0339e+05
   10925.0 6.9787e+05
   10975.0 6.9122e+05
   11025.0 6.9483e+05
   11075.0 6.8994e+05
   11125.0 6.8095e+05
   11175.0 6.7218e+05
   11225.0 6.7125e+05
   11275.0 6.5455e+05
   11325.0 6.5047e+05
   11375.0 6.4727e+05
   11425.0 6.3527e+05
   11475.0 6.4350e+05
   11525.0 6.3802e+05
   11575.0 6.2733e+05
   11625.0 6.1413e+05
   11675.0 6.1003e+05
   11725.0 6.1626e+05
   11775.0 6.0006e+05
   11825.0 5.9757e+05
   11875.0 5.8557e+05
   11925.0 5.9720e+05
   11975.0 5.7709e+05
   12025.0 5.8250e+05
   12075.0 5.7407e+05
   12125.0 5.7154e+05
   12175.0 5.7163e+05
   12225.0 5.6616e+05
   12275.0 5.6005e+05
   12325.0 5.5567e+05
   12375.0 5.5103e+05
   12425.0 5.4692e+05
   12475.0 5.4393e+05
   12525.0 5.3577e+05
   12575.0 5.3054e+05
   12625.0 5.2777e+05
   12675.0 5.2227e+05
   12725.0 5.2180e+05
   12775.0 5.1949e+05
   12825.0 4.9525e+05
   12875.0 5.0661e+05
   12925.0 5.0097e+05
   12975.0 5.0082e+05
   13025.0 4.9331e+05
   13075.0 4.9291e+05
   13125.0 4.8519e+05
   13175.0 4.8055e+05
   13225.0 4.8035e+05
   13275.0 4.7143e+05
   13325.0 4.7155e+05
   13375.0 4.6655e+05
   13425.0 4.6655e+05
   13475.0 4.6217e+05
   13525.0 4.5816e+05
   13575.0 4.4926e+05
   13625.0 4.4778e+05
   13675.0 4.4515e+05
   13725.0 4.3937e+05
   13775.0 4.3821e+05
   13825.0 4.3605e+05
   13875.0 4.3322e+05
   13925.0 4.3006e+05
   13975.0 4.2815e+05
   14025.0 4.2090e+05
   14075.0 4.2154e+05
   14125.0 4.1490e+05
   14175.0 4.1550e+05
   14225.0 4.0707e+05
   14275.0 4.0187e+05
   14325.0 4.0433e+05
   14375.0 4.0442e+05
   14425.0 3.8676e+05
   14475.0 3.9611e+05
   14525.0 3.8611e+05
   14570.0 3.8938e+05
   14620.0 3.8492e+05
   14675.0 3.8399e+05
   14725.0 3.7580e+05
   14775.0 3.7304e+05
   14825.0 3.7140e+05
   14875.0 3.6588e+05
   14925.0 3.6924e+05
   14975.0 3.6299e+05
   15025.0 3.5776e+05
   15075.0 3.5286e+05
   15125.0 3.5561e+05
   15175.0 3.5478e+05
   15225.0 3.5297e+05
   15275.0 3.4835e+05
   15325.0 3.4522e+05
   15375.0 3.4855e+05
   15425.0 3.3894e+05
   15475.0 3.4296e+05
   15525.0 3.3912e+05
   15575.0 3.2715e+05
   15625.0 3.3916e+05
   15675.0 3.2851e+05
   15725.0 3.2361e+05
   15775.0 3.2151e+05
   15825.0 3.2351e+05
   15875.0 3.0363e+05
   15925.0 3.1643e+05
   15975.0 3.1878e+05
   16050.0 3.1389e+05
   16150.0 3.0404e+05
   16250.0 3.0594e+05
   16350.0 2.9921e+05
   16450.0 2.8805e+05
   16550.0 2.8957e+05
   16650.0 2.8510e+05
   16750.0 2.7799e+05
   16850.0 2.6706e+05
   16950.0 2.7038e+05
   17050.0 2.6108e+05
   17150.0 2.5902e+05
   17250.0 2.5058e+05
   17350.0 2.4085e+05
   17450.0 2.4113e+05
   17550.0 2.3773e+05
   17650.0 2.3320e+05
   17750.0 2.2860e+05
   17850.0 2.2521e+05
   17950.0 2.2171e+05
   18050.0 2.1650e+05
   18150.0 2.0924e+05
   18250.0 2.0807e+05
   18350.0 2.0510e+05
   18450.0 1.9992e+05
   18550.0 1.9732e+05
   18650.0 1.9224e+05
   18750.0 1.8447e+05
   18850.0 1.8633e+05
   18950.0 1.7899e+05
   19050.0 1.8095e+05
   19150.0 1.7713e+05
   19250.0 1.7417e+05
   19350.0 1.6978e+05
   19450.0 1.6366e+05
   19550.0 1.6503e+05
   19650.0 1.6177e+05
   19750.0 1.5873e+05
   19850.0 1.5652e+05
   19950.0 1.5387e+05
   20050.0 1.5213e+05
   20150.0 1.5018e+05
   20250.0 1.4616e+05
   20350.0 1.4290e+05
   20450.0 1.4274e+05
   20550.0 1.3985e+05
   20650.0 1.3695e+05
   20750.0 1.3486e+05
   20850.0 1.3277e+05
   20950.0 1.2997e+05
   21050.0 1.2879e+05
   21150.0 1.2621e+05
   21250.0 1.2423e+05
   21350.0 1.2259e+05
   21450.0 1.2091e+05
   21550.0 1.1896e+05
   21650.0 1.1436e+05
   21750.0 1.1445e+05
   21850.0 1.1283e+05
   21950.0 1.1160e+05
   22050.0 1.0904e+05
   22150.0 1.0774e+05
   22250.0 1.0607e+05
   22350.0 1.0440e+05
   22450.0 1.0293e+05
   22550.0 1.0074e+05
   22650.0 9.9412e+04
   22750.0 9.8285e+04
   22850.0 9.6508e+04
   22950.0 9.0114e+04
   23050.0 9.1726e+04
   23150.0 9.0600e+04
   23250.0 8.3810e+04
   23350.0 8.6041e+04
   23450.0 8.5963e+04
   23550.0 7.9202e+04
   23650.0 8.1814e+04
   23750.0 8.1679e+04
   23850.0 7.5535e+04
   23950.0 7.7707e+04
   24050.0 7.7560e+04
   24150.0 7.2992e+04
   24250.0 7.4349e+04
   24350.0 7.3739e+04
   24450.0 7.0971e+04
   24550.0 7.0394e+04
   24650.0 7.1284e+04
   24750.0 6.9143e+04
   24850.0 6.7423e+04
   24950.0 6.7230e+04
   25050.0 6.8051e+04
   25150.0 6.4933e+04
   25250.0 6.5040e+04
   25350.0 6.4995e+04
   25450.0 6.3541e+04
   25550.0 6.2732e+04
   25650.0 6.1551e+04
   25750.0 6.1906e+04
   25850.0 5.9705e+04
   25950.0 5.9923e+04
   26050.0 5.9446e+04
   26150.0 5.7887e+04
   26250.0 5.6768e+04
   26350.0 5.7098e+04
   26450.0 5.6359e+04
   26550.0 5.5493e+04
   26650.0 5.4419e+04
   26750.0 5.4046e+04
   26850.0 5.3944e+04
   26950.0 5.3065e+04
   27050.0 5.2542e+04
   27150.0 5.1879e+04
   27250.0 5.1322e+04
   27350.0 5.0578e+04
   27450.0 5.0163e+04
   27550.0 4.8978e+04
   27650.0 4.8687e+04
   27750.0 4.8103e+04
   27850.0 4.7573e+04
   27950.0 4.7202e+04
   28050.0 4.6561e+04
   28150.0 4.5944e+04
   28250.0 4.5364e+04
   28350.0 4.4955e+04
   28450.0 4.4209e+04
   28550.0 4.3738e+04
   28650.0 4.3156e+04
   28750.0 4.2102e+04
   28850.0 4.2099e+04
   28950.0 4.1637e+04
   29050.0 4.1137e+04
   29150.0 4.0588e+04
   29250.0 3.9974e+04
   29350.0 3.9674e+04
   29450.0 3.9032e+04
   29550.0 3.8658e+04
   29650.0 3.8248e+04
   29750.0 3.7747e+04
   29850.0 3.7280e+04
   29950.0 3.6790e+04
   30050.0 3.6347e+04
   30150.0 3.5961e+04
   30250.0 3.5501e+04
   30350.0 3.4616e+04
   30450.0 3.4609e+04
   30550.0 3.4177e+04
   30650.0 3.3763e+04
   30750.0 3.3468e+04
   30850.0 3.2924e+04
   30950.0 3.2574e+04
   31050.0 3.2252e+04
   31150.0 3.1638e+04
   31250.0 3.1423e+04
   31350.0 3.1089e+04
   31450.0 3.0734e+04
   31550.0 3.0298e+04
   31650.0 3.0000e+04
   31750.0 2.9656e+04
   31850.0 2.9317e+04
   31950.0 2.9016e+04
   32100.0 2.8478e+04
   32300.0 2.7862e+04
   32500.0 2.7191e+04
   32700.0 2.6567e+04
   32900.0 2.5747e+04
   33100.0 2.5327e+04
   33300.0 2.4743e+04
   33500.0 2.4235e+04
   33700.0 2.3642e+04
   33900.0 2.3092e+04
   34100.0 2.2544e+04
   34300.0 2.2149e+04
   34500.0 2.1701e+04
   34700.0 2.1203e+04
   34900.0 2.0764e+04
   35100.0 2.0333e+04
   35300.0 1.9834e+04
   35500.0 1.9440e+04
   35700.0 1.8997e+04
   35900.0 1.8609e+04
   36100.0 1.8238e+04
   36300.0 1.7892e+04
   36500.0 1.7417e+04
   36700.0 1.7085e+04
   36900.0 1.6592e+04
   37100.0 1.6283e+04
   37300.0 1.5997e+04
   37500.0 1.5486e+04
   37700.0 1.5373e+04
   37900.0 1.5060e+04
   38100.0 1.4754e+04
   38300.0 1.4519e+04
   38500.0 1.4263e+04
   38700.0 1.3940e+04
   38900.0 1.3662e+04
   39100.0 1.3397e+04
   39300.0 1.3168e+04
   39500.0 1.2866e+04
   39700.0 1.2653e+04
   39900.0 1.2323e+04
   40100.0 1.2118e+04
   40300.0 1.1910e+04
   40500.0 1.1624e+04
   40700.0 1.1489e+04
   40900.0 1.1269e+04
   41100.0 1.1082e+04
   41300.0 1.0890e+04
   41500.0 1.0667e+04
   41700.0 1.0441e+04
   41900.0 1.0273e+04
   42100.0 1.0054e+04
   42300.0 9.9390e+03
   42500.0 9.7261e+03
   42700.0 9.5695e+03
   42900.0 9.0700e+03
   43100.0 8.7149e+03
   43300.0 8.7688e+03
   43500.0 8.2448e+03
   43700.0 8.1193e+03
   43900.0 8.0828e+03
   44100.0 7.5410e+03
   44300.0 7.5953e+03
   44500.0 7.4545e+03
   44700.0 7.0038e+03
   44900.0 7.1319e+03
   45100.0 6.9804e+03
   45300.0 6.6209e+03
   45500.0 6.6728e+03
   45700.0 6.5916e+03
   45900.0 6.2383e+03
   46100.0 6.3310e+03
   46300.0 6.1869e+03
   46500.0 6.0894e+03
   46700.0 6.0154e+03
   46900.0 5.9533e+03
   47100.0 5.8001e+03
   47300.0 5.8155e+03
   47500.0 5.7029e+03
   47700.0 5.5972e+03
   47900.0 5.5244e+03
   48100.0 5.4008e+03
   48300.0 5.4333e+03
   48500.0 5.3070e+03
   48700.0 5.2079e+03
   48900.0 5.1603e+03
   49100.0 5.0487e+03
   49300.0 4.9980e+03
   49500.0 4.9234e+03
   49700.0 4.8693e+03
   49900.0 4.7707e+03
   50100.0 4.7479e+03
   50300.0 4.6771e+03
   50500.0 4.5658e+03
   50700.0 4.5117e+03
   50900.0 4.4642e+03
   51100.0 4.3752e+03
   51300.0 4.3238e+03
   51500.0 4.2690e+03
   51700.0 4.2549e+03
   51900.0 4.1563e+03
   52100.0 4.0851e+03
   52300.0 4.0316e+03
   52500.0 4.0075e+03
   52700.0 3.9844e+03
   52900.0 3.8721e+03
   53100.0 3.8281e+03
   53300.0 3.7880e+03
   53500.0 3.7350e+03
   53700.0 3.6935e+03
   53900.0 3.6509e+03
   54100.0 3.5965e+03
   54300.0 3.5229e+03
   54500.0 3.5060e+03
   54700.0 3.4515e+03
   54900.0 3.4057e+03
   55100.0 3.3617e+03
   55300.0 3.3562e+03
   55500.0 3.2609e+03
   55700.0 3.2657e+03
   55900.0 3.1963e+03
   56100.0 3.1667e+03
   56300.0 3.1098e+03
   56500.0 3.0976e+03
   56700.0 3.0534e+03
   56900.0 2.9920e+03
   57100.0 2.9806e+03
   57300.0 2.9401e+03
   57500.0 2.9034e+03
   57700.0 2.8585e+03
   57900.0 2.8373e+03
   58100.0 2.7908e+03
   58300.0 2.7597e+03
   58500.0 2.7300e+03
   58700.0 2.6836e+03
   58900.0 2.6529e+03
   59100.0 2.6261e+03
   59300.0 2.5958e+03
   59500.0 2.5520e+03
   59700.0 2.5349e+03
   59900.0 2.5026e+03
   60100.0 2.4744e+03
   60300.0 2.4435e+03
   60500.0 2.4073e+03
   60700.0 2.3785e+03
   60900.0 2.3503e+03
   61100.0 2.3157e+03
   61300.0 2.2951e+03
   61500.0 2.2691e+03
   61700.0 2.2463e+03
   61900.0 2.2193e+03
   62100.0 2.1950e+03
   62300.0 2.1618e+03
   62500.0 2.1339e+03
   62700.0 2.1099e+03
   62900.0 2.0862e+03
   63100.0 2.0582e+03
   63300.0 2.0432e+03
   63500.0 2.0146e+03
   63700.0 1.9978e+03
   63900.0 1.9691e+03
   64200.0 1.9357e+03
   64600.0 1.8873e+03
   65000.0 1.8440e+03
   65400.0 1.8025e+03
   65800.0 1.7635e+03
   66200.0 1.7214e+03
   66600.0 1.6835e+03
   67000.0 1.6461e+03
   67400.0 1.6058e+03
   67800.0 1.5707e+03
   68200.0 1.5350e+03
   68600.0 1.5017e+03
   69000.0 1.4674e+03
   69400.0 1.4349e+03
   69800.0 1.4039e+03
   70200.0 1.3719e+03
   70600.0 1.3420e+03
   71000.0 1.3129e+03
   71400.0 1.2848e+03
   71800.0 1.2570e+03
   72200.0 1.2293e+03
   72600.0 1.2031e+03
   73000.0 1.1785e+03
   73400.0 1.1527e+03
   73800.0 1.1293e+03
   74200.0 1.1034e+03
   74600.0 1.0802e+03
   75000.0 1.0578e+03
   75400.0 1.0361e+03
   75800.0 1.0160e+03
   76200.0 9.9524e+02
   76600.0 9.7527e+02
   77000.0 9.5485e+02
   77400.0 9.3599e+02
   77800.0 9.1768e+02
   78200.0 8.9851e+02
   78600.0 8.8065e+02
   79000.0 8.6311e+02
   79400.0 8.4626e+02
   79800.0 8.2989e+02
   80200.0 8.1324e+02
   80600.0 7.9743e+02
   81000.0 7.8263e+02
   81400.0 7.6681e+02
   81800.0 7.5252e+02
   82200.0 7.3847e+02
   82600.0 7.2378e+02
   83000.0 7.1038e+02
   83400.0 6.9634e+02
   83800.0 6.8356e+02
   84200.0 6.7133e+02
   84600.0 6.5880e+02
   85000.0 6.4680e+02
   85400.0 6.3484e+02
   85800.0 6.2340e+02
   86200.0 6.1181e+02
   86600.0 6.0106e+02
   87000.0 5.9032e+02
   87400.0 5.7912e+02
   87800.0 5.6872e+02
   88200.0 5.5833e+02
   88600.0 5.4872e+02
   89000.0 5.3895e+02
   89400.0 5.2964e+02
   89800.0 5.2002e+02
   90200.0 5.1130e+02
   90600.0 5.0285e+02
   91000.0 4.9351e+02
   91400.0 4.8533e+02
   91800.0 4.7726e+02
   92200.0 4.6932e+02
   92600.0 4.6136e+02
   93000.0 4.5324e+02
   93400.0 4.4552e+02
   93800.0 4.3805e+02
   94200.0 4.3082e+02
   94600.0 4.2357e+02
   95000.0 4.1655e+02
   95400.0 4.0964e+02
   95800.0 4.0309e+02
   96200.0 3.9651e+02
   96600.0 3.9015e+02
   97000.0 3.8388e+02
   97400.0 3.7719e+02
   97800.0 3.7135e+02
   98200.0 3.6547e+02
   98600.0 3.5980e+02
   99000.0 3.5421e+02
   99400.0 3.4809e+02
   99800.0 3.4265e+02
  100200.0 3.3730e+02
  200000.0 2.1636e+01
  400000.0 1.3506e+00
  600000.0 2.6475e-01
  800000.0 8.3174e-02
 1000000.0 3.3805e-02
 1200000.0 1.6205e-02
 1400000.0 8.7001e-03
 1600000.0 5.0777e-03
