      91.0 0.0000e+00
      94.0 0.0000e+00
      96.0 0.0000e+00
      98.0 0.0000e+00
     100.0 0.0000e+00
     102.0 0.0000e+00
     104.0 0.0000e+00
     106.0 0.0000e+00
     108.0 0.0000e+00
     110.0 0.0000e+00
     114.0 0.0000e+00
     118.0 0.0000e+00
     121.0 0.0000e+00
     125.0 0.0000e+00
     127.0 0.0000e+00
     128.0 0.0000e+00
     131.0 0.0000e+00
     132.0 0.0000e+00
     134.0 0.0000e+00
     137.0 0.0000e+00
     140.0 0.0000e+00
     143.0 0.0000e+00
     147.0 0.0000e+00
     151.0 0.0000e+00
     155.0 0.0000e+00
     159.0 0.0000e+00
     162.0 0.0000e+00
     166.0 0.0000e+00
     170.0 0.0000e+00
     173.0 0.0000e+00
     177.0 0.0000e+00
     180.0 0.0000e+00
     182.0 0.0000e+00
     186.0 0.0000e+00
     191.0 0.0000e+00
     194.0 0.0000e+00
     198.0 0.0000e+00
     202.0 0.0000e+00
     205.0 0.0000e+00
     210.0 0.0000e+00
     216.0 0.0000e+00
     220.0 0.0000e+00
     223.0 0.0000e+00
     227.0 0.0000e+00
     230.0 0.0000e+00
     234.0 0.0000e+00
     240.0 0.0000e+00
     246.0 0.0000e+00
     252.0 0.0000e+00
     257.0 0.0000e+00
     260.0 0.0000e+00
     264.0 0.0000e+00
     269.0 0.0000e+00
     274.0 0.0000e+00
     279.0 0.0000e+00
     284.0 0.0000e+00
     290.0 0.0000e+00
     296.0 0.0000e+00
     301.0 0.0000e+00
     308.0 0.0000e+00
     318.0 0.0000e+00
     328.0 0.0000e+00
     338.0 0.0000e+00
     348.0 0.0000e+00
     357.0 0.0000e+00
     366.0 0.0000e+00
     375.0 0.0000e+00
     385.0 0.0000e+00
     395.0 0.0000e+00
     405.0 0.0000e+00
     414.0 0.0000e+00
     422.0 0.0000e+00
     430.0 0.0000e+00
     441.0 0.0000e+00
     451.0 0.0000e+00
     460.0 0.0000e+00
     470.0 0.0000e+00
     480.0 0.0000e+00
     490.0 0.0000e+00
     500.0 0.0000e+00
     506.0 2.6214e-14
     512.0 5.2286e-14
     520.0 1.1180e-13
     530.0 2.7890e-13
     540.0 6.6292e-13
     550.0 1.5341e-12
     560.0 3.4220e-12
     570.0 7.4039e-12
     580.0 1.5460e-11
     590.0 3.1796e-11
     600.0 6.3256e-11
     610.0 1.2291e-10
     620.0 2.3306e-10
     630.0 4.3205e-10
     640.0 7.8403e-10
     650.0 1.3947e-09
     658.0 2.1803e-09
     665.0 3.1889e-09
     675.0 5.4112e-09
     685.0 9.0316e-09
     695.0 1.4821e-08
     705.0 2.3840e-08
     716.0 3.9835e-08
     726.0 6.2339e-08
     735.0 9.2231e-08
     745.0 1.4061e-07
     755.0 2.1184e-07
     765.0 3.1556e-07
     775.0 4.6419e-07
     785.0 6.7584e-07
     795.0 9.6233e-07
     805.0 1.3786e-06
     815.0 1.9516e-06
     825.0 2.7274e-06
     835.0 3.7735e-06
     845.0 5.1777e-06
     855.0 7.0455e-06
     865.0 9.5023e-06
     875.0 1.2674e-05
     885.0 1.6872e-05
     895.0 2.2261e-05
     905.0 2.9019e-05
     915.0 2.2745e-02
     925.0 5.5626e-02
     935.0 7.4346e-02
     945.0 9.7408e-02
     955.0 1.3438e-01
     965.0 1.7539e-01
     975.0 2.1924e-01
     985.0 2.8539e-01
     995.0 3.5187e-01
    1005.0 4.7099e-01
    1015.0 5.9550e-01
    1025.0 6.7524e-01
    1035.0 9.2645e-01
    1045.0 1.1607e+00
    1055.0 1.4351e+00
    1065.0 1.7360e+00
    1075.0 2.1522e+00
    1085.0 2.6322e+00
    1095.0 3.1444e+00
    1105.0 1.4633e+01
    1115.0 2.7162e+01
    1125.0 3.7056e+01
    1135.0 4.7344e+01
    1145.0 5.8503e+01
    1155.0 6.2411e+01
    1165.0 8.2514e+01
    1175.0 9.6064e+01
    1185.0 9.6926e+01
    1195.0 6.2922e+01
    1205.0 6.5103e+01
    1215.0 2.0665e+01
    1225.0 7.9991e+01
    1235.0 1.6904e+02
    1245.0 4.4570e+02
    1255.0 7.3190e+02
    1265.0 7.3281e+02
    1275.0 1.1294e+03
    1285.0 1.5803e+03
    1295.0 1.9164e+03
    1305.0 1.6561e+03
    1315.0 2.5277e+03
    1325.0 2.9767e+03
    1335.0 3.3266e+03
    1345.0 4.1483e+03
    1355.0 4.2983e+03
    1365.0 4.8141e+03
    1375.0 5.2296e+03
    1385.0 5.5188e+03
    1395.0 6.3963e+03
    1405.0 7.1500e+03
    1415.0 7.5045e+03
    1425.0 8.4329e+03
    1435.0 8.6594e+03
    1442.0 1.0288e+04
    1447.0 1.1214e+04
    1455.0 1.2411e+04
    1465.0 1.2387e+04
    1475.0 1.3620e+04
    1485.0 1.5357e+04
    1495.0 1.7609e+04
    1505.0 1.9689e+04
    1512.0 1.9906e+04
    1517.0 2.0541e+04
    1525.0 4.5649e+04
    1535.0 6.7689e+04
    1545.0 1.0138e+05
    1555.0 9.3235e+04
    1565.0 8.6612e+04
    1575.0 1.7843e+05
    1585.0 2.2678e+05
    1595.0 2.8966e+05
    1605.0 2.6050e+05
    1615.0 2.4956e+05
    1625.0 1.8033e+05
    1635.0 2.3829e+05
    1645.0 3.8891e+05
    1655.0 1.8694e+05
    1665.0 3.9697e+05
    1672.0 1.8668e+05
    1677.0 1.4080e+06
    1685.0 1.4930e+06
    1695.0 1.0819e+06
    1705.0 1.1806e+06
    1715.0 1.6353e+06
    1725.0 1.7297e+06
    1735.0 2.0942e+06
    1745.0 1.9730e+06
    1755.0 2.4267e+06
    1765.0 1.7226e+06
    1775.0 2.2761e+06
    1785.0 2.2205e+06
    1795.0 3.0139e+06
    1805.0 2.6578e+06
    1815.0 2.8794e+06
    1825.0 2.6028e+06
    1835.0 2.3451e+06
    1845.0 1.9840e+06
    1855.0 2.4339e+06
    1865.0 2.9115e+06
    1875.0 2.7042e+06
    1885.0 2.8241e+06
    1895.0 3.1550e+06
    1905.0 2.9049e+06
    1915.0 3.1735e+06
    1925.0 2.9850e+06
    1935.0 1.9754e+06
    1945.0 3.4393e+06
    1955.0 3.5172e+06
    1967.0 4.0075e+06
    1976.0 3.8728e+06
    1984.0 3.8446e+06
    1995.0 3.7542e+06
    2005.0 3.4334e+06
    2015.0 3.3965e+06
    2025.0 3.1174e+06
    2035.0 3.6833e+06
    2045.0 4.0947e+06
    2055.0 3.9215e+06
    2065.0 3.7008e+06
    2074.0 4.4800e+06
    2078.0 4.8766e+06
    2085.0 4.7142e+06
    2095.0 4.4289e+06
    2105.0 3.9674e+06
    2115.0 4.1284e+06
    2125.0 4.2463e+06
    2135.0 3.3911e+06
    2145.0 4.1336e+06
    2155.0 4.1496e+06
    2165.0 3.7838e+06
    2175.0 3.7897e+06
    2185.0 4.0917e+06
    2195.0 4.4850e+06
    2205.0 4.2101e+06
    2215.0 3.6467e+06
    2225.0 3.5922e+06
    2235.0 4.4388e+06
    2245.0 4.0162e+06
    2255.0 3.5539e+06
    2265.0 3.5763e+06
    2275.0 3.9319e+06
    2285.0 4.3247e+06
    2295.0 3.8386e+06
    2305.0 4.1281e+06
    2315.0 3.8844e+06
    2325.0 2.5267e+06
    2335.0 3.0440e+06
    2345.0 2.3595e+06
    2355.0 3.6952e+06
    2365.0 2.5063e+06
    2375.0 3.1570e+06
    2385.0 2.0434e+06
    2395.0 2.5568e+06
    2405.0 2.5107e+06
    2415.0 2.6956e+06
    2425.0 3.6909e+06
    2435.0 3.5636e+06
    2445.0 3.9818e+06
    2455.0 3.9733e+06
    2465.0 3.9747e+06
    2475.0 3.5727e+06
    2485.0 3.5420e+06
    2495.0 3.3519e+06
    2505.0 4.4565e+06
    2513.0 3.0933e+06
    2518.0 2.6592e+06
    2525.0 2.5730e+06
    2535.0 2.7599e+06
    2545.0 2.8993e+06
    2555.0 3.5857e+06
    2565.0 3.2990e+06
    2575.0 3.8214e+06
    2585.0 3.7883e+06
    2595.0 3.6149e+06
    2605.0 3.3222e+06
    2615.0 3.0233e+06
    2625.0 3.9574e+06
    2635.0 4.3281e+06
    2645.0 5.4662e+06
    2655.0 5.7891e+06
    2665.0 4.6550e+06
    2675.0 5.2270e+06
    2685.0 5.2347e+06
    2695.0 4.6775e+06
    2705.0 5.0822e+06
    2715.0 4.4819e+06
    2725.0 4.5718e+06
    2735.0 5.0691e+06
    2745.0 3.3962e+06
    2755.0 3.8582e+06
    2765.0 4.2570e+06
    2775.0 4.8056e+06
    2785.0 3.7492e+06
    2795.0 1.5611e+06
    2805.0 1.9920e+06
    2815.0 4.7381e+06
    2825.0 5.6919e+06
    2835.0 5.5041e+06
    2845.0 5.2536e+06
    2855.0 4.7475e+06
    2865.0 5.7502e+06
    2875.0 5.6740e+06
    2885.0 5.6866e+06
    2895.0 5.4271e+06
    2910.0 6.4489e+06
    2930.0 6.0623e+06
    2950.0 5.9900e+06
    2970.0 6.2862e+06
    2990.0 6.4357e+06
    3010.0 6.6443e+06
    3030.0 6.5569e+06
    3050.0 6.6220e+06
    3070.0 6.7434e+06
    3090.0 6.9101e+06
    3110.0 6.7000e+06
    3130.0 6.6795e+06
    3150.0 6.8657e+06
    3170.0 6.8104e+06
    3190.0 6.3163e+06
    3210.0 6.6906e+06
    3230.0 6.2942e+06
    3250.0 6.6597e+06
    3270.0 6.9385e+06
    3290.0 6.9441e+06
    3310.0 7.1505e+06
    3330.0 7.0032e+06
    3350.0 6.9455e+06
    3370.0 6.8348e+06
    3390.0 6.8786e+06
    3410.0 6.8786e+06
    3430.0 6.9311e+06
    3450.0 6.9316e+06
    3470.0 6.8569e+06
    3490.0 6.8848e+06
    3510.0 7.0499e+06
    3530.0 6.9645e+06
    3550.0 7.2516e+06
    3570.0 6.8413e+06
    3590.0 6.7523e+06
    3610.0 6.8258e+06
    3630.0 6.8909e+06
    3640.0 6.8314e+06
    3650.0 7.2540e+06
    3670.0 6.8778e+06
    3690.0 6.3428e+06
    3710.0 7.1650e+06
    3730.0 7.2521e+06
    3750.0 8.6639e+06
    3770.0 9.1544e+06
    3790.0 1.0661e+07
    3810.0 1.2193e+07
    3830.0 9.9734e+06
    3850.0 1.3389e+07
    3870.0 1.4757e+07
    3890.0 9.6364e+06
    3910.0 1.4503e+07
    3930.0 1.0086e+07
    3950.0 1.3519e+07
    3970.0 8.3313e+06
    3990.0 1.4718e+07
    4010.0 1.6526e+07
    4030.0 1.6702e+07
    4050.0 1.6537e+07
    4070.0 1.5912e+07
    4090.0 1.3420e+07
    4110.0 1.0819e+07
    4130.0 1.5551e+07
    4150.0 1.6558e+07
    4170.0 1.6578e+07
    4190.0 1.6489e+07
    4210.0 1.6515e+07
    4230.0 1.6105e+07
    4250.0 1.6252e+07
    4270.0 1.5732e+07
    4290.0 1.5892e+07
    4310.0 1.4622e+07
    4330.0 1.2261e+07
    4350.0 1.0710e+07
    4370.0 1.5146e+07
    4390.0 1.5537e+07
    4410.0 1.5390e+07
    4430.0 1.5221e+07
    4450.0 1.5430e+07
    4470.0 1.5406e+07
    4490.0 1.5233e+07
    4510.0 1.5700e+07
    4530.0 1.5071e+07
    4550.0 1.4921e+07
    4570.0 1.5365e+07
    4590.0 1.4805e+07
    4610.0 1.5015e+07
    4630.0 1.4600e+07
    4650.0 1.4680e+07
    4670.0 1.4676e+07
    4690.0 1.4153e+07
    4710.0 1.3654e+07
    4730.0 1.4215e+07
    4750.0 1.4175e+07
    4770.0 1.3972e+07
    4790.0 1.3793e+07
    4810.0 1.3476e+07
    4830.0 1.2933e+07
    4850.0 1.0578e+07
    4870.0 8.6714e+06
    4890.0 1.2126e+07
    4910.0 1.2674e+07
    4930.0 1.2552e+07
    4950.0 1.2759e+07
    4970.0 1.2802e+07
    4990.0 1.2300e+07
    5010.0 1.1915e+07
    5030.0 1.2214e+07
    5050.0 1.1986e+07
    5070.0 1.2143e+07
    5090.0 1.1942e+07
    5110.0 1.1917e+07
    5130.0 1.1674e+07
    5150.0 1.1385e+07
    5170.0 1.1162e+07
    5190.0 1.1050e+07
    5210.0 1.1062e+07
    5230.0 1.0978e+07
    5250.0 1.1116e+07
    5270.0 1.0484e+07
    5290.0 1.0850e+07
    5310.0 1.0722e+07
    5330.0 1.0354e+07
    5350.0 1.0562e+07
    5370.0 1.0396e+07
    5390.0 1.0294e+07
    5410.0 1.0071e+07
    5430.0 1.0111e+07
    5450.0 1.0125e+07
    5470.0 9.9794e+06
    5490.0 9.9625e+06
    5510.0 9.8667e+06
    5530.0 9.7366e+06
    5550.0 9.7211e+06
    5570.0 9.5393e+06
    5590.0 9.4635e+06
    5610.0 9.4266e+06
    5630.0 9.4014e+06
    5650.0 9.3124e+06
    5670.0 9.1610e+06
    5690.0 9.1560e+06
    5710.0 9.0588e+06
    5730.0 9.1089e+06
    5750.0 8.9514e+06
    5770.0 8.9110e+06
    5790.0 8.8174e+06
    5810.0 8.7675e+06
    5830.0 8.7109e+06
    5850.0 8.6129e+06
    5870.0 8.5474e+06
    5890.0 8.3615e+06
    5910.0 8.4046e+06
    5930.0 8.3446e+06
    5950.0 8.2818e+06
    5970.0 8.2231e+06
    5990.0 8.1281e+06
    6010.0 8.0210e+06
    6030.0 7.9943e+06
    6050.0 7.9677e+06
    6070.0 7.9316e+06
    6090.0 7.8311e+06
    6110.0 7.7542e+06
    6130.0 7.6175e+06
    6150.0 7.5078e+06
    6170.0 7.5033e+06
    6190.0 7.5550e+06
    6210.0 7.4971e+06
    6230.0 7.3904e+06
    6250.0 7.2111e+06
    6270.0 7.3391e+06
    6290.0 7.2864e+06
    6310.0 7.1650e+06
    6330.0 7.1348e+06
    6350.0 7.0453e+06
    6370.0 7.0070e+06
    6390.0 6.9897e+06
    6410.0 6.8702e+06
    6430.0 6.8508e+06
    6450.0 6.7478e+06
    6470.0 6.7434e+06
    6490.0 6.6165e+06
    6510.0 6.5731e+06
    6530.0 6.3866e+06
    6550.0 5.6545e+06
    6570.0 4.5506e+06
    6590.0 6.0610e+06
    6610.0 6.3235e+06
    6630.0 6.3564e+06
    6650.0 6.3345e+06
    6670.0 6.2911e+06
    6690.0 6.2723e+06
    6710.0 6.2297e+06
    6730.0 6.1848e+06
    6750.0 6.1219e+06
    6770.0 6.1119e+06
    6790.0 6.0603e+06
    6810.0 6.0145e+06
    6830.0 5.9639e+06
    6850.0 5.9112e+06
    6870.0 5.8921e+06
    6890.0 5.8503e+06
    6910.0 5.8040e+06
    6930.0 5.7630e+06
    6950.0 5.7225e+06
    6970.0 5.6773e+06
    6990.0 5.6449e+06
    7010.0 5.5566e+06
    7030.0 5.5444e+06
    7050.0 5.5154e+06
    7070.0 5.4795e+06
    7090.0 5.4391e+06
    7110.0 5.3041e+06
    7130.0 5.3263e+06
    7150.0 5.3012e+06
    7170.0 5.2554e+06
    7190.0 5.2076e+06
    7210.0 5.1880e+06
    7230.0 5.1479e+06
    7250.0 5.1104e+06
    7270.0 5.0959e+06
    7290.0 5.0251e+06
    7310.0 5.0044e+06
    7330.0 4.9704e+06
    7350.0 4.9545e+06
    7370.0 4.9210e+06
    7390.0 4.8571e+06
    7410.0 4.7807e+06
    7430.0 4.7702e+06
    7450.0 4.7511e+06
    7470.0 4.7020e+06
    7490.0 4.6770e+06
    7510.0 4.6627e+06
    7530.0 4.6380e+06
    7550.0 4.6240e+06
    7570.0 4.5807e+06
    7590.0 4.5504e+06
    7610.0 4.5182e+06
    7630.0 4.4904e+06
    7650.0 4.4506e+06
    7670.0 4.3907e+06
    7690.0 4.3841e+06
    7710.0 4.3433e+06
    7730.0 4.3369e+06
    7750.0 4.2926e+06
    7770.0 4.1890e+06
    7790.0 4.2565e+06
    7810.0 4.2190e+06
    7830.0 4.1701e+06
    7850.0 4.1313e+06
    7870.0 4.1142e+06
    7890.0 4.0819e+06
    7910.0 4.0517e+06
    7930.0 4.0141e+06
    7950.0 3.9901e+06
    7970.0 4.0022e+06
    7990.0 3.9446e+06
    8010.0 3.9306e+06
    8030.0 3.9036e+06
    8050.0 3.8805e+06
    8070.0 3.8594e+06
    8090.0 3.8276e+06
    8110.0 3.8160e+06
    8130.0 3.7954e+06
    8150.0 3.7678e+06
    8170.0 3.7440e+06
    8190.0 3.6614e+06
    8210.0 3.6560e+06
    8230.0 3.6294e+06
    8250.0 3.6153e+06
    8270.0 3.6312e+06
    8290.0 3.6067e+06
    8310.0 3.5668e+06
    8330.0 3.5030e+06
    8350.0 3.5018e+06
    8370.0 3.4765e+06
    8390.0 3.4173e+06
    8410.0 3.3943e+06
    8430.0 3.3597e+06
    8450.0 3.3018e+06
    8470.0 3.2478e+06
    8490.0 3.3107e+06
    8510.0 3.1047e+06
    8530.0 3.3209e+06
    8550.0 2.9429e+06
    8570.0 3.3504e+06
    8590.0 3.1252e+06
    8610.0 3.0557e+06
    8630.0 3.3362e+06
    8650.0 3.2134e+06
    8670.0 2.7104e+06
    8690.0 3.1934e+06
    8710.0 3.3084e+06
    8730.0 3.1941e+06
    8750.0 2.6767e+06
    8770.0 3.0933e+06
    8790.0 3.2531e+06
    8810.0 3.2476e+06
    8830.0 3.1575e+06
    8850.0 2.9320e+06
    8870.0 2.5576e+06
    8890.0 3.0680e+06
    8910.0 3.1509e+06
    8930.0 3.1504e+06
    8950.0 3.1662e+06
    8970.0 3.1119e+06
    8990.0 3.0016e+06
    9010.0 2.4876e+06
    9030.0 2.7163e+06
    9050.0 2.9898e+06
    9070.0 2.9708e+06
    9090.0 2.9374e+06
    9110.0 2.9997e+06
    9130.0 3.0139e+06
    9150.0 3.0007e+06
    9170.0 2.9591e+06
    9190.0 2.8923e+06
    9210.0 2.7242e+06
    9230.0 2.2099e+06
    9250.0 2.6348e+06
    9270.0 2.7588e+06
    9290.0 2.8554e+06
    9310.0 2.8611e+06
    9330.0 2.8461e+06
    9350.0 2.8353e+06
    9370.0 2.8246e+06
    9390.0 2.7908e+06
    9410.0 2.6936e+06
    9430.0 2.7469e+06
    9450.0 2.7313e+06
    9470.0 2.7211e+06
    9490.0 2.6910e+06
    9510.0 2.6214e+06
    9530.0 2.4572e+06
    9550.0 2.0209e+06
    9570.0 2.4603e+06
    9590.0 2.5700e+06
    9610.0 2.5762e+06
    9630.0 2.5513e+06
    9650.0 2.5742e+06
    9670.0 2.5405e+06
    9690.0 2.5389e+06
    9710.0 2.5526e+06
    9730.0 2.5358e+06
    9750.0 2.5078e+06
    9770.0 2.5088e+06
    9790.0 2.4948e+06
    9810.0 2.4784e+06
    9830.0 2.4622e+06
    9850.0 2.4324e+06
    9870.0 2.4176e+06
    9890.0 2.3968e+06
    9910.0 2.3859e+06
    9930.0 2.3775e+06
    9950.0 2.3619e+06
    9970.0 2.3476e+06
    9990.0 2.3190e+06
   10025.0 2.1442e+06
   10075.0 2.0426e+06
   10125.0 2.2202e+06
   10175.0 2.2158e+06
   10225.0 2.1988e+06
   10275.0 2.1706e+06
   10325.0 2.1350e+06
   10375.0 2.1067e+06
   10425.0 2.0755e+06
   10475.0 2.0273e+06
   10525.0 2.0081e+06
   10575.0 1.9848e+06
   10625.0 1.9577e+06
   10675.0 1.8952e+06
   10725.0 1.8911e+06
   10775.0 1.8674e+06
   10825.0 1.8369e+06
   10875.0 1.7917e+06
   10925.0 1.5503e+06
   10975.0 1.6745e+06
   11025.0 1.7442e+06
   11075.0 1.7354e+06
   11125.0 1.7101e+06
   11175.0 1.6881e+06
   11225.0 1.6712e+06
   11275.0 1.6178e+06
   11325.0 1.5988e+06
   11375.0 1.5959e+06
   11425.0 1.5645e+06
   11475.0 1.5628e+06
   11525.0 1.5438e+06
   11575.0 1.5216e+06
   11625.0 1.4828e+06
   11675.0 1.4560e+06
   11725.0 1.4663e+06
   11775.0 1.4167e+06
   11825.0 1.4107e+06
   11875.0 1.3844e+06
   11925.0 1.3939e+06
   11975.0 1.3580e+06
   12025.0 1.3509e+06
   12075.0 1.3291e+06
   12125.0 1.3165e+06
   12175.0 1.3049e+06
   12225.0 1.2862e+06
   12275.0 1.2678e+06
   12325.0 1.2520e+06
   12375.0 1.2396e+06
   12425.0 1.2265e+06
   12475.0 1.2090e+06
   12525.0 1.1917e+06
   12575.0 1.1701e+06
   12625.0 1.1601e+06
   12675.0 1.1480e+06
   12725.0 1.1294e+06
   12775.0 1.0853e+06
   12825.0 9.3247e+05
   12875.0 1.0663e+06
   12925.0 1.0746e+06
   12975.0 1.0677e+06
   13025.0 1.0574e+06
   13075.0 1.0459e+06
   13125.0 1.0309e+06
   13175.0 1.0155e+06
   13225.0 1.0086e+06
   13275.0 9.9553e+05
   13325.0 9.8470e+05
   13375.0 9.7266e+05
   13425.0 9.6210e+05
   13475.0 9.5035e+05
   13525.0 9.3613e+05
   13575.0 9.2339e+05
   13625.0 9.1662e+05
   13675.0 9.0352e+05
   13725.0 8.8485e+05
   13775.0 8.8160e+05
   13825.0 8.7147e+05
   13875.0 8.6458e+05
   13925.0 8.5096e+05
   13975.0 8.4304e+05
   14025.0 8.3277e+05
   14075.0 8.2505e+05
   14125.0 8.1381e+05
   14175.0 8.0629e+05
   14225.0 7.9530e+05
   14275.0 7.8444e+05
   14325.0 7.7839e+05
   14375.0 7.7124e+05
   14425.0 7.4458e+05
   14475.0 7.5204e+05
   14525.0 7.3493e+05
   14570.0 7.3492e+05
   14620.0 7.2485e+05
   14675.0 7.1887e+05
   14725.0 7.0847e+05
   14775.0 6.9764e+05
   14825.0 6.9239e+05
   14875.0 6.8178e+05
   14925.0 6.8099e+05
   14975.0 6.7004e+05
   15025.0 6.5974e+05
   15075.0 6.5010e+05
   15125.0 6.4685e+05
   15175.0 6.3843e+05
   15225.0 6.2959e+05
   15275.0 6.2188e+05
   15325.0 6.1272e+05
   15375.0 6.0874e+05
   15425.0 5.9321e+05
   15475.0 5.9489e+05
   15525.0 5.8858e+05
   15575.0 5.6948e+05
   15625.0 5.8549e+05
   15675.0 5.6272e+05
   15725.0 5.4800e+05
   15775.0 5.6477e+05
   15825.0 5.5929e+05
   15875.0 5.1295e+05
   15925.0 5.4047e+05
   15975.0 5.5212e+05
   16050.0 5.3068e+05
   16150.0 5.0022e+05
   16250.0 5.2270e+05
   16350.0 4.9569e+05
   16450.0 4.6531e+05
   16550.0 4.9078e+05
   16650.0 4.8145e+05
   16750.0 4.5392e+05
   16850.0 4.2405e+05
   16950.0 4.5162e+05
   17050.0 4.4180e+05
   17150.0 4.3421e+05
   17250.0 4.1952e+05
   17350.0 3.7171e+05
   17450.0 3.9736e+05
   17550.0 3.9712e+05
   17650.0 3.8994e+05
   17750.0 3.8328e+05
   17850.0 3.7523e+05
   17950.0 3.6887e+05
   18050.0 3.5739e+05
   18150.0 3.1910e+05
   18250.0 3.3592e+05
   18350.0 3.3904e+05
   18450.0 3.3301e+05
   18550.0 3.2574e+05
   18650.0 3.1698e+05
   18750.0 2.8035e+05
   18850.0 3.0323e+05
   18950.0 2.9941e+05
   19050.0 2.9753e+05
   19150.0 2.9158e+05
   19250.0 2.8555e+05
   19350.0 2.7684e+05
   19450.0 2.4538e+05
   19550.0 2.6685e+05
   19650.0 2.6498e+05
   19750.0 2.5996e+05
   19850.0 2.5604e+05
   19950.0 2.5164e+05
   20050.0 2.4723e+05
   20150.0 2.4295e+05
   20250.0 2.3813e+05
   20350.0 2.3345e+05
   20450.0 2.3008e+05
   20550.0 2.2606e+05
   20650.0 2.2149e+05
   20750.0 2.1785e+05
   20850.0 2.1414e+05
   20950.0 2.1016e+05
   21050.0 2.0682e+05
   21150.0 2.0267e+05
   21250.0 1.9917e+05
   21350.0 1.9578e+05
   21450.0 1.9258e+05
   21550.0 1.8767e+05
   21650.0 1.6663e+05
   21750.0 1.7980e+05
   21850.0 1.7952e+05
   21950.0 1.7751e+05
   22050.0 1.7418e+05
   22150.0 1.7119e+05
   22250.0 1.6893e+05
   22350.0 1.6612e+05
   22450.0 1.6353e+05
   22550.0 1.6024e+05
   22650.0 1.5804e+05
   22750.0 1.5556e+05
   22850.0 1.5340e+05
   22950.0 1.5263e+05
   23050.0 1.5041e+05
   23150.0 1.4748e+05
   23250.0 1.4499e+05
   23350.0 1.4241e+05
   23450.0 1.4000e+05
   23550.0 1.3754e+05
   23650.0 1.3522e+05
   23750.0 1.3287e+05
   23850.0 1.3062e+05
   23950.0 1.2849e+05
   24050.0 1.2636e+05
   24150.0 1.2431e+05
   24250.0 1.2243e+05
   24350.0 1.2042e+05
   24450.0 1.1837e+05
   24550.0 1.1687e+05
   24650.0 1.1486e+05
   24750.0 1.1323e+05
   24850.0 1.1199e+05
   24950.0 1.0882e+05
   25050.0 1.1017e+05
   25150.0 1.0770e+05
   25250.0 1.0365e+05
   25350.0 1.0424e+05
   25450.0 1.0340e+05
   25550.0 1.0092e+05
   25650.0 9.6674e+04
   25750.0 9.8475e+04
   25850.0 9.7445e+04
   25950.0 9.6339e+04
   26050.0 9.3357e+04
   26150.0 8.8716e+04
   26250.0 8.2664e+04
   26350.0 8.9412e+04
   26450.0 8.9680e+04
   26550.0 8.8445e+04
   26650.0 8.6161e+04
   26750.0 8.0926e+04
   26850.0 8.4101e+04
   26950.0 8.3956e+04
   27050.0 8.3075e+04
   27150.0 8.2025e+04
   27250.0 8.0858e+04
   27350.0 7.9547e+04
   27450.0 7.8045e+04
   27550.0 7.2392e+04
   27650.0 7.4019e+04
   27750.0 7.5152e+04
   27850.0 7.4536e+04
   27950.0 7.3651e+04
   28050.0 7.2654e+04
   28150.0 7.1745e+04
   28250.0 7.0773e+04
   28350.0 6.9856e+04
   28450.0 6.8714e+04
   28550.0 6.7719e+04
   28650.0 6.5348e+04
   28750.0 6.0730e+04
   28850.0 6.4574e+04
   28950.0 6.4358e+04
   29050.0 6.3745e+04
   29150.0 6.2786e+04
   29250.0 6.2078e+04
   29350.0 6.1377e+04
   29450.0 6.0560e+04
   29550.0 5.9807e+04
   29650.0 5.9050e+04
   29750.0 5.8342e+04
   29850.0 5.7602e+04
   29950.0 5.6830e+04
   30050.0 5.6094e+04
   30150.0 5.5261e+04
   30250.0 5.4280e+04
   30350.0 5.0200e+04
   30450.0 5.0892e+04
   30550.0 5.2384e+04
   30650.0 5.2030e+04
   30750.0 5.1489e+04
   30850.0 5.0765e+04
   30950.0 5.0175e+04
   31050.0 4.9579e+04
   31150.0 4.8865e+04
   31250.0 4.8381e+04
   31350.0 4.7829e+04
   31450.0 4.7222e+04
   31550.0 4.6670e+04
   31650.0 4.6220e+04
   31750.0 4.5597e+04
   31850.0 4.5110e+04
   31950.0 4.4569e+04
   32100.0 4.3758e+04
   32300.0 4.2793e+04
   32500.0 4.1779e+04
   32700.0 4.0698e+04
   32900.0 3.7501e+04
   33100.0 3.8396e+04
   33300.0 3.8185e+04
   33500.0 3.7378e+04
   33700.0 3.6386e+04
   33900.0 3.5551e+04
   34100.0 3.4733e+04
   34300.0 3.4023e+04
   34500.0 3.3298e+04
   34700.0 3.2527e+04
   34900.0 3.1800e+04
   35100.0 3.1098e+04
   35300.0 3.0410e+04
   35500.0 2.9745e+04
   35700.0 2.9064e+04
   35900.0 2.8472e+04
   36100.0 2.7826e+04
   36300.0 2.7302e+04
   36500.0 2.6625e+04
   36700.0 2.6184e+04
   36900.0 2.5391e+04
   37100.0 2.5022e+04
   37300.0 2.3858e+04
   37500.0 2.2973e+04
   37700.0 2.3557e+04
   37900.0 2.3150e+04
   38100.0 2.2453e+04
   38300.0 2.2064e+04
   38500.0 2.1852e+04
   38700.0 2.1394e+04
   38900.0 2.0866e+04
   39100.0 2.0135e+04
   39300.0 2.0140e+04
   39500.0 1.9799e+04
   39700.0 1.9440e+04
   39900.0 1.9004e+04
   40100.0 1.8353e+04
   40300.0 1.7913e+04
   40500.0 1.7049e+04
   40700.0 1.7533e+04
   40900.0 1.7283e+04
   41100.0 1.6988e+04
   41300.0 1.6669e+04
   41500.0 1.6258e+04
   41700.0 1.5475e+04
   41900.0 1.5649e+04
   42100.0 1.5433e+04
   42300.0 1.5200e+04
   42500.0 1.4918e+04
   42700.0 1.4653e+04
   42900.0 1.4387e+04
   43100.0 1.4131e+04
   43300.0 1.3866e+04
   43500.0 1.3587e+04
   43700.0 1.2892e+04
   43900.0 1.2967e+04
   44100.0 1.2912e+04
   44300.0 1.2704e+04
   44500.0 1.2481e+04
   44700.0 1.2303e+04
   44900.0 1.2093e+04
   45100.0 1.1891e+04
   45300.0 1.1681e+04
   45500.0 1.1486e+04
   45700.0 1.1288e+04
   45900.0 1.1088e+04
   46100.0 1.0901e+04
   46300.0 1.0662e+04
   46500.0 9.9550e+03
   46700.0 9.8259e+03
   46900.0 1.0091e+04
   47100.0 1.0016e+04
   47300.0 9.8676e+03
   47500.0 9.7050e+03
   47700.0 9.5500e+03
   47900.0 9.3972e+03
   48100.0 9.2467e+03
   48300.0 9.0983e+03
   48500.0 8.9520e+03
   48700.0 8.8079e+03
   48900.0 8.6708e+03
   49100.0 8.5257e+03
   49300.0 8.3925e+03
   49500.0 8.2612e+03
   49700.0 8.1317e+03
   49900.0 8.0041e+03
   50100.0 7.8782e+03
   50300.0 7.7635e+03
   50500.0 7.6410e+03
   50700.0 7.5249e+03
   50900.0 7.4011e+03
   51100.0 7.2284e+03
   51300.0 6.8213e+03
   51500.0 7.0307e+03
   51700.0 6.9674e+03
   51900.0 6.8648e+03
   52100.0 6.7592e+03
   52300.0 6.6638e+03
   52500.0 6.5653e+03
   52700.0 6.4680e+03
   52900.0 6.3721e+03
   53100.0 6.2774e+03
   53300.0 6.1839e+03
   53500.0 6.0959e+03
   53700.0 6.0048e+03
   53900.0 5.9191e+03
   54100.0 5.8344e+03
   54300.0 5.7468e+03
   54500.0 5.6683e+03
   54700.0 5.5829e+03
   54900.0 5.5065e+03
   55100.0 5.4310e+03
   55300.0 5.3565e+03
   55500.0 5.2790e+03
   55700.0 5.2025e+03
   55900.0 5.1270e+03
   56100.0 5.0600e+03
   56300.0 4.9901e+03
   56500.0 4.9210e+03
   56700.0 4.8565e+03
   56900.0 4.7854e+03
   57100.0 4.7262e+03
   57300.0 4.6604e+03
   57500.0 4.5954e+03
   57700.0 4.5348e+03
   57900.0 4.4713e+03
   58100.0 4.4121e+03
   58300.0 4.3537e+03
   58500.0 4.2995e+03
   58700.0 4.2354e+03
   58900.0 4.1445e+03
   59100.0 3.9242e+03
   59300.0 4.0512e+03
   59500.0 4.0139e+03
   59700.0 3.9736e+03
   59900.0 3.9170e+03
   60100.0 3.8644e+03
   60300.0 3.8190e+03
   60500.0 3.7676e+03
   60700.0 3.7201e+03
   60900.0 3.6698e+03
   61100.0 3.6201e+03
   61300.0 3.5774e+03
   61500.0 3.5320e+03
   61700.0 3.4902e+03
   61900.0 3.4426e+03
   62100.0 3.4018e+03
   62300.0 3.3553e+03
   62500.0 3.3155e+03
   62700.0 3.2730e+03
   62900.0 3.2340e+03
   63100.0 3.1925e+03
   63300.0 3.1544e+03
   63500.0 3.1137e+03
   63700.0 3.0765e+03
   63900.0 3.0396e+03
   64200.0 2.9880e+03
   64600.0 2.9138e+03
   65000.0 2.8439e+03
   65400.0 2.7770e+03
   65800.0 2.7112e+03
   66200.0 2.6468e+03
   66600.0 2.5854e+03
   67000.0 2.5250e+03
   67400.0 2.4663e+03
   67800.0 2.4096e+03
   68200.0 2.3546e+03
   68600.0 2.3008e+03
   69000.0 2.2482e+03
   69400.0 2.1977e+03
   69800.0 2.1487e+03
   70200.0 2.1005e+03
   70600.0 2.0541e+03
   71000.0 2.0099e+03
   71400.0 1.9655e+03
   71800.0 1.9225e+03
   72200.0 1.8799e+03
   72600.0 1.8401e+03
   73000.0 1.8016e+03
   73400.0 1.7626e+03
   73800.0 1.7257e+03
   74200.0 1.6867e+03
   74600.0 1.6085e+03
   75000.0 1.5720e+03
   75400.0 1.5826e+03
   75800.0 1.5530e+03
   76200.0 1.5213e+03
   76600.0 1.4905e+03
   77000.0 1.4601e+03
   77400.0 1.4306e+03
   77800.0 1.4021e+03
   78200.0 1.3738e+03
   78600.0 1.3465e+03
   79000.0 1.3200e+03
   79400.0 1.2940e+03
   79800.0 1.2685e+03
   80200.0 1.2435e+03
   80600.0 1.2194e+03
   81000.0 1.1959e+03
   81400.0 1.1729e+03
   81800.0 1.1504e+03
   82200.0 1.1286e+03
   82600.0 1.1073e+03
   83000.0 1.0862e+03
   83400.0 1.0655e+03
   83800.0 1.0454e+03
   84200.0 1.0260e+03
   84600.0 1.0073e+03
   85000.0 9.8888e+02
   85400.0 9.7076e+02
   85800.0 9.5293e+02
   86200.0 9.3572e+02
   86600.0 9.1878e+02
   87000.0 9.0227e+02
   87400.0 8.8602e+02
   87800.0 8.7019e+02
   88200.0 8.5461e+02
   88600.0 8.3942e+02
   89000.0 8.2463e+02
   89400.0 8.1036e+02
   89800.0 7.9602e+02
   90200.0 7.8235e+02
   90600.0 7.6873e+02
   91000.0 7.5547e+02
   91400.0 7.4242e+02
   91800.0 7.2984e+02
   92200.0 7.1731e+02
   92600.0 7.0526e+02
   93000.0 6.9338e+02
   93400.0 6.8168e+02
   93800.0 6.7016e+02
   94200.0 6.5907e+02
   94600.0 6.4815e+02
   95000.0 6.3739e+02
   95400.0 6.2678e+02
   95800.0 6.1659e+02
   96200.0 6.0655e+02
   96600.0 5.9666e+02
   97000.0 5.8703e+02
   97400.0 5.7742e+02
   97800.0 5.6831e+02
   98200.0 5.5909e+02
   98600.0 5.5025e+02
   99000.0 5.4153e+02
   99400.0 5.3281e+02
   99800.0 5.2445e+02
  100200.0 5.1621e+02
  200000.0 3.3157e+01
  400000.0 2.0648e+00
  600000.0 4.0472e-01
  800000.0 1.2709e-01
 1000000.0 5.1720e-02
 1200000.0 2.4791e-02
 1400000.0 1.3319e-02
 1600000.0 7.7712e-03
