      91.0 0.0000e+00
      94.0 0.0000e+00
      96.0 0.0000e+00
      98.0 0.0000e+00
     100.0 0.0000e+00
     102.0 0.0000e+00
     104.0 0.0000e+00
     106.0 0.0000e+00
     108.0 0.0000e+00
     110.0 0.0000e+00
     114.0 0.0000e+00
     118.0 0.0000e+00
     121.0 0.0000e+00
     125.0 0.0000e+00
     127.0 0.0000e+00
     128.0 0.0000e+00
     131.0 0.0000e+00
     132.0 0.0000e+00
     134.0 0.0000e+00
     137.0 0.0000e+00
     140.0 0.0000e+00
     143.0 0.0000e+00
     147.0 0.0000e+00
     151.0 0.0000e+00
     155.0 0.0000e+00
     159.0 0.0000e+00
     162.0 0.0000e+00
     166.0 0.0000e+00
     170.0 0.0000e+00
     173.0 0.0000e+00
     177.0 0.0000e+00
     180.0 0.0000e+00
     182.0 0.0000e+00
     186.0 0.0000e+00
     191.0 0.0000e+00
     194.0 0.0000e+00
     198.0 0.0000e+00
     202.0 0.0000e+00
     205.0 0.0000e+00
     210.0 0.0000e+00
     216.0 0.0000e+00
     220.0 0.0000e+00
     223.0 0.0000e+00
     227.0 0.0000e+00
     230.0 0.0000e+00
     234.0 0.0000e+00
     240.0 0.0000e+00
     246.0 0.0000e+00
     252.0 0.0000e+00
     257.0 0.0000e+00
     260.0 0.0000e+00
     264.0 0.0000e+00
     269.0 0.0000e+00
     274.0 0.0000e+00
     279.0 0.0000e+00
     284.0 0.0000e+00
     290.0 0.0000e+00
     296.0 0.0000e+00
     301.0 0.0000e+00
     308.0 0.0000e+00
     318.0 0.0000e+00
     328.0 0.0000e+00
     338.0 0.0000e+00
     348.0 0.0000e+00
     357.0 0.0000e+00
     366.0 0.0000e+00
     375.0 0.0000e+00
     385.0 0.0000e+00
     395.0 0.0000e+00
     405.0 0.0000e+00
     414.0 0.0000e+00
     422.0 0.0000e+00
     430.0 0.0000e+00
     441.0 0.0000e+00
     451.0 0.0000e+00
     460.0 0.0000e+00
     470.0 0.0000e+00
     480.0 0.0000e+00
     490.0 0.0000e+00
     500.0 0.0000e+00
     506.0 1.8205e-13
     512.0 3.5722e-13
     520.0 7.4682e-13
     530.0 1.8122e-12
     540.0 4.1946e-12
     550.0 9.4625e-12
     560.0 2.0615e-11
     570.0 4.3552e-11
     580.0 8.8904e-11
     590.0 1.7886e-10
     600.0 3.4843e-10
     610.0 6.6323e-10
     620.0 1.2329e-09
     630.0 2.2412e-09
     640.0 3.9933e-09
     650.0 6.9765e-09
     658.0 1.0755e-08
     665.0 1.5532e-08
     675.0 2.5927e-08
     685.0 4.2577e-08
     695.0 6.8769e-08
     705.0 1.0891e-07
     716.0 1.7908e-07
     726.0 2.7620e-07
     735.0 4.0355e-07
     745.0 6.0690e-07
     755.0 9.0249e-07
     765.0 1.3260e-06
     775.0 1.9269e-06
     785.0 2.7711e-06
     795.0 3.8990e-06
     805.0 5.5200e-06
     815.0 7.7234e-06
     825.0 1.0670e-05
     835.0 1.4607e-05
     845.0 1.9834e-05
     855.0 2.6706e-05
     865.0 3.5644e-05
     875.0 4.7082e-05
     885.0 6.2100e-05
     895.0 8.1080e-05
     905.0 1.0470e-04
     915.0 7.0699e-02
     925.0 1.8388e-01
     935.0 2.4293e-01
     945.0 3.1556e-01
     955.0 4.3416e-01
     965.0 5.6094e-01
     975.0 6.8850e-01
     985.0 8.8866e-01
     995.0 1.0785e+00
    1005.0 1.4390e+00
    1015.0 1.8007e+00
    1025.0 1.9780e+00
    1035.0 2.7337e+00
    1045.0 3.3998e+00
    1055.0 4.1588e+00
    1065.0 4.9554e+00
    1075.0 6.0974e+00
    1085.0 7.3841e+00
    1095.0 8.6981e+00
    1105.0 4.0080e+01
    1115.0 7.3239e+01
    1125.0 9.8823e+01
    1135.0 1.2492e+02
    1145.0 1.5239e+02
    1155.0 1.6162e+02
    1165.0 2.1161e+02
    1175.0 2.4389e+02
    1185.0 2.4407e+02
    1195.0 1.5611e+02
    1205.0 1.5980e+02
    1215.0 4.6197e+01
    1225.0 1.9283e+02
    1235.0 4.1002e+02
    1245.0 1.0553e+03
    1255.0 1.7207e+03
    1265.0 1.7123e+03
    1275.0 2.6357e+03
    1285.0 3.6827e+03
    1295.0 4.4570e+03
    1305.0 3.7925e+03
    1315.0 5.8127e+03
    1325.0 6.8578e+03
    1335.0 7.5965e+03
    1345.0 9.5786e+03
    1355.0 9.8493e+03
    1365.0 1.0941e+04
    1375.0 1.1956e+04
    1385.0 1.2534e+04
    1395.0 1.4518e+04
    1405.0 1.6195e+04
    1415.0 1.6901e+04
    1425.0 1.9045e+04
    1435.0 1.9392e+04
    1442.0 2.3299e+04
    1447.0 2.6317e+04
    1455.0 2.9863e+04
    1465.0 2.8853e+04
    1475.0 3.1754e+04
    1485.0 3.6216e+04
    1495.0 4.1989e+04
    1505.0 4.7384e+04
    1512.0 4.7046e+04
    1517.0 4.7158e+04
    1525.0 1.6691e+05
    1535.0 2.4383e+05
    1545.0 3.9426e+05
    1555.0 3.3614e+05
    1565.0 2.9896e+05
    1575.0 6.0910e+05
    1585.0 7.3987e+05
    1595.0 9.3755e+05
    1605.0 8.4165e+05
    1615.0 7.7930e+05
    1625.0 5.5494e+05
    1635.0 7.3344e+05
    1645.0 1.1464e+06
    1655.0 5.5996e+05
    1665.0 1.1537e+06
    1672.0 5.2761e+05
    1677.0 2.8125e+06
    1685.0 3.0194e+06
    1695.0 2.2289e+06
    1705.0 2.3567e+06
    1715.0 3.0595e+06
    1725.0 3.1623e+06
    1735.0 3.7610e+06
    1745.0 3.5904e+06
    1755.0 4.3216e+06
    1765.0 3.1003e+06
    1775.0 4.0193e+06
    1785.0 3.9104e+06
    1795.0 5.1547e+06
    1805.0 4.5972e+06
    1815.0 4.8779e+06
    1825.0 4.4285e+06
    1835.0 3.9887e+06
    1845.0 3.3967e+06
    1855.0 4.0634e+06
    1865.0 4.7267e+06
    1875.0 4.4547e+06
    1885.0 4.6135e+06
    1895.0 5.0758e+06
    1905.0 4.6526e+06
    1915.0 5.0815e+06
    1925.0 4.8800e+06
    1935.0 3.4493e+06
    1945.0 5.4490e+06
    1955.0 5.5252e+06
    1967.0 6.2049e+06
    1976.0 6.0257e+06
    1984.0 5.9041e+06
    1995.0 5.7367e+06
    2005.0 5.2709e+06
    2015.0 5.1892e+06
    2025.0 4.8047e+06
    2035.0 5.5568e+06
    2045.0 6.1593e+06
    2055.0 5.8751e+06
    2065.0 5.5681e+06
    2074.0 6.6573e+06
    2078.0 7.0649e+06
    2085.0 6.8079e+06
    2095.0 6.3961e+06
    2105.0 5.7455e+06
    2115.0 5.9218e+06
    2125.0 6.1530e+06
    2135.0 4.8827e+06
    2145.0 5.9033e+06
    2155.0 5.9132e+06
    2165.0 5.3879e+06
    2175.0 5.3689e+06
    2185.0 5.7394e+06
    2195.0 6.2796e+06
    2205.0 5.9070e+06
    2215.0 5.1499e+06
    2225.0 5.0480e+06
    2235.0 6.1624e+06
    2245.0 5.5342e+06
    2255.0 4.9759e+06
    2265.0 5.0045e+06
    2275.0 5.4472e+06
    2285.0 5.9416e+06
    2295.0 5.3026e+06
    2305.0 5.6155e+06
    2315.0 5.2874e+06
    2325.0 3.4207e+06
    2335.0 4.2449e+06
    2345.0 3.3779e+06
    2355.0 5.0704e+06
    2365.0 3.5633e+06
    2375.0 4.3646e+06
    2385.0 2.9725e+06
    2395.0 3.6355e+06
    2405.0 3.5432e+06
    2415.0 3.7524e+06
    2425.0 4.9471e+06
    2435.0 4.7569e+06
    2445.0 5.2697e+06
    2455.0 5.2248e+06
    2465.0 5.2417e+06
    2475.0 4.7433e+06
    2485.0 4.7693e+06
    2495.0 4.4884e+06
    2505.0 5.8363e+06
    2513.0 4.2440e+06
    2518.0 3.7713e+06
    2525.0 3.5567e+06
    2535.0 3.7228e+06
    2545.0 3.8676e+06
    2555.0 4.6898e+06
    2565.0 4.3817e+06
    2575.0 5.0295e+06
    2585.0 5.0140e+06
    2595.0 4.7938e+06
    2605.0 4.4372e+06
    2615.0 4.0772e+06
    2625.0 5.2052e+06
    2635.0 5.5440e+06
    2645.0 6.9009e+06
    2655.0 7.1994e+06
    2665.0 5.8842e+06
    2675.0 6.5458e+06
    2685.0 6.5221e+06
    2695.0 5.8926e+06
    2705.0 6.3375e+06
    2715.0 5.6500e+06
    2725.0 5.7588e+06
    2735.0 6.3708e+06
    2745.0 4.4195e+06
    2755.0 4.9088e+06
    2765.0 5.3361e+06
    2775.0 5.9782e+06
    2785.0 4.7727e+06
    2795.0 2.1045e+06
    2805.0 2.6474e+06
    2815.0 5.8852e+06
    2825.0 6.9285e+06
    2835.0 6.6977e+06
    2845.0 6.3944e+06
    2855.0 5.8892e+06
    2865.0 6.9468e+06
    2875.0 6.8216e+06
    2885.0 6.8695e+06
    2895.0 6.5302e+06
    2910.0 7.6880e+06
    2930.0 7.2398e+06
    2950.0 7.1585e+06
    2970.0 7.4499e+06
    2990.0 7.6201e+06
    3010.0 7.8250e+06
    3030.0 7.7102e+06
    3050.0 7.7538e+06
    3070.0 7.8580e+06
    3090.0 8.0304e+06
    3110.0 7.7712e+06
    3130.0 7.7469e+06
    3150.0 7.9534e+06
    3170.0 7.8641e+06
    3190.0 7.3298e+06
    3210.0 7.7205e+06
    3230.0 7.3126e+06
    3250.0 7.6667e+06
    3270.0 7.9254e+06
    3290.0 7.9401e+06
    3310.0 8.1334e+06
    3330.0 7.9549e+06
    3350.0 7.8762e+06
    3370.0 7.7756e+06
    3390.0 7.7968e+06
    3410.0 7.8160e+06
    3430.0 7.8586e+06
    3450.0 7.8333e+06
    3470.0 7.7412e+06
    3490.0 7.7522e+06
    3510.0 7.9240e+06
    3530.0 7.8508e+06
    3550.0 8.0956e+06
    3570.0 7.6985e+06
    3590.0 7.6101e+06
    3610.0 7.6622e+06
    3630.0 7.7300e+06
    3640.0 7.6568e+06
    3650.0 8.0668e+06
    3670.0 7.6702e+06
    3690.0 7.0209e+06
    3710.0 7.9674e+06
    3730.0 8.1451e+06
    3750.0 9.9430e+06
    3770.0 1.0496e+07
    3790.0 1.2498e+07
    3810.0 1.4465e+07
    3830.0 1.1649e+07
    3850.0 1.6051e+07
    3870.0 1.7911e+07
    3890.0 1.0968e+07
    3910.0 1.7703e+07
    3930.0 1.2741e+07
    3950.0 1.6647e+07
    3970.0 9.6476e+06
    3990.0 1.7754e+07
    4010.0 2.0307e+07
    4030.0 2.0534e+07
    4050.0 2.0310e+07
    4070.0 1.9307e+07
    4090.0 1.5599e+07
    4110.0 1.2246e+07
    4130.0 1.8617e+07
    4150.0 2.0004e+07
    4170.0 2.0089e+07
    4190.0 1.9925e+07
    4210.0 1.9959e+07
    4230.0 1.9422e+07
    4250.0 1.9545e+07
    4270.0 1.8850e+07
    4290.0 1.8987e+07
    4310.0 1.7307e+07
    4330.0 1.3822e+07
    4350.0 1.1939e+07
    4370.0 1.7689e+07
    4390.0 1.8337e+07
    4410.0 1.8184e+07
    4430.0 1.7995e+07
    4450.0 1.8240e+07
    4470.0 1.8167e+07
    4490.0 1.7922e+07
    4510.0 1.8388e+07
    4530.0 1.7695e+07
    4550.0 1.7441e+07
    4570.0 1.7920e+07
    4590.0 1.7303e+07
    4610.0 1.7509e+07
    4630.0 1.7017e+07
    4650.0 1.7093e+07
    4670.0 1.7029e+07
    4690.0 1.6388e+07
    4710.0 1.5811e+07
    4730.0 1.6439e+07
    4750.0 1.6365e+07
    4770.0 1.6091e+07
    4790.0 1.5868e+07
    4810.0 1.5451e+07
    4830.0 1.4660e+07
    4850.0 1.1588e+07
    4870.0 9.3843e+06
    4890.0 1.3681e+07
    4910.0 1.4475e+07
    4930.0 1.4372e+07
    4950.0 1.4584e+07
    4970.0 1.4632e+07
    4990.0 1.4096e+07
    5010.0 1.3664e+07
    5030.0 1.3949e+07
    5050.0 1.3664e+07
    5070.0 1.3827e+07
    5090.0 1.3622e+07
    5110.0 1.3571e+07
    5130.0 1.3278e+07
    5150.0 1.2972e+07
    5170.0 1.2701e+07
    5190.0 1.2572e+07
    5210.0 1.2573e+07
    5230.0 1.2433e+07
    5250.0 1.2591e+07
    5270.0 1.1904e+07
    5290.0 1.2260e+07
    5310.0 1.2100e+07
    5330.0 1.1714e+07
    5350.0 1.1924e+07
    5370.0 1.1735e+07
    5390.0 1.1619e+07
    5410.0 1.1357e+07
    5430.0 1.1384e+07
    5450.0 1.1381e+07
    5470.0 1.1222e+07
    5490.0 1.1192e+07
    5510.0 1.1087e+07
    5530.0 1.0925e+07
    5550.0 1.0901e+07
    5570.0 1.0699e+07
    5590.0 1.0607e+07
    5610.0 1.0558e+07
    5630.0 1.0514e+07
    5650.0 1.0413e+07
    5670.0 1.0243e+07
    5690.0 1.0226e+07
    5710.0 1.0114e+07
    5730.0 1.0143e+07
    5750.0 9.9742e+06
    5770.0 9.9196e+06
    5790.0 9.8118e+06
    5810.0 9.7408e+06
    5830.0 9.6776e+06
    5850.0 9.5660e+06
    5870.0 9.4836e+06
    5890.0 9.2844e+06
    5910.0 9.3213e+06
    5930.0 9.2449e+06
    5950.0 9.1693e+06
    5970.0 9.0978e+06
    5990.0 8.9871e+06
    6010.0 8.8676e+06
    6030.0 8.8320e+06
    6050.0 8.7900e+06
    6070.0 8.7420e+06
    6090.0 8.6329e+06
    6110.0 8.5476e+06
    6130.0 8.3994e+06
    6150.0 8.2624e+06
    6170.0 8.2687e+06
    6190.0 8.3030e+06
    6210.0 8.2372e+06
    6230.0 8.1226e+06
    6250.0 7.9233e+06
    6270.0 8.0498e+06
    6290.0 7.9866e+06
    6310.0 7.8547e+06
    6330.0 7.8171e+06
    6350.0 7.6996e+06
    6370.0 7.6601e+06
    6390.0 7.6387e+06
    6410.0 7.5094e+06
    6430.0 7.4830e+06
    6450.0 7.3589e+06
    6470.0 7.3564e+06
    6490.0 7.2115e+06
    6510.0 7.1418e+06
    6530.0 6.8985e+06
    6550.0 5.9871e+06
    6570.0 4.7867e+06
    6590.0 6.5056e+06
    6610.0 6.8423e+06
    6630.0 6.8938e+06
    6650.0 6.8741e+06
    6670.0 6.8302e+06
    6690.0 6.8029e+06
    6710.0 6.7544e+06
    6730.0 6.7037e+06
    6750.0 6.6351e+06
    6770.0 6.6195e+06
    6790.0 6.5623e+06
    6810.0 6.5109e+06
    6830.0 6.4523e+06
    6850.0 6.3968e+06
    6870.0 6.3672e+06
    6890.0 6.3202e+06
    6910.0 6.2686e+06
    6930.0 6.2225e+06
    6950.0 6.1743e+06
    6970.0 6.1216e+06
    6990.0 6.0842e+06
    7010.0 5.9934e+06
    7030.0 5.9715e+06
    7050.0 5.9401e+06
    7070.0 5.8969e+06
    7090.0 5.8541e+06
    7110.0 5.7003e+06
    7130.0 5.7297e+06
    7150.0 5.7023e+06
    7170.0 5.6519e+06
    7190.0 5.6020e+06
    7210.0 5.5732e+06
    7230.0 5.5264e+06
    7250.0 5.4822e+06
    7270.0 5.4657e+06
    7290.0 5.3929e+06
    7310.0 5.3679e+06
    7330.0 5.3298e+06
    7350.0 5.3074e+06
    7370.0 5.2698e+06
    7390.0 5.2040e+06
    7410.0 5.1214e+06
    7430.0 5.1025e+06
    7450.0 5.0817e+06
    7470.0 5.0222e+06
    7490.0 4.9976e+06
    7510.0 4.9859e+06
    7530.0 4.9573e+06
    7550.0 4.9374e+06
    7570.0 4.8925e+06
    7590.0 4.8585e+06
    7610.0 4.8226e+06
    7630.0 4.7891e+06
    7650.0 4.7457e+06
    7670.0 4.6842e+06
    7690.0 4.6721e+06
    7710.0 4.6317e+06
    7730.0 4.6218e+06
    7750.0 4.5761e+06
    7770.0 4.4572e+06
    7790.0 4.5292e+06
    7810.0 4.4903e+06
    7830.0 4.4380e+06
    7850.0 4.3941e+06
    7870.0 4.3737e+06
    7890.0 4.3361e+06
    7910.0 4.3046e+06
    7930.0 4.2677e+06
    7950.0 4.2368e+06
    7970.0 4.2495e+06
    7990.0 4.1794e+06
    8010.0 4.1735e+06
    8030.0 4.1416e+06
    8050.0 4.1174e+06
    8070.0 4.0915e+06
    8090.0 4.0584e+06
    8110.0 4.0439e+06
    8130.0 4.0204e+06
    8150.0 3.9935e+06
    8170.0 3.9668e+06
    8190.0 3.8813e+06
    8210.0 3.8748e+06
    8230.0 3.8472e+06
    8250.0 3.8285e+06
    8270.0 3.8451e+06
    8290.0 3.8144e+06
    8310.0 3.7752e+06
    8330.0 3.7087e+06
    8350.0 3.6978e+06
    8370.0 3.6682e+06
    8390.0 3.6013e+06
    8410.0 3.5706e+06
    8430.0 3.5352e+06
    8450.0 3.4731e+06
    8470.0 3.4082e+06
    8490.0 3.4887e+06
    8510.0 3.2587e+06
    8530.0 3.5055e+06
    8550.0 3.0692e+06
    8570.0 3.5463e+06
    8590.0 3.2747e+06
    8610.0 3.1964e+06
    8630.0 3.5455e+06
    8650.0 3.3913e+06
    8670.0 2.8157e+06
    8690.0 3.3871e+06
    8710.0 3.5344e+06
    8730.0 3.3876e+06
    8750.0 2.7660e+06
    8770.0 3.2570e+06
    8790.0 3.4766e+06
    8810.0 3.4793e+06
    8830.0 3.3713e+06
    8850.0 3.0759e+06
    8870.0 2.6460e+06
    8890.0 3.2547e+06
    8910.0 3.3715e+06
    8930.0 3.3880e+06
    8950.0 3.4013e+06
    8970.0 3.3310e+06
    8990.0 3.1841e+06
    9010.0 2.5821e+06
    9030.0 2.8339e+06
    9050.0 3.1830e+06
    9070.0 3.1836e+06
    9090.0 3.1551e+06
    9110.0 3.2265e+06
    9130.0 3.2397e+06
    9150.0 3.2241e+06
    9170.0 3.1730e+06
    9190.0 3.0840e+06
    9210.0 2.8713e+06
    9230.0 2.2803e+06
    9250.0 2.7708e+06
    9270.0 2.9361e+06
    9290.0 3.0568e+06
    9310.0 3.0728e+06
    9330.0 3.0582e+06
    9350.0 3.0479e+06
    9370.0 3.0349e+06
    9390.0 2.9962e+06
    9410.0 2.8981e+06
    9430.0 2.9519e+06
    9450.0 2.9327e+06
    9470.0 2.9150e+06
    9490.0 2.8774e+06
    9510.0 2.7898e+06
    9530.0 2.5760e+06
    9550.0 2.0840e+06
    9570.0 2.5886e+06
    9590.0 2.7382e+06
    9610.0 2.7541e+06
    9630.0 2.7323e+06
    9650.0 2.7596e+06
    9670.0 2.7251e+06
    9690.0 2.7241e+06
    9710.0 2.7396e+06
    9730.0 2.7208e+06
    9750.0 2.6907e+06
    9770.0 2.6922e+06
    9790.0 2.6750e+06
    9810.0 2.6579e+06
    9830.0 2.6371e+06
    9850.0 2.6091e+06
    9870.0 2.5924e+06
    9890.0 2.5636e+06
    9910.0 2.5544e+06
    9930.0 2.5442e+06
    9950.0 2.5267e+06
    9970.0 2.5105e+06
    9990.0 2.4740e+06
   10025.0 2.2563e+06
   10075.0 2.1430e+06
   10125.0 2.3676e+06
   10175.0 2.3710e+06
   10225.0 2.3513e+06
   10275.0 2.3228e+06
   10325.0 2.2812e+06
   10375.0 2.2526e+06
   10425.0 2.2189e+06
   10475.0 2.1661e+06
   10525.0 2.1456e+06
   10575.0 2.1200e+06
   10625.0 2.0905e+06
   10675.0 2.0215e+06
   10725.0 2.0194e+06
   10775.0 1.9914e+06
   10825.0 1.9577e+06
   10875.0 1.9042e+06
   10925.0 1.6166e+06
   10975.0 1.7612e+06
   11025.0 1.8537e+06
   11075.0 1.8458e+06
   11125.0 1.8206e+06
   11175.0 1.7986e+06
   11225.0 1.7778e+06
   11275.0 1.7215e+06
   11325.0 1.6998e+06
   11375.0 1.6979e+06
   11425.0 1.6647e+06
   11475.0 1.6620e+06
   11525.0 1.6413e+06
   11575.0 1.6173e+06
   11625.0 1.5759e+06
   11675.0 1.5475e+06
   11725.0 1.5561e+06
   11775.0 1.5058e+06
   11825.0 1.4991e+06
   11875.0 1.4712e+06
   11925.0 1.4791e+06
   11975.0 1.4408e+06
   12025.0 1.4339e+06
   12075.0 1.4105e+06
   12125.0 1.3956e+06
   12175.0 1.3826e+06
   12225.0 1.3616e+06
   12275.0 1.3434e+06
   12325.0 1.3270e+06
   12375.0 1.3124e+06
   12425.0 1.2995e+06
   12475.0 1.2791e+06
   12525.0 1.2620e+06
   12575.0 1.2384e+06
   12625.0 1.2263e+06
   12675.0 1.2122e+06
   12725.0 1.1908e+06
   12775.0 1.1382e+06
   12825.0 9.6674e+05
   12875.0 1.1198e+06
   12925.0 1.1327e+06
   12975.0 1.1269e+06
   13025.0 1.1154e+06
   13075.0 1.1041e+06
   13125.0 1.0880e+06
   13175.0 1.0715e+06
   13225.0 1.0641e+06
   13275.0 1.0500e+06
   13325.0 1.0381e+06
   13375.0 1.0249e+06
   13425.0 1.0127e+06
   13475.0 1.0005e+06
   13525.0 9.8595e+05
   13575.0 9.7219e+05
   13625.0 9.6442e+05
   13675.0 9.5161e+05
   13725.0 9.3069e+05
   13775.0 9.2710e+05
   13825.0 9.1664e+05
   13875.0 9.1005e+05
   13925.0 8.9487e+05
   13975.0 8.8663e+05
   14025.0 8.7606e+05
   14075.0 8.6682e+05
   14125.0 8.5408e+05
   14175.0 8.4568e+05
   14225.0 8.3441e+05
   14275.0 8.2328e+05
   14325.0 8.1579e+05
   14375.0 8.0838e+05
   14425.0 7.8146e+05
   14475.0 7.8752e+05
   14525.0 7.7017e+05
   14570.0 7.6994e+05
   14620.0 7.6020e+05
   14675.0 7.5339e+05
   14725.0 7.4276e+05
   14775.0 7.3169e+05
   14825.0 7.2568e+05
   14875.0 7.1376e+05
   14925.0 7.1275e+05
   14975.0 7.0159e+05
   15025.0 6.9055e+05
   15075.0 6.7912e+05
   15125.0 6.7516e+05
   15175.0 6.6603e+05
   15225.0 6.5701e+05
   15275.0 6.4860e+05
   15325.0 6.3876e+05
   15375.0 6.3512e+05
   15425.0 6.1790e+05
   15475.0 6.1993e+05
   15525.0 6.1295e+05
   15575.0 5.9123e+05
   15625.0 6.1201e+05
   15675.0 5.8517e+05
   15725.0 5.6885e+05
   15775.0 5.9079e+05
   15825.0 5.8419e+05
   15875.0 5.3008e+05
   15925.0 5.6269e+05
   15975.0 5.7797e+05
   16050.0 5.5349e+05
   16150.0 5.1907e+05
   16250.0 5.4722e+05
   16350.0 5.1542e+05
   16450.0 4.8215e+05
   16550.0 5.1355e+05
   16650.0 5.0351e+05
   16750.0 4.7187e+05
   16850.0 4.3967e+05
   16950.0 4.7165e+05
   17050.0 4.6201e+05
   17150.0 4.5378e+05
   17250.0 4.3725e+05
   17350.0 3.8375e+05
   17450.0 4.1311e+05
   17550.0 4.1464e+05
   17650.0 4.0688e+05
   17750.0 4.0041e+05
   17850.0 3.9179e+05
   17950.0 3.8483e+05
   18050.0 3.7248e+05
   18150.0 3.2988e+05
   18250.0 3.4838e+05
   18350.0 3.5339e+05
   18450.0 3.4700e+05
   18550.0 3.3912e+05
   18650.0 3.2939e+05
   18750.0 2.8925e+05
   18850.0 3.1477e+05
   18950.0 3.1213e+05
   19050.0 3.0982e+05
   19150.0 3.0362e+05
   19250.0 2.9698e+05
   19350.0 2.8722e+05
   19450.0 2.5286e+05
   19550.0 2.7670e+05
   19650.0 2.7541e+05
   19750.0 2.7060e+05
   19850.0 2.6648e+05
   19950.0 2.6159e+05
   20050.0 2.5695e+05
   20150.0 2.5243e+05
   20250.0 2.4746e+05
   20350.0 2.4263e+05
   20450.0 2.3920e+05
   20550.0 2.3478e+05
   20650.0 2.3006e+05
   20750.0 2.2615e+05
   20850.0 2.2228e+05
   20950.0 2.1817e+05
   21050.0 2.1461e+05
   21150.0 2.1028e+05
   21250.0 2.0663e+05
   21350.0 2.0304e+05
   21450.0 1.9957e+05
   21550.0 1.9408e+05
   21650.0 1.7167e+05
   21750.0 1.8563e+05
   21850.0 1.8600e+05
   21950.0 1.8391e+05
   22050.0 1.8054e+05
   22150.0 1.7740e+05
   22250.0 1.7503e+05
   22350.0 1.7210e+05
   22450.0 1.6924e+05
   22550.0 1.6604e+05
   22650.0 1.6372e+05
   22750.0 1.6107e+05
   22850.0 1.5896e+05
   22950.0 1.5853e+05
   23050.0 1.5612e+05
   23150.0 1.5305e+05
   23250.0 1.5041e+05
   23350.0 1.4765e+05
   23450.0 1.4506e+05
   23550.0 1.4245e+05
   23650.0 1.4000e+05
   23750.0 1.3753e+05
   23850.0 1.3513e+05
   23950.0 1.3288e+05
   24050.0 1.3066e+05
   24150.0 1.2847e+05
   24250.0 1.2649e+05
   24350.0 1.2446e+05
   24450.0 1.2226e+05
   24550.0 1.2079e+05
   24650.0 1.1857e+05
   24750.0 1.1695e+05
   24850.0 1.1566e+05
   24950.0 1.1227e+05
   25050.0 1.1409e+05
   25150.0 1.1134e+05
   25250.0 1.0680e+05
   25350.0 1.0765e+05
   25450.0 1.0696e+05
   25550.0 1.0419e+05
   25650.0 9.9499e+04
   25750.0 1.0171e+05
   25850.0 1.0084e+05
   25950.0 9.9491e+04
   26050.0 9.6202e+04
   26150.0 9.1154e+04
   26250.0 8.5240e+04
   26350.0 9.2107e+04
   26450.0 9.2697e+04
   26550.0 9.1422e+04
   26650.0 8.8930e+04
   26750.0 8.3155e+04
   26850.0 8.6729e+04
   26950.0 8.6796e+04
   27050.0 8.5779e+04
   27150.0 8.4839e+04
   27250.0 8.3604e+04
   27350.0 8.2224e+04
   27450.0 8.0528e+04
   27550.0 7.4446e+04
   27650.0 7.6183e+04
   27750.0 7.7613e+04
   27850.0 7.7025e+04
   27950.0 7.6138e+04
   28050.0 7.5123e+04
   28150.0 7.4091e+04
   28250.0 7.3162e+04
   28350.0 7.2199e+04
   28450.0 7.0996e+04
   28550.0 6.9837e+04
   28650.0 6.7247e+04
   28750.0 6.2500e+04
   28850.0 6.6563e+04
   28950.0 6.6390e+04
   29050.0 6.5877e+04
   29150.0 6.4889e+04
   29250.0 6.4152e+04
   29350.0 6.3368e+04
   29450.0 6.2592e+04
   29550.0 6.1799e+04
   29650.0 6.1014e+04
   29750.0 6.0225e+04
   29850.0 5.9499e+04
   29950.0 5.8715e+04
   30050.0 5.7953e+04
   30150.0 5.7042e+04
   30250.0 5.5918e+04
   30350.0 5.1710e+04
   30450.0 5.2367e+04
   30550.0 5.4016e+04
   30650.0 5.3664e+04
   30750.0 5.3138e+04
   30850.0 5.2429e+04
   30950.0 5.1840e+04
   31050.0 5.1196e+04
   31150.0 5.0447e+04
   31250.0 4.9916e+04
   31350.0 4.9379e+04
   31450.0 4.8762e+04
   31550.0 4.8212e+04
   31650.0 4.7681e+04
   31750.0 4.7036e+04
   31850.0 4.6540e+04
   31950.0 4.6026e+04
   32100.0 4.5190e+04
   32300.0 4.4137e+04
   32500.0 4.3085e+04
   32700.0 4.1943e+04
   32900.0 3.8665e+04
   33100.0 3.9545e+04
   33300.0 3.9396e+04
   33500.0 3.8564e+04
   33700.0 3.7558e+04
   33900.0 3.6689e+04
   34100.0 3.5857e+04
   34300.0 3.5073e+04
   34500.0 3.4305e+04
   34700.0 3.3522e+04
   34900.0 3.2755e+04
   35100.0 3.2033e+04
   35300.0 3.1315e+04
   35500.0 3.0630e+04
   35700.0 2.9930e+04
   35900.0 2.9328e+04
   36100.0 2.8645e+04
   36300.0 2.8112e+04
   36500.0 2.7417e+04
   36700.0 2.6968e+04
   36900.0 2.6148e+04
   37100.0 2.5771e+04
   37300.0 2.4565e+04
   37500.0 2.3664e+04
   37700.0 2.4257e+04
   37900.0 2.3835e+04
   38100.0 2.3089e+04
   38300.0 2.2694e+04
   38500.0 2.2483e+04
   38700.0 2.2027e+04
   38900.0 2.1468e+04
   39100.0 2.0692e+04
   39300.0 2.0730e+04
   39500.0 2.0406e+04
   39700.0 2.0026e+04
   39900.0 1.9584e+04
   40100.0 1.8867e+04
   40300.0 1.8407e+04
   40500.0 1.7553e+04
   40700.0 1.8040e+04
   40900.0 1.7800e+04
   41100.0 1.7506e+04
   41300.0 1.7168e+04
   41500.0 1.6739e+04
   41700.0 1.5909e+04
   41900.0 1.6106e+04
   42100.0 1.5900e+04
   42300.0 1.5642e+04
   42500.0 1.5356e+04
   42700.0 1.5088e+04
   42900.0 1.4810e+04
   43100.0 1.4544e+04
   43300.0 1.4282e+04
   43500.0 1.3974e+04
   43700.0 1.3250e+04
   43900.0 1.3322e+04
   44100.0 1.3269e+04
   44300.0 1.3064e+04
   44500.0 1.2838e+04
   44700.0 1.2663e+04
   44900.0 1.2438e+04
   45100.0 1.2233e+04
   45300.0 1.2020e+04
   45500.0 1.1816e+04
   45700.0 1.1610e+04
   45900.0 1.1412e+04
   46100.0 1.1217e+04
   46300.0 1.0964e+04
   46500.0 1.0238e+04
   46700.0 1.0101e+04
   46900.0 1.0380e+04
   47100.0 1.0308e+04
   47300.0 1.0157e+04
   47500.0 9.9867e+03
   47700.0 9.8240e+03
   47900.0 9.6638e+03
   48100.0 9.5058e+03
   48300.0 9.3502e+03
   48500.0 9.2018e+03
   48700.0 9.0556e+03
   48900.0 8.9165e+03
   49100.0 8.7694e+03
   49300.0 8.6293e+03
   49500.0 8.4961e+03
   49700.0 8.3648e+03
   49900.0 8.2352e+03
   50100.0 8.1075e+03
   50300.0 7.9815e+03
   50500.0 7.8573e+03
   50700.0 7.7395e+03
   50900.0 7.6140e+03
   51100.0 7.4351e+03
   51300.0 7.0036e+03
   51500.0 7.2296e+03
   51700.0 7.1648e+03
   51900.0 7.0652e+03
   52100.0 6.9580e+03
   52300.0 6.8523e+03
   52500.0 6.7523e+03
   52700.0 6.6580e+03
   52900.0 6.5563e+03
   53100.0 6.4603e+03
   53300.0 6.3654e+03
   53500.0 6.2718e+03
   53700.0 6.1795e+03
   53900.0 6.0924e+03
   54100.0 6.0024e+03
   54300.0 5.9216e+03
   54500.0 5.8339e+03
   54700.0 5.7472e+03
   54900.0 5.6696e+03
   55100.0 5.5890e+03
   55300.0 5.5094e+03
   55500.0 5.4348e+03
   55700.0 5.3533e+03
   55900.0 5.2767e+03
   56100.0 5.2048e+03
   56300.0 5.1301e+03
   56500.0 5.0638e+03
   56700.0 4.9945e+03
   56900.0 4.9224e+03
   57100.0 4.8549e+03
   57300.0 4.7919e+03
   57500.0 4.7260e+03
   57700.0 4.6608e+03
   57900.0 4.6001e+03
   58100.0 4.5365e+03
   58300.0 4.4772e+03
   58500.0 4.4256e+03
   58700.0 4.3572e+03
   58900.0 4.2585e+03
   59100.0 4.0306e+03
   59300.0 4.1638e+03
   59500.0 4.1291e+03
   59700.0 4.0846e+03
   59900.0 4.0306e+03
   60100.0 3.9806e+03
   60300.0 3.9279e+03
   60500.0 3.8757e+03
   60700.0 3.8275e+03
   60900.0 3.7765e+03
   61100.0 3.7293e+03
   61300.0 3.6827e+03
   61500.0 3.6366e+03
   61700.0 3.5910e+03
   61900.0 3.5428e+03
   62100.0 3.5014e+03
   62300.0 3.4542e+03
   62500.0 3.4137e+03
   62700.0 3.3706e+03
   62900.0 3.3310e+03
   63100.0 3.2858e+03
   63300.0 3.2472e+03
   63500.0 3.2059e+03
   63700.0 3.1681e+03
   63900.0 3.1277e+03
   64200.0 3.0724e+03
   64600.0 2.9971e+03
   65000.0 2.9263e+03
   65400.0 2.8569e+03
   65800.0 2.7891e+03
   66200.0 2.7229e+03
   66600.0 2.6568e+03
   67000.0 2.5955e+03
   67400.0 2.5352e+03
   67800.0 2.4769e+03
   68200.0 2.4204e+03
   68600.0 2.3652e+03
   69000.0 2.3109e+03
   69400.0 2.2590e+03
   69800.0 2.2088e+03
   70200.0 2.1599e+03
   70600.0 2.1121e+03
   71000.0 2.0663e+03
   71400.0 2.0208e+03
   71800.0 1.9767e+03
   72200.0 1.9328e+03
   72600.0 1.8922e+03
   73000.0 1.8522e+03
   73400.0 1.8125e+03
   73800.0 1.7742e+03
   74200.0 1.7333e+03
   74600.0 1.6495e+03
   75000.0 1.6123e+03
   75400.0 1.6267e+03
   75800.0 1.5970e+03
   76200.0 1.5646e+03
   76600.0 1.5326e+03
   77000.0 1.5015e+03
   77400.0 1.4712e+03
   77800.0 1.4417e+03
   78200.0 1.4129e+03
   78600.0 1.3849e+03
   79000.0 1.3575e+03
   79400.0 1.3307e+03
   79800.0 1.3046e+03
   80200.0 1.2791e+03
   80600.0 1.2543e+03
   81000.0 1.2302e+03
   81400.0 1.2062e+03
   81800.0 1.1832e+03
   82200.0 1.1609e+03
   82600.0 1.1389e+03
   83000.0 1.1174e+03
   83400.0 1.0949e+03
   83800.0 1.0743e+03
   84200.0 1.0546e+03
   84600.0 1.0353e+03
   85000.0 1.0164e+03
   85400.0 9.9772e+02
   85800.0 9.7932e+02
   86200.0 9.6154e+02
   86600.0 9.4436e+02
   87000.0 9.2730e+02
   87400.0 9.1051e+02
   87800.0 8.9430e+02
   88200.0 8.7819e+02
   88600.0 8.6280e+02
   89000.0 8.4764e+02
   89400.0 8.3287e+02
   89800.0 8.1818e+02
   90200.0 8.0401e+02
   90600.0 7.9021e+02
   91000.0 7.7647e+02
   91400.0 7.6309e+02
   91800.0 7.5019e+02
   92200.0 7.3735e+02
   92600.0 7.2484e+02
   93000.0 7.1251e+02
   93400.0 7.0065e+02
   93800.0 6.8896e+02
   94200.0 6.7731e+02
   94600.0 6.6610e+02
   95000.0 6.5519e+02
   95400.0 6.4431e+02
   95800.0 6.3384e+02
   96200.0 6.2340e+02
   96600.0 6.1323e+02
   97000.0 6.0334e+02
   97400.0 5.9347e+02
   97800.0 5.8399e+02
   98200.0 5.7464e+02
   98600.0 5.6567e+02
   99000.0 5.5670e+02
   99400.0 5.4774e+02
   99800.0 5.3914e+02
  100200.0 5.3067e+02
  200000.0 3.3937e+01
  400000.0 2.1150e+00
  600000.0 4.1405e-01
  800000.0 1.2998e-01
 1000000.0 5.2883e-02
 1200000.0 2.5357e-02
 1400000.0 1.3619e-02
 1600000.0 7.9445e-03
