      91.0 0.0000e+00
      94.0 0.0000e+00
      96.0 0.0000e+00
      98.0 0.0000e+00
     100.0 0.0000e+00
     102.0 0.0000e+00
     104.0 0.0000e+00
     106.0 0.0000e+00
     108.0 0.0000e+00
     110.0 0.0000e+00
     114.0 0.0000e+00
     118.0 0.0000e+00
     121.0 0.0000e+00
     125.0 0.0000e+00
     127.0 0.0000e+00
     128.0 0.0000e+00
     131.0 0.0000e+00
     132.0 0.0000e+00
     134.0 0.0000e+00
     137.0 0.0000e+00
     140.0 0.0000e+00
     143.0 0.0000e+00
     147.0 0.0000e+00
     151.0 0.0000e+00
     155.0 0.0000e+00
     159.0 0.0000e+00
     162.0 0.0000e+00
     166.0 0.0000e+00
     170.0 0.0000e+00
     173.0 0.0000e+00
     177.0 0.0000e+00
     180.0 0.0000e+00
     182.0 0.0000e+00
     186.0 0.0000e+00
     191.0 0.0000e+00
     194.0 0.0000e+00
     198.0 0.0000e+00
     202.0 0.0000e+00
     205.0 0.0000e+00
     210.0 0.0000e+00
     216.0 0.0000e+00
     220.0 0.0000e+00
     223.0 0.0000e+00
     227.0 0.0000e+00
     230.0 0.0000e+00
     234.0 0.0000e+00
     240.0 0.0000e+00
     246.0 0.0000e+00
     252.0 0.0000e+00
     257.0 0.0000e+00
     260.0 0.0000e+00
     264.0 0.0000e+00
     269.0 0.0000e+00
     274.0 0.0000e+00
     279.0 0.0000e+00
     284.0 0.0000e+00
     290.0 0.0000e+00
     296.0 0.0000e+00
     301.0 0.0000e+00
     308.0 0.0000e+00
     318.0 0.0000e+00
     328.0 0.0000e+00
     338.0 0.0000e+00
     348.0 0.0000e+00
     357.0 0.0000e+00
     366.0 0.0000e+00
     375.0 0.0000e+00
     385.0 0.0000e+00
     395.0 0.0000e+00
     405.0 0.0000e+00
     414.0 0.0000e+00
     422.0 0.0000e+00
     430.0 0.0000e+00
     441.0 0.0000e+00
     451.0 0.0000e+00
     460.0 0.0000e+00
     470.0 0.0000e+00
     480.0 0.0000e+00
     490.0 0.0000e+00
     500.0 0.0000e+00
     506.0 0.0000e+00
     512.0 0.0000e+00
     520.0 0.0000e+00
     530.0 0.0000e+00
     540.0 0.0000e+00
     550.0 0.0000e+00
     560.0 0.0000e+00
     570.0 0.0000e+00
     580.0 0.0000e+00
     590.0 0.0000e+00
     600.0 0.0000e+00
     610.0 0.0000e+00
     620.0 0.0000e+00
     630.0 0.0000e+00
     640.0 0.0000e+00
     650.0 0.0000e+00
     658.0 0.0000e+00
     665.0 0.0000e+00
     675.0 0.0000e+00
     685.0 0.0000e+00
     695.0 0.0000e+00
     705.0 0.0000e+00
     716.0 0.0000e+00
     726.0 0.0000e+00
     735.0 0.0000e+00
     745.0 0.0000e+00
     755.0 0.0000e+00
     765.0 0.0000e+00
     775.0 0.0000e+00
     785.0 0.0000e+00
     795.0 0.0000e+00
     805.0 0.0000e+00
     815.0 0.0000e+00
     825.0 0.0000e+00
     835.0 0.0000e+00
     845.0 0.0000e+00
     855.0 0.0000e+00
     865.0 0.0000e+00
     875.0 0.0000e+00
     885.0 0.0000e+00
     895.0 0.0000e+00
     905.0 0.0000e+00
     915.0 0.0000e+00
     925.0 5.0959e-12
     935.0 7.6815e-12
     945.0 1.1539e-11
     955.0 1.3661e-11
     965.0 2.8716e-11
     975.0 3.1801e-11
     985.0 5.2714e-11
     995.0 8.5587e-11
    1005.0 1.1613e-10
    1015.0 1.7611e-10
    1025.0 2.2360e-10
    1035.0 5.7517e-10
    1045.0 8.3051e-10
    1055.0 9.0771e-10
    1065.0 2.0024e-09
    1075.0 2.8391e-09
    1085.0 5.1778e-09
    1095.0 6.8008e-09
    1105.0 9.1247e-09
    1115.0 1.2134e-08
    1125.0 2.5705e-08
    1135.0 4.2634e-08
    1145.0 6.7741e-08
    1155.0 9.4745e-08
    1165.0 1.2264e-07
    1175.0 1.8170e-07
    1185.0 2.2485e-07
    1195.0 2.6359e-07
    1205.0 2.3306e-07
    1215.0 1.1966e-07
    1225.0 3.8206e-07
    1235.0 9.3089e-07
    1245.0 1.3663e-06
    1255.0 1.8501e-06
    1265.0 2.3470e-06
    1275.0 3.1248e-06
    1285.0 3.3370e-06
    1295.0 4.2246e-06
    1305.0 5.2550e-06
    1315.0 6.7052e-06
    1325.0 7.7935e-06
    1335.0 8.9354e-06
    1345.0 1.2071e-05
    1355.0 1.5512e-05
    1365.0 1.8098e-05
    1375.0 2.0512e-05
    1385.0 2.4606e-05
    1395.0 2.8383e-05
    1405.0 3.8514e-05
    1415.0 4.8315e-05
    1425.0 5.5558e-05
    1435.0 7.5646e-05
    1442.0 1.0086e-04
    1447.0 9.1349e-05
    1455.0 1.0768e-04
    1465.0 1.5728e-04
    1475.0 1.8426e-04
    1485.0 2.0561e-04
    1495.0 2.9493e-04
    1505.0 3.8807e-04
    1512.0 2.7355e-04
    1517.0 3.7805e-04
    1525.0 7.7654e-04
    1535.0 1.1777e-03
    1545.0 8.9874e-04
    1555.0 1.4402e-03
    1565.0 1.3817e-03
    1575.0 3.1330e-03
    1585.0 3.1619e-03
    1595.0 3.0436e-03
    1605.0 3.1031e-03
    1615.0 3.2092e-03
    1625.0 3.2156e-03
    1635.0 4.1835e-03
    1645.0 5.5526e-03
    1655.0 4.8422e-03
    1665.0 7.4791e-03
    1672.0 6.4000e-03
    1677.0 9.8199e-03
    1685.0 1.3275e-02
    1695.0 1.8687e-02
    1705.0 2.0027e-02
    1715.0 2.1352e-02
    1725.0 2.9129e-02
    1735.0 3.3953e-02
    1745.0 4.7258e-02
    1755.0 4.7772e-02
    1765.0 6.4708e-02
    1775.0 5.3705e-02
    1785.0 1.0907e-01
    1795.0 8.9025e-02
    1805.0 1.6165e-01
    1815.0 1.0851e-01
    1825.0 1.8222e-01
    1835.0 1.5634e-01
    1845.0 2.1683e-01
    1855.0 1.6864e-01
    1865.0 2.9964e-01
    1875.0 2.7093e-01
    1885.0 3.4694e-01
    1895.0 4.3245e-01
    1905.0 4.5039e-01
    1915.0 6.6086e-01
    1925.0 5.3072e-01
    1935.0 3.8240e-01
    1945.0 7.5126e-01
    1955.0 1.0796e+00
    1967.0 1.1446e+00
    1976.0 1.3489e+00
    1984.0 1.7130e+00
    1995.0 1.4935e+00
    2005.0 1.7176e+00
    2015.0 1.9363e+00
    2025.0 1.7520e+00
    2035.0 2.2222e+00
    2045.0 2.3091e+00
    2055.0 2.7774e+00
    2065.0 2.5802e+00
    2074.0 2.4354e+00
    2078.0 4.5655e+00
    2085.0 5.9307e+00
    2095.0 6.4644e+00
    2105.0 5.7401e+00
    2115.0 5.5706e+00
    2125.0 6.2725e+00
    2135.0 8.2791e+00
    2145.0 6.4115e+00
    2155.0 7.6897e+00
    2165.0 7.5549e+00
    2175.0 8.1193e+00
    2185.0 7.3469e+00
    2195.0 1.2664e+01
    2205.0 1.0216e+01
    2215.0 1.2656e+01
    2225.0 1.1358e+01
    2235.0 1.9608e+01
    2245.0 2.1675e+01
    2255.0 2.6365e+01
    2265.0 1.3066e+01
    2275.0 2.5672e+01
    2285.0 2.5769e+01
    2295.0 4.1801e+01
    2305.0 1.5713e+01
    2315.0 5.1912e+01
    2325.0 3.9798e+01
    2335.0 6.3123e+01
    2345.0 3.8489e+01
    2355.0 3.2649e+01
    2365.0 4.5173e+01
    2375.0 4.3199e+01
    2385.0 7.3975e+01
    2395.0 6.6774e+01
    2405.0 1.1712e+02
    2415.0 7.4472e+01
    2425.0 9.6841e+01
    2435.0 1.3540e+02
    2445.0 1.8623e+02
    2455.0 2.1230e+02
    2465.0 1.3489e+02
    2475.0 2.2943e+02
    2485.0 8.0473e+01
    2495.0 9.7860e+01
    2505.0 2.0027e+02
    2513.0 1.3400e+02
    2518.0 1.2880e+02
    2525.0 1.5369e+02
    2535.0 3.6295e+02
    2545.0 4.3009e+02
    2555.0 5.1269e+02
    2565.0 2.9308e+02
    2575.0 4.6461e+02
    2585.0 3.5891e+02
    2595.0 4.3326e+02
    2605.0 5.7944e+02
    2615.0 5.2889e+02
    2625.0 7.7356e+02
    2635.0 1.2478e+03
    2645.0 1.0182e+03
    2655.0 1.7063e+03
    2665.0 1.2312e+03
    2675.0 1.0863e+03
    2685.0 1.5152e+03
    2695.0 9.5250e+02
    2705.0 1.5610e+03
    2715.0 1.3973e+03
    2725.0 1.1821e+03
    2735.0 1.3051e+03
    2745.0 1.6965e+03
    2755.0 1.7095e+03
    2765.0 2.3089e+03
    2775.0 3.0319e+03
    2785.0 2.0006e+03
    2795.0 2.0738e+03
    2805.0 2.2145e+03
    2815.0 2.7058e+03
    2825.0 2.8685e+03
    2835.0 2.5021e+03
    2845.0 1.8342e+03
    2855.0 9.0449e+02
    2865.0 2.6501e+03
    2875.0 3.0960e+03
    2885.0 4.2589e+03
    2895.0 5.3555e+03
    2910.0 1.1979e+04
    2930.0 9.0347e+03
    2950.0 6.8195e+03
    2970.0 6.5254e+03
    2990.0 7.2271e+03
    3010.0 7.1989e+03
    3030.0 9.1483e+03
    3050.0 1.0329e+04
    3070.0 1.5484e+04
    3090.0 1.3752e+04
    3110.0 2.6693e+04
    3130.0 2.2498e+04
    3150.0 3.3597e+04
    3170.0 4.4177e+04
    3190.0 3.1829e+04
    3210.0 3.4297e+04
    3230.0 3.0896e+04
    3250.0 6.0580e+04
    3270.0 8.1844e+04
    3290.0 9.1244e+04
    3310.0 7.0794e+04
    3330.0 7.6121e+04
    3350.0 7.0438e+04
    3370.0 3.6787e+04
    3390.0 4.5923e+04
    3410.0 4.8222e+04
    3430.0 5.6305e+04
    3450.0 5.5765e+04
    3470.0 5.4815e+04
    3490.0 8.0023e+04
    3510.0 1.0600e+05
    3530.0 9.2366e+04
    3550.0 1.2418e+05
    3570.0 5.0310e+04
    3590.0 5.1305e+04
    3610.0 8.2033e+04
    3630.0 9.9560e+04
    3640.0 1.1440e+05
    3650.0 1.4690e+05
    3670.0 1.8038e+05
    3690.0 1.2638e+05
    3710.0 1.0542e+05
    3730.0 4.4647e+04
    3750.0 5.5718e+04
    3770.0 1.2782e+05
    3790.0 1.4042e+05
    3810.0 1.1474e+05
    3830.0 4.6057e+04
    3850.0 8.1549e+04
    3870.0 7.4007e+04
    3890.0 9.6206e+04
    3910.0 1.4888e+05
    3930.0 5.6779e+04
    3950.0 1.2674e+05
    3970.0 8.4074e+04
    3990.0 2.5791e+05
    4010.0 3.0248e+05
    4030.0 2.6736e+05
    4050.0 2.5617e+05
    4070.0 2.1964e+05
    4090.0 3.5456e+05
    4110.0 2.7601e+05
    4130.0 2.7953e+05
    4150.0 2.5888e+05
    4170.0 2.7564e+05
    4190.0 2.7151e+05
    4210.0 2.5493e+05
    4230.0 1.8196e+05
    4250.0 2.5839e+05
    4270.0 2.3848e+05
    4290.0 2.3600e+05
    4310.0 2.2536e+05
    4330.0 3.5741e+05
    4350.0 3.9158e+05
    4370.0 4.1683e+05
    4390.0 3.3352e+05
    4410.0 3.4838e+05
    4430.0 3.9755e+05
    4450.0 4.1233e+05
    4470.0 4.6770e+05
    4490.0 4.8663e+05
    4510.0 5.9663e+05
    4530.0 4.7597e+05
    4550.0 5.3441e+05
    4570.0 5.8681e+05
    4590.0 5.5445e+05
    4610.0 5.7047e+05
    4630.0 5.6835e+05
    4650.0 5.5848e+05
    4670.0 6.1254e+05
    4690.0 5.9206e+05
    4710.0 5.6055e+05
    4730.0 5.6762e+05
    4750.0 5.6550e+05
    4770.0 5.3389e+05
    4790.0 5.5871e+05
    4810.0 6.1264e+05
    4830.0 6.2095e+05
    4850.0 6.1787e+05
    4870.0 5.5719e+05
    4890.0 5.9377e+05
    4910.0 5.9739e+05
    4930.0 5.5457e+05
    4950.0 5.7505e+05
    4970.0 5.6170e+05
    4990.0 5.0086e+05
    5010.0 4.4751e+05
    5030.0 4.8818e+05
    5050.0 4.5559e+05
    5070.0 4.5322e+05
    5090.0 4.2907e+05
    5110.0 4.3591e+05
    5130.0 4.1397e+05
    5150.0 3.8467e+05
    5170.0 3.4487e+05
    5190.0 3.7948e+05
    5210.0 4.5813e+05
    5230.0 5.9886e+05
    5250.0 6.6566e+05
    5270.0 5.2029e+05
    5290.0 6.6977e+05
    5310.0 7.3746e+05
    5330.0 6.0320e+05
    5350.0 6.8961e+05
    5370.0 6.6826e+05
    5390.0 6.5588e+05
    5410.0 6.3916e+05
    5430.0 6.4138e+05
    5450.0 6.6373e+05
    5470.0 6.9135e+05
    5490.0 7.0979e+05
    5510.0 6.8727e+05
    5530.0 7.2740e+05
    5550.0 7.3930e+05
    5570.0 7.1235e+05
    5590.0 6.7848e+05
    5610.0 7.3005e+05
    5630.0 7.4189e+05
    5650.0 7.5881e+05
    5670.0 7.3482e+05
    5690.0 7.4892e+05
    5710.0 7.1389e+05
    5730.0 7.8124e+05
    5750.0 7.6420e+05
    5770.0 7.7260e+05
    5790.0 7.3186e+05
    5810.0 7.7088e+05
    5830.0 7.9453e+05
    5850.0 7.6563e+05
    5870.0 7.7086e+05
    5890.0 6.6920e+05
    5910.0 7.6493e+05
    5930.0 7.6421e+05
    5950.0 7.6450e+05
    5970.0 7.7621e+05
    5990.0 7.6569e+05
    6010.0 7.5164e+05
    6030.0 7.6876e+05
    6050.0 7.7941e+05
    6070.0 7.7070e+05
    6090.0 7.4463e+05
    6110.0 7.4651e+05
    6130.0 6.9378e+05
    6150.0 7.3398e+05
    6170.0 6.7000e+05
    6190.0 7.4611e+05
    6210.0 7.3821e+05
    6230.0 7.1772e+05
    6250.0 6.9348e+05
    6270.0 7.2171e+05
    6290.0 7.3531e+05
    6310.0 7.1168e+05
    6330.0 7.2126e+05
    6350.0 7.2683e+05
    6370.0 7.2464e+05
    6390.0 7.3685e+05
    6410.0 7.1679e+05
    6430.0 7.2162e+05
    6450.0 7.0851e+05
    6470.0 7.0127e+05
    6490.0 6.9097e+05
    6510.0 7.2012e+05
    6530.0 7.3062e+05
    6550.0 7.1443e+05
    6570.0 6.9592e+05
    6590.0 7.1517e+05
    6610.0 7.2375e+05
    6630.0 7.2075e+05
    6650.0 7.1995e+05
    6670.0 7.0647e+05
    6690.0 7.2101e+05
    6710.0 6.9488e+05
    6730.0 7.1935e+05
    6750.0 7.0509e+05
    6770.0 7.1218e+05
    6790.0 7.0253e+05
    6810.0 7.0410e+05
    6830.0 7.1258e+05
    6850.0 6.9258e+05
    6870.0 6.9999e+05
    6890.0 7.0401e+05
    6910.0 7.0095e+05
    6930.0 6.9641e+05
    6950.0 6.9414e+05
    6970.0 7.0028e+05
    6990.0 6.8917e+05
    7010.0 6.8133e+05
    7030.0 6.9057e+05
    7050.0 6.9437e+05
    7070.0 6.8253e+05
    7090.0 6.7750e+05
    7110.0 6.7820e+05
    7130.0 6.6614e+05
    7150.0 6.5351e+05
    7170.0 6.6993e+05
    7190.0 6.4834e+05
    7210.0 6.5490e+05
    7230.0 6.7331e+05
    7250.0 6.6777e+05
    7270.0 6.7204e+05
    7290.0 6.6182e+05
    7310.0 6.6695e+05
    7330.0 6.5997e+05
    7350.0 6.6038e+05
    7370.0 6.7027e+05
    7390.0 6.5830e+05
    7410.0 6.4689e+05
    7430.0 6.6079e+05
    7450.0 6.5746e+05
    7470.0 6.6297e+05
    7490.0 6.5879e+05
    7510.0 6.6252e+05
    7530.0 6.6620e+05
    7550.0 6.6835e+05
    7570.0 6.6357e+05
    7590.0 6.5841e+05
    7610.0 6.5765e+05
    7630.0 6.6018e+05
    7650.0 6.5980e+05
    7670.0 6.2905e+05
    7690.0 6.5620e+05
    7710.0 6.3848e+05
    7730.0 6.4802e+05
    7750.0 6.3929e+05
    7770.0 6.5468e+05
    7790.0 6.5092e+05
    7810.0 6.4897e+05
    7830.0 6.3999e+05
    7850.0 6.3848e+05
    7870.0 6.4918e+05
    7890.0 6.4397e+05
    7910.0 6.3324e+05
    7930.0 6.2833e+05
    7950.0 6.1967e+05
    7970.0 6.3865e+05
    7990.0 6.3565e+05
    8010.0 6.3005e+05
    8030.0 6.2915e+05
    8050.0 6.2565e+05
    8070.0 6.2624e+05
    8090.0 6.1765e+05
    8110.0 6.2318e+05
    8130.0 6.2773e+05
    8150.0 6.2592e+05
    8170.0 6.2394e+05
    8190.0 5.9211e+05
    8210.0 6.0773e+05
    8230.0 6.1116e+05
    8250.0 6.1348e+05
    8270.0 6.2104e+05
    8290.0 6.1735e+05
    8310.0 6.0413e+05
    8330.0 5.9536e+05
    8350.0 6.0128e+05
    8370.0 6.0355e+05
    8390.0 5.7410e+05
    8410.0 6.0240e+05
    8430.0 5.8064e+05
    8450.0 5.9570e+05
    8470.0 5.9072e+05
    8490.0 5.9642e+05
    8510.0 5.7061e+05
    8530.0 5.9628e+05
    8550.0 5.6315e+05
    8570.0 5.9857e+05
    8590.0 5.8896e+05
    8610.0 5.8622e+05
    8630.0 5.9059e+05
    8650.0 5.9540e+05
    8670.0 5.4926e+05
    8690.0 5.6389e+05
    8710.0 5.8232e+05
    8730.0 5.8218e+05
    8750.0 5.7983e+05
    8770.0 5.7968e+05
    8790.0 5.7922e+05
    8810.0 5.5589e+05
    8830.0 5.6768e+05
    8850.0 5.7522e+05
    8870.0 5.6867e+05
    8890.0 5.7871e+05
    8910.0 5.7943e+05
    8930.0 5.6827e+05
    8950.0 5.6394e+05
    8970.0 5.6664e+05
    8990.0 5.6887e+05
    9010.0 5.4389e+05
    9030.0 5.6046e+05
    9050.0 5.7175e+05
    9070.0 5.6777e+05
    9090.0 5.4801e+05
    9110.0 5.5225e+05
    9130.0 5.6019e+05
    9150.0 5.5846e+05
    9170.0 5.5717e+05
    9190.0 5.6227e+05
    9210.0 5.5107e+05
    9230.0 5.5572e+05
    9250.0 5.4729e+05
    9270.0 5.4842e+05
    9290.0 5.4509e+05
    9310.0 5.5119e+05
    9330.0 5.4869e+05
    9350.0 5.4539e+05
    9370.0 5.3719e+05
    9390.0 5.4401e+05
    9410.0 5.3006e+05
    9430.0 5.4210e+05
    9450.0 5.2826e+05
    9470.0 5.3874e+05
    9490.0 5.3967e+05
    9510.0 5.3620e+05
    9530.0 5.3396e+05
    9550.0 5.2423e+05
    9570.0 5.2413e+05
    9590.0 5.3290e+05
    9610.0 5.2419e+05
    9630.0 5.2577e+05
    9650.0 5.1033e+05
    9670.0 5.1130e+05
    9690.0 5.2030e+05
    9710.0 5.1498e+05
    9730.0 5.0970e+05
    9750.0 5.0925e+05
    9770.0 5.1119e+05
    9790.0 5.0009e+05
    9810.0 5.1488e+05
    9830.0 5.0981e+05
    9850.0 5.1441e+05
    9870.0 5.0950e+05
    9890.0 5.0879e+05
    9910.0 5.0759e+05
    9930.0 5.0762e+05
    9950.0 5.0642e+05
    9970.0 5.0620e+05
    9990.0 5.0418e+05
   10025.0 5.0019e+05
   10075.0 4.9512e+05
   10125.0 4.9410e+05
   10175.0 4.8856e+05
   10225.0 4.8620e+05
   10275.0 4.8523e+05
   10325.0 4.7661e+05
   10375.0 4.7336e+05
   10425.0 4.7457e+05
   10475.0 4.6896e+05
   10525.0 4.6884e+05
   10575.0 4.6217e+05
   10625.0 4.6027e+05
   10675.0 4.5313e+05
   10725.0 4.5225e+05
   10775.0 4.4703e+05
   10825.0 4.3840e+05
   10875.0 4.3945e+05
   10925.0 4.4177e+05
   10975.0 4.3506e+05
   11025.0 4.3557e+05
   11075.0 4.3477e+05
   11125.0 4.3058e+05
   11175.0 4.2558e+05
   11225.0 4.2523e+05
   11275.0 4.1562e+05
   11325.0 4.1616e+05
   11375.0 4.1056e+05
   11425.0 4.0404e+05
   11475.0 4.1009e+05
   11525.0 4.0870e+05
   11575.0 4.0303e+05
   11625.0 3.9549e+05
   11675.0 3.9598e+05
   11725.0 3.9811e+05
   11775.0 3.8946e+05
   11825.0 3.8497e+05
   11875.0 3.8106e+05
   11925.0 3.8773e+05
   11975.0 3.7154e+05
   12025.0 3.7907e+05
   12075.0 3.7388e+05
   12125.0 3.7529e+05
   12175.0 3.7545e+05
   12225.0 3.7239e+05
   12275.0 3.6864e+05
   12325.0 3.6629e+05
   12375.0 3.6506e+05
   12425.0 3.6057e+05
   12475.0 3.6054e+05
   12525.0 3.5568e+05
   12575.0 3.5543e+05
   12625.0 3.5240e+05
   12675.0 3.4828e+05
   12725.0 3.4836e+05
   12775.0 3.4755e+05
   12825.0 3.3581e+05
   12875.0 3.3943e+05
   12925.0 3.3479e+05
   12975.0 3.3792e+05
   13025.0 3.3363e+05
   13075.0 3.3417e+05
   13125.0 3.2376e+05
   13175.0 3.2428e+05
   13225.0 3.2698e+05
   13275.0 3.2112e+05
   13325.0 3.2161e+05
   13375.0 3.2002e+05
   13425.0 3.2077e+05
   13475.0 3.1832e+05
   13525.0 3.1663e+05
   13575.0 3.1144e+05
   13625.0 3.0916e+05
   13675.0 3.1011e+05
   13725.0 3.1014e+05
   13775.0 3.0726e+05
   13825.0 3.0661e+05
   13875.0 3.0273e+05
   13925.0 3.0390e+05
   13975.0 3.0252e+05
   14025.0 2.9726e+05
   14075.0 2.9939e+05
   14125.0 2.9529e+05
   14175.0 2.9715e+05
   14225.0 2.9157e+05
   14275.0 2.8417e+05
   14325.0 2.9090e+05
   14375.0 2.9114e+05
   14425.0 2.8273e+05
   14475.0 2.8782e+05
   14525.0 2.8266e+05
   14570.0 2.8284e+05
   14620.0 2.8371e+05
   14675.0 2.8231e+05
   14725.0 2.7719e+05
   14775.0 2.7724e+05
   14825.0 2.7690e+05
   14875.0 2.6892e+05
   14925.0 2.7757e+05
   14975.0 2.7325e+05
   15025.0 2.5619e+05
   15075.0 2.6283e+05
   15125.0 2.7080e+05
   15175.0 2.6974e+05
   15225.0 2.6746e+05
   15275.0 2.6854e+05
   15325.0 2.6633e+05
   15375.0 2.6693e+05
   15425.0 2.6717e+05
   15475.0 2.6530e+05
   15525.0 2.6090e+05
   15575.0 2.5938e+05
   15625.0 2.6141e+05
   15675.0 2.5535e+05
   15725.0 2.5678e+05
   15775.0 2.4393e+05
   15825.0 2.5134e+05
   15875.0 2.4434e+05
   15925.0 2.4881e+05
   15975.0 2.4956e+05
   16050.0 2.4914e+05
   16150.0 2.4492e+05
   16250.0 2.4323e+05
   16350.0 2.4013e+05
   16450.0 2.3558e+05
   16550.0 2.3296e+05
   16650.0 2.2831e+05
   16750.0 2.2093e+05
   16850.0 2.1773e+05
   16950.0 2.1629e+05
   17050.0 2.0902e+05
   17150.0 2.0512e+05
   17250.0 2.0057e+05
   17350.0 1.9647e+05
   17450.0 1.9348e+05
   17550.0 1.9027e+05
   17650.0 1.8716e+05
   17750.0 1.8269e+05
   17850.0 1.8058e+05
   17950.0 1.7671e+05
   18050.0 1.7273e+05
   18150.0 1.6942e+05
   18250.0 1.6616e+05
   18350.0 1.6297e+05
   18450.0 1.5842e+05
   18550.0 1.5752e+05
   18650.0 1.5290e+05
   18750.0 1.4868e+05
   18850.0 1.4863e+05
   18950.0 1.4239e+05
   19050.0 1.4387e+05
   19150.0 1.4084e+05
   19250.0 1.3873e+05
   19350.0 1.3432e+05
   19450.0 1.3107e+05
   19550.0 1.3093e+05
   19650.0 1.2907e+05
   19750.0 1.2509e+05
   19850.0 1.2353e+05
   19950.0 1.2218e+05
   20050.0 1.2180e+05
   20150.0 1.2012e+05
   20250.0 1.1677e+05
   20350.0 1.1484e+05
   20450.0 1.1418e+05
   20550.0 1.1208e+05
   20650.0 1.0959e+05
   20750.0 1.0826e+05
   20850.0 1.0656e+05
   20950.0 1.0385e+05
   21050.0 1.0333e+05
   21150.0 1.0133e+05
   21250.0 9.9904e+04
   21350.0 9.8733e+04
   21450.0 9.7137e+04
   21550.0 9.5696e+04
   21650.0 9.3483e+04
   21750.0 9.2093e+04
   21850.0 9.0926e+04
   21950.0 8.9726e+04
   22050.0 8.6842e+04
   22150.0 8.7257e+04
   22250.0 8.4924e+04
   22350.0 8.3950e+04
   22450.0 8.2847e+04
   22550.0 8.1925e+04
   22650.0 7.9918e+04
   22750.0 7.9587e+04
   22850.0 7.7744e+04
   22950.0 7.0921e+04
   23050.0 7.3218e+04
   23150.0 7.2565e+04
   23250.0 6.5797e+04
   23350.0 6.8028e+04
   23450.0 6.8801e+04
   23550.0 6.2142e+04
   23650.0 6.5241e+04
   23750.0 6.5182e+04
   23850.0 5.9450e+04
   23950.0 6.1798e+04
   24050.0 6.2094e+04
   24150.0 5.7612e+04
   24250.0 5.8933e+04
   24350.0 5.9157e+04
   24450.0 5.6428e+04
   24550.0 5.5671e+04
   24650.0 5.6956e+04
   24750.0 5.5127e+04
   24850.0 5.3092e+04
   24950.0 5.4112e+04
   25050.0 5.4369e+04
   25150.0 5.1643e+04
   25250.0 5.2345e+04
   25350.0 5.2007e+04
   25450.0 5.0710e+04
   25550.0 5.0204e+04
   25650.0 4.9813e+04
   25750.0 4.9717e+04
   25850.0 4.7843e+04
   25950.0 4.7992e+04
   26050.0 4.7748e+04
   26150.0 4.7067e+04
   26250.0 4.6013e+04
   26350.0 4.5820e+04
   26450.0 4.5217e+04
   26550.0 4.4758e+04
   26650.0 4.3680e+04
   26750.0 4.4091e+04
   26850.0 4.3531e+04
   26950.0 4.2779e+04
   27050.0 4.2398e+04
   27150.0 4.1940e+04
   27250.0 4.1406e+04
   27350.0 4.0831e+04
   27450.0 4.0471e+04
   27550.0 4.0020e+04
   27650.0 3.9370e+04
   27750.0 3.8837e+04
   27850.0 3.8451e+04
   27950.0 3.8115e+04
   28050.0 3.7569e+04
   28150.0 3.7061e+04
   28250.0 3.6633e+04
   28350.0 3.6256e+04
   28450.0 3.5750e+04
   28550.0 3.5323e+04
   28650.0 3.4873e+04
   28750.0 3.4471e+04
   28850.0 3.4031e+04
   28950.0 3.3596e+04
   29050.0 3.3180e+04
   29150.0 3.2797e+04
   29250.0 3.2083e+04
   29350.0 3.1962e+04
   29450.0 3.1524e+04
   29550.0 3.1174e+04
   29650.0 3.0841e+04
   29750.0 3.0472e+04
   29850.0 3.0066e+04
   29950.0 2.9665e+04
   30050.0 2.9322e+04
   30150.0 2.9022e+04
   30250.0 2.8595e+04
   30350.0 2.8237e+04
   30450.0 2.7962e+04
   30550.0 2.7586e+04
   30650.0 2.7228e+04
   30750.0 2.6962e+04
   30850.0 2.6510e+04
   30950.0 2.6264e+04
   31050.0 2.5996e+04
   31150.0 2.5471e+04
   31250.0 2.5369e+04
   31350.0 2.5074e+04
   31450.0 2.4769e+04
   31550.0 2.4419e+04
   31650.0 2.4122e+04
   31750.0 2.3899e+04
   31850.0 2.3642e+04
   31950.0 2.3389e+04
   32100.0 2.2950e+04
   32300.0 2.2414e+04
   32500.0 2.1889e+04
   32700.0 2.1386e+04
   32900.0 2.0883e+04
   33100.0 2.0413e+04
   33300.0 1.9909e+04
   33500.0 1.9533e+04
   33700.0 1.9091e+04
   33900.0 1.8616e+04
   34100.0 1.8181e+04
   34300.0 1.7858e+04
   34500.0 1.7490e+04
   34700.0 1.7100e+04
   34900.0 1.6737e+04
   35100.0 1.6401e+04
   35300.0 1.6013e+04
   35500.0 1.5700e+04
   35700.0 1.5346e+04
   35900.0 1.5027e+04
   36100.0 1.4741e+04
   36300.0 1.4424e+04
   36500.0 1.4105e+04
   36700.0 1.3782e+04
   36900.0 1.3466e+04
   37100.0 1.3182e+04
   37300.0 1.2972e+04
   37500.0 1.2655e+04
   37700.0 1.2462e+04
   37900.0 1.2197e+04
   38100.0 1.1978e+04
   38300.0 1.1764e+04
   38500.0 1.1537e+04
   38700.0 1.1250e+04
   38900.0 1.1071e+04
   39100.0 1.0872e+04
   39300.0 1.0660e+04
   39500.0 1.0414e+04
   39700.0 1.0241e+04
   39900.0 9.9880e+03
   40100.0 9.8439e+03
   40300.0 9.6800e+03
   40500.0 9.4676e+03
   40700.0 9.3096e+03
   40900.0 9.1471e+03
   41100.0 8.9802e+03
   41300.0 8.8302e+03
   41500.0 8.6478e+03
   41700.0 8.4961e+03
   41900.0 8.3127e+03
   42100.0 8.1392e+03
   42300.0 8.0490e+03
   42500.0 7.8871e+03
   42700.0 7.7674e+03
   42900.0 7.3107e+03
   43100.0 6.8944e+03
   43300.0 6.9012e+03
   43500.0 6.5084e+03
   43700.0 6.2920e+03
   43900.0 6.1694e+03
   44100.0 5.8448e+03
   44300.0 5.7505e+03
   44500.0 5.6578e+03
   44700.0 5.3882e+03
   44900.0 5.4165e+03
   45100.0 5.2477e+03
   45300.0 5.0770e+03
   45500.0 5.0799e+03
   45700.0 5.0476e+03
   45900.0 4.8364e+03
   46100.0 4.8763e+03
   46300.0 4.7845e+03
   46500.0 4.7606e+03
   46700.0 4.7392e+03
   46900.0 4.6558e+03
   47100.0 4.5612e+03
   47300.0 4.5988e+03
   47500.0 4.4762e+03
   47700.0 4.4187e+03
   47900.0 4.3808e+03
   48100.0 4.2538e+03
   48300.0 4.2978e+03
   48500.0 4.2165e+03
   48700.0 4.1142e+03
   48900.0 4.0591e+03
   49100.0 4.0196e+03
   49300.0 3.9456e+03
   49500.0 3.8751e+03
   49700.0 3.8498e+03
   49900.0 3.7901e+03
   50100.0 3.7480e+03
   50300.0 3.7026e+03
   50500.0 3.6099e+03
   50700.0 3.5880e+03
   50900.0 3.5487e+03
   51100.0 3.4691e+03
   51300.0 3.4672e+03
   51500.0 3.3910e+03
   51700.0 3.3881e+03
   51900.0 3.3127e+03
   52100.0 3.2855e+03
   52300.0 3.2210e+03
   52500.0 3.2087e+03
   52700.0 3.1904e+03
   52900.0 3.1038e+03
   53100.0 3.0753e+03
   53300.0 3.0476e+03
   53500.0 3.0123e+03
   53700.0 2.9808e+03
   53900.0 2.9480e+03
   54100.0 2.9106e+03
   54300.0 2.8469e+03
   54500.0 2.8410e+03
   54700.0 2.8011e+03
   54900.0 2.7632e+03
   55100.0 2.7329e+03
   55300.0 2.7371e+03
   55500.0 2.6578e+03
   55700.0 2.6592e+03
   55900.0 2.6107e+03
   56100.0 2.5849e+03
   56300.0 2.5412e+03
   56500.0 2.5293e+03
   56700.0 2.4995e+03
   56900.0 2.4523e+03
   57100.0 2.4436e+03
   57300.0 2.4091e+03
   57500.0 2.3829e+03
   57700.0 2.3481e+03
   57900.0 2.3333e+03
   58100.0 2.2928e+03
   58300.0 2.2682e+03
   58500.0 2.2450e+03
   58700.0 2.2082e+03
   58900.0 2.1835e+03
   59100.0 2.1636e+03
   59300.0 2.1371e+03
   59500.0 2.1086e+03
   59700.0 2.0901e+03
   59900.0 2.0641e+03
   60100.0 2.0398e+03
   60300.0 2.0151e+03
   60500.0 1.9850e+03
   60700.0 1.9622e+03
   60900.0 1.9393e+03
   61100.0 1.9125e+03
   61300.0 1.8940e+03
   61500.0 1.8731e+03
   61700.0 1.8519e+03
   61900.0 1.8312e+03
   62100.0 1.8110e+03
   62300.0 1.7855e+03
   62500.0 1.7618e+03
   62700.0 1.7405e+03
   62900.0 1.7234e+03
   63100.0 1.7013e+03
   63300.0 1.6864e+03
   63500.0 1.6636e+03
   63700.0 1.6473e+03
   63900.0 1.6252e+03
   64200.0 1.5979e+03
   64600.0 1.5600e+03
   65000.0 1.5239e+03
   65400.0 1.4896e+03
   65800.0 1.4563e+03
   66200.0 1.4221e+03
   66600.0 1.3902e+03
   67000.0 1.3584e+03
   67400.0 1.3270e+03
   67800.0 1.2976e+03
   68200.0 1.2679e+03
   68600.0 1.2402e+03
   69000.0 1.2125e+03
   69400.0 1.1856e+03
   69800.0 1.1595e+03
   70200.0 1.1335e+03
   70600.0 1.1093e+03
   71000.0 1.0852e+03
   71400.0 1.0618e+03
   71800.0 1.0388e+03
   72200.0 1.0168e+03
   72600.0 9.9514e+02
   73000.0 9.7414e+02
   73400.0 9.5309e+02
   73800.0 9.3354e+02
   74200.0 9.1305e+02
   74600.0 8.9423e+02
   75000.0 8.7598e+02
   75400.0 8.5722e+02
   75800.0 8.4089e+02
   76200.0 8.2382e+02
   76600.0 8.0707e+02
   77000.0 7.9061e+02
   77400.0 7.7506e+02
   77800.0 7.5958e+02
   78200.0 7.4438e+02
   78600.0 7.2964e+02
   79000.0 7.1535e+02
   79400.0 7.0131e+02
   79800.0 6.8771e+02
   80200.0 6.7378e+02
   80600.0 6.6102e+02
   81000.0 6.4866e+02
   81400.0 6.3597e+02
   81800.0 6.2403e+02
   82200.0 6.1229e+02
   82600.0 6.0075e+02
   83000.0 5.8958e+02
   83400.0 5.7824e+02
   83800.0 5.6727e+02
   84200.0 5.5733e+02
   84600.0 5.4688e+02
   85000.0 5.3693e+02
   85400.0 5.2714e+02
   85800.0 5.1768e+02
   86200.0 5.0820e+02
   86600.0 4.9904e+02
   87000.0 4.9019e+02
   87400.0 4.8147e+02
   87800.0 4.7290e+02
   88200.0 4.6445e+02
   88600.0 4.5630e+02
   89000.0 4.4812e+02
   89400.0 4.4052e+02
   89800.0 4.3259e+02
   90200.0 4.2551e+02
   90600.0 4.1811e+02
   91000.0 4.1039e+02
   91400.0 4.0379e+02
   91800.0 3.9687e+02
   92200.0 3.9033e+02
   92600.0 3.8375e+02
   93000.0 3.7740e+02
   93400.0 3.7101e+02
   93800.0 3.6472e+02
   94200.0 3.5879e+02
   94600.0 3.5282e+02
   95000.0 3.4706e+02
   95400.0 3.4126e+02
   95800.0 3.3580e+02
   96200.0 3.3029e+02
   96600.0 3.2499e+02
   97000.0 3.1977e+02
   97400.0 3.1437e+02
   97800.0 3.0955e+02
   98200.0 3.0467e+02
   98600.0 2.9986e+02
   99000.0 2.9511e+02
   99400.0 2.9056e+02
   99800.0 2.8595e+02
  100200.0 2.8152e+02
  200000.0 1.8311e+01
  400000.0 1.1550e+00
  600000.0 2.2768e-01
  800000.0 7.1707e-02
 1000000.0 2.9236e-02
 1200000.0 1.4032e-02
 1400000.0 7.5376e-03
 1600000.0 4.4023e-03
